46_Jockey_Jockey_46_308
186
187.29 154.38 343.62 242.95 0.7477
438.04 205.26 368.54 258.12 0.5192
144.41 243.68 221.98 280.89 0.3076
137.35 136.69 247.09 209.77 0.2474
559.24 81.27 464.76 157.60 0.2376
168.05 355.39 200.41 284.61 0.1883
206.61 262.15 396.21 267.46 0.1841
102.14 311.27 180.73 328.73 0.1430
466.60 283.15 297.93 317.00 0.1426
366.20 151.67 361.51 172.97 0.1040
533.23 153.76 472.57 256.08 0.0832
224.25 95.96 415.03 152.63 0.0811
232.10 357.47 301.23 282.53 0.0804
518.81 268.82 505.19 247.87 0.0776
52.34 488.96 78.81 135.17 0.0737
53.47 252.43 78.17 130.81 0.0718
710.81 75.96 113.75 121.04 0.0707
103.60 81.42 331.92 159.70 0.0635
173.30 166.36 125.57 139.56 0.0632
48.53 363.15 82.66 142.67 0.0613
733.04 218.83 136.52 112.26 0.0580
719.00 165.64 128.83 123.65 0.0580
686.06 45.82 115.75 79.65 0.0579
177.85 385.47 137.58 103.04 0.0557
439.63 335.18 103.75 139.63 0.0550
626.09 283.37 111.79 128.25 0.0538
366.28 364.36 314.25 275.64 0.0538
431.40 195.94 133.23 117.40 0.0532
400.87 307.87 106.28 129.59 0.0531
681.07 189.17 131.62 139.95 0.0529
683.75 113.18 114.95 146.21 0.0528
412.05 221.15 101.09 129.22 0.0525
713.19 255.59 137.71 125.23 0.0520
657.35 243.68 111.05 132.73 0.0512
459.60 266.52 135.67 100.70 0.0505
52.08 271.03 157.87 289.85 0.0504
382.12 65.38 413.59 164.05 0.0502
30.96 317.46 61.49 126.70 0.0501
74.78 506.36 117.44 107.94 0.0499
506.03 288.41 131.48 112.61 0.0492
491.24 239.09 151.23 91.31 0.0491
173.10 499.28 135.76 123.32 0.0487
470.61 306.91 116.37 135.46 0.0486
538.61 254.12 131.89 113.53 0.0485
30.80 255.40 62.82 127.82 0.0483
110.89 279.33 109.08 138.50 0.0481
759.28 323.81 104.55 120.25 0.0479
180.50 284.35 128.68 122.95 0.0479
654.30 514.27 102.54 110.14 0.0479
193.17 142.33 159.95 96.55 0.0475
653.63 326.61 111.40 142.58 0.0474
116.66 364.38 151.69 100.19 0.0473
55.88 308.20 82.57 128.55 0.0462
723.55 368.49 114.81 138.43 0.0459
819.09 233.06 93.52 128.34 0.0459
715.39 518.45 124.83 115.50 0.0458
239.06 403.03 140.99 124.24 0.0458
353.15 292.12 140.94 100.49 0.0457
78.62 380.24 113.69 119.75 0.0457
52.98 442.29 83.12 119.94 0.0456
841.72 513.38 111.05 123.99 0.0450
50.05 169.81 81.60 126.17 0.0447
688.45 313.39 123.31 125.28 0.0447
27.52 463.94 68.14 141.16 0.0446
540.44 470.57 121.42 121.21 0.0446
508.65 489.73 116.56 136.01 0.0445
410.82 129.68 221.76 87.96 0.0444
64.60 292.21 123.26 103.19 0.0442
66.49 227.94 114.83 125.72 0.0440
122.50 259.37 138.42 105.25 0.0438
495.60 194.34 130.74 102.20 0.0436
473.27 357.91 106.88 149.07 0.0434
794.66 319.95 137.16 135.38 0.0431
367.94 342.76 107.41 127.67 0.0430
577.92 521.65 116.81 105.40 0.0430
626.10 223.75 102.69 124.76 0.0427
750.44 0.00 273.56 162.90 0.0426
0.00 63.05 209.53 179.82 0.0426
791.97 374.73 137.23 158.61 0.0424
365.08 518.75 116.49 109.99 0.0423
242.98 486.09 126.08 131.55 0.0423
576.11 323.13 133.88 120.99 0.0422
131.29 405.34 128.95 131.48 0.0420
624.73 481.08 98.72 113.67 0.0420
26.69 361.85 64.60 150.51 0.0416
110.40 173.65 125.21 124.10 0.0416
178.36 433.04 131.97 123.10 0.0414
212.73 245.94 131.48 128.25 0.0412
282.28 382.84 148.09 104.16 0.0411
403.31 379.28 107.16 119.72 0.0410
534.25 333.92 116.08 144.02 0.0408
279.31 453.12 124.99 132.53 0.0408
655.84 174.00 122.76 101.89 0.0406
695.38 478.57 106.23 118.02 0.0403
808.56 444.06 100.86 132.36 0.0402
723.63 47.05 157.81 91.71 0.0398
208.44 342.08 136.72 112.89 0.0396
656.88 393.23 109.47 140.83 0.0395
791.16 234.52 232.84 74.86 0.0388
351.28 240.68 137.81 92.06 0.0387
30.36 196.82 178.81 86.88 0.0387
18.72 157.17 70.72 132.89 0.0385
436.76 508.91 119.27 116.63 0.0381
86.36 480.63 153.03 99.89 0.0381
435.92 407.01 109.35 137.06 0.0379
619.96 11.80 184.18 83.33 0.0379
300.23 519.00 97.22 121.00 0.0378
787.92 503.18 118.99 114.10 0.0378
856.76 448.00 91.88 134.71 0.0373
576.54 205.91 119.96 105.33 0.0369
581.05 436.40 120.74 121.87 0.0369
839.27 261.50 97.06 144.06 0.0369
396.49 477.86 110.88 118.39 0.0363
616.31 380.16 120.43 111.33 0.0362
355.86 414.41 118.69 110.39 0.0362
661.12 77.64 112.40 118.86 0.0360
0.99 250.62 65.59 121.38 0.0348
120.02 132.24 145.73 108.82 0.0344
728.20 430.62 109.81 131.65 0.0343
256.64 203.87 186.04 102.16 0.0339
684.11 18.57 339.89 68.47 0.0339
312.97 326.75 126.80 101.65 0.0336
472.26 470.37 112.41 123.55 0.0334
84.98 427.76 94.80 130.95 0.0334
0.00 323.24 66.43 110.71 0.0333
505.35 155.69 89.16 88.69 0.0328
0.00 466.76 61.63 121.81 0.0328
309.16 443.76 143.99 101.57 0.0328
766.67 473.77 112.69 110.14 0.0325
109.06 28.23 478.57 122.93 0.0325
207.20 541.83 146.01 93.69 0.0323
549.52 390.70 108.32 144.32 0.0323
231.10 159.46 246.22 100.74 0.0321
29.86 139.26 161.94 310.70 0.0319
468.46 169.31 93.73 94.17 0.0319
688.22 0.00 165.21 26.72 0.0314
509.50 0.00 375.90 124.03 0.0308
513.12 441.80 111.79 113.84 0.0307
46.35 104.86 109.23 157.82 0.0306
768.63 171.48 218.34 78.60 0.0303
519.74 185.90 197.87 86.32 0.0302
0.00 197.69 63.06 116.05 0.0302
27.21 104.53 64.06 126.59 0.0293
904.55 508.33 119.45 122.73 0.0292
0.00 259.18 33.79 93.09 0.0292
811.91 187.12 96.40 104.93 0.0290
330.12 574.60 163.66 65.40 0.0289
758.03 126.13 126.16 141.30 0.0286
0.00 567.99 44.78 72.01 0.0285
315.73 262.11 129.10 101.14 0.0282
602.00 135.69 146.85 103.58 0.0281
149.02 514.73 86.98 97.65 0.0281
254.96 103.94 80.67 126.27 0.0281
67.30 72.60 214.25 261.69 0.0276
726.83 0.00 104.85 81.62 0.0274
765.81 73.68 107.35 133.01 0.0273
440.83 575.80 181.67 64.20 0.0265
243.80 570.21 180.00 69.79 0.0261
806.12 479.30 217.88 70.07 0.0261
752.18 0.00 157.96 38.17 0.0260
0.00 142.12 65.98 95.80 0.0257
818.02 535.80 205.98 49.15 0.0250
0.00 0.00 197.91 118.09 0.0246
857.38 214.61 166.62 185.89 0.0244
557.82 363.72 345.24 276.28 0.0242
194.23 105.67 207.68 77.60 0.0241
131.18 104.42 169.32 83.44 0.0236
843.20 345.96 142.75 138.42 0.0235
779.09 0.00 113.25 88.54 0.0231
10.08 105.88 59.07 81.47 0.0230
0.00 395.07 209.11 244.93 0.0229
666.87 281.46 357.13 51.27 0.0228
696.82 317.36 327.18 54.60 0.0226
198.03 80.32 319.23 63.21 0.0224
115.40 105.77 456.95 58.89 0.0223
220.00 90.27 91.22 105.55 0.0222
779.20 390.32 244.80 70.98 0.0222
537.68 159.12 100.76 101.68 0.0220
0.00 440.34 46.83 97.53 0.0219
706.53 343.33 317.47 60.50 0.0216
477.19 147.41 221.60 92.62 0.0211
256.92 278.83 144.13 113.61 0.0208
794.13 78.54 162.25 154.84 0.0208
605.19 579.43 181.18 60.57 0.0205
378.38 0.00 299.89 132.77 0.0201
732.23 123.51 291.77 76.09 0.0201
