46_Jockey_Jockey_46_909
200
519.92 239.64 353.90 260.45 0.5939
408.26 230.55 301.99 250.68 0.3526
489.87 319.63 278.75 349.54 0.3024
509.28 152.33 394.63 181.60 0.2549
145.20 217.35 220.33 281.37 0.1525
342.78 386.96 266.13 296.04 0.1446
228.57 236.50 317.34 252.47 0.1209
402.53 150.83 302.84 193.60 0.1093
130.89 108.32 260.98 243.85 0.1022
195.56 352.01 270.65 330.99 0.0939
222.37 134.84 338.97 208.01 0.0930
122.00 78.06 416.65 178.64 0.0905
41.38 25.51 198.62 316.80 0.0822
320.59 302.66 325.25 247.74 0.0795
407.47 104.75 405.14 165.30 0.0719
49.39 244.61 74.80 145.00 0.0685
497.28 550.97 138.68 112.90 0.0665
443.34 397.12 111.93 139.56 0.0663
50.80 261.70 172.38 341.92 0.0663
113.97 302.61 175.06 359.87 0.0662
485.74 296.77 94.39 152.49 0.0621
613.06 471.81 123.09 129.13 0.0588
466.29 164.97 145.00 96.68 0.0579
619.71 391.48 99.92 138.32 0.0577
616.94 190.88 112.40 126.27 0.0575
512.82 270.19 107.43 138.68 0.0573
787.91 280.22 124.39 110.76 0.0568
648.57 510.78 116.32 129.93 0.0553
768.04 149.65 112.36 130.82 0.0551
45.72 432.97 82.40 160.20 0.0551
838.14 288.51 120.47 107.48 0.0548
817.34 42.71 152.89 73.61 0.0543
799.31 220.73 108.68 124.98 0.0543
521.49 161.66 155.15 93.99 0.0540
30.18 281.45 65.05 140.91 0.0540
393.50 524.59 148.81 90.24 0.0534
644.22 193.53 148.85 94.75 0.0533
192.81 227.08 156.59 94.99 0.0532
750.11 250.96 127.34 115.54 0.0526
653.42 229.45 120.57 140.74 0.0520
693.21 464.69 102.14 134.90 0.0519
569.06 277.92 138.93 121.55 0.0518
649.74 432.43 118.76 129.70 0.0518
806.99 440.65 96.07 161.57 0.0517
397.97 554.93 112.76 120.03 0.0515
114.93 202.23 98.50 144.31 0.0514
587.47 533.51 155.49 134.42 0.0513
171.74 243.58 125.44 125.19 0.0512
435.38 548.07 126.64 103.47 0.0511
52.60 322.78 76.88 158.57 0.0511
732.72 337.89 111.30 136.69 0.0511
322.94 536.14 125.59 125.96 0.0510
718.62 210.78 131.95 125.54 0.0510
484.45 128.14 161.75 98.48 0.0508
529.88 395.62 130.60 140.08 0.0506
546.06 524.23 139.52 94.39 0.0505
816.18 188.56 158.44 97.30 0.0501
783.88 124.05 140.50 98.19 0.0500
131.89 190.68 156.02 93.66 0.0500
599.11 8.61 143.31 62.65 0.0499
735.57 414.58 110.10 154.18 0.0498
730.96 483.80 104.43 124.16 0.0496
643.33 372.92 123.78 126.45 0.0495
73.69 246.84 104.67 131.63 0.0495
377.09 300.95 93.30 136.70 0.0493
291.08 482.44 126.34 114.18 0.0493
496.40 196.04 136.63 95.46 0.0492
323.60 205.21 106.12 141.89 0.0492
620.03 317.75 106.96 151.28 0.0491
412.47 447.69 93.78 150.58 0.0489
436.73 121.40 113.56 129.29 0.0489
485.61 221.46 97.41 158.56 0.0488
557.36 96.78 466.64 173.55 0.0488
469.21 385.48 139.39 98.76 0.0487
813.03 69.87 152.88 86.64 0.0486
679.41 276.25 144.49 121.64 0.0483
469.92 82.49 112.68 132.70 0.0478
289.79 185.34 108.10 127.63 0.0478
223.25 540.23 112.23 138.26 0.0478
560.25 491.76 144.33 89.07 0.0472
437.93 177.05 124.92 129.78 0.0471
361.47 231.83 110.77 145.35 0.0470
425.12 290.94 132.50 101.73 0.0470
253.44 503.94 124.12 126.18 0.0470
179.87 33.89 430.19 146.94 0.0464
792.10 334.33 121.93 137.03 0.0464
808.12 0.67 126.80 67.05 0.0463
55.23 22.57 308.83 173.72 0.0460
256.58 437.74 109.39 136.43 0.0460
748.74 305.92 134.76 126.21 0.0458
694.51 403.55 111.74 131.51 0.0456
629.96 23.73 158.62 62.43 0.0454
761.81 371.08 123.14 139.29 0.0453
404.12 150.04 108.07 137.94 0.0452
48.51 181.43 76.49 137.58 0.0445
599.65 44.12 155.53 89.21 0.0442
72.90 186.27 113.10 125.11 0.0442
371.84 372.38 95.42 148.36 0.0441
540.04 322.39 120.94 151.01 0.0440
731.36 121.05 117.30 129.67 0.0440
884.47 290.78 124.92 115.70 0.0439
404.64 38.56 167.41 70.00 0.0435
506.25 26.65 154.73 70.57 0.0432
46.64 516.73 79.85 163.37 0.0432
758.23 498.22 135.52 141.93 0.0430
773.83 26.92 124.55 84.19 0.0428
834.84 99.86 114.60 106.99 0.0428
845.91 340.90 110.48 126.87 0.0424
661.29 38.89 155.56 79.30 0.0423
366.18 464.42 102.93 129.47 0.0422
547.62 213.61 120.61 123.01 0.0421
434.55 60.11 117.70 120.34 0.0421
443.09 474.12 104.32 119.81 0.0419
628.17 319.42 395.83 300.15 0.0417
395.62 208.27 114.84 144.36 0.0417
155.69 268.46 100.08 144.75 0.0414
357.81 190.49 119.00 106.15 0.0414
322.50 428.99 113.69 127.67 0.0414
94.88 509.68 120.79 113.78 0.0413
340.13 261.57 95.26 145.46 0.0410
700.79 538.83 106.65 121.37 0.0409
224.19 484.47 113.98 111.09 0.0409
25.37 464.42 66.09 161.08 0.0407
40.84 94.76 83.62 172.64 0.0405
21.75 345.99 81.49 112.12 0.0405
193.79 497.17 105.15 130.66 0.0404
239.34 251.84 152.78 101.43 0.0403
222.06 260.56 110.72 135.27 0.0400
21.60 217.43 63.60 131.39 0.0399
588.69 117.61 99.23 121.02 0.0398
845.91 439.67 100.78 169.82 0.0397
149.99 552.13 152.03 104.31 0.0396
762.06 64.81 113.92 110.13 0.0396
833.52 400.54 122.53 126.39 0.0396
27.69 402.62 66.81 149.35 0.0393
100.86 140.69 111.93 140.99 0.0390
503.54 52.59 120.02 132.40 0.0383
388.41 91.54 125.56 129.45 0.0383
98.45 280.69 115.97 125.35 0.0382
481.48 432.17 104.48 162.59 0.0381
414.45 356.11 89.25 152.62 0.0380
209.23 446.19 116.19 109.78 0.0374
329.60 339.35 103.99 134.98 0.0373
578.82 40.29 112.24 146.40 0.0372
137.02 0.00 295.00 123.41 0.0370
0.00 250.20 64.62 116.11 0.0370
664.00 118.76 96.66 136.61 0.0369
144.34 97.49 116.86 144.96 0.0368
475.53 9.41 147.21 67.16 0.0367
855.63 523.48 102.40 138.90 0.0367
22.06 133.89 64.87 152.46 0.0365
732.13 5.96 141.67 63.27 0.0362
0.00 0.00 65.76 65.18 0.0361
689.75 78.02 117.94 145.12 0.0360
66.05 477.84 120.83 112.09 0.0360
544.42 87.67 113.12 123.39 0.0360
450.66 314.02 92.58 172.37 0.0359
214.08 136.81 108.95 144.43 0.0358
253.88 325.30 109.09 145.84 0.0356
836.68 0.00 157.74 41.63 0.0351
216.41 358.97 110.28 153.70 0.0347
47.71 412.76 101.23 100.92 0.0346
319.38 147.00 119.44 125.99 0.0345
63.61 85.37 117.37 164.11 0.0343
398.39 5.47 145.77 65.96 0.0340
644.27 58.82 138.27 109.00 0.0338
292.93 376.48 111.69 122.95 0.0337
295.06 306.68 103.90 137.61 0.0337
0.00 306.76 58.39 124.68 0.0336
103.83 74.08 115.23 141.99 0.0335
67.61 528.27 109.16 128.90 0.0334
140.88 486.74 119.64 111.92 0.0329
158.32 40.39 148.86 93.44 0.0329
621.61 75.69 107.12 135.08 0.0328
560.44 0.00 203.53 35.58 0.0325
83.69 451.32 148.52 105.14 0.0321
65.03 301.15 111.71 132.96 0.0321
492.76 17.95 104.38 111.92 0.0319
948.27 0.00 75.73 77.49 0.0317
0.00 363.50 63.40 128.40 0.0317
107.35 16.31 158.18 80.55 0.0316
326.71 19.44 146.01 80.64 0.0315
6.56 16.36 88.09 118.33 0.0312
240.46 0.00 343.41 109.71 0.0309
869.62 221.79 113.65 127.65 0.0306
456.02 0.00 190.46 40.03 0.0306
17.42 74.84 71.69 144.75 0.0304
164.66 0.60 148.24 71.62 0.0304
77.94 371.80 111.67 135.83 0.0303
586.11 0.00 90.92 98.86 0.0292
0.00 0.00 198.37 106.16 0.0291
0.00 612.53 46.85 70.47 0.0286
0.00 185.64 62.66 113.16 0.0286
879.85 68.89 118.76 108.39 0.0285
233.23 0.00 111.92 88.41 0.0283
173.29 415.43 110.56 112.47 0.0282
672.18 207.00 351.82 281.76 0.0282
17.70 533.40 71.45 149.60 0.0280
48.94 180.08 231.75 257.50 0.0279
0.00 440.18 61.24 124.08 0.0277
