59_peopledrivingcar_peopledrivingcar_59_659
20
596.47 325.26 427.53 345.77 0.6369
565.42 89.56 458.58 195.92 0.3746
223.88 260.79 354.67 319.23 0.2220
293.01 441.32 359.92 326.68 0.2173
162.65 390.92 191.28 369.28 0.1788
127.22 342.90 112.77 312.97 0.1728
182.91 260.10 150.07 343.73 0.1065
88.17 355.34 56.50 294.04 0.1056
478.94 268.82 436.36 306.28 0.1010
509.15 448.66 372.31 319.34 0.0918
250.93 168.68 443.27 228.57 0.0675
560.51 74.99 463.49 89.98 0.0537
328.81 319.13 435.89 343.86 0.0524
632.72 13.84 391.28 65.25 0.0495
448.27 141.60 489.86 256.23 0.0457
162.95 360.59 44.85 285.66 0.0446
11.56 364.05 57.20 273.54 0.0355
598.86 31.56 425.14 16.55 0.0332
108.96 205.21 162.85 301.69 0.0237
612.69 184.81 411.31 330.46 0.0227
