59_peopledrivingcar_peopledrivingcar_59_763
29
588.31 388.23 435.69 325.77 0.4574
633.06 147.19 390.94 194.80 0.1848
99.42 157.74 169.89 169.37 0.1506
489.10 185.38 408.25 272.39 0.1458
163.84 113.72 180.06 133.36 0.1229
557.48 92.02 420.43 156.37 0.1177
54.35 110.98 117.01 141.13 0.0997
129.26 147.53 395.06 191.89 0.0824
581.89 71.40 365.94 74.76 0.0790
331.82 390.29 431.76 323.71 0.0741
204.44 118.06 385.17 130.76 0.0698
24.79 106.42 30.87 147.75 0.0521
271.97 133.28 407.41 237.90 0.0481
253.42 428.96 302.23 285.04 0.0480
15.26 13.75 37.13 55.64 0.0458
124.46 182.54 255.03 245.79 0.0399
471.29 69.14 308.14 68.51 0.0375
7.60 130.29 61.71 234.53 0.0374
0.00 472.31 82.32 241.69 0.0374
7.15 54.50 60.30 106.90 0.0371
60.91 48.57 99.73 121.95 0.0357
475.44 25.97 294.72 37.08 0.0336
138.16 137.61 82.83 89.03 0.0321
120.50 58.09 122.12 108.75 0.0279
54.17 15.27 115.15 55.32 0.0257
365.94 93.86 375.45 168.33 0.0226
39.81 96.91 1.02 167.25 0.0201
73.67 182.81 70.57 252.29 0.0201
27.95 406.52 22.04 266.84 0.0201
