59_peopledrivingcar_peopledrivingcar_59_856
14
190.13 239.73 420.64 275.05 0.1445
172.45 248.84 169.86 257.73 0.1356
101.38 306.33 172.62 275.55 0.1074
225.20 336.39 353.64 347.25 0.1071
539.42 224.83 452.63 306.71 0.0905
170.07 331.60 176.68 353.40 0.0756
433.83 306.89 374.09 270.66 0.0632
622.63 78.74 401.37 193.50 0.0570
625.09 363.99 398.91 283.58 0.0560
198.75 153.43 401.84 192.32 0.0481
69.79 317.94 90.49 253.58 0.0321
415.92 172.14 415.62 289.34 0.0306
109.16 183.34 163.49 273.86 0.0260
140.16 149.53 238.64 204.38 0.0225
