26_Soldier_Drilling_Soldiers_Drilling_26_719
143
97.85 219.29 59.66 64.82 0.3723
107.13 347.31 53.91 48.98 0.2917
813.59 229.63 27.98 23.84 0.2207
667.28 183.30 35.14 39.06 0.2067
811.18 238.01 33.02 28.63 0.2026
364.03 221.23 52.40 59.29 0.1991
647.30 444.07 70.38 69.79 0.1712
47.60 226.21 36.25 42.65 0.1602
373.27 533.27 31.53 24.17 0.1565
521.72 23.69 21.87 21.05 0.1384
327.41 510.10 27.82 21.88 0.1355
322.03 225.95 84.25 70.83 0.1354
296.67 414.21 57.64 49.44 0.1337
341.70 196.31 68.73 69.27 0.1290
362.91 551.38 34.68 22.04 0.1249
704.80 56.25 66.09 40.73 0.1245
811.44 210.74 26.46 25.31 0.1213
305.24 449.24 56.52 49.09 0.1166
267.95 517.88 14.84 12.76 0.1154
927.52 348.63 16.83 17.45 0.1136
444.31 205.18 61.72 75.77 0.1111
333.60 536.78 22.62 18.45 0.1095
765.60 305.55 38.01 29.94 0.1047
847.33 308.34 21.30 20.91 0.1042
123.94 352.50 64.01 57.93 0.1036
839.85 286.63 28.00 24.11 0.1035
332.14 553.74 31.56 22.06 0.1034
447.80 477.01 50.32 48.28 0.1034
303.14 490.64 30.65 21.98 0.1017
885.88 332.78 18.35 17.47 0.0992
926.77 333.74 18.88 20.74 0.0982
266.96 496.52 16.98 14.43 0.0965
790.15 304.63 49.27 32.59 0.0961
847.41 327.33 23.44 22.44 0.0960
395.68 524.12 32.79 29.58 0.0960
680.16 197.61 35.62 28.57 0.0955
324.30 490.58 36.95 29.34 0.0951
292.78 379.47 74.29 64.02 0.0942
264.56 452.18 36.32 27.47 0.0939
516.23 25.59 31.03 36.28 0.0930
848.66 347.65 27.58 23.42 0.0926
444.09 531.58 35.85 24.27 0.0925
228.33 520.01 19.45 14.49 0.0925
104.82 308.06 38.91 38.92 0.0922
581.54 135.26 76.93 86.17 0.0921
0.00 255.48 28.73 41.85 0.0919
371.19 196.26 69.78 78.86 0.0914
804.48 321.12 38.43 29.26 0.0911
545.54 149.92 49.52 72.17 0.0907
375.96 503.11 48.25 39.64 0.0882
602.46 147.84 80.30 108.14 0.0879
649.74 161.45 47.18 64.46 0.0878
226.63 476.08 23.76 16.61 0.0860
381.28 242.44 55.00 56.85 0.0846
228.91 494.90 20.01 14.91 0.0836
426.88 450.18 69.31 66.68 0.0834
300.97 537.24 22.31 15.75 0.0831
201.33 425.72 62.37 33.75 0.0824
301.30 470.88 44.11 28.43 0.0816
303.23 514.56 24.91 18.29 0.0810
266.33 473.60 24.67 18.30 0.0810
78.98 334.36 53.26 66.23 0.0805
441.81 558.46 26.69 15.98 0.0801
635.09 58.72 85.13 56.19 0.0799
0.00 273.72 29.43 49.68 0.0797
953.84 347.45 25.78 20.84 0.0792
266.09 537.01 16.48 15.37 0.0786
293.31 362.52 49.72 50.25 0.0780
407.83 558.15 25.93 16.82 0.0765
764.02 371.99 30.65 26.13 0.0765
299.45 221.42 66.35 58.53 0.0764
173.54 410.69 46.13 25.26 0.0762
987.21 381.07 26.12 31.24 0.0757
436.22 246.34 50.60 50.86 0.0750
208.28 441.89 46.03 31.26 0.0725
271.30 0.00 67.79 53.87 0.0725
990.79 368.80 22.35 27.94 0.0721
979.78 401.48 38.73 54.49 0.0716
227.13 535.81 22.18 16.85 0.0714
315.18 348.00 46.37 35.95 0.0712
4.91 318.47 25.08 39.43 0.0711
647.36 396.85 63.94 60.47 0.0708
103.28 277.85 41.42 42.53 0.0707
297.47 555.20 32.30 20.80 0.0706
258.81 554.80 25.28 18.70 0.0705
913.45 383.47 25.01 24.70 0.0700
787.51 283.95 55.00 39.79 0.0698
129.97 303.66 47.88 39.65 0.0692
71.96 277.58 38.55 53.32 0.0678
735.31 50.50 165.48 74.05 0.0671
254.11 409.27 50.92 36.83 0.0667
958.14 334.65 21.06 18.74 0.0662
882.81 347.47 22.94 20.06 0.0661
651.41 227.69 43.96 46.98 0.0657
148.35 372.55 82.30 51.17 0.0647
427.98 261.41 51.60 58.80 0.0641
185.15 441.28 41.07 29.71 0.0639
296.54 348.76 33.16 37.33 0.0638
150.98 407.18 48.82 28.00 0.0632
805.11 339.25 35.26 30.69 0.0631
845.51 357.94 29.92 29.23 0.0627
4.77 331.02 34.67 58.25 0.0617
452.25 427.17 57.24 49.97 0.0617
696.52 366.98 38.65 38.10 0.0617
1001.58 14.16 19.97 29.95 0.0617
350.95 418.87 49.46 58.17 0.0613
916.92 373.75 20.80 18.58 0.0603
881.06 386.96 37.02 25.50 0.0598
520.74 4.01 26.28 23.72 0.0596
70.11 305.05 35.47 51.33 0.0593
102.74 473.92 44.70 18.58 0.0593
652.87 207.38 41.27 46.96 0.0588
251.97 349.47 51.33 58.66 0.0588
322.24 248.37 51.84 62.29 0.0581
998.28 0.00 20.09 25.40 0.0579
623.86 187.58 48.94 75.82 0.0574
155.07 518.77 17.62 13.28 0.0566
961.47 384.69 39.39 31.66 0.0563
112.86 513.17 29.69 21.51 0.0558
29.09 272.84 49.50 62.36 0.0556
10.74 330.85 63.40 80.53 0.0553
875.22 63.60 38.58 36.59 0.0548
190.85 518.80 19.77 13.28 0.0547
772.96 343.30 35.00 31.64 0.0545
0.00 178.05 28.35 72.98 0.0544
961.98 405.82 38.36 38.91 0.0542
111.24 167.45 81.11 97.92 0.0539
115.54 495.85 30.60 19.65 0.0535
407.21 269.51 36.98 47.42 0.0534
191.12 540.13 22.73 14.92 0.0531
887.16 371.18 33.57 21.54 0.0530
535.29 194.30 46.39 59.43 0.0528
363.14 245.06 42.33 67.40 0.0527
454.04 229.19 69.84 72.35 0.0524
36.14 188.61 61.48 83.55 0.0523
258.45 374.77 61.64 48.83 0.0520
995.77 349.43 18.76 26.27 0.0518
1002.11 36.06 18.18 29.27 0.0518
189.34 497.10 20.41 15.31 0.0513
535.42 68.03 43.13 50.95 0.0508
26.04 472.44 41.91 24.25 0.0506
806.36 363.88 33.74 28.18 0.0502
370.22 445.26 31.46 33.27 0.0502
