55_Sports_Coach_Trainer_sportcoaching_55_343
23
376.84 118.42 335.95 455.97 0.849844
810.76 202.23 168.48 327.50 0.205055
154.13 91.03 182.27 319.18 0.178533
63.14 122.54 241.55 387.62 0.164863
826.34 267.65 117.16 185.03 0.119690
530.09 617.84 114.96 116.36 0.118304
145.92 524.95 50.68 62.85 0.098756
423.81 615.20 90.87 118.05 0.094503
266.74 50.10 104.95 123.87 0.088564
193.43 137.52 104.37 192.30 0.085528
79.06 284.04 154.41 182.70 0.083703
250.84 454.97 247.19 286.03 0.082429
228.95 49.50 127.81 237.77 0.072694
136.39 500.35 81.28 110.42 0.071847
117.06 442.47 89.78 109.67 0.068407
194.58 575.28 80.34 108.02 0.063358
61.62 510.66 100.66 143.12 0.063275
354.85 57.14 158.66 234.43 0.061505
166.17 534.69 76.94 114.20 0.060927
3.31 468.70 46.21 108.35 0.057191
304.03 0.00 272.98 445.45 0.057140
32.86 486.50 67.28 120.47 0.055412
24.28 518.42 93.28 171.40 0.054776
