9_Press_Conference_Press_Conference_9_693
26
587.78 174.71 436.22 336.98 0.6173
611.42 128.00 412.58 147.00 0.3372
61.24 155.34 92.51 220.70 0.2299
608.86 465.71 415.14 302.29 0.2091
178.20 481.89 443.92 286.11 0.2039
80.99 149.93 200.98 227.71 0.1928
20.48 132.24 42.99 271.60 0.1860
320.61 169.46 449.46 223.97 0.1826
77.79 96.26 348.97 204.98 0.1130
145.91 469.96 223.60 298.04 0.0867
103.35 136.42 451.60 274.60 0.0783
600.00 78.24 424.00 101.65 0.0768
390.28 465.67 458.93 302.33 0.0697
19.04 52.55 39.88 133.86 0.0457
6.76 483.21 54.48 284.79 0.0400
20.05 248.81 33.70 334.18 0.0394
47.20 64.57 122.72 120.88 0.0372
0.00 2.55 68.77 75.45 0.0345
107.97 404.84 150.34 328.23 0.0344
69.93 63.70 221.91 127.24 0.0344
51.32 399.36 114.64 344.11 0.0298
422.33 111.32 398.46 186.19 0.0293
626.90 11.37 397.10 61.34 0.0287
58.48 227.25 100.85 364.60 0.0286
18.86 108.77 28.83 178.50 0.0256
88.48 234.40 190.69 353.24 0.0243
