9_Press_Conference_Press_Conference_9_424
18
615.21 343.07 408.79 457.39 0.7187
620.07 622.94 403.93 421.06 0.5940
480.08 561.08 286.34 445.30 0.2539
102.96 555.13 309.68 444.76 0.1319
629.29 220.89 394.71 310.49 0.1101
43.61 560.04 145.89 441.09 0.0763
116.44 356.13 288.63 429.13 0.0756
507.79 406.33 236.71 361.01 0.0673
485.74 98.30 538.26 309.47 0.0594
19.54 576.19 36.56 414.32 0.0525
615.34 76.41 408.66 179.06 0.0431
0.00 0.50 84.31 108.63 0.0418
35.78 352.48 157.02 443.60 0.0374
19.06 384.55 35.79 380.95 0.0364
633.05 6.63 390.95 101.46 0.0319
85.59 243.91 197.35 471.07 0.0273
18.96 49.30 49.50 215.27 0.0234
154.43 661.58 491.94 382.42 0.0207
