19_Couple_Couple_19_847
200
927.92 0.00 81.01 111.67 0.1927
50.59 112.91 80.21 110.99 0.1921
50.53 753.92 80.29 111.27 0.1920
928.12 75.07 80.55 111.45 0.1920
928.12 603.07 80.55 111.45 0.1920
928.12 678.50 80.55 111.45 0.1920
928.12 753.93 80.55 111.45 0.1920
50.52 867.16 80.28 111.03 0.1920
50.51 640.82 80.33 111.22 0.1919
928.16 188.23 80.46 111.39 0.1919
928.16 489.94 80.49 111.43 0.1919
50.50 565.35 80.38 111.31 0.1918
50.54 489.92 80.25 111.10 0.1918
50.59 188.34 80.16 110.98 0.1917
50.55 263.74 80.21 111.03 0.1917
50.55 376.88 80.21 111.03 0.1917
928.16 263.66 80.46 111.39 0.1916
928.18 339.07 80.44 111.40 0.1916
13.79 603.28 80.22 110.78 0.1916
50.24 0.00 80.90 111.37 0.1916
13.59 0.00 80.83 111.23 0.1915
379.33 263.41 80.78 111.62 0.1915
891.31 0.00 80.90 111.43 0.1915
86.55 0.00 81.19 111.67 0.1915
13.82 678.75 80.13 110.69 0.1915
159.96 300.94 80.74 111.93 0.1915
123.07 0.00 81.25 111.69 0.1915
415.90 263.23 80.81 111.92 0.1915
196.47 338.65 80.81 111.92 0.1915
854.75 451.80 80.81 111.92 0.1915
196.55 263.25 80.72 111.87 0.1914
87.03 904.76 80.33 111.22 0.1914
123.62 904.79 80.25 111.19 0.1914
415.73 0.00 81.15 111.63 0.1913
452.30 0.00 81.15 111.63 0.1913
525.45 0.00 81.15 111.63 0.1913
562.02 0.00 81.15 111.63 0.1913
598.59 0.00 81.15 111.63 0.1913
635.16 0.00 81.15 111.63 0.1913
671.73 0.00 81.15 111.63 0.1913
708.30 0.00 81.15 111.63 0.1913
744.88 0.00 81.15 111.63 0.1913
781.45 0.00 81.15 111.63 0.1913
817.97 0.00 81.24 111.63 0.1913
854.59 0.00 81.15 111.63 0.1913
159.69 0.00 81.19 111.65 0.1913
196.26 0.00 81.19 111.65 0.1913
232.83 0.00 81.19 111.65 0.1913
269.41 0.00 81.19 111.65 0.1913
379.12 0.00 81.19 111.65 0.1913
488.83 0.00 81.19 111.65 0.1913
745.26 904.63 80.52 111.48 0.1913
13.77 754.08 80.24 110.90 0.1913
306.24 263.25 80.76 111.91 0.1913
160.18 904.74 80.29 111.27 0.1913
305.93 0.00 81.25 111.67 0.1913
342.50 0.00 81.25 111.67 0.1913
123.40 263.23 80.73 111.81 0.1913
123.40 338.65 80.73 111.81 0.1913
818.26 376.37 80.73 111.81 0.1913
855.01 904.64 80.45 111.44 0.1913
928.20 829.42 80.41 111.35 0.1913
635.60 904.70 80.43 111.36 0.1912
672.17 904.70 80.43 111.36 0.1912
708.74 904.70 80.43 111.36 0.1912
123.40 414.09 80.74 111.93 0.1912
159.97 414.09 80.74 111.93 0.1912
818.25 451.80 80.74 111.93 0.1912
854.82 791.23 80.74 111.93 0.1912
86.76 150.09 80.81 111.92 0.1912
123.33 187.80 80.81 111.92 0.1912
86.76 225.51 80.81 111.92 0.1912
159.90 225.51 80.81 111.92 0.1912
781.61 225.51 80.81 111.92 0.1912
818.18 225.51 80.81 111.92 0.1912
269.61 338.66 80.81 111.92 0.1912
781.61 338.66 80.81 111.92 0.1912
13.81 829.50 80.25 110.99 0.1912
818.18 866.66 80.81 111.92 0.1912
233.12 263.25 80.72 111.86 0.1912
342.82 263.38 80.72 111.67 0.1912
159.90 150.08 80.78 111.95 0.1911
13.77 414.61 80.30 111.04 0.1911
928.18 414.51 80.44 111.39 0.1911
781.62 791.22 80.78 111.95 0.1911
13.78 527.81 80.26 110.91 0.1911
854.81 527.26 80.76 111.89 0.1911
854.75 338.69 80.82 111.88 0.1911
306.19 602.73 80.79 111.84 0.1911
342.76 602.73 80.79 111.84 0.1911
415.91 602.73 80.79 111.84 0.1911
671.91 753.59 80.79 111.84 0.1911
635.30 791.23 80.86 111.94 0.1911
416.19 904.76 80.31 111.30 0.1911
562.12 150.06 80.89 111.98 0.1911
379.37 414.11 80.78 111.88 0.1911
891.77 905.03 79.95 110.61 0.1911
562.18 301.09 80.80 111.78 0.1911
598.76 451.81 80.81 111.92 0.1911
671.90 678.04 80.80 111.97 0.1911
269.95 904.86 80.19 111.10 0.1911
306.52 904.86 80.19 111.10 0.1911
452.53 263.26 80.76 111.91 0.1910
233.10 338.69 80.76 111.91 0.1910
306.18 451.83 80.83 111.93 0.1910
671.90 489.55 80.83 111.93 0.1910
708.47 489.55 80.83 111.93 0.1910
306.18 527.26 80.83 111.93 0.1910
86.75 564.97 80.83 111.93 0.1910
269.61 564.97 80.83 111.93 0.1910
745.04 564.97 80.83 111.93 0.1910
415.90 715.83 80.83 111.93 0.1910
818.25 753.52 80.74 111.90 0.1910
781.61 150.11 80.82 111.90 0.1910
818.18 150.11 80.82 111.90 0.1910
269.60 263.26 80.82 111.91 0.1910
598.75 263.26 80.82 111.90 0.1910
635.32 263.26 80.82 111.90 0.1910
671.89 263.26 80.82 111.90 0.1910
708.46 263.26 80.82 111.90 0.1910
818.18 300.97 80.82 111.90 0.1910
745.03 338.69 80.82 111.90 0.1910
635.28 451.81 80.87 111.97 0.1910
415.86 489.52 80.87 111.97 0.1910
562.14 489.52 80.87 111.97 0.1910
489.31 904.67 80.33 111.42 0.1910
891.63 75.03 80.20 111.11 0.1910
891.63 301.31 80.20 111.11 0.1910
708.45 791.23 80.86 111.96 0.1910
562.47 904.75 80.38 111.28 0.1910
525.56 489.47 80.87 111.99 0.1910
379.32 489.42 80.85 112.05 0.1910
818.26 527.23 80.71 111.93 0.1910
745.04 263.25 80.79 111.94 0.1910
196.47 414.11 80.79 111.94 0.1910
159.90 791.25 80.79 111.94 0.1910
781.62 866.65 80.78 111.93 0.1910
599.03 904.71 80.43 111.36 0.1910
123.33 112.38 80.81 111.92 0.1910
13.82 150.70 80.26 110.95 0.1910
196.53 187.84 80.72 111.82 0.1910
86.82 640.48 80.72 111.79 0.1910
233.10 753.56 80.72 111.82 0.1910
342.77 150.13 80.77 111.87 0.1909
598.75 338.69 80.80 111.76 0.1909
233.06 489.52 80.79 111.90 0.1909
708.46 715.85 80.81 111.85 0.1909
525.60 753.56 80.81 111.85 0.1909
562.17 753.56 80.81 111.85 0.1909
598.74 791.28 80.81 111.85 0.1909
86.78 753.55 80.80 111.89 0.1909
196.79 904.79 80.24 111.22 0.1909
379.63 904.81 80.26 111.22 0.1909
306.15 150.13 80.83 111.91 0.1909
342.74 414.06 80.84 111.93 0.1909
379.34 602.74 80.78 111.84 0.1909
452.49 602.74 80.78 111.84 0.1909
598.77 602.74 80.78 111.84 0.1909
525.63 640.46 80.78 111.84 0.1909
562.20 640.46 80.78 111.84 0.1909
635.34 640.46 80.78 111.84 0.1909
708.49 640.46 80.78 111.84 0.1909
379.34 678.17 80.78 111.84 0.1909
452.49 678.17 80.78 111.84 0.1909
598.77 678.17 80.78 111.84 0.1909
342.77 715.88 80.78 111.84 0.1909
379.34 753.60 80.78 111.84 0.1909
452.77 904.73 80.30 111.37 0.1909
598.68 150.04 80.91 112.04 0.1909
489.10 338.69 80.76 111.89 0.1909
525.67 338.69 80.76 111.89 0.1909
86.82 376.40 80.76 111.89 0.1909
159.98 489.54 80.70 111.89 0.1909
854.82 602.69 80.76 111.89 0.1909
854.82 678.12 80.76 111.89 0.1909
854.75 150.12 80.82 111.88 0.1909
854.75 225.55 80.82 111.88 0.1909
489.10 263.26 80.74 111.79 0.1909
525.68 263.26 80.74 111.79 0.1909
196.49 489.54 80.76 111.89 0.1909
452.45 74.66 80.86 111.94 0.1909
452.45 489.52 80.86 111.94 0.1909
489.02 489.52 80.86 111.94 0.1909
123.30 564.95 80.86 111.94 0.1909
233.02 602.66 80.86 111.94 0.1909
269.65 715.78 80.78 111.91 0.1909
452.45 753.52 80.86 111.94 0.1909
489.02 753.52 80.86 111.94 0.1909
342.73 791.23 80.86 111.94 0.1909
415.88 791.23 80.86 111.94 0.1909
928.25 904.91 80.29 111.15 0.1909
488.98 150.07 80.89 111.98 0.1908
525.55 150.07 80.89 111.98 0.1908
635.26 150.07 80.89 111.98 0.1908
671.84 150.07 80.89 111.98 0.1908
598.77 527.19 80.79 111.96 0.1908
525.62 564.90 80.79 111.96 0.1908
562.19 564.90 80.79 111.96 0.1908
635.34 564.90 80.79 111.96 0.1908
671.91 564.90 80.79 111.96 0.1908
