53_Raid_policeraid_53_272
14
152.10 288.74 336.96 349.04 0.8584
315.44 236.13 416.09 251.82 0.8454
524.73 222.22 499.27 232.09 0.6727
110.51 292.58 181.38 374.82 0.6024
151.63 252.38 210.07 262.53 0.3544
344.08 288.85 333.02 388.56 0.1482
49.16 222.14 83.13 135.51 0.0681
80.23 219.28 93.30 147.23 0.0498
555.33 133.04 468.67 185.37 0.0481
537.50 305.17 305.17 355.10 0.0439
119.73 190.08 382.07 246.06 0.0367
71.99 305.43 98.04 121.87 0.0307
26.94 193.44 71.50 143.63 0.0258
132.62 270.58 127.06 112.58 0.0211
