12_Group_Group_12_Group_Group_12_153
193
751.91 418.54 117.36 199.38 0.365500
327.58 495.64 32.26 56.41 0.221316
63.21 357.52 33.92 55.14 0.218511
560.19 413.00 29.16 38.05 0.200139
524.83 411.72 25.14 38.52 0.197654
429.10 589.47 29.33 44.59 0.195639
692.31 479.01 41.54 63.22 0.195385
742.43 529.36 231.80 371.49 0.188504
706.62 540.87 42.60 59.48 0.169184
620.89 344.16 45.58 60.43 0.165388
689.57 447.17 39.56 60.35 0.165379
599.80 251.16 106.17 167.43 0.165354
454.42 176.73 49.80 71.47 0.165228
470.81 418.58 74.25 92.79 0.162522
493.19 496.36 68.46 118.89 0.162032
60.43 385.01 40.07 60.74 0.159602
596.16 211.14 57.65 88.96 0.155752
476.45 410.86 34.43 45.83 0.154200
327.67 515.49 45.27 92.43 0.153303
429.98 411.33 29.56 44.96 0.152595
807.45 539.25 73.76 96.08 0.151565
545.21 416.01 50.82 78.59 0.150737
393.52 144.56 92.18 129.28 0.150004
664.26 407.36 40.59 62.61 0.148293
191.94 535.10 106.51 186.77 0.147296
338.65 566.78 39.04 77.87 0.145168
557.13 207.47 51.17 73.82 0.144615
701.16 568.54 45.81 55.81 0.141148
430.70 622.21 34.09 54.95 0.138361
696.29 186.42 37.59 53.03 0.137055
910.69 606.86 99.00 211.56 0.134826
651.38 289.71 88.39 116.02 0.134690
375.94 539.66 32.62 61.42 0.133482
333.60 119.55 114.09 157.33 0.132293
369.51 635.04 44.38 70.27 0.132180
269.79 529.84 51.09 100.41 0.129011
519.84 202.81 45.17 66.10 0.128561
566.91 188.29 31.00 46.70 0.127423
518.50 181.02 33.13 52.67 0.126798
253.87 568.61 69.10 110.61 0.125429
617.14 383.95 42.16 66.69 0.124134
340.84 403.70 25.40 39.52 0.123461
607.05 190.18 32.61 50.49 0.122357
368.61 572.13 42.29 74.85 0.120108
336.46 777.03 25.63 39.00 0.116952
654.50 530.29 41.84 68.59 0.116635
660.37 180.62 36.13 57.17 0.116572
61.08 333.61 26.36 48.07 0.114183
333.58 598.80 46.96 83.05 0.112837
984.16 305.58 37.17 122.79 0.112413
682.95 402.24 49.44 84.04 0.111299
137.98 39.36 194.94 261.15 0.110433
328.04 448.83 36.81 67.84 0.110181
602.28 422.43 55.42 95.79 0.109480
737.84 574.13 47.75 60.42 0.109340
144.48 575.41 51.56 120.80 0.108702
605.74 183.28 91.41 116.97 0.108334
377.49 408.94 27.87 37.26 0.108318
53.71 532.03 28.66 67.51 0.106993
379.40 502.26 25.28 37.28 0.105655
328.49 821.36 49.09 84.87 0.104791
269.65 774.39 108.36 158.79 0.103771
81.46 380.49 42.72 67.72 0.103435
652.81 488.17 53.40 86.23 0.103300
352.56 89.03 75.29 100.76 0.102343
321.44 667.69 47.93 75.05 0.101316
205.34 764.78 100.80 176.99 0.097828
854.48 520.23 85.76 125.34 0.097816
477.87 679.52 31.05 53.17 0.097464
683.91 195.23 60.93 77.63 0.097023
236.43 631.78 76.57 113.17 0.096483
289.59 766.84 41.54 53.59 0.096373
790.71 562.58 137.03 197.82 0.096033
221.85 564.64 65.82 100.01 0.095364
468.01 626.42 31.11 50.57 0.095174
311.34 139.83 82.36 124.40 0.093939
116.81 498.89 72.31 147.09 0.093824
512.35 9.65 36.90 34.53 0.092716
413.13 549.61 50.56 92.66 0.092468
743.32 188.18 33.85 43.33 0.091214
336.24 374.79 30.08 40.72 0.090871
193.56 491.61 38.18 64.85 0.090125
293.65 496.10 36.38 61.11 0.089256
523.12 769.38 22.29 43.04 0.088662
882.29 77.10 55.10 69.94 0.088453
986.36 267.15 37.16 90.03 0.088356
347.01 100.06 188.89 241.31 0.087629
427.31 409.60 44.97 75.12 0.087320
470.91 91.08 52.40 75.15 0.087003
652.42 98.30 48.11 61.81 0.086963
711.25 766.32 72.14 156.95 0.086911
738.92 317.16 39.29 71.98 0.086752
426.17 7.85 26.17 30.59 0.086663
50.38 422.82 34.60 72.41 0.086314
420.65 667.19 38.45 65.33 0.085865
489.62 415.15 121.75 216.65 0.085198
936.02 3.54 32.41 37.40 0.084846
466.21 117.30 55.21 92.81 0.084329
536.76 247.68 99.62 163.88 0.083731
278.73 9.47 38.65 27.73 0.083703
844.29 457.74 122.63 163.45 0.082214
326.89 704.47 39.06 59.84 0.082026
372.21 679.65 43.63 80.74 0.081104
473.16 8.52 29.01 32.73 0.080554
502.19 88.50 71.38 87.08 0.079852
49.73 491.99 38.87 93.16 0.079585
84.45 442.81 50.79 104.87 0.079178
375.83 449.58 29.22 41.11 0.078803
290.32 716.33 44.45 50.08 0.078083
690.86 140.72 42.83 58.00 0.077129
553.35 559.10 52.87 83.51 0.076367
219.13 29.19 113.89 102.72 0.076079
613.17 577.15 33.71 58.32 0.076003
523.95 803.32 39.76 88.23 0.075785
886.24 52.57 36.75 45.67 0.075434
505.64 38.23 66.71 66.05 0.075332
554.79 649.62 49.28 82.76 0.075097
894.66 10.02 26.06 30.52 0.074906
598.52 90.09 56.81 85.44 0.073766
701.56 4.03 33.44 36.90 0.072938
54.87 593.20 34.89 90.99 0.072859
329.04 7.33 34.73 32.85 0.072858
83.38 566.24 59.43 140.23 0.072829
244.56 699.62 56.17 72.55 0.072663
664.05 243.39 78.44 109.38 0.072642
741.71 211.60 36.41 47.56 0.072602
474.78 47.06 52.64 50.76 0.071952
594.84 459.12 54.68 119.46 0.071634
554.56 7.97 39.88 36.85 0.070997
660.61 132.96 42.29 59.10 0.070741
500.91 126.39 70.29 99.72 0.070400
99.01 452.79 78.99 132.96 0.070091
377.75 8.38 30.45 31.19 0.069629
61.74 479.92 86.48 183.21 0.069441
546.51 356.97 51.34 65.96 0.068800
555.57 689.69 39.36 75.38 0.068466
736.16 611.85 52.54 86.76 0.068125
371.14 366.18 43.61 55.24 0.068075
507.76 644.32 53.56 92.24 0.068044
932.12 35.47 37.36 44.64 0.067156
541.28 127.00 59.08 76.43 0.067153
980.61 393.81 37.16 118.80 0.066797
519.30 712.22 30.89 58.30 0.066569
885.55 425.58 85.06 139.69 0.066001
372.81 750.38 33.69 57.25 0.065846
126.30 436.77 46.57 74.87 0.065812
608.88 8.11 27.42 28.85 0.065600
612.54 519.51 48.81 91.24 0.065163
660.53 8.80 25.90 25.60 0.065107
394.78 349.68 93.80 111.81 0.064651
292.40 444.30 35.22 67.16 0.064531
470.43 583.43 43.14 78.13 0.064227
175.64 33.95 124.33 136.42 0.063976
691.19 50.60 41.90 29.68 0.063625
236.18 739.57 71.76 99.87 0.063083
684.16 603.50 71.15 99.87 0.063031
240.43 501.69 37.62 72.36 0.062820
461.71 213.84 151.13 228.60 0.062160
848.54 52.73 31.32 37.64 0.061840
652.37 59.20 38.39 37.43 0.061344
868.25 87.48 93.11 163.05 0.060849
659.02 94.70 80.27 79.51 0.059964
728.73 88.05 62.80 63.86 0.059567
144.72 633.89 49.08 98.59 0.059284
961.46 611.78 62.36 173.46 0.059112
498.55 348.25 72.77 111.74 0.059068
235.46 10.53 38.03 27.43 0.058945
11.79 654.96 30.13 64.55 0.058179
304.88 28.86 81.61 90.34 0.058023
744.32 717.95 203.43 230.68 0.057836
540.85 839.50 68.80 102.77 0.057743
93.47 660.68 39.13 76.17 0.057676
570.57 763.45 34.07 61.20 0.057611
602.05 52.80 41.80 54.87 0.057372
306.35 822.78 74.49 140.90 0.057098
366.28 49.21 50.73 59.85 0.057023
410.76 253.74 136.93 180.49 0.057007
590.70 792.01 70.51 119.88 0.056695
423.93 752.91 27.87 57.97 0.056321
607.78 773.33 33.80 57.74 0.056165
741.83 52.51 38.26 31.11 0.056023
433.51 341.46 103.92 132.69 0.054846
709.40 601.58 83.06 155.95 0.054783
290.48 398.29 43.71 69.08 0.054342
279.06 362.10 58.14 76.94 0.053126
734.98 141.36 55.87 75.66 0.053062
401.14 47.92 52.07 45.45 0.052122
143.79 704.03 36.11 61.10 0.051743
53.74 661.98 29.38 62.89 0.051722
846.15 6.85 26.40 31.61 0.051632
593.15 639.86 53.64 88.65 0.051154
179.71 672.32 75.01 113.08 0.050568
648.44 594.44 73.40 143.65 0.050552
