12_Group_Team_Organized_Group_12_Group_Team_Organized_Group_12_583
91
228.39 0.43 223.10 212.88 0.293952
533.82 176.67 102.55 97.75 0.287136
286.08 142.08 246.14 179.54 0.278642
377.65 235.41 150.45 125.05 0.260880
622.32 174.78 95.74 85.54 0.252686
811.18 192.99 119.41 98.70 0.243232
669.44 202.12 72.42 67.38 0.238948
991.99 201.22 32.01 62.05 0.235388
508.15 48.92 160.31 151.67 0.227858
224.62 65.35 73.90 87.32 0.213771
499.11 141.87 171.56 147.78 0.211269
439.56 160.74 131.09 141.02 0.209777
747.19 245.35 57.59 56.13 0.198421
582.92 76.08 150.13 150.83 0.196396
237.46 212.38 72.07 78.39 0.195012
524.18 13.98 255.59 227.56 0.192282
262.67 256.37 81.94 83.66 0.185905
590.37 232.63 67.09 77.34 0.182213
178.86 16.05 145.05 147.78 0.175660
320.06 90.93 122.77 115.17 0.172006
26.72 44.48 251.12 204.86 0.171981
190.58 279.16 73.73 64.14 0.167731
913.46 93.36 66.80 66.95 0.165296
117.15 282.54 160.91 103.43 0.164133
695.52 183.30 103.17 106.88 0.156974
273.02 208.20 129.66 136.40 0.156232
462.10 48.50 59.14 83.62 0.155122
684.12 232.77 71.59 71.91 0.152541
124.09 150.99 182.72 165.20 0.147506
774.58 228.92 97.04 100.03 0.145356
913.23 134.18 70.85 54.00 0.144185
916.48 344.33 66.28 43.96 0.140469
639.63 256.91 78.57 79.72 0.134987
696.30 90.34 135.99 125.09 0.127779
639.84 142.23 112.10 92.56 0.126801
810.51 250.70 73.88 67.38 0.121073
980.65 155.41 43.35 58.27 0.119900
201.05 269.41 119.80 109.10 0.119079
737.81 138.39 59.15 53.60 0.117833
450.63 257.81 103.18 90.14 0.117539
875.30 114.29 83.93 71.85 0.115441
926.21 247.63 49.13 44.06 0.114275
521.18 224.23 123.30 123.76 0.113350
336.97 280.44 108.16 81.90 0.110476
421.57 109.25 115.05 121.17 0.110393
891.23 336.87 107.32 71.16 0.110093
882.05 265.45 56.33 52.31 0.107292
865.93 80.59 73.36 83.17 0.104323
825.75 103.09 66.13 65.09 0.104255
326.72 20.22 193.71 170.60 0.101527
786.82 267.08 62.89 62.42 0.100881
952.47 128.94 65.90 63.59 0.096894
778.20 99.57 81.70 84.22 0.094220
819.71 171.03 91.43 75.55 0.091580
117.70 32.05 140.13 113.03 0.091413
839.83 164.67 45.71 49.79 0.090407
358.38 128.92 114.21 88.09 0.089745
678.06 329.33 61.68 41.84 0.087690
725.33 260.68 77.66 84.36 0.084767
618.93 10.66 291.65 220.89 0.084576
901.19 173.27 96.48 105.88 0.082388
11.87 48.89 123.44 81.84 0.079714
690.99 274.37 67.76 68.25 0.078382
274.90 283.45 190.60 127.97 0.078018
949.21 95.39 68.30 60.97 0.074830
782.06 140.15 75.77 85.17 0.074702
606.26 270.45 61.13 66.10 0.074670
825.02 135.76 59.24 51.00 0.073967
825.99 45.37 88.66 87.01 0.072236
451.65 299.98 135.34 88.18 0.071456
13.17 101.16 152.73 113.57 0.071187
919.93 267.88 56.82 44.97 0.070642
45.88 26.47 163.49 100.67 0.068698
99.33 319.34 47.74 33.44 0.068092
514.49 279.45 96.03 60.99 0.065239
775.92 301.28 67.44 62.14 0.064863
753.86 0.00 190.48 181.03 0.063436
741.70 5.29 155.17 67.25 0.063159
795.07 7.21 88.66 42.73 0.061338
820.90 276.97 61.87 63.46 0.060771
921.27 320.15 65.13 45.50 0.058438
902.29 50.41 81.78 88.86 0.057393
137.28 293.70 77.36 62.23 0.056368
685.62 318.61 110.33 74.14 0.056278
573.18 299.89 192.11 101.04 0.055966
228.26 16.95 105.92 80.54 0.054592
12.16 149.96 97.43 117.51 0.054573
483.69 22.46 118.99 115.83 0.052537
167.08 8.25 120.38 68.76 0.052484
103.59 308.68 40.81 28.26 0.052106
869.52 308.56 88.06 67.67 0.052041
