12_Group_Group_12_Group_Group_12_434
84
552.45 184.28 40.10 48.33 0.632211
172.80 173.05 47.11 57.66 0.558324
413.39 174.24 40.27 50.41 0.553652
808.65 205.56 69.52 80.91 0.532998
704.78 264.12 41.20 58.92 0.421734
702.67 192.57 34.08 44.24 0.292726
742.56 221.93 49.10 71.91 0.225223
545.60 250.52 50.53 66.86 0.221835
153.92 187.18 61.86 62.68 0.204691
145.09 217.95 57.00 65.69 0.198874
745.65 254.18 46.78 74.48 0.184759
89.81 195.05 52.54 61.13 0.177358
406.63 217.27 58.94 81.50 0.162779
787.46 283.02 44.31 53.52 0.155751
215.85 285.38 67.88 76.18 0.149675
15.06 190.58 47.06 46.93 0.149006
387.88 184.70 61.70 63.75 0.145139
169.41 192.74 61.01 89.36 0.144920
739.03 188.94 42.45 63.68 0.143159
609.65 299.62 30.06 39.11 0.133493
173.71 218.02 91.97 131.18 0.131851
152.34 247.99 413.24 250.73 0.128356
989.55 447.55 31.05 63.30 0.127829
338.00 208.93 38.27 48.06 0.124623
51.59 190.09 55.00 58.27 0.120491
19.14 477.81 166.30 178.50 0.112476
602.92 230.60 37.54 59.69 0.109739
102.30 197.38 106.52 120.84 0.109126
939.38 537.59 51.79 70.56 0.108888
321.85 242.54 64.48 76.88 0.107815
365.61 225.51 93.91 106.45 0.105441
660.17 291.51 33.88 50.00 0.101840
105.23 205.60 58.42 80.07 0.100900
593.51 269.99 45.12 58.05 0.098075
927.29 417.41 50.76 85.62 0.097524
970.54 577.57 49.85 70.92 0.094377
889.14 550.73 38.42 49.20 0.091321
340.51 188.72 43.32 51.50 0.089645
665.42 191.98 23.42 27.72 0.085902
626.66 351.94 56.66 67.95 0.085845
980.77 507.70 38.53 67.14 0.084657
221.02 240.85 51.64 57.90 0.084302
560.00 332.25 41.18 47.10 0.082706
663.97 207.69 29.40 40.69 0.081641
796.81 299.87 62.62 88.30 0.078483
748.78 142.99 43.78 73.23 0.077643
962.51 613.93 59.26 68.17 0.077516
176.84 264.76 159.08 154.57 0.076624
712.35 264.32 85.48 123.87 0.076547
798.61 147.32 29.33 41.12 0.075890
691.13 155.81 42.09 64.06 0.075480
475.23 275.02 39.14 38.98 0.074289
663.83 246.59 30.85 42.32 0.073723
391.28 167.23 51.81 49.01 0.072606
995.98 211.05 22.12 38.88 0.071649
474.32 231.65 34.64 55.52 0.071396
925.25 468.41 57.40 78.65 0.071211
40.68 199.23 68.24 94.03 0.070071
609.40 334.72 50.92 58.23 0.066545
7.89 155.31 42.51 55.94 0.064740
528.28 164.41 34.58 58.33 0.064553
993.19 304.02 30.81 57.85 0.063148
307.09 260.85 148.92 134.43 0.062904
995.57 242.55 21.19 37.25 0.062796
469.93 206.79 36.00 50.88 0.062692
995.99 188.60 22.27 40.12 0.062336
848.91 547.40 41.70 46.60 0.062068
761.29 108.76 35.09 49.48 0.061048
994.28 277.17 28.17 47.24 0.058983
274.00 177.63 53.16 77.14 0.058925
774.02 376.63 83.11 140.67 0.057612
611.90 190.51 27.35 36.71 0.057380
849.15 202.83 64.85 65.42 0.057089
885.38 517.33 42.51 55.00 0.056950
96.97 164.38 32.49 53.96 0.056295
247.45 223.98 80.66 87.19 0.055593
807.57 321.79 73.76 125.59 0.055232
71.88 196.27 203.26 255.31 0.053231
40.48 430.38 144.99 137.18 0.052409
891.65 574.02 36.98 44.27 0.051767
862.51 379.32 75.72 133.60 0.051633
474.81 187.69 26.01 35.17 0.051153
617.88 107.63 42.12 57.47 0.050151
522.97 325.08 67.48 77.26 0.050135
