31_Waiter_Waitress_Waiter_Waitress_31_932
200
0.00 0.00 54.69 73.85 0.4996
18.45 0.00 72.81 73.85 0.4996
55.03 0.00 72.81 73.85 0.4996
91.60 0.00 72.81 73.85 0.4996
128.17 0.00 72.81 73.85 0.4996
164.74 0.00 72.81 73.85 0.4996
201.31 0.00 72.81 73.85 0.4996
237.88 0.00 72.81 73.85 0.4996
274.45 0.00 72.81 73.85 0.4996
311.03 0.00 72.81 73.85 0.4996
347.60 0.00 72.81 73.85 0.4996
384.17 0.00 72.81 73.85 0.4996
420.74 0.00 72.81 73.85 0.4996
457.31 0.00 72.81 73.85 0.4996
493.88 0.00 72.81 73.85 0.4996
530.46 0.00 72.81 73.85 0.4996
567.03 0.00 72.81 73.85 0.4996
603.60 0.00 72.81 73.85 0.4996
640.17 0.00 72.81 73.85 0.4996
676.74 0.00 72.81 73.85 0.4996
713.31 0.00 72.81 73.85 0.4996
749.88 0.00 72.81 73.85 0.4996
786.45 0.00 72.81 73.85 0.4996
823.03 0.00 72.81 73.85 0.4996
859.60 0.00 72.81 73.85 0.4996
896.17 0.00 72.81 73.85 0.4996
932.74 0.00 72.81 73.85 0.4996
969.31 0.00 54.69 73.85 0.4996
0.00 24.71 54.69 98.46 0.4996
18.45 24.71 72.81 98.46 0.4996
55.03 24.71 72.81 98.46 0.4996
91.60 24.71 72.81 98.46 0.4996
128.17 24.71 72.81 98.46 0.4996
164.74 24.71 72.81 98.46 0.4996
201.31 24.71 72.81 98.46 0.4996
237.88 24.71 72.81 98.46 0.4996
274.45 24.71 72.81 98.46 0.4996
311.03 24.71 72.81 98.46 0.4996
347.60 24.71 72.81 98.46 0.4996
384.17 24.71 72.81 98.46 0.4996
420.74 24.71 72.81 98.46 0.4996
457.31 24.71 72.81 98.46 0.4996
493.88 24.71 72.81 98.46 0.4996
530.46 24.71 72.81 98.46 0.4996
567.03 24.71 72.81 98.46 0.4996
603.60 24.71 72.81 98.46 0.4996
640.17 24.71 72.81 98.46 0.4996
676.74 24.71 72.81 98.46 0.4996
713.31 24.71 72.81 98.46 0.4996
749.88 24.71 72.81 98.46 0.4996
786.45 24.71 72.81 98.46 0.4996
823.03 24.71 72.81 98.46 0.4996
859.60 24.71 72.81 98.46 0.4996
896.17 24.71 72.81 98.46 0.4996
932.74 24.71 72.81 98.46 0.4996
969.31 24.71 54.69 98.46 0.4996
0.00 74.03 54.69 98.46 0.4996
18.45 74.03 72.81 98.46 0.4996
55.03 74.03 72.81 98.46 0.4996
91.60 74.03 72.81 98.46 0.4996
128.17 74.03 72.81 98.46 0.4996
164.74 74.03 72.81 98.46 0.4996
201.31 74.03 72.81 98.46 0.4996
237.88 74.03 72.81 98.46 0.4996
274.45 74.03 72.81 98.46 0.4996
311.03 74.03 72.81 98.46 0.4996
347.60 74.03 72.81 98.46 0.4996
384.17 74.03 72.81 98.46 0.4996
420.74 74.03 72.81 98.46 0.4996
457.31 74.03 72.81 98.46 0.4996
493.88 74.03 72.81 98.46 0.4996
530.46 74.03 72.81 98.46 0.4996
567.03 74.03 72.81 98.46 0.4996
603.60 74.03 72.81 98.46 0.4996
640.17 74.03 72.81 98.46 0.4996
676.74 74.03 72.81 98.46 0.4996
713.31 74.03 72.81 98.46 0.4996
749.88 74.03 72.81 98.46 0.4996
786.45 74.03 72.81 98.46 0.4996
823.03 74.03 72.81 98.46 0.4996
859.60 74.03 72.81 98.46 0.4996
896.17 74.03 72.81 98.46 0.4996
932.74 74.03 72.81 98.46 0.4996
969.31 74.03 54.69 98.46 0.4996
0.00 123.35 54.69 98.46 0.4996
18.45 123.35 72.81 98.46 0.4996
55.03 123.35 72.81 98.46 0.4996
91.60 123.35 72.81 98.46 0.4996
128.17 123.35 72.81 98.46 0.4996
164.74 123.35 72.81 98.46 0.4996
201.31 123.35 72.81 98.46 0.4996
237.88 123.35 72.81 98.46 0.4996
274.45 123.35 72.81 98.46 0.4996
311.03 123.35 72.81 98.46 0.4996
347.60 123.35 72.81 98.46 0.4996
384.17 123.35 72.81 98.46 0.4996
420.74 123.35 72.81 98.46 0.4996
457.31 123.35 72.81 98.46 0.4996
493.88 123.35 72.81 98.46 0.4996
530.46 123.35 72.81 98.46 0.4996
567.03 123.35 72.81 98.46 0.4996
603.60 123.35 72.81 98.46 0.4996
640.17 123.35 72.81 98.46 0.4996
676.74 123.35 72.81 98.46 0.4996
713.31 123.35 72.81 98.46 0.4996
749.88 123.35 72.81 98.46 0.4996
786.45 123.35 72.81 98.46 0.4996
823.03 123.35 72.81 98.46 0.4996
859.60 123.35 72.81 98.46 0.4996
896.17 123.35 72.81 98.46 0.4996
932.74 123.35 72.81 98.46 0.4996
969.31 123.35 54.69 98.46 0.4996
0.00 172.67 54.69 98.46 0.4996
18.45 172.67 72.81 98.46 0.4996
55.03 172.67 72.81 98.46 0.4996
91.60 172.67 72.81 98.46 0.4996
128.17 172.67 72.81 98.46 0.4996
164.74 172.67 72.81 98.46 0.4996
201.31 172.67 72.81 98.46 0.4996
237.88 172.67 72.81 98.46 0.4996
274.45 172.67 72.81 98.46 0.4996
311.03 172.67 72.81 98.46 0.4996
347.60 172.67 72.81 98.46 0.4996
384.17 172.67 72.81 98.46 0.4996
420.74 172.67 72.81 98.46 0.4996
457.31 172.67 72.81 98.46 0.4996
493.88 172.67 72.81 98.46 0.4996
530.46 172.67 72.81 98.46 0.4996
567.03 172.67 72.81 98.46 0.4996
603.60 172.67 72.81 98.46 0.4996
640.17 172.67 72.81 98.46 0.4996
676.74 172.67 72.81 98.46 0.4996
713.31 172.67 72.81 98.46 0.4996
749.88 172.67 72.81 98.46 0.4996
786.45 172.67 72.81 98.46 0.4996
823.03 172.67 72.81 98.46 0.4996
859.60 172.67 72.81 98.46 0.4996
896.17 172.67 72.81 98.46 0.4996
932.74 172.67 72.81 98.46 0.4996
969.31 172.67 54.69 98.46 0.4996
0.00 221.99 54.69 98.46 0.4996
18.45 221.99 72.81 98.46 0.4996
55.03 221.99 72.81 98.46 0.4996
91.60 221.99 72.81 98.46 0.4996
128.17 221.99 72.81 98.46 0.4996
164.74 221.99 72.81 98.46 0.4996
201.31 221.99 72.81 98.46 0.4996
237.88 221.99 72.81 98.46 0.4996
274.45 221.99 72.81 98.46 0.4996
311.03 221.99 72.81 98.46 0.4996
347.60 221.99 72.81 98.46 0.4996
384.17 221.99 72.81 98.46 0.4996
420.74 221.99 72.81 98.46 0.4996
457.31 221.99 72.81 98.46 0.4996
493.88 221.99 72.81 98.46 0.4996
530.46 221.99 72.81 98.46 0.4996
567.03 221.99 72.81 98.46 0.4996
603.60 221.99 72.81 98.46 0.4996
640.17 221.99 72.81 98.46 0.4996
676.74 221.99 72.81 98.46 0.4996
713.31 221.99 72.81 98.46 0.4996
749.88 221.99 72.81 98.46 0.4996
786.45 221.99 72.81 98.46 0.4996
823.03 221.99 72.81 98.46 0.4996
859.60 221.99 72.81 98.46 0.4996
896.17 221.99 72.81 98.46 0.4996
932.74 221.99 72.81 98.46 0.4996
969.31 221.99 54.69 98.46 0.4996
0.00 271.32 54.69 98.46 0.4996
18.45 271.32 72.81 98.46 0.4996
55.03 271.32 72.81 98.46 0.4996
91.60 271.32 72.81 98.46 0.4996
128.17 271.32 72.81 98.46 0.4996
164.74 271.32 72.81 98.46 0.4996
201.31 271.32 72.81 98.46 0.4996
237.88 271.32 72.81 98.46 0.4996
274.45 271.32 72.81 98.46 0.4996
311.03 271.32 72.81 98.46 0.4996
347.60 271.32 72.81 98.46 0.4996
384.17 271.32 72.81 98.46 0.4996
420.74 271.32 72.81 98.46 0.4996
457.31 271.32 72.81 98.46 0.4996
493.88 271.32 72.81 98.46 0.4996
530.46 271.32 72.81 98.46 0.4996
567.03 271.32 72.81 98.46 0.4996
603.60 271.32 72.81 98.46 0.4996
640.17 271.32 72.81 98.46 0.4996
676.74 271.32 72.81 98.46 0.4996
713.31 271.32 72.81 98.46 0.4996
749.88 271.32 72.81 98.46 0.4996
786.45 271.32 72.81 98.46 0.4996
823.03 271.32 72.81 98.46 0.4996
859.60 271.32 72.81 98.46 0.4996
896.17 271.32 72.81 98.46 0.4996
932.74 271.32 72.81 98.46 0.4996
969.31 271.32 54.69 98.46 0.4996
0.00 320.64 54.69 98.46 0.4996
18.45 320.64 72.81 98.46 0.4996
55.03 320.64 72.81 98.46 0.4996
91.60 320.64 72.81 98.46 0.4996
