18_Concerts_Concerts_18_910
200
927.91 0.00 81.04 151.13 0.1923
50.59 152.79 80.21 150.20 0.1921
928.16 356.77 80.49 150.79 0.1921
928.12 509.88 80.55 150.81 0.1920
928.12 611.95 80.55 150.81 0.1920
928.12 714.02 80.55 150.81 0.1920
50.58 254.81 80.22 150.26 0.1920
50.49 816.08 80.40 150.68 0.1919
50.51 918.11 80.30 150.42 0.1919
50.51 1020.18 80.30 150.42 0.1919
50.51 1122.25 80.30 150.42 0.1919
928.16 816.10 80.49 150.79 0.1919
50.50 714.00 80.38 150.62 0.1918
50.63 356.97 80.12 150.13 0.1918
50.50 611.90 80.31 150.41 0.1917
928.14 1122.31 80.51 150.75 0.1917
269.85 1224.19 80.47 150.83 0.1917
342.99 1224.19 80.47 150.83 0.1917
928.18 254.70 80.44 150.75 0.1916
928.16 918.19 80.46 150.74 0.1916
13.58 0.00 80.82 150.60 0.1916
928.18 101.58 80.47 150.79 0.1916
50.62 510.12 80.13 150.11 0.1916
159.69 0.00 81.22 151.08 0.1916
269.40 0.00 81.22 151.08 0.1916
891.31 0.00 80.90 150.79 0.1915
745.11 254.13 80.73 151.31 0.1915
50.24 0.00 80.91 150.87 0.1915
452.30 0.00 81.16 151.09 0.1915
818.18 203.09 80.79 151.30 0.1915
86.55 0.00 81.19 151.11 0.1915
123.12 0.00 81.19 151.11 0.1915
305.98 0.00 81.19 151.11 0.1915
342.55 0.00 81.19 151.11 0.1915
379.12 0.00 81.19 151.11 0.1915
415.69 0.00 81.19 151.11 0.1915
488.83 0.00 81.19 151.11 0.1915
525.41 0.00 81.19 151.11 0.1915
306.40 1224.15 80.52 150.90 0.1915
379.55 1224.15 80.52 150.90 0.1915
123.41 356.42 80.70 151.07 0.1915
818.18 305.17 80.81 151.46 0.1915
818.18 407.24 80.81 151.46 0.1915
818.18 509.31 80.81 151.46 0.1915
891.66 1122.36 80.13 150.16 0.1915
196.31 0.00 81.16 151.06 0.1914
232.88 0.00 81.16 151.06 0.1914
928.27 1224.60 80.24 150.48 0.1914
13.79 663.17 80.24 150.11 0.1913
13.79 765.24 80.24 150.11 0.1913
416.11 1224.10 80.53 150.96 0.1913
635.12 0.00 81.19 151.08 0.1913
708.26 0.00 81.19 151.08 0.1913
744.83 0.00 81.19 151.08 0.1913
781.41 0.00 81.19 151.08 0.1913
817.98 0.00 81.19 151.08 0.1913
854.55 0.00 81.19 151.08 0.1913
159.90 356.37 80.68 151.12 0.1913
489.26 1224.16 80.43 150.85 0.1913
196.55 305.33 80.71 151.13 0.1913
452.69 1224.16 80.52 150.86 0.1913
561.93 0.00 81.25 151.11 0.1913
598.50 0.00 81.25 151.11 0.1913
671.65 0.00 81.25 151.11 0.1913
196.54 152.06 80.73 151.30 0.1913
233.11 152.06 80.73 151.30 0.1913
269.68 152.06 80.73 151.30 0.1913
306.25 152.06 80.73 151.30 0.1913
562.26 152.06 80.73 151.30 0.1913
671.97 152.06 80.73 151.30 0.1913
708.54 152.06 80.73 151.30 0.1913
745.11 152.06 80.73 151.30 0.1913
159.97 203.09 80.73 151.30 0.1913
342.83 203.09 80.73 151.30 0.1913
781.68 203.09 80.73 151.30 0.1913
233.11 254.13 80.73 151.30 0.1913
86.83 356.20 80.73 151.30 0.1913
233.11 356.20 80.73 151.30 0.1913
598.76 152.06 80.79 151.29 0.1913
123.33 254.13 80.79 151.29 0.1913
50.71 1224.65 79.94 150.01 0.1912
854.71 458.28 80.86 151.48 0.1912
635.40 152.06 80.74 151.46 0.1912
269.68 254.13 80.74 151.46 0.1912
306.25 254.13 80.74 151.46 0.1912
781.68 305.17 80.74 151.46 0.1912
781.68 407.24 80.74 151.46 0.1912
598.82 1121.74 80.74 151.46 0.1912
13.81 306.03 80.28 150.14 0.1912
781.61 509.31 80.81 151.45 0.1912
123.29 611.36 80.85 151.53 0.1912
854.76 611.36 80.81 151.51 0.1912
306.18 1070.71 80.81 151.45 0.1912
342.76 1070.71 80.81 151.45 0.1912
562.18 1070.71 80.81 151.45 0.1912
379.33 1121.74 80.81 151.45 0.1912
415.90 1121.74 80.81 151.45 0.1912
452.47 1121.74 80.81 151.45 0.1912
525.61 1121.74 80.81 151.45 0.1912
635.33 1121.74 80.81 151.45 0.1912
379.28 458.25 80.83 151.48 0.1912
745.12 356.24 80.72 151.37 0.1912
269.63 407.25 80.79 151.42 0.1912
598.81 611.53 80.73 151.28 0.1912
781.63 713.49 80.79 151.36 0.1912
818.20 713.49 80.79 151.36 0.1912
342.76 917.64 80.81 151.44 0.1912
269.63 1121.78 80.79 151.36 0.1912
196.75 1224.18 80.43 150.80 0.1912
233.33 1224.18 80.43 150.80 0.1912
13.80 101.72 80.30 150.30 0.1912
13.80 203.79 80.30 150.30 0.1912
13.80 867.26 80.30 150.30 0.1912
13.80 1122.44 80.30 150.30 0.1912
781.62 611.38 80.78 151.49 0.1911
818.19 611.38 80.78 151.49 0.1911
562.12 917.58 80.92 151.49 0.1911
598.69 917.58 80.92 151.49 0.1911
928.18 1020.24 80.44 150.74 0.1911
342.70 509.29 80.84 151.64 0.1911
159.90 458.28 80.70 151.25 0.1911
598.76 713.56 80.79 151.35 0.1911
123.33 917.70 80.79 151.35 0.1911
123.33 1019.77 80.79 151.35 0.1911
781.62 1121.85 80.79 151.35 0.1911
123.33 1172.88 80.79 151.35 0.1911
159.91 1172.88 80.79 151.35 0.1911
745.01 1070.78 80.82 151.40 0.1911
86.72 1172.85 80.82 151.40 0.1911
891.64 101.59 80.16 150.24 0.1911
525.58 458.28 80.81 151.42 0.1911
635.26 917.57 80.89 151.53 0.1911
671.84 917.57 80.89 151.53 0.1911
818.15 1172.78 80.81 151.42 0.1911
489.05 305.18 80.81 151.46 0.1911
525.62 305.18 80.81 151.46 0.1911
13.85 1020.54 80.23 150.11 0.1911
891.60 560.84 80.24 150.43 0.1911
745.01 1172.80 80.86 151.51 0.1911
854.75 305.20 80.79 151.45 0.1911
306.17 407.29 80.80 151.41 0.1911
854.76 713.51 80.83 151.36 0.1911
671.90 1019.73 80.83 151.36 0.1911
598.75 356.25 80.83 151.46 0.1910
671.90 407.28 80.83 151.46 0.1910
745.10 662.46 80.76 151.44 0.1910
196.47 815.57 80.83 151.46 0.1910
452.54 152.06 80.73 151.30 0.1910
123.40 458.28 80.73 151.29 0.1910
233.06 509.29 80.79 151.47 0.1910
13.81 561.10 80.25 150.16 0.1910
86.71 611.40 80.87 151.51 0.1910
708.46 662.46 80.82 151.43 0.1910
781.61 815.57 80.82 151.43 0.1910
818.14 1070.72 80.87 151.51 0.1910
854.71 1121.76 80.87 151.51 0.1910
562.18 1172.82 80.82 151.43 0.1910
891.62 407.77 80.22 150.34 0.1910
891.62 662.95 80.22 150.34 0.1910
891.62 765.02 80.22 150.34 0.1910
891.62 1020.20 80.22 150.34 0.1910
415.96 611.44 80.69 151.33 0.1910
452.53 611.44 80.69 151.33 0.1910
415.84 917.57 80.89 151.56 0.1910
452.41 917.57 80.89 151.56 0.1910
525.68 152.16 80.74 151.22 0.1910
489.06 407.42 80.73 151.23 0.1910
489.06 662.60 80.73 151.23 0.1910
159.92 713.64 80.73 151.23 0.1910
269.63 713.64 80.73 151.23 0.1910
342.78 713.64 80.73 151.23 0.1910
379.35 713.64 80.73 151.23 0.1910
708.55 1070.75 80.74 151.41 0.1910
635.32 356.08 80.85 151.63 0.1910
196.48 458.32 80.78 151.33 0.1910
745.05 560.42 80.80 151.34 0.1910
745.05 815.60 80.80 151.34 0.1910
781.63 917.64 80.78 151.33 0.1910
598.76 1019.74 80.80 151.34 0.1910
635.33 1019.74 80.80 151.34 0.1910
708.48 1172.83 80.81 151.40 0.1910
854.75 152.09 80.79 151.47 0.1910
379.33 203.09 80.78 151.46 0.1910
452.51 305.23 80.76 151.30 0.1910
415.89 305.20 80.79 151.36 0.1910
342.77 407.26 80.75 151.40 0.1910
415.91 407.26 80.75 151.40 0.1910
452.49 407.26 80.75 151.40 0.1910
562.20 458.29 80.75 151.40 0.1910
269.63 509.33 80.75 151.40 0.1910
306.20 509.33 80.75 151.40 0.1910
489.06 560.36 80.75 151.40 0.1910
525.63 560.36 80.75 151.40 0.1910
233.06 611.40 80.75 151.40 0.1910
306.20 662.43 80.75 151.40 0.1910
525.63 662.43 80.75 151.40 0.1910
123.34 713.47 80.75 151.40 0.1910
86.77 815.54 80.75 151.40 0.1910
233.04 1070.79 80.83 151.41 0.1910
489.04 1070.71 80.81 151.45 0.1910
