18_Concerts_Concerts_18_251
200
927.92 0.00 81.01 111.78 0.1927
928.16 188.40 80.49 111.53 0.1921
50.59 264.02 80.21 111.10 0.1921
928.16 263.90 80.49 111.53 0.1921
50.55 113.00 80.24 111.14 0.1921
50.54 188.46 80.25 111.18 0.1920
928.16 339.40 80.49 111.53 0.1919
928.16 414.90 80.49 111.53 0.1919
928.16 490.40 80.49 111.53 0.1919
50.63 452.73 80.16 111.12 0.1918
50.63 528.23 80.16 111.12 0.1918
50.63 603.73 80.16 111.12 0.1918
50.63 679.23 80.16 111.12 0.1918
50.63 754.73 80.16 111.12 0.1918
50.63 830.23 80.16 111.12 0.1918
50.22 0.00 80.93 111.58 0.1918
50.59 339.52 80.16 111.08 0.1917
928.14 830.15 80.51 111.51 0.1917
928.14 565.88 80.51 111.55 0.1917
928.18 112.89 80.44 111.50 0.1916
415.69 0.00 81.22 111.75 0.1916
891.57 867.89 80.27 111.30 0.1915
891.31 0.00 80.90 111.54 0.1915
159.73 0.00 81.16 111.76 0.1915
452.30 0.00 81.16 111.76 0.1915
525.45 0.00 81.16 111.76 0.1915
342.55 0.00 81.19 111.77 0.1915
379.12 0.00 81.19 111.77 0.1915
488.83 0.00 81.19 111.77 0.1915
635.12 0.00 81.19 111.77 0.1915
891.63 792.39 80.20 111.20 0.1915
123.07 0.00 81.25 111.79 0.1915
781.61 112.47 80.81 112.03 0.1915
818.18 112.47 80.81 112.03 0.1915
745.04 150.22 80.81 112.03 0.1915
818.18 187.97 80.81 112.03 0.1915
818.18 338.97 80.81 112.03 0.1915
818.18 414.47 80.81 112.03 0.1915
818.19 527.75 80.79 111.96 0.1914
854.71 150.23 80.86 112.07 0.1914
13.59 0.00 80.80 111.38 0.1914
781.63 187.99 80.76 111.99 0.1914
379.33 867.55 80.79 111.95 0.1914
415.91 867.55 80.79 111.95 0.1914
306.02 0.00 81.15 111.74 0.1913
598.59 0.00 81.15 111.74 0.1913
818.02 0.00 81.15 111.74 0.1913
854.71 263.47 80.83 112.10 0.1913
86.55 0.00 81.19 111.75 0.1913
196.26 0.00 81.19 111.75 0.1913
232.83 0.00 81.19 111.75 0.1913
269.41 0.00 81.19 111.75 0.1913
561.98 0.00 81.19 111.75 0.1913
671.69 0.00 81.19 111.75 0.1913
708.26 0.00 81.19 111.75 0.1913
744.83 0.00 81.19 111.75 0.1913
781.41 0.00 81.19 111.75 0.1913
854.55 0.00 81.19 111.75 0.1913
818.18 867.51 80.83 112.03 0.1913
671.97 112.47 80.73 111.92 0.1913
233.11 150.22 80.73 111.92 0.1913
781.60 414.50 80.82 112.01 0.1913
818.26 603.22 80.73 111.92 0.1913
452.73 905.64 80.36 111.45 0.1913
196.47 187.97 80.79 111.91 0.1913
708.46 791.95 80.84 112.06 0.1913
635.40 150.35 80.73 111.91 0.1913
342.77 678.71 80.80 112.04 0.1913
928.20 754.71 80.41 111.45 0.1913
854.75 867.38 80.85 112.16 0.1912
196.74 905.66 80.34 111.39 0.1912
160.10 905.66 80.41 111.38 0.1912
781.88 905.56 80.43 111.46 0.1912
708.54 112.48 80.74 112.03 0.1912
671.97 187.98 80.74 112.03 0.1912
708.54 225.73 80.74 112.03 0.1912
123.40 263.48 80.74 112.03 0.1912
159.97 263.48 80.74 112.03 0.1912
708.54 301.23 80.74 112.03 0.1912
86.82 338.98 80.74 112.03 0.1912
86.82 414.48 80.74 112.03 0.1912
159.90 112.48 80.81 112.03 0.1912
123.33 150.23 80.81 112.03 0.1912
159.90 187.98 80.81 112.03 0.1912
415.86 225.74 80.87 112.10 0.1912
745.04 225.73 80.81 112.03 0.1912
781.61 263.48 80.81 112.03 0.1912
818.18 263.48 80.81 112.03 0.1912
745.04 301.23 80.81 112.03 0.1912
123.33 338.98 80.81 112.03 0.1912
781.61 338.98 80.81 112.03 0.1912
745.04 376.73 80.81 112.03 0.1912
745.04 452.23 80.81 112.03 0.1912
781.61 603.23 80.81 112.03 0.1912
781.69 490.00 80.72 111.97 0.1912
854.71 527.72 80.83 112.08 0.1912
233.28 905.55 80.46 111.62 0.1912
269.90 905.50 80.43 111.54 0.1912
13.80 75.24 80.30 111.18 0.1912
13.80 150.74 80.30 111.18 0.1912
342.70 867.50 80.84 112.00 0.1912
159.90 338.97 80.78 112.06 0.1911
854.76 376.72 80.78 112.06 0.1911
123.33 414.47 80.78 112.06 0.1911
306.19 452.22 80.78 112.06 0.1911
342.76 489.97 80.78 112.06 0.1911
928.18 641.40 80.44 111.50 0.1911
50.70 905.79 80.01 110.94 0.1911
123.30 867.54 80.81 111.98 0.1911
86.73 867.49 80.84 112.04 0.1911
562.19 301.31 80.79 111.95 0.1911
635.33 565.56 80.79 111.95 0.1911
781.62 792.06 80.79 111.95 0.1911
489.05 867.56 80.79 111.95 0.1911
671.88 791.98 80.86 112.05 0.1911
745.02 829.73 80.86 112.05 0.1911
745.27 905.49 80.51 111.59 0.1911
891.64 75.14 80.16 111.13 0.1911
598.83 150.35 80.71 111.79 0.1911
379.33 640.99 80.81 112.03 0.1911
13.87 868.10 80.21 111.04 0.1911
928.40 943.70 80.03 111.54 0.1911
598.76 376.68 80.80 112.07 0.1911
489.04 414.43 80.80 112.07 0.1911
598.76 527.68 80.80 112.07 0.1911
744.99 74.75 80.91 112.06 0.1910
635.40 225.73 80.74 112.01 0.1910
671.96 263.51 80.76 112.02 0.1910
708.53 376.76 80.76 112.02 0.1910
269.67 527.76 80.76 112.02 0.1910
745.10 565.51 80.76 112.02 0.1910
745.04 716.51 80.83 112.03 0.1910
86.75 112.51 80.82 112.01 0.1910
86.75 188.01 80.82 112.01 0.1910
86.75 263.51 80.82 112.01 0.1910
452.43 263.49 80.87 112.07 0.1910
306.18 376.76 80.82 112.01 0.1910
269.61 414.51 80.82 112.01 0.1910
415.86 640.99 80.87 112.07 0.1910
671.89 867.51 80.82 112.01 0.1910
525.87 905.64 80.36 111.45 0.1910
891.63 150.60 80.20 111.22 0.1910
891.63 226.10 80.20 111.22 0.1910
891.63 301.60 80.20 111.22 0.1910
891.63 377.10 80.20 111.22 0.1910
891.63 452.60 80.20 111.22 0.1910
525.69 112.60 80.73 111.91 0.1910
306.20 150.25 80.74 111.85 0.1910
159.93 452.29 80.71 111.88 0.1910
379.36 490.04 80.71 111.88 0.1910
123.36 603.29 80.71 111.88 0.1910
525.63 641.11 80.73 111.86 0.1910
598.78 641.11 80.73 111.86 0.1910
452.49 678.86 80.73 111.86 0.1910
489.06 678.86 80.73 111.86 0.1910
342.78 754.36 80.73 111.86 0.1910
233.11 225.72 80.71 112.04 0.1910
306.25 527.75 80.73 112.05 0.1910
269.62 225.72 80.78 112.03 0.1910
306.19 225.72 80.78 112.03 0.1910
196.48 263.47 80.78 112.03 0.1910
342.76 414.47 80.78 112.03 0.1910
854.76 452.22 80.78 112.03 0.1910
562.25 112.48 80.74 112.03 0.1910
123.34 490.02 80.73 111.97 0.1910
196.47 112.48 80.81 112.03 0.1910
562.20 603.24 80.75 111.98 0.1910
562.20 678.74 80.75 111.98 0.1910
379.34 716.49 80.75 111.98 0.1910
525.63 716.49 80.75 111.98 0.1910
415.91 754.24 80.75 111.98 0.1910
452.49 754.24 80.75 111.98 0.1910
489.06 754.24 80.75 111.98 0.1910
379.34 791.99 80.75 111.98 0.1910
342.84 150.25 80.69 111.97 0.1910
306.15 867.52 80.86 112.03 0.1910
233.06 301.25 80.76 111.97 0.1909
196.49 339.00 80.76 111.97 0.1909
86.83 527.72 80.72 112.06 0.1909
86.76 603.22 80.78 112.06 0.1909
86.76 678.72 80.78 112.06 0.1909
415.91 339.06 80.78 111.94 0.1909
452.49 339.06 80.78 111.94 0.1909
489.06 339.06 80.78 111.94 0.1909
525.63 339.06 80.78 111.94 0.1909
379.31 376.71 80.84 112.04 0.1909
525.63 414.56 80.78 111.94 0.1909
525.63 527.81 80.78 111.94 0.1909
562.20 527.81 80.78 111.94 0.1909
489.06 565.56 80.78 111.94 0.1909
452.49 603.31 80.78 111.94 0.1909
671.91 641.06 80.78 111.94 0.1909
159.91 754.31 80.78 111.94 0.1909
562.20 754.31 80.78 111.94 0.1909
306.20 792.06 80.78 111.94 0.1909
159.91 829.81 80.78 111.94 0.1909
233.14 490.03 80.72 111.96 0.1909
123.30 792.04 80.81 111.98 0.1909
671.89 339.01 80.82 111.99 0.1909
635.32 867.51 80.82 111.99 0.1909
