21_Festival_Festival_21_976
125
534.63 270.59 58.67 66.68 0.6119
874.67 32.47 27.33 39.15 0.4116
392.62 51.83 53.86 51.40 0.3957
360.22 50.90 58.91 50.71 0.3840
814.89 99.45 35.94 44.39 0.3531
740.47 47.89 26.40 28.92 0.3155
829.83 77.63 38.40 52.36 0.3150
148.32 47.02 25.71 25.36 0.3057
29.31 34.46 65.48 68.87 0.2929
520.41 4.38 26.07 28.89 0.2693
44.69 26.37 98.31 78.94 0.2669
771.01 48.96 26.57 30.06 0.2626
815.59 40.74 26.59 29.37 0.2596
473.85 31.68 25.05 31.98 0.2558
351.66 23.79 56.85 62.23 0.2507
699.55 50.56 28.35 24.28 0.2456
532.95 235.03 55.69 71.10 0.2327
817.56 23.72 27.86 32.39 0.2320
333.89 67.91 50.91 39.85 0.2312
545.55 224.34 33.80 32.09 0.2261
330.77 15.05 52.40 37.12 0.2246
437.57 65.79 32.61 35.63 0.2210
849.99 35.64 25.95 36.73 0.2142
810.39 73.08 44.16 46.89 0.2074
282.18 86.44 81.14 44.78 0.2027
847.63 1.51 22.95 24.66 0.2011
881.30 3.15 22.67 24.50 0.2010
958.15 0.68 25.23 23.96 0.1915
445.21 46.32 30.15 38.06 0.1870
547.50 65.30 29.71 31.08 0.1789
845.74 21.74 25.68 39.68 0.1763
311.65 125.31 63.91 64.17 0.1745
557.13 55.58 25.84 25.14 0.1718
142.69 22.84 33.92 41.13 0.1647
351.09 2.81 45.74 37.76 0.1645
814.58 1.50 26.90 33.74 0.1604
874.44 40.43 35.98 59.35 0.1599
449.72 25.66 25.73 32.04 0.1582
140.53 1.40 39.91 36.19 0.1542
555.35 3.19 22.01 21.37 0.1483
273.02 16.53 53.19 34.03 0.1476
0.00 45.99 536.22 634.04 0.1420
538.39 79.52 40.65 45.55 0.1408
75.48 54.06 314.99 302.62 0.1402
765.37 30.93 28.86 34.20 0.1390
918.19 25.88 23.61 38.07 0.1387
590.14 25.23 23.55 21.55 0.1358
555.07 21.35 24.56 25.14 0.1357
464.28 62.22 37.43 37.83 0.1357
284.64 83.24 118.87 143.84 0.1342
226.31 4.09 74.48 45.96 0.1325
2.67 52.85 68.51 75.14 0.1319
981.48 2.77 29.82 24.95 0.1318
97.26 0.00 53.48 55.33 0.1306
79.48 70.08 79.47 86.43 0.1305
697.23 50.10 40.24 44.16 0.1272
469.78 110.42 51.27 56.92 0.1268
916.73 42.85 25.21 35.98 0.1254
502.35 79.12 47.54 44.45 0.1222
511.43 69.88 30.95 32.27 0.1131
246.31 64.46 122.24 76.54 0.1124
468.10 87.19 39.36 40.39 0.1103
275.71 44.66 52.32 28.21 0.1094
970.43 9.23 41.61 42.42 0.1067
512.91 46.00 29.99 32.23 0.1033
956.01 15.13 36.89 38.63 0.1018
332.36 120.09 88.46 72.30 0.1016
119.61 87.77 81.57 71.89 0.1015
351.53 91.40 70.08 68.61 0.1005
481.49 97.38 81.36 89.45 0.0993
592.12 3.84 21.91 18.85 0.0987
325.77 145.60 79.66 70.49 0.0978
479.45 0.70 26.89 25.80 0.0953
760.85 148.31 39.29 43.70 0.0944
724.38 133.03 43.83 54.91 0.0943
248.15 46.75 64.30 35.41 0.0943
916.95 0.00 25.79 23.73 0.0942
142.41 45.68 40.49 45.36 0.0940
150.36 17.94 204.23 132.04 0.0937
36.59 0.00 75.96 55.03 0.0936
829.02 131.68 46.25 59.34 0.0930
445.55 2.38 23.94 27.93 0.0918
579.44 49.10 34.58 25.81 0.0917
867.54 69.97 47.70 73.15 0.0885
385.56 175.01 60.86 45.40 0.0863
411.00 179.56 62.34 50.48 0.0863
701.15 108.59 56.35 64.58 0.0855
614.54 3.44 33.96 23.11 0.0805
759.38 101.57 57.12 68.23 0.0798
8.50 14.26 50.34 63.96 0.0782
0.86 0.00 49.46 49.45 0.0775
435.48 123.28 68.13 62.54 0.0749
765.15 77.34 49.84 63.74 0.0727
5.37 145.68 35.82 50.26 0.0726
946.11 36.95 47.71 59.34 0.0722
802.82 136.96 54.49 64.30 0.0719
904.14 56.91 44.34 60.15 0.0717
138.74 211.36 200.54 115.13 0.0706
407.04 0.00 33.88 29.31 0.0702
178.71 0.00 86.74 49.75 0.0697
615.72 24.24 30.55 21.78 0.0693
82.79 81.52 216.30 160.29 0.0687
555.46 316.05 63.94 69.03 0.0686
550.82 292.32 473.18 395.68 0.0680
576.72 59.99 55.99 52.91 0.0671
279.08 511.54 179.38 88.69 0.0665
32.75 160.27 40.25 39.06 0.0664
435.31 430.52 235.08 142.51 0.0663
4.42 82.50 49.48 63.03 0.0652
667.43 49.94 42.32 29.47 0.0642
82.97 120.79 135.05 94.45 0.0635
182.55 29.40 119.75 55.35 0.0625
470.34 441.58 144.90 91.91 0.0601
41.32 156.04 373.48 349.81 0.0601
129.51 355.65 329.55 301.92 0.0598
539.85 352.61 58.19 59.69 0.0595
566.67 46.23 101.79 90.41 0.0573
371.28 129.09 63.09 54.60 0.0572
0.00 175.00 31.77 45.75 0.0550
456.15 122.68 81.98 86.28 0.0545
492.08 58.92 121.90 140.63 0.0544
16.14 134.15 187.16 122.83 0.0544
189.16 149.09 342.47 276.97 0.0541
0.00 297.21 299.58 390.79 0.0535
198.92 84.72 230.03 215.29 0.0523
