21_Festival_Festival_21_340
200
554.69 319.82 36.34 39.01 0.4160
548.01 268.91 25.05 25.55 0.3845
842.94 222.82 44.42 68.22 0.3640
475.99 258.88 23.23 29.10 0.3504
956.47 329.47 36.57 54.23 0.3474
408.81 248.39 19.69 29.74 0.3124
812.82 318.39 26.58 32.17 0.3031
85.06 302.60 12.45 21.30 0.2988
83.18 316.35 16.50 23.28 0.2798
225.40 338.21 21.83 28.74 0.2781
375.60 246.74 18.63 26.21 0.2743
192.22 323.71 15.07 20.40 0.2729
891.55 156.62 51.25 67.71 0.2723
595.03 249.18 15.35 19.78 0.2698
81.24 346.87 20.03 26.82 0.2676
158.10 345.50 19.32 26.38 0.2647
340.81 248.94 13.66 19.04 0.2596
9.73 348.32 18.27 24.70 0.2567
697.47 111.30 79.28 91.37 0.2553
228.83 272.14 16.18 20.69 0.2545
412.10 264.54 17.70 25.14 0.2543
304.83 248.85 14.69 18.89 0.2529
264.85 296.56 17.39 22.29 0.2498
120.37 344.87 15.03 22.39 0.2498
47.64 344.96 15.60 21.60 0.2469
918.87 276.45 30.13 47.94 0.2461
660.51 324.23 22.81 25.09 0.2452
123.48 298.30 12.30 18.39 0.2445
633.23 275.12 15.90 18.51 0.2444
595.57 269.17 16.83 22.07 0.2405
80.54 359.19 20.53 28.88 0.2397
122.63 322.94 13.08 19.77 0.2368
703.38 269.25 17.56 22.14 0.2358
157.25 322.51 15.19 21.04 0.2352
46.19 293.33 14.79 22.02 0.2345
159.00 272.68 12.52 18.29 0.2304
668.61 273.23 14.34 17.97 0.2292
230.63 327.14 15.63 22.41 0.2282
700.27 297.85 20.88 24.41 0.2281
744.49 113.45 64.35 84.98 0.2274
231.84 225.11 13.25 14.99 0.2271
555.53 292.31 30.82 30.30 0.2227
157.83 299.18 12.41 17.49 0.2222
189.90 339.32 19.24 27.99 0.2209
449.89 261.30 20.39 28.02 0.2206
525.64 275.54 22.50 24.86 0.2197
706.63 252.38 15.49 23.27 0.2185
48.36 275.93 14.13 20.16 0.2179
452.91 250.13 22.71 26.46 0.2166
120.83 270.92 12.96 19.42 0.2164
378.07 228.04 19.55 22.94 0.2159
669.39 250.72 11.57 16.26 0.2146
267.98 227.13 12.99 15.78 0.2146
192.31 299.67 14.09 19.95 0.2146
953.34 278.71 45.58 54.27 0.2144
248.69 390.83 49.86 58.64 0.2123
633.97 247.01 14.47 18.95 0.2109
876.73 319.41 25.03 34.52 0.2107
740.17 251.16 17.33 24.33 0.2091
268.94 247.65 14.26 17.81 0.2085
740.07 269.11 21.10 27.66 0.2078
805.33 164.53 32.98 60.12 0.2070
873.82 151.34 46.13 77.06 0.2031
630.51 345.95 30.93 32.69 0.2019
305.02 228.04 14.14 19.25 0.2009
47.38 323.18 15.21 21.88 0.2006
195.22 249.62 11.32 15.70 0.2000
521.22 291.99 19.33 23.74 0.1974
119.73 368.96 18.49 25.74 0.1972
120.20 251.11 14.24 22.01 0.1969
667.99 297.57 17.76 20.82 0.1957
228.96 250.98 14.74 17.65 0.1924
556.41 61.55 38.34 40.01 0.1919
692.71 92.33 51.53 37.99 0.1918
304.40 271.52 18.28 21.60 0.1916
625.87 356.86 30.52 32.77 0.1912
11.20 296.67 16.43 21.52 0.1907
652.20 333.42 32.80 35.31 0.1906
377.26 264.83 17.15 24.35 0.1894
9.03 321.54 17.79 22.83 0.1875
701.96 312.29 23.34 27.65 0.1875
972.29 310.14 47.86 82.89 0.1873
660.73 65.93 65.19 43.32 0.1859
157.11 359.20 21.32 30.32 0.1831
10.61 362.92 19.38 26.58 0.1815
766.76 287.02 31.60 37.89 0.1813
502.36 27.38 38.89 37.29 0.1804
690.20 107.24 55.90 58.33 0.1803
729.68 325.41 26.81 32.02 0.1793
765.52 97.07 37.78 53.46 0.1783
195.17 227.20 11.84 14.28 0.1782
410.33 228.54 20.27 32.30 0.1779
83.35 271.49 12.72 18.53 0.1777
159.54 252.36 12.44 17.87 0.1771
810.06 191.94 34.42 63.29 0.1770
630.49 293.92 19.90 22.26 0.1762
835.16 245.84 49.32 78.63 0.1760
978.43 286.85 39.71 63.29 0.1741
146.87 333.01 317.95 355.99 0.1713
601.24 463.38 70.20 70.95 0.1708
567.22 326.31 41.08 40.01 0.1708
220.79 390.55 50.70 69.65 0.1707
952.04 249.97 41.11 51.84 0.1703
740.47 287.22 22.10 28.32 0.1699
193.73 274.75 12.86 17.71 0.1690
884.76 433.06 36.90 56.19 0.1689
267.31 276.36 15.17 21.00 0.1677
629.67 320.60 27.49 28.63 0.1676
824.31 173.39 62.37 80.60 0.1674
10.40 273.88 14.57 19.93 0.1660
924.15 242.94 37.09 59.72 0.1659
553.58 254.31 20.42 25.52 0.1638
44.01 370.58 17.28 22.52 0.1627
804.92 281.72 40.59 57.38 0.1626
85.10 252.05 13.48 20.99 0.1615
230.44 294.08 15.53 19.99 0.1610
472.67 26.67 42.67 34.15 0.1602
718.09 89.73 50.01 49.70 0.1595
899.99 433.70 46.24 65.16 0.1583
658.18 81.45 58.45 45.78 0.1582
807.10 225.66 40.63 76.28 0.1578
768.83 267.97 33.76 43.40 0.1561
658.98 112.60 65.92 61.20 0.1551
519.29 317.55 26.48 30.35 0.1548
192.85 198.52 16.07 16.38 0.1544
670.29 36.98 70.11 48.69 0.1526
636.75 428.26 49.39 60.63 0.1519
301.32 294.92 20.90 25.56 0.1492
262.12 346.00 24.26 29.13 0.1490
563.96 37.66 50.91 37.92 0.1446
340.11 272.24 15.02 19.02 0.1441
225.11 356.68 32.88 42.10 0.1401
773.45 305.71 33.65 37.30 0.1392
588.08 297.32 21.49 23.07 0.1389
262.82 309.04 20.61 29.16 0.1369
986.82 247.91 33.61 53.06 0.1363
523.52 251.11 18.39 24.58 0.1352
227.55 201.06 17.92 20.25 0.1350
273.02 394.65 55.05 48.93 0.1343
182.57 359.48 28.11 33.22 0.1337
840.21 310.72 33.44 36.94 0.1325
476.39 385.12 42.73 32.87 0.1323
581.00 22.12 44.89 43.61 0.1301
693.92 343.26 30.05 30.79 0.1290
631.60 225.91 19.87 25.35 0.1281
542.28 24.90 38.38 41.10 0.1272
855.39 266.98 50.74 62.16 0.1270
474.12 225.57 28.07 32.65 0.1264
485.18 292.99 19.61 22.25 0.1262
584.15 2.63 52.06 45.53 0.1257
776.24 236.40 38.75 55.51 0.1245
846.43 338.56 28.81 40.33 0.1244
481.97 321.81 24.17 24.19 0.1243
649.30 108.90 103.60 108.81 0.1239
729.15 77.47 34.32 39.22 0.1238
914.26 309.04 42.96 62.74 0.1229
340.06 228.76 15.35 22.30 0.1228
646.91 19.98 76.12 49.86 0.1212
475.61 70.05 31.18 31.56 0.1211
664.38 222.92 20.47 27.08 0.1203
955.26 411.64 35.42 53.84 0.1193
913.05 190.78 42.60 71.76 0.1193
249.34 357.59 42.79 50.23 0.1162
480.11 343.58 30.40 28.22 0.1157
989.73 480.76 30.95 63.80 0.1147
612.50 413.95 59.01 51.07 0.1139
775.42 339.55 31.13 32.86 0.1129
982.70 503.82 34.52 60.79 0.1127
844.06 357.51 26.36 39.57 0.1118
739.61 150.20 61.16 83.95 0.1116
945.14 470.18 46.14 80.76 0.1108
300.00 313.74 24.08 28.15 0.1107
450.18 30.94 40.96 30.20 0.1093
592.91 227.43 21.19 26.67 0.1091
224.79 52.12 76.72 29.61 0.1087
948.84 536.10 38.35 57.48 0.1086
241.77 404.14 76.32 75.31 0.1085
486.37 1.65 60.17 51.58 0.1077
954.42 498.52 45.60 77.35 0.1073
775.85 131.87 56.81 71.97 0.1051
45.81 386.71 19.52 31.03 0.1050
156.34 225.04 15.68 17.68 0.1042
915.37 383.15 34.85 51.37 0.1028
539.00 351.13 46.73 40.95 0.1020
884.97 388.29 35.50 49.84 0.1018
572.24 84.01 45.08 42.20 0.1017
703.49 43.02 56.74 36.50 0.1015
692.62 209.24 37.41 47.26 0.1015
114.08 176.92 21.78 19.64 0.1004
236.28 395.57 134.51 145.44 0.1001
792.77 97.94 38.58 45.23 0.0999
904.89 445.09 66.66 110.01 0.0996
512.00 333.34 37.85 35.18 0.0996
513.39 456.92 155.68 91.92 0.0993
155.55 401.20 165.90 233.42 0.0980
9.66 388.79 19.91 30.07 0.0979
337.47 334.64 26.39 31.39 0.0970
736.16 366.20 26.20 31.75 0.0967
628.31 156.58 58.62 64.44 0.0961
76.98 381.56 25.54 35.26 0.0940
