10_People_Marching_People_Marching_2_36
45
437.37 331.03 347.09 390.46 0.9991
499.50 269.65 519.60 254.35 0.9966
303.54 332.35 327.19 384.70 0.9961
156.97 333.27 328.21 391.18 0.9869
369.35 283.34 330.39 272.21 0.9652
237.00 281.53 318.43 272.69 0.9088
121.48 344.19 167.30 421.81 0.8980
174.90 298.47 191.39 298.39 0.7271
54.77 268.44 81.27 132.91 0.2090
72.78 283.43 106.94 145.62 0.1817
49.54 360.21 86.16 149.56 0.1490
54.75 407.96 115.89 142.84 0.0805
240.33 183.04 312.89 225.20 0.0458
79.09 349.10 112.19 120.03 0.0446
32.51 389.42 64.07 132.38 0.0439
598.09 165.95 425.91 194.25 0.0416
188.68 226.03 136.06 137.34 0.0408
828.83 279.22 145.66 122.99 0.0345
80.95 226.73 103.80 145.00 0.0343
761.32 197.25 120.54 113.28 0.0342
28.78 258.64 69.68 176.08 0.0339
58.92 175.69 80.19 162.65 0.0332
231.04 205.44 132.74 127.78 0.0330
319.89 258.88 127.27 137.13 0.0315
233.06 258.73 128.47 145.29 0.0304
650.55 283.85 131.39 120.83 0.0272
133.11 257.93 144.42 132.61 0.0268
564.51 414.89 402.80 351.11 0.0248
272.70 224.60 130.54 145.98 0.0245
596.43 23.62 165.44 79.15 0.0234
317.12 342.60 139.00 131.13 0.0231
589.60 372.52 133.11 140.99 0.0228
465.56 300.39 139.83 123.34 0.0227
454.86 437.68 133.25 146.12 0.0226
698.32 203.75 131.44 148.47 0.0226
419.49 263.49 136.21 139.54 0.0217
152.76 375.74 147.11 138.83 0.0212
485.42 394.50 146.33 142.79 0.0211
380.51 363.97 140.16 137.81 0.0209
382.96 446.98 128.01 125.34 0.0208
798.33 223.96 175.67 103.08 0.0206
305.58 404.48 137.38 128.32 0.0206
752.75 258.38 133.32 139.29 0.0204
617.38 331.29 150.21 109.58 0.0201
783.12 306.76 151.19 117.66 0.0201
