10_People_Marching_People_Marching_2_638
27
399.08 164.31 415.15 272.28 0.2681
287.92 219.61 357.98 289.88 0.2346
292.93 122.63 385.39 183.80 0.0863
476.29 125.54 416.30 187.96 0.0740
128.95 360.56 237.28 323.44 0.0720
148.56 244.89 365.19 334.70 0.0687
207.76 87.26 405.89 149.50 0.0600
484.99 46.01 539.01 191.32 0.0577
460.61 243.95 400.77 440.05 0.0498
483.54 78.41 147.44 86.49 0.0374
347.33 137.21 137.28 118.49 0.0324
158.46 172.23 251.90 254.76 0.0314
117.69 76.91 296.72 166.76 0.0303
173.84 109.24 322.31 224.06 0.0294
46.29 287.31 204.13 393.34 0.0287
336.74 217.24 125.71 114.42 0.0269
0.00 52.16 47.80 81.82 0.0259
27.49 36.49 81.45 141.13 0.0251
366.78 311.39 326.97 326.07 0.0247
443.79 48.74 166.03 64.92 0.0245
347.93 58.01 122.53 108.25 0.0241
500.23 220.16 523.77 268.33 0.0238
186.24 21.58 178.41 62.06 0.0234
58.38 19.20 126.30 60.81 0.0228
415.14 53.71 143.24 97.60 0.0222
386.94 220.05 120.27 139.08 0.0219
482.64 225.12 136.81 122.10 0.0217
