44_Aerobics_Aerobics_44_194
178
449.23 347.19 58.00 54.79 0.4180
115.28 327.69 38.33 35.08 0.3235
224.15 318.33 131.31 95.32 0.3180
742.35 53.71 26.43 24.41 0.3103
360.21 69.60 49.06 63.97 0.3005
366.39 94.22 39.39 59.22 0.2808
174.79 311.83 51.76 46.52 0.2779
520.82 155.54 33.65 37.05 0.2731
488.87 320.80 70.48 60.32 0.2617
539.24 154.13 34.51 34.58 0.2586
550.10 313.49 48.07 46.53 0.2383
634.70 92.73 23.15 27.00 0.2327
618.56 263.47 36.44 40.94 0.2276
457.02 331.41 100.66 92.85 0.2108
507.30 323.30 39.49 36.84 0.2032
177.92 276.56 46.45 58.55 0.1981
409.54 328.74 22.34 30.65 0.1971
369.30 120.73 36.09 51.53 0.1930
573.87 385.09 56.18 66.39 0.1910
327.41 77.81 29.86 45.48 0.1865
213.15 287.28 38.55 37.59 0.1846
672.12 301.66 62.83 76.99 0.1837
301.61 88.93 35.07 39.19 0.1826
552.20 229.33 45.47 48.85 0.1781
189.20 227.41 34.24 29.24 0.1770
201.92 311.87 83.12 67.71 0.1720
150.72 315.81 46.85 43.44 0.1707
475.20 175.47 33.96 38.06 0.1617
660.15 76.54 21.75 26.51 0.1609
731.73 171.61 73.09 76.38 0.1599
326.02 270.96 30.86 28.70 0.1573
439.14 204.86 39.31 43.88 0.1554
584.26 225.37 48.83 58.66 0.1552
649.43 290.54 61.03 71.82 0.1551
371.93 169.50 40.48 46.34 0.1540
577.33 192.40 53.49 49.25 0.1535
476.72 130.27 25.82 31.27 0.1522
569.14 287.85 60.11 70.67 0.1482
389.65 193.10 38.40 40.06 0.1465
442.83 300.50 23.32 23.73 0.1458
471.40 329.59 42.92 50.12 0.1457
846.96 303.48 29.89 37.14 0.1453
628.59 151.46 22.98 30.47 0.1452
610.40 287.94 75.32 92.54 0.1441
504.43 339.96 127.84 144.27 0.1437
471.15 192.87 34.78 36.69 0.1421
587.50 92.26 28.18 34.25 0.1377
299.10 322.18 57.93 47.22 0.1376
607.38 259.30 63.15 80.74 0.1356
187.62 235.77 41.09 44.74 0.1355
759.76 147.70 46.27 52.68 0.1353
441.16 177.89 30.78 32.41 0.1350
634.62 74.81 32.12 39.91 0.1329
117.13 308.97 74.04 61.41 0.1325
722.62 198.51 48.21 70.40 0.1319
649.07 256.54 41.58 48.31 0.1316
655.04 247.94 32.22 35.24 0.1312
552.40 195.52 48.49 45.25 0.1308
199.95 249.44 46.74 49.41 0.1286
621.87 173.34 28.75 33.87 0.1258
443.60 329.73 39.08 41.36 0.1246
660.15 91.24 23.07 32.57 0.1226
586.68 117.85 29.73 28.49 0.1175
738.85 264.46 27.40 34.06 0.1164
514.09 189.28 34.95 37.89 0.1158
604.67 203.65 48.04 60.86 0.1147
665.91 514.45 34.01 47.01 0.1142
632.93 41.18 32.95 41.55 0.1123
580.84 146.75 38.28 38.69 0.1119
588.44 247.06 50.94 59.85 0.1115
25.74 394.75 295.92 226.98 0.1114
661.36 169.13 28.16 31.51 0.1094
561.42 311.74 76.69 80.19 0.1087
657.24 118.84 26.92 30.76 0.1085
295.21 108.62 35.12 40.94 0.1081
599.78 185.52 49.18 49.10 0.1081
703.38 127.82 21.02 26.13 0.1078
659.59 213.75 364.41 484.25 0.1069
694.57 193.60 64.15 88.34 0.1054
545.17 249.73 45.41 53.29 0.1050
329.46 255.70 27.38 32.24 0.1043
741.23 61.94 26.40 30.38 0.1040
727.61 311.66 33.02 41.01 0.1040
162.13 308.20 224.36 163.39 0.1040
445.59 142.62 29.81 32.80 0.1037
660.80 150.97 28.60 37.71 0.1031
642.37 319.26 71.52 87.41 0.1026
552.55 125.16 31.28 29.60 0.1009
917.65 129.80 31.49 34.04 0.0994
316.39 293.19 41.53 39.66 0.0991
383.50 135.55 42.59 41.12 0.0990
629.80 122.33 24.06 26.90 0.0980
388.81 167.73 41.22 44.21 0.0979
378.66 104.63 47.38 52.77 0.0972
514.82 220.41 29.22 33.26 0.0967
733.49 241.51 35.13 45.42 0.0967
305.56 277.92 29.97 25.18 0.0963
371.34 325.30 34.65 36.69 0.0960
557.26 89.71 39.19 42.00 0.0953
830.99 314.64 50.16 59.57 0.0953
585.18 169.50 43.41 43.37 0.0952
511.83 300.96 36.00 42.47 0.0947
662.62 186.40 33.11 44.08 0.0943
580.97 69.75 34.37 44.29 0.0937
106.87 324.63 97.50 115.21 0.0936
517.10 236.63 34.16 44.67 0.0931
700.47 159.73 81.00 100.42 0.0926
870.57 130.28 33.50 35.08 0.0925
655.47 45.97 28.74 36.29 0.0920
652.55 215.79 37.53 50.52 0.0907
703.14 141.69 38.67 45.67 0.0898
412.13 305.67 25.92 36.79 0.0896
727.07 151.54 49.57 60.20 0.0889
926.76 34.17 79.15 77.57 0.0877
96.77 296.00 455.13 402.00 0.0871
320.41 90.03 42.87 60.30 0.0851
636.02 375.88 234.08 288.16 0.0847
519.45 265.28 33.56 36.29 0.0846
802.79 74.97 26.85 32.12 0.0845
482.43 300.62 31.00 34.84 0.0838
778.08 94.30 26.77 28.75 0.0834
611.00 341.89 62.32 77.55 0.0823
770.36 124.18 31.48 38.31 0.0823
422.22 332.11 152.32 181.52 0.0817
751.68 233.52 49.23 56.90 0.0816
687.85 261.03 50.62 53.58 0.0810
775.25 203.84 84.48 86.74 0.0800
0.00 0.90 40.31 32.40 0.0790
735.74 95.26 25.11 27.01 0.0778
82.82 406.62 110.35 109.73 0.0765
775.85 78.68 23.05 22.93 0.0755
650.22 505.91 58.98 74.94 0.0749
77.83 321.42 42.60 33.98 0.0744
732.28 118.15 36.87 42.04 0.0743
518.68 126.95 32.87 36.31 0.0736
104.89 371.49 145.76 136.14 0.0732
852.37 143.90 32.01 30.17 0.0731
948.15 124.39 33.90 43.09 0.0718
380.74 48.43 43.80 51.68 0.0695
826.57 259.89 64.33 64.59 0.0690
656.36 479.40 97.46 128.91 0.0658
338.24 57.21 26.75 39.65 0.0654
430.24 227.00 40.73 45.81 0.0654
356.99 328.82 43.67 50.81 0.0642
5.03 469.19 24.83 27.53 0.0638
107.11 342.85 55.67 67.76 0.0634
243.76 295.95 42.30 31.79 0.0620
671.19 304.19 240.52 203.11 0.0618
304.40 276.14 277.61 313.79 0.0615
556.52 50.35 44.73 69.87 0.0612
3.00 491.89 33.77 34.26 0.0606
394.37 225.92 44.38 49.19 0.0605
843.06 173.06 51.10 37.60 0.0603
501.71 499.78 68.67 56.35 0.0599
507.68 491.09 57.81 36.64 0.0599
773.10 315.35 34.68 35.27 0.0593
691.86 71.82 32.86 31.91 0.0586
88.51 365.51 90.26 104.05 0.0586
480.34 22.49 32.01 42.05 0.0585
874.11 173.71 37.64 26.45 0.0578
868.58 190.60 44.23 34.80 0.0569
70.38 492.26 113.66 74.25 0.0563
250.35 47.16 38.59 42.77 0.0557
404.14 350.70 41.14 55.79 0.0553
784.51 322.59 64.57 58.80 0.0551
300.32 55.23 38.46 40.08 0.0543
836.17 195.68 95.25 76.19 0.0538
760.87 324.71 59.03 61.50 0.0534
482.19 442.25 100.74 88.28 0.0531
758.09 289.33 43.66 46.04 0.0530
769.41 178.96 90.68 71.54 0.0528
435.55 279.01 33.48 44.23 0.0528
649.26 379.41 48.06 51.43 0.0519
371.27 242.43 34.17 36.64 0.0515
107.80 268.74 85.33 79.52 0.0509
252.11 275.38 31.78 29.81 0.0508
775.35 254.62 178.57 221.45 0.0508
4.12 12.10 41.94 44.44 0.0501
