44_Aerobics_Aerobics_44_916
200
614.44 200.03 43.30 52.98 0.6176
523.43 314.26 45.82 58.15 0.6138
701.80 296.62 51.67 63.86 0.5962
248.75 317.49 56.71 52.21 0.5701
495.01 66.27 40.78 50.60 0.5410
717.77 205.19 44.71 65.24 0.4591
641.78 448.69 45.36 62.52 0.4469
26.96 309.51 75.05 91.26 0.4135
792.55 204.67 35.08 52.42 0.3838
590.18 79.05 28.68 38.75 0.3599
5.31 331.09 52.81 78.87 0.3528
874.56 198.47 36.76 60.49 0.3492
517.57 502.37 37.69 48.71 0.3480
211.32 259.13 40.97 58.69 0.3227
907.74 265.64 32.48 47.76 0.3095
368.78 203.34 41.66 49.92 0.3091
654.22 426.49 41.04 71.38 0.2989
760.03 353.23 101.77 171.69 0.2978
593.20 49.75 19.60 34.04 0.2789
400.67 564.65 25.25 30.50 0.2739
878.54 274.70 32.57 63.10 0.2697
134.04 207.69 41.21 48.30 0.2683
331.24 236.43 30.88 35.77 0.2605
984.42 228.21 29.20 46.85 0.2566
120.65 470.79 91.13 97.01 0.2517
251.41 30.51 32.31 53.58 0.2483
542.35 294.80 38.95 60.21 0.2464
450.37 196.14 38.75 56.54 0.2435
399.56 211.53 35.21 48.93 0.2427
448.48 280.80 24.72 35.33 0.2337
479.36 235.88 23.94 30.71 0.2300
517.93 639.25 40.90 39.92 0.2246
765.14 348.55 70.12 101.83 0.2241
462.78 183.95 36.97 55.59 0.2216
703.96 223.72 57.09 83.55 0.2181
442.61 223.41 28.78 41.68 0.2160
434.87 471.01 44.99 68.40 0.2094
469.70 547.67 32.87 48.98 0.2043
594.41 186.73 44.43 56.00 0.2028
558.18 261.62 25.36 31.68 0.2020
90.12 145.23 39.88 72.82 0.1990
365.59 357.17 37.00 51.78 0.1954
329.98 206.85 37.14 47.81 0.1944
660.18 506.80 34.95 39.42 0.1933
223.02 289.79 49.44 74.03 0.1925
870.39 166.48 36.21 69.28 0.1918
803.29 266.50 47.46 69.04 0.1913
730.25 125.60 26.22 33.41 0.1896
383.53 192.48 44.64 52.07 0.1893
663.90 521.52 36.65 45.12 0.1877
850.72 264.06 45.75 77.54 0.1838
722.95 169.69 44.77 66.15 0.1829
330.63 394.34 66.66 84.96 0.1811
404.85 425.26 35.81 42.31 0.1801
871.48 124.36 31.03 55.09 0.1797
373.17 606.91 26.17 34.70 0.1785
343.87 367.80 57.08 77.25 0.1783
519.89 233.28 24.28 33.15 0.1755
333.22 183.25 32.23 50.68 0.1731
523.36 160.81 29.16 42.13 0.1726
184.51 259.47 69.46 100.87 0.1717
479.78 260.84 21.79 29.33 0.1695
337.28 170.83 24.74 37.76 0.1692
250.68 532.78 68.13 94.80 0.1659
910.47 325.46 33.31 58.17 0.1646
406.98 172.66 28.62 37.62 0.1599
460.85 379.40 45.99 51.53 0.1593
375.93 264.06 30.98 40.18 0.1567
555.09 244.53 25.75 32.94 0.1555
447.32 171.49 33.70 54.36 0.1547
663.85 413.83 34.81 51.57 0.1545
765.66 200.89 47.72 80.80 0.1522
511.75 218.85 28.87 37.61 0.1520
608.83 353.02 43.97 39.59 0.1507
916.48 295.29 30.55 55.06 0.1500
42.62 184.93 31.08 72.43 0.1495
107.63 445.60 79.33 91.24 0.1485
854.68 182.29 45.05 66.43 0.1474
240.43 242.66 54.06 67.62 0.1458
255.36 76.82 35.69 52.60 0.1442
846.19 220.69 43.89 64.10 0.1419
666.63 316.92 50.13 58.06 0.1372
93.73 369.16 61.90 88.08 0.1372
994.83 237.85 24.96 50.58 0.1357
878.55 299.02 32.95 88.44 0.1348
612.52 528.64 38.63 47.51 0.1347
90.89 337.60 56.40 72.59 0.1339
740.17 256.52 67.43 97.62 0.1327
359.31 171.66 37.92 39.11 0.1318
322.80 556.48 37.15 47.81 0.1294
400.13 650.80 36.14 32.20 0.1294
77.57 421.84 32.70 61.18 0.1274
291.49 237.02 34.69 45.14 0.1270
956.72 271.11 20.22 32.95 0.1264
771.50 434.33 73.40 94.55 0.1260
893.41 234.09 44.59 52.13 0.1256
324.34 245.97 35.68 49.66 0.1251
693.56 326.30 56.00 64.53 0.1249
593.73 223.62 30.86 40.03 0.1239
438.80 293.36 34.26 52.75 0.1233
434.22 146.64 32.20 36.51 0.1221
440.99 384.11 43.74 50.68 0.1218
544.76 79.43 36.52 47.07 0.1208
219.89 204.69 44.91 78.00 0.1206
943.41 294.41 32.43 48.49 0.1200
117.29 200.00 37.72 56.11 0.1199
117.20 399.93 71.96 94.95 0.1192
873.27 92.52 26.36 31.02 0.1188
326.35 354.55 49.19 56.59 0.1184
190.95 385.78 36.42 58.06 0.1172
517.63 258.21 31.63 38.47 0.1166
643.74 150.19 48.16 66.38 0.1163
0.00 620.70 63.38 62.30 0.1148
586.73 86.56 50.02 86.77 0.1143
440.79 435.52 31.76 45.32 0.1142
334.11 141.03 25.89 40.25 0.1141
584.40 535.83 26.78 34.90 0.1141
599.93 410.18 55.12 73.41 0.1140
763.66 316.23 42.62 62.29 0.1129
952.51 282.25 23.89 39.13 0.1128
408.13 634.13 25.60 31.81 0.1122
582.35 265.42 27.20 30.44 0.1116
707.22 126.25 37.52 43.03 0.1105
553.04 214.69 25.22 36.66 0.1104
709.14 187.23 47.26 57.91 0.1099
515.29 429.17 26.20 32.10 0.1094
998.85 306.01 23.86 44.95 0.1093
814.71 508.97 70.78 69.84 0.1088
582.64 551.25 31.35 40.34 0.1086
383.95 387.11 49.63 64.67 0.1084
679.14 489.74 57.42 85.74 0.1083
449.79 448.21 50.06 62.31 0.1082
458.65 483.07 50.99 69.04 0.1080
3.37 360.60 41.83 77.33 0.1073
273.89 247.69 50.09 70.35 0.1072
630.00 510.07 27.61 33.82 0.1066
743.55 226.85 59.85 80.08 0.1063
659.26 349.79 40.96 46.86 0.1063
608.49 283.45 53.35 73.74 0.1056
319.89 277.13 42.92 59.48 0.1052
595.68 324.03 46.24 53.31 0.1013
373.79 575.00 37.44 40.13 0.1012
475.71 655.11 33.38 27.89 0.1012
359.61 333.19 39.38 55.95 0.0999
712.29 382.72 91.13 144.45 0.0993
439.03 344.91 51.25 70.74 0.0989
588.90 125.26 62.60 87.07 0.0986
27.47 109.53 33.38 55.72 0.0981
610.33 87.58 41.78 50.89 0.0979
365.68 306.08 33.51 46.37 0.0979
405.42 435.42 61.12 66.34 0.0972
225.41 83.75 48.98 55.98 0.0970
30.39 122.36 37.49 106.77 0.0964
696.73 451.58 39.35 64.22 0.0963
360.48 651.34 46.17 31.66 0.0962
553.14 553.95 42.46 52.84 0.0959
659.88 543.66 39.21 53.88 0.0954
587.29 428.23 52.23 70.09 0.0943
135.76 424.77 76.12 105.32 0.0941
475.83 274.46 29.75 54.26 0.0941
637.01 178.10 52.50 61.92 0.0936
800.85 159.94 36.46 68.00 0.0935
10.15 102.78 35.57 58.09 0.0931
434.34 319.60 43.73 61.67 0.0928
539.43 571.92 42.95 54.22 0.0922
448.25 657.35 26.38 25.65 0.0921
537.23 139.96 36.44 53.88 0.0918
904.64 327.71 49.41 97.09 0.0901
292.68 177.70 44.31 68.91 0.0899
513.05 182.26 31.83 47.78 0.0898
162.02 418.95 51.49 62.32 0.0896
594.69 347.85 39.78 40.27 0.0893
451.41 630.79 18.71 27.15 0.0893
467.77 435.04 33.63 34.54 0.0889
218.87 129.73 37.45 61.99 0.0885
838.30 302.01 41.38 91.34 0.0884
998.96 104.14 25.04 48.59 0.0882
794.32 483.97 58.49 73.38 0.0877
257.92 119.80 33.83 62.16 0.0868
817.05 450.02 51.89 64.71 0.0862
590.15 628.69 32.43 43.27 0.0858
294.68 132.88 37.10 51.18 0.0858
365.98 145.54 32.85 40.79 0.0844
294.97 652.77 47.89 30.23 0.0844
810.14 348.55 63.44 113.31 0.0833
411.27 319.31 41.98 63.08 0.0829
586.71 285.78 29.51 45.52 0.0826
693.87 379.51 36.40 43.66 0.0826
291.56 155.76 39.91 60.33 0.0824
516.57 548.96 31.72 44.44 0.0823
408.82 262.33 24.66 37.07 0.0823
113.00 258.10 42.62 78.04 0.0817
437.62 512.51 42.38 51.32 0.0815
48.44 284.69 60.59 85.41 0.0807
923.54 300.63 61.97 98.64 0.0804
447.61 557.30 34.29 42.65 0.0800
508.56 412.32 32.53 38.11 0.0799
538.46 506.13 40.73 52.93 0.0798
103.92 291.84 50.68 84.74 0.0794
795.83 298.86 66.00 102.15 0.0788
