55_Sports_Coach_Trainer_sportcoaching_55_466
106
223.47 570.79 75.85 130.00 0.7893
549.63 515.44 66.18 109.30 0.7344
180.73 1047.56 83.13 262.03 0.5104
445.79 716.42 40.34 101.64 0.2624
169.60 665.11 40.72 79.77 0.2333
664.72 740.24 47.90 129.60 0.2227
108.90 640.28 26.82 69.20 0.2211
121.80 279.89 27.87 73.14 0.2134
180.71 528.29 50.16 86.92 0.1620
314.29 709.45 67.46 102.47 0.1600
143.47 792.98 39.76 121.49 0.1467
534.56 929.75 91.00 197.87 0.1429
82.49 338.53 18.00 44.78 0.1412
75.30 385.80 23.84 59.33 0.1341
398.57 745.64 58.00 125.27 0.1321
147.49 334.08 23.84 58.96 0.1307
154.70 366.08 19.53 57.71 0.1288
6.05 215.17 21.73 74.47 0.1254
44.06 232.36 18.78 64.43 0.1240
539.38 774.98 35.37 71.46 0.1239
193.76 335.67 13.94 42.84 0.1186
11.91 326.55 22.19 66.92 0.1127
487.80 922.19 166.39 331.20 0.1047
518.38 781.79 27.51 59.02 0.1029
408.51 924.71 92.62 141.27 0.1027
140.68 283.72 28.04 69.21 0.1026
448.78 746.58 58.91 123.21 0.1022
280.70 681.40 79.48 139.82 0.1008
637.95 705.64 116.86 262.81 0.1003
612.33 750.28 55.32 128.72 0.0990
442.84 908.56 64.97 103.96 0.0990
185.63 581.10 60.28 134.73 0.0982
163.27 947.09 95.61 230.70 0.0959
40.82 487.64 22.38 69.35 0.0953
289.33 763.37 100.41 157.56 0.0923
191.12 380.76 15.00 45.46 0.0922
36.70 327.17 24.38 55.72 0.0920
743.13 805.93 60.86 107.48 0.0917
180.21 502.68 30.55 79.98 0.0912
306.65 391.15 19.21 48.01 0.0907
43.91 533.29 18.18 59.07 0.0906
110.32 649.80 35.82 109.30 0.0898
267.72 319.61 17.43 53.10 0.0894
363.44 781.90 94.12 175.35 0.0891
41.06 432.94 25.04 70.79 0.0890
328.35 747.70 76.68 115.54 0.0878
39.86 384.75 26.55 71.09 0.0857
947.41 38.62 69.88 118.30 0.0855
346.22 661.90 54.57 120.20 0.0854
508.90 863.51 49.52 115.60 0.0853
12.32 370.73 19.70 61.36 0.0843
617.15 689.53 67.36 151.85 0.0839
591.22 782.97 39.94 81.00 0.0831
120.85 360.70 20.80 64.43 0.0825
272.91 988.77 104.49 300.74 0.0821
328.53 812.71 78.13 91.82 0.0808
130.02 1002.89 136.15 449.76 0.0798
672.17 751.88 151.01 281.62 0.0797
265.82 388.72 18.93 50.81 0.0793
220.36 505.32 67.94 154.33 0.0775
10.33 175.69 19.68 71.71 0.0770
413.71 828.78 76.45 131.52 0.0766
614.42 628.02 54.71 108.75 0.0760
236.22 734.43 169.86 256.88 0.0742
305.32 344.46 12.82 35.89 0.0732
581.19 819.76 80.83 144.17 0.0723
77.44 418.03 21.08 62.54 0.0715
464.55 658.53 45.15 139.85 0.0711
194.89 284.32 13.17 41.02 0.0690
264.45 419.03 24.43 64.78 0.0689
380.66 931.83 157.31 211.58 0.0683
82.50 644.30 24.01 66.51 0.0668
318.70 1003.48 81.14 241.33 0.0667
119.60 238.20 19.22 61.21 0.0661
536.63 858.59 77.88 144.09 0.0661
355.89 859.18 123.72 182.45 0.0659
607.33 590.88 46.77 72.60 0.0653
115.16 559.10 24.03 69.62 0.0651
389.08 651.16 58.32 167.72 0.0640
449.82 864.12 60.13 96.93 0.0634
229.60 331.49 18.65 49.77 0.0630
44.44 603.37 18.00 51.07 0.0627
141.43 844.32 110.53 249.63 0.0624
228.64 377.56 19.90 52.51 0.0623
121.34 448.42 18.44 38.43 0.0621
524.45 1307.85 65.49 109.42 0.0619
3.92 650.71 18.92 73.49 0.0604
83.67 606.98 21.53 49.82 0.0599
4.77 689.82 18.33 78.82 0.0599
82.51 283.82 17.56 45.30 0.0588
267.82 290.69 15.85 49.60 0.0582
154.64 442.45 18.38 42.21 0.0577
329.31 393.13 23.95 52.44 0.0575
296.25 792.33 136.10 268.15 0.0570
77.31 674.85 28.46 96.81 0.0570
132.79 792.70 76.20 234.57 0.0565
563.31 557.43 67.15 157.90 0.0542
43.81 650.33 19.55 58.04 0.0531
766.99 778.97 113.79 180.20 0.0529
766.73 769.81 29.16 64.43 0.0524
188.54 440.34 18.50 46.93 0.0521
155.36 495.73 20.46 49.04 0.0515
652.80 652.32 47.20 95.94 0.0512
372.66 337.03 18.71 41.23 0.0506
149.30 599.20 33.97 104.39 0.0503
3.36 593.68 21.22 80.94 0.0503
