55_Sports_Coach_Trainer_sportcoaching_55_516
189
469.31 320.89 53.43 58.49 0.9202
578.11 337.24 55.51 67.04 0.8948
682.11 371.36 53.07 56.30 0.8761
115.85 299.10 38.42 52.03 0.8476
369.63 324.96 44.80 53.52 0.8382
247.09 311.63 51.74 63.30 0.8319
776.13 362.01 45.45 56.92 0.8232
569.40 134.78 39.25 47.89 0.7265
661.87 193.96 32.27 37.71 0.7161
321.16 211.14 29.64 33.99 0.7098
442.07 191.95 31.53 41.32 0.7042
502.84 188.22 30.36 40.99 0.6643
252.90 210.43 28.21 38.98 0.6236
772.88 206.19 31.96 41.47 0.6153
728.49 208.39 30.97 42.12 0.4971
832.64 189.16 31.36 46.46 0.4771
434.88 461.51 30.57 37.05 0.4498
379.29 209.62 31.94 41.00 0.4263
732.36 315.03 35.50 47.88 0.3210
323.74 439.33 34.27 43.86 0.3114
328.11 320.03 32.35 47.43 0.2893
816.13 192.62 36.15 45.87 0.2757
150.71 417.25 44.05 52.69 0.2728
408.89 293.67 30.85 37.90 0.2688
698.61 282.19 27.03 29.08 0.2650
393.92 195.51 32.30 39.77 0.2616
525.48 461.83 28.13 35.54 0.2578
512.01 0.00 230.47 184.43 0.2497
74.53 418.77 34.41 43.86 0.2245
478.01 264.72 29.28 37.75 0.2134
389.97 214.36 36.90 51.89 0.2072
211.05 454.40 42.15 53.36 0.1959
667.44 310.30 34.36 45.71 0.1933
194.90 358.87 37.20 39.21 0.1919
768.25 309.07 33.72 38.03 0.1904
301.09 445.55 38.89 41.02 0.1890
600.39 314.21 46.47 61.23 0.1780
416.85 447.91 39.72 51.47 0.1722
865.22 345.01 40.30 55.86 0.1705
1.37 295.75 30.47 56.55 0.1667
259.85 276.82 62.58 83.35 0.1644
159.89 412.49 59.90 75.81 0.1619
805.25 288.16 30.44 31.06 0.1615
101.05 72.83 41.27 58.87 0.1611
478.20 512.87 30.64 36.51 0.1604
738.96 293.98 31.50 36.15 0.1581
229.30 202.13 41.31 52.18 0.1580
710.42 353.65 55.86 73.55 0.1563
765.42 293.75 34.17 34.21 0.1525
695.09 313.88 36.65 42.98 0.1503
849.32 348.61 41.55 59.56 0.1465
838.34 441.71 65.64 105.19 0.1464
879.16 282.36 25.23 31.34 0.1458
389.51 92.66 52.21 74.13 0.1397
845.99 281.76 28.56 32.14 0.1397
185.56 430.81 55.71 82.63 0.1333
399.13 262.08 37.55 50.34 0.1325
285.27 261.98 40.35 50.35 0.1284
179.96 122.65 79.25 127.06 0.1262
732.23 505.18 25.27 30.41 0.1261
519.43 253.37 40.21 59.73 0.1226
807.38 267.53 32.32 40.90 0.1225
855.64 492.20 73.49 94.45 0.1183
228.27 331.43 47.42 57.76 0.1176
134.93 67.39 69.94 106.14 0.1155
141.95 60.96 42.80 71.74 0.1155
469.87 267.64 44.45 63.09 0.1152
192.16 344.53 32.60 40.83 0.1144
363.58 294.25 51.00 67.74 0.1140
627.68 290.97 30.38 39.81 0.1136
134.53 63.79 110.10 175.27 0.1122
337.38 509.90 32.33 46.85 0.1117
870.78 409.26 31.94 31.86 0.1108
32.21 324.52 31.65 45.50 0.1094
369.93 260.62 42.60 51.70 0.1092
435.10 535.26 45.03 53.59 0.1091
633.41 195.29 51.75 50.61 0.1082
541.95 60.21 134.20 128.75 0.1076
517.71 507.83 26.19 35.43 0.1056
368.24 487.27 25.54 40.51 0.1047
627.62 191.89 36.78 38.56 0.1045
787.82 520.98 51.62 71.44 0.1045
702.58 190.73 26.37 38.67 0.1037
81.13 65.11 48.19 52.31 0.1031
210.77 161.33 81.41 99.77 0.1022
436.60 280.10 44.37 54.01 0.1017
854.99 420.56 49.52 64.60 0.1015
403.42 500.06 31.55 48.44 0.1008
305.26 198.25 52.89 51.53 0.1007
632.38 466.98 27.73 32.94 0.0998
737.69 260.03 34.26 45.36 0.0987
547.45 508.64 27.67 30.71 0.0981
541.19 233.13 37.65 61.52 0.0980
670.09 326.46 48.77 61.24 0.0976
431.11 255.63 46.60 58.56 0.0968
630.29 478.69 26.03 34.20 0.0952
700.42 234.50 37.23 42.24 0.0944
68.85 413.54 54.64 80.94 0.0937
903.48 163.25 63.75 85.52 0.0927
513.22 232.21 38.25 54.12 0.0926
516.98 522.37 28.30 37.24 0.0892
911.70 381.91 65.55 54.99 0.0888
436.29 221.24 37.00 60.21 0.0884
159.27 4.86 203.87 283.28 0.0879
549.32 430.94 31.97 41.93 0.0872
837.06 227.16 42.45 50.87 0.0869
471.32 481.08 33.06 37.54 0.0862
702.65 535.83 24.87 25.06 0.0861
790.88 221.90 49.10 56.49 0.0856
77.94 401.81 98.30 128.23 0.0856
702.42 205.81 30.80 38.69 0.0854
545.96 210.88 31.63 47.87 0.0853
540.43 528.81 34.13 37.73 0.0848
331.19 469.32 41.57 60.48 0.0839
626.20 261.08 36.03 51.34 0.0835
732.93 530.77 28.88 34.68 0.0821
60.70 79.95 97.50 127.70 0.0813
86.21 54.90 86.82 107.49 0.0797
401.16 177.25 35.61 47.76 0.0790
295.93 461.33 44.83 72.63 0.0786
761.30 257.70 47.67 57.86 0.0786
301.98 220.77 50.94 53.43 0.0786
435.34 505.75 40.98 60.66 0.0772
146.04 51.17 33.91 44.55 0.0767
654.95 293.16 37.04 46.09 0.0765
354.37 503.27 54.32 76.33 0.0761
916.44 356.08 48.82 39.06 0.0755
898.57 393.98 79.50 96.34 0.0744
774.61 525.95 41.63 53.45 0.0741
553.37 188.67 32.92 41.73 0.0737
569.31 0.00 296.97 235.48 0.0732
734.89 558.33 29.73 33.28 0.0719
630.66 232.82 39.40 48.07 0.0719
851.40 171.14 60.96 65.73 0.0715
542.39 483.30 33.42 38.69 0.0712
397.73 518.09 41.65 59.79 0.0710
937.49 330.89 43.33 43.33 0.0710
757.58 174.31 51.49 70.05 0.0708
840.29 299.41 40.46 48.89 0.0708
79.61 55.67 31.84 43.84 0.0705
875.63 306.25 33.36 40.05 0.0698
224.53 263.13 49.83 77.75 0.0675
213.54 359.80 39.30 54.09 0.0665
816.84 503.41 60.11 100.29 0.0660
867.44 238.61 41.49 56.13 0.0654
665.68 511.85 21.09 24.78 0.0650
534.82 447.47 41.73 53.90 0.0648
208.44 448.94 74.28 90.54 0.0648
987.35 185.61 36.34 98.48 0.0646
533.76 258.96 45.05 69.36 0.0623
46.19 408.78 56.00 72.45 0.0621
100.89 391.62 55.43 77.57 0.0619
245.26 252.39 58.61 82.58 0.0612
582.37 486.78 32.30 36.30 0.0608
652.71 256.67 48.01 52.51 0.0605
555.00 408.75 38.99 48.03 0.0601
685.71 392.88 52.54 72.79 0.0601
704.36 513.81 28.20 32.45 0.0592
116.18 407.44 117.46 152.53 0.0592
529.39 534.54 52.00 54.78 0.0592
371.01 115.94 48.39 56.18 0.0590
579.98 364.33 48.45 71.00 0.0583
245.62 0.00 231.45 245.71 0.0581
661.42 427.85 42.99 53.38 0.0578
468.43 455.66 39.26 48.14 0.0577
255.92 355.65 48.36 56.73 0.0576
0.00 254.04 34.97 73.38 0.0575
326.13 295.27 52.18 78.62 0.0570
572.52 238.38 44.65 63.37 0.0570
615.95 504.90 33.31 34.75 0.0568
488.50 173.06 43.00 48.03 0.0558
591.19 106.52 80.54 85.42 0.0555
845.30 398.46 39.69 41.29 0.0552
385.65 510.93 70.70 100.22 0.0551
723.02 174.23 53.01 75.26 0.0550
654.95 531.42 35.14 37.19 0.0547
625.56 434.91 38.67 44.02 0.0544
462.45 537.67 50.45 60.91 0.0542
902.45 219.24 51.18 67.87 0.0539
560.20 316.37 56.84 79.51 0.0536
989.20 382.83 31.71 45.44 0.0532
653.12 453.48 35.39 41.76 0.0530
860.51 419.72 97.90 128.99 0.0523
987.65 338.04 31.91 43.40 0.0522
766.11 581.78 43.47 52.81 0.0515
932.25 349.53 56.61 52.96 0.0510
6.83 345.41 32.23 51.36 0.0510
689.55 459.60 39.96 41.75 0.0505
335.31 506.03 97.60 120.46 0.0502
