16_Award_Ceremony_Awards_Ceremony_16_495
157
386.10 162.24 205.47 282.57 0.8868
906.55 599.82 38.59 91.91 0.4345
915.11 515.92 24.26 56.73 0.4208
906.09 522.18 37.33 107.33 0.3004
961.64 691.74 35.62 91.75 0.2980
743.21 660.16 89.35 110.54 0.2386
998.92 608.47 25.08 59.88 0.2377
921.83 112.16 20.52 46.79 0.2284
989.25 655.02 30.29 83.72 0.2280
74.09 908.25 38.34 87.44 0.2258
75.80 442.49 21.20 55.05 0.2093
960.86 556.95 21.78 63.88 0.2037
7.33 813.12 22.13 57.37 0.1923
974.60 694.69 39.91 120.45 0.1885
799.72 998.79 47.27 122.83 0.1858
10.10 447.20 18.58 53.13 0.1850
998.12 564.84 20.53 60.27 0.1830
6.48 614.30 19.39 45.36 0.1810
750.28 620.40 67.66 111.31 0.1747
10.24 667.20 25.14 62.46 0.1702
953.56 454.60 22.21 51.71 0.1681
49.92 191.97 32.79 75.33 0.1675
149.55 978.60 26.19 96.02 0.1674
725.54 503.45 39.72 86.55 0.1672
714.43 520.85 56.61 117.03 0.1624
106.16 884.76 40.43 102.29 0.1598
721.55 582.34 69.90 99.87 0.1596
893.07 553.23 47.33 117.61 0.1540
957.36 417.36 19.64 48.37 0.1506
729.12 957.10 84.17 173.32 0.1495
917.55 127.25 27.22 70.48 0.1475
957.10 510.68 21.02 60.09 0.1448
921.96 10.24 19.51 43.20 0.1438
71.62 857.86 53.98 92.58 0.1437
996.69 415.72 17.66 45.22 0.1401
73.55 195.82 28.46 72.72 0.1395
4.69 841.07 22.07 70.47 0.1361
7.13 208.80 21.56 61.29 0.1340
80.39 885.92 70.55 152.34 0.1338
998.57 514.15 19.35 54.67 0.1312
960.45 108.98 17.38 41.92 0.1299
760.26 505.39 40.34 71.77 0.1272
123.96 1017.98 81.16 289.51 0.1252
996.50 451.50 19.50 55.37 0.1246
953.36 597.00 27.54 81.49 0.1242
48.20 862.53 132.53 453.54 0.1188
683.71 584.64 49.48 104.28 0.1182
45.15 455.49 23.08 52.81 0.1168
892.38 512.35 24.41 55.76 0.1158
996.87 107.05 16.28 43.32 0.1156
5.25 751.63 29.17 87.85 0.1154
919.30 471.75 22.50 58.08 0.1152
955.93 145.44 25.30 60.88 0.1150
751.19 534.54 53.74 109.58 0.1138
80.82 656.88 28.01 64.91 0.1113
849.35 1223.98 26.27 54.44 0.1106
142.40 906.35 31.66 90.31 0.1104
141.68 971.97 45.92 183.91 0.1100
8.47 4.38 27.27 61.86 0.1092
737.50 457.69 26.31 54.07 0.1074
142.74 1225.65 112.09 203.35 0.1074
923.75 410.33 19.17 44.45 0.1068
154.61 272.48 331.50 714.57 0.1064
776.09 1226.31 18.48 45.94 0.1058
684.73 486.73 50.97 110.84 0.1048
961.67 7.03 16.70 32.85 0.1046
8.05 572.52 17.58 54.57 0.1036
79.64 596.18 28.18 69.72 0.1029
992.34 144.82 25.91 69.84 0.1013
81.25 501.83 21.74 57.28 0.1004
919.28 49.66 21.27 49.19 0.1002
243.88 869.34 65.62 216.17 0.0995
143.76 1149.38 56.37 169.82 0.0977
219.87 435.17 86.83 135.01 0.0973
46.03 509.62 17.16 48.26 0.0969
31.17 756.67 33.36 82.62 0.0960
956.79 200.79 32.02 78.55 0.0928
744.07 1286.13 16.30 48.46 0.0912
46.42 611.63 17.73 47.74 0.0912
884.93 1230.99 16.70 42.95 0.0896
771.46 454.49 27.95 58.84 0.0891
741.85 1322.36 16.84 53.94 0.0878
54.52 154.74 46.90 121.54 0.0876
44.53 887.18 78.11 157.01 0.0868
27.21 662.17 32.39 67.06 0.0863
922.00 355.86 21.14 53.56 0.0854
811.79 1222.38 26.94 56.10 0.0844
0.00 901.30 25.41 70.32 0.0824
184.80 357.66 172.07 423.87 0.0816
4.77 152.92 24.82 70.06 0.0815
115.35 520.59 17.50 59.25 0.0815
842.10 0.00 36.62 51.34 0.0806
893.55 148.44 22.25 55.96 0.0789
36.14 836.23 45.69 104.58 0.0777
730.08 1070.88 56.62 98.66 0.0769
773.58 1263.26 24.26 68.06 0.0768
9.57 500.75 19.07 57.15 0.0762
137.34 848.22 41.31 103.18 0.0755
197.26 515.91 392.66 824.95 0.0754
31.94 788.67 35.38 90.72 0.0745
46.73 413.91 29.19 65.93 0.0741
873.83 1309.08 34.71 86.26 0.0723
105.85 554.74 25.51 70.97 0.0720
82.05 788.01 62.73 160.33 0.0720
880.74 1270.12 24.30 82.80 0.0714
26.29 697.09 34.74 75.80 0.0713
697.37 459.49 35.25 69.51 0.0708
997.31 57.14 15.46 42.64 0.0693
190.82 481.56 48.32 120.36 0.0693
918.43 168.19 33.04 90.91 0.0693
888.87 5.42 19.49 41.20 0.0682
834.64 1292.83 53.75 115.42 0.0668
186.67 528.49 30.41 122.99 0.0665
991.01 750.03 32.99 126.15 0.0660
892.94 113.41 16.05 52.20 0.0659
80.56 3.45 24.57 43.63 0.0658
177.57 865.21 62.02 172.38 0.0658
961.88 56.12 20.83 49.85 0.0658
870.88 1363.25 40.14 65.45 0.0654
183.37 1270.03 115.74 158.97 0.0648
69.97 343.17 37.55 116.34 0.0646
62.97 228.26 52.14 170.53 0.0640
772.12 1315.24 22.54 62.22 0.0638
837.04 1235.72 40.69 103.94 0.0631
954.90 361.41 23.79 56.52 0.0627
704.33 847.64 143.20 346.65 0.0626
189.18 818.49 115.99 290.59 0.0625
811.67 1261.92 34.36 81.66 0.0624
791.87 485.19 48.95 90.04 0.0622
920.87 311.72 29.00 70.52 0.0620
82.05 557.75 29.36 74.14 0.0619
649.98 462.05 87.51 179.32 0.0619
995.25 358.52 20.15 58.88 0.0617
808.94 1290.53 40.11 93.13 0.0617
52.65 1349.56 79.47 79.44 0.0605
778.13 529.21 69.17 132.54 0.0600
797.70 447.54 35.68 65.55 0.0595
225.94 751.71 121.61 399.64 0.0594
842.25 1349.22 53.24 79.78 0.0593
36.35 272.47 34.26 107.27 0.0589
996.51 2.74 17.27 42.75 0.0586
985.99 191.94 34.35 91.83 0.0582
743.35 1227.12 19.49 48.80 0.0578
181.52 554.38 46.38 228.83 0.0573
47.07 556.91 19.06 60.83 0.0558
952.82 278.74 30.45 70.21 0.0557
62.95 737.39 60.56 124.46 0.0542
910.54 661.81 35.80 97.80 0.0537
103.20 1273.54 108.45 155.46 0.0536
891.45 406.99 16.37 44.06 0.0534
7.41 334.58 27.44 74.10 0.0533
913.73 842.40 31.98 74.40 0.0533
9.46 299.61 28.21 78.39 0.0531
805.64 1373.69 32.54 55.31 0.0514
839.71 26.50 54.26 113.20 0.0508
2.11 86.47 32.93 85.56 0.0504
741.82 1174.85 25.26 47.57 0.0504
