20_Family_Group_Family_Group_20_1003
15
188.41 105.02 426.50 148.68 0.3457
375.68 156.52 491.77 242.16 0.2285
648.42 302.12 375.58 209.88 0.1757
156.91 114.64 204.82 130.16 0.1478
647.53 173.52 376.47 213.39 0.1321
317.28 69.30 446.71 124.56 0.0799
653.23 98.73 370.77 165.71 0.0530
613.39 40.79 410.61 71.20 0.0504
98.55 210.30 169.36 246.12 0.0477
614.28 12.92 409.72 34.57 0.0460
98.03 122.51 185.37 214.97 0.0330
127.31 195.02 253.81 316.98 0.0283
430.26 292.26 384.29 219.74 0.0278
50.05 208.77 133.93 253.66 0.0263
168.88 157.74 475.12 223.91 0.0254
