20_Family_Group_Family_Group_20_672
39
617.21 284.21 406.79 374.08 0.7853
293.98 823.56 360.08 503.44 0.7520
170.08 854.42 316.82 472.58 0.6882
495.97 854.91 393.18 472.09 0.6744
352.61 259.35 389.28 405.99 0.6487
487.84 216.56 412.38 238.19 0.5681
102.00 778.82 159.54 548.18 0.5281
274.13 200.40 401.31 264.29 0.5077
498.73 336.55 391.04 482.43 0.4976
599.48 447.01 424.52 523.92 0.4169
213.85 332.90 376.11 496.74 0.3761
289.56 143.93 369.52 146.64 0.3135
640.86 731.38 383.14 595.62 0.2933
195.45 280.25 123.57 376.77 0.2506
448.33 142.19 344.36 169.00 0.2309
129.71 479.24 108.95 477.69 0.2273
77.46 745.44 83.35 581.56 0.2087
79.77 481.21 70.95 478.31 0.1788
187.09 482.29 141.40 462.12 0.1563
103.34 307.23 165.22 343.29 0.1456
574.05 139.05 386.17 189.78 0.1348
168.79 217.03 179.05 258.86 0.1318
353.62 476.84 390.56 451.65 0.1144
11.68 847.30 55.69 479.70 0.1073
285.35 609.62 377.49 495.33 0.1030
195.20 124.91 276.24 164.20 0.0921
13.63 472.37 51.99 509.17 0.0909
177.55 595.56 304.22 508.42 0.0790
503.62 598.97 377.75 495.14 0.0670
70.59 313.85 82.65 330.25 0.0619
36.46 798.18 1.02 528.82 0.0506
128.83 202.58 118.87 300.31 0.0479
294.01 53.27 363.59 80.72 0.0454
30.44 313.13 16.40 318.19 0.0395
37.48 500.51 2.60 452.20 0.0344
612.11 27.78 411.89 114.16 0.0327
198.63 42.46 269.84 87.10 0.0300
474.79 59.62 292.23 62.55 0.0241
39.02 594.63 1.02 516.99 0.0217
