54_Rescue_rescuepeople_54_738
37
489.23 507.30 247.34 341.50 0.8676
251.94 824.29 37.58 87.58 0.1427
218.09 815.52 58.74 116.41 0.1335
300.11 775.51 65.41 121.13 0.1126
243.45 752.54 73.90 178.96 0.1096
164.36 929.05 113.32 208.46 0.1007
337.13 778.67 66.13 135.05 0.0972
695.15 1206.45 30.71 67.81 0.0945
702.96 1173.26 22.76 49.41 0.0886
303.93 760.89 116.24 224.14 0.0882
395.27 780.70 46.81 115.20 0.0782
664.09 1196.93 39.94 90.58 0.0754
194.44 736.96 110.73 232.03 0.0726
229.79 874.16 68.05 137.80 0.0709
735.85 1034.98 55.67 123.78 0.0708
766.94 1055.84 41.63 87.85 0.0706
797.00 1049.69 37.21 84.91 0.0694
772.69 1120.79 27.04 53.01 0.0684
739.41 1122.56 30.66 71.20 0.0675
281.06 803.94 100.39 236.23 0.0673
771.74 365.41 38.15 101.10 0.0672
365.14 793.25 122.13 288.69 0.0662
284.53 678.90 117.92 230.86 0.0660
279.87 1028.34 60.19 120.07 0.0649
442.62 888.71 87.03 164.27 0.0624
115.30 902.48 89.36 178.30 0.0619
704.07 1133.21 21.06 48.97 0.0614
301.63 110.74 485.90 629.08 0.0609
188.33 847.76 87.84 188.08 0.0602
147.66 864.02 87.44 185.24 0.0597
199.98 1002.54 106.41 242.23 0.0582
840.42 1051.61 29.66 75.64 0.0576
310.56 893.75 89.62 207.91 0.0561
790.86 932.49 49.69 117.03 0.0554
734.49 1162.01 26.18 56.30 0.0542
337.68 1062.59 94.88 132.56 0.0540
919.36 328.30 31.61 70.30 0.0514
