54_Rescue_rescuepeople_54_135
200
873.50 483.51 43.57 60.22 0.5459
321.76 41.47 38.04 47.04 0.5202
700.34 344.06 23.07 29.24 0.4869
515.47 15.44 35.49 46.05 0.4853
871.49 213.39 29.74 37.59 0.4559
432.99 372.49 29.18 45.00 0.4208
926.16 332.72 30.21 45.71 0.3982
843.98 332.74 26.53 31.14 0.3864
211.07 342.89 41.83 63.80 0.3766
953.14 464.62 38.52 60.04 0.3580
915.01 411.15 30.10 43.08 0.3557
948.61 222.62 31.87 33.68 0.3500
409.86 0.00 32.00 27.40 0.3461
993.81 403.12 28.11 50.11 0.3431
277.84 30.12 51.09 58.82 0.3349
292.11 322.66 55.51 58.87 0.3264
73.71 113.83 28.14 31.35 0.3194
33.65 137.86 29.60 32.64 0.3074
75.78 168.59 28.06 30.95 0.3042
994.05 228.58 27.21 35.53 0.3039
836.23 422.36 31.31 39.09 0.3022
339.10 356.46 38.68 48.85 0.2951
874.99 373.78 35.31 41.78 0.2944
189.03 354.84 54.64 69.12 0.2916
713.63 425.06 43.38 55.98 0.2797
626.64 23.93 31.51 32.52 0.2756
406.51 29.90 32.07 46.83 0.2693
3.95 134.75 30.84 35.48 0.2693
774.95 327.51 22.76 27.69 0.2660
921.95 303.01 36.92 56.24 0.2658
155.31 52.41 42.90 38.03 0.2627
507.85 400.52 30.25 39.37 0.2532
79.66 242.94 35.75 50.01 0.2523
273.65 144.86 106.50 167.00 0.2506
288.27 272.15 85.60 83.18 0.2491
973.29 374.99 46.51 63.29 0.2483
123.40 143.02 31.66 31.88 0.2470
441.76 30.09 33.53 41.85 0.2468
573.65 279.15 34.20 37.91 0.2440
513.80 254.68 43.69 49.02 0.2421
802.20 308.51 27.51 33.45 0.2392
541.76 256.45 45.56 49.69 0.2346
527.63 492.57 45.41 62.70 0.2326
182.34 140.05 27.53 27.98 0.2291
943.46 364.23 57.53 64.52 0.2276
625.89 388.93 25.15 35.24 0.2256
592.78 363.93 23.82 37.74 0.2227
225.13 280.31 24.84 31.60 0.2226
924.17 281.72 29.04 39.76 0.2204
839.73 392.46 32.98 42.77 0.2199
114.80 374.31 48.60 60.73 0.2156
98.28 271.04 49.65 58.33 0.2135
802.81 253.18 37.81 33.87 0.2126
476.78 2.10 35.85 42.53 0.2101
635.25 308.70 25.03 32.51 0.2097
120.31 366.75 73.65 101.72 0.2087
938.53 393.72 55.67 72.65 0.2047
436.09 448.90 42.68 75.36 0.2047
73.79 419.97 29.33 42.48 0.2031
771.17 344.50 24.85 28.85 0.2022
530.83 26.70 44.75 48.59 0.2003
944.54 433.28 46.26 69.43 0.2002
151.71 208.94 25.24 33.81 0.2001
921.17 368.31 33.60 43.79 0.1991
79.94 71.89 23.29 19.87 0.1980
261.59 136.72 29.54 31.95 0.1946
740.71 631.51 22.71 25.38 0.1942
143.95 275.66 31.77 40.35 0.1924
765.85 496.59 31.99 49.48 0.1922
102.84 235.49 50.31 73.83 0.1917
428.48 0.00 37.95 26.57 0.1915
693.99 417.86 42.23 66.90 0.1912
281.71 340.01 43.41 63.89 0.1888
345.22 50.95 50.67 47.16 0.1854
328.86 237.31 82.39 90.86 0.1853
668.71 38.24 101.82 75.84 0.1843
660.41 378.10 25.11 31.63 0.1827
669.69 233.32 36.70 33.08 0.1814
183.95 156.52 27.59 36.67 0.1805
804.26 338.55 39.54 44.69 0.1791
475.56 32.67 33.48 45.55 0.1790
549.19 276.39 36.63 53.32 0.1776
291.59 132.93 28.03 31.61 0.1775
845.48 262.00 23.87 23.34 0.1759
556.30 413.36 22.18 31.58 0.1747
794.97 235.23 51.99 44.92 0.1742
169.89 369.77 78.24 117.67 0.1720
150.90 141.09 25.49 30.20 0.1712
849.45 167.48 25.21 25.53 0.1710
880.27 397.89 46.21 51.08 0.1709
589.95 25.75 29.86 34.24 0.1709
372.89 0.00 35.34 27.66 0.1706
738.74 347.54 28.65 34.32 0.1692
4.76 251.76 22.40 31.37 0.1687
662.94 549.09 29.85 49.44 0.1682
595.08 393.01 23.29 31.00 0.1678
475.90 413.21 33.70 44.67 0.1670
395.83 45.25 38.27 47.01 0.1666
740.90 323.48 27.89 32.81 0.1666
945.78 322.33 36.40 45.35 0.1665
360.27 17.60 41.78 65.01 0.1660
800.82 362.92 56.44 68.07 0.1657
776.63 310.66 31.24 37.40 0.1645
727.42 394.13 40.64 72.96 0.1645
802.14 280.61 31.09 29.04 0.1640
38.14 416.28 33.50 47.41 0.1630
876.21 444.50 66.99 97.69 0.1628
150.09 152.17 27.11 34.91 0.1622
183.07 329.69 54.93 65.22 0.1618
251.85 317.43 80.36 74.29 0.1616
658.09 386.71 29.90 49.95 0.1615
582.69 457.24 30.13 43.49 0.1609
632.01 5.92 189.15 150.19 0.1599
38.75 187.00 35.22 50.78 0.1592
65.22 564.69 34.59 46.28 0.1592
662.52 474.70 48.45 75.21 0.1586
225.62 60.19 25.75 33.36 0.1580
753.55 227.77 68.29 62.41 0.1571
443.48 550.96 27.22 41.43 0.1571
7.78 73.89 22.04 27.44 0.1570
684.79 42.68 53.83 41.95 0.1566
850.85 180.69 33.20 35.29 0.1562
720.54 222.83 63.93 48.53 0.1557
240.27 406.94 58.20 68.97 0.1556
916.20 200.90 28.28 36.63 0.1555
224.76 115.36 28.27 34.78 0.1554
64.90 394.23 44.44 65.44 0.1554
256.36 159.75 28.08 36.08 0.1543
139.24 243.53 37.09 56.63 0.1543
477.01 324.71 33.27 35.60 0.1537
388.22 267.46 43.30 40.47 0.1528
144.71 345.02 55.63 69.85 0.1527
150.92 228.24 29.27 42.79 0.1523
812.67 391.63 50.07 60.66 0.1516
587.16 35.18 42.84 48.18 0.1504
681.61 218.00 62.07 54.45 0.1503
805.20 608.21 34.17 39.34 0.1494
522.03 556.24 25.99 33.23 0.1487
654.92 36.83 56.80 58.65 0.1486
2.48 151.10 37.15 46.84 0.1466
149.80 187.74 25.69 31.99 0.1465
518.83 349.11 23.45 29.44 0.1463
519.01 46.31 39.05 48.02 0.1461
154.21 554.11 23.99 32.96 0.1459
870.39 432.33 52.28 61.56 0.1453
693.11 273.02 33.77 40.51 0.1453
5.66 171.27 38.43 56.15 0.1449
683.04 450.25 48.28 81.15 0.1444
480.87 394.53 34.74 46.89 0.1432
229.02 47.28 28.97 34.99 0.1427
991.86 0.00 32.14 52.78 0.1425
987.86 321.21 31.74 40.71 0.1423
1.91 303.77 26.05 43.28 0.1421
623.52 22.81 46.52 56.89 0.1408
590.01 320.03 23.47 34.50 0.1395
510.67 376.14 29.92 39.17 0.1393
731.94 273.78 39.38 50.57 0.1390
313.78 128.06 111.11 166.76 0.1388
915.00 189.24 27.92 27.30 0.1377
663.97 432.43 40.08 58.05 0.1374
689.64 166.32 44.50 34.35 0.1370
247.32 363.75 64.93 90.41 0.1366
994.07 181.11 27.68 30.96 0.1365
660.42 597.92 35.96 56.57 0.1355
325.31 50.50 46.89 73.01 0.1355
225.46 260.18 27.93 36.11 0.1348
116.01 109.45 32.10 40.34 0.1347
225.86 130.77 29.34 37.84 0.1344
357.44 367.66 39.07 59.53 0.1339
454.16 196.82 52.89 66.90 0.1337
705.20 153.06 91.23 58.31 0.1333
247.27 247.71 82.50 94.76 0.1332
115.52 176.30 27.89 32.91 0.1330
700.97 308.72 27.83 41.92 0.1329
794.69 180.65 50.64 42.20 0.1325
225.40 233.01 25.54 30.56 0.1324
625.96 349.56 27.01 40.13 0.1322
257.36 216.54 69.13 73.03 0.1320
470.69 274.74 37.76 41.49 0.1315
113.78 212.61 34.41 47.51 0.1311
658.65 403.67 35.77 55.39 0.1299
440.06 260.16 40.32 47.56 0.1296
293.63 155.19 33.24 39.88 0.1293
288.98 156.41 48.88 70.79 0.1292
668.01 201.05 51.97 43.90 0.1282
948.56 184.18 31.87 30.87 0.1278
917.22 255.82 27.79 34.63 0.1276
428.12 494.14 49.09 97.97 0.1273
853.10 226.84 37.64 33.59 0.1273
951.22 229.62 37.59 56.84 0.1269
0.00 277.55 28.78 49.30 0.1264
697.04 353.30 31.45 47.08 0.1261
98.73 302.09 45.93 56.28 0.1258
145.98 73.63 42.68 48.07 0.1256
148.52 24.62 64.35 66.31 0.1255
540.24 53.24 38.71 45.97 0.1255
683.14 177.95 51.26 39.30 0.1251
229.87 587.92 79.48 72.75 0.1249
8.18 237.78 26.59 35.18 0.1244
285.73 384.22 43.09 63.27 0.1244
