22_Picnic_Picnic_22_537
65
52.16 475.74 137.03 209.94 0.304341
745.79 1024.57 256.01 339.74 0.297712
796.30 490.16 201.19 218.06 0.276760
135.57 530.46 171.76 253.02 0.251375
585.15 582.08 192.47 219.30 0.237796
415.14 207.94 302.53 277.89 0.219449
198.75 315.93 331.52 460.74 0.202183
111.60 942.13 183.58 260.10 0.191016
868.12 432.80 79.29 100.61 0.180897
801.81 439.80 120.76 128.55 0.173812
294.03 737.39 215.68 225.84 0.170094
615.84 799.32 391.48 608.49 0.154022
2.67 564.68 52.58 124.27 0.151919
64.39 562.62 273.85 386.22 0.150830
904.80 513.82 110.96 194.04 0.145367
931.59 428.92 50.66 78.02 0.141627
172.30 477.49 202.42 221.28 0.130999
217.82 531.16 373.55 445.61 0.129939
548.20 244.23 178.54 194.08 0.122541
663.94 441.64 190.91 195.19 0.121612
99.05 1051.75 174.45 283.96 0.116321
387.64 372.82 395.79 469.70 0.114968
709.84 523.49 255.03 279.42 0.112895
554.80 428.83 316.81 328.19 0.112181
9.90 505.12 54.49 103.15 0.111570
164.17 669.88 295.29 293.18 0.104678
519.82 595.95 375.18 508.42 0.100130
516.05 4.38 56.75 88.55 0.097964
409.94 687.88 429.71 798.05 0.097362
135.81 781.52 170.85 184.45 0.093948
710.92 427.88 124.48 118.98 0.092968
261.52 35.37 99.64 106.49 0.090677
100.00 876.89 226.45 204.89 0.082365
502.73 876.48 287.10 415.72 0.079948
17.36 532.87 177.67 291.75 0.077521
101.64 1165.21 107.95 205.24 0.074511
646.38 209.03 131.40 163.55 0.073180
696.00 85.75 105.99 160.25 0.072422
265.98 801.93 405.71 670.73 0.071196
305.67 211.63 203.37 291.84 0.069854
3.98 213.17 36.16 105.25 0.066328
218.02 823.33 310.04 438.34 0.065813
13.85 149.30 23.30 87.98 0.065431
380.89 793.66 221.50 345.36 0.064653
51.35 438.55 86.43 152.49 0.064017
455.29 13.48 73.87 105.31 0.062728
560.94 0.00 97.21 116.08 0.062442
5.52 718.98 208.83 328.75 0.062192
415.38 13.84 79.16 108.67 0.061388
302.52 182.88 367.20 483.96 0.058966
105.58 1242.46 61.91 134.77 0.058049
376.00 495.34 223.96 309.09 0.058022
582.51 1236.35 147.21 186.66 0.057988
401.87 1451.65 87.81 86.35 0.057877
710.40 77.22 64.01 78.03 0.057233
701.16 1261.19 87.43 134.84 0.057221
743.03 107.46 78.98 105.69 0.056016
0.00 1011.97 128.80 271.81 0.054609
496.39 0.00 168.26 169.78 0.054420
947.21 420.71 67.41 80.62 0.054404
376.39 1466.21 64.02 59.89 0.053151
654.95 600.63 369.05 386.41 0.051212
0.28 607.37 71.31 168.11 0.051150
377.67 29.50 69.76 103.12 0.050372
461.13 1142.35 300.24 362.04 0.050058
