0_Parade_marchingband_1_353
50
256.61 382.21 114.88 173.00 0.9555
634.34 268.12 127.29 168.13 0.8831
918.79 550.74 27.00 41.40 0.2102
868.67 800.91 110.74 163.98 0.1562
879.38 547.01 40.26 66.21 0.1412
9.71 261.43 68.10 227.36 0.1341
900.55 563.05 47.61 75.89 0.1208
959.82 547.54 25.00 34.87 0.1160
542.11 768.48 36.88 103.76 0.1120
989.86 547.07 21.92 36.39 0.1099
880.10 580.96 50.89 98.01 0.1017
181.89 325.10 91.56 183.61 0.0908
94.49 16.51 385.63 571.63 0.0830
97.69 1064.21 64.03 134.51 0.0818
950.54 620.98 66.95 101.01 0.0785
938.72 699.52 67.27 105.11 0.0775
674.17 512.60 189.49 229.60 0.0761
836.48 529.46 72.93 95.72 0.0758
972.72 584.43 45.28 80.71 0.0754
894.32 709.89 74.26 114.61 0.0731
5.87 336.35 41.04 179.75 0.0716
826.93 556.11 66.55 123.64 0.0708
799.64 850.70 166.17 162.74 0.0697
82.10 592.25 46.02 107.12 0.0675
1.69 613.47 29.05 81.87 0.0666
855.48 489.07 60.38 85.38 0.0648
521.97 712.08 58.47 168.93 0.0642
623.22 322.15 103.43 170.11 0.0631
925.52 746.53 67.82 147.32 0.0627
130.43 238.12 81.86 125.99 0.0622
994.03 492.03 20.88 42.64 0.0608
662.96 939.64 170.46 366.44 0.0599
297.31 814.77 133.36 491.56 0.0587
25.18 590.20 48.05 103.27 0.0586
219.02 384.22 82.84 166.71 0.0584
0.00 402.49 38.49 197.58 0.0584
424.99 971.41 53.95 129.20 0.0567
856.09 675.84 128.04 217.78 0.0552
821.69 123.94 168.11 288.82 0.0550
282.15 668.52 125.55 205.16 0.0549
969.04 806.76 50.40 102.50 0.0546
518.36 656.59 47.75 139.39 0.0538
956.45 750.09 60.72 120.51 0.0529
67.62 729.75 278.39 546.96 0.0525
802.58 780.19 186.87 401.91 0.0523
92.51 197.76 189.13 276.07 0.0522
891.37 629.16 77.05 115.47 0.0519
643.92 171.22 182.14 221.97 0.0518
528.00 587.80 61.84 108.94 0.0516
797.92 697.72 140.21 264.88 0.0504
