0_Parade_marchingband_1_490
200
447.99 385.16 18.95 30.87 0.4590
405.13 442.79 22.15 29.93 0.4379
485.43 354.76 15.74 24.29 0.3860
742.90 381.46 15.30 29.94 0.3738
341.52 352.10 14.99 25.37 0.3525
706.92 354.78 13.41 22.89 0.3429
260.82 399.13 19.46 31.36 0.3364
554.87 388.26 17.74 29.75 0.3341
598.47 386.04 18.86 28.23 0.3252
451.58 327.43 12.74 19.75 0.3224
306.79 381.40 19.62 31.54 0.3218
669.90 447.76 13.86 23.29 0.3206
525.27 355.66 13.42 19.72 0.3153
927.47 381.19 14.49 23.95 0.3114
121.71 350.91 11.98 22.27 0.2994
555.26 400.44 19.03 32.00 0.2985
122.93 295.58 15.49 31.82 0.2947
414.83 328.73 12.74 20.11 0.2919
523.60 384.71 15.43 23.22 0.2918
489.34 211.48 10.07 15.55 0.2855
890.03 357.64 11.54 19.55 0.2824
670.80 328.84 10.86 19.23 0.2816
303.05 353.43 13.88 25.15 0.2781
374.47 385.55 16.86 25.82 0.2777
378.79 298.95 10.81 17.95 0.2735
884.53 385.91 16.53 25.41 0.2732
451.66 242.35 10.84 18.58 0.2700
411.53 350.91 15.81 25.38 0.2695
342.35 206.94 9.98 16.99 0.2693
850.55 267.77 12.01 18.07 0.2691
409.36 382.63 18.27 26.92 0.2685
232.97 208.25 12.88 22.59 0.2678
708.79 270.65 10.34 19.05 0.2661
668.53 385.09 14.05 21.20 0.2653
704.60 409.64 16.23 24.95 0.2642
342.05 299.22 11.36 18.59 0.2617
709.03 330.11 11.93 21.80 0.2610
487.86 298.32 11.66 16.87 0.2603
669.22 354.54 12.09 19.46 0.2601
304.33 324.60 12.26 24.87 0.2580
853.05 385.28 11.85 19.55 0.2573
415.11 299.36 10.82 17.11 0.2572
561.78 270.60 9.82 15.62 0.2540
634.86 327.14 10.87 17.74 0.2540
672.60 210.09 8.23 14.22 0.2536
672.13 244.82 9.10 17.51 0.2527
599.13 212.21 9.31 15.44 0.2525
744.36 357.90 12.17 26.05 0.2511
306.14 243.61 10.40 20.22 0.2510
561.85 213.18 9.13 15.79 0.2508
634.97 301.35 9.61 15.95 0.2501
268.01 324.75 12.39 24.79 0.2497
780.54 355.79 11.35 22.71 0.2478
781.70 381.33 13.46 26.53 0.2475
709.00 243.03 8.95 15.94 0.2473
416.15 242.96 9.74 16.12 0.2457
633.22 355.16 13.13 19.14 0.2449
670.24 266.60 10.63 18.13 0.2448
379.30 210.59 9.41 15.71 0.2447
525.78 302.10 10.67 16.82 0.2446
596.39 354.36 14.28 20.83 0.2425
379.13 241.34 10.05 15.76 0.2423
232.21 267.95 11.00 20.68 0.2423
231.74 236.41 12.38 21.97 0.2418
596.85 328.77 11.31 17.27 0.2405
342.00 267.66 11.09 18.59 0.2395
524.77 244.57 9.71 18.74 0.2388
702.09 378.83 16.99 28.31 0.2380
488.65 271.43 10.19 16.15 0.2377
377.74 326.43 12.86 21.01 0.2357
377.91 353.18 13.33 21.69 0.2353
270.19 242.07 10.13 19.49 0.2344
744.62 269.60 10.43 19.03 0.2344
926.64 359.15 13.05 23.73 0.2341
560.94 354.58 13.51 20.07 0.2334
451.61 300.26 11.57 16.85 0.2332
416.16 211.24 9.19 15.57 0.2318
743.67 324.92 10.52 20.21 0.2318
672.39 301.13 9.57 16.07 0.2313
268.89 267.89 11.04 21.34 0.2310
122.15 325.63 14.50 27.48 0.2300
340.67 325.96 13.75 25.12 0.2298
524.75 266.56 9.80 16.72 0.2295
853.19 327.48 11.24 19.07 0.2266
780.88 298.95 10.72 24.47 0.2257
853.93 357.10 10.55 18.60 0.2253
342.95 243.32 10.78 18.93 0.2244
599.22 271.18 8.98 15.17 0.2243
525.40 212.21 8.74 14.48 0.2241
562.11 242.15 9.20 16.01 0.2233
268.18 297.28 11.95 24.08 0.2226
304.88 263.21 11.37 21.43 0.2225
995.47 382.25 17.13 25.57 0.2225
635.34 412.78 16.18 24.41 0.2223
229.47 323.56 13.16 25.28 0.2223
306.25 300.77 10.91 21.45 0.2223
634.78 383.86 14.52 21.87 0.2221
266.15 355.11 13.74 24.08 0.2217
487.82 328.47 12.79 20.73 0.2210
599.58 241.63 9.53 15.08 0.2197
636.02 272.90 8.78 14.86 0.2188
597.50 401.63 17.09 29.75 0.2184
598.22 301.16 9.64 15.76 0.2183
523.70 327.09 12.94 18.84 0.2182
636.49 212.03 7.64 13.88 0.2179
414.95 270.96 10.37 15.05 0.2178
561.36 329.40 11.76 18.02 0.2170
782.28 214.52 10.71 19.51 0.2166
451.39 268.52 11.31 16.92 0.2161
560.68 297.73 10.93 16.79 0.2148
231.10 355.70 12.80 23.23 0.2137
195.97 268.58 12.88 24.13 0.2137
158.32 296.94 14.34 31.02 0.2137
448.82 353.36 16.73 24.47 0.2131
780.95 269.80 9.86 18.10 0.2115
744.15 299.00 10.57 22.16 0.2097
159.73 320.50 14.67 26.69 0.2079
270.30 208.80 9.71 17.62 0.2059
636.31 242.61 8.24 14.01 0.2056
231.77 297.83 11.19 23.92 0.2055
516.71 408.94 19.84 29.32 0.2054
486.07 368.24 18.50 34.40 0.2047
745.76 240.95 9.46 15.86 0.2043
781.75 476.79 14.00 18.99 0.2040
779.43 326.24 11.17 21.35 0.2040
707.91 295.78 10.72 19.47 0.2039
818.10 357.40 9.99 20.66 0.2036
451.68 211.98 10.08 16.36 0.2031
191.57 209.55 14.68 23.52 0.2020
197.11 294.51 12.44 24.92 0.1993
740.95 471.70 15.47 20.47 0.1989
194.81 235.30 13.10 24.32 0.1985
488.42 240.79 10.99 17.17 0.1966
378.42 270.29 10.72 16.81 0.1958
228.74 384.10 14.18 24.63 0.1953
11.44 434.05 14.50 26.66 0.1947
156.67 239.38 13.86 25.46 0.1928
306.16 209.77 9.20 14.74 0.1917
818.08 327.07 9.24 19.61 0.1901
887.88 402.37 15.23 27.41 0.1899
195.15 356.72 11.68 21.73 0.1888
708.36 211.02 8.94 16.09 0.1875
818.53 380.92 11.21 22.75 0.1873
155.62 262.24 14.76 28.94 0.1872
522.13 436.28 16.58 24.97 0.1872
341.59 373.92 16.81 30.26 0.1870
597.62 445.91 17.35 25.85 0.1847
854.88 296.13 12.16 21.91 0.1846
927.28 297.66 10.56 18.79 0.1846
927.78 329.43 10.40 17.15 0.1846
891.33 330.74 10.38 19.70 0.1841
196.29 414.35 11.73 20.24 0.1821
846.94 475.28 19.40 22.70 0.1799
84.93 387.29 11.72 18.55 0.1786
965.78 387.59 14.56 21.77 0.1779
87.32 358.09 11.24 17.76 0.1775
159.74 413.70 11.34 18.52 0.1772
818.69 269.18 9.98 17.07 0.1762
306.25 396.33 20.28 35.01 0.1754
744.99 212.57 9.25 16.49 0.1753
780.29 235.98 10.88 19.44 0.1731
853.74 446.11 13.59 17.71 0.1723
890.87 296.33 9.49 18.46 0.1721
85.68 414.10 12.17 17.37 0.1714
123.40 414.89 10.22 16.29 0.1709
159.76 388.18 10.85 20.87 0.1707
816.13 238.80 10.37 16.96 0.1703
489.81 413.03 19.90 25.78 0.1702
11.15 385.04 14.18 21.96 0.1695
10.44 417.25 16.26 29.89 0.1684
196.38 324.66 12.46 24.61 0.1655
196.37 384.15 11.76 22.52 0.1653
49.14 388.92 12.28 20.31 0.1649
817.09 297.90 10.38 21.54 0.1646
225.40 469.11 16.63 23.22 0.1623
667.68 411.35 15.04 22.81 0.1621
409.01 411.57 20.47 33.20 0.1619
232.27 185.10 13.15 23.07 0.1586
228.29 411.00 14.20 23.76 0.1569
123.03 475.09 10.97 15.05 0.1567
160.12 355.61 12.65 21.29 0.1564
781.67 410.96 14.62 23.06 0.1542
485.94 442.85 16.84 23.63 0.1540
339.59 442.25 18.62 27.41 0.1535
740.84 397.46 16.93 32.97 0.1519
964.14 411.86 22.10 29.45 0.1492
892.01 272.06 8.80 17.14 0.1484
369.22 400.99 23.77 36.84 0.1455
48.92 442.93 11.72 18.77 0.1446
375.10 432.95 29.38 35.47 0.1444
48.12 413.86 12.63 20.59 0.1440
342.71 187.40 9.68 19.32 0.1436
998.47 356.92 12.85 21.38 0.1424
229.55 447.92 13.02 20.34 0.1422
630.97 439.67 17.39 25.54 0.1418
744.62 448.24 15.14 24.47 0.1417
452.83 186.43 8.85 16.13 0.1409
673.07 187.54 8.71 17.56 0.1398
636.25 186.68 7.55 14.70 0.1393
962.43 438.05 22.72 30.93 0.1355
