0_Parade_marchingband_1_768
200
288.05 212.17 27.79 34.43 0.4634
222.70 178.89 24.81 32.51 0.4100
668.76 636.13 36.25 34.82 0.2374
672.03 542.34 14.60 12.73 0.2315
912.61 649.19 40.88 30.24 0.2239
598.09 543.04 15.26 15.66 0.2202
555.98 541.09 16.75 17.57 0.2172
486.03 517.13 13.51 13.40 0.2073
821.63 609.13 44.78 50.38 0.2027
525.66 518.69 10.82 11.95 0.1891
265.32 237.09 33.31 39.40 0.1885
488.37 541.32 20.08 23.51 0.1846
559.98 519.27 12.16 13.75 0.1837
663.97 611.66 38.18 49.48 0.1810
488.60 557.95 22.43 23.33 0.1770
635.46 469.77 9.83 11.24 0.1758
598.07 517.33 11.73 12.39 0.1750
560.99 492.87 11.49 13.25 0.1746
488.27 471.14 10.19 10.73 0.1744
635.56 519.63 10.30 11.04 0.1728
561.09 471.04 11.21 12.35 0.1728
447.92 542.37 17.14 22.09 0.1728
707.12 494.07 10.55 11.08 0.1689
891.95 472.18 8.92 10.14 0.1688
961.75 442.92 12.07 12.18 0.1686
635.97 494.74 10.10 11.52 0.1679
598.29 470.50 10.71 12.18 0.1675
928.12 517.97 11.71 11.19 0.1672
598.17 494.46 11.29 13.76 0.1660
632.94 541.07 12.97 13.13 0.1659
746.27 496.02 8.78 9.52 0.1636
891.63 446.63 8.93 9.27 0.1630
927.57 471.28 9.97 9.45 0.1627
745.66 469.95 8.46 10.23 0.1619
595.54 559.75 17.95 19.64 0.1618
670.36 519.76 12.52 12.36 0.1597
672.05 470.01 9.37 10.99 0.1588
268.77 213.38 39.67 36.57 0.1579
671.53 494.89 11.02 10.85 0.1578
553.49 559.45 20.83 22.69 0.1559
828.54 585.54 40.26 41.08 0.1553
890.25 520.38 10.74 9.98 0.1526
666.24 561.13 18.40 18.55 0.1524
628.74 582.75 27.45 26.20 0.1523
522.15 541.51 14.80 17.48 0.1517
633.38 566.81 18.35 19.36 0.1514
852.94 519.77 11.68 10.00 0.1514
524.12 493.25 10.71 12.86 0.1497
745.46 542.46 11.45 11.49 0.1492
525.72 471.95 9.88 11.39 0.1487
927.27 445.88 11.00 10.34 0.1486
782.55 520.28 8.63 8.81 0.1460
417.04 626.59 50.93 40.63 0.1459
854.33 471.51 9.47 9.82 0.1454
447.43 554.29 18.42 24.89 0.1436
781.22 446.89 9.04 11.54 0.1430
782.33 471.42 7.78 9.26 0.1429
745.18 518.65 9.94 10.68 0.1422
782.10 495.68 7.82 8.44 0.1414
708.95 471.97 9.07 11.42 0.1412
999.54 517.05 12.41 13.31 0.1386
998.14 442.79 12.88 14.36 0.1383
520.13 563.71 16.59 19.38 0.1376
264.89 198.83 28.52 42.72 0.1374
702.82 541.12 14.18 13.01 0.1365
450.15 517.70 14.62 16.66 0.1359
963.66 518.48 10.75 10.55 0.1353
891.04 494.23 9.57 9.65 0.1347
963.60 471.15 11.00 10.82 0.1347
745.28 447.34 10.01 13.41 0.1340
854.89 447.15 9.33 9.94 0.1330
853.83 495.70 9.71 9.00 0.1303
707.45 519.38 11.79 12.14 0.1298
927.34 495.89 10.50 11.13 0.1292
266.06 643.68 44.70 36.58 0.1289
817.27 471.07 9.82 9.72 0.1273
964.36 493.66 10.99 11.53 0.1273
611.73 608.53 43.64 49.50 0.1269
632.91 442.76 12.84 15.86 0.1269
999.57 469.49 12.76 13.36 0.1260
385.22 631.16 53.47 42.04 0.1257
376.94 539.20 21.33 19.22 0.1253
598.63 637.29 58.83 45.44 0.1235
672.46 445.28 10.09 13.73 0.1232
555.87 628.83 23.84 29.58 0.1232
220.57 184.74 33.67 53.93 0.1229
399.13 648.74 43.46 32.55 0.1227
487.83 493.09 12.44 13.93 0.1226
367.60 613.25 36.24 44.65 0.1220
558.68 439.27 21.19 18.95 0.1169
848.18 565.77 20.07 21.22 0.1163
781.71 542.97 10.60 11.57 0.1162
888.77 540.27 14.04 14.38 0.1147
963.03 543.58 13.96 14.84 0.1131
594.20 609.13 40.59 39.34 0.1131
999.07 492.95 13.20 14.50 0.1121
194.86 190.09 29.71 34.63 0.1118
960.49 564.07 16.56 16.76 0.1117
850.99 541.82 14.82 14.10 0.1116
817.08 447.25 10.65 11.35 0.1105
512.79 635.35 25.50 28.07 0.1090
555.85 614.00 21.30 29.86 0.1087
816.81 519.23 10.98 9.74 0.1083
406.33 540.18 20.81 18.35 0.1077
486.15 632.23 27.46 29.59 0.1072
883.79 579.73 28.55 27.46 0.1065
519.76 614.19 21.24 27.55 0.1057
483.48 613.64 23.94 31.29 0.1057
997.78 416.57 14.14 17.52 0.1055
44.21 516.61 22.14 20.84 0.1052
816.64 495.79 10.28 9.63 0.1049
660.93 586.37 24.36 26.77 0.1042
386.30 605.88 54.22 52.37 0.1038
703.33 567.37 16.98 16.33 0.1027
998.08 542.52 14.23 16.04 0.1020
410.34 516.63 17.71 18.13 0.1019
886.55 631.38 43.57 41.23 0.1009
450.19 492.42 13.63 16.00 0.1008
809.37 632.47 44.75 44.90 0.1005
682.86 609.38 39.64 46.28 0.0998
593.85 441.91 17.18 17.67 0.0998
724.36 646.06 59.35 36.94 0.0971
555.07 582.25 20.94 24.84 0.0966
452.06 470.68 12.73 13.15 0.0958
927.04 542.82 12.20 13.64 0.0956
996.69 392.93 16.02 19.66 0.0944
519.40 583.27 19.61 23.80 0.0937
961.26 422.78 14.87 15.74 0.0936
815.06 542.41 14.30 13.39 0.0936
888.20 565.11 19.60 19.24 0.0917
174.67 644.70 77.54 38.30 0.0915
426.55 605.53 46.68 51.12 0.0912
876.98 607.30 40.28 49.80 0.0901
955.66 586.72 22.71 20.27 0.0896
170.44 562.79 40.99 54.03 0.0891
338.58 533.50 22.30 26.89 0.0876
223.33 236.89 38.86 48.84 0.0872
299.69 20.18 218.21 235.85 0.0859
519.01 438.52 19.66 17.97 0.0849
919.32 637.66 67.68 39.70 0.0843
998.76 561.63 15.78 19.20 0.0842
373.50 513.48 21.03 23.34 0.0836
813.92 587.74 43.37 57.12 0.0835
229.60 257.29 37.63 39.56 0.0832
925.45 566.21 14.72 16.58 0.0820
911.59 611.35 38.86 49.64 0.0810
41.19 532.21 26.67 29.14 0.0808
484.86 650.77 39.19 28.97 0.0792
592.87 583.10 28.83 33.26 0.0792
699.09 586.55 25.06 28.11 0.0790
76.05 511.72 29.29 28.88 0.0790
407.80 490.74 20.65 22.97 0.0787
926.20 421.93 15.25 15.48 0.0786
330.44 209.71 37.09 49.35 0.0784
368.47 578.50 33.63 33.98 0.0778
371.68 561.72 28.52 24.69 0.0776
507.88 653.88 30.41 24.44 0.0774
484.05 440.58 18.06 16.33 0.0772
283.74 246.94 45.91 54.17 0.0761
707.38 445.19 9.87 13.02 0.0759
160.22 438.01 53.47 62.08 0.0752
627.51 417.04 20.54 23.20 0.0748
11.83 515.24 15.77 18.11 0.0744
890.52 421.83 18.84 16.24 0.0739
7.62 488.59 20.83 22.01 0.0728
917.84 585.08 24.18 22.13 0.0713
388.28 580.50 49.14 51.01 0.0712
743.56 565.70 15.97 14.46 0.0709
404.96 465.71 24.24 23.81 0.0693
295.02 476.22 32.57 45.74 0.0687
188.73 500.17 27.55 46.56 0.0687
195.80 175.69 26.71 33.15 0.0679
336.24 560.35 24.45 23.07 0.0676
102.94 531.45 34.87 39.80 0.0664
483.69 574.16 24.65 32.54 0.0656
193.52 237.92 31.28 45.37 0.0653
368.82 487.98 23.97 27.77 0.0653
440.38 579.75 33.25 43.80 0.0652
66.80 459.23 46.62 32.19 0.0647
150.36 181.61 41.85 47.90 0.0646
980.49 647.57 39.96 35.43 0.0645
101.00 501.57 41.84 44.28 0.0635
5.04 147.20 82.19 147.22 0.0634
813.37 564.35 22.30 23.45 0.0633
779.30 565.23 14.43 14.91 0.0632
329.92 235.05 33.00 52.15 0.0630
336.46 455.49 37.00 43.94 0.0623
299.43 499.24 31.85 46.79 0.0620
775.20 421.44 19.83 20.90 0.0615
403.52 558.47 28.44 25.58 0.0615
325.40 257.36 31.74 45.61 0.0613
40.88 486.07 28.75 25.25 0.0613
72.83 483.72 33.91 32.41 0.0610
340.53 478.86 28.41 36.49 0.0608
241.20 242.06 67.73 83.53 0.0603
205.89 501.27 39.62 58.14 0.0602
555.97 652.22 31.24 28.12 0.0602
257.69 478.89 31.34 41.55 0.0595
72.88 530.54 36.84 38.78 0.0593
39.31 552.47 30.55 32.68 0.0581
