0_Parade_marchingband_1_439
200
143.63 435.96 30.35 35.48 0.3917
880.08 468.59 44.93 66.42 0.3748
260.15 466.06 30.38 32.19 0.3133
369.45 251.13 41.97 58.92 0.3114
514.16 409.12 24.57 28.00 0.2903
923.81 414.04 20.31 22.99 0.2870
252.18 242.83 101.22 86.24 0.2805
409.89 491.75 27.86 29.91 0.2774
696.30 362.26 20.51 23.44 0.2762
227.66 430.80 24.00 28.28 0.2750
778.57 412.90 14.96 19.00 0.2703
79.47 415.66 18.63 23.92 0.2701
80.18 436.16 24.91 34.76 0.2623
370.49 361.42 18.91 27.43 0.2573
324.96 462.74 29.38 34.22 0.2559
669.05 414.30 14.29 20.14 0.2494
411.39 442.72 17.37 18.64 0.2490
630.64 414.89 19.40 24.64 0.2475
337.71 444.87 18.89 22.86 0.2447
556.20 416.92 19.54 26.37 0.2410
883.03 412.29 18.98 21.34 0.2407
375.50 466.99 20.71 26.53 0.2351
707.44 416.54 16.07 21.35 0.2349
42.97 453.86 22.23 32.18 0.2338
998.89 360.28 15.10 20.79 0.2319
852.43 413.41 16.63 19.22 0.2319
6.35 418.99 19.29 28.05 0.2316
486.50 441.51 20.67 22.61 0.2298
260.83 437.23 25.06 27.89 0.2291
595.68 417.26 18.00 24.55 0.2281
889.58 360.59 13.88 15.96 0.2251
450.20 442.57 17.99 20.65 0.2239
300.93 415.85 16.28 18.35 0.2211
591.88 433.61 21.62 27.96 0.2205
340.39 411.51 14.71 19.04 0.2199
376.73 443.43 16.57 19.36 0.2174
476.45 467.12 28.05 38.41 0.2130
619.38 357.67 27.26 31.55 0.2129
266.82 417.21 17.56 19.52 0.2123
4.36 517.10 23.09 37.57 0.2106
853.93 362.43 10.76 13.90 0.2098
743.58 438.32 15.31 20.76 0.2080
302.16 436.49 19.29 25.37 0.2073
745.07 364.01 11.28 17.17 0.2071
340.05 388.81 13.92 19.09 0.2036
781.37 361.71 11.30 14.13 0.2035
411.77 412.19 15.72 19.84 0.2034
552.65 430.53 22.54 28.76 0.2028
323.95 472.79 34.29 45.17 0.2023
148.90 413.69 34.86 38.81 0.2014
926.14 332.63 15.86 17.97 0.2003
444.23 463.79 34.68 40.65 0.2002
816.98 415.28 12.97 17.08 0.1998
377.00 411.94 14.32 17.65 0.1982
743.99 417.19 12.60 17.99 0.1976
229.80 418.67 19.44 23.95 0.1959
622.09 373.14 23.68 29.33 0.1956
762.92 462.07 34.12 49.48 0.1931
517.01 422.78 26.04 35.97 0.1919
882.83 440.33 26.55 33.45 0.1915
450.17 413.53 14.01 20.24 0.1913
815.82 360.67 12.04 15.85 0.1894
373.26 376.75 17.69 27.37 0.1892
305.62 464.93 36.07 34.89 0.1889
523.81 352.85 27.42 29.91 0.1868
120.49 416.00 20.51 27.72 0.1847
849.22 481.42 40.26 54.95 0.1846
664.08 437.75 21.99 26.07 0.1844
187.52 412.42 22.84 25.70 0.1832
151.05 359.14 50.16 51.55 0.1830
817.98 389.00 12.17 16.61 0.1816
744.48 385.40 11.86 17.48 0.1753
596.23 364.12 24.27 36.87 0.1752
187.79 467.06 25.84 36.66 0.1741
779.86 390.99 11.61 17.25 0.1737
888.66 388.08 14.51 16.82 0.1726
216.93 465.04 34.10 41.73 0.1723
924.84 388.19 15.71 18.20 0.1722
488.06 414.07 20.86 22.30 0.1717
812.49 439.45 17.04 21.83 0.1713
731.87 459.97 43.08 58.07 0.1693
848.85 439.24 26.43 30.94 0.1690
925.14 359.13 16.26 18.84 0.1676
122.76 434.86 29.65 31.17 0.1674
409.79 468.87 26.12 33.90 0.1665
413.28 390.88 14.83 23.21 0.1654
702.57 373.53 16.29 27.50 0.1644
997.56 378.14 18.25 29.18 0.1637
915.51 427.79 32.55 40.44 0.1631
532.74 669.40 128.17 95.08 0.1619
448.33 359.08 17.50 23.52 0.1607
853.02 389.00 11.96 16.01 0.1599
7.03 460.62 21.87 29.35 0.1582
413.08 358.40 15.97 21.42 0.1580
187.90 432.06 26.70 33.80 0.1576
995.76 413.40 19.54 30.51 0.1571
151.95 332.61 59.28 58.46 0.1569
555.45 375.41 19.33 28.11 0.1548
777.19 436.50 18.82 24.28 0.1538
705.80 435.72 17.77 23.63 0.1530
671.38 387.63 14.68 19.07 0.1520
518.30 387.64 21.07 24.70 0.1515
182.43 581.00 31.94 51.08 0.1515
6.76 494.93 23.18 38.31 0.1507
720.60 465.25 67.73 95.03 0.1501
446.62 385.66 16.05 22.76 0.1471
987.52 426.97 27.16 41.62 0.1466
473.01 353.02 27.72 28.77 0.1462
802.72 492.30 29.31 45.86 0.1433
888.82 337.07 14.23 16.14 0.1432
433.29 254.46 31.85 52.10 0.1417
306.07 391.43 12.95 14.88 0.1403
990.01 455.57 29.17 55.40 0.1402
544.57 355.01 28.80 35.28 0.1402
372.08 482.69 24.12 32.92 0.1402
953.91 434.99 32.41 40.71 0.1399
628.66 429.73 24.89 31.40 0.1391
960.61 360.06 15.77 18.66 0.1375
956.46 413.42 22.51 25.91 0.1372
325.74 497.92 38.14 54.04 0.1371
998.78 327.72 16.90 23.42 0.1363
553.25 467.66 21.45 31.54 0.1359
342.73 361.42 15.81 21.66 0.1350
960.05 385.69 17.97 23.17 0.1345
940.85 448.33 47.33 64.75 0.1343
303.42 477.22 40.67 42.35 0.1268
816.74 337.66 11.28 15.46 0.1262
673.32 361.03 19.72 22.20 0.1251
701.54 466.38 32.87 42.51 0.1243
802.39 463.85 30.47 47.84 0.1238
116.34 455.60 35.83 44.63 0.1223
0.00 638.33 22.96 53.64 0.1191
145.96 469.55 38.91 52.21 0.1180
538.75 135.69 100.03 191.32 0.1169
445.00 294.17 28.27 43.20 0.1159
601.07 196.83 58.18 117.74 0.1148
41.14 487.61 28.18 42.25 0.1135
854.81 337.63 12.07 15.51 0.1117
229.10 382.74 18.20 21.90 0.1115
997.36 508.92 19.51 36.00 0.1102
2.33 548.55 26.82 59.94 0.1091
174.74 497.69 39.93 51.90 0.1081
150.77 505.43 38.02 45.10 0.1071
448.86 320.92 20.65 33.02 0.1071
42.17 558.28 27.16 48.97 0.1059
957.27 335.56 19.56 19.97 0.1056
483.42 384.50 21.70 25.30 0.1053
266.60 388.87 14.17 16.72 0.1053
590.66 457.50 27.67 35.39 0.1052
690.03 482.98 54.08 83.61 0.1046
781.81 338.64 12.89 17.08 0.1045
371.29 331.14 23.62 29.85 0.1021
219.27 314.27 34.52 40.34 0.1013
70.64 353.20 24.50 26.56 0.1012
706.28 624.04 94.66 123.71 0.1007
45.21 414.39 21.13 26.53 0.0987
403.64 496.33 35.60 47.15 0.0976
531.09 331.10 44.33 54.13 0.0944
151.17 571.61 39.23 61.56 0.0938
45.00 513.32 27.90 39.35 0.0937
705.46 339.28 13.79 22.68 0.0937
42.21 592.79 40.05 68.40 0.0932
656.56 450.22 41.29 44.95 0.0925
107.23 489.96 40.92 53.79 0.0922
160.59 205.32 53.50 50.04 0.0914
220.42 482.85 33.16 60.77 0.0899
994.52 304.81 21.26 28.91 0.0899
44.00 538.19 28.45 44.70 0.0894
373.40 517.76 28.07 43.26 0.0879
117.70 348.45 58.58 45.77 0.0878
663.37 499.70 68.17 83.97 0.0853
622.74 337.42 27.22 43.75 0.0848
732.57 245.30 24.73 28.04 0.0839
478.92 332.57 25.36 35.81 0.0825
42.77 615.51 84.29 87.18 0.0810
394.90 523.71 45.80 57.11 0.0803
335.72 328.02 23.51 30.75 0.0801
622.58 459.72 29.89 38.57 0.0799
924.74 186.86 29.10 41.92 0.0792
593.54 639.67 93.99 95.36 0.0787
226.82 355.11 23.79 30.17 0.0782
112.86 359.05 45.19 52.46 0.0773
919.97 310.31 19.07 22.48 0.0769
187.01 592.58 44.60 77.84 0.0752
154.24 534.02 40.46 45.00 0.0743
172.92 540.05 41.24 45.40 0.0740
798.70 521.22 40.52 62.12 0.0737
115.00 585.55 39.66 63.35 0.0736
668.76 336.73 16.64 22.75 0.0729
655.22 465.44 67.91 66.86 0.0723
866.49 485.11 55.39 89.31 0.0722
78.09 381.62 22.94 33.37 0.0720
742.46 336.97 12.81 16.69 0.0717
955.95 237.54 37.81 39.35 0.0715
516.32 452.75 29.67 41.43 0.0710
296.66 495.01 42.51 59.18 0.0703
681.70 532.09 56.53 99.71 0.0698
77.05 481.53 29.98 49.44 0.0698
430.17 506.88 47.37 47.16 0.0697
847.84 224.52 18.37 20.97 0.0696
