12_Group_Large_Group_12_Group_Large_Group_12_120
58
435.34 242.70 337.68 246.93 0.9994
219.24 248.15 338.82 245.43 0.9992
520.57 327.06 323.68 355.94 0.9978
288.46 323.15 330.32 359.85 0.9967
150.07 315.99 323.72 355.29 0.9953
537.71 237.14 486.29 224.11 0.9890
158.09 257.95 217.83 260.06 0.9803
118.91 326.24 170.90 346.39 0.8778
67.03 272.24 107.82 140.30 0.2734
54.44 311.45 87.68 142.47 0.2175
70.95 350.68 102.89 149.73 0.2064
67.32 419.85 104.13 131.39 0.1321
56.84 229.11 83.42 128.50 0.0584
317.05 295.37 129.30 118.66 0.0464
503.61 367.92 127.84 103.67 0.0427
683.19 230.42 126.10 107.49 0.0419
162.24 294.90 146.25 115.24 0.0419
266.39 404.20 136.46 112.18 0.0408
30.27 360.23 65.53 121.01 0.0398
227.96 325.31 169.75 93.79 0.0389
101.30 418.91 136.50 99.37 0.0380
171.63 236.87 134.91 112.09 0.0358
716.68 260.92 137.12 116.33 0.0356
467.40 286.68 131.32 121.84 0.0352
592.20 264.69 165.10 94.30 0.0343
156.80 401.16 138.83 118.49 0.0337
687.28 366.26 120.49 110.65 0.0335
126.55 362.83 135.26 125.37 0.0326
681.49 288.92 138.99 123.29 0.0323
237.59 259.68 138.16 111.85 0.0315
202.91 361.55 152.55 93.52 0.0311
699.15 431.21 139.62 123.49 0.0309
455.99 399.70 142.53 98.39 0.0307
571.59 289.06 128.78 123.04 0.0296
749.83 325.98 142.14 119.31 0.0296
785.96 398.95 133.13 123.56 0.0293
91.13 323.80 154.95 98.58 0.0291
569.30 218.30 130.94 125.97 0.0287
267.83 358.68 153.84 100.95 0.0284
344.36 409.58 136.43 113.95 0.0270
773.61 295.21 174.28 91.50 0.0269
752.81 220.41 137.54 113.60 0.0264
96.21 253.77 139.82 125.56 0.0263
482.66 428.87 137.68 131.33 0.0262
346.01 252.03 145.80 128.80 0.0253
310.28 227.52 145.39 112.03 0.0252
348.79 321.49 131.58 131.30 0.0250
527.57 265.86 137.48 119.30 0.0237
36.09 292.14 61.69 131.87 0.0231
414.24 324.99 162.46 99.99 0.0221
491.26 223.13 131.45 113.19 0.0215
411.61 428.18 131.68 129.47 0.0208
393.63 370.25 134.86 119.61 0.0208
585.08 423.13 138.19 130.94 0.0205
649.61 321.52 134.04 114.43 0.0203
529.18 393.92 153.44 99.56 0.0202
47.94 457.84 81.43 130.64 0.0201
573.74 355.17 137.15 117.48 0.0200
