29_Students_Schoolkids_Students_Schoolkids_29_626
22
164.99 173.17 346.93 265.89 0.9978
557.12 150.34 343.25 254.22 0.9908
289.77 133.06 374.96 210.59 0.6915
104.85 151.69 219.89 297.66 0.6732
536.82 366.23 299.69 316.77 0.2423
139.38 225.85 228.04 351.86 0.2397
612.83 116.64 411.17 189.90 0.1032
93.74 351.31 188.56 331.69 0.0989
219.17 248.61 339.33 326.99 0.0946
77.31 188.76 128.42 105.82 0.0824
455.04 218.29 525.17 292.79 0.0630
326.51 223.30 429.18 222.91 0.0609
382.70 289.37 334.03 337.70 0.0584
14.92 411.54 94.51 170.85 0.0479
159.09 350.37 283.10 332.63 0.0471
37.70 196.11 207.12 299.73 0.0378
66.77 214.09 103.94 149.36 0.0326
405.67 85.37 391.06 150.24 0.0323
298.61 359.55 287.97 323.45 0.0290
344.39 34.46 184.45 84.98 0.0289
67.11 423.84 125.17 168.50 0.0237
197.24 88.73 399.63 166.53 0.0207
