29_Students_Schoolkids_Students_Schoolkids_29_358
15
518.93 338.80 311.22 282.20 0.9605
392.16 360.86 287.50 260.14 0.8307
264.74 378.29 272.32 242.71 0.3998
553.43 220.15 470.57 195.26 0.0678
223.04 276.25 340.36 261.46 0.0579
159.70 355.53 200.34 265.47 0.0577
541.02 124.42 482.98 147.19 0.0456
353.23 280.03 375.28 241.07 0.0382
150.76 165.47 349.29 213.25 0.0364
787.14 371.40 133.68 104.10 0.0327
493.86 396.18 147.12 91.09 0.0307
92.35 285.34 165.57 335.66 0.0285
142.35 219.61 222.69 242.56 0.0243
421.63 374.13 140.17 108.45 0.0230
823.68 395.80 147.46 89.69 0.0214
