9_Press_Conference_Press_Conference_9_182
30
429.75 143.25 98.10 134.16 0.879644
531.51 421.49 55.19 42.65 0.138476
455.51 288.62 57.05 67.84 0.119989
920.05 238.25 59.18 51.71 0.115466
365.06 349.90 69.21 51.25 0.096445
970.86 541.93 46.47 60.00 0.092726
903.71 224.76 40.51 48.46 0.088020
501.40 409.88 94.39 91.54 0.083781
955.96 231.55 59.02 50.44 0.079312
398.72 334.87 68.45 60.94 0.076624
910.34 522.86 103.96 117.34 0.076404
202.51 173.44 264.37 253.83 0.076054
922.11 268.30 98.13 95.67 0.071782
612.14 387.41 40.67 51.75 0.069172
562.90 347.02 30.51 25.50 0.063920
434.45 409.09 127.10 90.87 0.058731
301.01 527.43 201.06 84.50 0.058234
597.53 402.63 65.01 63.44 0.057996
970.81 260.56 53.19 64.10 0.057655
7.18 545.43 32.21 65.99 0.055347
898.87 230.72 55.22 80.54 0.054623
383.61 142.46 107.45 121.68 0.054507
404.33 529.07 127.24 63.34 0.054006
460.32 439.93 152.21 122.06 0.052756
0.37 653.30 39.44 31.70 0.052287
67.65 273.60 136.93 254.69 0.051856
0.00 445.58 122.68 213.44 0.050816
346.92 419.10 97.33 68.29 0.050575
522.26 373.09 47.11 37.34 0.050399
928.20 14.23 84.54 70.04 0.050246
