9_Press_Conference_Press_Conference_9_258
75
287.29 335.98 469.96 685.86 0.794989
791.14 428.78 81.95 241.68 0.195509
976.75 1517.97 33.36 100.06 0.163436
210.18 804.27 113.76 359.46 0.153864
224.32 17.85 456.80 485.48 0.145540
972.49 1004.90 41.66 159.60 0.145267
57.67 1329.11 98.89 312.94 0.134626
946.12 1575.08 36.70 107.32 0.127722
897.27 1430.96 31.06 99.56 0.119895
183.81 60.00 359.39 898.45 0.119469
958.64 970.95 61.93 303.77 0.117805
931.67 1243.54 34.37 127.39 0.117031
980.65 1438.69 33.43 102.21 0.116636
891.47 1334.34 33.25 111.89 0.115015
382.88 1299.67 76.70 176.97 0.112281
944.33 1519.19 40.19 109.12 0.109357
898.91 1512.14 25.70 77.80 0.108693
975.33 1194.01 47.57 191.93 0.108063
433.66 59.57 269.44 261.08 0.105527
861.03 438.24 73.58 269.96 0.104124
829.32 1499.29 48.48 104.81 0.101263
939.07 1331.65 29.88 101.68 0.101129
721.97 413.75 176.21 504.19 0.099627
939.97 1434.50 33.47 103.79 0.099306
888.95 1252.56 40.09 130.00 0.099210
734.37 677.52 179.40 442.21 0.099111
974.27 1747.19 41.93 95.84 0.097782
868.21 909.15 76.40 266.79 0.096084
816.31 1414.91 57.75 130.62 0.094847
922.75 1121.84 56.32 261.75 0.090270
848.38 1589.57 31.01 79.41 0.089878
42.92 1183.68 76.90 415.19 0.088702
828.49 1316.72 48.56 132.23 0.087650
976.60 1709.08 37.69 95.75 0.087456
204.54 1150.72 82.83 312.25 0.087399
773.21 1473.08 64.71 137.53 0.087340
837.92 1253.46 43.85 135.78 0.086692
73.82 321.66 139.36 533.36 0.086012
980.78 1324.66 38.42 136.09 0.085349
928.39 961.59 60.50 206.63 0.084525
760.27 1376.23 90.81 182.09 0.082371
24.61 484.36 119.71 472.84 0.081896
196.40 1222.64 45.83 181.74 0.080938
877.26 1130.71 47.83 185.50 0.079707
183.43 1094.85 63.80 255.08 0.078966
90.59 1223.10 88.44 282.71 0.077779
442.07 1263.73 169.62 288.34 0.077617
755.79 1561.65 48.43 108.62 0.075364
784.38 1575.64 51.96 104.98 0.072594
728.19 1337.65 71.57 139.91 0.072509
895.14 1577.39 40.31 114.72 0.071352
389.82 1428.18 359.67 376.35 0.070649
287.06 1134.65 93.07 270.41 0.069091
360.02 1168.88 106.44 288.09 0.068473
123.90 164.63 212.72 602.76 0.066211
936.46 1683.48 51.73 100.95 0.065438
839.83 363.18 80.58 261.81 0.065330
782.53 1302.80 65.89 141.39 0.064943
933.22 1736.32 64.59 104.94 0.064186
725.98 971.78 180.32 487.41 0.063434
873.97 524.09 113.78 465.23 0.062005
814.73 1060.11 104.11 345.90 0.060849
0.00 1771.87 31.67 84.13 0.060480
764.21 1177.80 102.03 282.16 0.059282
7.17 701.66 76.95 379.41 0.058870
6.79 1047.07 33.13 142.29 0.057361
466.21 1247.72 109.53 189.58 0.056898
142.88 600.89 183.94 610.88 0.056420
109.52 565.57 88.78 330.09 0.055912
631.50 1203.10 84.29 200.84 0.052464
657.93 1183.27 41.31 96.05 0.051907
120.57 1092.38 85.60 301.02 0.051902
679.75 1098.35 148.50 410.90 0.051269
934.99 625.50 89.01 369.00 0.050605
107.49 862.61 136.74 443.83 0.050427
