9_Press_Conference_Press_Conference_9_214
53
833.45 164.27 125.64 145.90 0.817236
379.88 115.36 124.20 176.00 0.714731
63.20 207.92 123.88 139.57 0.695270
567.90 260.83 86.17 116.01 0.383486
466.85 95.84 126.56 196.81 0.221328
558.78 19.61 44.41 39.34 0.195166
503.95 193.98 54.68 114.17 0.161661
519.62 132.83 97.03 137.12 0.157758
528.97 72.20 74.20 88.61 0.155098
698.38 245.19 41.95 60.51 0.138515
485.35 56.38 89.90 107.27 0.138283
111.69 269.49 98.12 106.59 0.137597
633.90 255.34 61.92 125.53 0.117319
409.40 89.10 77.52 84.12 0.117306
504.38 12.38 52.61 42.10 0.116966
934.82 27.08 51.22 60.72 0.116590
964.58 39.57 58.35 78.45 0.109270
503.63 52.07 112.94 163.74 0.108339
317.92 185.11 143.04 244.91 0.102354
496.08 328.01 84.46 106.41 0.102251
10.42 212.29 63.02 111.13 0.100753
541.15 309.80 84.40 121.43 0.095396
549.75 219.28 62.22 118.90 0.095167
484.37 24.70 70.56 76.98 0.092066
45.85 176.17 109.32 124.29 0.088882
460.32 78.13 63.85 90.43 0.088639
516.03 369.02 74.50 84.39 0.087186
521.05 238.66 34.14 64.10 0.083245
461.54 220.56 40.34 81.33 0.083177
318.14 155.37 77.82 110.16 0.083081
596.15 282.92 94.64 129.72 0.081317
389.26 171.16 94.41 217.35 0.078538
593.33 28.63 61.24 81.29 0.078104
860.56 260.66 70.38 88.15 0.076270
644.45 224.82 57.31 104.83 0.073894
550.36 189.09 91.49 104.71 0.072250
458.53 315.28 96.86 136.97 0.070718
86.02 167.79 91.56 103.27 0.065161
874.50 320.27 47.22 52.66 0.063520
981.53 213.71 42.47 91.26 0.062721
356.99 253.75 189.14 256.78 0.061574
189.66 183.96 34.41 62.49 0.060887
794.28 200.51 110.71 120.92 0.060035
140.87 317.94 69.49 92.13 0.059973
858.74 306.78 122.07 110.83 0.059745
179.09 204.20 45.78 68.21 0.058467
9.37 150.39 81.02 108.42 0.058159
826.87 136.89 97.64 113.28 0.058013
936.92 5.05 31.72 42.67 0.057625
514.04 241.30 51.72 113.92 0.056271
458.97 239.12 58.96 123.01 0.053608
336.05 315.84 109.05 124.15 0.053209
931.60 52.19 67.04 79.74 0.052137
