58_Hockey_icehockey_puck_58_94
186
763.18 117.87 42.92 52.52 0.7275
682.66 170.13 45.76 54.86 0.6763
441.95 115.32 38.89 54.08 0.6735
124.23 37.48 38.45 50.29 0.5854
818.42 227.46 40.20 55.61 0.4879
321.71 98.35 32.56 33.48 0.4828
574.47 144.51 43.20 54.89 0.4441
2.95 36.54 25.49 34.26 0.4120
303.31 97.41 34.71 30.65 0.3934
598.33 95.19 34.57 38.82 0.3780
518.39 216.66 50.94 61.15 0.3148
622.73 46.50 29.63 27.13 0.3088
502.07 46.23 32.73 34.56 0.3029
150.95 127.76 38.54 51.12 0.2946
592.85 103.53 42.92 57.35 0.2741
973.84 96.39 42.52 60.74 0.2638
556.50 160.15 47.01 58.42 0.2603
537.42 235.70 43.97 57.94 0.2232
657.83 84.22 32.26 40.69 0.1917
668.66 184.69 51.14 56.49 0.1799
661.82 290.53 22.36 26.74 0.1765
688.85 262.28 32.99 32.41 0.1719
619.81 52.73 36.96 44.03 0.1717
4.38 57.21 23.68 35.57 0.1705
840.59 191.69 29.32 40.68 0.1693
0.68 2.83 27.98 47.33 0.1653
630.32 231.55 23.74 31.92 0.1653
808.69 323.26 63.99 59.43 0.1625
281.78 178.84 50.69 49.58 0.1614
584.85 217.59 30.78 40.72 0.1568
596.87 43.52 38.77 33.09 0.1538
287.54 126.27 60.47 66.80 0.1515
595.68 339.66 23.07 32.07 0.1409
627.84 316.57 20.96 27.49 0.1399
670.23 265.87 24.45 29.63 0.1373
854.73 159.08 42.75 42.73 0.1341
688.32 121.65 43.43 53.22 0.1327
900.32 118.47 41.28 51.74 0.1298
891.56 267.18 48.56 52.87 0.1286
884.63 206.85 38.46 42.11 0.1260
518.12 260.61 50.36 62.14 0.1252
542.72 305.25 35.19 42.90 0.1238
873.28 290.56 44.64 55.61 0.1237
483.13 187.76 38.07 51.07 0.1165
768.33 54.90 39.85 56.12 0.1158
608.33 160.85 43.06 46.04 0.1154
615.91 186.92 39.72 45.60 0.1150
735.98 316.64 35.08 47.09 0.1150
595.69 28.04 34.98 34.29 0.1139
3.40 170.81 19.94 23.06 0.1137
794.58 39.20 34.55 42.96 0.1129
657.95 102.43 39.93 52.97 0.1116
72.25 187.72 29.28 40.47 0.1102
297.27 163.36 62.24 68.84 0.1091
885.30 150.69 56.29 53.38 0.1075
777.42 209.85 30.27 35.72 0.1071
191.26 69.98 25.27 34.22 0.1050
624.32 335.77 27.25 36.77 0.1043
866.85 141.77 52.35 63.68 0.1035
47.64 0.00 26.63 35.93 0.1027
664.84 236.38 31.11 36.97 0.1027
897.00 215.17 43.91 49.61 0.1016
68.40 142.95 27.62 31.46 0.1016
294.32 213.61 68.10 77.48 0.1011
267.04 93.57 41.92 41.47 0.1002
145.26 152.23 48.03 69.86 0.1000
3.23 95.37 22.04 28.79 0.0981
897.23 238.19 49.33 49.61 0.0978
875.39 179.40 44.71 50.79 0.0971
614.08 352.69 45.55 56.48 0.0954
591.17 339.68 45.62 61.53 0.0950
262.61 190.79 63.14 54.05 0.0941
484.40 286.65 34.42 49.78 0.0936
658.24 334.44 27.90 36.78 0.0934
709.02 187.56 49.09 50.07 0.0909
3.28 147.28 19.90 26.23 0.0906
493.83 324.05 155.64 200.75 0.0905
51.25 143.41 28.62 29.77 0.0893
73.54 162.04 29.03 49.37 0.0883
47.97 12.79 33.32 46.72 0.0882
699.42 280.08 31.90 36.98 0.0878
629.50 292.28 23.56 29.70 0.0871
627.09 261.51 23.86 30.33 0.0864
682.12 238.35 43.88 42.67 0.0861
660.67 305.81 25.96 35.41 0.0858
758.14 314.13 64.06 72.47 0.0857
107.43 508.01 35.70 32.42 0.0855
482.97 263.08 43.64 58.22 0.0848
521.57 299.29 41.36 49.98 0.0841
581.50 258.42 36.31 44.88 0.0840
169.28 202.11 49.97 55.46 0.0839
488.13 29.85 41.98 47.55 0.0833
485.03 0.00 27.23 20.39 0.0830
575.51 348.87 78.54 109.98 0.0821
556.82 90.09 37.03 42.68 0.0820
554.07 0.14 22.34 19.72 0.0816
583.42 279.25 32.50 43.00 0.0805
742.79 116.51 46.02 58.19 0.0805
589.58 313.47 28.74 44.68 0.0802
5.71 192.19 18.05 22.99 0.0800
48.04 121.92 21.19 30.68 0.0795
811.45 198.74 46.86 60.86 0.0788
264.88 103.02 69.72 68.35 0.0786
735.09 285.98 33.24 47.22 0.0785
840.02 314.99 69.67 66.53 0.0782
371.19 68.70 26.29 39.07 0.0778
71.50 23.16 26.84 41.53 0.0776
407.17 30.50 20.05 30.25 0.0770
990.20 244.85 33.56 50.23 0.0768
768.68 369.14 107.17 91.14 0.0768
517.48 160.32 51.68 50.37 0.0764
482.31 207.32 59.26 67.31 0.0762
45.41 98.15 20.38 29.73 0.0761
223.67 187.37 44.54 40.06 0.0758
405.39 184.15 35.50 47.56 0.0757
998.93 513.10 18.35 34.06 0.0754
735.18 260.40 31.40 45.00 0.0753
251.24 209.58 80.29 77.14 0.0748
742.24 60.88 49.85 56.33 0.0748
440.11 43.07 29.41 35.95 0.0742
3.80 121.32 19.79 29.97 0.0736
365.89 89.54 33.78 45.63 0.0729
362.00 108.02 36.40 48.05 0.0724
515.52 0.00 24.65 20.73 0.0717
697.32 68.08 28.87 41.73 0.0717
43.24 219.06 29.97 32.64 0.0716
222.39 84.65 35.53 48.90 0.0716
297.93 45.71 27.31 39.36 0.0713
552.11 26.44 23.95 29.75 0.0713
953.95 260.78 31.72 45.56 0.0710
144.32 91.60 37.82 64.20 0.0703
8.78 514.61 23.00 38.14 0.0701
764.30 253.45 36.82 47.74 0.0693
769.56 229.46 32.79 45.27 0.0692
74.02 93.42 27.02 39.33 0.0688
689.93 324.32 40.91 49.72 0.0686
153.91 299.54 125.75 180.88 0.0684
501.06 412.47 107.79 106.74 0.0677
552.83 474.98 180.21 146.46 0.0677
116.89 1.76 39.32 68.96 0.0669
180.39 89.27 31.15 46.13 0.0669
741.52 42.15 35.82 45.22 0.0656
807.50 266.99 54.45 56.94 0.0650
752.06 289.82 53.52 70.59 0.0649
441.57 0.00 29.88 20.82 0.0648
949.59 244.32 29.69 38.50 0.0644
593.85 3.68 29.42 20.54 0.0641
640.71 352.92 46.37 49.81 0.0639
557.34 71.84 31.47 37.98 0.0638
769.27 0.00 31.90 25.08 0.0637
767.75 329.83 101.85 90.09 0.0635
440.96 71.06 33.78 49.00 0.0632
7.33 523.05 38.78 63.85 0.0631
553.96 42.84 28.88 37.07 0.0629
413.32 129.32 31.81 46.77 0.0626
723.53 151.20 37.85 51.29 0.0625
982.54 131.88 40.14 80.53 0.0621
697.78 93.50 35.07 50.17 0.0621
75.43 0.00 31.39 45.94 0.0619
469.50 156.00 37.88 48.82 0.0610
695.65 303.24 35.33 44.79 0.0609
40.77 237.90 27.44 26.02 0.0607
202.33 372.45 109.71 114.06 0.0596
109.24 166.46 39.65 59.81 0.0591
408.77 156.12 32.21 45.82 0.0590
37.51 512.34 26.83 27.53 0.0584
652.21 44.83 33.40 30.97 0.0584
101.58 520.18 45.59 43.46 0.0571
143.81 260.11 53.31 65.36 0.0566
412.39 0.00 22.66 19.99 0.0565
622.08 4.65 35.94 28.32 0.0564
374.00 42.08 22.19 35.26 0.0561
769.55 86.60 62.06 65.10 0.0556
743.54 0.00 32.09 25.47 0.0552
727.79 234.52 35.93 47.82 0.0544
913.28 98.73 27.92 43.11 0.0539
1.80 221.36 22.32 24.39 0.0538
335.49 27.64 20.66 27.99 0.0538
886.58 0.00 42.67 31.60 0.0534
40.55 68.29 25.17 34.62 0.0531
46.61 191.87 32.86 39.81 0.0523
118.44 260.17 48.33 47.41 0.0520
957.43 271.97 49.42 62.40 0.0517
115.71 493.87 29.52 26.55 0.0512
913.18 72.17 26.57 37.21 0.0503
104.82 132.84 39.06 51.93 0.0503
