58_Hockey_icehockey_puck_58_404
110
505.36 58.61 53.87 74.81 0.6938
484.94 229.26 47.21 50.52 0.4503
260.10 445.65 39.07 50.26 0.3918
515.12 229.96 57.32 50.11 0.2568
412.96 261.63 20.23 29.01 0.2563
406.55 375.94 37.53 48.97 0.2329
238.95 376.99 86.13 123.23 0.2144
449.57 283.89 25.50 33.81 0.1932
545.50 134.82 35.64 47.59 0.1705
524.42 94.26 54.42 67.89 0.1640
365.68 513.10 50.82 57.37 0.1638
252.74 331.78 72.93 111.59 0.1524
306.60 364.99 70.88 107.02 0.1487
169.39 337.92 99.35 159.71 0.1373
594.66 114.42 36.47 37.77 0.1364
481.44 92.92 51.19 65.38 0.1330
413.32 212.18 23.92 36.36 0.1299
611.84 138.49 38.89 41.77 0.1201
467.07 189.15 43.67 66.53 0.1176
339.38 469.74 70.42 79.46 0.1174
437.89 229.23 49.92 47.43 0.1171
349.70 455.30 53.16 54.86 0.1166
331.48 420.73 58.20 83.99 0.1134
262.76 252.92 55.18 37.26 0.1105
331.30 370.40 88.18 100.80 0.1094
72.13 445.39 25.99 34.07 0.1088
644.76 497.35 53.02 62.64 0.1050
531.73 357.61 77.92 99.66 0.1048
614.07 156.94 45.41 59.27 0.1042
291.63 560.59 54.67 43.86 0.1039
406.42 145.32 23.70 29.29 0.1035
449.41 177.81 43.63 44.04 0.1006
363.50 291.64 29.34 35.18 0.0998
609.89 125.29 34.61 39.22 0.0973
361.79 354.59 69.47 81.32 0.0967
221.25 410.59 71.53 96.98 0.0966
412.95 189.83 34.40 39.81 0.0952
314.50 495.15 81.77 81.13 0.0944
438.42 310.78 31.64 41.22 0.0937
356.05 122.90 36.47 40.73 0.0935
180.17 261.41 141.41 218.80 0.0928
406.05 320.67 39.22 55.79 0.0926
466.16 173.81 33.63 37.89 0.0924
406.62 126.34 24.25 34.57 0.0919
371.41 326.19 49.04 79.44 0.0911
447.91 151.15 25.72 31.78 0.0897
352.11 511.78 99.34 81.48 0.0894
352.68 427.64 80.33 75.12 0.0873
408.51 292.03 25.74 33.38 0.0865
366.47 307.39 34.43 57.15 0.0865
642.88 163.91 47.71 54.96 0.0856
368.86 150.25 26.89 41.00 0.0854
413.30 333.04 54.18 59.06 0.0852
408.96 163.02 28.42 37.14 0.0839
506.83 134.97 45.72 61.32 0.0839
675.84 503.25 82.21 75.62 0.0838
335.54 116.26 35.84 43.81 0.0838
589.33 129.96 53.79 55.19 0.0837
583.23 96.43 31.94 48.90 0.0826
767.20 358.12 47.05 119.29 0.0809
279.76 545.94 88.74 69.38 0.0791
276.25 461.63 46.41 58.03 0.0775
587.28 176.78 65.62 70.25 0.0772
504.88 15.02 67.92 91.63 0.0751
691.47 496.63 45.47 61.91 0.0737
134.38 407.46 60.47 85.54 0.0735
250.69 256.30 77.14 88.79 0.0733
42.80 420.14 31.67 54.25 0.0732
319.04 266.35 40.44 39.88 0.0714
651.81 178.39 48.16 74.99 0.0713
538.71 486.39 44.34 54.40 0.0704
520.93 296.22 195.00 225.83 0.0701
468.43 272.80 44.78 56.64 0.0695
718.59 330.61 79.44 159.06 0.0681
147.51 465.64 31.14 48.26 0.0676
229.26 476.64 42.09 48.96 0.0658
389.84 491.29 140.60 88.37 0.0656
541.78 305.53 52.52 66.45 0.0648
539.89 447.26 53.21 61.13 0.0647
102.71 466.71 37.34 34.31 0.0642
538.81 276.14 52.08 70.17 0.0641
90.77 435.18 59.13 53.53 0.0639
575.40 220.17 55.03 53.64 0.0638
362.35 273.23 32.24 37.64 0.0637
223.28 565.12 92.19 54.14 0.0621
466.35 138.81 40.90 50.12 0.0620
409.67 374.26 59.51 74.65 0.0617
518.92 368.29 52.03 59.67 0.0612
506.81 299.97 47.04 64.67 0.0610
465.70 494.33 129.04 88.89 0.0601
517.39 1.18 51.18 39.11 0.0585
319.67 277.79 42.14 58.21 0.0583
475.13 327.54 37.08 54.53 0.0580
179.19 552.88 88.93 67.76 0.0580
632.47 144.57 52.10 44.67 0.0580
149.16 484.77 36.23 63.98 0.0574
500.37 265.57 60.18 76.09 0.0568
74.55 424.16 33.13 50.30 0.0561
56.76 255.06 105.54 147.45 0.0554
474.29 303.99 38.08 51.69 0.0549
275.11 501.23 67.56 75.62 0.0548
225.58 251.02 37.04 32.42 0.0545
30.98 22.92 126.76 153.38 0.0543
526.19 187.36 52.31 65.77 0.0538
599.05 0.00 81.73 44.61 0.0526
285.31 317.19 79.70 122.38 0.0520
764.89 409.23 68.25 99.78 0.0510
209.92 154.76 155.26 124.02 0.0508
0.00 309.61 143.54 130.85 0.0507
168.15 446.91 65.36 68.89 0.0502
