58_Hockey_icehockey_puck_58_940
86
699.85 291.45 31.50 37.69 0.4106
818.91 261.23 30.02 35.85 0.2776
556.11 343.40 25.24 39.42 0.2745
558.11 329.58 24.13 34.06 0.2699
474.57 180.51 64.69 53.02 0.2673
410.81 302.05 47.87 68.01 0.2586
484.96 337.00 35.14 50.09 0.2542
417.33 364.47 45.21 80.60 0.2329
831.41 263.74 30.77 33.46 0.2269
777.28 192.04 26.45 31.55 0.2261
850.93 196.86 20.65 28.64 0.2185
409.07 280.72 28.02 33.81 0.2091
416.11 330.60 56.06 87.68 0.1805
300.84 195.18 24.67 19.43 0.1668
430.05 184.95 39.71 38.85 0.1595
503.69 335.76 39.63 56.25 0.1548
554.65 310.13 23.33 39.73 0.1513
773.54 296.96 30.91 38.31 0.1363
507.18 394.03 37.41 68.00 0.1317
299.49 167.02 32.80 24.17 0.1300
300.76 220.36 25.22 24.76 0.1300
331.03 219.43 28.82 26.76 0.1294
260.31 222.74 23.90 26.88 0.1287
882.94 195.22 25.64 33.56 0.1238
959.89 221.54 25.99 29.08 0.1163
543.73 349.50 38.07 76.39 0.1163
509.04 360.30 44.12 83.11 0.1154
472.30 198.99 43.28 44.38 0.1153
325.32 196.55 33.62 23.82 0.1139
463.60 161.54 140.92 76.87 0.1128
693.75 307.20 38.86 74.61 0.1112
255.23 194.73 28.68 29.17 0.1082
771.69 357.28 26.94 44.79 0.1025
808.94 274.36 34.22 50.88 0.1019
259.18 166.98 28.25 27.54 0.0971
462.27 326.09 55.82 103.84 0.0937
816.48 223.48 19.67 26.86 0.0933
414.69 191.96 29.93 27.52 0.0913
718.45 335.38 42.77 58.81 0.0910
558.40 327.89 56.75 76.64 0.0894
584.99 200.53 46.63 46.33 0.0894
708.49 296.67 45.97 46.30 0.0859
689.31 167.75 43.45 49.11 0.0840
767.07 313.53 36.58 55.79 0.0833
877.28 208.97 26.23 32.34 0.0794
521.95 306.19 25.60 38.33 0.0794
498.90 189.17 98.55 67.37 0.0793
663.26 367.61 27.33 64.70 0.0785
704.55 252.81 21.27 28.68 0.0770
320.95 160.55 43.97 30.60 0.0767
439.48 196.85 40.57 45.10 0.0764
228.96 213.46 29.84 34.43 0.0746
829.77 275.21 38.16 47.00 0.0723
226.33 190.27 36.00 41.76 0.0723
662.56 332.87 35.13 75.64 0.0715
991.04 202.63 26.44 43.60 0.0711
421.55 277.35 47.62 57.44 0.0704
958.88 188.95 30.97 37.75 0.0687
774.98 277.41 32.51 44.35 0.0678
960.00 231.34 28.28 37.19 0.0678
557.14 340.25 78.74 122.22 0.0675
468.37 301.25 46.49 73.83 0.0667
294.46 141.81 52.85 40.97 0.0631
795.24 309.81 44.73 59.99 0.0629
883.86 173.00 27.00 38.41 0.0619
921.36 195.67 21.31 27.49 0.0617
226.23 162.97 33.35 36.68 0.0617
60.00 137.02 68.98 47.17 0.0605
701.53 211.21 23.09 30.36 0.0597
991.77 164.46 32.23 61.88 0.0591
462.33 394.91 60.81 81.98 0.0589
735.48 219.79 23.39 26.75 0.0588
856.74 82.53 57.35 63.43 0.0584
667.49 293.28 30.72 54.27 0.0575
97.90 139.29 71.38 50.59 0.0573
989.32 0.00 31.97 40.19 0.0573
919.57 218.00 22.04 24.78 0.0565
326.01 224.76 34.44 42.68 0.0560
593.28 325.47 65.88 96.24 0.0542
293.51 223.27 36.86 45.45 0.0538
918.81 87.68 42.58 53.70 0.0527
812.26 192.48 23.50 30.70 0.0527
851.55 174.83 20.91 42.49 0.0525
955.45 167.29 35.49 39.83 0.0523
742.72 422.97 36.28 48.78 0.0520
727.14 183.11 36.71 40.25 0.0516
