58_Hockey_icehockey_puck_58_50
72
455.54 85.58 51.67 72.11 0.6325
707.02 186.18 75.60 81.78 0.3311
521.17 278.10 37.18 45.24 0.2981
326.56 336.12 363.82 345.52 0.2222
339.34 70.02 36.21 60.97 0.2173
509.51 223.73 37.05 43.74 0.1745
510.83 239.90 43.94 52.42 0.1668
504.41 119.43 38.31 44.99 0.1648
504.85 183.23 39.51 49.75 0.1642
482.85 232.92 36.57 41.97 0.1556
760.31 316.83 44.09 48.23 0.1520
503.49 136.95 44.21 52.93 0.1508
763.69 390.67 174.56 169.25 0.1403
550.16 225.06 25.31 39.18 0.1351
737.47 294.84 81.64 76.22 0.1348
586.72 202.90 23.29 25.91 0.1301
691.18 292.81 89.91 88.89 0.1297
384.99 18.60 50.22 77.25 0.1275
399.52 155.52 37.16 47.17 0.1235
336.16 30.20 66.38 103.88 0.1198
538.34 238.86 39.26 51.49 0.1196
584.29 219.34 30.46 40.32 0.1173
478.07 194.67 40.79 50.85 0.1162
550.35 198.86 24.68 33.24 0.1145
396.05 112.88 52.70 58.70 0.1131
625.69 293.00 39.46 48.14 0.1114
386.93 67.91 62.70 88.83 0.1087
584.48 294.28 36.27 45.91 0.1086
671.13 227.68 133.23 159.55 0.1080
402.41 240.37 41.06 65.42 0.1030
475.07 157.96 51.77 62.19 0.1000
679.62 311.62 72.66 99.58 0.0943
370.90 0.00 32.97 33.97 0.0939
461.79 286.53 55.46 70.17 0.0923
531.16 126.11 41.53 38.03 0.0902
441.25 269.57 48.46 77.45 0.0887
372.25 416.30 59.94 75.91 0.0847
395.79 0.00 41.15 46.70 0.0834
479.44 88.54 58.73 74.13 0.0814
756.72 416.82 125.34 96.14 0.0813
660.51 232.42 65.19 75.01 0.0795
610.28 129.58 48.78 52.60 0.0785
544.98 167.75 30.70 38.81 0.0781
464.28 44.13 41.19 56.08 0.0763
424.34 245.83 43.50 55.87 0.0762
533.99 144.67 39.62 40.87 0.0735
633.44 308.95 96.35 119.73 0.0733
421.18 151.12 48.63 54.68 0.0731
583.22 233.77 33.37 49.61 0.0725
502.93 274.15 57.55 80.60 0.0715
667.13 203.79 82.51 72.53 0.0683
364.17 95.90 46.32 70.95 0.0680
650.19 401.89 272.59 237.29 0.0674
576.75 268.10 39.83 56.06 0.0671
460.48 17.32 46.91 61.12 0.0658
379.15 144.10 48.23 56.99 0.0651
585.09 176.64 24.01 27.02 0.0638
402.76 181.05 36.21 44.58 0.0637
434.54 362.40 204.51 235.01 0.0631
615.07 215.92 52.68 63.79 0.0627
435.29 39.54 42.07 71.98 0.0619
430.11 13.75 44.54 69.32 0.0616
407.07 328.68 52.78 59.58 0.0614
408.15 279.29 41.76 61.67 0.0612
551.97 324.28 108.58 128.09 0.0590
618.28 187.73 46.20 49.43 0.0570
722.72 371.02 72.59 99.46 0.0563
648.83 422.44 168.41 115.62 0.0561
419.86 225.10 45.88 49.31 0.0526
435.74 0.00 46.60 42.62 0.0523
606.77 312.70 80.56 97.53 0.0522
875.89 392.53 92.58 106.83 0.0501
