5_Car_Accident_Car_Crash_5_868
200
927.91 0.00 81.04 72.23 0.1925
50.59 194.99 80.21 71.79 0.1921
50.59 243.78 80.21 71.79 0.1921
50.59 390.14 80.21 71.79 0.1921
50.59 463.31 80.21 71.79 0.1921
50.59 536.49 80.21 71.79 0.1921
928.16 463.24 80.49 72.07 0.1919
928.16 512.02 80.49 72.07 0.1919
928.17 560.81 80.49 72.06 0.1919
50.52 146.21 80.27 71.78 0.1919
928.21 365.78 80.39 71.94 0.1918
50.63 292.58 80.12 71.75 0.1918
50.52 48.61 80.28 71.81 0.1917
50.30 0.00 80.81 72.01 0.1917
50.47 97.38 80.34 71.84 0.1917
928.16 268.10 80.46 72.05 0.1916
50.66 341.40 80.09 71.72 0.1916
123.40 341.00 80.73 72.32 0.1915
525.68 389.78 80.73 72.32 0.1915
306.25 414.18 80.73 72.32 0.1915
342.82 487.35 80.73 72.32 0.1915
928.23 170.64 80.36 71.91 0.1915
928.20 316.91 80.41 72.02 0.1915
233.26 585.09 80.52 72.12 0.1915
452.69 585.09 80.52 72.12 0.1915
196.54 487.36 80.74 72.39 0.1915
671.65 0.00 81.25 72.24 0.1915
891.38 0.00 80.83 72.07 0.1915
525.61 316.61 80.81 72.39 0.1915
452.47 414.18 80.81 72.39 0.1915
598.75 414.18 80.81 72.39 0.1915
159.90 487.36 80.81 72.39 0.1915
269.61 487.36 80.81 72.39 0.1915
306.18 487.36 80.81 72.39 0.1915
379.32 511.75 80.81 72.39 0.1915
489.11 316.60 80.72 72.41 0.1914
379.12 0.00 81.21 72.20 0.1914
818.19 462.96 80.78 72.41 0.1914
13.59 0.00 80.80 71.97 0.1914
123.12 0.00 81.21 72.20 0.1913
13.82 195.03 80.24 71.76 0.1913
13.81 560.97 80.28 71.73 0.1913
306.42 585.10 80.44 72.12 0.1913
744.78 0.00 81.27 72.21 0.1913
781.36 0.00 81.27 72.21 0.1913
817.93 0.00 81.27 72.21 0.1913
489.26 585.09 80.43 72.10 0.1913
123.40 292.29 80.71 72.24 0.1913
159.97 292.29 80.71 72.24 0.1913
635.12 0.00 81.19 72.23 0.1913
196.69 585.09 80.52 72.11 0.1913
269.83 585.09 80.52 72.11 0.1913
342.97 585.08 80.49 72.16 0.1913
525.83 585.09 80.52 72.11 0.1913
562.40 585.09 80.52 72.11 0.1913
635.55 585.09 80.52 72.11 0.1913
708.69 585.09 80.52 72.11 0.1913
745.26 585.09 80.52 72.11 0.1913
781.83 585.09 80.52 72.11 0.1913
928.21 121.85 80.39 71.94 0.1913
855.00 585.12 80.46 72.07 0.1913
781.61 438.57 80.70 72.31 0.1913
123.39 487.37 80.76 72.38 0.1913
708.22 0.00 81.25 72.22 0.1913
854.50 0.00 81.25 72.22 0.1913
159.97 341.00 80.73 72.32 0.1913
489.11 365.39 80.73 72.32 0.1913
781.68 389.78 80.73 72.32 0.1913
233.11 438.57 80.73 72.32 0.1913
269.68 438.57 80.73 72.32 0.1913
379.40 438.57 80.73 72.32 0.1913
635.32 438.59 80.82 72.38 0.1913
671.89 438.59 80.82 72.38 0.1913
452.37 0.00 81.10 72.19 0.1913
342.76 438.57 80.79 72.31 0.1913
123.58 585.10 80.45 72.08 0.1913
159.73 0.00 81.16 72.19 0.1913
196.31 0.00 81.16 72.19 0.1913
269.45 0.00 81.16 72.19 0.1913
928.20 48.60 80.41 72.02 0.1913
13.82 146.29 80.23 71.71 0.1913
928.20 414.49 80.41 72.02 0.1913
854.83 462.96 80.71 72.40 0.1912
891.65 268.08 80.18 71.86 0.1912
452.54 341.00 80.74 72.39 0.1912
415.97 365.39 80.74 72.39 0.1912
562.25 365.39 80.74 72.39 0.1912
269.68 389.79 80.74 72.39 0.1912
379.40 389.79 80.74 72.39 0.1912
415.97 414.18 80.74 72.39 0.1912
562.25 414.18 80.74 72.39 0.1912
708.54 438.57 80.74 72.39 0.1912
745.11 438.57 80.74 72.39 0.1912
233.11 487.36 80.74 72.39 0.1912
452.54 487.36 80.74 72.39 0.1912
123.40 536.14 80.74 72.39 0.1912
233.11 536.14 80.74 72.39 0.1912
452.54 536.14 80.74 72.39 0.1912
86.60 0.00 81.13 72.20 0.1912
342.55 0.00 81.22 72.20 0.1912
561.98 0.00 81.22 72.20 0.1912
598.55 0.00 81.22 72.20 0.1912
598.76 341.00 80.81 72.39 0.1912
489.04 414.18 80.81 72.39 0.1912
525.61 438.57 80.81 72.39 0.1912
415.90 462.97 80.81 72.39 0.1912
489.04 487.36 80.81 72.39 0.1912
525.61 487.36 80.81 72.39 0.1912
598.76 487.36 80.81 72.39 0.1912
635.33 487.36 80.81 72.39 0.1912
671.90 487.36 80.81 72.39 0.1912
708.47 487.36 80.81 72.39 0.1912
745.04 487.36 80.81 72.39 0.1912
415.90 511.75 80.81 72.39 0.1912
562.18 511.75 80.81 72.39 0.1912
159.90 536.14 80.81 72.39 0.1912
196.47 536.14 80.81 72.39 0.1912
269.61 536.14 80.81 72.39 0.1912
306.18 536.14 80.81 72.39 0.1912
342.76 536.14 80.81 72.39 0.1912
489.04 536.14 80.81 72.39 0.1912
525.61 536.14 80.81 72.39 0.1912
598.76 536.14 80.81 72.39 0.1912
671.90 536.14 80.81 72.39 0.1912
708.47 536.14 80.81 72.39 0.1912
379.33 560.54 80.81 72.39 0.1912
50.71 585.37 79.99 71.61 0.1912
342.84 389.80 80.72 72.35 0.1912
416.11 585.07 80.53 72.14 0.1912
672.11 585.07 80.53 72.14 0.1912
452.46 219.07 80.81 72.34 0.1912
635.34 536.16 80.79 72.35 0.1912
818.40 585.08 80.40 72.15 0.1912
13.80 243.76 80.30 71.84 0.1912
159.97 389.78 80.72 72.41 0.1912
196.54 389.78 80.72 72.41 0.1912
233.11 389.78 80.72 72.41 0.1912
13.80 414.51 80.30 71.84 0.1912
13.80 463.30 80.30 71.84 0.1912
13.80 512.08 80.30 71.84 0.1912
13.76 97.46 80.34 71.79 0.1911
635.33 316.60 80.78 72.41 0.1911
781.62 487.35 80.78 72.41 0.1911
598.97 585.08 80.49 72.15 0.1911
232.90 0.00 81.13 72.19 0.1911
488.90 0.00 81.13 72.19 0.1911
818.25 414.28 80.73 72.22 0.1911
233.06 243.44 80.76 72.37 0.1911
196.54 316.69 80.63 72.29 0.1911
123.35 414.19 80.76 72.37 0.1911
415.73 0.00 81.18 72.20 0.1911
745.04 389.80 80.80 72.30 0.1911
233.13 292.26 80.67 72.28 0.1911
86.99 585.08 80.50 72.11 0.1911
160.13 585.08 80.50 72.11 0.1911
306.00 0.00 81.19 72.20 0.1911
525.43 0.00 81.19 72.20 0.1911
818.24 97.09 80.76 72.38 0.1910
854.82 97.09 80.76 72.38 0.1910
452.47 170.27 80.83 72.39 0.1910
123.39 243.45 80.76 72.38 0.1910
196.53 243.45 80.76 72.38 0.1910
708.53 389.80 80.76 72.38 0.1910
196.53 438.59 80.76 72.38 0.1910
159.89 243.45 80.82 72.38 0.1910
818.26 365.39 80.73 72.32 0.1910
86.75 511.77 80.82 72.38 0.1910
269.64 292.26 80.71 72.29 0.1910
233.11 341.04 80.74 72.34 0.1910
781.69 536.18 80.74 72.34 0.1910
854.77 511.77 80.81 72.36 0.1910
854.83 145.86 80.71 72.40 0.1910
671.90 121.48 80.79 72.40 0.1910
928.22 219.35 80.38 71.99 0.1910
306.20 194.66 80.76 72.35 0.1909
342.77 194.66 80.76 72.35 0.1909
598.77 292.24 80.77 72.36 0.1909
854.82 389.80 80.74 72.29 0.1909
818.20 511.76 80.76 72.35 0.1909
745.09 316.64 80.78 72.35 0.1909
269.62 341.05 80.77 72.31 0.1909
415.89 194.68 80.81 72.34 0.1909
13.80 48.62 80.30 71.83 0.1909
415.92 121.52 80.80 72.36 0.1909
489.07 145.86 80.80 72.37 0.1909
525.64 170.25 80.80 72.37 0.1909
489.01 194.63 80.88 72.44 0.1909
269.67 72.70 80.65 72.30 0.1909
891.72 170.68 80.03 71.60 0.1909
891.65 316.89 80.18 71.83 0.1909
635.39 97.09 80.76 72.37 0.1909
86.82 462.99 80.76 72.37 0.1909
306.25 72.70 80.74 72.31 0.1909
86.82 292.23 80.74 72.31 0.1909
562.18 316.63 80.82 72.36 0.1909
854.75 316.63 80.82 72.36 0.1909
635.32 389.81 80.82 72.36 0.1909
452.45 121.47 80.86 72.40 0.1909
525.59 219.04 80.86 72.40 0.1909
854.83 48.32 80.74 72.33 0.1908
