5_Car_Accident_Car_Crash_5_574
200
927.82 0.00 81.20 81.22 0.1921
50.48 630.71 80.28 80.67 0.1921
928.12 246.60 80.55 81.05 0.1920
50.58 82.09 80.21 80.76 0.1920
50.58 136.94 80.22 80.76 0.1920
86.57 0.00 81.18 81.20 0.1918
50.59 438.64 80.22 80.78 0.1918
50.63 219.28 80.12 80.68 0.1918
50.63 274.13 80.12 80.68 0.1918
50.63 493.56 80.12 80.68 0.1918
891.65 109.51 80.15 80.78 0.1917
233.11 520.70 80.61 81.19 0.1917
269.69 520.70 80.61 81.19 0.1917
306.26 520.70 80.70 81.19 0.1917
342.83 548.12 80.70 81.19 0.1917
928.14 109.46 80.51 81.02 0.1917
928.14 164.32 80.51 81.02 0.1917
928.14 438.60 80.51 81.02 0.1917
928.14 493.46 80.51 81.02 0.1917
50.21 0.00 80.94 81.08 0.1917
123.13 0.00 81.33 81.23 0.1916
928.16 630.61 80.46 81.01 0.1916
50.66 329.03 80.09 80.65 0.1916
159.76 0.00 81.22 81.20 0.1916
196.33 0.00 81.22 81.20 0.1916
232.91 0.00 81.22 81.20 0.1916
269.48 0.00 81.22 81.20 0.1916
306.05 0.00 81.22 81.20 0.1916
342.62 0.00 81.22 81.20 0.1916
13.59 0.00 80.82 80.88 0.1916
745.11 301.24 80.71 81.23 0.1916
928.18 356.32 80.46 81.00 0.1916
50.61 383.87 80.15 80.68 0.1916
159.97 410.86 80.73 81.32 0.1915
379.40 548.01 80.73 81.32 0.1915
306.25 575.58 80.73 81.18 0.1915
123.39 246.29 80.74 81.40 0.1915
306.25 328.58 80.74 81.40 0.1915
342.82 328.58 80.74 81.40 0.1915
452.54 356.01 80.74 81.40 0.1915
196.56 575.57 80.59 81.14 0.1915
50.62 548.43 80.10 80.72 0.1914
159.98 246.31 80.72 81.36 0.1914
342.76 383.47 80.78 81.28 0.1914
452.55 575.56 80.70 81.17 0.1914
928.09 54.61 80.56 81.09 0.1914
525.48 0.00 81.22 81.20 0.1913
562.05 0.00 81.22 81.20 0.1913
598.62 0.00 81.22 81.20 0.1913
635.19 0.00 81.22 81.20 0.1913
671.76 0.00 81.22 81.20 0.1913
708.33 0.00 81.22 81.20 0.1913
744.91 0.00 81.22 81.20 0.1913
818.05 0.00 81.22 81.20 0.1913
854.62 0.00 81.22 81.20 0.1913
708.54 356.10 80.62 81.22 0.1913
781.69 383.53 80.62 81.22 0.1913
489.05 383.53 80.68 81.22 0.1913
745.12 356.10 80.71 81.22 0.1913
379.40 410.95 80.71 81.22 0.1913
233.12 438.38 80.71 81.22 0.1913
269.69 465.81 80.71 81.22 0.1913
123.40 520.67 80.71 81.22 0.1913
196.55 520.67 80.71 81.22 0.1913
123.40 602.95 80.71 81.22 0.1913
159.91 548.10 80.77 81.22 0.1913
489.05 438.29 80.76 81.32 0.1913
415.90 548.01 80.70 81.31 0.1913
781.68 301.15 80.73 81.32 0.1913
159.97 328.58 80.73 81.32 0.1913
233.11 328.58 80.73 81.32 0.1913
379.40 328.58 80.73 81.32 0.1913
415.97 328.58 80.73 81.32 0.1913
123.40 356.01 80.73 81.32 0.1913
818.26 356.01 80.73 81.32 0.1913
233.11 383.44 80.73 81.32 0.1913
269.68 383.44 80.73 81.32 0.1913
306.25 383.44 80.73 81.32 0.1913
415.97 383.44 80.73 81.32 0.1913
196.54 410.87 80.73 81.32 0.1913
452.54 410.87 80.73 81.32 0.1913
818.26 410.87 80.73 81.32 0.1913
306.25 438.29 80.73 81.32 0.1913
123.40 465.72 80.73 81.32 0.1913
342.83 465.72 80.73 81.32 0.1913
781.68 465.72 80.73 81.32 0.1913
379.40 493.15 80.73 81.32 0.1913
86.83 520.58 80.73 81.32 0.1913
269.68 575.58 80.64 81.17 0.1913
159.97 602.87 80.73 81.32 0.1913
196.47 356.01 80.79 81.31 0.1913
123.33 410.87 80.79 81.31 0.1913
13.87 191.97 80.17 80.58 0.1913
708.54 273.81 80.73 81.31 0.1913
233.11 575.58 80.73 81.18 0.1913
928.20 575.79 80.41 80.98 0.1913
891.32 0.00 80.91 80.98 0.1912
196.54 273.72 80.74 81.40 0.1912
123.40 301.15 80.74 81.40 0.1912
269.68 301.15 80.74 81.40 0.1912
452.54 301.15 80.74 81.40 0.1912
489.11 328.58 80.74 81.40 0.1912
86.82 383.44 80.74 81.40 0.1912
86.82 438.30 80.74 81.40 0.1912
159.97 465.72 80.74 81.40 0.1912
13.81 54.70 80.25 80.72 0.1912
13.81 109.56 80.25 80.72 0.1912
196.47 465.72 80.81 81.40 0.1912
415.90 493.15 80.81 81.40 0.1912
562.19 54.29 80.77 81.47 0.1912
635.33 54.29 80.77 81.47 0.1912
233.12 273.74 80.72 81.35 0.1912
928.19 301.46 80.43 81.01 0.1912
525.69 356.03 80.72 81.35 0.1912
269.62 246.29 80.78 81.42 0.1911
306.19 273.72 80.78 81.42 0.1911
818.19 465.72 80.78 81.42 0.1911
379.19 0.00 81.21 81.22 0.1911
415.77 0.00 81.21 81.22 0.1911
452.34 0.00 81.21 81.22 0.1911
488.91 0.00 81.21 81.22 0.1911
781.48 0.00 81.21 81.22 0.1911
891.65 164.34 80.11 80.69 0.1911
891.65 219.20 80.11 80.69 0.1911
891.65 274.06 80.11 80.69 0.1911
891.65 328.91 80.11 80.69 0.1911
891.65 383.77 80.11 80.69 0.1911
891.65 438.63 80.11 80.69 0.1911
891.65 493.49 80.11 80.69 0.1911
891.65 575.77 80.11 80.69 0.1911
342.82 602.98 80.64 81.20 0.1911
781.63 246.31 80.76 81.37 0.1911
415.90 438.30 80.79 81.29 0.1911
525.69 602.96 80.62 81.22 0.1911
342.82 81.84 80.68 81.24 0.1911
379.39 81.84 80.68 81.24 0.1911
671.96 81.84 80.68 81.24 0.1911
379.40 602.87 80.63 81.31 0.1911
123.39 191.46 80.76 81.39 0.1910
159.96 191.46 80.76 81.39 0.1910
708.53 218.89 80.76 81.39 0.1910
671.96 273.75 80.76 81.39 0.1910
489.11 493.16 80.74 81.38 0.1910
854.82 602.89 80.76 81.39 0.1910
86.76 218.87 80.80 81.38 0.1910
671.89 328.60 80.82 81.39 0.1910
452.47 520.58 80.80 81.38 0.1910
598.82 81.75 80.69 81.33 0.1910
562.24 109.18 80.69 81.33 0.1910
13.88 521.10 80.15 80.59 0.1910
233.06 81.82 80.73 81.28 0.1910
269.63 81.82 80.73 81.28 0.1910
525.63 136.68 80.73 81.28 0.1910
196.54 218.91 80.74 81.34 0.1910
342.84 273.75 80.72 81.34 0.1910
781.69 602.91 80.74 81.34 0.1910
86.76 301.19 80.80 81.34 0.1910
525.68 548.03 80.73 81.41 0.1910
891.59 54.60 80.33 80.84 0.1910
635.36 136.64 80.75 81.31 0.1910
818.18 273.74 80.79 81.41 0.1910
854.76 328.58 80.78 81.40 0.1910
854.76 383.44 80.78 81.40 0.1910
452.48 465.72 80.78 81.40 0.1910
745.11 246.30 80.74 81.40 0.1910
306.20 81.73 80.75 81.37 0.1910
415.91 81.73 80.75 81.37 0.1910
452.49 81.73 80.75 81.37 0.1910
489.06 81.73 80.75 81.37 0.1910
525.63 81.73 80.75 81.37 0.1910
13.82 630.70 80.25 80.72 0.1910
196.53 81.81 80.72 81.30 0.1910
745.10 81.81 80.72 81.30 0.1910
781.67 81.81 80.72 81.30 0.1910
342.82 136.66 80.72 81.30 0.1910
598.82 136.66 80.72 81.30 0.1910
233.12 218.90 80.71 81.37 0.1910
854.81 246.33 80.72 81.33 0.1910
160.15 657.92 80.36 81.11 0.1910
489.30 657.92 80.36 81.11 0.1910
854.77 438.31 80.76 81.35 0.1909
598.82 575.46 80.74 81.29 0.1909
818.17 109.19 80.81 81.35 0.1909
489.03 191.47 80.81 81.35 0.1909
562.17 218.90 80.81 81.35 0.1909
13.82 466.08 80.28 80.78 0.1909
86.77 54.36 80.78 81.34 0.1909
708.49 81.79 80.78 81.34 0.1909
452.49 136.64 80.78 81.34 0.1909
489.06 136.64 80.78 81.34 0.1909
708.54 410.88 80.71 81.31 0.1909
13.88 246.78 80.16 80.62 0.1909
13.88 301.64 80.16 80.62 0.1909
525.67 493.18 80.76 81.37 0.1909
781.67 520.60 80.76 81.37 0.1909
452.53 630.46 80.67 81.23 0.1909
891.78 658.21 79.95 80.44 0.1909
745.10 410.89 80.74 81.31 0.1909
415.96 603.03 80.65 81.16 0.1909
123.34 54.27 80.79 81.43 0.1908
