18_Concerts_Concerts_18_127
26
610.85 189.78 413.15 244.14 0.5832
259.04 149.41 427.96 216.24 0.3112
113.15 148.54 141.16 240.55 0.1896
616.39 295.92 407.61 272.08 0.1887
136.78 188.34 382.58 247.69 0.1842
159.58 143.23 193.39 244.92 0.1827
629.65 134.03 394.35 162.37 0.1676
71.26 193.55 84.06 244.07 0.1615
440.85 203.00 360.71 231.24 0.1308
437.13 347.83 367.17 228.17 0.1256
113.28 243.45 134.59 257.60 0.0971
23.02 198.27 32.40 236.39 0.0907
143.06 131.00 377.04 169.54 0.0901
67.22 310.89 90.97 232.97 0.0765
123.01 302.55 411.41 248.38 0.0729
22.39 318.86 29.63 222.76 0.0619
166.47 249.76 182.13 243.37 0.0544
272.13 237.24 409.19 270.13 0.0453
413.99 135.02 405.95 156.64 0.0436
0.18 0.68 65.94 58.94 0.0344
53.74 138.25 111.50 144.07 0.0282
643.27 0.43 380.73 60.11 0.0271
17.91 125.38 37.06 160.13 0.0266
638.42 90.20 385.58 117.02 0.0252
87.85 342.70 186.65 233.30 0.0221
244.63 96.82 457.59 112.60 0.0209
