32_Worker_Laborer_Worker_Laborer_32_26
16
607.66 85.98 416.34 159.80 0.2429
602.81 153.58 421.19 303.28 0.1083
631.15 352.62 392.85 317.65 0.0839
623.07 11.58 400.93 61.33 0.0697
270.69 148.05 407.61 188.79 0.0509
603.42 54.87 420.58 98.96 0.0477
420.61 403.49 403.93 279.51 0.0399
0.64 1.04 64.94 68.85 0.0352
330.48 276.94 436.64 339.88 0.0317
4.57 433.85 60.55 249.15 0.0297
163.57 217.33 188.10 311.75 0.0281
112.30 224.12 140.78 303.61 0.0263
117.53 155.31 424.70 311.96 0.0245
20.82 243.76 30.70 266.62 0.0217
20.07 41.54 31.00 121.86 0.0214
345.19 95.04 406.33 168.89 0.0204
