31_Waiter_Waitress_Waiter_Waitress_31_915
123
467.67 193.38 109.02 167.40 0.8996
661.70 506.25 124.30 116.71 0.3186
668.44 141.69 14.98 29.14 0.2677
706.30 77.98 16.12 28.77 0.2657
631.77 160.48 16.89 30.04 0.2489
741.49 49.88 18.36 31.45 0.2418
629.67 140.11 16.28 30.48 0.2398
632.30 112.50 14.17 25.05 0.2388
632.79 58.50 12.55 24.60 0.2325
588.11 212.42 31.72 60.14 0.2314
739.95 190.84 14.33 22.93 0.2229
667.71 110.31 14.93 26.86 0.2220
668.75 55.20 14.62 25.78 0.2215
629.72 222.92 18.28 29.76 0.2186
740.45 29.22 19.47 33.92 0.2186
632.24 189.62 17.53 28.05 0.2164
707.49 138.00 16.50 26.15 0.2154
735.01 105.47 20.42 32.04 0.2154
736.19 78.12 21.85 35.31 0.2082
630.85 78.62 14.87 28.41 0.2041
704.69 167.92 16.45 27.62 0.2020
665.98 30.07 15.80 24.14 0.1945
701.37 183.36 17.88 30.03 0.1932
669.96 85.04 14.31 26.30 0.1925
666.99 155.55 17.18 32.98 0.1912
706.67 28.45 15.11 26.36 0.1842
706.41 108.49 18.88 32.53 0.1840
669.94 5.32 13.83 19.32 0.1767
704.63 58.57 16.02 29.21 0.1766
669.11 190.54 16.37 26.45 0.1736
739.32 135.66 15.29 26.24 0.1730
596.34 24.65 16.65 26.89 0.1712
0.00 92.72 340.19 386.20 0.1706
741.62 169.71 13.39 26.14 0.1682
626.46 233.74 24.36 35.45 0.1651
633.27 4.21 13.99 19.85 0.1611
592.58 5.26 20.11 27.48 0.1596
633.91 30.71 12.52 23.41 0.1590
650.20 419.56 170.29 215.71 0.1553
351.83 461.93 134.21 150.48 0.1540
594.07 187.50 26.34 40.59 0.1476
668.19 222.18 17.43 27.76 0.1453
701.96 245.76 20.86 27.59 0.1421
595.35 54.01 15.24 26.06 0.1418
705.88 4.52 16.24 24.03 0.1363
590.16 105.96 18.32 32.00 0.1328
773.18 137.30 17.56 32.31 0.1282
592.94 82.59 16.28 29.18 0.1282
741.87 6.37 18.99 26.83 0.1260
705.30 223.31 19.35 30.16 0.1232
591.66 159.39 23.26 40.07 0.1210
589.79 132.83 20.28 33.67 0.1188
776.76 158.84 16.13 30.32 0.1164
994.27 452.36 29.73 80.79 0.1163
804.50 440.76 84.67 122.23 0.1139
667.81 240.05 20.93 29.98 0.1068
772.81 377.16 126.34 216.79 0.1055
369.49 378.04 64.07 96.00 0.1052
180.24 542.93 131.93 62.69 0.1041
759.12 76.98 30.27 39.00 0.1039
110.29 516.18 37.29 30.03 0.1025
765.96 102.90 24.32 39.76 0.1014
155.89 449.50 262.49 208.33 0.1008
694.34 267.24 29.70 33.48 0.1000
739.90 218.75 17.15 27.34 0.0964
314.17 541.44 128.94 124.30 0.0944
762.74 27.52 28.19 41.00 0.0930
129.31 508.12 70.06 51.15 0.0913
408.32 548.24 74.94 97.06 0.0878
773.75 187.19 19.44 30.36 0.0838
136.63 481.65 66.17 57.88 0.0820
93.32 0.00 415.39 432.63 0.0817
755.27 49.49 34.70 39.49 0.0806
291.50 409.37 207.31 264.99 0.0789
984.99 46.01 39.01 83.96 0.0772
738.18 244.52 20.72 31.23 0.0765
548.59 511.48 39.94 46.90 0.0753
348.29 580.97 66.14 72.59 0.0751
905.46 341.73 90.66 132.68 0.0740
565.00 81.41 23.89 36.87 0.0737
936.14 303.29 82.98 102.09 0.0726
564.95 102.40 25.70 42.07 0.0722
308.58 356.84 94.47 161.67 0.0721
545.67 181.72 36.61 71.06 0.0713
561.08 153.01 27.69 47.43 0.0696
742.89 598.30 58.31 46.19 0.0695
665.60 318.49 68.14 85.07 0.0693
942.56 453.74 61.94 97.52 0.0690
764.00 221.76 26.57 32.10 0.0687
32.13 469.53 33.63 34.72 0.0684
315.98 622.14 62.71 68.23 0.0669
382.78 585.25 58.47 82.05 0.0662
35.90 481.07 34.57 39.87 0.0658
858.35 291.79 143.06 217.33 0.0658
656.20 333.04 118.08 140.30 0.0656
149.46 500.62 143.24 74.80 0.0653
272.56 393.52 145.63 182.87 0.0650
666.73 271.15 35.53 39.55 0.0640
564.83 52.15 21.39 30.29 0.0638
699.17 737.80 32.61 30.00 0.0626
554.58 287.91 68.37 99.69 0.0624
189.44 543.33 188.51 112.91 0.0617
360.35 335.98 64.01 86.39 0.0611
442.70 597.79 33.89 59.41 0.0600
402.46 304.28 51.64 78.44 0.0599
580.77 344.69 38.81 57.07 0.0596
420.61 257.03 87.66 132.09 0.0593
941.89 355.87 73.41 98.75 0.0585
148.91 443.47 108.14 94.67 0.0579
153.91 399.81 91.96 82.84 0.0570
723.86 612.90 50.26 58.61 0.0567
564.52 128.44 30.33 43.79 0.0560
510.35 537.81 51.72 62.93 0.0555
545.85 737.81 46.69 31.19 0.0555
9.50 464.69 37.79 62.28 0.0554
962.40 528.10 54.76 69.05 0.0550
910.13 473.63 53.20 84.19 0.0532
563.41 29.62 20.39 32.90 0.0530
667.25 301.27 227.32 319.98 0.0523
508.62 133.40 43.50 71.95 0.0518
539.10 226.68 79.35 121.13 0.0511
908.66 575.56 41.58 39.93 0.0503
927.01 266.40 59.94 50.57 0.0503
