31_Waiter_Waitress_Waiter_Waitress_31_788
176
458.90 5.40 59.34 54.35 0.7995
107.82 312.51 109.46 124.86 0.6161
366.05 194.62 43.81 38.42 0.5063
697.58 215.97 74.91 93.81 0.4758
277.13 56.80 85.03 103.18 0.4603
838.85 245.30 53.94 39.69 0.2887
94.69 58.04 42.61 53.21 0.2667
35.60 167.12 130.03 142.61 0.2663
232.43 218.14 36.63 42.69 0.2414
662.56 242.92 71.81 73.00 0.2073
113.19 202.37 73.95 80.34 0.1945
34.90 235.12 91.48 83.46 0.1705
765.22 158.03 39.22 33.12 0.1704
243.16 190.68 38.94 58.00 0.1663
74.60 31.51 51.52 83.30 0.1663
176.18 189.15 33.85 48.66 0.1651
466.28 289.13 34.70 36.47 0.1618
287.42 256.58 45.99 57.26 0.1615
472.74 216.36 50.00 31.12 0.1615
720.25 248.16 82.35 77.91 0.1588
262.80 14.82 39.86 33.32 0.1587
164.23 342.78 85.13 72.87 0.1580
888.24 128.31 37.43 45.06 0.1580
253.07 74.47 77.30 94.21 0.1463
915.23 241.56 32.81 35.23 0.1443
207.81 1.46 37.87 30.42 0.1370
241.81 230.43 53.10 60.10 0.1364
522.26 321.17 106.35 190.14 0.1340
767.69 101.14 27.10 29.67 0.1283
649.62 148.74 39.38 31.78 0.1276
222.08 83.70 62.64 76.05 0.1260
174.52 218.21 62.75 67.86 0.1256
409.41 330.54 45.67 44.75 0.1252
342.70 245.86 48.14 58.78 0.1228
110.49 293.63 76.98 91.62 0.1227
539.29 8.48 47.06 39.33 0.1221
460.86 74.02 106.29 135.72 0.1220
261.18 2.11 37.52 29.57 0.1205
613.17 206.30 39.58 53.64 0.1179
844.49 257.41 56.89 55.30 0.1175
700.98 178.24 89.38 95.04 0.1149
67.46 132.26 40.68 46.52 0.1140
359.46 204.72 45.16 53.91 0.1129
763.54 113.56 40.34 45.29 0.1111
952.59 224.63 60.63 60.66 0.1100
994.81 2.57 23.77 23.59 0.1083
476.41 320.66 27.38 29.92 0.1078
580.06 202.96 42.33 47.11 0.1074
306.96 320.74 48.73 32.48 0.1039
23.24 354.36 61.09 86.51 0.1037
51.98 252.16 97.38 106.53 0.1036
354.25 271.61 36.92 46.95 0.1015
579.97 220.81 44.12 56.94 0.1013
105.38 78.40 35.23 48.70 0.1010
803.19 135.93 28.80 33.58 0.0998
737.60 309.38 162.24 186.97 0.0985
862.75 272.38 55.58 47.85 0.0981
285.89 23.25 58.67 54.02 0.0957
478.73 342.30 93.66 151.77 0.0957
794.34 257.74 62.01 64.71 0.0951
541.95 337.78 66.83 104.27 0.0938
869.95 295.39 59.87 63.43 0.0935
734.80 143.54 49.16 50.34 0.0921
950.47 1.47 32.13 19.84 0.0921
554.27 297.55 28.40 34.93 0.0919
315.21 245.62 59.95 69.89 0.0916
39.83 5.55 106.74 122.01 0.0897
308.89 4.65 54.60 36.55 0.0881
38.68 330.76 140.20 139.49 0.0881
627.28 163.09 36.75 41.66 0.0874
414.81 352.35 46.50 37.06 0.0864
546.04 484.68 39.65 27.32 0.0862
295.55 0.00 49.68 29.36 0.0850
577.87 0.00 53.90 27.48 0.0844
186.15 146.82 41.58 57.70 0.0837
809.10 236.22 55.85 64.05 0.0835
535.96 464.14 60.15 47.86 0.0831
500.88 346.15 54.07 91.38 0.0830
210.08 162.34 58.88 79.65 0.0829
883.68 201.60 42.49 38.03 0.0809
2.09 360.49 52.32 73.50 0.0805
244.66 116.56 60.13 76.71 0.0791
418.92 371.37 48.51 61.19 0.0784
655.30 201.42 70.68 84.47 0.0782
910.35 207.37 32.30 34.46 0.0775
68.91 72.61 56.47 64.93 0.0775
588.71 300.89 36.00 35.72 0.0765
271.47 117.74 73.20 66.56 0.0760
291.88 300.32 45.86 47.79 0.0757
201.43 122.88 73.19 82.26 0.0756
440.84 221.89 58.39 40.90 0.0753
448.50 270.40 57.66 44.27 0.0749
615.43 271.80 46.62 61.23 0.0749
797.48 102.54 32.80 35.18 0.0747
107.25 147.68 100.34 119.45 0.0742
287.33 232.03 45.48 53.91 0.0741
996.74 11.69 24.16 28.22 0.0740
844.83 120.10 32.12 36.15 0.0729
190.75 132.01 39.37 46.92 0.0725
651.49 434.92 114.76 76.81 0.0713
558.07 208.34 51.51 47.82 0.0710
728.70 277.64 84.78 77.14 0.0706
567.38 374.72 124.62 112.67 0.0702
322.25 331.56 39.72 40.80 0.0702
465.70 144.41 87.08 87.04 0.0690
787.37 227.66 57.56 65.34 0.0689
722.83 166.37 58.99 56.04 0.0684
0.00 204.75 73.43 102.94 0.0684
97.20 136.75 37.89 36.38 0.0681
478.87 334.39 30.72 33.25 0.0678
345.90 0.42 46.73 33.42 0.0677
460.48 411.50 77.27 90.48 0.0677
432.94 156.11 81.75 74.72 0.0673
484.19 456.39 68.27 54.92 0.0665
625.54 139.39 48.06 40.91 0.0663
690.07 272.17 85.53 78.53 0.0662
258.51 271.10 69.63 66.03 0.0661
407.05 371.23 39.55 44.53 0.0661
606.32 437.12 110.47 74.88 0.0658
955.74 177.87 28.50 29.48 0.0652
339.71 194.17 34.90 40.00 0.0650
32.26 135.04 63.58 52.76 0.0648
641.52 281.04 59.44 56.08 0.0645
574.15 133.09 52.41 49.87 0.0644
517.87 410.59 90.90 85.25 0.0615
800.37 86.78 28.59 27.52 0.0614
792.27 146.17 43.84 47.04 0.0613
140.83 104.80 35.20 28.73 0.0610
301.45 85.55 92.69 90.66 0.0603
510.22 14.62 91.42 74.64 0.0599
559.15 441.40 79.94 68.54 0.0598
367.59 298.57 29.43 32.48 0.0598
398.46 59.07 47.66 57.36 0.0595
502.86 324.41 41.83 40.27 0.0592
887.73 109.53 32.88 34.62 0.0592
105.11 120.63 29.80 31.07 0.0591
842.28 169.30 49.96 46.50 0.0590
195.66 242.83 53.92 54.59 0.0588
78.97 5.23 56.71 56.75 0.0587
266.88 170.17 69.43 68.59 0.0580
1000.09 140.92 19.36 33.70 0.0579
114.60 393.66 61.42 69.20 0.0567
743.57 191.73 92.25 94.81 0.0560
460.00 27.09 60.11 66.57 0.0556
0.00 139.87 29.60 36.33 0.0554
400.10 401.09 94.82 87.62 0.0554
779.21 42.16 31.08 36.41 0.0551
1000.36 119.32 19.72 34.11 0.0551
594.42 7.18 52.50 30.28 0.0550
349.81 48.28 45.18 59.80 0.0550
941.11 5.72 47.15 36.27 0.0549
224.86 49.15 77.07 72.57 0.0547
640.83 157.66 58.08 57.83 0.0544
82.96 133.13 64.60 80.98 0.0535
951.35 117.93 35.91 38.75 0.0535
376.63 212.25 55.95 47.41 0.0532
1000.53 100.79 19.77 32.42 0.0531
949.91 134.50 39.54 45.74 0.0531
913.44 282.42 34.71 41.26 0.0531
848.36 282.55 62.43 68.69 0.0530
778.53 66.82 27.35 34.68 0.0529
191.28 67.65 42.89 52.94 0.0527
144.88 119.06 32.41 30.23 0.0526
179.98 305.05 72.97 82.30 0.0525
945.66 272.05 67.38 73.85 0.0523
135.99 134.17 49.17 43.74 0.0523
366.48 357.04 32.23 39.30 0.0518
403.80 0.00 41.12 28.78 0.0517
38.84 86.48 65.63 54.82 0.0516
550.16 262.26 43.75 59.37 0.0510
533.38 163.89 58.32 69.65 0.0509
364.43 397.98 43.66 49.12 0.0507
0.00 124.76 25.16 27.11 0.0505
579.55 245.04 55.68 71.34 0.0504
766.28 274.83 83.16 82.95 0.0504
737.18 117.34 40.45 47.47 0.0501
