28_Sports_Fan_Sports_Fan_28_711
95
89.46 200.15 74.76 120.34 0.470285
912.95 286.38 88.16 122.02 0.437908
234.42 270.77 74.31 99.14 0.419483
4.01 280.08 43.89 90.64 0.335591
450.91 490.25 59.59 95.58 0.295728
865.14 145.67 70.79 104.60 0.271440
332.60 424.99 49.16 75.25 0.267996
749.05 350.36 126.91 135.99 0.263572
418.55 59.03 268.05 339.20 0.240908
684.45 475.40 122.18 129.14 0.237920
523.19 36.34 90.18 96.45 0.206881
635.75 573.94 77.56 83.24 0.196963
0.00 456.92 151.27 204.00 0.196408
865.00 383.10 84.71 113.94 0.192502
0.88 482.41 53.45 132.84 0.191594
543.19 488.47 59.41 99.57 0.184604
667.83 559.09 117.75 89.21 0.180240
378.09 275.99 175.64 182.71 0.169047
748.99 204.94 102.04 82.84 0.168482
703.46 177.05 111.64 90.21 0.162925
428.36 95.02 172.81 160.33 0.161413
698.46 403.38 71.34 95.97 0.158717
559.72 398.54 51.74 62.24 0.147664
13.59 767.54 94.09 196.44 0.141478
639.17 538.88 110.82 89.24 0.140979
517.93 484.27 54.80 84.13 0.139857
487.26 35.00 174.51 239.64 0.135145
560.16 424.31 56.15 80.94 0.131761
605.65 391.12 51.37 75.68 0.128578
187.46 225.02 85.93 107.52 0.128036
727.29 251.96 105.90 79.66 0.124345
644.25 474.27 101.26 84.97 0.122806
600.29 368.16 125.52 130.41 0.119017
84.77 131.42 93.48 156.28 0.118988
70.97 377.66 135.66 185.14 0.117446
769.60 434.61 95.65 122.93 0.109758
15.88 296.36 66.94 113.40 0.109368
260.90 541.43 96.75 113.68 0.109363
253.04 589.07 108.38 155.88 0.108305
546.05 541.79 65.03 84.52 0.108040
351.85 414.63 72.52 100.63 0.107703
429.64 488.90 56.97 82.66 0.107253
22.48 358.39 115.72 184.87 0.106226
52.28 244.89 58.36 89.32 0.105556
517.20 521.71 69.64 74.98 0.104372
2.43 234.96 31.21 70.32 0.102729
417.88 505.04 75.66 129.74 0.100816
322.67 285.49 128.92 156.58 0.099532
453.82 346.90 119.78 126.10 0.098811
826.06 246.17 92.29 100.23 0.098680
780.62 502.03 82.49 92.72 0.094782
297.96 515.24 69.21 80.26 0.094501
337.91 154.29 272.36 299.60 0.092020
588.82 470.74 61.27 87.24 0.090274
351.80 370.12 92.63 105.31 0.088881
635.46 838.87 117.21 131.69 0.088125
333.82 568.00 98.70 160.50 0.085138
608.08 535.16 76.32 77.72 0.085016
593.19 346.61 77.60 95.34 0.084915
734.43 251.17 155.57 133.22 0.084287
790.66 443.96 129.90 141.29 0.083493
694.14 348.54 60.94 96.27 0.082840
809.00 510.97 105.36 94.51 0.079295
613.75 150.65 152.38 153.97 0.078622
410.67 439.25 72.76 99.73 0.077705
49.79 519.09 183.52 214.51 0.076980
154.79 398.79 77.15 108.90 0.076891
269.11 206.08 145.67 192.63 0.076459
357.85 454.95 56.60 86.30 0.075958
89.66 99.07 81.60 115.15 0.073711
793.33 120.94 116.93 123.59 0.073105
349.96 506.28 131.47 204.46 0.071810
438.96 19.66 149.73 102.44 0.071582
440.25 76.69 121.78 92.95 0.070566
870.35 136.34 121.70 140.30 0.070381
161.80 454.34 75.92 93.03 0.069913
533.66 572.13 79.50 92.63 0.068551
680.20 184.21 155.07 165.80 0.068527
891.07 206.39 95.80 122.90 0.066733
488.45 205.32 242.02 234.46 0.064756
187.51 336.66 69.28 104.34 0.062906
0.00 299.94 55.37 162.46 0.062882
888.31 415.03 92.45 140.07 0.062859
350.20 496.07 74.07 103.61 0.061709
51.75 0.00 73.61 110.69 0.061252
886.21 492.84 96.19 136.05 0.059505
499.80 438.23 67.94 115.30 0.059439
117.78 440.81 138.91 169.27 0.058382
305.56 635.71 87.79 132.89 0.054326
21.00 754.32 72.83 117.13 0.053861
966.22 490.26 52.85 118.53 0.053003
506.88 617.78 83.75 120.91 0.052170
462.25 9.12 96.77 61.53 0.051930
367.58 118.93 98.82 121.80 0.051708
402.12 14.50 111.68 127.30 0.051035
