31_Waiter_Waitress_Waiter_Waitress_31_225
200
50.60 840.78 80.21 107.79 0.1924
50.55 548.26 80.20 107.66 0.1921
50.56 621.40 80.17 107.69 0.1920
50.56 694.54 80.17 107.69 0.1920
928.12 328.80 80.55 108.07 0.1920
50.58 328.88 80.21 107.68 0.1920
927.82 0.00 81.20 108.28 0.1919
50.51 255.62 80.29 107.80 0.1919
50.51 401.90 80.29 107.80 0.1919
50.53 767.66 80.22 107.67 0.1919
50.52 475.05 80.27 107.75 0.1918
928.14 548.23 80.51 108.03 0.1917
50.52 109.41 80.32 107.85 0.1917
891.64 255.69 80.30 107.80 0.1917
928.14 621.43 80.47 107.92 0.1916
928.14 694.57 80.47 107.92 0.1916
928.14 767.71 80.47 107.92 0.1916
50.51 182.51 80.37 107.93 0.1916
50.23 0.00 80.92 108.12 0.1916
123.18 0.00 81.23 108.26 0.1916
818.05 0.00 81.16 108.29 0.1915
928.21 438.69 80.39 107.85 0.1915
159.75 0.00 81.13 108.26 0.1915
342.57 0.00 81.28 108.28 0.1915
379.15 0.00 81.28 108.28 0.1915
671.75 0.00 81.13 108.26 0.1915
13.79 72.98 80.19 107.50 0.1915
13.82 182.76 80.13 107.34 0.1915
928.09 840.81 80.56 108.04 0.1915
305.99 0.00 81.19 108.28 0.1915
928.10 145.89 80.57 108.11 0.1915
269.38 0.00 81.22 108.30 0.1915
854.69 584.32 80.90 108.68 0.1915
232.83 0.00 81.21 108.29 0.1915
745.11 401.53 80.74 108.54 0.1915
708.47 401.53 80.81 108.53 0.1915
708.47 584.39 80.81 108.53 0.1915
781.61 584.39 80.81 108.53 0.1915
671.90 730.68 80.81 108.53 0.1915
708.47 767.25 80.81 108.53 0.1915
562.17 145.54 80.79 108.62 0.1914
525.60 182.12 80.79 108.62 0.1914
489.03 584.40 80.79 108.62 0.1914
525.60 584.40 80.79 108.62 0.1914
489.03 657.54 80.79 108.62 0.1914
489.03 730.69 80.79 108.62 0.1914
928.09 255.64 80.51 108.09 0.1914
489.03 182.12 80.88 108.63 0.1914
13.81 585.00 80.17 107.42 0.1914
891.57 584.85 80.19 107.57 0.1914
452.41 620.95 80.84 108.67 0.1914
13.81 658.14 80.17 107.42 0.1914
891.32 0.00 80.91 107.97 0.1914
452.42 694.09 80.93 108.67 0.1914
598.62 0.00 81.22 108.26 0.1913
854.57 0.00 81.17 108.31 0.1913
708.26 0.00 81.19 108.26 0.1913
159.97 365.08 80.71 108.30 0.1913
196.55 365.08 80.71 108.30 0.1913
86.57 0.00 81.28 108.28 0.1913
196.26 0.00 81.21 108.27 0.1913
415.90 840.42 80.83 108.54 0.1913
233.11 364.96 80.73 108.42 0.1913
269.68 364.96 80.73 108.42 0.1913
928.10 72.71 80.55 108.18 0.1913
781.62 474.68 80.79 108.42 0.1913
818.26 803.94 80.73 108.41 0.1913
13.97 877.73 79.97 107.22 0.1913
635.18 0.00 81.24 108.28 0.1912
233.12 438.10 80.70 108.45 0.1912
306.19 328.38 80.76 108.44 0.1912
818.25 401.54 80.74 108.53 0.1912
196.54 438.11 80.74 108.53 0.1912
745.11 511.25 80.74 108.53 0.1912
196.54 767.25 80.74 108.53 0.1912
671.97 803.82 80.74 108.53 0.1912
781.61 401.54 80.81 108.53 0.1912
854.76 438.11 80.81 108.53 0.1912
708.47 474.68 80.81 108.53 0.1912
818.18 584.39 80.81 108.53 0.1912
671.90 620.97 80.81 108.53 0.1912
745.04 620.97 80.81 108.53 0.1912
708.47 657.54 80.81 108.53 0.1912
745.04 694.11 80.81 108.53 0.1912
745.04 767.25 80.81 108.53 0.1912
781.61 803.82 80.81 108.53 0.1912
708.47 840.39 80.81 108.53 0.1912
745.04 840.39 80.81 108.53 0.1912
379.65 877.43 80.31 107.77 0.1912
562.18 72.41 80.79 108.62 0.1912
598.75 72.41 80.79 108.61 0.1912
525.61 657.55 80.79 108.61 0.1912
13.79 731.25 80.19 107.43 0.1912
745.12 328.42 80.72 108.47 0.1912
452.48 182.10 80.86 108.63 0.1912
671.97 474.67 80.72 108.56 0.1912
891.49 72.66 80.41 107.97 0.1911
233.05 218.67 80.78 108.56 0.1911
562.24 255.24 80.73 108.53 0.1911
306.19 401.53 80.78 108.56 0.1911
269.62 438.10 80.78 108.56 0.1911
196.48 511.25 80.78 108.56 0.1911
854.76 511.25 80.78 108.56 0.1911
781.62 657.53 80.78 108.56 0.1911
854.76 657.53 80.78 108.56 0.1911
854.76 730.67 80.78 108.56 0.1911
415.77 0.00 81.21 108.30 0.1911
452.34 0.00 81.21 108.30 0.1911
452.48 255.26 80.77 108.61 0.1911
525.92 877.38 80.17 107.83 0.1911
781.40 0.00 81.24 108.28 0.1911
488.99 511.24 80.84 108.66 0.1911
452.42 547.81 80.84 108.66 0.1911
13.52 0.00 80.89 107.96 0.1911
744.78 0.00 81.27 108.30 0.1911
525.67 255.25 80.70 108.49 0.1911
233.13 511.27 80.70 108.50 0.1911
269.68 291.85 80.74 108.41 0.1911
452.48 840.47 80.79 108.45 0.1911
562.05 0.00 81.22 108.26 0.1911
854.73 255.25 80.86 108.55 0.1911
379.29 401.59 80.82 108.49 0.1911
196.43 584.39 80.83 108.60 0.1911
379.29 657.59 80.82 108.49 0.1911
13.76 292.41 80.26 107.52 0.1911
342.71 438.11 80.83 108.52 0.1911
891.67 804.30 80.09 107.57 0.1911
87.02 877.25 80.44 108.03 0.1911
891.61 658.01 80.15 107.56 0.1911
635.39 182.27 80.68 108.32 0.1911
489.09 255.25 80.71 108.61 0.1911
891.77 877.61 79.96 107.38 0.1911
159.90 182.14 80.83 108.54 0.1910
781.67 328.42 80.76 108.52 0.1910
562.18 730.71 80.83 108.54 0.1910
635.39 767.28 80.76 108.52 0.1910
159.96 803.85 80.76 108.52 0.1910
306.24 803.85 80.76 108.52 0.1910
196.53 840.42 80.76 108.52 0.1910
489.36 877.39 80.29 107.87 0.1910
818.18 511.28 80.82 108.51 0.1910
818.18 657.57 80.82 108.51 0.1910
781.61 730.71 80.82 108.51 0.1910
123.32 840.42 80.82 108.51 0.1910
233.03 840.42 80.82 108.51 0.1910
269.61 840.42 80.82 108.51 0.1910
635.32 840.42 80.82 108.51 0.1910
854.75 840.41 80.83 108.55 0.1910
306.20 218.78 80.78 108.41 0.1910
415.86 218.69 80.82 108.62 0.1910
342.77 255.35 80.78 108.41 0.1910
13.84 475.26 80.17 107.48 0.1910
13.84 804.41 80.17 107.48 0.1910
635.39 109.00 80.69 108.44 0.1910
13.77 365.55 80.24 107.47 0.1910
342.69 657.52 80.89 108.61 0.1910
781.63 109.10 80.73 108.37 0.1910
342.78 145.67 80.73 108.37 0.1910
891.51 145.86 80.38 107.92 0.1910
489.06 401.67 80.73 108.37 0.1910
415.92 767.38 80.73 108.37 0.1910
123.34 401.57 80.78 108.44 0.1910
306.21 511.31 80.74 108.42 0.1910
306.13 620.98 80.88 108.60 0.1910
598.79 291.90 80.75 108.42 0.1910
342.76 328.39 80.78 108.53 0.1910
818.18 328.42 80.79 108.54 0.1910
269.61 620.99 80.79 108.54 0.1910
818.18 730.70 80.79 108.54 0.1910
342.76 803.82 80.78 108.53 0.1910
123.34 108.98 80.75 108.49 0.1910
379.34 108.98 80.75 108.49 0.1910
818.20 108.98 80.75 108.49 0.1910
854.77 108.98 80.75 108.49 0.1910
269.61 145.56 80.79 108.46 0.1910
86.77 182.12 80.75 108.49 0.1910
379.34 182.12 80.75 108.49 0.1910
452.49 328.41 80.75 108.49 0.1910
489.06 328.41 80.75 108.49 0.1910
452.49 401.55 80.75 108.49 0.1910
415.91 474.69 80.75 108.49 0.1910
452.49 474.69 80.75 108.49 0.1910
415.91 547.83 80.75 108.49 0.1910
415.91 620.98 80.75 108.49 0.1910
415.91 694.12 80.75 108.49 0.1910
452.49 767.26 80.75 108.49 0.1910
598.82 218.79 80.72 108.40 0.1910
562.24 584.50 80.72 108.40 0.1910
525.67 767.36 80.72 108.40 0.1910
489.10 803.93 80.72 108.40 0.1910
598.76 145.53 80.77 108.62 0.1909
269.63 511.27 80.76 108.47 0.1909
708.46 72.44 80.81 108.46 0.1909
562.17 401.59 80.81 108.46 0.1909
342.74 584.44 80.81 108.46 0.1909
269.56 72.42 80.84 108.50 0.1909
379.27 730.71 80.84 108.50 0.1909
928.41 914.31 80.00 107.95 0.1909
415.85 72.34 80.92 108.73 0.1909
488.99 108.92 80.92 108.73 0.1909
