61_Street_Battle_streetfight_61_913
237
893.67 122.50 83.67 80.64 0.442078
604.41 377.09 48.50 59.11 0.314650
230.22 310.08 33.45 34.16 0.286608
103.83 302.84 52.07 57.96 0.280895
127.17 281.09 57.36 66.14 0.244843
796.22 305.33 29.21 30.60 0.239792
754.80 308.93 28.28 33.31 0.206479
750.32 270.99 30.02 39.78 0.190405
138.61 319.25 55.55 66.71 0.187134
650.38 299.18 40.01 38.88 0.185186
619.23 302.88 36.89 34.04 0.183164
144.65 486.96 26.93 33.00 0.179788
647.84 372.65 46.99 57.79 0.177185
702.85 300.69 35.42 38.49 0.175742
794.74 284.33 32.96 38.20 0.173801
748.31 243.29 34.20 44.49 0.165736
371.14 29.05 43.68 50.90 0.165315
221.40 316.90 45.51 51.53 0.163410
847.24 342.98 25.05 26.36 0.158321
750.46 395.15 31.59 35.31 0.156634
922.70 178.95 56.91 78.37 0.155801
187.22 334.68 44.24 45.61 0.149222
753.61 336.13 33.18 39.53 0.148238
843.29 247.91 29.70 40.97 0.147542
753.69 367.57 33.47 40.05 0.147327
850.12 307.76 27.84 32.00 0.147177
699.63 370.71 36.44 38.09 0.145213
333.40 436.05 32.89 30.00 0.144971
151.08 349.61 53.43 57.35 0.141853
835.91 371.90 42.61 39.49 0.141712
847.39 121.19 86.26 80.87 0.139405
931.47 462.94 55.95 61.71 0.138224
838.05 164.08 52.34 72.28 0.137887
703.56 335.82 35.74 45.79 0.136862
753.60 215.85 37.12 41.22 0.135477
612.41 333.85 45.84 55.50 0.133155
846.84 266.77 32.53 43.01 0.131519
826.99 445.19 60.43 51.80 0.131383
332.20 484.50 32.05 32.94 0.129791
860.21 382.42 61.60 51.14 0.129269
325.69 460.50 40.99 47.44 0.128710
6.10 330.63 33.27 53.51 0.128516
572.96 306.47 42.16 42.31 0.124253
876.44 374.87 42.48 38.64 0.123504
45.91 325.09 48.43 60.22 0.122325
798.44 371.89 36.93 36.93 0.121409
811.22 420.32 98.94 94.20 0.121355
650.24 331.69 44.90 48.97 0.121050
123.40 95.92 49.16 53.22 0.119111
791.76 215.42 36.24 44.74 0.119110
216.05 338.05 61.20 63.99 0.117187
702.47 241.08 41.39 52.31 0.115768
143.38 469.51 29.96 36.93 0.114951
89.96 511.62 34.43 38.25 0.114867
658.82 246.88 52.10 55.88 0.114507
195.56 488.42 30.98 31.39 0.112559
881.98 340.61 37.34 38.27 0.111677
429.68 4.55 24.61 29.54 0.110949
705.64 418.49 35.91 43.64 0.108267
566.34 325.73 43.49 57.06 0.108169
239.75 464.05 30.80 33.46 0.107538
893.06 312.42 27.28 32.95 0.106854
797.88 335.92 33.39 38.63 0.106779
190.46 462.56 36.21 39.82 0.106588
430.79 96.46 24.13 21.01 0.105730
288.11 465.80 26.12 30.72 0.104144
427.07 428.78 26.11 26.24 0.103900
192.79 281.02 52.07 54.73 0.103556
890.46 136.93 126.81 150.80 0.103415
101.34 503.05 28.35 32.99 0.103316
106.23 110.84 49.28 40.23 0.102883
192.15 434.37 36.02 33.75 0.102194
746.54 426.48 32.44 33.02 0.101956
516.09 31.39 31.76 30.10 0.101693
788.44 377.86 64.63 67.02 0.101674
7.44 311.44 28.21 41.89 0.101313
389.35 410.83 23.81 24.00 0.100427
794.47 242.51 36.36 49.61 0.099454
52.01 500.03 34.71 36.15 0.099091
571.59 359.15 39.37 46.29 0.098834
861.40 400.40 127.29 135.95 0.098629
47.55 511.97 34.99 39.22 0.098471
862.99 445.30 77.17 57.12 0.098377
374.00 6.66 32.69 38.15 0.097654
835.99 207.12 42.49 53.24 0.097436
608.42 244.49 58.53 55.28 0.097113
385.82 432.01 25.70 26.39 0.096220
282.49 77.26 55.29 40.95 0.096169
239.71 95.18 31.73 28.40 0.094816
823.80 373.31 125.71 125.31 0.094199
237.89 437.90 31.35 26.77 0.093321
331.62 409.51 32.98 29.63 0.093134
317.51 21.73 55.67 58.82 0.092261
807.26 577.29 120.05 95.01 0.091797
49.91 309.28 43.56 45.97 0.091005
288.23 493.58 24.89 27.32 0.090676
246.59 31.37 28.71 28.60 0.090484
566.87 32.01 38.39 39.22 0.089543
329.65 310.61 28.98 27.96 0.088774
420.19 23.30 32.94 36.07 0.088755
292.96 440.56 23.32 25.61 0.088530
986.45 1.69 34.87 34.99 0.087756
505.85 230.30 33.35 53.92 0.087253
383.68 88.50 35.51 30.20 0.086777
614.75 126.61 52.73 49.17 0.086376
425.11 67.38 33.17 30.48 0.086324
244.30 491.85 28.75 29.08 0.085686
508.20 351.19 32.60 51.67 0.084471
164.23 393.32 63.34 60.00 0.084204
480.60 33.24 36.09 34.18 0.084126
272.49 333.47 46.96 51.80 0.084117
705.47 221.67 36.55 42.98 0.084052
524.70 4.91 21.05 27.13 0.083515
239.43 119.26 26.59 25.11 0.081542
571.93 283.41 61.90 55.63 0.081245
423.44 411.89 27.64 30.03 0.081222
420.02 151.65 34.82 27.75 0.080938
99.82 38.31 36.47 34.99 0.080885
136.56 218.60 74.65 73.30 0.080717
894.77 383.25 77.24 63.10 0.080318
892.74 197.41 61.53 91.18 0.079832
53.69 275.93 34.73 45.05 0.078568
194.97 37.07 22.39 21.72 0.078105
322.35 371.94 38.79 31.49 0.077619
327.43 335.25 36.10 37.72 0.077382
308.37 78.45 55.80 41.94 0.076257
94.41 222.74 59.32 63.45 0.075795
281.03 25.71 63.85 51.89 0.075786
505.94 630.26 73.53 50.74 0.075734
419.91 131.53 33.60 26.40 0.075230
535.27 584.57 86.24 89.25 0.074243
140.25 63.66 36.87 40.09 0.073718
498.39 496.06 43.05 58.89 0.073115
327.15 279.56 35.32 33.76 0.072544
48.78 372.55 59.18 80.81 0.072187
574.04 378.19 54.45 55.89 0.072094
693.87 124.85 43.29 44.17 0.071977
912.20 236.32 72.18 96.12 0.071761
89.01 315.31 68.09 93.71 0.071576
882.85 253.93 48.62 72.86 0.071454
179.33 185.38 42.21 37.79 0.071017
425.12 274.29 31.50 34.93 0.070228
379.32 460.97 31.08 35.49 0.070227
514.78 338.80 26.71 37.35 0.070124
9.21 119.83 21.71 33.97 0.070069
280.38 299.75 48.59 51.05 0.069930
759.52 560.62 114.51 113.44 0.069905
88.42 361.98 59.20 82.14 0.069090
153.89 38.99 20.96 21.39 0.069075
919.46 373.17 49.76 43.57 0.069048
288.58 278.53 40.27 42.14 0.068669
434.04 368.32 23.32 28.82 0.068135
567.14 567.40 133.32 108.25 0.067832
53.57 445.81 42.49 57.10 0.067799
8.56 515.50 43.88 39.39 0.067574
318.23 251.61 51.30 36.55 0.067574
239.93 66.49 32.09 33.17 0.067531
144.76 436.59 36.75 44.21 0.067528
471.67 86.20 45.14 35.90 0.067441
796.36 186.88 37.57 42.18 0.067435
754.37 192.52 42.66 40.06 0.067264
315.19 56.22 54.86 49.89 0.067079
925.99 336.36 42.24 39.61 0.066960
339.76 6.18 30.32 24.32 0.066897
201.35 529.57 23.14 25.74 0.066538
931.80 308.32 39.52 43.99 0.066276
191.69 58.31 28.52 30.87 0.066163
190.12 124.84 34.38 28.06 0.065636
189.11 97.90 39.35 33.99 0.064840
378.41 279.08 32.13 38.14 0.064733
225.75 398.97 49.50 44.78 0.064624
344.30 585.78 98.60 81.01 0.064594
100.05 463.41 27.89 37.14 0.064557
8.06 495.44 52.63 47.60 0.064436
13.43 154.21 19.39 27.37 0.064358
639.69 120.56 56.33 51.41 0.063971
942.53 1.11 32.77 26.39 0.063894
3.94 262.46 30.56 55.13 0.063469
561.84 153.43 34.69 30.67 0.062883
220.58 182.71 44.72 39.02 0.062615
289.18 406.39 33.60 35.53 0.062426
218.73 240.79 50.82 49.05 0.061850
504.69 398.95 34.72 42.70 0.061741
292.73 159.74 41.59 27.42 0.061636
4.30 381.31 48.72 71.79 0.061550
139.38 152.69 59.59 68.29 0.061475
700.05 147.73 34.39 35.71 0.061339
476.87 1.41 26.11 29.61 0.060992
482.34 401.81 32.70 40.76 0.060616
565.04 41.99 48.14 59.06 0.060598
144.78 509.28 29.55 40.99 0.060397
750.23 494.66 50.04 40.46 0.060318
748.72 517.19 60.83 50.96 0.060219
225.83 159.24 42.21 31.05 0.060065
969.12 251.48 47.05 74.28 0.059853
565.81 4.30 26.98 35.66 0.059851
650.66 549.78 108.31 123.59 0.059764
8.06 223.41 38.00 58.06 0.059533
95.99 148.53 55.30 46.42 0.059381
97.40 57.39 52.69 51.31 0.059330
177.13 208.06 45.66 42.05 0.059287
978.16 15.53 45.84 48.49 0.059093
954.53 471.82 53.74 59.59 0.058695
100.76 171.77 45.07 43.11 0.058434
657.38 147.01 39.90 33.40 0.058365
481.67 255.47 44.38 56.23 0.057824
171.59 154.35 56.53 47.74 0.057805
328.77 159.16 44.62 33.49 0.057436
477.27 414.55 40.11 47.62 0.057296
746.88 452.30 47.61 48.12 0.057277
385.86 124.47 46.19 35.64 0.056686
384.18 370.77 32.13 36.94 0.056437
601.06 164.37 55.47 63.09 0.055001
798.95 465.39 83.14 60.09 0.054999
468.60 151.60 36.36 31.84 0.054875
604.65 60.68 90.92 116.27 0.054610
313.71 150.59 91.36 63.38 0.054530
83.32 422.28 46.64 52.00 0.053858
505.17 59.94 47.13 38.51 0.053547
925.95 91.16 96.47 102.63 0.053262
375.11 293.49 38.99 46.67 0.053258
4.72 66.61 37.29 62.44 0.053140
417.89 167.28 53.12 48.75 0.052995
220.96 209.26 43.90 38.36 0.052779
7.47 436.33 49.03 65.94 0.052641
474.98 65.24 50.76 37.77 0.052624
706.08 30.25 46.70 45.07 0.052566
694.16 440.26 52.95 62.77 0.052539
482.38 337.29 25.48 31.91 0.052501
480.82 368.42 27.54 39.21 0.051914
978.22 304.58 32.67 41.49 0.051739
886.92 507.38 64.58 66.31 0.051282
11.80 184.72 32.06 46.46 0.050778
509.52 297.31 32.82 48.02 0.050684
693.63 176.56 48.66 50.89 0.050471
604.18 200.23 47.74 57.67 0.050451
479.96 282.14 38.59 62.36 0.050291
