56_Voter_peoplevoting_56_874
200
660.14 449.86 97.63 141.64 0.5139
149.34 278.42 23.60 31.85 0.5104
449.81 391.27 58.16 92.96 0.4919
970.30 245.01 49.68 72.64 0.4700
554.92 305.42 31.15 39.45 0.4099
360.93 329.90 55.43 81.94 0.4098
590.50 330.70 30.27 38.86 0.3692
663.64 253.22 27.20 28.08 0.3584
511.75 273.85 30.62 35.22 0.3477
268.35 248.54 15.31 22.80 0.3355
734.53 247.05 81.62 72.08 0.3005
38.16 334.18 23.29 30.61 0.2959
48.50 276.58 19.78 27.74 0.2948
228.08 391.21 46.92 63.25 0.2891
449.63 253.48 19.49 27.25 0.2890
404.76 245.96 23.22 29.04 0.2845
466.97 354.91 78.48 95.87 0.2739
424.15 346.95 99.51 123.16 0.2705
86.99 338.92 23.28 30.26 0.2485
322.42 328.89 62.53 92.42 0.2374
449.03 204.28 14.50 20.16 0.2333
369.66 517.34 79.91 123.71 0.2316
515.72 217.26 25.03 28.69 0.2249
517.74 286.20 31.70 46.04 0.2247
194.06 255.79 19.11 23.38 0.2244
410.56 230.37 16.49 23.55 0.2240
783.70 329.25 54.82 90.71 0.2183
226.83 273.03 17.86 27.18 0.2167
406.39 274.04 24.54 32.76 0.2142
336.01 251.64 20.49 26.77 0.2138
389.21 339.06 62.95 109.30 0.2131
373.49 252.41 16.92 24.10 0.2130
377.80 229.44 12.74 18.14 0.2083
336.20 273.56 23.96 31.41 0.2071
446.79 222.00 18.15 25.50 0.2069
304.13 250.68 17.30 23.65 0.2050
142.09 389.09 34.56 53.22 0.2045
485.95 223.91 16.84 20.33 0.2031
324.72 374.29 49.51 66.47 0.1998
7.88 300.67 18.79 29.26 0.1997
228.33 256.75 17.22 24.15 0.1970
632.23 290.19 69.05 86.42 0.1932
521.40 202.20 18.53 21.34 0.1886
676.06 298.06 46.61 69.00 0.1853
4.86 283.77 20.18 29.34 0.1842
369.11 277.38 21.03 27.80 0.1839
340.15 229.88 14.53 18.90 0.1805
973.67 415.11 50.33 93.94 0.1799
266.94 276.41 19.74 26.89 0.1793
486.25 201.78 14.19 18.67 0.1781
83.90 348.93 21.83 34.44 0.1762
659.47 190.06 31.41 38.99 0.1735
75.94 538.64 74.33 115.57 0.1732
115.05 305.22 19.93 24.24 0.1678
415.57 203.74 12.85 15.48 0.1664
43.42 305.76 20.70 30.38 0.1657
561.36 143.96 18.60 25.43 0.1643
3.31 365.10 20.94 30.38 0.1637
748.58 273.04 78.31 77.87 0.1633
191.49 271.21 22.15 31.41 0.1628
340.61 353.84 79.54 98.71 0.1625
267.65 232.26 14.58 24.98 0.1617
681.56 416.00 69.09 105.69 0.1594
512.40 325.70 37.77 52.68 0.1592
41.76 346.08 24.23 39.13 0.1577
926.81 226.22 28.57 41.10 0.1551
85.77 311.61 18.00 20.87 0.1536
321.81 298.97 47.79 70.39 0.1508
984.36 178.31 38.46 46.67 0.1507
482.10 256.65 22.19 29.85 0.1486
303.36 279.30 23.36 33.79 0.1444
631.24 173.25 22.89 28.31 0.1439
389.56 290.08 46.12 69.66 0.1412
9.23 335.95 19.31 27.99 0.1411
305.16 229.81 15.83 21.59 0.1400
379.08 203.66 12.26 16.31 0.1391
132.11 406.16 44.24 63.78 0.1383
303.63 301.50 31.23 46.64 0.1351
933.50 366.86 90.19 123.22 0.1349
444.73 265.09 24.15 37.37 0.1349
304.69 328.42 33.28 47.27 0.1340
232.14 596.48 49.12 62.28 0.1332
542.65 334.16 50.68 69.77 0.1300
123.08 388.44 40.07 56.41 0.1299
109.51 334.63 24.79 28.60 0.1295
610.08 302.90 67.19 90.75 0.1286
882.09 325.52 63.38 91.26 0.1286
80.50 283.27 18.73 23.80 0.1272
483.99 276.63 29.47 31.81 0.1270
960.53 181.75 52.01 49.39 0.1253
585.64 332.34 48.13 83.53 0.1247
630.02 135.41 20.29 29.44 0.1211
629.20 188.34 29.45 34.53 0.1209
153.37 262.03 23.30 41.24 0.1201
560.90 160.33 18.51 28.63 0.1193
673.34 252.82 59.54 70.74 0.1190
524.55 356.14 64.69 80.11 0.1187
585.43 214.76 32.62 44.49 0.1180
922.16 265.72 42.33 57.52 0.1153
300.37 340.72 38.86 67.40 0.1149
273.92 75.95 105.56 75.37 0.1149
2.99 379.52 20.21 35.75 0.1138
121.78 283.47 17.53 25.53 0.1136
333.76 567.52 64.69 100.01 0.1106
337.80 596.82 37.29 56.76 0.1104
417.53 520.14 65.64 121.58 0.1103
553.68 220.95 34.33 40.41 0.1101
594.43 197.60 22.40 29.40 0.1091
250.83 361.15 40.61 72.32 0.1084
623.87 112.78 23.74 35.76 0.1076
189.98 304.67 27.11 38.88 0.1061
456.42 552.31 50.10 80.04 0.1060
677.17 323.51 54.60 82.95 0.1050
987.59 459.25 36.41 88.01 0.1032
248.77 97.86 65.70 54.73 0.1019
118.42 358.50 25.94 35.80 0.1017
45.19 260.77 18.83 33.43 0.1014
85.61 255.94 18.15 19.55 0.1009
946.45 100.43 46.58 40.43 0.1000
602.89 430.38 94.36 150.56 0.0997
955.22 133.03 30.26 31.98 0.0991
558.26 196.31 24.41 30.20 0.0983
534.39 503.42 53.29 81.28 0.0976
659.65 384.44 81.22 103.82 0.0963
189.38 327.78 25.88 38.07 0.0960
912.29 292.26 41.67 54.11 0.0959
140.80 360.07 32.60 41.96 0.0958
847.75 430.60 38.91 55.47 0.0953
340.28 203.25 15.14 19.92 0.0951
291.19 363.60 44.45 68.03 0.0948
184.54 353.04 32.30 49.02 0.0948
519.38 568.68 34.62 57.71 0.0947
596.05 173.59 17.92 24.87 0.0942
832.79 456.82 43.28 79.08 0.0940
628.27 261.02 39.10 51.66 0.0937
477.19 427.48 73.29 105.09 0.0933
571.18 271.48 48.69 53.01 0.0931
513.72 391.75 67.88 78.68 0.0930
722.41 82.37 38.89 52.64 0.0924
463.62 507.21 47.57 87.50 0.0919
544.66 241.63 38.82 47.82 0.0913
699.37 396.65 66.98 91.08 0.0900
304.40 199.04 16.60 22.76 0.0892
147.66 332.25 25.69 35.40 0.0881
364.23 474.21 99.20 121.41 0.0864
866.28 528.35 83.29 106.86 0.0863
177.35 372.17 41.95 72.19 0.0863
631.49 245.03 37.10 40.61 0.0860
948.69 457.96 65.74 93.31 0.0859
223.81 302.81 22.36 36.10 0.0858
550.84 466.98 39.67 65.32 0.0855
173.86 415.13 41.89 65.50 0.0831
880.29 302.10 45.99 67.63 0.0831
856.84 363.29 66.81 98.74 0.0824
526.58 570.25 55.60 73.65 0.0818
797.40 319.94 86.45 118.01 0.0817
263.06 292.07 27.12 43.57 0.0816
958.95 260.37 65.05 133.00 0.0815
220.75 325.20 26.93 38.72 0.0806
321.62 507.79 72.64 131.46 0.0806
961.83 162.22 41.77 47.66 0.0800
466.26 281.57 52.75 72.80 0.0800
510.81 490.55 50.18 82.48 0.0792
621.33 487.86 114.21 129.19 0.0773
894.11 397.80 75.52 123.15 0.0770
809.13 457.31 58.95 107.51 0.0765
423.81 286.49 56.52 78.06 0.0763
855.68 407.47 56.80 79.43 0.0758
716.48 312.34 118.16 135.77 0.0754
790.53 484.06 54.10 96.92 0.0753
559.42 419.76 68.79 105.19 0.0749
487.73 170.22 13.94 19.48 0.0744
542.96 424.50 46.48 84.73 0.0741
995.53 513.63 26.27 57.70 0.0738
228.57 228.28 18.15 27.57 0.0735
890.29 457.79 71.96 119.53 0.0725
338.24 396.18 103.08 110.61 0.0723
745.31 375.31 62.09 88.40 0.0721
574.98 232.81 43.71 52.11 0.0703
82.00 437.15 25.10 40.25 0.0702
987.94 136.09 33.44 35.28 0.0701
590.02 136.08 22.19 29.90 0.0694
516.66 135.26 21.19 28.11 0.0694
626.18 211.65 40.72 54.37 0.0694
6.80 257.28 17.21 30.74 0.0682
416.76 458.30 87.32 143.72 0.0681
743.73 150.13 67.81 64.43 0.0678
313.62 402.78 64.06 87.63 0.0667
944.75 587.84 49.78 88.35 0.0662
222.07 626.46 45.87 53.57 0.0659
575.30 397.60 59.94 84.52 0.0658
119.12 258.01 16.16 25.60 0.0656
796.05 358.42 53.25 91.61 0.0650
746.52 82.11 48.63 55.23 0.0638
80.72 512.56 49.64 76.95 0.0637
539.09 440.49 93.61 141.20 0.0631
673.23 160.81 50.01 40.45 0.0625
208.93 568.98 62.77 92.65 0.0624
879.06 280.62 32.02 54.35 0.0622
488.32 138.71 21.25 27.12 0.0618
