56_Voter_peoplevoting_56_747
69
360.37 49.13 118.61 174.58 0.9354
572.81 201.58 37.36 43.40 0.2136
9.28 344.10 191.72 133.82 0.2046
256.05 188.93 56.34 37.63 0.1454
383.22 233.24 183.31 241.50 0.1418
196.77 186.04 89.60 54.48 0.1334
166.53 211.25 112.73 66.98 0.1289
0.00 294.83 84.98 155.38 0.1116
1.01 1.73 27.83 42.07 0.1115
789.33 159.02 52.39 37.51 0.1105
942.73 313.12 44.03 51.49 0.1097
70.77 1.41 49.28 60.19 0.1088
428.04 278.79 102.66 136.81 0.1031
981.24 213.89 37.26 55.55 0.0972
348.06 550.49 115.06 158.43 0.0969
951.74 204.75 49.86 56.29 0.0947
775.24 330.04 31.81 35.81 0.0931
8.31 111.88 26.10 52.22 0.0885
705.51 410.79 21.45 35.92 0.0865
33.73 272.60 244.52 216.33 0.0865
839.82 165.22 35.13 26.28 0.0847
953.96 195.75 37.04 38.66 0.0839
943.53 250.93 57.57 56.86 0.0814
730.62 383.60 26.52 33.98 0.0810
582.57 336.73 43.78 84.14 0.0803
86.99 0.00 71.02 72.56 0.0802
479.06 287.77 121.74 156.83 0.0792
627.68 412.37 47.18 73.78 0.0785
260.57 513.07 145.94 167.29 0.0779
645.78 294.56 36.74 48.85 0.0765
948.26 227.45 62.76 58.61 0.0765
736.86 186.53 75.48 78.80 0.0761
174.87 479.99 200.16 247.52 0.0739
910.81 307.79 66.80 80.42 0.0738
37.91 681.73 88.88 82.80 0.0732
468.54 345.23 104.25 163.15 0.0732
375.00 615.37 83.15 115.57 0.0731
556.84 204.92 45.42 64.36 0.0730
589.43 206.15 85.49 87.98 0.0728
709.05 374.29 27.40 38.42 0.0724
768.10 185.13 76.70 68.47 0.0700
618.08 284.31 42.31 54.79 0.0681
6.19 76.38 27.31 45.66 0.0677
47.54 0.22 38.74 35.08 0.0673
156.36 213.69 169.45 124.44 0.0672
974.44 233.91 48.62 83.85 0.0667
104.67 203.58 123.71 80.07 0.0655
953.18 338.16 31.61 53.45 0.0654
13.95 92.15 51.38 69.10 0.0641
295.38 258.30 169.29 218.91 0.0638
419.72 259.10 72.35 92.65 0.0637
992.65 316.49 25.39 46.49 0.0623
632.34 176.16 158.63 127.71 0.0610
769.40 382.05 29.39 41.91 0.0607
612.28 361.70 41.18 70.30 0.0604
80.23 627.75 144.43 124.05 0.0588
2.96 41.94 30.51 50.29 0.0581
982.13 288.86 37.04 64.19 0.0576
874.05 348.67 66.02 99.54 0.0573
998.53 348.67 22.89 45.98 0.0571
727.34 391.59 36.09 48.01 0.0562
226.14 201.34 96.96 92.93 0.0546
586.42 252.85 55.64 68.21 0.0536
957.32 170.88 24.59 20.96 0.0518
706.37 350.99 26.21 43.52 0.0516
258.53 196.79 69.71 52.59 0.0516
44.56 61.13 163.56 159.39 0.0516
49.43 731.19 56.18 36.81 0.0512
49.95 468.30 172.29 229.91 0.0511
