56_Voter_peoplevoting_56_13
59
814.73 91.79 24.32 28.60 0.3915
964.34 153.41 21.68 25.96 0.2713
281.47 459.01 73.97 110.20 0.2704
868.21 292.90 48.78 50.94 0.2664
914.20 97.62 23.72 27.66 0.2294
312.71 482.25 53.05 83.67 0.2127
241.85 430.67 94.46 144.73 0.1829
991.24 272.68 32.76 64.03 0.1333
988.66 306.39 28.25 44.18 0.1333
816.18 213.10 29.20 38.25 0.1286
702.60 295.84 49.78 63.45 0.1244
986.94 225.72 37.06 92.98 0.1148
355.46 260.63 561.52 421.37 0.1081
317.24 415.68 44.42 88.96 0.1071
185.27 187.08 40.08 36.73 0.0973
954.42 295.42 49.81 62.97 0.0930
950.74 188.00 37.96 44.20 0.0929
845.47 295.25 55.82 71.90 0.0872
429.65 501.27 38.24 68.88 0.0861
875.46 286.55 73.36 67.29 0.0826
205.92 469.34 70.21 96.58 0.0824
224.98 137.09 52.72 62.60 0.0776
294.37 277.75 37.50 55.00 0.0760
806.10 307.74 35.85 42.79 0.0759
405.85 516.62 47.86 71.05 0.0719
288.74 169.52 53.34 55.67 0.0716
419.69 245.97 56.68 54.65 0.0713
130.18 180.84 52.01 45.18 0.0705
184.35 201.18 40.64 45.35 0.0705
133.63 204.88 46.80 45.06 0.0704
884.33 383.04 33.28 34.72 0.0700
882.23 76.39 28.36 42.93 0.0692
171.48 86.81 55.55 75.87 0.0686
951.01 202.64 47.37 58.03 0.0685
836.92 89.96 35.81 40.91 0.0665
980.54 212.01 37.46 64.47 0.0653
130.57 236.19 46.82 59.49 0.0650
186.16 160.05 43.94 48.75 0.0647
42.14 264.53 189.14 158.44 0.0641
988.86 148.85 20.78 22.78 0.0632
328.49 325.79 35.51 73.32 0.0628
849.17 268.85 45.30 60.99 0.0616
826.03 212.87 43.40 51.01 0.0612
878.65 146.17 21.78 26.45 0.0585
322.76 371.37 40.23 89.09 0.0578
894.00 358.01 53.57 42.99 0.0576
724.06 240.28 38.95 41.19 0.0574
334.25 263.60 25.18 53.98 0.0573
804.63 330.93 34.78 49.94 0.0562
429.72 265.43 49.43 57.00 0.0558
948.72 218.65 68.44 93.16 0.0555
330.21 305.95 32.12 56.15 0.0535
203.23 91.99 57.06 76.30 0.0530
369.04 262.34 50.42 68.25 0.0523
952.44 356.15 38.98 43.05 0.0521
919.49 111.56 19.01 30.12 0.0519
576.66 390.68 97.22 85.30 0.0511
883.73 95.11 27.59 41.50 0.0509
792.54 372.94 37.79 42.13 0.0507
