34_Baseball_Baseball_34_585
21
210.28 356.15 123.63 162.29 0.9138
665.31 95.28 142.62 208.76 0.8919
624.73 370.16 319.69 338.77 0.2223
184.09 403.08 84.23 129.73 0.1512
557.08 480.47 78.32 114.75 0.1380
145.76 477.26 55.48 73.73 0.1328
266.56 380.02 98.91 134.38 0.1069
421.74 531.01 103.15 104.81 0.0732
809.76 375.31 178.98 296.16 0.0693
204.06 83.83 306.32 373.11 0.0685
116.35 480.09 84.20 122.86 0.0684
473.50 479.98 50.66 67.20 0.0658
395.85 490.69 79.42 99.66 0.0606
502.52 479.44 58.58 82.24 0.0601
330.78 460.57 46.33 71.46 0.0597
340.31 30.50 28.65 36.25 0.0551
187.25 169.38 162.23 306.42 0.0549
227.90 459.69 76.94 85.08 0.0544
146.62 34.31 24.63 26.59 0.0540
469.18 530.87 78.03 80.74 0.0537
593.54 351.66 26.97 34.40 0.0513
