51_Dresses_wearingdress_51_140
25
142.31 378.21 215.82 579.52 0.9485
218.42 312.21 400.57 363.32 0.9228
206.70 486.66 400.92 550.44 0.6637
554.52 279.31 469.48 406.08 0.2322
309.56 339.31 423.43 581.07 0.2136
164.26 553.17 225.44 734.48 0.2029
276.53 197.67 463.54 335.38 0.1147
492.19 107.91 230.58 170.22 0.0885
520.20 516.12 368.45 575.00 0.0636
526.53 668.60 323.24 860.80 0.0629
460.23 144.71 162.57 178.75 0.0606
455.51 104.21 525.89 335.25 0.0550
339.69 534.98 357.50 794.39 0.0526
590.07 191.65 166.09 195.61 0.0508
452.73 65.72 147.92 194.50 0.0493
49.03 630.36 83.27 339.87 0.0410
116.50 612.17 167.45 771.05 0.0328
49.61 478.33 83.22 345.18 0.0327
161.53 250.57 233.25 413.68 0.0264
151.47 290.11 144.83 259.14 0.0260
825.21 313.33 124.20 285.16 0.0245
21.52 1008.26 78.60 321.36 0.0240
71.21 770.03 93.78 275.73 0.0230
76.74 549.22 98.25 302.06 0.0227
267.44 208.43 182.95 165.60 0.0207
