47_Matador_Bullfighter_matadorbullfighting_47_645
160
394.08 131.29 48.34 57.88 0.8874
531.19 145.87 42.01 60.96 0.7786
599.42 120.70 41.92 56.67 0.6834
669.14 117.08 53.34 70.28 0.6240
584.54 37.13 33.89 36.30 0.2901
189.96 381.13 60.25 107.97 0.2880
138.33 349.35 50.62 74.44 0.2362
722.98 289.79 49.29 58.28 0.2346
482.30 202.32 43.37 47.30 0.2269
623.25 201.35 40.52 46.11 0.1793
498.09 383.49 44.54 49.70 0.1727
470.73 394.54 52.99 48.36 0.1657
146.32 362.49 60.89 97.32 0.1635
582.76 393.89 28.87 38.27 0.1620
479.97 0.09 45.67 40.32 0.1596
586.07 339.78 49.51 68.36 0.1569
485.45 411.69 67.80 82.53 0.1522
225.95 399.73 82.78 124.18 0.1508
176.83 355.69 54.66 99.73 0.1491
574.78 408.24 33.65 42.47 0.1478
127.45 285.89 68.44 119.82 0.1431
794.24 45.02 39.46 54.54 0.1384
592.25 368.70 32.58 44.42 0.1382
699.73 318.89 38.82 44.39 0.1368
842.74 114.59 33.13 51.45 0.1334
5.56 145.03 19.15 30.41 0.1331
604.22 324.84 43.94 65.86 0.1329
533.63 309.30 58.27 70.26 0.1281
153.65 325.10 69.27 98.34 0.1279
505.86 366.43 42.95 49.16 0.1278
202.03 313.17 75.82 103.25 0.1267
658.28 232.13 229.03 330.52 0.1261
475.21 414.78 61.09 47.43 0.1215
867.85 403.21 127.36 86.46 0.1196
622.21 47.57 54.80 63.35 0.1168
443.89 388.48 41.62 45.82 0.1161
539.96 270.67 65.68 86.50 0.1161
509.77 169.55 54.20 71.00 0.1149
734.26 291.72 71.25 74.04 0.1145
530.91 400.96 69.05 93.57 0.1143
892.10 430.15 73.35 59.39 0.1142
553.26 254.83 59.67 52.28 0.1135
312.35 121.40 48.04 64.14 0.1132
586.92 0.00 36.73 30.05 0.1107
649.39 61.14 57.62 82.71 0.1095
540.93 345.10 55.66 69.13 0.1084
210.29 386.44 74.21 89.79 0.1082
763.62 73.86 36.14 59.47 0.1042
291.63 113.44 48.35 63.18 0.1038
758.13 96.28 39.93 61.21 0.1017
253.59 433.98 71.62 108.23 0.0997
497.50 0.00 41.68 30.86 0.0984
80.91 152.77 27.02 39.39 0.0971
724.34 123.98 40.68 64.64 0.0959
744.99 135.99 75.39 114.79 0.0957
666.24 20.19 28.76 36.14 0.0943
664.42 0.78 27.39 26.04 0.0941
800.50 100.57 45.04 60.99 0.0931
36.67 302.81 23.18 45.32 0.0920
219.62 278.21 43.76 51.96 0.0918
799.05 122.65 56.15 71.75 0.0913
732.75 225.19 43.43 41.68 0.0910
791.71 147.50 58.08 81.40 0.0908
170.65 273.73 44.38 52.80 0.0906
825.78 146.24 52.09 69.15 0.0902
113.27 263.95 34.71 68.31 0.0900
604.52 357.72 41.77 51.44 0.0895
585.21 492.55 68.95 50.03 0.0893
683.01 308.99 71.97 129.49 0.0885
732.57 175.12 45.81 58.42 0.0873
447.17 0.00 48.02 30.66 0.0861
146.45 269.50 44.54 69.81 0.0860
624.32 293.38 34.08 52.26 0.0860
657.88 358.64 54.54 80.69 0.0851
1.35 291.34 35.08 63.58 0.0816
214.87 275.37 83.70 105.97 0.0816
628.72 250.72 31.66 34.00 0.0815
716.79 85.45 47.73 77.07 0.0813
256.41 73.16 70.57 76.37 0.0813
113.84 285.96 51.53 84.55 0.0805
845.77 83.34 40.57 64.79 0.0801
569.67 163.64 58.29 59.54 0.0791
419.43 78.03 54.83 74.19 0.0790
752.42 219.63 95.54 112.14 0.0778
510.22 429.96 77.06 85.57 0.0776
606.80 5.24 52.29 60.97 0.0771
758.58 180.38 85.57 103.21 0.0769
637.85 294.15 84.34 104.75 0.0764
472.45 216.93 54.44 70.73 0.0752
456.93 284.24 70.11 80.81 0.0751
117.47 258.87 24.53 43.43 0.0743
377.26 151.97 63.85 66.37 0.0742
796.44 280.08 227.56 224.23 0.0741
660.75 295.56 119.55 199.98 0.0740
328.18 146.80 41.28 52.26 0.0732
765.92 41.81 51.51 82.99 0.0732
819.99 205.55 61.22 88.11 0.0731
658.75 40.10 40.80 52.87 0.0723
406.64 112.61 57.21 57.34 0.0719
618.68 0.00 34.94 29.88 0.0719
468.47 18.93 45.85 63.57 0.0718
716.08 233.80 71.63 84.07 0.0710
261.13 385.34 73.13 84.94 0.0710
149.74 255.20 34.18 47.28 0.0695
52.72 293.48 95.61 198.21 0.0692
798.80 0.28 38.32 23.72 0.0691
613.45 382.30 35.74 44.37 0.0681
834.24 0.00 47.32 26.84 0.0678
566.03 415.56 55.63 63.76 0.0676
699.04 280.64 51.80 59.33 0.0670
375.73 368.52 84.77 76.08 0.0658
692.63 249.26 47.98 41.39 0.0651
730.02 274.28 117.18 153.23 0.0649
648.31 240.05 45.21 46.94 0.0642
554.44 32.94 50.27 41.26 0.0639
0.00 357.43 72.78 146.05 0.0629
153.80 75.93 42.23 47.13 0.0628
395.25 84.74 51.28 80.74 0.0625
477.85 449.51 78.70 79.01 0.0619
402.33 320.19 101.75 100.96 0.0618
1.31 511.23 26.09 31.96 0.0612
627.61 266.98 36.30 45.54 0.0612
502.71 29.12 39.04 49.07 0.0607
533.62 470.05 71.01 72.29 0.0601
646.57 276.79 50.75 63.24 0.0598
439.32 221.80 44.50 40.37 0.0597
110.92 363.78 69.27 91.50 0.0597
685.84 221.05 54.29 49.33 0.0594
321.15 300.13 89.77 88.69 0.0593
324.16 335.36 61.33 69.73 0.0582
637.27 211.78 53.61 53.39 0.0581
145.22 237.69 28.37 36.41 0.0579
29.64 315.34 36.57 71.48 0.0575
328.19 184.49 49.15 60.90 0.0574
492.55 36.09 58.99 71.45 0.0571
839.19 60.56 41.42 64.76 0.0569
610.22 430.89 41.56 44.97 0.0569
995.36 20.80 28.64 39.70 0.0569
23.29 224.18 42.64 107.60 0.0566
451.52 264.31 65.60 66.67 0.0562
664.08 38.46 64.54 95.05 0.0561
796.36 188.96 65.21 74.07 0.0552
355.95 0.00 55.40 28.72 0.0548
152.46 96.17 50.13 53.41 0.0545
242.39 240.85 96.14 104.73 0.0542
330.21 366.21 59.58 65.30 0.0540
359.96 194.62 52.41 61.06 0.0535
641.08 139.65 371.05 521.35 0.0534
152.55 70.17 38.07 29.91 0.0534
438.78 196.08 46.47 49.45 0.0529
473.26 334.15 71.00 76.01 0.0528
503.72 227.49 56.89 65.79 0.0525
548.62 0.00 53.22 30.30 0.0525
552.02 79.82 65.69 82.57 0.0524
263.88 114.50 41.85 63.18 0.0516
74.10 158.25 40.59 61.68 0.0513
361.18 225.46 88.44 116.54 0.0509
425.96 175.84 43.69 43.22 0.0508
141.37 407.22 78.39 125.38 0.0507
996.57 39.64 27.43 34.03 0.0502
