4_Dancing_Dancing_4_1029
81
561.31 95.13 90.47 111.64 0.7270
304.98 62.36 113.08 129.33 0.4382
63.60 0.64 43.74 40.39 0.2618
447.58 7.32 28.16 32.30 0.2361
100.85 0.14 39.79 35.70 0.1767
66.18 14.92 55.22 55.51 0.1666
0.00 7.81 30.19 46.52 0.1578
287.92 33.01 97.62 88.20 0.1458
655.72 613.07 100.18 88.14 0.1455
239.77 6.47 48.15 45.27 0.1442
574.75 35.31 87.63 69.77 0.1397
583.57 74.13 105.62 111.96 0.1396
226.34 26.03 36.21 39.61 0.1336
393.46 30.14 58.16 84.35 0.1266
96.87 29.11 46.52 42.78 0.1240
191.88 2.40 29.85 37.88 0.1184
40.42 0.15 51.33 37.67 0.1182
459.52 42.97 40.65 54.27 0.1153
334.04 114.62 82.12 118.11 0.1150
413.62 112.89 78.88 86.42 0.1123
441.99 13.40 48.36 66.79 0.1108
191.03 34.94 29.73 33.51 0.1061
141.98 0.00 33.92 34.62 0.1047
214.74 471.38 96.53 194.89 0.1039
615.28 137.75 81.19 92.99 0.1011
429.11 56.31 71.95 78.26 0.0998
407.99 0.44 32.36 39.59 0.0991
124.97 82.28 55.15 45.93 0.0981
297.77 396.41 101.25 149.79 0.0966
504.26 114.19 93.06 99.62 0.0965
608.55 595.01 187.90 151.79 0.0950
410.63 141.73 108.53 106.40 0.0945
227.63 82.62 91.41 77.17 0.0943
372.00 152.47 78.82 88.29 0.0929
675.38 124.99 71.19 70.05 0.0917
353.20 351.93 318.96 289.23 0.0898
982.78 1023.00 34.03 50.13 0.0860
541.31 719.88 375.70 355.12 0.0841
837.45 511.71 157.79 217.80 0.0824
325.97 371.24 69.24 99.04 0.0805
185.24 76.79 36.81 43.46 0.0787
508.86 73.15 83.54 101.39 0.0784
172.14 404.37 44.79 89.40 0.0784
274.76 0.00 74.88 50.35 0.0771
979.03 853.17 44.97 87.69 0.0765
571.87 246.49 249.99 314.12 0.0754
0.00 66.21 25.90 42.04 0.0754
177.86 100.03 54.72 49.99 0.0732
260.54 415.22 177.56 213.17 0.0719
98.98 79.94 66.77 65.08 0.0703
989.46 934.57 32.56 73.23 0.0678
66.06 74.14 78.08 54.77 0.0673
197.80 96.54 72.34 58.90 0.0669
309.92 309.18 111.96 146.83 0.0668
413.20 262.79 105.37 113.05 0.0668
141.30 37.09 42.06 42.05 0.0666
310.60 0.42 67.36 63.37 0.0648
723.22 0.00 102.95 79.11 0.0640
617.50 31.01 74.33 60.34 0.0630
660.06 122.03 120.23 179.87 0.0620
253.19 209.59 47.22 53.77 0.0615
466.95 1.13 40.64 39.77 0.0607
963.56 789.07 60.44 175.08 0.0604
232.30 128.19 96.72 66.30 0.0594
269.44 295.22 74.91 121.80 0.0570
988.71 981.38 34.05 70.79 0.0568
599.73 0.00 64.43 47.82 0.0565
392.89 325.19 65.20 86.31 0.0559
230.08 374.80 88.22 192.83 0.0557
622.56 521.86 99.02 99.49 0.0553
942.31 640.48 79.95 235.03 0.0547
477.07 145.05 111.66 103.26 0.0546
551.93 41.53 83.35 90.68 0.0543
0.00 569.48 360.19 505.52 0.0540
281.59 342.93 86.51 143.00 0.0539
0.00 108.51 25.01 51.38 0.0533
644.92 571.75 82.22 77.20 0.0532
374.82 249.55 94.73 137.05 0.0520
38.10 596.17 193.36 148.96 0.0513
355.85 0.00 64.84 65.03 0.0513
406.01 381.98 114.00 121.36 0.0505
