4_Dancing_Dancing_4_378
56
777.13 89.15 70.97 89.64 0.8891
674.68 49.85 81.36 87.04 0.8480
152.34 63.74 92.77 119.26 0.3871
210.84 33.54 47.64 79.08 0.2529
620.42 386.95 25.18 48.22 0.1742
505.08 465.25 54.81 96.10 0.1566
696.89 72.77 87.24 99.23 0.1505
283.10 64.47 198.15 336.18 0.1311
148.37 14.15 40.54 46.81 0.1271
178.36 21.08 41.79 46.54 0.1188
514.49 451.15 87.94 136.65 0.1145
472.49 461.32 43.53 106.66 0.1070
249.84 45.05 34.41 55.20 0.1042
587.43 399.31 33.67 72.26 0.1040
336.75 105.86 117.85 201.71 0.1000
403.23 99.03 98.89 148.81 0.0928
1.86 657.05 86.16 72.07 0.0908
293.75 0.00 30.67 29.89 0.0848
214.63 0.00 37.70 34.01 0.0836
400.18 473.83 88.24 117.95 0.0822
0.99 108.00 30.49 77.73 0.0818
87.31 116.16 115.11 97.95 0.0789
558.43 379.74 22.74 43.75 0.0750
861.46 290.15 82.93 154.20 0.0719
352.39 8.68 143.98 201.90 0.0709
548.89 393.42 49.28 102.70 0.0688
59.06 77.20 92.99 98.69 0.0664
698.17 242.74 275.19 525.26 0.0635
779.27 171.35 150.52 293.01 0.0632
555.14 389.71 81.60 144.13 0.0631
120.22 38.45 65.40 59.57 0.0630
122.43 25.54 50.74 42.25 0.0629
883.35 269.03 59.31 101.04 0.0626
258.75 0.00 34.14 29.49 0.0621
293.47 18.42 40.30 58.54 0.0618
57.62 168.17 108.68 119.68 0.0614
945.85 520.32 39.38 64.90 0.0609
768.31 121.81 80.59 131.36 0.0608
950.53 603.27 37.95 62.79 0.0600
820.40 415.18 132.03 254.51 0.0598
33.05 165.77 63.10 84.95 0.0596
296.31 103.77 91.97 89.68 0.0594
627.97 60.88 100.10 92.07 0.0581
50.90 155.01 76.17 76.84 0.0568
924.84 621.91 22.75 43.44 0.0562
348.25 40.31 89.25 119.23 0.0559
557.21 384.49 32.98 69.39 0.0551
293.30 70.75 46.07 81.61 0.0543
687.96 107.98 119.25 123.63 0.0537
41.38 202.81 52.07 88.68 0.0534
262.28 126.14 150.45 186.26 0.0525
755.27 151.21 101.99 203.01 0.0523
405.91 0.00 44.74 38.29 0.0515
249.12 60.95 39.24 73.81 0.0508
617.92 355.22 34.44 68.51 0.0508
434.01 412.21 45.54 104.61 0.0508
