55_Sports_Coach_Trainer_sportcoaching_55_951
17
359.13 54.49 486.40 142.62 0.1994
536.59 122.39 487.41 140.36 0.0699
181.84 57.10 400.25 123.12 0.0524
125.98 45.93 226.43 131.87 0.0509
370.94 90.23 389.25 214.69 0.0401
542.68 70.12 481.32 107.68 0.0373
44.02 0.00 279.50 142.83 0.0363
39.65 5.19 101.38 38.46 0.0360
88.89 164.44 171.95 214.56 0.0342
60.57 15.79 116.89 38.68 0.0342
80.79 23.97 440.41 86.82 0.0280
140.58 176.24 356.89 184.52 0.0279
5.81 44.31 227.50 192.07 0.0240
496.43 148.19 338.55 230.81 0.0216
0.00 25.41 59.14 45.69 0.0213
203.26 123.73 376.80 139.85 0.0210
19.50 51.92 82.59 85.62 0.0204
