47_Matador_Bullfighter_matadorbullfighting_47_561
92
217.96 2.12 51.38 50.31 0.5833
179.81 0.00 53.40 55.29 0.4080
108.21 475.22 72.68 89.29 0.2967
470.37 495.99 28.72 31.71 0.2545
446.30 517.41 32.04 34.09 0.2211
154.60 0.00 56.51 57.70 0.1550
61.13 18.68 70.32 69.96 0.1532
69.30 4.79 52.48 42.18 0.1512
451.07 497.86 38.69 35.16 0.1497
702.61 218.82 68.44 71.61 0.1455
394.88 546.05 33.11 28.68 0.1389
166.23 76.92 59.28 82.44 0.1346
587.76 279.65 43.54 56.19 0.1341
548.52 490.98 52.43 63.71 0.1312
469.24 547.34 35.22 42.50 0.1309
449.95 531.49 40.23 41.45 0.1263
611.87 250.77 97.12 119.74 0.1208
408.87 526.20 28.93 32.17 0.1161
647.06 29.62 48.28 65.91 0.1127
375.24 548.94 38.68 28.82 0.1124
178.59 58.21 90.36 105.44 0.1073
211.81 38.34 112.63 111.40 0.1067
872.86 5.04 36.27 43.65 0.1050
68.40 493.08 112.88 104.43 0.1013
111.79 454.18 131.75 127.36 0.1012
673.84 28.93 55.05 68.03 0.0981
542.88 498.16 78.27 104.93 0.0976
396.06 69.02 83.73 61.31 0.0947
799.47 37.45 65.27 83.80 0.0936
283.47 29.85 66.23 60.26 0.0935
148.35 31.56 45.60 56.30 0.0906
507.15 498.21 72.60 83.44 0.0895
0.00 497.45 31.74 57.32 0.0887
514.98 222.83 110.14 135.05 0.0874
678.67 235.55 94.86 116.97 0.0848
0.00 0.00 45.82 61.63 0.0814
264.98 648.89 70.03 57.32 0.0807
73.29 424.53 133.44 104.15 0.0788
462.93 473.90 40.76 59.56 0.0776
370.78 523.77 32.30 35.04 0.0774
727.09 228.13 69.84 86.19 0.0768
217.98 24.00 79.51 71.40 0.0741
191.72 637.60 81.04 65.76 0.0735
382.40 16.33 85.96 47.01 0.0734
399.68 566.00 32.69 37.75 0.0716
346.80 0.00 73.70 48.20 0.0708
182.45 495.00 75.92 71.98 0.0705
290.34 551.88 43.94 43.16 0.0699
534.55 0.00 83.12 43.28 0.0695
588.69 0.00 412.49 362.66 0.0693
371.89 565.53 47.54 37.83 0.0688
30.48 528.65 79.18 59.89 0.0686
173.16 140.64 86.76 81.13 0.0683
445.27 464.49 41.04 44.01 0.0680
179.39 223.61 305.56 293.53 0.0673
3.57 530.87 32.70 45.65 0.0673
28.83 493.27 66.42 78.30 0.0669
111.65 117.89 60.59 81.72 0.0667
839.78 529.92 116.62 111.49 0.0665
572.32 515.08 108.43 112.37 0.0664
446.58 557.48 48.73 43.87 0.0663
546.59 460.19 41.46 43.62 0.0655
355.25 64.13 122.78 104.24 0.0647
364.47 455.46 33.72 42.78 0.0620
410.56 639.18 65.00 60.36 0.0613
620.62 230.80 71.26 86.87 0.0613
611.13 507.68 146.39 144.10 0.0612
244.89 461.44 82.51 73.56 0.0603
321.53 550.94 36.78 41.00 0.0600
407.31 495.08 31.27 36.92 0.0591
717.27 252.25 72.47 129.34 0.0591
382.49 0.02 67.55 46.59 0.0587
180.87 438.56 97.48 102.45 0.0586
601.27 0.00 215.21 250.58 0.0583
144.60 128.90 77.53 100.18 0.0578
404.82 592.72 49.70 43.85 0.0577
887.78 396.01 53.88 66.21 0.0573
260.33 538.19 61.94 59.11 0.0570
335.79 435.33 63.92 58.56 0.0569
252.38 510.44 57.40 59.12 0.0565
0.00 22.64 35.95 61.62 0.0561
678.47 425.04 57.99 49.12 0.0558
263.76 566.99 63.60 55.46 0.0552
218.41 571.50 46.25 49.03 0.0537
0.00 297.75 223.03 219.47 0.0535
266.70 594.43 72.10 65.00 0.0531
293.14 0.00 74.81 43.62 0.0527
609.00 3.48 55.15 52.09 0.0525
567.13 265.30 99.26 112.29 0.0522
43.88 537.39 99.53 72.45 0.0518
358.40 40.59 116.59 69.72 0.0504
488.42 634.73 72.21 47.92 0.0503
