47_Matador_Bullfighter_matadorbullfighting_47_710
157
508.32 320.22 76.98 83.23 0.4966
866.05 66.95 36.15 49.42 0.3725
851.25 68.48 36.27 45.56 0.3649
501.58 602.89 69.99 141.73 0.2928
925.66 38.48 18.46 30.48 0.2635
528.85 559.19 105.28 202.28 0.2567
513.76 348.42 54.38 81.63 0.2455
520.27 486.39 29.29 44.73 0.2444
738.88 73.65 26.82 29.44 0.2335
557.69 106.11 20.07 31.22 0.2312
926.17 7.93 16.09 26.56 0.2280
690.40 105.56 34.02 35.61 0.2068
555.58 81.04 24.73 35.76 0.2057
957.80 46.92 19.80 40.41 0.2049
666.81 112.70 34.73 35.23 0.1997
959.11 4.47 16.29 22.58 0.1891
586.66 76.14 26.68 35.46 0.1889
703.01 38.59 22.50 29.73 0.1816
954.74 62.33 21.88 39.29 0.1799
586.54 105.12 27.85 34.73 0.1785
451.80 283.90 126.09 135.77 0.1778
800.02 109.17 29.53 31.52 0.1764
695.27 84.76 28.17 42.16 0.1751
993.40 38.18 21.16 42.25 0.1735
511.43 234.95 48.97 57.18 0.1730
446.84 118.07 21.81 25.29 0.1692
403.88 114.11 27.85 22.04 0.1690
773.53 105.62 31.75 33.90 0.1685
481.30 109.59 20.27 26.66 0.1624
629.11 4.17 21.11 31.71 0.1582
801.67 78.10 28.54 35.22 0.1556
522.34 115.74 19.14 27.31 0.1548
735.36 47.87 28.04 44.92 0.1532
772.61 80.05 31.98 36.79 0.1501
996.50 3.09 19.24 32.72 0.1421
705.64 9.23 22.95 27.19 0.1395
370.12 116.66 30.56 21.77 0.1389
926.58 70.70 23.21 35.05 0.1383
848.67 4.07 23.62 28.31 0.1360
733.02 5.79 26.68 26.28 0.1279
572.31 43.02 42.80 52.19 0.1273
953.93 148.46 31.22 35.35 0.1252
552.49 44.15 33.67 41.27 0.1231
400.05 149.48 33.23 32.56 0.1174
546.51 500.11 40.55 50.45 0.1168
996.19 64.67 21.15 43.55 0.1166
483.95 79.59 22.85 32.27 0.1160
553.53 285.04 62.57 62.64 0.1131
690.52 117.26 50.02 63.66 0.1128
812.51 3.13 21.68 26.02 0.1127
883.70 0.61 22.41 29.17 0.1106
771.83 4.69 23.88 24.80 0.1078
767.18 44.31 31.14 40.34 0.1072
994.11 140.89 27.71 45.77 0.1063
374.53 150.94 31.60 34.95 0.1057
924.22 112.73 16.93 28.37 0.1051
511.92 6.41 30.43 32.41 0.1037
325.44 719.01 181.40 192.68 0.1035
625.48 35.56 25.92 39.30 0.1027
666.97 3.85 23.89 29.07 0.1001
957.38 110.27 22.68 32.86 0.0998
666.95 82.61 33.53 48.59 0.0995
515.22 36.95 25.98 32.39 0.0990
661.53 119.02 44.96 55.12 0.0985
383.62 41.32 51.01 41.53 0.0976
626.02 116.29 32.62 36.01 0.0975
339.72 113.06 27.43 21.27 0.0974
577.35 0.00 38.38 41.66 0.0970
441.27 137.84 29.87 38.44 0.0949
736.89 103.79 35.12 35.95 0.0945
401.51 184.49 31.79 31.49 0.0931
519.53 77.99 24.12 33.90 0.0928
540.52 475.44 55.16 61.57 0.0921
996.34 112.85 23.88 44.76 0.0920
481.10 5.00 31.53 32.39 0.0905
565.56 474.76 57.37 62.41 0.0898
667.85 38.02 29.47 37.02 0.0896
481.10 485.04 23.59 30.77 0.0879
441.20 235.40 109.68 96.19 0.0872
397.74 5.28 38.74 28.91 0.0867
36.64 73.10 345.31 338.58 0.0867
920.99 139.20 28.69 43.68 0.0852
574.24 561.56 73.70 149.47 0.0847
388.80 69.41 46.14 43.57 0.0843
373.30 170.50 36.25 40.45 0.0840
518.97 140.36 26.90 39.84 0.0839
485.55 508.39 21.40 35.25 0.0837
409.28 213.79 61.17 59.24 0.0822
810.68 46.78 22.80 35.63 0.0818
160.09 135.85 195.03 187.04 0.0816
506.60 549.95 65.46 134.37 0.0814
251.15 6.76 77.50 54.30 0.0804
536.31 308.40 74.85 69.92 0.0799
333.41 77.25 33.20 27.77 0.0784
548.50 2.91 37.15 35.63 0.0781
518.99 413.65 51.34 68.91 0.0776
803.37 129.86 34.28 50.26 0.0766
438.85 73.73 28.87 33.65 0.0763
891.18 726.21 29.91 50.21 0.0758
72.13 75.77 32.53 31.67 0.0740
530.85 221.25 53.70 65.33 0.0737
483.20 36.95 29.19 36.74 0.0736
628.39 68.11 25.23 36.68 0.0735
352.33 67.43 52.95 39.03 0.0735
571.95 665.63 66.21 126.80 0.0734
478.42 146.34 31.73 42.16 0.0718
577.08 224.30 37.88 44.84 0.0713
175.65 6.92 61.33 52.25 0.0706
515.29 515.62 33.66 69.20 0.0703
491.20 627.31 46.85 111.07 0.0699
943.76 318.39 80.24 137.66 0.0697
397.23 215.21 46.85 42.28 0.0688
332.17 148.07 36.10 44.12 0.0682
607.27 485.81 56.83 69.01 0.0674
444.24 474.09 24.75 34.56 0.0673
552.46 137.33 27.83 42.03 0.0670
30.57 0.00 48.68 51.96 0.0667
5.37 4.65 33.22 49.89 0.0658
975.86 168.39 47.04 75.92 0.0651
473.10 212.53 54.54 60.19 0.0649
356.77 43.81 55.67 49.40 0.0647
899.17 164.82 51.09 68.10 0.0636
435.44 39.17 35.69 37.11 0.0635
375.76 233.88 189.59 195.36 0.0631
356.60 6.36 51.20 36.07 0.0631
514.46 177.20 33.56 49.93 0.0614
621.97 137.01 34.96 43.52 0.0612
268.15 31.00 57.39 55.72 0.0611
438.02 0.61 36.47 34.05 0.0607
612.44 525.56 44.58 72.35 0.0606
57.65 0.00 59.89 53.34 0.0603
479.62 173.76 39.63 47.33 0.0590
782.09 681.59 46.94 70.08 0.0583
543.46 514.51 54.30 104.64 0.0581
944.39 154.50 58.89 71.28 0.0575
477.65 687.73 56.69 107.02 0.0574
886.97 743.10 27.92 63.69 0.0574
426.65 179.53 42.06 47.40 0.0570
531.98 366.49 110.06 129.64 0.0560
33.73 30.66 37.49 48.14 0.0556
229.14 106.69 86.49 94.00 0.0550
903.12 719.89 38.24 71.14 0.0548
875.95 128.51 46.94 67.53 0.0542
586.09 135.67 28.92 43.14 0.0541
249.36 158.02 120.69 124.69 0.0528
319.51 171.59 54.08 56.85 0.0527
604.12 459.32 70.33 61.57 0.0526
330.26 43.08 55.68 47.84 0.0525
638.38 470.33 47.89 56.19 0.0523
201.86 26.63 65.13 72.05 0.0522
65.25 42.77 46.54 62.09 0.0521
173.91 26.27 51.88 59.23 0.0515
155.46 82.99 166.58 153.76 0.0509
0.00 403.37 159.77 361.52 0.0505
559.28 417.21 89.20 107.17 0.0505
912.61 687.81 35.47 78.83 0.0502
765.94 114.92 54.04 67.33 0.0501
