47_Matador_Bullfighter_matadorbullfighting_47_207
71
464.22 478.61 62.72 82.37 0.2286
548.83 421.57 68.54 81.12 0.1715
554.33 395.20 46.74 60.63 0.1550
466.62 436.72 63.98 92.70 0.1476
41.95 342.05 41.02 93.89 0.1470
582.84 399.44 33.52 51.45 0.1425
142.87 395.99 62.63 92.03 0.1342
404.82 436.27 42.60 53.03 0.1333
241.53 428.06 86.90 81.43 0.1321
435.20 418.38 56.57 76.56 0.1276
686.41 779.30 50.96 80.47 0.1268
593.17 781.40 21.84 41.44 0.1257
353.73 443.67 44.72 44.60 0.1250
46.28 301.34 26.83 68.35 0.1210
54.76 362.29 47.52 78.76 0.1179
483.95 343.71 29.22 51.79 0.1132
170.17 407.66 99.34 101.19 0.1127
809.01 447.87 66.05 69.50 0.1107
436.08 471.04 97.49 157.44 0.1027
500.87 379.34 41.99 72.63 0.1021
657.92 427.47 25.83 48.34 0.1021
663.50 401.77 19.33 30.41 0.0967
557.39 502.72 69.60 103.53 0.0949
393.65 448.54 60.51 82.75 0.0934
475.11 380.61 43.16 81.74 0.0931
335.53 451.31 70.10 79.17 0.0893
772.84 450.98 25.32 43.72 0.0885
820.48 443.69 92.29 100.79 0.0885
506.95 338.93 30.97 52.04 0.0876
202.18 382.52 171.93 198.06 0.0873
330.02 448.71 50.42 44.44 0.0831
703.14 806.10 53.64 78.02 0.0827
301.01 626.58 141.90 206.97 0.0824
535.03 494.09 65.94 138.11 0.0820
3.00 55.22 26.06 116.40 0.0812
404.09 402.28 57.86 72.54 0.0783
592.97 744.37 23.29 57.20 0.0778
603.49 436.88 45.13 55.46 0.0763
94.30 409.78 129.50 155.90 0.0750
284.80 440.21 67.28 54.97 0.0745
0.00 0.60 34.48 137.25 0.0735
63.83 300.17 33.94 60.53 0.0695
582.24 823.04 36.96 73.69 0.0689
330.32 506.69 79.73 93.23 0.0669
767.65 422.29 160.78 209.63 0.0663
309.74 550.58 104.83 127.34 0.0659
33.49 392.51 76.52 108.82 0.0653
736.50 442.49 29.33 50.18 0.0648
388.98 489.84 85.33 121.64 0.0625
277.71 448.40 91.69 105.27 0.0621
740.35 400.14 19.71 31.45 0.0618
254.96 655.37 123.64 256.01 0.0611
591.42 527.86 62.18 75.75 0.0611
0.00 358.98 33.33 100.22 0.0601
103.86 394.06 42.27 74.17 0.0595
196.70 544.91 129.32 148.78 0.0569
648.85 503.96 110.96 104.54 0.0563
700.15 434.11 32.03 52.24 0.0562
590.90 739.50 78.66 119.24 0.0556
656.89 753.79 88.67 179.78 0.0537
472.46 606.26 66.24 91.18 0.0537
546.58 806.58 47.35 91.03 0.0534
626.35 399.48 23.33 33.56 0.0530
253.43 784.92 129.48 194.90 0.0530
598.10 469.43 50.24 70.35 0.0526
0.00 310.04 28.37 104.27 0.0521
756.22 453.06 47.81 71.34 0.0520
136.86 408.80 148.43 199.88 0.0512
941.67 429.40 68.28 83.71 0.0508
287.57 610.21 111.70 144.07 0.0502
69.87 421.66 83.65 97.22 0.0500
