8_Election_Campain_Election_Campaign_8_236
18
595.49 348.76 428.51 279.26 0.3790
180.27 359.02 441.70 272.13 0.3467
606.95 217.13 417.05 276.02 0.2869
179.52 361.78 155.69 262.91 0.2341
506.17 123.77 517.83 200.33 0.1581
434.66 339.82 371.02 303.29 0.1359
117.02 354.89 138.47 271.90 0.1330
607.24 49.08 416.76 113.70 0.0705
61.47 352.07 100.76 274.13 0.0494
0.52 0.75 66.84 68.22 0.0413
402.24 76.72 441.68 180.25 0.0412
11.39 406.23 44.87 244.77 0.0404
630.13 5.33 393.87 62.40 0.0353
282.28 135.04 388.60 180.26 0.0289
408.00 138.27 429.66 296.55 0.0273
19.89 34.82 35.12 124.84 0.0245
19.30 313.57 31.16 226.90 0.0236
18.55 75.22 36.44 174.58 0.0223
