8_Election_Campain_Election_Campaign_8_452
16
614.13 306.97 409.87 271.15 0.6615
107.99 420.11 144.47 262.89 0.5999
158.02 425.34 194.69 257.66 0.5850
56.30 400.47 111.64 282.53 0.5578
14.24 409.66 47.29 273.34 0.4494
206.62 424.22 386.72 258.78 0.3318
361.10 372.94 374.68 280.30 0.2761
273.86 304.41 259.39 287.73 0.0648
552.83 418.38 430.17 264.62 0.0594
19.58 362.76 39.35 170.56 0.0518
637.52 196.99 386.48 245.21 0.0450
617.52 35.02 406.48 142.41 0.0328
635.11 0.00 388.89 76.20 0.0324
64.65 359.45 83.76 180.04 0.0297
0.00 0.00 149.64 103.03 0.0291
169.75 320.37 169.52 259.81 0.0289
