19_Couple_Couple_19_1014
33
212.68 418.07 107.07 169.56 0.7335
690.82 243.09 198.08 214.78 0.6340
191.83 732.21 210.29 323.79 0.5790
333.95 340.58 230.98 238.39 0.4478
385.15 338.20 280.29 352.16 0.2976
424.82 475.71 309.09 417.54 0.2195
322.44 375.00 124.30 193.35 0.1845
866.12 802.44 80.91 148.55 0.1265
278.13 669.02 194.21 422.71 0.1121
411.85 767.51 67.02 165.73 0.1114
178.06 262.98 67.77 98.17 0.1082
597.26 216.62 301.79 461.86 0.1023
30.11 267.03 44.90 74.87 0.0983
317.14 483.98 84.66 154.07 0.0974
441.01 652.15 214.27 282.73 0.0964
380.41 739.65 84.13 244.46 0.0948
41.10 239.74 60.38 97.33 0.0861
779.71 801.93 165.30 183.88 0.0810
360.55 261.33 226.88 211.51 0.0790
402.67 1129.71 75.99 107.29 0.0733
10.17 261.91 46.69 75.45 0.0726
491.74 753.43 131.78 204.75 0.0646
260.94 248.55 164.28 333.95 0.0646
997.03 281.81 26.97 108.95 0.0623
547.75 805.61 80.37 103.22 0.0610
176.20 285.93 96.09 150.45 0.0610
436.54 749.94 100.66 239.64 0.0587
155.74 194.20 117.66 168.05 0.0578
475.62 263.45 265.56 360.06 0.0568
373.27 926.28 139.23 307.97 0.0567
665.25 292.50 65.16 132.96 0.0539
997.17 243.03 26.83 96.80 0.0511
97.65 953.66 138.58 254.20 0.0503
