14_Traffic_Traffic_14_253
32
299.90 113.46 111.99 135.81 0.799111
212.14 268.19 92.46 132.36 0.197694
752.05 192.44 98.63 62.46 0.151708
353.44 99.07 108.00 143.95 0.107302
357.40 9.41 60.95 44.08 0.103775
197.88 468.39 33.37 60.28 0.101473
243.82 276.65 69.97 83.52 0.091614
700.00 189.94 183.45 119.18 0.085716
194.95 493.77 32.34 55.67 0.083978
343.76 303.16 116.44 150.36 0.079805
748.76 221.28 78.87 60.95 0.079545
321.80 216.27 49.06 60.20 0.076857
199.63 377.52 51.28 77.81 0.073319
326.56 1.77 71.80 51.53 0.070369
153.34 530.55 60.43 90.48 0.066135
199.80 411.63 33.80 55.42 0.065428
139.33 636.66 42.96 40.52 0.063327
278.95 257.73 142.18 183.57 0.062616
213.31 360.45 64.99 109.20 0.060938
646.36 178.77 306.89 244.48 0.057352
716.64 217.82 73.74 45.41 0.057157
364.93 185.03 88.79 72.55 0.056106
233.42 100.65 106.67 161.53 0.055555
473.10 362.57 65.36 107.86 0.053530
232.58 412.51 39.60 75.06 0.053370
152.05 480.28 60.99 87.98 0.053182
150.38 445.48 58.15 74.69 0.052093
722.94 244.02 112.61 67.40 0.051210
344.31 65.38 73.95 92.82 0.051132
226.18 437.45 46.13 92.85 0.051029
513.29 451.04 37.46 58.57 0.050306
421.43 238.35 43.50 49.74 0.050193
