52_Photographers_photographertakingphoto_52_61
15
422.32 237.92 182.32 217.22 0.5862
245.41 154.97 56.06 53.22 0.1642
77.30 225.06 256.92 392.91 0.1462
234.42 122.75 92.45 98.56 0.1459
214.34 150.57 94.39 110.84 0.1412
178.88 302.23 154.15 252.43 0.1011
500.81 189.52 164.70 248.03 0.0811
285.70 147.78 88.14 101.31 0.0787
535.28 131.61 151.04 165.45 0.0785
417.42 158.81 156.37 135.24 0.0668
602.72 61.79 134.77 238.57 0.0645
668.17 173.48 84.98 120.16 0.0643
451.99 9.76 263.77 230.67 0.0633
686.03 369.15 43.32 72.24 0.0581
285.92 98.44 142.47 124.23 0.0535
