52_Photographers_taketouristphotos_52_281
142
407.77 651.28 41.60 65.61 0.3656
692.73 750.08 132.71 157.03 0.3321
530.30 217.71 82.28 177.73 0.2523
883.89 742.60 45.48 55.74 0.2499
480.30 726.83 60.11 111.04 0.2024
357.43 732.76 34.82 51.75 0.1781
148.90 673.60 34.76 64.27 0.1734
742.26 536.20 58.48 75.03 0.1711
643.07 762.33 102.87 169.79 0.1702
81.88 491.11 42.99 104.62 0.1664
108.96 670.22 36.44 73.76 0.1640
769.85 309.35 46.76 106.79 0.1627
607.12 749.05 54.37 98.73 0.1592
403.66 405.01 23.99 41.32 0.1396
646.12 679.41 142.89 208.32 0.1395
76.20 668.28 45.46 111.86 0.1378
110.14 762.28 32.22 57.96 0.1374
767.45 514.35 35.70 54.93 0.1373
104.46 706.58 47.75 113.05 0.1360
262.59 222.48 120.92 114.45 0.1296
432.92 718.12 39.09 61.14 0.1294
79.03 707.69 54.36 137.04 0.1283
78.11 646.64 33.12 80.64 0.1278
658.12 660.83 132.01 111.70 0.1233
617.19 77.95 37.70 42.74 0.1211
639.85 486.70 74.75 115.71 0.1198
599.62 480.44 87.52 127.08 0.1198
331.52 693.15 40.25 55.82 0.1189
740.20 512.80 51.38 68.57 0.1179
330.85 102.88 49.93 67.13 0.1141
132.80 700.83 51.69 94.63 0.1110
401.52 711.30 41.42 63.78 0.1106
548.89 652.60 55.73 84.93 0.1103
174.33 298.03 38.17 48.09 0.1096
400.79 747.10 37.57 60.80 0.1096
552.18 277.92 67.41 154.53 0.1083
806.74 353.62 46.32 86.55 0.1072
428.48 733.72 48.16 83.51 0.1069
404.02 572.88 33.42 53.98 0.1060
830.82 296.14 45.15 106.91 0.1053
592.35 697.65 76.12 124.98 0.1051
289.97 705.51 61.05 58.77 0.1050
644.26 603.54 69.96 94.00 0.1027
371.73 602.79 43.25 70.75 0.1023
496.48 683.49 50.69 78.45 0.1017
655.86 456.26 87.09 100.06 0.1015
294.08 690.47 43.74 52.53 0.0994
822.26 658.25 51.76 66.03 0.0986
644.55 840.69 71.50 106.11 0.0953
100.10 554.34 37.82 75.36 0.0951
325.64 650.81 39.90 51.57 0.0941
528.68 397.37 49.50 80.00 0.0940
238.98 680.11 52.89 70.27 0.0929
629.38 538.83 81.92 135.24 0.0922
556.82 665.47 77.99 118.96 0.0912
736.79 563.15 70.38 104.02 0.0907
537.48 83.66 85.45 73.38 0.0904
738.79 311.99 49.29 97.33 0.0902
569.60 78.24 53.91 43.74 0.0897
499.11 403.11 51.93 78.26 0.0892
684.96 854.45 99.15 103.29 0.0889
657.93 302.54 43.40 100.40 0.0885
236.65 708.73 74.43 63.70 0.0883
473.03 610.34 50.51 68.26 0.0881
546.05 612.81 56.00 81.05 0.0881
466.86 686.49 51.45 80.47 0.0878
773.18 486.58 26.33 45.35 0.0876
142.33 603.73 40.16 63.82 0.0870
626.87 368.42 64.74 91.55 0.0867
715.04 879.60 118.31 94.23 0.0852
354.05 94.63 54.30 65.15 0.0850
370.39 582.37 31.75 59.10 0.0841
143.91 758.66 35.36 53.02 0.0837
155.95 437.22 31.68 60.59 0.0834
672.12 496.74 63.62 74.36 0.0829
393.34 745.90 58.48 99.49 0.0827
433.18 754.36 62.22 89.54 0.0825
248.10 448.47 44.25 100.09 0.0817
439.33 465.03 26.41 44.62 0.0815
783.64 518.84 58.29 77.17 0.0814
323.99 611.03 40.17 55.39 0.0813
543.09 535.79 81.16 120.59 0.0813
352.84 757.94 55.21 87.22 0.0796
567.24 455.98 158.13 252.47 0.0796
581.10 575.75 120.03 152.16 0.0789
668.10 566.50 76.66 81.43 0.0779
809.47 617.95 56.03 76.57 0.0777
296.48 658.99 58.55 73.19 0.0773
716.14 631.40 74.83 81.98 0.0769
791.40 706.50 66.87 80.79 0.0768
607.06 396.83 52.80 86.19 0.0761
488.79 625.49 59.66 92.72 0.0754
601.15 345.92 68.59 109.19 0.0745
599.24 848.83 78.32 109.68 0.0741
690.07 314.16 44.79 100.79 0.0730
162.94 321.00 56.73 86.69 0.0728
526.50 706.90 74.97 153.46 0.0725
212.28 445.50 90.26 189.78 0.0713
425.27 588.58 42.40 70.57 0.0707
325.48 446.55 34.84 54.12 0.0697
635.39 330.35 58.60 96.69 0.0696
160.18 311.27 46.00 58.90 0.0674
148.55 723.29 66.29 88.48 0.0666
585.37 639.62 87.85 105.45 0.0663
186.59 271.32 75.67 62.72 0.0661
468.36 791.88 76.53 106.02 0.0659
361.65 78.83 53.96 54.11 0.0655
108.81 603.85 41.77 91.19 0.0654
468.97 893.74 82.66 85.15 0.0650
734.10 478.21 42.69 51.45 0.0646
581.36 371.11 49.32 99.40 0.0645
75.94 437.94 36.04 106.68 0.0644
176.40 421.67 33.37 62.60 0.0638
222.95 121.76 210.01 267.15 0.0632
435.89 394.53 37.22 49.01 0.0631
430.51 807.38 86.82 121.63 0.0616
373.95 781.47 85.57 154.48 0.0615
869.79 703.79 53.91 84.87 0.0607
260.11 434.28 36.59 75.73 0.0607
795.64 569.46 65.77 74.57 0.0606
588.90 445.36 60.59 89.95 0.0598
363.67 692.03 40.86 61.44 0.0597
726.19 645.37 101.29 105.94 0.0590
937.75 740.97 69.44 118.48 0.0590
839.79 523.39 45.38 85.15 0.0586
763.81 849.37 83.27 75.37 0.0577
888.19 699.09 59.82 105.78 0.0576
443.82 874.42 73.82 79.44 0.0571
482.65 579.23 63.85 93.08 0.0565
840.95 754.58 45.90 57.09 0.0562
843.55 496.84 37.29 70.84 0.0558
148.06 648.82 59.61 104.58 0.0558
532.50 122.40 96.15 138.87 0.0555
514.96 436.05 91.31 199.64 0.0549
317.75 721.55 59.91 88.27 0.0547
815.10 538.43 77.55 112.53 0.0547
94.72 439.83 46.44 104.71 0.0544
226.94 430.95 36.21 70.18 0.0529
836.75 844.76 56.39 69.14 0.0520
593.62 75.73 68.57 74.99 0.0520
296.58 591.24 58.46 75.35 0.0519
833.25 781.71 45.00 62.71 0.0518
