22_Picnic_Picnic_22_152
21
616.54 379.51 407.46 388.49 0.6070
370.18 493.01 354.64 274.99 0.3134
112.92 263.61 142.00 302.66 0.1641
172.68 220.09 166.65 261.83 0.1589
211.08 441.51 384.14 326.49 0.1459
182.67 209.90 429.39 283.80 0.1248
538.79 168.30 485.21 183.51 0.1183
157.72 455.28 198.98 312.72 0.0954
127.70 361.20 115.63 406.80 0.0929
489.21 185.49 412.13 315.46 0.0881
300.17 349.46 349.00 309.82 0.0765
498.02 347.47 394.15 305.12 0.0611
68.51 273.80 99.06 288.55 0.0512
4.35 453.14 69.44 314.86 0.0469
79.05 369.53 74.71 398.47 0.0413
356.24 169.58 387.67 218.13 0.0327
3.18 297.08 70.13 248.15 0.0286
603.47 15.54 420.53 56.75 0.0263
587.01 58.50 436.99 112.76 0.0252
17.00 346.29 40.74 307.35 0.0239
22.05 234.54 30.77 230.53 0.0220
