61_Street_Battle_streetfight_61_4
31
612.97 60.57 411.03 119.28 0.6875
635.92 91.33 388.08 202.26 0.6496
623.38 21.76 400.62 57.13 0.3713
431.92 55.63 375.02 113.98 0.2946
613.52 153.11 410.48 378.72 0.2696
378.54 25.92 344.95 46.70 0.2151
608.48 331.59 415.52 348.66 0.1977
437.78 101.46 364.66 179.77 0.1938
113.51 48.19 425.65 126.27 0.1802
163.75 56.11 186.84 112.51 0.1633
121.56 60.42 123.69 103.63 0.1416
132.51 18.84 388.90 59.60 0.1224
62.09 264.09 97.56 328.40 0.1080
104.90 277.23 147.05 297.62 0.0972
413.84 255.93 415.14 357.08 0.0852
71.41 64.32 82.91 97.96 0.0847
501.01 139.21 385.42 261.39 0.0810
87.19 20.51 191.01 53.52 0.0804
19.73 271.52 33.88 320.33 0.0750
110.31 103.79 143.59 176.14 0.0716
65.07 109.91 95.95 169.99 0.0675
5.07 4.45 60.37 75.06 0.0656
163.86 110.74 186.76 158.62 0.0646
21.84 48.93 33.70 133.54 0.0598
108.25 100.96 440.99 174.29 0.0583
19.25 95.55 35.85 204.03 0.0539
156.67 285.76 196.50 288.28 0.0532
39.19 19.06 142.63 48.28 0.0509
315.13 315.01 317.97 381.09 0.0357
5.71 502.66 56.62 286.34 0.0312
122.27 259.60 411.40 353.45 0.0287
