26_Soldier_Drilling_Soldiers_Drilling_26_390
25
432.64 411.55 372.84 244.45 0.1574
601.05 385.94 422.95 270.06 0.1378
453.79 74.39 480.01 172.20 0.1261
188.25 160.96 424.92 257.52 0.1089
421.71 46.77 399.76 114.70 0.1024
482.03 132.81 541.97 333.21 0.0992
125.72 340.42 410.46 292.05 0.0798
156.16 152.82 199.32 285.48 0.0779
111.79 333.36 143.45 307.29 0.0667
96.96 131.62 173.90 197.70 0.0667
57.70 154.03 108.41 284.04 0.0564
11.32 407.51 42.78 248.49 0.0561
103.44 205.96 160.64 295.66 0.0553
149.52 407.43 212.15 248.57 0.0549
20.33 171.17 30.32 251.32 0.0447
138.76 98.48 375.37 142.63 0.0387
410.15 122.87 425.34 210.03 0.0375
278.23 279.81 394.19 300.12 0.0369
64.22 337.77 95.93 302.03 0.0361
618.57 47.65 405.43 111.03 0.0344
372.61 14.38 354.42 51.18 0.0330
3.13 0.87 60.74 68.80 0.0330
639.34 4.45 384.66 61.81 0.0322
21.33 297.74 24.98 259.92 0.0294
121.54 44.87 407.80 108.89 0.0200
