26_Soldier_Drilling_Soldiers_Drilling_26_520
26
661.02 120.29 362.98 263.32 0.2083
146.53 249.94 515.67 284.52 0.1754
9.18 433.80 60.18 276.20 0.1719
41.59 425.68 128.65 284.32 0.1155
94.55 225.96 180.58 323.44 0.0999
622.40 423.82 401.60 286.18 0.0977
61.89 227.94 93.01 319.14 0.0867
23.53 322.45 35.76 274.93 0.0838
643.78 41.24 380.22 140.70 0.0805
83.27 430.77 196.65 279.23 0.0796
24.43 182.97 33.52 272.10 0.0638
328.37 151.60 440.70 339.21 0.0605
60.79 84.94 95.20 183.86 0.0591
136.23 287.89 239.04 329.45 0.0585
23.50 83.38 35.57 189.40 0.0504
644.95 237.83 379.05 289.74 0.0500
98.90 87.25 168.34 178.63 0.0454
660.61 0.00 363.39 90.26 0.0401
0.00 0.03 76.13 73.05 0.0384
20.53 44.32 40.15 129.45 0.0342
463.60 40.31 322.65 140.88 0.0339
407.93 379.52 429.97 294.72 0.0317
129.49 130.91 246.40 230.58 0.0315
51.38 51.22 115.09 123.67 0.0281
389.36 40.77 324.18 273.99 0.0204
84.35 54.23 191.31 120.74 0.0201
