2_Demonstration_Protesters_2_260
38
583.75 122.94 440.25 197.20 0.7391
275.21 199.24 398.23 243.42 0.6123
156.89 220.95 343.46 370.24 0.5270
55.33 321.84 102.62 348.16 0.5137
500.93 165.98 383.83 296.53 0.5034
20.21 328.42 38.38 334.20 0.4457
581.86 72.38 442.14 140.92 0.4231
103.14 243.90 157.49 341.11 0.3812
157.83 308.44 191.78 360.62 0.3605
268.53 298.68 412.41 381.19 0.3351
596.03 208.65 427.97 375.83 0.3117
157.41 204.18 194.56 240.66 0.3097
18.17 179.36 41.27 288.02 0.2682
42.99 208.89 129.40 232.54 0.2625
124.37 208.30 117.32 231.20 0.2498
159.10 133.87 328.70 226.96 0.2076
615.86 28.03 408.14 68.02 0.1880
94.77 408.74 175.45 333.96 0.1424
475.14 285.02 438.72 402.95 0.1369
12.33 120.38 58.13 220.09 0.1346
58.07 133.01 100.89 196.40 0.1265
102.30 129.72 162.54 207.46 0.1232
606.50 530.43 417.50 378.57 0.0946
148.81 383.15 364.97 385.25 0.0758
9.81 451.18 56.66 449.81 0.0693
76.98 433.71 64.92 475.29 0.0672
398.29 376.55 448.61 532.45 0.0624
14.45 64.89 50.84 143.47 0.0594
33.57 21.64 1.02 67.76 0.0513
81.68 80.26 47.97 117.35 0.0465
34.70 155.50 1.02 153.30 0.0463
356.94 157.36 386.61 184.13 0.0409
116.89 74.25 129.85 138.13 0.0352
104.72 65.62 299.33 164.15 0.0320
153.91 179.38 52.78 111.23 0.0269
125.21 483.47 121.28 425.53 0.0254
25.06 487.18 24.07 421.82 0.0239
65.84 34.57 80.63 50.81 0.0215
