2_Demonstration_Demonstrators_2_41
17
604.32 409.77 419.68 274.23 0.7648
471.45 175.44 436.85 257.07 0.3193
252.48 173.65 446.59 270.28 0.2586
434.62 399.19 375.36 284.81 0.2338
639.57 252.74 384.43 264.27 0.2014
205.41 412.93 390.44 271.07 0.2002
618.52 90.71 405.48 149.88 0.1798
128.89 412.19 106.66 271.81 0.1710
166.93 409.92 176.59 274.08 0.1486
631.35 60.38 392.65 88.38 0.1402
73.47 413.10 79.02 270.90 0.1084
5.28 434.13 70.99 249.87 0.1046
655.38 12.06 368.62 53.10 0.1031
338.21 100.32 402.60 148.43 0.0874
498.16 300.99 394.02 276.38 0.0818
171.56 177.14 181.60 274.45 0.0703
138.04 139.29 387.62 230.02 0.0602
