2_Demonstration_Political_Rally_2_114
33
599.33 242.48 424.67 228.39 0.8974
609.45 160.61 414.55 193.75 0.7781
357.95 242.33 377.21 224.98 0.7093
502.37 196.12 381.01 221.91 0.7007
130.43 201.93 393.86 206.06 0.6695
63.99 192.22 89.59 226.11 0.6262
126.87 193.61 105.25 221.88 0.6117
167.15 161.64 175.51 182.80 0.5376
150.21 241.55 210.51 225.29 0.5317
17.66 205.51 44.36 198.84 0.5312
281.61 160.69 384.69 186.87 0.5067
210.24 249.03 385.07 302.97 0.4129
206.20 140.16 391.27 120.11 0.3962
430.78 133.22 380.94 125.29 0.3800
100.70 262.38 162.91 289.62 0.2696
486.00 293.03 413.65 258.97 0.2612
139.57 138.66 81.85 129.45 0.2502
63.94 127.68 93.25 148.53 0.2107
485.20 80.41 418.15 130.53 0.1872
26.60 129.19 27.16 138.33 0.1819
57.45 261.69 113.13 288.16 0.1798
11.92 330.99 52.51 221.01 0.1226
280.56 91.60 389.04 114.86 0.1130
34.89 147.82 1.02 109.23 0.0628
603.37 5.41 420.63 50.26 0.0601
25.60 328.29 19.14 223.71 0.0594
0.00 78.79 96.19 128.29 0.0497
149.11 109.35 211.20 87.48 0.0478
117.24 93.27 125.85 114.21 0.0426
54.55 83.50 108.67 124.85 0.0407
586.40 51.09 437.60 56.73 0.0356
370.13 349.76 357.57 202.24 0.0303
588.98 22.45 435.02 6.83 0.0266
