2_Demonstration_Protesters_2_148
38
600.64 230.83 423.36 297.31 0.7784
611.15 38.11 412.85 110.23 0.4606
425.25 179.26 393.13 261.92 0.4442
621.73 17.88 402.27 46.05 0.4166
108.79 242.65 146.50 264.20 0.3472
486.72 330.21 413.46 350.79 0.3260
65.58 244.83 90.84 260.37 0.3220
179.43 238.68 151.60 268.24 0.2949
139.27 231.81 378.26 279.72 0.2589
292.19 150.19 364.88 177.43 0.2209
15.45 231.58 47.59 283.95 0.1947
118.49 147.27 129.63 182.02 0.1619
612.52 77.39 411.48 166.00 0.1384
180.78 140.02 149.78 197.40 0.1325
373.52 307.47 350.88 256.72 0.1297
178.00 91.19 448.43 156.57 0.1288
114.15 102.48 144.14 136.55 0.1235
272.88 396.56 404.64 284.44 0.0983
167.12 94.93 179.28 142.67 0.0956
60.46 140.54 104.86 200.88 0.0881
161.47 61.11 335.07 81.15 0.0860
15.78 135.52 45.75 211.80 0.0690
100.36 64.68 168.77 82.37 0.0575
69.71 112.96 89.46 114.88 0.0554
300.14 46.07 331.02 123.54 0.0421
10.75 10.68 42.21 57.18 0.0363
58.64 59.91 107.91 89.00 0.0347
178.51 27.72 301.59 38.64 0.0333
379.93 98.00 468.00 168.37 0.0321
89.44 20.98 189.92 39.57 0.0310
121.34 317.05 420.29 363.95 0.0295
36.48 138.99 1.02 207.77 0.0277
10.57 427.30 54.98 253.70 0.0264
0.00 52.89 73.47 100.47 0.0263
40.99 19.59 145.84 40.95 0.0262
173.31 392.73 171.78 288.27 0.0250
102.52 401.83 163.38 279.17 0.0236
217.04 15.78 359.70 68.12 0.0235
