2_Demonstration_Protesters_2_508
39
586.43 152.10 437.57 236.07 0.8659
627.94 307.75 396.06 293.50 0.5392
431.46 162.39 377.67 230.04 0.4966
136.26 210.19 386.06 238.93 0.4573
104.66 212.67 153.50 235.40 0.3961
62.57 210.42 99.57 238.84 0.3575
188.11 171.42 134.15 214.78 0.3051
229.41 105.03 345.15 79.75 0.3011
594.72 106.72 429.28 128.37 0.2905
339.10 132.52 412.71 165.51 0.2765
10.51 205.71 56.89 249.44 0.2065
335.47 100.41 417.67 108.16 0.1837
120.16 150.52 124.41 137.04 0.1717
142.12 150.75 374.69 133.53 0.1666
271.96 268.71 404.95 226.11 0.1456
188.64 103.93 136.70 85.64 0.1445
153.98 269.63 201.37 223.05 0.1373
112.93 96.81 145.36 111.88 0.1091
233.35 54.21 332.34 100.89 0.1085
497.17 266.78 394.26 231.95 0.1031
224.29 353.81 354.13 251.19 0.0875
157.30 61.90 196.66 75.81 0.0863
71.03 141.64 85.92 153.32 0.0860
10.43 357.21 55.42 247.79 0.0769
106.13 363.70 151.67 241.30 0.0753
77.47 284.70 74.34 320.30 0.0723
173.24 365.69 165.39 239.31 0.0681
26.07 138.00 24.65 155.68 0.0665
358.25 322.34 380.86 282.66 0.0628
119.08 54.81 130.48 81.97 0.0521
73.47 98.82 80.60 106.48 0.0438
1.23 101.23 74.52 103.46 0.0353
25.25 359.77 19.01 245.23 0.0352
15.88 5.70 28.06 59.40 0.0308
74.04 48.13 77.71 91.95 0.0286
36.01 133.67 1.02 169.45 0.0227
20.20 45.76 28.22 93.54 0.0218
73.94 18.03 218.15 42.29 0.0212
597.74 57.89 426.26 76.99 0.0203
