2_Demonstration_Demonstration_Or_Protest_2_655
41
613.27 56.87 410.73 83.04 0.6070
609.33 91.43 414.67 153.60 0.5641
616.59 20.27 407.41 42.65 0.4329
60.67 183.76 93.61 254.14 0.4019
233.77 110.77 332.84 118.56 0.3695
175.50 151.08 158.68 177.88 0.3447
15.52 174.68 48.45 270.15 0.3430
146.55 137.05 363.86 198.39 0.3248
114.80 162.71 133.42 162.48 0.3148
611.17 164.55 412.83 274.02 0.2716
466.97 53.25 310.61 93.43 0.2563
157.89 112.15 200.06 132.27 0.2375
22.79 148.72 32.72 190.28 0.2169
483.79 20.99 279.31 41.26 0.1901
370.90 103.72 356.02 132.66 0.1787
110.34 238.70 145.63 255.90 0.1777
596.84 297.75 427.16 282.49 0.1732
289.06 67.64 375.02 90.61 0.1626
147.84 223.61 217.19 287.20 0.1558
521.20 107.48 348.65 249.10 0.1514
270.68 160.33 406.40 276.69 0.1300
285.34 368.04 380.36 314.96 0.1172
5.26 428.67 66.94 254.33 0.1087
119.21 412.52 124.41 270.48 0.1002
150.69 407.51 209.83 275.50 0.1001
174.40 72.48 310.94 86.54 0.0948
66.99 398.58 89.08 284.42 0.0841
617.07 424.48 406.93 258.52 0.0701
68.24 120.28 83.50 126.43 0.0675
8.61 106.72 62.14 142.60 0.0646
511.41 226.70 369.06 285.12 0.0460
322.11 24.93 313.75 33.72 0.0455
5.29 276.72 64.72 317.63 0.0446
93.63 67.61 177.90 69.71 0.0424
217.69 298.16 371.71 278.85 0.0412
75.28 289.32 69.50 280.98 0.0411
93.43 126.41 180.91 104.81 0.0342
50.79 47.56 120.78 104.94 0.0314
0.00 56.13 75.80 89.38 0.0299
0.00 0.00 66.15 86.02 0.0259
555.78 103.77 282.00 121.98 0.0224
