10_People_Marching_People_Marching_2_822
100
507.40 140.61 83.60 112.54 0.9226
315.64 76.50 83.49 102.82 0.9225
661.37 220.41 89.45 100.51 0.8941
888.37 241.87 25.37 32.97 0.4760
161.32 142.49 31.57 36.78 0.4716
105.33 128.42 28.56 40.24 0.3210
27.79 136.54 35.74 39.50 0.3059
32.49 150.46 40.11 47.41 0.2465
835.99 252.52 28.20 36.94 0.2442
924.40 194.69 20.77 25.70 0.2066
482.91 81.78 43.47 55.77 0.1972
803.50 152.56 43.65 52.05 0.1722
912.09 390.62 65.75 65.71 0.1706
987.28 249.54 33.47 63.34 0.1684
73.02 141.49 38.64 42.61 0.1616
164.14 121.05 44.89 62.07 0.1457
13.13 140.22 34.33 33.21 0.1424
81.83 114.99 31.07 35.64 0.1405
286.95 6.82 63.14 57.75 0.1397
34.32 176.87 48.23 54.40 0.1391
921.90 210.60 23.85 30.43 0.1386
807.75 238.94 43.23 54.37 0.1322
8.38 155.24 41.14 47.36 0.1310
595.84 374.30 177.28 189.67 0.1308
175.95 51.78 30.61 58.21 0.1288
467.81 92.12 61.37 101.51 0.1188
111.01 145.83 29.75 43.84 0.1169
571.73 85.49 51.73 72.42 0.1166
4.98 176.80 38.59 58.22 0.1120
915.83 264.53 26.33 37.81 0.1114
922.28 177.07 21.65 23.90 0.1106
10.18 118.14 26.04 31.94 0.1094
107.23 12.80 22.84 38.04 0.1089
443.41 96.13 56.80 88.70 0.1087
31.26 207.41 48.44 57.14 0.1084
169.14 69.15 41.95 96.34 0.1081
60.04 183.86 49.57 61.94 0.1073
4.55 94.42 20.99 30.64 0.1012
496.64 95.41 41.21 54.81 0.1010
56.53 211.96 43.98 52.24 0.1002
916.93 237.35 27.15 36.35 0.1000
598.64 223.82 98.48 118.80 0.0994
450.03 64.21 32.50 43.84 0.0973
802.61 212.59 41.73 47.45 0.0935
810.62 359.67 68.28 129.65 0.0929
868.97 382.15 56.30 70.04 0.0914
353.96 72.55 84.38 115.43 0.0882
419.36 109.64 87.80 128.30 0.0881
48.18 22.48 16.53 21.86 0.0861
960.73 340.97 49.43 68.05 0.0840
269.96 13.85 52.96 49.07 0.0834
152.46 181.35 36.83 42.22 0.0818
787.12 50.24 66.33 125.73 0.0798
111.34 186.30 29.44 42.49 0.0794
221.26 275.02 72.96 75.67 0.0785
266.77 346.73 83.93 86.46 0.0776
100.86 98.97 31.46 37.87 0.0761
844.65 283.03 23.24 34.93 0.0759
178.31 165.38 37.61 51.27 0.0721
354.44 22.15 40.54 42.07 0.0715
814.58 267.41 39.09 53.19 0.0713
87.30 18.08 32.09 35.62 0.0691
115.34 203.67 26.48 41.55 0.0658
644.69 164.57 53.32 56.73 0.0658
957.20 237.55 46.75 75.93 0.0657
825.21 179.40 40.84 42.11 0.0648
847.06 293.23 26.96 49.33 0.0644
108.31 30.65 23.52 41.20 0.0632
517.23 452.91 236.97 218.29 0.0628
6.02 231.51 28.63 44.96 0.0625
207.56 279.50 113.99 116.41 0.0624
539.27 114.34 55.48 71.24 0.0624
83.64 67.81 26.40 32.69 0.0611
888.78 310.98 40.94 48.66 0.0606
810.11 284.67 44.76 68.60 0.0603
554.37 92.38 41.57 54.86 0.0600
547.10 636.50 50.69 45.50 0.0598
886.66 194.98 24.10 32.33 0.0595
415.48 416.48 66.17 143.87 0.0595
994.36 204.97 29.64 54.61 0.0594
56.96 235.39 41.20 52.85 0.0586
144.13 203.40 40.63 47.36 0.0575
371.58 129.03 69.26 85.06 0.0574
560.45 72.30 26.44 30.91 0.0572
626.89 56.97 72.44 82.85 0.0569
779.09 115.97 59.87 70.02 0.0568
2.46 73.73 23.10 38.82 0.0563
881.47 332.65 78.24 97.44 0.0550
108.67 68.79 26.28 38.87 0.0550
775.83 171.94 53.19 66.25 0.0542
246.53 86.78 56.17 97.97 0.0537
489.03 103.29 63.44 73.52 0.0536
823.37 214.71 46.32 47.49 0.0533
469.87 345.81 94.06 97.43 0.0529
623.08 92.41 55.08 65.20 0.0527
34.51 228.99 49.15 60.72 0.0521
890.42 281.57 35.93 36.34 0.0519
85.84 39.25 27.87 36.37 0.0519
36.93 99.67 28.59 34.93 0.0517
707.89 183.28 63.62 75.83 0.0510
