10_People_Marching_People_Marching_2_307
200
662.24 223.77 45.25 60.11 0.6859
83.89 204.58 60.45 59.81 0.6551
344.34 468.75 65.33 97.72 0.5364
242.76 194.50 80.93 100.42 0.5233
529.47 166.80 78.56 103.91 0.4993
983.11 229.43 40.89 107.92 0.4516
700.00 163.87 21.79 25.86 0.4129
656.14 513.05 128.22 103.17 0.3878
487.58 387.92 30.89 35.86 0.3374
980.75 112.55 42.67 83.76 0.3357
772.96 170.47 19.44 24.94 0.3133
720.44 235.36 35.13 43.87 0.3011
630.08 209.89 36.04 52.62 0.2938
919.02 171.02 26.48 45.65 0.2813
744.06 169.61 21.75 22.06 0.2662
772.03 186.43 23.26 30.87 0.2602
836.03 219.66 29.71 39.97 0.2402
877.97 167.18 24.51 32.77 0.2342
691.44 480.74 102.90 102.20 0.2237
479.74 195.06 46.85 75.99 0.2161
40.54 328.59 26.53 33.46 0.2143
886.32 221.51 45.00 62.41 0.2079
905.76 214.73 34.87 61.36 0.2051
5.01 316.54 26.80 37.11 0.2029
777.08 248.13 40.43 48.53 0.2020
851.90 165.67 18.88 23.40 0.2000
116.38 52.18 32.79 38.02 0.1974
663.75 161.15 30.11 39.38 0.1955
737.67 187.37 23.88 32.90 0.1944
619.64 156.67 35.50 49.61 0.1917
289.93 308.44 36.17 41.97 0.1833
134.06 93.17 45.24 55.62 0.1784
814.63 194.36 22.42 27.26 0.1695
655.74 191.68 48.37 71.87 0.1689
368.93 344.66 32.03 47.48 0.1685
842.64 192.83 24.60 33.01 0.1660
297.84 487.70 87.04 80.78 0.1620
496.13 391.34 44.86 45.56 0.1595
556.04 285.01 38.10 47.38 0.1573
696.32 181.92 26.12 38.70 0.1563
814.72 169.18 19.31 22.67 0.1544
657.87 133.55 27.31 29.01 0.1531
71.37 34.54 43.73 54.80 0.1512
702.84 385.07 26.85 29.26 0.1490
628.97 258.41 41.16 44.96 0.1472
725.72 339.76 30.51 40.99 0.1466
112.05 55.56 44.83 70.14 0.1443
544.74 395.82 46.11 51.32 0.1430
878.49 428.95 24.35 33.34 0.1417
338.97 370.86 31.44 40.94 0.1405
400.69 356.31 31.42 47.80 0.1391
218.07 541.83 39.84 47.42 0.1385
65.87 316.98 39.06 40.65 0.1363
699.61 402.15 25.70 31.70 0.1361
884.14 252.87 34.73 51.79 0.1339
549.86 264.48 43.34 46.09 0.1330
813.11 210.58 26.96 41.29 0.1327
850.24 528.96 58.18 51.93 0.1312
739.68 384.87 27.61 30.91 0.1299
49.35 225.15 61.52 53.79 0.1287
380.22 142.06 25.53 34.40 0.1281
774.74 408.56 18.08 25.60 0.1275
72.41 243.63 62.39 64.36 0.1271
562.21 136.86 59.43 84.28 0.1267
67.91 288.80 42.43 41.87 0.1251
577.46 267.61 40.68 49.15 0.1249
289.84 292.10 66.69 67.87 0.1247
772.52 203.79 31.54 44.65 0.1244
665.28 345.97 27.35 35.08 0.1236
131.04 551.07 44.05 50.99 0.1235
248.97 24.05 33.76 42.39 0.1233
852.55 509.82 49.78 47.38 0.1229
776.72 142.12 15.39 21.65 0.1223
37.09 36.59 63.40 76.15 0.1213
701.47 348.00 33.30 36.96 0.1211
105.17 323.91 35.68 35.29 0.1204
625.32 423.00 33.86 40.79 0.1197
884.19 142.49 19.19 23.70 0.1190
765.06 281.31 39.13 47.13 0.1176
810.26 411.52 20.37 24.12 0.1155
106.69 114.96 50.51 57.23 0.1151
954.10 143.02 45.00 82.93 0.1147
802.88 239.95 31.70 46.42 0.1144
188.74 344.71 28.18 42.08 0.1140
181.56 74.43 28.08 35.90 0.1138
105.27 200.62 69.23 60.49 0.1113
704.01 147.24 18.62 32.35 0.1111
483.11 363.89 30.15 44.23 0.1105
6.67 62.57 38.55 54.82 0.1102
741.02 145.16 16.65 21.28 0.1098
736.98 404.15 28.86 34.37 0.1098
243.38 538.21 52.84 58.94 0.1083
185.40 329.13 32.29 37.75 0.1078
847.29 380.61 20.06 24.66 0.1077
626.92 105.48 33.07 44.11 0.1076
32.83 5.58 79.20 76.92 0.1068
226.36 274.25 57.76 78.19 0.1067
768.22 388.24 21.88 23.90 0.1054
744.58 457.98 57.85 68.20 0.1053
953.08 196.82 63.11 128.61 0.1050
625.54 126.10 37.17 45.43 0.1048
611.35 710.73 66.46 57.27 0.1031
298.29 183.69 60.11 94.04 0.1022
663.74 380.58 24.77 30.99 0.1019
546.76 317.98 35.80 40.90 0.1011
184.67 60.36 25.04 27.82 0.0999
721.34 266.29 50.41 68.77 0.0992
98.37 590.22 55.35 68.00 0.0977
718.10 461.13 56.75 73.52 0.0965
918.81 139.56 32.52 42.06 0.0962
804.34 441.88 25.44 37.07 0.0959
851.67 415.47 18.43 22.37 0.0958
153.49 367.62 26.63 41.18 0.0956
840.76 259.69 30.19 45.28 0.0947
725.29 424.31 40.69 54.14 0.0943
885.52 113.76 19.34 27.77 0.0937
129.23 57.84 41.38 41.95 0.0937
65.37 87.69 53.85 63.40 0.0933
167.42 83.60 42.50 52.97 0.0929
370.90 455.59 54.76 60.66 0.0929
151.48 521.74 26.58 38.01 0.0929
568.50 381.79 45.12 45.53 0.0924
492.09 725.58 50.62 42.42 0.0924
90.76 161.40 62.64 77.45 0.0919
544.42 584.63 52.71 67.30 0.0916
40.63 300.26 38.46 49.16 0.0915
183.81 678.87 33.36 45.81 0.0911
852.34 143.31 19.95 24.75 0.0909
259.63 354.72 28.28 34.50 0.0909
329.86 346.76 37.69 59.11 0.0908
103.23 280.19 46.95 53.19 0.0899
514.25 250.25 54.05 54.04 0.0898
878.08 275.32 29.87 52.19 0.0897
583.01 10.62 45.39 48.94 0.0894
545.24 350.24 35.50 35.68 0.0892
813.99 391.11 20.38 25.07 0.0891
660.99 421.40 40.12 51.79 0.0890
47.75 246.09 45.21 54.41 0.0882
401.72 88.73 22.37 30.17 0.0880
691.98 430.09 40.82 48.26 0.0876
845.14 349.06 27.14 43.40 0.0874
113.41 337.86 29.07 41.78 0.0873
833.72 540.41 63.96 69.45 0.0872
641.91 465.93 102.68 105.27 0.0871
298.08 393.74 34.80 48.04 0.0869
513.09 140.96 80.85 85.22 0.0866
479.66 398.71 40.23 71.73 0.0865
85.54 443.86 13.32 16.60 0.0863
151.70 415.73 22.71 34.06 0.0859
811.04 351.64 21.65 28.64 0.0856
446.45 60.33 21.23 28.50 0.0849
41.59 600.14 38.60 38.49 0.0836
652.38 112.88 29.17 34.83 0.0834
772.67 359.20 23.45 33.74 0.0831
257.02 165.60 67.81 89.50 0.0828
968.49 69.09 53.47 81.86 0.0818
564.17 446.26 82.81 92.46 0.0812
666.41 402.94 29.07 38.57 0.0810
61.65 115.74 57.73 67.18 0.0809
846.97 291.25 30.34 48.94 0.0808
185.96 547.22 29.16 36.83 0.0808
2.21 12.55 46.74 70.11 0.0806
364.22 380.47 45.07 58.36 0.0805
843.61 492.44 43.00 50.23 0.0802
105.52 31.56 38.05 55.16 0.0800
259.00 298.36 45.53 59.60 0.0795
949.52 63.90 44.67 54.55 0.0794
555.24 412.00 74.45 77.78 0.0794
4.54 415.18 18.81 27.09 0.0786
848.15 464.28 35.46 39.17 0.0784
129.33 636.09 45.74 53.80 0.0784
961.68 460.18 20.45 30.60 0.0778
607.62 0.00 39.99 33.14 0.0778
70.37 725.62 41.45 41.13 0.0774
850.40 430.04 29.01 37.91 0.0773
871.07 458.13 33.29 39.72 0.0772
189.20 367.10 31.15 47.27 0.0771
118.96 383.83 27.17 34.90 0.0762
372.05 170.55 39.47 73.73 0.0752
595.03 90.31 47.63 54.59 0.0752
380.34 109.36 29.73 32.49 0.0750
627.56 374.10 34.04 41.91 0.0747
331.44 159.73 35.01 62.33 0.0746
691.08 448.74 59.74 78.29 0.0745
922.87 103.25 40.00 44.99 0.0743
847.93 318.95 26.56 47.42 0.0742
223.16 400.31 27.03 36.85 0.0740
623.76 504.41 88.33 83.53 0.0739
349.86 216.44 46.95 64.15 0.0729
152.04 735.09 30.97 31.14 0.0722
176.66 270.14 45.25 69.84 0.0720
330.69 526.03 65.42 71.72 0.0719
214.85 76.66 37.04 40.53 0.0719
286.94 333.95 44.17 52.79 0.0717
65.71 344.07 35.17 39.63 0.0716
128.74 256.82 52.08 72.98 0.0712
61.33 591.38 49.53 53.55 0.0711
10.18 521.93 23.54 29.58 0.0711
0.00 265.77 30.38 45.35 0.0705
122.54 412.98 23.99 27.22 0.0705
