6_Funeral_Funeral_6_627
14
153.61 173.06 269.43 420.44 0.8157
381.16 104.69 361.01 337.64 0.7118
450.74 369.79 325.67 428.48 0.3171
199.10 290.74 326.09 454.57 0.2074
269.57 172.93 384.85 368.30 0.1394
515.38 54.00 508.62 233.14 0.0884
480.76 198.35 354.99 353.92 0.0764
473.62 168.53 515.36 221.05 0.0580
548.31 345.52 475.69 365.11 0.0573
153.79 385.60 223.39 475.40 0.0464
315.52 406.16 316.37 454.84 0.0406
84.84 303.77 219.22 473.44 0.0261
826.66 550.71 125.15 153.27 0.0224
120.00 127.13 244.33 274.40 0.0220
