25_Soldier_Patrol_Soldier_Patrol_25_121
36
596.54 201.13 427.46 275.77 0.3120
609.63 419.31 414.37 283.78 0.3028
602.63 77.93 421.37 226.40 0.2138
140.31 331.38 234.47 312.09 0.1818
99.30 171.38 171.18 176.40 0.1052
112.30 121.58 143.35 137.93 0.0958
174.23 116.19 169.92 142.70 0.0954
167.73 317.33 463.65 335.28 0.0882
124.34 398.45 120.50 319.44 0.0838
173.88 182.60 464.90 309.87 0.0813
685.20 56.82 324.67 130.48 0.0798
53.29 168.83 123.06 185.53 0.0788
178.30 165.31 159.51 185.87 0.0714
62.62 121.13 99.85 140.27 0.0693
190.50 91.55 425.98 193.94 0.0659
0.00 476.24 72.28 277.76 0.0653
143.56 66.38 232.33 102.89 0.0638
359.09 124.61 378.97 282.14 0.0592
654.29 0.00 369.71 115.57 0.0592
104.62 70.07 154.76 92.70 0.0586
107.35 269.26 158.80 290.37 0.0555
19.47 198.76 30.53 278.67 0.0551
67.30 277.19 91.16 272.11 0.0531
22.57 101.49 27.03 178.27 0.0479
185.14 53.37 435.40 124.54 0.0431
60.82 70.40 97.18 87.81 0.0429
4.83 4.59 57.93 70.85 0.0424
9.87 343.82 38.30 302.25 0.0416
23.40 52.09 27.53 121.32 0.0363
87.90 382.80 57.48 357.30 0.0341
385.11 245.89 320.45 328.26 0.0329
471.66 443.37 308.32 310.63 0.0326
534.61 133.56 325.27 258.79 0.0294
40.62 462.05 138.56 291.95 0.0274
28.18 17.44 159.71 45.14 0.0214
119.33 17.90 278.13 50.70 0.0209
