1_Handshaking_Handshaking_1_766
36
378.93 107.20 246.47 382.59 0.856638
570.04 909.79 91.46 96.46 0.322879
585.53 867.62 123.44 156.38 0.176101
781.49 775.59 41.17 78.50 0.139799
744.80 746.30 61.97 128.89 0.131134
330.19 457.67 362.42 511.47 0.111691
658.59 944.24 88.83 79.76 0.103195
265.43 731.38 97.56 180.76 0.097973
274.70 510.11 65.28 97.94 0.097656
423.70 270.49 178.40 352.63 0.095694
479.63 912.82 80.26 98.62 0.095069
455.78 918.88 68.36 86.11 0.089753
550.01 780.18 118.14 208.69 0.080530
154.94 807.41 124.43 207.16 0.076364
343.35 145.04 145.95 323.05 0.076009
349.72 467.42 227.99 298.41 0.071517
710.58 808.20 114.25 186.46 0.071096
243.28 488.78 117.01 210.04 0.068996
287.00 430.30 141.60 262.30 0.067232
511.87 806.31 79.58 150.15 0.066106
338.13 222.96 77.32 147.03 0.063868
216.15 495.88 286.41 444.47 0.063338
484.46 595.96 207.49 328.53 0.063116
782.20 822.31 73.14 151.07 0.063008
727.31 572.87 50.42 80.68 0.061321
349.01 285.74 86.38 233.92 0.060922
350.67 105.76 97.57 189.91 0.059832
833.79 882.71 38.63 84.36 0.058719
425.54 854.14 139.44 169.86 0.057346
631.78 762.04 99.09 173.19 0.057177
331.60 130.06 79.29 128.71 0.056983
737.52 964.08 67.31 59.92 0.054829
197.19 539.05 82.42 128.55 0.053236
661.62 716.98 99.36 157.76 0.051300
195.72 559.35 176.92 282.35 0.051265
282.98 723.17 150.05 242.97 0.050065
