38_Tennis_Tennis_38_497
15
381.16 119.31 392.81 320.38 0.5157
494.22 606.61 371.43 662.51 0.1101
148.33 547.86 333.60 641.68 0.0803
0.00 457.01 207.40 915.99 0.0722
25.84 60.41 314.69 412.77 0.0674
528.35 92.91 421.04 424.55 0.0585
361.13 274.21 376.32 456.05 0.0505
311.15 601.75 315.83 711.85 0.0442
185.02 45.20 400.74 363.06 0.0415
580.19 465.30 443.81 477.17 0.0355
603.18 224.20 420.82 468.88 0.0344
260.43 352.02 317.71 508.00 0.0253
488.92 336.70 403.03 469.11 0.0225
323.43 99.42 205.78 157.19 0.0221
72.26 552.98 232.65 784.65 0.0210
