18_Concerts_Concerts_18_257
78
457.81 49.06 97.03 124.34 0.8030
454.04 315.25 73.81 88.97 0.2862
611.45 235.81 59.59 82.74 0.2529
620.50 227.52 39.83 49.74 0.2496
588.66 322.72 73.34 100.11 0.2141
625.06 215.47 26.08 31.18 0.2052
441.64 264.40 38.75 51.76 0.1770
438.92 277.15 63.09 73.73 0.1586
515.81 253.94 31.62 42.77 0.1517
559.92 213.98 28.75 30.21 0.1494
266.07 374.30 24.48 43.82 0.1492
598.39 193.33 28.50 24.11 0.1261
285.35 348.72 35.10 59.39 0.1260
263.35 389.31 19.51 41.84 0.1258
141.18 410.29 65.95 77.31 0.1255
391.94 280.53 96.55 142.77 0.1227
590.30 226.31 44.73 51.21 0.1218
465.15 268.72 53.44 54.63 0.1212
586.32 206.33 33.94 34.83 0.1187
94.68 388.95 84.31 81.60 0.1116
468.62 293.96 73.41 74.70 0.1091
553.93 221.75 32.72 39.69 0.1057
432.50 212.60 79.08 109.70 0.1056
346.57 250.78 55.72 110.40 0.1030
355.91 329.94 39.96 69.63 0.1000
297.35 293.00 41.54 87.63 0.0986
609.82 112.24 299.78 315.81 0.0984
311.55 471.46 67.56 97.12 0.0975
257.19 417.21 24.07 45.46 0.0969
253.27 323.79 46.40 86.22 0.0950
619.87 193.83 25.98 28.52 0.0950
404.82 280.16 47.79 78.94 0.0938
167.97 354.26 63.03 82.00 0.0932
475.50 228.07 39.96 61.54 0.0921
612.38 260.33 70.65 105.38 0.0910
545.41 247.33 40.92 48.48 0.0875
465.35 180.32 57.07 99.55 0.0869
309.61 267.04 79.57 124.29 0.0868
117.20 437.85 47.02 61.46 0.0856
382.60 78.04 99.94 115.44 0.0854
393.22 120.86 151.10 221.40 0.0844
209.73 423.31 40.76 73.46 0.0844
342.86 184.27 78.51 128.95 0.0836
619.36 201.24 68.32 83.36 0.0835
297.17 51.95 112.15 118.98 0.0821
326.08 439.63 38.46 50.82 0.0819
437.17 359.01 55.98 68.47 0.0817
718.06 200.40 305.94 443.86 0.0811
550.53 263.94 42.17 48.85 0.0808
451.47 112.85 88.21 141.94 0.0792
506.43 204.73 39.50 45.36 0.0757
205.18 373.72 51.27 77.14 0.0741
401.76 335.91 61.54 91.69 0.0741
547.40 376.44 79.33 94.02 0.0727
533.46 263.90 126.35 145.16 0.0726
472.53 160.87 70.31 71.09 0.0655
208.41 191.28 134.81 191.93 0.0655
368.06 393.22 35.41 40.80 0.0653
584.24 305.13 312.65 306.68 0.0633
618.62 341.29 94.54 154.87 0.0627
551.79 189.87 40.17 51.31 0.0624
399.69 235.57 63.74 92.95 0.0614
192.81 299.08 86.04 121.82 0.0611
320.57 398.25 35.01 45.86 0.0604
107.67 333.46 116.42 119.30 0.0603
273.90 218.61 86.89 132.55 0.0601
279.65 63.57 177.60 196.35 0.0600
246.13 167.48 146.85 165.48 0.0595
313.85 344.30 54.22 72.88 0.0567
325.82 420.67 31.61 45.16 0.0551
2.27 392.86 27.13 53.65 0.0539
0.36 2.72 28.15 38.06 0.0532
328.42 426.97 71.29 124.69 0.0531
5.66 22.45 20.64 37.21 0.0521
600.82 164.63 109.99 107.24 0.0514
628.90 155.52 172.89 216.43 0.0508
313.06 134.35 173.23 186.08 0.0506
405.86 541.84 155.04 116.58 0.0503
