18_Concerts_Concerts_18_27
54
331.26 147.10 432.09 538.73 0.5190
59.26 1320.87 90.12 209.93 0.2817
802.54 46.23 151.71 192.33 0.2555
935.36 360.54 88.64 264.56 0.2304
10.25 846.73 449.39 664.18 0.1925
524.53 241.29 337.37 540.13 0.1818
821.73 628.99 202.27 481.83 0.1781
804.71 481.08 65.00 83.07 0.1722
491.66 889.87 75.57 114.68 0.1598
434.36 476.01 177.50 184.93 0.1581
613.30 514.57 127.94 206.63 0.1563
705.42 592.47 318.58 943.53 0.1521
730.08 645.17 152.57 307.39 0.1426
878.46 498.75 110.11 224.14 0.1423
25.76 1398.19 80.67 136.42 0.1417
811.35 117.06 212.65 367.21 0.1324
412.52 724.24 126.45 176.88 0.1257
371.04 333.84 281.56 307.44 0.1255
967.81 555.62 56.19 216.78 0.1249
270.50 900.26 200.26 225.59 0.1244
683.66 381.00 196.27 231.14 0.1221
914.38 192.83 104.42 213.15 0.1090
187.05 695.36 348.16 435.57 0.1065
109.96 1409.71 88.97 122.81 0.1056
491.29 665.30 96.42 121.11 0.1003
679.29 441.57 215.48 419.09 0.0962
508.10 582.32 222.50 262.76 0.0947
229.35 830.79 325.30 642.22 0.0868
374.46 773.10 178.58 237.59 0.0866
789.37 427.59 104.90 142.34 0.0858
783.77 521.78 183.65 371.98 0.0853
9.80 1274.95 113.86 261.05 0.0850
187.56 148.64 337.17 514.52 0.0843
514.12 1032.11 103.55 216.69 0.0775
4.82 1431.92 69.17 104.08 0.0748
578.05 2.95 295.63 420.27 0.0737
0.25 1282.05 47.74 141.97 0.0725
25.55 558.79 471.54 681.84 0.0724
720.64 21.53 186.81 279.78 0.0677
324.22 623.42 217.90 258.80 0.0673
484.42 518.97 202.77 218.71 0.0660
0.00 0.00 270.66 507.57 0.0637
510.08 1021.95 75.96 139.88 0.0635
485.67 738.77 120.38 175.69 0.0610
282.02 616.59 143.83 175.40 0.0608
358.11 643.54 146.58 137.83 0.0590
4.38 1297.25 73.60 174.62 0.0563
877.10 114.34 119.03 203.10 0.0554
719.30 809.44 117.62 165.68 0.0546
426.95 917.92 193.25 334.92 0.0531
454.88 956.22 262.16 461.47 0.0524
233.54 572.70 236.10 293.78 0.0521
765.80 801.99 172.57 369.44 0.0513
24.29 1060.12 247.92 475.88 0.0508
