18_Concerts_Concerts_18_151
200
584.12 319.13 26.73 33.70 0.5857
853.37 170.72 23.70 29.84 0.4998
372.95 380.59 23.79 27.94 0.4861
942.21 141.61 35.66 46.25 0.4848
850.24 325.52 23.86 33.32 0.4694
471.94 352.64 32.82 42.21 0.4679
991.04 326.89 26.34 37.77 0.4481
335.47 306.04 25.81 30.84 0.4431
581.41 367.84 34.00 40.82 0.4385
777.22 148.36 20.73 29.89 0.4291
2.56 339.37 24.36 32.16 0.4280
738.56 407.06 27.64 35.74 0.4268
147.38 400.62 25.44 28.60 0.4228
746.96 256.14 29.26 34.46 0.4201
893.07 198.12 27.79 35.70 0.4170
720.32 305.46 35.73 44.62 0.4036
780.91 184.85 22.75 32.03 0.4015
252.24 642.99 30.52 31.19 0.3947
216.63 310.77 27.93 35.02 0.3923
475.97 318.99 27.85 35.96 0.3876
104.09 426.46 28.51 30.62 0.3842
407.96 141.61 23.34 28.76 0.3799
155.51 641.94 26.09 30.14 0.3770
262.31 427.09 22.30 28.46 0.3767
697.57 148.94 20.19 27.28 0.3751
414.31 357.33 21.92 27.24 0.3746
331.58 257.04 23.23 27.02 0.3726
990.17 180.28 26.54 44.05 0.3714
42.91 486.39 33.98 41.26 0.3708
41.37 424.35 29.06 36.21 0.3680
777.00 156.81 25.44 40.83 0.3674
298.81 394.61 20.14 25.58 0.3636
2.59 409.61 24.52 29.57 0.3604
85.96 281.00 24.70 31.79 0.3550
83.61 102.35 18.23 26.02 0.3535
342.58 152.53 33.34 43.53 0.3496
398.56 626.53 28.50 28.38 0.3492
560.53 199.96 16.70 23.70 0.3470
2.75 455.91 25.37 34.42 0.3462
726.54 287.68 42.60 47.26 0.3437
114.77 329.62 24.40 28.79 0.3434
413.17 405.28 30.19 35.61 0.3371
667.99 254.10 21.91 31.33 0.3354
193.93 334.37 24.74 31.37 0.3316
154.91 315.10 19.50 24.15 0.3313
193.57 416.75 23.17 29.56 0.3191
122.57 94.65 22.41 26.59 0.3146
874.53 140.42 25.84 27.27 0.3141
739.30 191.84 17.58 23.81 0.3141
918.75 422.16 25.55 35.07 0.3102
336.91 414.46 21.59 28.89 0.3087
300.18 441.31 20.43 27.21 0.3072
670.73 199.98 18.45 25.56 0.3049
41.01 375.56 24.20 31.98 0.3044
38.46 237.27 25.39 28.94 0.3038
869.04 255.38 30.44 38.37 0.3003
335.38 619.02 29.48 32.52 0.2962
224.31 649.54 27.85 28.28 0.2918
45.46 76.33 17.60 23.56 0.2882
1.62 423.25 27.87 42.34 0.2867
77.20 557.05 20.95 28.45 0.2861
369.67 647.43 24.73 26.30 0.2795
919.03 355.30 24.20 33.81 0.2741
338.51 652.69 25.21 24.34 0.2716
989.82 99.25 28.36 53.91 0.2714
107.87 635.65 28.75 35.00 0.2712
325.81 358.08 27.05 27.24 0.2711
480.09 143.50 22.76 27.78 0.2707
362.78 426.70 29.01 31.57 0.2688
223.54 428.47 22.77 31.72 0.2658
231.06 386.16 20.89 23.62 0.2648
227.63 411.58 20.08 28.42 0.2642
342.65 79.95 19.94 28.08 0.2640
9.72 76.87 18.24 21.77 0.2639
114.66 248.68 19.83 24.26 0.2629
622.57 291.79 29.24 34.47 0.2624
855.36 408.04 30.80 32.17 0.2611
260.14 368.79 18.46 22.13 0.2588
155.37 461.55 22.26 27.32 0.2565
7.45 95.47 18.19 22.56 0.2547
372.07 337.17 20.64 27.18 0.2546
795.81 342.80 40.93 43.04 0.2546
925.00 341.36 23.12 29.38 0.2510
190.35 352.16 21.60 30.38 0.2469
121.09 579.15 22.16 26.91 0.2441
197.63 259.60 25.23 28.00 0.2437
304.96 356.10 23.12 27.05 0.2434
865.30 400.85 33.15 37.08 0.2428
414.44 236.94 25.49 30.70 0.2427
362.05 147.64 29.43 39.83 0.2425
991.99 134.82 25.76 41.19 0.2424
630.22 144.70 16.65 23.31 0.2423
0.61 495.82 28.27 40.99 0.2415
194.11 315.50 28.56 38.72 0.2415
122.31 561.01 18.37 25.48 0.2411
226.20 622.70 27.04 31.38 0.2388
188.02 631.02 23.84 30.20 0.2385
291.63 652.06 28.13 26.64 0.2380
190.36 581.74 19.84 25.01 0.2354
86.50 415.47 28.52 29.80 0.2344
412.18 388.66 27.43 38.03 0.2331
6.45 583.68 20.35 27.45 0.2314
448.19 658.12 17.82 17.54 0.2302
980.86 614.04 40.71 48.08 0.2302
335.96 179.75 32.00 41.02 0.2300
845.91 428.26 26.67 34.78 0.2295
470.59 417.43 28.84 34.77 0.2294
486.90 125.90 21.84 22.65 0.2277
985.78 576.01 29.99 41.41 0.2258
367.36 404.16 27.97 38.95 0.2243
44.50 138.03 16.98 23.82 0.2242
663.31 285.92 25.67 31.87 0.2227
197.93 91.30 20.39 25.44 0.2227
445.10 385.48 28.67 31.91 0.2226
188.56 642.90 27.68 32.60 0.2224
329.32 334.43 27.70 36.49 0.2221
706.60 291.08 37.36 36.62 0.2220
595.04 149.23 17.78 24.87 0.2214
261.99 167.81 24.68 33.84 0.2201
406.24 311.32 24.69 28.62 0.2194
848.20 388.30 25.36 37.26 0.2192
231.11 366.82 19.06 24.00 0.2188
773.88 608.16 19.38 24.14 0.2180
686.70 429.17 59.77 53.32 0.2178
84.02 363.86 19.02 23.06 0.2140
73.54 569.61 24.26 31.16 0.2132
118.21 77.13 17.90 21.75 0.2130
2.12 390.53 27.72 36.17 0.2126
481.15 200.60 16.80 21.30 0.2108
369.58 119.79 21.70 29.15 0.2102
925.50 120.79 45.63 62.90 0.2097
774.91 580.30 17.68 22.05 0.2088
262.75 578.99 23.49 31.16 0.2086
9.74 244.55 25.04 34.51 0.2074
742.02 173.76 15.58 30.50 0.2067
152.12 335.66 25.12 30.90 0.2065
594.89 162.34 17.93 27.71 0.2065
708.90 608.53 15.86 22.14 0.2065
779.18 431.35 21.65 26.72 0.2062
739.85 117.21 17.16 26.50 0.2056
557.92 587.57 13.81 14.49 0.2051
403.27 640.11 27.64 30.79 0.2046
911.95 373.11 31.37 40.26 0.2038
989.35 480.29 28.35 39.30 0.2035
816.33 604.12 17.45 22.88 0.2027
82.68 655.96 20.03 22.51 0.2027
414.24 222.17 24.13 27.35 0.2022
260.34 384.17 19.49 24.14 0.2022
987.09 592.00 32.63 53.87 0.2019
332.81 196.71 24.04 38.24 0.2000
581.17 264.41 25.64 27.75 0.1996
596.53 122.05 13.81 18.30 0.1996
476.16 249.79 20.65 26.57 0.1987
405.61 339.78 25.83 36.48 0.1984
43.03 90.29 19.55 25.39 0.1982
293.20 221.67 25.05 29.83 0.1979
119.27 392.95 19.12 23.15 0.1977
374.63 317.75 20.90 27.95 0.1970
88.15 424.97 35.25 34.97 0.1959
217.05 135.45 24.23 29.44 0.1957
630.01 586.68 16.46 19.56 0.1955
155.51 581.30 20.89 27.55 0.1954
777.47 336.03 38.11 45.41 0.1952
376.14 584.69 15.81 17.94 0.1942
81.44 341.13 16.97 21.62 0.1941
692.42 654.42 27.30 23.60 0.1937
335.80 388.55 19.19 22.44 0.1936
518.31 171.68 17.89 25.05 0.1931
705.46 558.33 15.51 20.27 0.1931
486.86 614.32 13.77 16.11 0.1927
557.60 125.91 15.18 19.43 0.1926
288.81 288.52 27.97 27.29 0.1925
152.94 362.11 21.38 22.79 0.1920
844.67 455.33 24.73 33.03 0.1914
375.14 634.58 23.45 28.71 0.1906
816.14 143.76 19.05 26.92 0.1905
152.77 603.48 25.02 30.83 0.1903
84.51 146.22 17.73 18.95 0.1893
0.54 463.78 27.94 53.25 0.1893
439.85 406.04 32.86 40.46 0.1889
223.29 613.36 21.30 30.63 0.1887
189.18 604.66 21.77 27.33 0.1880
263.23 238.38 24.05 27.46 0.1878
703.99 127.55 14.39 21.68 0.1874
593.52 556.93 17.03 20.87 0.1857
300.00 631.17 22.13 28.64 0.1856
37.62 451.42 40.64 48.02 0.1852
774.67 658.24 21.90 19.67 0.1847
671.32 646.60 29.88 28.25 0.1842
521.71 146.67 16.72 23.47 0.1833
517.73 658.30 18.16 14.49 0.1821
340.44 121.44 22.80 31.81 0.1821
445.61 309.09 23.35 29.42 0.1819
991.87 241.30 26.73 47.08 0.1815
816.54 587.89 15.15 21.08 0.1811
631.76 126.00 13.30 18.08 0.1808
738.63 339.16 29.22 42.09 0.1805
447.80 36.16 20.08 39.22 0.1803
843.98 357.32 24.10 28.58 0.1803
452.24 146.74 20.14 23.49 0.1801
