18_Concerts_Concerts_18_127
173
140.39 267.95 79.79 85.44 0.7751
178.64 167.86 43.67 46.85 0.7663
241.44 128.68 42.32 51.60 0.7403
356.08 237.94 53.44 65.37 0.7359
442.10 242.50 53.82 65.52 0.6773
653.17 170.47 57.47 64.03 0.6377
304.32 180.93 42.02 40.92 0.5766
807.05 188.48 51.61 58.11 0.5017
735.85 191.64 55.68 61.02 0.5015
527.80 217.68 61.17 65.64 0.4548
255.67 250.72 57.43 62.22 0.3437
443.64 179.78 39.59 37.72 0.3392
520.80 184.28 78.55 81.86 0.3017
48.74 190.37 34.63 32.95 0.2903
403.17 188.40 36.75 38.68 0.2822
382.28 238.84 60.94 79.30 0.2776
42.63 504.59 92.36 57.88 0.2758
43.87 292.22 56.65 68.50 0.2712
746.27 161.43 50.45 50.69 0.2591
59.76 241.96 38.62 36.94 0.2549
901.47 209.64 49.80 54.41 0.2423
214.50 479.07 31.13 35.15 0.2406
477.96 479.93 40.60 38.01 0.2401
176.44 508.23 39.84 46.25 0.2394
391.54 217.17 52.58 64.87 0.2362
63.96 178.56 36.92 39.05 0.2277
899.80 332.83 55.10 62.73 0.2200
731.07 327.18 97.15 101.17 0.2151
327.37 217.53 52.22 72.58 0.2088
195.71 270.17 60.34 74.21 0.2031
932.90 202.09 61.38 54.68 0.1939
282.95 210.20 50.60 60.31 0.1928
449.55 176.78 56.33 58.32 0.1920
421.43 380.85 48.15 61.04 0.1762
757.18 306.38 59.67 54.38 0.1750
45.86 167.17 34.71 42.01 0.1746
653.42 149.00 50.42 56.70 0.1716
282.39 272.24 49.01 69.38 0.1681
446.69 484.05 39.03 35.05 0.1665
9.25 220.85 27.87 28.40 0.1655
326.12 463.56 84.19 56.91 0.1634
566.90 218.34 50.02 69.19 0.1601
517.11 337.41 87.54 84.68 0.1572
316.29 285.53 63.00 73.19 0.1559
924.04 306.79 97.20 88.69 0.1555
738.12 372.83 69.64 71.25 0.1532
44.50 220.20 45.07 40.46 0.1519
510.53 359.55 55.44 63.77 0.1514
503.39 429.36 48.45 39.86 0.1503
377.67 446.80 53.46 46.81 0.1465
889.49 290.81 60.07 70.97 0.1415
342.09 266.14 58.49 68.35 0.1406
363.18 198.91 40.69 38.76 0.1394
219.50 257.08 73.61 76.16 0.1381
9.30 205.71 27.12 27.09 0.1376
344.80 422.33 56.72 51.30 0.1366
872.25 187.17 46.19 54.72 0.1361
364.53 182.21 33.01 35.14 0.1340
0.00 284.41 48.38 68.36 0.1306
914.11 188.07 44.76 47.54 0.1304
553.60 350.65 68.87 61.43 0.1304
530.37 159.56 85.67 78.56 0.1274
786.23 303.68 54.77 39.22 0.1241
615.46 362.55 42.58 37.93 0.1230
618.13 185.73 70.51 67.11 0.1220
479.22 444.94 50.90 45.17 0.1168
284.02 137.69 43.55 60.23 0.1133
207.21 511.23 49.39 54.88 0.1100
145.43 535.15 55.45 40.85 0.1083
680.63 345.40 111.24 89.16 0.1080
400.92 414.48 49.58 56.54 0.1063
503.68 231.63 69.67 83.86 0.1051
336.99 392.84 57.47 62.95 0.1045
504.01 392.18 61.13 58.20 0.1036
946.87 552.92 29.81 18.31 0.1033
949.74 208.60 67.49 64.56 0.1030
296.57 292.89 54.66 65.84 0.1029
683.02 148.18 46.25 63.35 0.1012
8.42 177.08 21.31 31.61 0.1007
239.18 484.13 55.30 44.56 0.1005
393.31 166.00 47.94 48.88 0.0994
255.66 374.82 29.99 42.88 0.0979
902.36 253.32 50.47 48.48 0.0962
543.62 440.69 60.61 50.11 0.0954
4.58 232.28 33.04 38.81 0.0951
363.16 477.74 68.72 48.13 0.0948
3.02 501.90 61.43 61.25 0.0935
515.33 422.71 91.92 55.65 0.0928
770.98 286.70 50.89 51.96 0.0923
475.87 419.05 65.86 59.93 0.0917
338.62 374.17 46.51 45.76 0.0910
291.97 554.34 33.37 21.26 0.0903
319.33 316.51 59.29 74.22 0.0903
111.90 180.75 29.14 38.60 0.0900
198.09 485.88 54.58 63.53 0.0899
456.29 389.55 62.50 65.98 0.0898
98.00 235.87 65.19 76.86 0.0896
0.00 326.71 50.25 69.05 0.0892
830.23 226.22 53.36 47.09 0.0887
625.83 340.01 59.76 57.17 0.0882
444.25 126.80 50.50 70.95 0.0870
59.44 285.35 111.14 114.77 0.0856
825.62 356.87 54.94 59.51 0.0846
339.87 298.24 57.55 72.24 0.0843
0.00 248.73 57.22 69.10 0.0835
923.82 553.47 21.88 17.33 0.0832
848.33 537.00 16.98 18.85 0.0828
467.61 354.93 74.30 81.73 0.0823
319.24 140.07 41.80 62.40 0.0820
599.12 231.87 65.47 60.67 0.0802
874.39 253.51 55.31 50.82 0.0792
637.36 362.82 73.57 52.73 0.0775
769.49 388.58 70.09 63.50 0.0770
197.57 153.25 51.86 59.93 0.0748
146.16 183.84 61.31 78.65 0.0746
81.86 215.60 59.22 58.93 0.0746
104.89 196.11 33.09 33.52 0.0744
273.91 462.19 62.81 57.60 0.0743
255.03 188.47 49.05 61.02 0.0743
438.74 97.73 118.17 148.88 0.0741
537.94 469.32 54.07 50.09 0.0732
199.35 324.47 65.27 73.89 0.0723
207.14 183.44 68.11 95.86 0.0713
421.86 443.46 61.90 57.96 0.0707
547.25 0.00 341.15 234.14 0.0700
290.60 438.20 81.92 74.80 0.0696
494.38 492.32 48.37 52.44 0.0695
20.35 324.36 61.39 69.17 0.0690
800.18 549.39 38.93 24.57 0.0690
216.06 547.06 35.81 28.94 0.0678
839.65 402.96 82.49 64.41 0.0675
956.12 541.14 23.73 24.04 0.0672
515.19 524.73 34.00 42.97 0.0666
249.57 517.52 42.19 49.51 0.0665
528.64 504.65 55.04 47.89 0.0662
392.12 505.25 59.98 60.19 0.0662
261.09 550.91 33.36 23.61 0.0654
990.50 550.47 25.15 23.43 0.0654
493.30 110.84 118.65 135.01 0.0653
284.38 524.57 54.06 44.99 0.0646
424.06 512.09 54.89 57.08 0.0630
836.76 260.09 48.99 46.41 0.0615
245.59 306.99 47.64 47.23 0.0611
940.56 271.80 78.43 72.16 0.0610
929.30 341.80 84.08 91.10 0.0609
212.56 352.69 53.20 71.47 0.0604
809.87 167.74 61.77 58.97 0.0600
192.16 470.56 39.29 53.19 0.0596
639.58 210.14 59.66 61.76 0.0591
687.09 204.93 51.22 64.18 0.0589
158.36 148.47 54.66 65.66 0.0587
34.06 312.57 89.66 95.51 0.0583
795.71 262.78 52.92 51.33 0.0578
561.70 133.58 75.65 84.20 0.0572
827.38 275.71 52.54 52.67 0.0572
353.33 498.24 61.66 63.82 0.0571
988.09 177.44 31.64 50.50 0.0570
843.85 520.59 25.61 31.30 0.0565
863.13 352.69 65.51 72.69 0.0558
392.80 298.90 53.06 72.73 0.0555
769.41 253.38 48.86 49.60 0.0548
738.51 303.74 45.52 50.07 0.0543
956.24 241.98 67.73 64.79 0.0541
877.15 516.60 31.66 32.05 0.0540
398.42 327.56 59.12 77.97 0.0534
645.01 401.99 143.52 113.25 0.0532
463.75 289.63 97.22 125.24 0.0532
324.17 504.71 65.86 56.11 0.0530
803.10 399.63 76.29 60.15 0.0530
188.69 383.51 69.04 93.57 0.0522
551.80 307.93 104.83 100.31 0.0512
351.51 137.63 47.59 65.23 0.0510
136.33 339.33 65.38 78.16 0.0510
