29_Students_Schoolkids_Students_Schoolkids_29_902
200
50.52 548.40 80.27 80.72 0.1921
50.48 630.67 80.31 80.75 0.1921
50.46 54.57 80.36 80.96 0.1920
50.53 356.31 80.29 80.92 0.1920
50.54 136.88 80.25 80.81 0.1920
928.12 383.74 80.55 81.05 0.1920
50.55 191.73 80.22 80.83 0.1920
927.82 0.00 81.19 81.21 0.1920
50.51 411.23 80.28 80.76 0.1920
50.51 301.48 80.24 80.88 0.1919
50.51 493.43 80.30 80.84 0.1919
928.16 466.03 80.49 81.04 0.1919
928.16 520.89 80.49 81.04 0.1919
928.16 575.75 80.49 81.04 0.1919
50.23 0.00 80.89 81.06 0.1919
50.50 246.59 80.29 80.94 0.1919
928.10 630.58 80.60 81.09 0.1918
891.65 356.37 80.15 80.79 0.1917
86.61 0.00 81.28 81.22 0.1917
452.34 0.00 81.20 81.19 0.1916
488.86 0.00 81.17 81.20 0.1916
159.76 0.00 81.22 81.20 0.1916
232.91 0.00 81.22 81.20 0.1916
415.76 0.00 81.22 81.20 0.1916
744.91 0.00 81.22 81.20 0.1916
562.00 0.00 81.28 81.21 0.1915
598.57 0.00 81.28 81.21 0.1915
13.80 274.19 80.15 80.55 0.1915
672.11 657.91 80.43 81.09 0.1915
928.10 328.91 80.54 80.99 0.1915
233.03 109.16 80.79 81.47 0.1914
269.60 109.16 80.79 81.47 0.1914
123.19 0.00 81.21 81.22 0.1914
781.48 0.00 81.21 81.22 0.1914
854.62 0.00 81.21 81.22 0.1914
928.11 246.62 80.52 80.96 0.1914
13.54 0.00 80.88 80.88 0.1913
379.19 0.00 81.22 81.20 0.1913
635.19 0.00 81.22 81.20 0.1913
671.76 0.00 81.22 81.20 0.1913
708.33 0.00 81.22 81.20 0.1913
196.47 81.76 80.78 81.43 0.1913
708.69 657.91 80.52 81.08 0.1913
745.26 657.91 80.52 81.08 0.1913
781.83 657.91 80.52 81.08 0.1913
854.97 657.91 80.52 81.08 0.1913
928.10 109.40 80.54 81.13 0.1913
928.10 164.26 80.54 81.13 0.1913
269.43 0.00 81.28 81.21 0.1913
525.43 0.00 81.28 81.21 0.1913
891.30 0.00 80.90 81.03 0.1913
342.74 493.10 80.81 81.46 0.1913
342.83 356.01 80.73 81.32 0.1913
379.40 356.01 80.73 81.32 0.1913
306.25 383.44 80.73 81.32 0.1913
342.83 410.87 80.73 81.32 0.1913
342.75 602.89 80.82 81.39 0.1913
928.10 54.53 80.55 81.13 0.1913
13.87 575.97 80.17 80.58 0.1913
342.75 81.73 80.77 81.38 0.1913
13.78 328.99 80.21 80.62 0.1912
415.97 356.01 80.74 81.40 0.1912
452.54 356.01 80.74 81.40 0.1912
891.64 466.03 80.20 80.79 0.1912
379.40 602.87 80.74 81.40 0.1912
489.11 602.87 80.74 81.40 0.1912
598.82 602.87 80.74 81.40 0.1912
635.40 602.87 80.74 81.40 0.1912
708.54 602.87 80.74 81.40 0.1912
745.11 602.87 80.74 81.40 0.1912
781.68 602.87 80.74 81.40 0.1912
489.04 356.01 80.81 81.40 0.1912
13.81 466.13 80.25 80.72 0.1912
13.81 520.98 80.25 80.72 0.1912
123.33 602.87 80.81 81.40 0.1912
452.47 602.87 80.81 81.40 0.1912
525.61 602.87 80.81 81.40 0.1912
562.18 602.87 80.81 81.40 0.1912
818.18 602.87 80.81 81.40 0.1912
269.61 630.30 80.81 81.40 0.1912
306.18 630.30 80.81 81.40 0.1912
415.90 630.30 80.81 81.40 0.1912
233.03 54.30 80.79 81.46 0.1912
671.89 54.30 80.79 81.46 0.1912
708.46 54.30 80.79 81.46 0.1912
306.18 81.73 80.79 81.46 0.1912
635.32 109.16 80.79 81.46 0.1912
671.89 109.16 80.79 81.46 0.1912
708.46 109.16 80.79 81.46 0.1912
745.03 109.16 80.79 81.46 0.1912
781.61 109.16 80.79 81.46 0.1912
708.46 164.02 80.79 81.46 0.1912
745.03 164.02 80.79 81.46 0.1912
781.61 164.02 80.79 81.46 0.1912
196.55 602.89 80.72 81.36 0.1912
13.80 630.67 80.30 80.78 0.1912
891.49 54.49 80.41 80.98 0.1911
306.19 493.15 80.78 81.42 0.1911
123.33 520.58 80.78 81.42 0.1911
818.40 657.90 80.49 81.13 0.1911
196.34 0.00 81.21 81.22 0.1911
818.05 0.00 81.21 81.22 0.1911
13.78 219.29 80.26 80.66 0.1911
635.27 54.28 80.84 81.50 0.1911
854.70 164.00 80.84 81.50 0.1911
891.58 411.20 80.17 80.68 0.1911
87.00 657.92 80.43 81.09 0.1911
160.14 657.92 80.43 81.09 0.1911
159.87 493.13 80.82 81.45 0.1911
269.56 54.28 80.94 81.50 0.1911
415.91 164.07 80.79 81.34 0.1911
379.33 191.50 80.79 81.34 0.1911
452.49 301.17 80.76 81.37 0.1911
123.58 657.90 80.43 81.09 0.1911
671.91 164.02 80.85 81.43 0.1911
306.01 0.00 81.27 81.24 0.1911
342.58 0.00 81.27 81.24 0.1911
854.66 54.29 80.90 81.53 0.1911
269.69 410.90 80.72 81.26 0.1911
854.82 328.70 80.68 81.24 0.1911
86.74 520.56 80.84 81.42 0.1911
891.56 136.82 80.32 80.91 0.1911
891.56 191.68 80.32 80.91 0.1911
489.04 493.18 80.83 81.40 0.1910
671.96 575.46 80.76 81.39 0.1910
233.10 602.89 80.76 81.39 0.1910
13.81 54.70 80.25 80.70 0.1910
891.67 301.49 80.21 80.79 0.1910
13.81 383.84 80.25 80.70 0.1910
13.75 136.99 80.31 80.70 0.1910
562.26 301.21 80.70 81.29 0.1910
159.96 81.75 80.69 81.33 0.1910
379.39 81.75 80.69 81.33 0.1910
269.67 191.47 80.69 81.33 0.1910
233.10 218.90 80.69 81.33 0.1910
159.96 246.32 80.69 81.33 0.1910
196.53 246.32 80.69 81.33 0.1910
708.53 246.32 80.69 81.33 0.1910
745.10 273.75 80.69 81.33 0.1910
781.67 273.75 80.69 81.33 0.1910
854.82 273.75 80.69 81.33 0.1910
159.96 301.18 80.69 81.33 0.1910
415.84 493.12 80.87 81.45 0.1910
86.78 81.82 80.73 81.28 0.1910
86.78 328.68 80.73 81.28 0.1910
123.35 328.68 80.73 81.28 0.1910
818.20 328.68 80.73 81.28 0.1910
671.91 218.84 80.77 81.49 0.1910
818.19 548.05 80.80 81.34 0.1910
342.75 301.17 80.79 81.41 0.1910
525.62 328.58 80.78 81.40 0.1910
269.61 465.74 80.79 81.41 0.1910
233.04 493.17 80.79 81.41 0.1910
196.48 520.58 80.78 81.40 0.1910
159.90 575.45 80.79 81.41 0.1910
123.34 81.73 80.75 81.37 0.1910
562.20 81.73 80.75 81.37 0.1910
598.77 81.73 80.75 81.37 0.1910
86.77 136.59 80.75 81.37 0.1910
123.34 136.59 80.75 81.37 0.1910
562.20 136.59 80.75 81.37 0.1910
342.77 164.02 80.75 81.37 0.1910
598.77 164.02 80.75 81.37 0.1910
86.77 191.45 80.75 81.37 0.1910
123.34 191.45 80.75 81.37 0.1910
562.20 191.45 80.75 81.37 0.1910
598.77 218.88 80.75 81.37 0.1910
123.34 246.30 80.75 81.37 0.1910
635.34 246.30 80.75 81.37 0.1910
671.91 273.73 80.75 81.37 0.1910
818.20 273.73 80.75 81.37 0.1910
379.39 136.66 80.72 81.30 0.1910
818.15 136.55 80.81 81.41 0.1910
269.67 246.38 80.72 81.30 0.1910
233.10 273.81 80.72 81.30 0.1910
452.73 657.92 80.36 81.11 0.1910
525.87 657.94 80.38 81.04 0.1910
196.48 136.58 80.77 81.46 0.1909
233.05 164.01 80.77 81.46 0.1909
745.05 218.86 80.77 81.46 0.1909
854.76 218.86 80.77 81.46 0.1909
379.34 301.19 80.77 81.36 0.1909
708.48 548.04 80.77 81.36 0.1909
781.62 548.04 80.77 81.36 0.1909
415.93 273.77 80.71 81.31 0.1909
379.59 657.94 80.47 81.04 0.1909
635.59 657.94 80.47 81.04 0.1909
452.46 109.19 80.81 81.35 0.1909
562.17 246.33 80.81 81.35 0.1909
891.61 246.54 80.27 80.90 0.1909
598.74 328.62 80.81 81.35 0.1909
635.31 356.05 80.81 81.35 0.1909
671.89 356.05 80.81 81.35 0.1909
159.89 383.47 80.81 81.35 0.1909
745.03 383.47 80.81 81.35 0.1909
854.74 383.47 80.81 81.35 0.1909
306.24 191.43 80.74 81.39 0.1909
671.92 465.72 80.80 81.38 0.1909
379.33 493.15 80.78 81.42 0.1909
598.76 493.15 80.78 81.42 0.1909
