29_Students_Schoolkids_Students_Schoolkids_29_941
200
927.91 0.00 81.04 72.45 0.1925
50.59 538.06 80.21 72.00 0.1921
50.53 342.26 80.38 72.18 0.1920
50.54 293.34 80.26 72.15 0.1920
50.52 464.64 80.28 72.02 0.1920
50.50 244.40 80.27 72.12 0.1919
50.51 391.17 80.29 72.11 0.1919
50.63 122.15 80.16 72.02 0.1918
50.63 73.22 80.18 72.02 0.1918
50.54 195.48 80.25 72.07 0.1918
891.64 415.68 80.19 72.03 0.1918
891.67 48.74 80.11 71.95 0.1917
50.38 0.00 80.71 72.22 0.1917
928.08 415.68 80.53 72.31 0.1916
269.86 586.86 80.43 72.23 0.1916
928.18 464.58 80.47 72.28 0.1916
488.90 0.00 81.13 72.42 0.1916
159.72 0.00 81.17 72.43 0.1916
525.43 0.00 81.17 72.43 0.1916
562.01 0.00 81.17 72.43 0.1916
196.33 0.00 81.22 72.42 0.1916
232.91 0.00 81.22 72.42 0.1916
269.48 0.00 81.22 72.42 0.1916
379.19 0.00 81.22 72.42 0.1916
415.76 0.00 81.22 72.42 0.1916
452.33 0.00 81.22 72.42 0.1916
928.21 513.64 80.39 72.15 0.1915
598.61 0.00 81.13 72.42 0.1915
635.18 0.00 81.13 72.42 0.1915
671.75 0.00 81.13 72.42 0.1915
928.15 48.72 80.49 72.21 0.1915
928.20 562.49 80.41 72.23 0.1915
854.56 0.00 81.19 72.44 0.1915
891.61 366.79 80.18 72.02 0.1914
489.35 586.90 80.29 72.12 0.1914
891.33 0.00 80.87 72.29 0.1914
928.11 268.90 80.52 72.21 0.1914
123.18 0.00 81.16 72.43 0.1914
306.05 0.00 81.22 72.42 0.1913
342.62 0.00 81.22 72.42 0.1913
379.59 586.91 80.35 72.15 0.1913
817.93 0.00 81.27 72.42 0.1913
781.83 586.81 80.43 72.31 0.1913
635.59 586.82 80.49 72.29 0.1913
928.10 122.11 80.54 72.28 0.1913
928.10 219.97 80.54 72.28 0.1913
160.12 586.81 80.52 72.32 0.1913
196.69 586.81 80.52 72.32 0.1913
233.26 586.81 80.52 72.32 0.1913
672.12 586.81 80.52 72.32 0.1913
708.69 586.81 80.52 72.32 0.1913
745.26 586.81 80.52 72.32 0.1913
306.12 562.13 80.89 72.69 0.1913
708.26 0.00 81.21 72.42 0.1913
744.83 0.00 81.21 72.42 0.1913
854.81 537.73 80.76 72.60 0.1913
781.36 0.00 81.25 72.44 0.1913
525.87 586.91 80.36 72.23 0.1913
342.70 562.15 80.87 72.65 0.1913
452.77 586.88 80.36 72.25 0.1913
928.10 170.96 80.65 72.37 0.1913
928.09 317.80 80.51 72.29 0.1913
928.09 366.72 80.51 72.29 0.1913
123.51 586.81 80.48 72.32 0.1912
635.40 195.21 80.74 72.60 0.1912
159.97 537.71 80.74 72.60 0.1912
13.81 415.75 80.25 72.00 0.1912
13.81 464.68 80.25 72.00 0.1912
13.62 0.00 80.63 72.11 0.1912
708.46 366.45 80.84 72.64 0.1912
50.71 587.09 79.99 71.81 0.1912
86.54 0.00 81.21 72.43 0.1912
891.59 97.55 80.35 72.19 0.1912
818.27 513.27 80.72 72.56 0.1912
708.55 537.73 80.72 72.56 0.1912
196.52 170.82 80.73 72.52 0.1912
671.91 537.73 80.79 72.56 0.1912
708.43 170.74 80.86 72.65 0.1912
671.90 121.82 80.78 72.62 0.1911
671.90 170.75 80.78 72.62 0.1911
671.90 219.67 80.78 72.62 0.1911
635.33 244.14 80.78 72.62 0.1911
269.62 537.71 80.78 72.62 0.1911
854.70 146.27 80.84 72.69 0.1911
233.00 439.88 80.86 72.62 0.1911
452.48 195.26 80.79 72.55 0.1911
233.05 244.19 80.79 72.55 0.1911
196.48 317.59 80.79 72.55 0.1911
635.35 513.26 80.76 72.58 0.1911
599.02 586.83 80.48 72.29 0.1911
123.29 146.32 80.82 72.57 0.1911
196.47 513.27 80.80 72.51 0.1911
13.75 97.80 80.20 71.89 0.1911
562.42 586.86 80.44 72.24 0.1911
86.99 586.80 80.50 72.32 0.1911
928.40 611.63 80.10 72.24 0.1911
708.40 121.78 80.89 72.69 0.1911
635.39 121.84 80.76 72.59 0.1910
86.75 170.77 80.83 72.60 0.1910
342.82 195.23 80.76 72.59 0.1910
306.25 219.68 80.74 72.59 0.1910
598.82 439.88 80.76 72.59 0.1910
233.10 488.80 80.76 72.59 0.1910
745.00 366.47 80.87 72.63 0.1910
159.89 488.80 80.82 72.59 0.1910
123.32 537.73 80.82 72.59 0.1910
233.03 537.73 80.82 72.59 0.1910
416.15 586.88 80.39 72.21 0.1910
13.75 146.65 80.31 71.98 0.1910
891.61 317.83 80.28 72.05 0.1910
891.63 464.56 80.20 72.08 0.1910
891.77 587.07 79.97 71.83 0.1910
13.77 220.07 80.24 71.89 0.1910
13.77 269.00 80.24 71.89 0.1910
13.77 317.93 80.24 71.89 0.1910
671.99 317.58 80.65 72.51 0.1910
233.06 72.98 80.73 72.49 0.1910
269.63 72.98 80.73 72.49 0.1910
891.51 146.50 80.38 72.19 0.1910
854.78 317.62 80.73 72.49 0.1910
379.40 219.68 80.71 72.61 0.1910
342.83 244.14 80.71 72.61 0.1910
745.11 537.73 80.73 72.61 0.1910
781.68 537.73 80.73 72.61 0.1910
598.79 48.48 80.75 72.53 0.1910
708.48 219.68 80.78 72.60 0.1910
671.90 439.87 80.79 72.61 0.1910
818.18 562.19 80.79 72.61 0.1910
891.61 268.90 80.25 72.07 0.1910
13.87 562.61 80.20 71.93 0.1910
818.20 195.22 80.75 72.57 0.1910
854.77 219.69 80.75 72.57 0.1910
123.34 244.15 80.75 72.57 0.1910
159.91 244.15 80.75 72.57 0.1910
159.91 293.08 80.75 72.57 0.1910
13.82 513.65 80.26 71.97 0.1910
13.76 366.83 80.28 71.95 0.1910
781.63 439.92 80.78 72.54 0.1910
379.35 439.87 80.76 72.56 0.1909
415.92 439.87 80.76 72.56 0.1909
123.34 488.81 80.77 72.57 0.1909
781.70 293.08 80.73 72.59 0.1909
379.31 97.39 80.81 72.56 0.1909
452.46 97.39 80.81 72.56 0.1909
489.03 97.39 80.81 72.56 0.1909
415.89 146.32 80.81 72.56 0.1909
452.46 146.32 80.81 72.56 0.1909
891.61 195.43 80.27 72.15 0.1909
233.03 293.10 80.81 72.56 0.1909
86.74 415.42 80.81 72.56 0.1909
708.46 415.42 80.81 72.56 0.1909
745.03 415.42 80.81 72.56 0.1909
415.85 97.38 80.84 72.58 0.1909
635.33 464.32 80.78 72.62 0.1909
452.50 513.25 80.80 72.58 0.1909
123.34 48.48 80.78 72.55 0.1909
159.91 72.95 80.78 72.55 0.1909
196.49 72.95 80.78 72.55 0.1909
306.20 72.95 80.78 72.55 0.1909
342.77 72.95 80.78 72.55 0.1909
123.34 97.41 80.78 72.55 0.1909
745.06 97.41 80.78 72.55 0.1909
854.76 97.33 80.80 72.63 0.1909
159.91 146.34 80.78 72.55 0.1909
781.63 146.29 80.77 72.65 0.1909
489.06 170.80 80.78 72.55 0.1909
745.06 170.80 80.78 72.55 0.1909
781.63 195.27 80.78 72.55 0.1909
196.49 219.73 80.78 72.55 0.1909
489.06 219.73 80.78 72.55 0.1909
86.76 244.12 80.80 72.63 0.1909
818.20 244.20 80.78 72.55 0.1909
854.77 268.66 80.78 72.55 0.1909
86.76 293.05 80.80 72.63 0.1909
123.33 293.05 80.80 72.63 0.1909
818.20 317.59 80.78 72.55 0.1909
525.67 48.50 80.74 72.59 0.1909
818.15 146.26 80.83 72.69 0.1909
13.88 48.86 80.16 71.91 0.1909
598.82 195.23 80.76 72.58 0.1909
562.24 439.88 80.76 72.58 0.1909
598.82 488.81 80.76 72.58 0.1909
671.98 488.80 80.70 72.58 0.1909
854.75 464.34 80.82 72.57 0.1909
525.59 195.22 80.86 72.61 0.1909
525.59 244.14 80.86 72.61 0.1909
525.59 293.07 80.86 72.61 0.1909
818.16 415.39 80.86 72.61 0.1909
123.34 195.19 80.79 72.63 0.1908
159.91 195.19 80.79 72.63 0.1908
196.48 268.58 80.79 72.63 0.1908
86.77 341.97 80.79 72.63 0.1908
123.34 341.97 80.79 72.63 0.1908
159.91 341.97 80.79 72.63 0.1908
379.38 48.42 80.75 72.67 0.1908
452.48 48.48 80.79 72.62 0.1908
818.19 366.49 80.82 72.60 0.1908
854.76 366.49 80.82 72.60 0.1908
781.58 366.48 80.86 72.63 0.1908
598.75 244.16 80.79 72.59 0.1908
