17_Ceremony_Ceremony_17_171
200
150.34 256.69 356.42 302.31 0.8772
296.83 155.26 365.97 190.80 0.7801
451.57 156.02 365.87 193.69 0.7477
123.42 268.50 155.24 322.47 0.7005
445.45 323.03 361.02 290.97 0.6834
231.47 173.03 331.40 294.97 0.6735
286.56 317.14 370.42 287.85 0.6324
470.21 191.89 549.64 258.05 0.4686
538.86 256.63 338.45 275.50 0.4279
460.74 115.07 556.04 164.74 0.4152
160.48 317.29 188.54 384.05 0.3334
158.84 163.96 246.64 218.14 0.2163
414.78 371.45 275.63 388.55 0.1705
268.45 64.62 412.54 146.89 0.1644
204.89 378.38 274.61 381.62 0.1605
148.57 121.16 376.40 171.14 0.1442
275.23 57.65 153.20 71.27 0.1348
496.22 60.39 394.71 153.93 0.1279
160.16 50.86 158.57 85.23 0.1117
48.00 213.51 80.59 137.55 0.1037
539.21 54.75 160.16 77.32 0.0975
621.85 58.72 155.24 80.56 0.0895
260.87 29.88 174.25 64.35 0.0890
740.69 60.37 157.25 81.42 0.0870
612.97 341.27 411.03 260.26 0.0850
67.72 284.07 145.68 358.16 0.0781
57.76 261.92 76.19 204.81 0.0742
554.68 27.47 172.51 60.99 0.0732
500.93 51.10 130.83 101.06 0.0726
88.47 42.98 141.33 83.78 0.0720
31.89 235.82 62.15 159.35 0.0695
159.05 35.24 355.21 159.73 0.0682
542.58 396.18 290.76 363.82 0.0656
133.29 26.76 161.36 74.93 0.0634
413.24 52.88 158.20 76.52 0.0632
45.21 109.09 80.66 182.40 0.0630
291.35 539.42 119.34 158.55 0.0630
619.69 81.47 109.28 156.13 0.0630
20.99 126.39 68.12 159.81 0.0615
847.12 261.61 107.61 167.19 0.0614
476.81 131.89 109.80 158.80 0.0611
49.39 349.94 80.55 174.14 0.0609
680.18 180.57 148.21 106.87 0.0604
604.49 174.43 139.53 122.13 0.0597
514.26 103.34 109.75 147.28 0.0584
499.61 30.90 140.58 67.10 0.0580
154.50 43.84 96.22 160.15 0.0578
55.50 430.62 74.94 169.61 0.0571
133.97 6.16 107.37 62.87 0.0568
257.42 47.24 119.57 154.94 0.0563
724.82 206.22 109.68 136.11 0.0563
329.25 147.85 158.80 108.73 0.0559
677.34 312.32 134.86 137.11 0.0558
463.05 328.59 142.82 112.09 0.0556
48.92 564.09 76.34 155.90 0.0555
455.06 548.65 129.57 155.37 0.0552
294.93 71.58 161.97 101.55 0.0549
771.71 213.94 116.48 129.42 0.0548
611.92 578.83 112.03 160.10 0.0543
728.87 82.97 107.31 189.49 0.0540
385.08 447.88 137.70 138.91 0.0540
363.21 35.48 111.44 89.71 0.0539
570.87 195.82 127.30 139.17 0.0531
629.09 30.84 167.76 69.19 0.0527
470.64 478.26 109.88 156.67 0.0525
98.30 339.55 114.27 153.91 0.0522
522.40 341.67 139.03 131.12 0.0521
680.89 81.10 118.87 157.15 0.0519
115.15 263.50 85.49 186.94 0.0519
243.16 143.39 125.59 176.39 0.0516
563.64 76.67 144.27 100.88 0.0516
482.72 72.47 101.40 124.51 0.0513
175.17 412.15 120.23 139.26 0.0510
638.84 523.84 143.65 138.83 0.0509
359.60 277.97 111.43 146.65 0.0508
804.91 400.53 110.16 165.00 0.0507
768.41 30.57 165.22 62.70 0.0504
331.86 457.94 126.43 139.45 0.0502
499.39 449.56 148.34 153.66 0.0500
253.54 271.94 108.68 176.94 0.0499
441.54 91.26 97.02 148.72 0.0499
788.79 330.64 143.73 109.95 0.0499
601.96 343.68 141.95 133.04 0.0498
145.88 269.81 100.76 172.34 0.0497
108.95 611.51 109.11 138.46 0.0497
749.58 325.16 118.58 169.62 0.0496
490.01 594.89 134.41 123.94 0.0493
398.90 337.20 128.31 127.83 0.0491
360.36 544.23 106.11 156.18 0.0489
26.12 215.08 56.28 110.56 0.0487
195.06 243.29 143.23 122.21 0.0475
70.96 569.57 107.06 141.61 0.0474
750.95 462.56 273.05 283.54 0.0473
700.97 541.27 138.37 146.69 0.0471
243.13 424.50 149.36 116.41 0.0471
643.50 209.81 126.88 136.40 0.0470
592.58 529.00 114.33 147.14 0.0470
1.78 237.39 63.59 138.86 0.0470
246.65 23.36 112.54 100.36 0.0468
521.34 0.00 156.17 64.13 0.0468
184.96 308.10 104.09 179.90 0.0468
767.85 0.00 103.41 81.98 0.0467
7.28 165.85 57.38 131.44 0.0465
278.69 229.63 109.98 146.12 0.0464
80.86 59.36 95.72 139.09 0.0463
723.58 271.28 114.29 142.26 0.0462
122.16 144.35 123.81 166.06 0.0461
144.62 429.97 105.56 151.71 0.0461
652.19 45.47 371.81 185.94 0.0461
295.42 0.00 108.32 78.91 0.0461
388.75 518.06 134.96 137.94 0.0460
212.80 543.10 120.75 145.93 0.0460
57.31 75.96 66.37 127.25 0.0459
648.82 262.66 126.43 155.71 0.0458
120.54 86.07 98.80 158.66 0.0457
566.91 373.85 132.81 138.52 0.0457
250.19 459.95 115.40 173.49 0.0456
370.52 173.08 153.55 117.49 0.0456
594.63 0.00 89.49 113.54 0.0456
563.56 0.00 80.33 126.21 0.0456
560.64 314.14 143.82 132.88 0.0456
391.04 588.55 128.29 153.43 0.0455
27.46 434.74 67.26 174.51 0.0453
0.00 95.59 57.81 122.82 0.0452
177.86 79.08 123.89 159.98 0.0449
54.44 241.03 148.53 127.58 0.0447
749.05 170.21 151.36 117.69 0.0447
692.05 52.36 112.23 109.82 0.0447
504.63 180.76 114.41 165.63 0.0445
433.58 395.53 112.24 171.71 0.0443
135.33 564.79 124.38 142.83 0.0442
830.24 356.50 128.85 148.78 0.0441
449.29 9.84 130.35 67.67 0.0440
369.92 325.23 110.07 186.13 0.0439
518.73 0.00 83.98 122.92 0.0438
843.67 217.97 103.36 129.95 0.0438
409.45 80.62 89.33 130.45 0.0438
579.87 128.42 118.55 138.28 0.0437
773.37 273.27 107.88 146.19 0.0436
106.01 525.80 110.86 143.15 0.0434
574.27 449.95 131.28 145.13 0.0433
58.61 119.18 148.72 97.19 0.0432
43.91 41.80 94.54 106.27 0.0431
222.30 338.54 119.45 150.77 0.0430
447.93 0.00 179.52 45.72 0.0430
530.16 548.33 122.72 132.31 0.0430
531.48 167.12 139.26 120.93 0.0428
60.56 399.29 116.14 142.90 0.0422
0.00 212.98 37.65 130.49 0.0422
69.13 487.66 106.66 143.65 0.0419
818.01 471.85 145.41 118.27 0.0417
678.14 0.00 164.26 52.80 0.0414
782.02 530.56 142.74 170.08 0.0411
101.68 445.44 102.34 138.18 0.0407
592.17 0.00 165.13 59.29 0.0406
460.87 368.05 128.33 141.23 0.0406
263.01 134.61 152.46 116.07 0.0406
23.34 53.74 62.84 155.82 0.0405
754.63 487.01 130.50 148.46 0.0405
327.83 314.27 105.08 166.48 0.0401
29.68 365.65 60.18 161.56 0.0400
680.41 590.72 131.57 139.85 0.0400
439.40 153.19 116.67 185.67 0.0398
216.96 444.77 120.24 127.35 0.0395
201.86 192.31 133.76 109.82 0.0394
503.90 270.78 118.87 139.73 0.0393
324.45 581.91 113.32 156.72 0.0393
0.00 0.00 90.97 68.01 0.0393
23.74 502.55 67.93 185.15 0.0391
762.93 442.14 126.86 103.37 0.0391
134.11 499.40 130.97 120.08 0.0389
260.19 596.04 116.13 140.63 0.0388
169.92 604.06 129.93 127.61 0.0386
200.01 496.80 126.10 120.92 0.0380
73.42 167.95 120.47 142.19 0.0380
797.54 84.88 117.73 184.80 0.0379
322.88 153.04 109.61 190.60 0.0378
686.90 367.02 121.47 170.96 0.0373
253.63 0.00 98.96 78.02 0.0373
432.60 277.01 104.39 147.95 0.0370
729.35 0.00 86.10 98.89 0.0369
826.86 0.00 86.25 116.82 0.0366
864.72 406.99 122.22 153.64 0.0365
45.79 1.20 132.39 78.37 0.0360
310.31 254.84 147.06 111.72 0.0360
369.91 0.00 124.09 69.68 0.0355
0.00 440.53 65.62 151.39 0.0354
345.47 0.00 94.56 97.89 0.0353
657.02 435.72 111.28 159.73 0.0348
187.43 0.00 114.59 82.23 0.0348
821.27 0.00 154.76 61.33 0.0347
530.36 418.66 133.47 125.16 0.0346
13.41 19.97 84.26 119.86 0.0345
381.72 219.10 119.02 160.82 0.0343
471.46 218.14 105.97 157.88 0.0340
460.94 600.23 91.08 159.77 0.0337
828.71 184.71 142.69 110.95 0.0336
799.39 263.45 224.61 292.30 0.0326
0.00 93.44 215.00 186.06 0.0321
613.92 389.33 120.53 156.32 0.0320
