40_Gymnastics_Gymnastics_40_274
62
364.51 128.00 39.93 55.14 0.853359
237.04 124.20 37.34 50.80 0.802484
497.82 109.80 40.92 59.07 0.684269
125.70 128.39 41.33 57.48 0.552112
870.68 169.53 43.66 52.40 0.542705
635.12 125.87 43.35 58.97 0.481474
764.19 138.92 47.86 65.42 0.397555
345.85 332.46 61.51 90.27 0.258481
823.28 314.35 110.71 162.67 0.186528
766.68 308.33 103.28 179.13 0.182361
740.78 348.17 89.27 132.78 0.177853
460.35 246.96 117.04 198.33 0.163975
404.46 305.15 75.79 119.54 0.150959
607.73 271.68 88.79 171.70 0.123144
638.24 316.41 67.27 111.35 0.119720
800.13 247.81 25.35 45.83 0.107595
463.42 235.33 29.95 37.84 0.100403
986.98 218.64 25.74 34.68 0.099574
828.04 305.52 48.67 65.65 0.095877
880.95 136.38 38.46 63.59 0.092964
663.68 329.49 76.25 121.41 0.090342
929.86 292.85 34.70 64.57 0.086061
98.26 341.59 31.35 57.14 0.085307
946.67 209.96 34.38 38.09 0.081955
783.84 202.34 40.66 49.08 0.077878
561.43 287.02 26.38 40.43 0.077752
205.47 329.74 65.77 93.33 0.077736
448.69 255.08 64.22 120.30 0.074938
530.96 279.54 59.38 85.96 0.074664
110.38 247.40 23.47 31.18 0.074368
934.21 270.46 36.06 65.77 0.074279
991.32 187.56 25.78 39.16 0.073410
447.94 311.97 79.78 141.80 0.073052
919.46 306.31 50.15 86.66 0.071513
984.24 237.04 26.91 40.14 0.069732
435.23 278.49 51.33 61.00 0.067382
885.71 343.32 86.24 121.78 0.066459
825.26 391.41 66.44 111.30 0.065283
990.33 148.98 24.85 40.69 0.064907
893.58 227.66 25.03 42.41 0.064269
317.45 308.51 52.56 69.06 0.064165
944.14 240.90 31.77 42.30 0.063702
791.54 282.33 56.81 92.60 0.062631
465.73 216.65 31.92 41.60 0.062239
612.26 349.24 69.93 117.27 0.060377
112.06 222.98 27.32 26.08 0.060332
275.30 328.98 55.33 79.95 0.059667
230.76 141.41 41.83 63.54 0.059238
668.15 269.03 26.62 42.94 0.058859
878.47 296.02 47.30 54.48 0.057300
9.82 282.12 22.24 26.11 0.056791
111.21 156.05 42.22 50.99 0.056136
846.79 130.73 32.23 63.94 0.055779
202.17 245.24 24.19 39.54 0.055291
204.49 208.82 27.88 35.85 0.054909
525.94 239.35 37.30 50.13 0.053049
664.65 246.93 29.34 50.34 0.052981
758.89 172.88 46.73 69.44 0.052757
560.02 16.20 47.93 69.71 0.052667
703.41 302.34 44.68 95.02 0.051933
59.21 287.46 16.54 18.92 0.050874
494.00 69.15 56.90 112.95 0.050497
