40_Gymnastics_Gymnastics_40_950
90
636.72 70.67 72.51 82.70 0.855572
858.30 42.59 72.15 87.31 0.779577
495.57 80.54 45.18 65.54 0.758517
344.25 53.76 57.21 70.43 0.745140
115.89 92.92 70.25 63.72 0.526064
751.23 444.83 39.89 39.77 0.370128
972.85 15.83 47.07 53.07 0.358807
594.99 409.67 40.87 65.46 0.269826
926.26 17.17 45.55 48.63 0.254515
445.41 321.59 143.63 264.65 0.196276
791.00 9.95 68.26 76.82 0.189613
926.01 41.85 45.47 62.26 0.184465
174.96 81.46 53.76 64.20 0.172273
962.37 58.48 59.81 89.87 0.171077
130.02 56.40 43.05 59.55 0.165680
526.52 360.25 102.58 180.82 0.162825
8.41 328.54 84.90 181.72 0.162406
10.68 346.29 35.94 64.43 0.161077
76.44 330.14 180.96 241.58 0.151992
168.09 411.31 64.36 85.12 0.149554
569.18 11.48 53.76 52.62 0.147753
886.46 584.83 43.02 25.17 0.146931
211.75 85.22 65.92 59.69 0.146363
648.63 16.98 63.15 68.24 0.141847
777.97 565.15 90.58 44.85 0.140885
800.53 378.70 60.85 77.41 0.138027
715.51 248.91 35.56 31.39 0.129421
400.95 245.61 111.97 88.11 0.124950
886.08 0.00 60.09 48.35 0.122852
146.35 421.19 99.84 140.33 0.117779
796.74 505.64 86.67 87.12 0.114318
194.80 376.08 33.47 46.21 0.114235
332.65 280.05 33.95 30.30 0.113654
589.83 14.54 58.36 63.97 0.113563
148.32 89.15 104.41 105.39 0.113557
105.68 53.47 52.00 69.75 0.113428
273.10 85.03 47.56 55.01 0.108156
797.62 414.27 75.24 79.56 0.108019
894.52 52.12 77.00 85.03 0.107712
106.17 111.26 69.11 82.93 0.105979
728.71 0.00 66.35 67.57 0.103814
425.85 132.70 193.59 260.84 0.103647
202.50 296.06 36.95 35.26 0.097917
183.41 385.11 46.79 69.73 0.096306
770.40 65.74 63.52 74.19 0.095849
784.53 0.00 53.01 57.72 0.095741
571.31 36.31 53.87 64.84 0.091292
984.92 584.75 35.01 25.25 0.089909
136.85 320.67 89.34 123.72 0.084212
109.98 30.10 32.96 48.01 0.083500
193.98 335.64 53.35 69.70 0.079515
681.23 12.52 69.83 91.20 0.078998
28.51 290.88 151.33 203.79 0.077679
842.67 0.00 50.46 54.36 0.076285
807.57 437.01 80.37 94.07 0.075345
448.35 315.65 87.01 101.25 0.074863
796.04 473.23 73.81 82.57 0.073032
640.15 421.76 48.85 58.79 0.069439
691.04 580.01 46.83 29.29 0.069144
321.94 273.11 57.46 54.57 0.068842
495.47 411.80 104.60 152.68 0.068182
153.41 134.60 104.15 116.71 0.067968
611.60 368.31 56.96 108.75 0.067246
431.23 80.27 27.98 38.33 0.067171
769.98 127.70 52.63 44.69 0.067017
875.56 95.06 48.86 68.44 0.065895
138.25 32.04 31.87 51.70 0.064757
645.38 102.88 54.43 82.02 0.063844
787.01 268.36 88.87 133.09 0.063564
427.04 347.86 100.72 131.21 0.061972
831.96 229.12 47.07 69.08 0.061377
936.21 582.25 46.68 27.75 0.061349
875.08 154.84 59.52 82.02 0.060454
4.00 429.68 157.68 163.30 0.059596
359.67 210.87 179.62 106.90 0.059344
893.96 167.95 25.54 31.49 0.058668
867.68 183.36 121.52 141.18 0.057574
638.12 377.22 44.20 56.88 0.057434
659.04 581.31 44.69 28.69 0.054839
173.67 385.17 98.93 123.98 0.054364
166.15 306.69 278.56 294.06 0.054169
796.63 154.61 92.75 116.92 0.053656
488.38 506.39 66.60 103.61 0.053426
831.72 421.84 102.12 123.42 0.052244
724.56 29.64 76.49 94.31 0.051130
517.29 229.07 85.38 143.01 0.051035
694.41 0.00 65.90 63.41 0.050931
421.87 50.23 36.53 45.80 0.050638
823.92 276.62 92.26 115.74 0.050511
186.37 296.80 101.97 125.74 0.050493
