40_Gymnastics_Gymnastics_40_420
117
748.09 461.81 119.42 131.23 0.641287
389.21 284.80 89.03 161.13 0.469739
180.08 171.16 62.78 121.04 0.418802
417.66 557.94 62.83 131.11 0.407829
258.67 175.70 65.83 121.66 0.400069
496.36 386.72 68.69 115.65 0.398840
216.50 169.10 80.29 133.48 0.395690
591.00 405.89 90.11 116.03 0.390759
639.39 739.51 137.71 320.51 0.370860
332.12 193.75 53.70 108.58 0.350604
370.37 202.65 65.17 114.74 0.339815
568.05 665.19 88.95 193.71 0.319781
399.01 209.42 69.82 104.29 0.301539
446.24 323.06 77.86 155.70 0.301352
628.93 693.85 70.76 155.07 0.289075
367.41 491.66 68.36 164.99 0.283220
549.17 708.08 77.91 183.76 0.280739
367.53 159.87 54.79 105.79 0.272200
543.40 882.87 73.25 194.89 0.272188
535.27 598.77 77.26 157.51 0.260870
421.81 627.37 65.94 144.74 0.257278
324.57 203.33 89.48 163.98 0.256321
510.36 725.87 80.05 220.94 0.252319
404.69 214.87 132.08 208.56 0.251217
400.33 153.05 64.95 92.82 0.246029
454.29 775.25 65.35 184.62 0.241656
656.02 748.65 93.29 182.02 0.241545
430.56 185.88 94.02 123.99 0.234015
357.03 787.75 61.48 171.38 0.232279
581.44 754.96 64.29 155.73 0.230745
528.28 359.48 104.04 142.99 0.228163
248.94 686.41 69.59 176.20 0.221953
454.65 642.60 54.55 134.09 0.219481
326.62 288.18 102.65 206.12 0.219165
667.61 677.43 87.87 171.44 0.216303
398.21 819.28 87.01 212.08 0.207848
434.79 141.26 80.26 104.67 0.207726
570.01 852.61 119.76 289.79 0.201905
418.30 699.80 75.12 159.13 0.200395
695.67 472.89 103.21 94.44 0.197131
362.70 836.00 84.21 215.83 0.193040
500.29 803.15 95.73 245.80 0.186383
682.47 596.86 81.96 99.54 0.184860
674.26 695.43 177.96 524.09 0.175497
458.77 443.50 58.59 127.33 0.171006
602.25 849.95 185.77 417.55 0.154206
580.14 503.27 92.01 132.75 0.151404
455.33 272.07 124.17 183.91 0.148201
185.63 84.12 71.49 165.94 0.142972
430.72 854.82 94.95 231.87 0.141329
716.32 536.00 94.29 141.61 0.138006
142.65 254.69 64.46 90.46 0.136248
511.32 556.01 84.64 145.79 0.136135
457.03 551.01 55.81 134.99 0.134189
269.49 832.48 56.24 163.67 0.131566
611.92 604.93 106.59 156.20 0.127844
377.43 688.23 65.10 135.72 0.119919
807.25 487.94 113.35 104.48 0.119150
213.52 69.13 80.78 155.36 0.116889
302.12 674.49 59.79 130.24 0.115120
614.74 473.78 98.45 149.92 0.113909
585.10 70.21 124.16 198.10 0.105535
756.67 821.32 130.55 342.65 0.102427
155.06 72.46 55.90 92.90 0.099489
151.08 131.31 52.80 109.44 0.099379
89.23 200.62 38.05 94.63 0.099271
382.27 889.42 94.34 248.06 0.096451
336.76 459.20 62.47 122.81 0.094479
470.88 128.29 102.52 117.54 0.093542
702.79 629.15 146.18 241.64 0.088545
504.61 204.71 172.94 204.82 0.088370
126.38 301.05 82.13 159.06 0.088155
217.89 306.51 62.97 141.32 0.086186
233.62 3.92 55.25 67.99 0.083992
825.88 561.46 69.47 117.00 0.082600
784.30 959.07 120.59 262.53 0.080101
707.84 364.22 165.92 196.98 0.079742
269.58 502.19 44.39 96.22 0.079706
259.39 70.62 73.87 112.88 0.078230
80.49 244.07 54.06 92.81 0.077489
480.17 83.84 89.87 109.14 0.073377
772.34 657.69 124.07 329.16 0.072855
540.95 107.96 90.71 116.26 0.072518
410.93 89.11 57.86 66.88 0.072396
811.35 425.14 121.63 119.38 0.069757
235.78 544.03 51.24 82.97 0.067911
435.94 93.83 85.64 95.45 0.067564
179.57 695.92 102.86 237.28 0.066139
874.11 641.91 79.43 150.25 0.065719
939.10 565.95 35.38 55.08 0.065715
883.89 708.73 75.18 239.22 0.064578
723.46 957.45 132.03 269.57 0.063618
138.58 272.94 127.26 229.20 0.062690
629.89 45.63 176.08 243.18 0.062254
238.58 494.57 49.64 89.27 0.061734
102.81 61.56 29.87 87.69 0.061548
466.57 812.14 193.81 479.50 0.061324
55.15 192.54 47.83 118.25 0.061319
100.08 144.43 31.39 94.44 0.060673
328.42 75.15 54.26 86.21 0.060578
187.74 8.14 48.03 60.84 0.060554
166.63 400.18 75.92 160.41 0.058923
775.92 28.81 84.04 140.98 0.058863
228.85 382.77 53.11 121.51 0.058572
429.76 948.03 108.44 268.27 0.056765
1.98 295.02 33.38 88.05 0.055691
59.95 277.01 34.35 61.61 0.055623
64.37 347.74 149.96 288.14 0.054415
256.43 234.57 85.67 201.88 0.054029
278.20 0.00 53.94 69.36 0.053238
705.00 15.82 128.71 192.71 0.053136
100.41 11.78 23.11 43.55 0.052944
372.66 74.42 65.93 75.49 0.051186
335.45 528.81 57.06 117.84 0.050978
845.53 601.53 81.25 109.62 0.050912
984.59 556.14 39.41 68.07 0.050727
500.86 180.63 153.76 124.84 0.050228
