40_Gymnastics_Gymnastics_40_161
79
569.40 208.72 77.65 108.16 0.513319
370.23 10.94 114.24 92.15 0.305522
736.05 125.14 72.32 74.19 0.280611
637.35 296.25 313.35 254.40 0.227940
230.87 186.73 63.72 49.67 0.219405
255.30 145.99 113.20 85.52 0.193482
397.24 415.85 102.84 144.47 0.156323
143.11 370.64 38.11 38.77 0.149885
757.03 148.51 80.82 101.79 0.146246
990.55 176.85 26.35 40.34 0.145941
188.71 186.92 56.17 45.98 0.142778
290.30 433.36 121.86 73.08 0.139347
988.28 154.88 28.74 46.99 0.138267
893.44 194.91 28.46 36.50 0.137057
226.37 421.27 211.81 108.50 0.130749
96.86 348.03 29.53 37.14 0.123648
11.54 338.96 24.47 34.56 0.119366
729.01 627.76 130.03 103.92 0.117457
626.59 187.49 74.91 81.31 0.116239
412.95 159.38 40.85 70.17 0.114804
247.08 443.55 91.19 44.80 0.111768
887.65 202.74 37.75 48.54 0.110388
350.77 63.67 104.80 108.14 0.109136
346.38 146.61 73.32 95.41 0.108098
59.23 345.55 27.17 36.36 0.106972
942.62 191.36 20.33 29.15 0.105683
803.44 185.20 68.10 76.65 0.096741
220.18 451.98 135.23 62.98 0.094428
142.05 181.61 44.85 42.45 0.094366
688.10 639.60 104.67 100.24 0.093907
695.75 67.77 130.72 132.55 0.093005
61.29 362.44 29.34 37.66 0.090355
887.95 598.76 60.98 85.81 0.089392
180.30 455.09 38.86 37.29 0.087590
226.03 482.27 211.33 115.90 0.082121
704.88 152.79 86.36 83.26 0.081350
943.66 219.20 23.94 36.52 0.080874
94.24 163.67 60.77 68.75 0.079627
231.72 451.21 62.31 36.26 0.077262
569.31 382.28 441.54 239.36 0.077030
175.97 466.55 52.98 42.75 0.074144
234.85 80.24 165.14 172.84 0.070246
943.19 154.92 25.84 45.06 0.068333
145.92 449.74 48.75 34.88 0.068019
681.60 158.21 234.24 201.04 0.066647
987.24 208.53 28.48 46.16 0.066087
726.62 640.66 65.60 60.80 0.066035
586.12 237.53 110.09 126.48 0.065772
826.63 146.87 46.80 66.91 0.064985
888.99 597.96 42.26 41.89 0.064480
892.83 155.57 33.19 56.34 0.064460
15.47 182.99 17.99 38.89 0.063036
145.01 392.62 43.84 42.01 0.062971
640.45 655.34 179.03 158.74 0.061868
860.50 273.09 102.53 153.79 0.061029
484.62 390.58 119.14 152.65 0.060584
685.12 167.11 128.09 122.37 0.060511
10.63 304.25 26.27 62.26 0.060235
777.68 604.28 127.80 124.48 0.059695
96.32 437.72 46.50 49.01 0.057250
7.14 344.46 31.41 56.82 0.057241
12.92 218.72 19.83 42.67 0.057163
54.71 646.89 30.89 29.21 0.056444
985.62 88.23 35.26 80.61 0.055872
983.52 779.05 35.54 40.95 0.055515
160.95 365.47 61.61 38.60 0.055393
886.00 779.02 44.59 40.98 0.055225
258.16 415.40 93.72 46.19 0.054525
937.99 778.79 42.47 41.21 0.053941
980.95 249.00 35.63 45.75 0.053687
48.53 174.39 29.67 48.75 0.052545
13.43 144.87 20.10 50.79 0.052517
97.29 390.83 50.91 62.09 0.052149
695.51 11.28 128.31 129.50 0.052143
548.70 153.75 74.52 113.29 0.052124
419.71 409.68 52.64 66.59 0.051968
174.59 409.86 47.41 31.02 0.051395
580.08 157.23 65.71 77.99 0.050944
637.48 661.73 96.49 73.83 0.050696
