40_Gymnastics_Gymnastics_40_24
156
571.85 141.92 71.47 60.60 0.258682
147.53 548.04 43.98 44.51 0.217809
615.03 500.79 25.91 32.03 0.211987
700.95 505.84 31.07 33.01 0.207469
613.44 523.23 21.53 27.12 0.206821
560.52 560.49 26.83 32.61 0.182286
794.33 488.16 30.77 36.29 0.170955
64.77 562.73 27.46 26.85 0.165823
655.41 196.09 84.47 122.73 0.160462
945.11 406.88 19.56 24.81 0.160295
476.31 469.14 26.29 28.63 0.156984
687.38 246.58 71.31 88.30 0.151791
938.30 473.80 29.36 29.89 0.150392
619.45 470.79 27.13 32.44 0.148520
539.93 170.03 114.57 104.98 0.146988
564.89 466.79 26.47 29.93 0.146314
434.10 536.91 16.86 19.53 0.145501
664.04 504.71 28.52 28.86 0.143739
473.49 566.34 26.66 31.22 0.141129
530.91 525.59 18.52 25.43 0.140944
106.23 491.28 28.25 30.98 0.139007
551.83 200.94 113.94 132.56 0.138699
667.94 522.04 32.97 32.92 0.136494
527.72 504.07 21.17 24.07 0.135147
325.56 489.72 34.21 39.84 0.132930
704.13 66.59 45.97 36.93 0.129815
428.08 559.02 22.34 29.99 0.127868
566.54 501.21 22.51 24.17 0.127448
379.14 500.48 27.04 26.62 0.125711
286.00 554.98 34.63 40.39 0.124086
901.41 466.00 24.23 30.24 0.123589
566.88 530.81 21.73 28.54 0.122453
290.49 488.51 32.72 42.84 0.121010
323.33 455.21 34.95 43.59 0.119792
384.08 535.26 19.64 22.10 0.118468
424.71 465.72 26.70 30.18 0.116965
294.49 454.07 39.92 46.89 0.116823
612.30 560.34 31.21 36.97 0.115073
480.70 531.10 17.89 22.24 0.114643
714.48 223.10 81.05 109.33 0.113820
314.99 426.45 49.11 67.63 0.113129
529.10 566.87 20.60 25.77 0.112341
327.85 554.42 43.37 53.94 0.111723
291.64 531.11 30.01 35.86 0.111687
7.72 218.13 28.98 39.84 0.111462
411.78 161.81 126.07 124.57 0.111239
465.13 182.19 163.33 149.67 0.111082
524.04 470.30 21.81 27.38 0.107529
582.24 87.36 61.73 55.70 0.107475
473.27 587.35 33.50 27.71 0.105357
704.30 87.02 46.50 43.34 0.105032
478.88 500.57 20.93 25.26 0.103513
98.61 469.35 36.28 41.97 0.101198
429.09 502.70 21.70 25.35 0.100589
377.43 467.51 28.18 29.00 0.100238
993.30 338.51 21.82 30.29 0.099965
9.90 470.12 23.07 32.43 0.099120
192.61 494.85 27.04 33.15 0.098520
589.55 232.46 61.61 97.87 0.096812
328.37 532.52 36.20 45.30 0.096400
146.54 439.64 27.71 33.62 0.094898
659.01 550.40 33.37 36.92 0.093654
942.65 379.03 23.30 27.66 0.091157
475.54 129.79 115.88 86.74 0.090960
651.82 83.51 59.14 42.61 0.090079
192.29 467.98 30.12 34.62 0.089934
110.44 527.80 22.20 26.58 0.088351
932.82 484.79 35.06 35.91 0.086660
190.74 528.69 28.89 34.21 0.086461
152.76 495.62 30.61 29.98 0.086363
143.41 459.50 37.82 40.16 0.085427
422.11 584.07 35.42 38.24 0.084543
711.40 464.15 28.17 38.71 0.084009
10.95 490.56 21.76 31.74 0.083880
563.92 580.08 28.56 32.00 0.083678
652.94 64.76 46.29 33.60 0.083528
710.42 270.60 71.64 80.69 0.083230
241.07 495.44 28.40 32.82 0.082717
233.17 558.41 28.47 29.65 0.082248
940.06 436.83 25.41 27.54 0.082113
993.92 372.49 19.43 27.84 0.081810
706.88 150.70 90.72 151.71 0.081637
638.47 129.99 55.20 56.29 0.081446
623.63 164.52 78.00 71.58 0.081373
78.07 360.32 44.27 51.17 0.080656
899.31 404.21 18.46 25.18 0.080131
901.07 378.69 16.30 23.88 0.080107
192.77 547.38 30.66 41.31 0.078696
101.80 441.73 26.88 29.11 0.078630
381.94 557.03 25.50 35.35 0.078582
993.84 434.47 21.59 29.80 0.077862
990.03 497.18 20.46 25.09 0.077678
994.21 404.17 19.75 29.04 0.077457
657.16 470.56 31.79 30.32 0.077332
990.27 468.90 19.61 25.28 0.074645
240.24 533.45 27.16 35.22 0.074260
719.48 11.14 99.71 56.55 0.074035
612.97 581.74 27.59 30.10 0.073968
946.50 344.53 22.56 27.83 0.073841
59.74 369.26 42.13 37.79 0.073674
58.50 497.57 22.57 23.30 0.073374
468.05 441.04 35.64 39.10 0.072994
542.83 441.41 55.36 56.02 0.072067
110.87 554.97 25.37 30.99 0.071288
513.53 440.76 38.13 46.08 0.069519
898.57 443.09 21.82 29.90 0.069064
57.78 535.33 30.19 34.86 0.068297
19.62 8.76 88.65 80.86 0.067250
759.27 489.45 42.93 36.63 0.066663
420.63 438.55 35.48 39.82 0.066590
366.07 440.24 40.78 40.18 0.066254
521.36 584.83 28.58 29.99 0.066227
771.75 240.32 69.47 109.21 0.066168
710.41 100.35 70.99 71.88 0.065744
850.37 411.62 20.16 27.77 0.065537
686.70 167.64 61.84 96.60 0.064523
849.97 437.70 18.45 27.15 0.064436
378.22 577.27 50.87 44.85 0.064045
645.46 24.30 83.80 76.51 0.063589
563.85 263.23 72.30 71.21 0.063240
664.54 589.98 26.01 27.61 0.063211
185.49 440.14 40.09 44.29 0.063044
687.54 544.51 41.63 44.81 0.062279
608.57 442.49 46.01 54.29 0.061979
284.21 562.36 56.31 57.12 0.061324
7.52 442.33 24.57 32.29 0.061248
850.89 471.61 19.47 23.94 0.061168
792.32 505.50 29.32 43.05 0.060313
3.46 45.49 40.17 57.69 0.059396
754.19 465.97 50.52 47.82 0.059089
705.28 58.48 78.07 55.77 0.059039
991.60 313.32 25.44 39.88 0.058991
75.84 12.38 106.64 71.99 0.058991
486.98 124.38 79.42 57.34 0.057962
900.58 487.19 33.31 35.90 0.057641
456.15 604.80 73.81 74.92 0.057315
946.13 554.01 35.78 37.88 0.055645
236.65 464.37 39.42 47.74 0.055605
54.30 467.34 29.07 33.82 0.054703
702.26 411.14 45.38 78.92 0.054449
853.99 376.36 15.66 23.26 0.054366
59.13 437.60 23.70 29.08 0.054331
992.46 534.62 23.66 27.52 0.054290
606.16 62.57 54.57 36.98 0.053925
779.20 288.55 51.26 73.84 0.053709
7.50 516.86 23.76 38.23 0.053240
741.36 391.14 84.01 123.38 0.052810
0.49 171.38 41.23 82.00 0.052281
794.00 318.77 37.18 50.42 0.052040
141.19 406.02 31.36 38.23 0.051808
0.00 83.94 35.12 62.73 0.051396
286.82 52.06 50.20 40.12 0.051017
990.56 206.77 25.02 47.39 0.050568
177.87 610.78 69.97 65.90 0.050325
54.78 379.37 46.77 55.43 0.050134
989.99 562.23 28.44 35.61 0.050091
