40_Gymnastics_Gymnastics_40_642
127
88.92 283.35 38.15 49.25 0.762282
862.93 245.38 64.81 66.70 0.511063
619.29 288.40 48.26 60.02 0.497196
421.28 273.58 43.95 56.85 0.482522
203.43 274.19 35.32 50.32 0.477622
556.67 298.98 36.14 48.73 0.374263
517.95 299.32 38.40 53.22 0.368587
268.38 323.43 48.69 59.51 0.360295
336.54 316.19 38.50 57.73 0.359608
707.48 334.01 37.93 51.93 0.351461
788.48 300.27 44.33 56.01 0.333758
478.96 313.29 32.76 43.38 0.308542
222.75 383.76 49.07 72.16 0.307380
372.59 330.78 34.41 46.35 0.304460
789.57 328.20 41.66 52.57 0.302244
525.76 284.30 35.16 49.17 0.290282
643.75 331.79 44.68 54.91 0.271275
47.79 362.14 29.40 51.77 0.251499
845.19 340.61 38.79 46.27 0.248850
611.15 394.59 41.90 59.45 0.238998
739.48 341.56 40.60 47.38 0.236842
611.60 316.68 48.66 67.98 0.231565
288.44 285.61 28.66 40.08 0.226250
385.88 272.59 24.53 45.69 0.202759
513.17 336.38 35.64 48.66 0.198909
220.54 270.34 40.46 47.53 0.190240
242.18 316.49 50.85 64.94 0.190049
152.17 308.73 34.13 47.01 0.187117
473.31 385.57 46.76 60.20 0.182118
694.11 283.91 49.34 67.44 0.181547
281.27 365.48 44.59 62.79 0.181458
750.85 401.36 66.98 84.25 0.179975
740.37 364.69 67.04 90.63 0.177949
636.12 375.08 53.40 77.10 0.173289
864.17 268.91 56.43 78.83 0.167632
480.96 329.99 37.61 49.88 0.165171
6.07 300.34 30.46 51.52 0.164967
3.56 274.24 27.18 50.33 0.164314
879.46 332.17 38.23 49.04 0.158810
297.92 349.80 62.92 76.32 0.157480
846.67 304.89 50.85 52.83 0.156433
747.02 311.53 37.49 48.14 0.154947
567.24 332.42 36.18 51.57 0.154509
479.31 285.15 21.56 39.42 0.153083
506.61 377.68 43.52 65.21 0.151776
275.77 385.90 52.51 76.11 0.151038
62.54 291.29 37.12 55.82 0.150418
336.88 291.27 26.77 44.39 0.147765
640.89 244.76 52.19 66.76 0.139371
143.50 283.32 31.87 50.28 0.129541
14.92 339.80 43.06 52.13 0.124141
369.84 368.71 44.08 54.50 0.123493
925.95 262.62 53.51 58.44 0.121607
45.43 375.95 38.24 69.30 0.118770
388.70 252.04 36.37 50.87 0.117956
3.89 246.65 31.32 61.82 0.117263
751.49 282.56 49.64 60.82 0.117134
840.34 352.76 50.66 63.36 0.116447
382.45 410.94 36.03 54.25 0.114690
559.89 253.66 35.82 64.34 0.112866
428.40 318.66 31.72 58.41 0.112572
562.37 372.25 38.37 63.53 0.107220
968.16 268.86 43.59 52.16 0.105755
612.36 251.69 51.03 73.17 0.104647
937.77 316.57 51.11 62.17 0.103856
197.38 329.79 68.46 74.55 0.102715
922.94 0.00 49.54 31.15 0.101455
888.62 0.00 52.09 39.25 0.100532
10.38 596.88 39.47 68.48 0.098790
566.41 435.52 31.74 43.94 0.098723
562.29 410.51 44.00 56.04 0.098459
642.50 404.42 45.37 77.99 0.088925
13.62 195.63 40.45 46.17 0.085452
968.90 329.23 42.14 60.13 0.083015
867.88 356.84 50.86 65.81 0.080141
656.19 214.81 35.23 34.16 0.079697
15.29 354.76 54.98 63.87 0.078292
54.84 605.11 51.79 66.46 0.078278
432.38 415.68 36.81 51.98 0.072483
940.42 669.86 58.37 81.26 0.072056
926.67 11.42 89.31 70.64 0.071873
956.44 280.90 57.49 79.83 0.070490
523.43 254.38 34.65 62.74 0.069581
433.45 379.17 34.07 51.54 0.068323
137.84 435.59 38.17 55.27 0.067422
49.17 544.87 39.45 71.47 0.067276
308.97 438.12 45.75 45.11 0.066823
98.77 413.45 37.13 50.20 0.066278
200.70 403.87 65.00 75.06 0.065688
974.41 454.26 47.18 74.32 0.065113
144.92 416.45 37.86 53.93 0.065007
513.13 423.41 37.08 59.23 0.064847
60.69 252.63 36.03 69.25 0.064207
325.39 729.04 29.65 32.89 0.064044
701.06 394.61 51.21 69.91 0.063926
473.78 640.30 21.75 29.67 0.063531
519.45 736.92 29.20 27.70 0.063478
7.59 727.84 61.76 40.16 0.063425
150.81 739.32 25.71 28.38 0.063231
672.03 243.42 73.12 77.41 0.062580
978.65 722.10 43.51 45.90 0.061981
892.04 602.05 78.25 119.67 0.061834
54.32 589.01 34.69 50.40 0.061452
420.23 731.90 32.91 35.02 0.060961
197.76 736.83 30.25 31.17 0.060500
78.11 608.62 41.76 57.97 0.059985
573.81 738.36 24.67 22.88 0.059796
743.70 244.85 59.59 65.53 0.059323
641.55 91.32 43.93 60.14 0.058376
465.69 252.86 35.42 57.87 0.058217
288.84 733.62 32.43 30.55 0.055684
876.44 407.29 53.32 86.71 0.055411
5.20 127.66 63.29 53.81 0.054634
480.03 738.18 32.81 28.95 0.054021
521.15 206.43 31.80 38.48 0.053967
328.21 698.04 28.13 37.09 0.053631
47.24 524.65 36.04 59.52 0.053609
282.89 255.49 27.99 42.82 0.053456
570.04 213.14 37.61 34.31 0.052961
48.33 426.51 41.57 62.59 0.052892
828.87 393.31 74.45 101.42 0.052839
962.13 350.93 54.31 75.05 0.052748
103.35 737.40 29.90 30.60 0.052723
140.70 251.87 35.60 64.51 0.052337
245.34 734.23 34.41 33.77 0.052277
466.13 408.07 39.90 68.99 0.050993
794.25 247.52 70.64 82.53 0.050351
