24_Soldier_Firing_Soldier_Firing_24_368
167
569.15 227.49 48.92 57.12 0.477883
408.34 162.47 114.87 86.34 0.360684
388.58 314.17 120.21 86.23 0.358288
330.46 64.77 89.20 80.98 0.356405
789.42 389.30 95.96 111.80 0.288168
892.23 97.63 32.42 42.33 0.207535
469.25 179.94 86.10 75.00 0.204839
659.88 257.86 50.81 51.57 0.191448
659.45 234.12 42.54 40.10 0.180527
105.02 267.21 81.38 91.43 0.172842
517.19 218.02 59.33 48.92 0.172660
592.88 253.72 50.73 59.36 0.171908
93.30 21.08 48.87 41.78 0.166087
373.30 28.19 91.57 59.08 0.165577
740.65 64.07 36.49 43.27 0.164949
841.13 60.51 39.58 49.65 0.164907
892.03 73.26 34.93 52.23 0.162254
928.86 82.05 48.34 61.75 0.161797
79.74 103.93 44.66 51.98 0.160196
933.71 124.89 34.49 38.48 0.154012
941.06 151.51 30.88 38.22 0.152021
841.05 93.08 38.75 42.34 0.147931
939.28 37.40 44.42 58.14 0.144847
659.33 210.25 34.73 39.67 0.140212
846.89 284.80 29.77 33.70 0.139866
77.24 34.42 59.82 55.66 0.139788
818.37 430.60 61.89 68.81 0.138647
521.90 242.46 54.45 47.89 0.133766
826.18 376.56 102.27 114.36 0.133758
388.89 187.24 95.14 75.52 0.132557
735.71 148.54 54.81 57.57 0.129445
885.46 224.74 36.03 45.21 0.129313
797.11 122.93 57.95 62.40 0.127238
831.03 143.67 41.44 46.40 0.127140
333.64 18.04 72.92 48.51 0.126277
896.90 298.67 31.32 43.74 0.126273
169.55 90.03 54.03 46.18 0.125568
792.24 81.95 56.25 62.35 0.123169
798.79 154.67 55.39 60.41 0.122263
692.58 228.61 39.08 34.29 0.121050
839.26 287.91 42.30 56.92 0.120622
833.97 118.10 41.39 47.54 0.120099
700.30 201.39 42.59 44.36 0.118387
60.94 107.86 41.25 44.75 0.117460
738.21 186.80 56.63 64.43 0.116647
135.11 17.22 46.36 32.70 0.115615
931.54 151.50 48.81 66.33 0.115455
709.36 169.57 36.37 39.65 0.114612
322.30 155.20 61.94 59.25 0.113733
285.79 21.39 39.71 32.16 0.112446
276.45 111.79 58.00 54.33 0.111944
342.55 82.41 133.36 121.77 0.110046
445.36 17.03 80.42 54.98 0.108677
425.93 286.05 77.04 58.21 0.106269
130.81 52.38 65.73 68.19 0.106085
939.04 290.32 27.64 26.67 0.105608
49.73 58.63 57.75 52.65 0.104942
786.00 186.76 54.26 67.41 0.104337
933.74 211.86 41.43 55.31 0.103722
284.13 59.36 92.45 83.90 0.103272
171.91 59.63 61.42 59.98 0.103104
747.59 112.91 53.07 66.18 0.103066
888.12 252.68 33.33 50.95 0.102584
963.33 70.00 48.26 69.57 0.102538
848.81 261.54 26.75 41.28 0.102107
42.60 19.72 55.22 39.27 0.100915
883.29 38.36 45.38 72.66 0.100285
743.91 86.96 51.91 64.45 0.098120
890.93 198.71 34.13 56.51 0.097589
454.56 256.86 57.30 45.09 0.096998
633.35 370.02 82.83 130.52 0.096769
138.68 38.63 49.72 49.76 0.095698
793.11 40.31 51.64 56.55 0.095278
8.84 18.60 46.54 43.59 0.094721
742.69 341.66 95.97 173.23 0.094537
180.47 35.74 59.70 54.71 0.093508
487.18 15.28 74.70 50.20 0.093418
175.31 324.63 143.76 132.95 0.092886
927.14 293.66 45.00 52.00 0.091990
889.33 17.69 43.43 51.58 0.090697
220.42 23.64 45.14 34.26 0.090410
207.97 35.67 58.08 48.20 0.090360
555.45 187.79 54.06 68.10 0.089556
613.82 414.03 35.71 41.93 0.089528
639.84 300.14 122.78 231.97 0.089146
254.38 122.49 153.41 128.49 0.088095
795.22 524.70 85.46 49.05 0.088072
957.41 31.16 51.43 65.59 0.087770
182.37 21.19 54.30 37.07 0.087527
849.68 228.17 38.37 43.92 0.087442
790.80 441.95 112.25 114.71 0.087386
739.71 17.47 42.93 39.78 0.086163
552.54 18.17 63.25 54.81 0.086083
783.62 18.78 51.33 54.43 0.085963
137.34 89.95 54.22 49.74 0.085014
138.34 5.89 46.79 29.09 0.083620
792.47 225.25 43.01 48.70 0.083227
979.99 121.98 33.15 44.16 0.082550
509.70 3.16 46.18 25.71 0.081842
467.63 4.77 46.85 26.71 0.081177
259.37 270.39 234.02 152.05 0.079992
837.92 29.30 50.86 58.47 0.079824
416.18 6.66 43.24 26.50 0.079074
226.31 82.36 60.64 61.06 0.079066
58.59 131.95 31.90 43.15 0.079047
830.26 493.08 103.23 78.20 0.078877
981.98 151.73 29.95 40.21 0.077748
697.07 10.78 68.06 50.00 0.076919
215.96 50.30 66.96 73.56 0.075366
887.48 164.29 49.50 83.94 0.074320
41.99 4.22 47.07 29.61 0.073764
887.98 299.24 54.58 70.51 0.073131
5.84 1.40 41.19 30.62 0.072823
9.24 125.27 33.13 36.66 0.071897
365.81 237.15 112.55 74.32 0.071796
845.58 189.60 57.23 71.95 0.071789
134.18 257.15 87.93 55.27 0.070877
641.81 161.43 57.06 69.00 0.070602
331.95 7.18 46.97 24.13 0.070545
894.99 140.56 40.45 47.43 0.070290
224.98 108.59 79.95 62.48 0.070224
509.58 251.69 54.65 63.84 0.070035
9.21 145.16 29.57 36.30 0.069130
146.27 104.36 81.69 58.28 0.068765
803.35 271.59 50.01 49.97 0.067905
284.49 7.20 35.92 23.18 0.067687
584.25 179.63 62.82 78.60 0.067615
808.62 290.07 98.34 112.97 0.067188
443.71 77.50 76.16 66.10 0.066698
985.92 301.24 31.09 44.01 0.066373
89.21 4.79 48.85 30.36 0.066329
138.82 118.56 50.95 38.04 0.064317
701.68 98.36 44.23 49.56 0.063255
982.29 224.26 28.62 42.29 0.063200
986.41 358.12 31.51 47.75 0.062238
926.85 314.19 54.96 62.76 0.061701
404.89 312.10 157.19 153.84 0.061189
932.12 260.05 37.70 53.92 0.060973
988.72 283.60 25.44 35.87 0.060623
558.14 411.40 66.86 70.45 0.060178
368.06 6.74 47.58 28.98 0.059720
178.08 4.39 55.97 29.29 0.059700
433.54 47.19 87.33 67.03 0.059561
227.29 5.01 42.46 28.02 0.059463
597.58 12.72 70.07 56.77 0.058467
600.03 3.90 48.22 29.67 0.058461
8.02 480.80 89.43 90.98 0.058019
77.12 123.87 51.15 53.07 0.058003
704.67 119.87 39.79 49.27 0.057885
706.02 65.90 55.48 52.32 0.057343
793.98 269.44 84.20 95.83 0.057211
984.36 329.12 34.50 52.94 0.056987
631.10 258.85 78.37 90.18 0.056846
635.35 11.96 83.88 63.85 0.056112
32.65 207.82 165.48 153.66 0.055748
936.39 4.60 46.02 28.74 0.055328
133.09 191.98 111.96 87.81 0.052204
11.30 101.40 33.66 40.14 0.052088
732.45 4.77 57.78 38.15 0.052065
613.53 58.28 62.06 58.94 0.051964
736.99 418.30 76.05 105.65 0.051875
188.22 268.23 111.75 63.62 0.051838
894.01 374.76 92.29 115.60 0.051772
131.73 267.86 112.29 131.92 0.051582
556.11 3.62 48.54 26.09 0.051366
10.16 45.60 58.86 68.02 0.051217
645.07 84.19 59.76 57.93 0.050323
