3_Riot_Riot_3_273
19
285.33 277.16 358.20 299.38 0.2393
443.69 253.23 321.87 347.56 0.1758
151.91 82.38 391.08 134.60 0.1551
149.65 261.63 358.56 261.80 0.0759
539.94 203.67 484.06 220.66 0.0755
52.94 66.88 127.39 77.08 0.0704
84.88 292.25 177.18 331.75 0.0703
51.82 23.99 89.70 92.38 0.0516
70.23 54.68 269.06 180.43 0.0380
143.74 101.83 246.39 185.43 0.0360
70.82 36.97 157.05 70.75 0.0347
176.34 315.50 194.62 308.50 0.0333
125.89 137.46 396.62 225.67 0.0301
561.14 118.15 462.86 167.14 0.0300
493.95 44.04 530.05 169.45 0.0287
329.79 200.25 409.90 262.08 0.0276
704.73 377.68 144.92 113.51 0.0218
683.00 308.60 126.88 115.94 0.0215
332.46 74.04 444.83 136.75 0.0209
