3_Riot_Riot_3_354
25
508.68 123.45 373.11 177.60 0.9287
292.90 164.96 369.59 172.50 0.3832
402.86 107.50 349.11 134.24 0.2864
195.52 169.35 296.63 187.75 0.2058
157.21 205.61 204.23 241.61 0.1902
571.28 100.87 452.72 125.14 0.1584
416.17 184.31 370.36 238.58 0.1077
226.89 224.39 353.60 243.26 0.1070
105.87 228.02 173.79 277.98 0.0650
588.06 171.06 435.94 158.10 0.0616
244.38 122.38 307.86 141.75 0.0461
397.29 282.44 274.96 223.56 0.0434
513.32 48.78 510.68 120.23 0.0351
228.00 153.77 137.92 96.90 0.0335
81.58 116.62 207.55 234.51 0.0325
68.84 305.95 93.13 85.81 0.0312
382.95 163.28 122.23 99.23 0.0302
392.54 135.25 134.48 87.86 0.0296
671.06 62.71 155.10 61.56 0.0272
710.44 202.69 137.65 97.27 0.0255
599.66 338.81 121.86 103.39 0.0245
37.83 308.35 74.74 84.97 0.0232
522.15 355.06 137.01 89.43 0.0212
426.28 101.77 120.77 99.41 0.0212
255.97 128.63 144.47 84.32 0.0207
