0_Parade_Parade_0_472
19
54.89 125.80 110.11 209.96 0.9481
629.05 111.83 394.95 159.52 0.9346
608.55 171.23 415.45 231.21 0.7508
521.09 132.44 340.72 188.32 0.6162
144.27 147.15 342.09 175.76 0.5473
70.07 297.26 79.00 312.12 0.4730
304.35 132.16 342.73 179.69 0.4600
36.01 283.30 35.78 312.34 0.3474
484.88 70.94 422.55 98.23 0.3446
157.43 274.80 348.75 351.65 0.2659
17.17 268.26 35.46 228.40 0.2545
188.20 183.22 147.85 224.92 0.2347
15.14 143.84 61.61 177.27 0.2114
18.36 196.82 44.85 212.73 0.1934
217.41 186.75 363.82 246.21 0.1689
96.98 293.91 125.21 304.82 0.1567
102.33 139.53 141.89 203.90 0.1494
14.82 280.34 22.23 343.28 0.0835
618.57 415.54 405.43 266.46 0.0564
