0_Parade_marchingband_1_465
27
611.94 186.95 412.06 251.22 0.9466
149.07 255.03 358.53 234.20 0.8976
67.29 288.29 75.75 283.31 0.8525
444.35 147.04 348.57 187.57 0.8487
117.58 253.97 130.19 242.28 0.8108
522.39 247.92 341.36 238.99 0.7626
24.67 255.06 27.85 242.38 0.7387
214.28 194.32 372.10 219.15 0.7337
593.57 118.41 430.43 133.88 0.6939
311.83 147.60 328.16 176.43 0.6455
166.33 207.17 167.57 214.47 0.5506
78.45 189.00 85.29 238.35 0.4659
12.17 404.09 55.94 273.91 0.3743
101.92 385.29 144.98 292.71 0.3408
433.10 410.92 350.70 267.08 0.1765
115.68 170.38 119.58 179.83 0.1440
552.86 132.19 264.80 97.24 0.1371
47.60 395.26 82.22 282.74 0.1090
299.28 254.54 361.19 242.92 0.0975
606.50 296.97 417.50 251.95 0.0929
26.02 338.35 28.09 308.51 0.0788
400.60 137.89 281.71 100.31 0.0576
130.96 402.10 351.93 275.90 0.0520
159.95 277.85 185.57 301.73 0.0410
18.99 170.04 33.85 164.75 0.0345
635.60 68.32 388.40 89.62 0.0248
512.53 68.88 352.65 64.60 0.0224
