5_Car_Accident_Accident_5_777
154
531.95 153.03 369.45 189.46 0.7618
161.50 282.28 233.82 290.44 0.2455
420.34 160.59 291.63 269.50 0.1840
133.72 146.46 382.34 179.17 0.1580
215.28 181.68 351.34 244.31 0.1442
218.12 294.86 334.68 343.39 0.1346
464.88 111.55 371.52 163.32 0.1301
654.64 180.95 369.36 230.32 0.1154
151.83 186.14 223.55 263.59 0.1110
110.68 316.84 185.58 342.29 0.1100
292.46 251.95 358.50 250.17 0.0866
486.44 203.95 434.10 255.48 0.0835
528.35 293.78 495.65 247.70 0.0752
330.05 127.75 302.19 216.62 0.0693
428.22 260.97 361.41 293.19 0.0624
680.41 236.40 92.86 128.36 0.0619
412.94 349.92 282.36 330.08 0.0613
111.58 362.74 114.67 163.13 0.0579
620.21 149.87 120.26 165.25 0.0578
211.49 308.01 124.55 135.41 0.0562
515.44 146.11 108.86 137.65 0.0557
184.49 355.00 100.68 146.22 0.0556
823.09 532.57 126.04 105.04 0.0551
629.94 251.51 109.20 114.07 0.0541
245.84 282.90 134.50 132.67 0.0532
394.48 126.46 119.47 119.31 0.0518
364.33 248.04 124.32 129.71 0.0511
432.31 150.09 118.11 123.33 0.0507
53.28 109.19 74.04 151.27 0.0506
394.48 89.04 194.82 102.23 0.0504
163.39 295.56 138.25 94.34 0.0501
830.04 142.48 129.89 129.96 0.0489
126.76 329.34 143.87 93.59 0.0484
213.35 362.54 142.82 159.85 0.0483
45.38 137.81 169.70 318.44 0.0480
445.11 126.94 160.61 106.23 0.0476
399.87 222.24 136.18 127.46 0.0471
648.10 300.06 127.35 132.84 0.0461
407.40 173.52 104.14 132.38 0.0456
300.86 266.86 104.03 124.63 0.0455
746.29 142.90 127.07 114.79 0.0455
328.80 215.52 108.11 133.19 0.0455
777.45 136.15 152.79 88.39 0.0445
539.26 343.90 299.23 336.10 0.0438
393.59 280.96 131.46 134.67 0.0434
530.98 120.80 152.49 112.51 0.0433
500.79 90.08 223.19 89.68 0.0432
169.29 132.91 121.76 109.23 0.0425
93.44 120.62 220.85 214.39 0.0424
192.36 261.11 160.91 85.78 0.0419
857.72 189.35 99.46 164.01 0.0416
733.96 504.59 142.07 126.75 0.0415
137.80 151.70 114.70 136.43 0.0413
355.84 150.92 116.96 119.37 0.0413
461.29 94.11 85.90 114.06 0.0412
57.27 332.59 84.95 142.90 0.0411
80.46 349.24 111.52 111.86 0.0407
470.75 172.51 126.28 136.68 0.0404
629.80 136.93 168.61 87.42 0.0401
754.63 420.62 94.38 119.86 0.0394
577.05 271.81 126.09 128.21 0.0393
284.02 224.89 113.24 111.64 0.0393
154.40 256.74 100.18 114.09 0.0387
439.28 460.50 131.47 144.48 0.0386
710.93 275.37 98.27 126.01 0.0384
667.79 185.48 118.09 128.86 0.0384
91.50 122.31 143.12 93.60 0.0374
209.13 141.20 114.93 143.93 0.0372
694.05 163.49 135.35 101.19 0.0370
96.05 291.41 129.89 107.93 0.0367
652.18 85.37 371.82 182.99 0.0365
300.53 520.16 98.21 144.53 0.0362
0.00 45.21 229.09 202.08 0.0358
24.25 114.43 60.05 149.92 0.0354
132.64 214.12 113.10 112.63 0.0353
351.38 107.85 120.99 90.77 0.0351
308.06 195.22 149.19 91.40 0.0346
24.62 63.06 84.60 120.09 0.0345
571.24 172.71 139.46 110.91 0.0344
511.03 97.48 82.42 89.71 0.0344
252.10 160.35 113.70 151.77 0.0341
855.38 551.47 159.50 107.32 0.0336
306.27 124.67 123.48 118.42 0.0333
0.00 0.00 70.52 66.78 0.0333
862.64 493.00 118.66 123.64 0.0332
72.18 138.09 106.70 139.98 0.0331
0.00 436.71 211.97 243.29 0.0329
660.02 376.24 111.13 129.56 0.0328
696.76 432.73 120.33 121.75 0.0327
699.93 393.22 122.58 105.03 0.0326
589.09 217.86 126.09 123.18 0.0319
266.10 482.43 108.20 119.46 0.0313
91.24 25.34 434.23 127.06 0.0312
427.42 509.61 149.61 170.34 0.0310
4.60 39.16 66.22 102.41 0.0305
451.71 407.19 119.38 130.78 0.0296
891.17 147.42 132.83 307.25 0.0294
786.31 534.08 104.58 145.92 0.0294
808.20 429.36 79.58 124.67 0.0293
32.32 90.41 189.93 96.40 0.0291
764.27 87.08 212.06 78.29 0.0291
395.94 27.86 407.39 131.35 0.0291
600.47 330.07 115.59 135.21 0.0290
148.89 95.19 179.68 97.20 0.0289
167.16 185.14 129.98 117.94 0.0288
68.09 272.30 74.43 131.62 0.0287
737.03 0.00 286.97 139.31 0.0286
0.00 92.81 67.87 112.51 0.0285
214.76 135.80 179.25 83.28 0.0282
85.84 226.01 109.78 140.42 0.0280
746.90 488.91 192.99 84.49 0.0279
620.53 83.16 232.20 85.87 0.0270
935.48 0.00 88.52 38.67 0.0270
31.17 42.65 165.91 94.12 0.0269
641.80 286.35 280.49 74.35 0.0268
0.00 309.58 249.63 197.62 0.0267
796.12 188.44 113.44 119.50 0.0267
0.00 0.00 219.44 23.78 0.0266
342.39 284.46 83.64 137.03 0.0263
865.88 180.74 158.12 108.59 0.0260
93.25 188.21 125.91 114.46 0.0258
583.00 93.80 84.40 106.73 0.0258
738.33 221.63 160.13 124.68 0.0257
346.47 536.84 94.42 143.16 0.0257
433.38 321.56 136.07 141.55 0.0255
531.12 239.71 131.82 123.97 0.0255
307.09 58.46 197.39 94.67 0.0249
414.65 40.08 98.42 132.03 0.0245
399.45 559.91 98.26 120.09 0.0244
19.95 312.23 104.56 119.71 0.0244
0.00 618.33 147.17 61.67 0.0243
729.45 322.51 119.48 142.74 0.0238
451.77 604.74 148.21 75.26 0.0234
353.48 36.26 193.95 74.54 0.0233
702.85 522.09 109.42 129.23 0.0233
841.67 125.42 182.33 93.37 0.0232
556.69 302.84 116.01 142.28 0.0230
458.10 251.72 147.03 113.22 0.0229
290.65 326.44 92.70 123.16 0.0228
619.69 98.43 82.76 97.84 0.0228
55.96 34.88 75.26 131.61 0.0225
469.34 529.07 160.18 117.46 0.0223
57.75 192.20 73.78 164.37 0.0223
747.12 377.59 173.76 88.50 0.0222
17.96 176.11 70.50 151.91 0.0214
836.82 587.18 115.27 92.82 0.0210
102.34 1.75 205.67 208.09 0.0209
71.10 384.03 114.99 166.10 0.0206
244.48 30.81 220.13 77.98 0.0206
743.92 561.44 98.25 118.56 0.0206
0.00 595.54 49.33 78.11 0.0203
508.80 491.98 100.30 113.16 0.0202
770.69 102.24 91.85 113.57 0.0201
745.74 434.80 224.99 98.36 0.0201
