5_Car_Accident_Accident_5_668
168
525.91 193.45 361.95 256.08 0.7964
408.34 218.85 321.64 270.31 0.4225
339.28 280.40 279.83 284.75 0.1566
477.53 310.79 283.20 336.45 0.1541
527.81 285.10 496.19 232.82 0.1314
414.85 156.73 386.03 192.22 0.1160
303.12 166.34 264.08 267.75 0.1096
571.86 418.56 257.78 265.44 0.0887
277.01 353.48 286.55 330.52 0.0874
545.79 143.96 478.21 183.05 0.0696
150.91 367.30 205.02 316.70 0.0648
759.61 250.98 142.59 106.68 0.0590
409.37 203.55 101.13 144.57 0.0574
625.10 425.40 102.00 142.50 0.0573
836.28 209.60 109.05 131.45 0.0571
729.52 217.10 109.25 123.93 0.0565
219.23 82.95 362.40 179.83 0.0563
44.12 452.62 74.92 153.32 0.0562
433.83 192.39 132.21 116.34 0.0552
543.11 193.38 128.87 112.21 0.0543
731.26 367.77 120.79 115.12 0.0532
293.28 400.41 112.13 138.47 0.0528
309.37 232.58 149.01 94.14 0.0523
771.20 402.47 109.33 136.60 0.0521
496.24 215.17 139.41 121.12 0.0516
509.23 412.34 110.07 127.47 0.0516
727.26 297.96 122.26 138.16 0.0509
589.66 460.56 101.28 141.42 0.0509
467.45 374.23 127.07 128.98 0.0505
371.81 193.41 96.78 117.09 0.0503
333.40 332.94 109.22 142.25 0.0503
829.60 303.57 123.57 124.78 0.0502
791.07 372.20 135.36 127.72 0.0501
56.86 49.18 348.25 214.20 0.0498
12.40 281.64 169.29 402.36 0.0492
774.11 470.26 97.48 138.92 0.0491
649.66 380.23 119.65 118.07 0.0490
459.70 246.76 129.17 116.71 0.0489
430.14 502.52 118.39 122.57 0.0486
324.57 269.99 108.19 136.98 0.0484
18.43 432.36 64.17 120.12 0.0481
521.01 465.66 97.82 134.27 0.0481
245.78 278.16 241.01 285.63 0.0477
0.00 35.67 228.12 242.47 0.0476
120.12 280.04 268.11 254.09 0.0475
656.24 458.21 105.15 138.18 0.0474
795.11 220.85 228.89 219.86 0.0472
546.40 438.75 107.28 127.38 0.0469
756.66 201.63 144.12 111.70 0.0468
365.12 250.93 120.69 117.83 0.0464
418.45 166.21 120.00 88.91 0.0462
540.05 234.71 134.68 134.46 0.0462
287.12 306.92 120.96 127.65 0.0459
235.84 117.79 239.72 268.83 0.0456
695.23 330.92 112.68 148.65 0.0454
311.29 174.37 99.30 131.11 0.0454
824.67 410.07 134.51 123.40 0.0453
63.50 154.31 323.56 263.73 0.0451
688.95 245.50 124.03 117.02 0.0446
292.23 248.00 111.37 119.18 0.0445
534.53 378.34 114.64 125.41 0.0445
356.31 102.87 390.51 159.60 0.0444
629.55 343.84 101.98 131.72 0.0443
731.66 507.33 121.17 123.97 0.0443
588.08 417.30 108.22 113.25 0.0436
556.74 487.20 97.03 142.03 0.0435
48.84 528.82 80.55 148.41 0.0433
389.29 323.50 123.00 148.29 0.0433
367.65 367.17 105.82 139.00 0.0432
628.25 531.49 106.24 134.35 0.0431
832.07 469.92 128.24 140.88 0.0427
684.80 430.99 112.63 133.79 0.0426
690.35 193.82 127.80 111.41 0.0426
607.16 195.22 133.63 109.93 0.0423
735.77 424.53 108.16 145.98 0.0423
508.10 532.01 106.46 125.57 0.0421
423.91 401.92 130.22 127.53 0.0419
586.46 335.17 102.16 135.62 0.0413
393.40 124.91 177.24 112.17 0.0408
406.16 454.00 106.28 149.57 0.0406
451.98 479.25 142.63 102.76 0.0405
17.19 486.10 77.35 107.96 0.0404
70.54 493.69 113.56 142.59 0.0404
791.95 446.50 128.66 108.92 0.0402
261.70 450.82 119.53 123.02 0.0399
712.56 540.91 100.74 116.05 0.0396
83.62 452.42 88.78 122.07 0.0394
464.91 298.47 120.81 141.66 0.0392
501.93 264.75 123.15 135.68 0.0389
327.56 433.76 123.39 129.11 0.0388
477.57 162.53 151.36 111.76 0.0385
0.00 0.00 63.00 71.59 0.0384
656.47 301.78 115.83 144.34 0.0379
826.78 160.40 154.08 103.04 0.0373
765.37 535.19 142.04 112.67 0.0372
539.35 300.86 111.54 129.65 0.0369
414.98 281.59 132.75 113.70 0.0369
543.47 551.64 137.61 92.83 0.0366
0.00 0.00 215.17 26.02 0.0366
613.15 157.18 186.22 91.29 0.0366
0.00 228.40 210.95 236.63 0.0364
833.88 533.37 120.58 133.41 0.0364
367.20 490.85 100.94 147.30 0.0363
5.21 451.36 267.77 76.10 0.0362
743.78 0.00 280.22 162.39 0.0362
125.73 507.61 94.40 127.71 0.0359
399.75 541.22 114.79 123.77 0.0358
292.56 490.72 107.06 149.55 0.0356
600.61 571.59 96.97 112.41 0.0348
616.66 252.08 109.82 160.93 0.0348
483.66 348.35 158.25 105.25 0.0341
147.11 555.34 117.19 115.65 0.0334
634.16 66.70 389.84 175.46 0.0329
58.12 479.20 229.98 95.33 0.0328
288.35 153.88 155.52 99.56 0.0324
724.15 167.93 177.17 96.94 0.0324
324.69 546.36 110.11 113.95 0.0324
505.30 111.24 81.03 114.59 0.0318
203.76 507.45 120.45 125.14 0.0318
555.65 575.23 94.39 108.77 0.0313
32.49 418.11 166.81 79.27 0.0311
252.32 546.09 115.56 119.35 0.0309
60.41 0.00 217.89 112.76 0.0308
653.56 577.87 104.18 106.13 0.0300
101.75 0.00 365.79 140.56 0.0297
22.65 552.76 78.58 108.10 0.0293
371.94 122.15 98.34 121.13 0.0292
100.62 421.07 123.93 168.00 0.0289
464.79 534.47 82.71 149.53 0.0288
500.71 0.00 400.40 143.09 0.0286
248.52 377.01 132.15 118.01 0.0285
858.06 218.59 157.75 96.67 0.0279
846.84 251.33 146.02 128.94 0.0271
858.37 335.55 136.16 144.85 0.0269
374.31 83.34 113.71 111.38 0.0265
0.00 606.75 44.71 77.25 0.0264
175.54 45.46 428.56 115.21 0.0261
40.95 371.99 210.42 67.09 0.0261
0.00 0.00 179.49 140.95 0.0259
869.88 435.00 134.26 129.80 0.0258
471.90 128.77 210.56 94.25 0.0249
802.36 618.30 174.49 65.70 0.0248
458.34 620.59 171.85 63.41 0.0245
204.19 550.86 92.21 133.14 0.0241
562.06 110.82 73.45 106.42 0.0238
381.00 0.00 148.13 39.61 0.0237
93.48 551.63 89.77 132.37 0.0236
0.00 496.91 64.81 129.89 0.0235
0.73 396.80 67.18 100.36 0.0233
735.68 578.60 139.51 99.54 0.0232
863.62 280.05 160.38 60.53 0.0228
271.98 114.40 186.20 99.00 0.0226
614.92 114.35 246.28 76.38 0.0223
873.67 518.29 144.05 105.71 0.0222
957.43 0.00 66.57 6.36 0.0221
0.00 409.75 318.84 64.17 0.0219
22.92 385.41 116.69 92.39 0.0218
642.89 377.38 381.11 263.21 0.0216
274.25 24.29 170.25 100.09 0.0208
257.10 617.21 182.90 66.79 0.0208
596.09 114.04 79.55 120.02 0.0208
441.96 0.00 198.40 18.90 0.0204
781.57 314.31 242.43 252.04 0.0203
352.02 33.63 186.31 87.04 0.0201
303.48 561.75 86.21 114.76 0.0201
925.16 230.20 98.84 153.97 0.0201
976.33 0.00 47.67 79.35 0.0201
416.39 603.18 120.06 80.82 0.0200
