5_Car_Accident_Accident_5_641
200
157.94 223.04 359.32 256.14 0.7531
484.85 153.47 519.54 239.70 0.4260
113.66 222.14 179.75 289.38 0.3531
310.52 234.55 352.94 245.34 0.3393
161.36 290.44 197.49 311.94 0.1647
425.64 287.41 391.43 241.36 0.1535
375.44 135.18 336.97 210.35 0.1356
340.99 309.11 279.29 320.59 0.1347
57.18 251.84 152.21 323.60 0.1003
544.96 336.39 293.62 322.61 0.0939
488.12 97.89 399.65 159.04 0.0907
54.22 254.65 76.74 148.04 0.0871
177.70 386.27 296.95 272.73 0.0855
48.78 523.29 82.29 129.29 0.0851
650.32 74.29 373.68 185.80 0.0788
104.31 318.31 173.54 340.69 0.0784
166.67 239.52 158.62 94.30 0.0741
49.43 453.09 78.06 136.77 0.0675
59.41 529.73 149.57 91.01 0.0674
259.75 145.87 300.53 218.53 0.0659
363.57 279.13 110.40 115.44 0.0638
815.89 25.21 147.98 55.43 0.0635
52.60 338.83 75.82 152.36 0.0634
98.11 247.40 146.02 99.47 0.0625
75.94 248.15 105.49 140.80 0.0622
381.84 247.16 144.90 97.61 0.0609
25.50 290.88 70.07 135.04 0.0606
293.30 266.78 105.54 126.73 0.0598
315.15 247.63 129.19 115.34 0.0598
568.26 283.98 137.87 151.72 0.0592
468.96 339.01 125.63 113.50 0.0591
28.54 479.40 65.13 137.14 0.0591
539.80 260.26 133.06 126.56 0.0588
419.06 281.73 152.58 91.24 0.0585
92.62 497.18 153.85 97.05 0.0585
512.96 293.28 122.51 128.31 0.0580
369.63 360.37 102.13 129.10 0.0574
245.65 240.18 134.93 116.04 0.0569
28.90 57.85 195.38 241.51 0.0568
626.87 271.28 397.13 255.05 0.0563
515.20 232.46 105.00 125.29 0.0558
365.04 481.33 104.30 129.54 0.0556
214.42 259.80 110.10 123.31 0.0555
404.35 328.40 106.90 123.84 0.0555
619.45 228.55 111.46 132.21 0.0555
551.90 352.97 107.48 123.69 0.0552
547.92 426.33 111.74 122.37 0.0549
101.93 322.37 121.59 130.99 0.0549
256.13 89.00 418.61 160.46 0.0549
435.82 367.41 116.55 115.43 0.0547
830.42 39.75 128.24 80.25 0.0547
471.36 194.77 107.78 130.32 0.0539
260.30 291.32 99.44 129.69 0.0536
722.79 208.27 121.48 121.10 0.0535
182.75 534.67 126.20 111.21 0.0534
368.68 206.78 105.00 120.90 0.0534
339.17 321.34 99.53 130.02 0.0532
300.19 217.63 101.23 118.89 0.0532
680.95 263.63 133.84 128.15 0.0528
614.00 149.76 115.04 120.87 0.0527
292.56 485.01 107.19 124.12 0.0522
365.54 416.09 101.64 133.50 0.0521
139.66 298.62 120.06 119.31 0.0521
330.02 511.98 109.38 129.10 0.0520
398.84 385.33 111.30 129.45 0.0520
251.07 530.45 129.20 112.29 0.0519
489.15 190.48 147.91 91.12 0.0506
406.64 173.90 99.00 130.77 0.0503
139.71 518.33 117.20 118.76 0.0500
398.12 515.54 109.14 126.26 0.0498
72.65 451.07 111.41 124.46 0.0496
297.59 326.30 100.32 130.08 0.0496
473.20 402.32 123.08 119.12 0.0495
156.61 500.70 166.23 87.08 0.0495
837.94 194.60 114.87 133.79 0.0495
437.84 307.66 118.05 114.96 0.0494
338.24 385.43 98.52 131.10 0.0493
855.90 329.81 93.21 128.90 0.0492
327.41 452.53 110.43 127.86 0.0491
440.91 422.83 111.45 129.15 0.0485
454.04 160.20 161.70 93.57 0.0484
590.64 384.51 105.79 127.73 0.0483
544.87 188.26 110.67 147.18 0.0480
677.40 145.60 125.31 124.50 0.0480
518.54 447.84 104.55 132.29 0.0479
844.97 394.53 122.30 124.30 0.0474
395.02 453.90 116.17 125.33 0.0473
580.53 454.21 111.60 127.04 0.0472
551.01 474.72 106.02 135.37 0.0470
258.13 366.39 104.86 126.69 0.0470
27.66 411.67 65.25 141.76 0.0469
0.00 299.61 63.87 120.52 0.0469
297.46 418.87 95.67 130.00 0.0467
221.73 330.97 116.23 114.47 0.0467
321.21 182.86 119.17 112.62 0.0467
436.28 485.17 108.23 125.63 0.0467
537.42 150.77 132.41 114.52 0.0466
477.00 516.26 104.33 126.14 0.0459
262.80 173.47 103.32 120.16 0.0459
55.38 40.55 76.79 136.46 0.0453
333.80 7.76 428.06 139.87 0.0452
64.07 220.21 67.10 114.41 0.0451
797.35 498.34 122.96 129.03 0.0449
854.35 252.68 101.41 132.48 0.0446
644.42 193.76 128.45 133.88 0.0442
135.75 155.33 236.98 225.43 0.0442
115.75 420.68 103.50 130.46 0.0441
765.23 252.21 122.65 135.32 0.0439
584.19 509.06 108.32 131.27 0.0439
72.33 378.28 114.90 130.53 0.0437
858.27 2.74 165.73 69.21 0.0437
145.56 350.92 109.08 127.12 0.0436
769.06 154.70 107.88 141.41 0.0436
73.81 12.48 233.65 217.23 0.0434
258.83 463.15 100.34 118.12 0.0434
656.37 288.18 106.82 135.32 0.0434
125.04 468.91 161.01 90.02 0.0433
505.71 118.88 158.95 96.25 0.0431
0.00 482.66 64.99 123.65 0.0430
842.45 121.01 110.37 125.58 0.0420
54.64 149.00 185.89 290.15 0.0406
222.53 428.15 103.96 122.25 0.0401
803.47 364.88 132.71 115.42 0.0398
179.65 386.97 107.81 125.98 0.0397
808.13 227.02 111.14 122.00 0.0396
117.53 74.41 292.74 207.04 0.0394
623.38 363.54 116.55 118.33 0.0390
822.92 295.33 103.86 113.72 0.0389
0.00 0.00 91.21 62.02 0.0385
217.44 203.20 118.02 99.32 0.0383
764.36 0.00 164.94 42.07 0.0376
101.17 400.13 147.10 96.91 0.0376
78.41 35.72 105.19 131.89 0.0375
905.00 21.52 119.00 267.93 0.0371
375.07 149.80 96.19 117.65 0.0368
13.46 21.37 80.86 101.11 0.0367
717.57 120.01 136.61 111.09 0.0366
114.19 74.10 104.13 132.62 0.0365
15.69 245.54 77.18 99.25 0.0363
0.00 422.99 60.03 114.73 0.0361
47.12 112.65 88.03 131.12 0.0358
629.30 134.36 152.68 88.07 0.0358
820.64 69.40 108.19 139.69 0.0357
0.00 345.01 59.93 136.69 0.0357
760.69 389.70 131.69 129.06 0.0354
33.67 31.13 129.37 70.24 0.0352
0.00 569.92 40.04 89.08 0.0352
774.45 525.21 81.85 113.90 0.0351
424.30 115.93 162.93 92.94 0.0346
740.64 280.29 107.87 149.43 0.0345
640.09 525.55 137.13 104.25 0.0345
772.36 331.77 116.28 130.81 0.0340
149.72 177.39 109.47 122.01 0.0338
730.48 531.23 89.61 111.00 0.0336
744.82 72.46 152.28 120.55 0.0335
713.07 355.25 149.01 138.55 0.0333
629.88 90.46 211.15 85.59 0.0332
25.04 83.01 69.99 135.83 0.0331
597.09 420.30 155.01 135.09 0.0326
807.59 563.91 131.79 88.63 0.0323
516.31 76.78 223.48 95.86 0.0321
269.29 151.83 162.06 94.38 0.0320
185.59 70.41 104.94 134.05 0.0319
783.19 0.00 240.81 136.86 0.0317
614.10 478.00 116.75 130.58 0.0315
694.07 316.36 102.36 135.92 0.0312
81.49 187.56 143.00 95.27 0.0311
191.26 15.49 91.71 119.55 0.0309
711.69 568.30 146.41 90.70 0.0308
0.00 262.26 43.27 104.47 0.0307
213.30 110.02 110.82 138.15 0.0304
115.17 33.15 412.55 142.47 0.0303
237.15 0.00 101.27 84.34 0.0303
870.05 311.08 141.80 90.98 0.0303
234.27 0.00 351.36 95.82 0.0302
144.43 39.37 109.50 130.27 0.0301
552.35 87.21 79.00 111.57 0.0294
258.15 0.00 126.29 44.73 0.0292
908.67 390.14 115.33 133.78 0.0292
75.25 118.42 118.73 118.16 0.0287
892.81 0.00 85.88 136.48 0.0287
422.95 17.49 138.94 99.99 0.0286
38.27 0.00 145.19 65.76 0.0285
44.26 187.73 82.40 94.55 0.0285
854.50 27.64 138.27 159.77 0.0282
191.76 149.60 104.29 133.75 0.0282
143.43 0.00 228.52 135.11 0.0281
533.48 522.03 87.13 136.97 0.0281
137.54 109.56 117.12 131.95 0.0280
187.33 0.00 122.10 39.17 0.0279
678.83 390.72 110.46 136.14 0.0275
5.94 549.90 85.80 109.10 0.0273
795.52 26.37 102.86 107.44 0.0273
591.17 88.84 78.85 107.34 0.0271
878.15 209.88 126.98 109.38 0.0266
16.86 147.48 73.32 141.72 0.0266
448.46 533.10 87.85 117.45 0.0264
526.58 37.95 497.42 126.24 0.0264
866.35 389.10 157.65 64.16 0.0262
943.17 0.00 80.83 48.21 0.0260
