47_Matador_Bullfighter_matadorbullfighting_47_42
177
187.88 101.05 474.97 164.48 0.5382
153.70 102.58 269.14 235.98 0.1590
145.16 55.33 378.59 161.65 0.1589
213.31 114.37 322.93 319.91 0.1204
554.93 319.66 469.07 244.06 0.0873
126.69 191.72 277.91 300.71 0.0843
808.36 47.75 157.21 72.82 0.0819
507.99 115.39 476.53 201.65 0.0816
142.53 334.93 257.17 349.87 0.0803
601.82 49.24 200.08 62.27 0.0797
446.76 258.54 336.04 256.62 0.0795
706.67 56.25 198.08 56.96 0.0738
744.05 19.05 168.26 60.65 0.0714
331.04 177.85 406.02 238.34 0.0706
564.55 182.10 459.45 230.71 0.0700
94.65 55.60 201.94 284.83 0.0695
196.58 21.06 169.89 60.94 0.0690
672.22 24.21 161.13 57.91 0.0677
538.79 366.23 287.23 344.77 0.0672
605.75 17.33 148.96 66.41 0.0661
35.03 45.74 119.50 71.41 0.0631
321.77 46.21 442.14 154.11 0.0631
30.82 339.16 203.29 371.84 0.0627
205.23 45.58 153.09 82.69 0.0621
191.83 283.46 399.71 278.85 0.0608
388.61 320.17 337.01 339.02 0.0577
206.10 115.11 129.01 135.51 0.0575
128.10 16.97 152.75 62.60 0.0570
292.88 52.55 168.82 70.71 0.0563
17.22 40.89 74.65 104.04 0.0561
83.91 277.05 217.63 338.89 0.0551
30.99 7.79 121.33 70.13 0.0541
373.75 24.22 164.32 64.57 0.0535
136.16 41.94 135.05 79.23 0.0518
798.40 520.31 112.21 134.78 0.0515
772.27 538.91 98.15 155.23 0.0508
694.81 526.86 118.43 130.47 0.0502
590.32 0.00 84.05 116.74 0.0499
828.18 508.58 169.73 103.35 0.0498
521.88 17.59 149.11 61.31 0.0498
553.12 0.00 148.65 57.04 0.0497
363.35 49.13 192.48 68.56 0.0496
300.64 21.45 154.38 64.44 0.0487
850.04 0.00 90.57 102.48 0.0485
7.40 0.00 100.02 61.73 0.0481
633.77 0.00 83.13 118.78 0.0481
674.74 506.68 150.58 90.09 0.0478
177.88 156.44 118.82 156.14 0.0478
783.41 0.00 85.90 108.44 0.0466
237.21 0.00 82.89 110.31 0.0466
193.74 0.00 83.50 109.35 0.0464
23.30 95.00 56.23 128.49 0.0457
60.39 35.96 67.13 164.87 0.0455
957.82 0.00 66.18 101.05 0.0454
575.05 56.70 114.52 98.08 0.0450
763.42 0.00 176.82 55.49 0.0436
173.52 63.26 118.78 84.60 0.0436
192.22 0.00 160.35 55.56 0.0433
549.09 0.00 87.92 118.72 0.0432
149.70 101.37 103.13 150.55 0.0429
440.98 55.35 181.27 75.07 0.0429
0.00 4.64 55.92 123.76 0.0425
844.23 393.74 125.15 136.14 0.0421
711.94 0.00 78.14 117.61 0.0418
83.14 8.47 114.10 104.52 0.0418
89.33 0.00 166.32 47.63 0.0418
837.30 533.50 108.21 175.00 0.0413
0.00 53.97 212.61 199.92 0.0410
230.91 165.00 126.35 125.15 0.0410
684.14 0.00 178.50 56.42 0.0407
290.28 64.92 104.11 172.71 0.0407
155.44 206.00 104.32 147.23 0.0404
235.82 90.60 130.73 115.29 0.0404
634.40 527.49 104.17 145.70 0.0404
336.39 53.98 93.72 139.70 0.0398
227.35 381.95 319.60 329.05 0.0393
81.06 51.50 104.28 128.63 0.0379
272.50 0.00 171.18 47.24 0.0377
806.96 376.87 108.67 141.44 0.0375
658.74 439.74 108.67 147.39 0.0374
862.54 25.76 161.46 62.75 0.0373
162.30 19.85 98.44 169.03 0.0370
140.71 450.71 130.78 159.68 0.0369
728.92 375.82 114.75 144.01 0.0368
914.96 0.00 109.04 41.26 0.0368
442.24 0.00 126.56 92.34 0.0365
296.81 0.00 97.31 117.03 0.0364
5.38 585.08 70.54 125.92 0.0363
739.73 459.97 107.06 136.39 0.0357
815.95 466.59 98.49 140.60 0.0357
566.46 405.14 118.14 145.63 0.0355
201.21 532.14 91.68 178.86 0.0352
40.88 493.12 91.51 135.86 0.0348
546.24 0.00 329.32 215.69 0.0344
772.79 326.37 111.35 159.35 0.0344
200.33 207.17 129.64 137.07 0.0340
835.94 327.08 123.21 134.26 0.0340
281.17 172.92 124.52 148.73 0.0340
622.66 410.76 108.74 143.10 0.0336
774.56 414.91 105.25 137.34 0.0334
367.21 0.00 90.62 118.82 0.0333
0.00 49.94 65.40 141.87 0.0332
175.29 0.00 343.01 145.04 0.0331
119.98 428.53 107.07 141.28 0.0329
601.24 459.26 103.69 131.69 0.0323
155.70 388.95 126.35 150.11 0.0322
655.58 562.43 119.34 143.47 0.0321
0.00 260.57 222.35 213.43 0.0319
42.44 421.19 93.34 133.54 0.0318
0.00 628.07 45.80 82.93 0.0315
392.03 0.00 153.59 54.34 0.0313
894.00 0.00 88.78 139.91 0.0310
17.20 493.71 64.96 131.53 0.0310
818.10 296.72 159.40 99.18 0.0308
386.48 269.96 138.59 114.11 0.0306
498.76 375.26 137.28 164.99 0.0305
598.35 552.72 109.12 152.99 0.0303
660.53 369.08 111.45 159.20 0.0303
901.51 46.80 122.49 75.34 0.0303
0.00 631.68 196.23 64.52 0.0300
423.68 396.17 152.50 136.93 0.0296
16.88 175.61 69.11 158.07 0.0292
496.72 8.60 99.82 115.83 0.0288
582.65 341.68 126.59 147.71 0.0285
6.64 122.18 95.86 149.82 0.0283
383.81 224.37 187.80 112.53 0.0280
102.86 391.49 140.34 109.28 0.0278
836.99 33.94 117.99 159.95 0.0272
422.64 302.02 137.91 123.75 0.0272
0.00 16.23 118.88 88.35 0.0269
742.00 294.77 163.26 107.64 0.0262
317.61 107.15 99.49 176.44 0.0261
669.11 27.52 354.89 189.14 0.0261
755.84 263.67 199.01 102.38 0.0257
234.21 578.63 110.03 132.37 0.0254
40.34 569.48 105.34 96.84 0.0254
456.15 356.17 145.71 136.33 0.0253
735.62 639.47 226.24 71.53 0.0252
377.56 30.22 130.83 166.19 0.0251
75.84 439.57 102.19 142.58 0.0241
89.75 180.35 150.58 121.73 0.0241
225.90 186.93 295.36 87.66 0.0239
163.91 633.09 261.65 71.25 0.0239
123.13 525.75 99.84 131.99 0.0238
133.52 355.88 145.60 111.88 0.0234
0.00 186.42 65.89 102.00 0.0232
449.34 449.50 110.68 136.21 0.0230
669.54 11.45 91.53 141.90 0.0230
797.84 589.51 114.45 121.49 0.0229
542.98 465.00 125.67 138.85 0.0226
754.66 3.13 74.78 139.52 0.0226
403.30 355.86 119.97 145.47 0.0224
16.29 390.07 85.15 124.35 0.0224
397.82 452.65 113.57 132.44 0.0220
864.93 63.07 159.07 144.39 0.0219
123.29 242.58 108.03 153.45 0.0217
492.50 324.35 145.67 127.52 0.0217
661.83 325.43 158.49 115.04 0.0217
0.00 409.98 69.22 159.37 0.0215
771.09 37.11 116.05 157.35 0.0215
62.45 527.63 127.95 183.37 0.0215
254.48 229.04 198.91 115.52 0.0214
0.00 231.53 69.25 118.80 0.0214
476.48 36.19 116.03 168.74 0.0213
700.61 34.02 104.34 174.38 0.0213
59.42 128.15 102.33 118.64 0.0212
512.12 296.68 161.89 103.04 0.0210
422.93 265.29 196.70 105.55 0.0210
357.14 396.68 125.55 115.11 0.0209
127.80 619.18 140.15 91.82 0.0208
338.19 102.06 150.70 129.59 0.0208
303.15 636.56 281.62 70.30 0.0207
639.39 263.28 199.31 104.38 0.0207
730.16 457.88 293.84 233.93 0.0206
762.94 0.00 261.06 136.36 0.0203
597.15 294.97 158.32 107.79 0.0202
535.88 40.29 123.35 172.34 0.0201
