53_Raid_policeraid_53_14
95
349.55 206.32 78.87 96.06 0.666991
238.22 55.99 64.80 92.27 0.373117
499.37 5.64 43.19 42.36 0.352301
538.20 245.95 65.96 69.93 0.320680
549.45 217.62 53.08 51.22 0.303090
369.07 0.00 47.13 39.30 0.287126
717.15 64.97 128.11 163.90 0.278222
966.19 184.30 45.58 56.99 0.264225
288.05 0.95 53.24 49.14 0.240854
256.44 17.86 66.29 90.17 0.217027
705.02 119.72 81.18 96.85 0.196827
987.22 2.28 30.59 33.35 0.186715
639.66 427.89 70.74 95.71 0.186456
425.97 355.70 41.96 61.51 0.185568
770.72 0.00 56.68 44.55 0.179621
637.92 234.30 54.51 66.65 0.178635
983.35 21.75 37.02 49.15 0.176339
322.00 0.00 48.74 37.47 0.175818
693.21 455.22 96.12 131.85 0.164991
198.14 1.97 42.50 28.54 0.155658
421.33 0.00 35.07 28.95 0.147510
678.83 437.89 63.65 94.49 0.143652
949.52 193.68 44.53 49.09 0.141710
187.29 40.40 102.37 106.57 0.141080
605.71 453.54 48.78 66.14 0.138692
648.47 438.56 44.09 57.71 0.137905
221.81 0.00 55.26 36.93 0.136140
448.85 385.45 45.08 70.08 0.131984
606.40 205.73 44.76 54.90 0.124361
938.97 0.00 39.95 25.60 0.121897
651.01 177.16 57.28 59.29 0.119506
575.14 239.67 67.76 81.77 0.117719
891.07 0.00 34.05 22.93 0.113654
986.22 64.11 34.26 82.11 0.109710
295.66 61.25 106.01 131.77 0.103479
613.44 187.93 66.57 69.38 0.102499
510.52 48.44 33.06 43.07 0.097375
614.64 404.25 47.66 72.37 0.095961
839.78 0.00 38.31 28.63 0.093919
418.82 384.15 57.97 91.12 0.093795
716.54 526.56 104.01 105.53 0.091906
757.46 412.22 32.86 51.35 0.090016
414.46 10.73 47.96 61.26 0.088219
931.36 318.26 48.79 74.98 0.088190
692.70 161.76 52.49 77.00 0.087936
425.82 59.16 33.58 51.33 0.087911
662.76 22.29 48.46 37.50 0.087055
798.90 113.19 101.20 115.83 0.084795
388.42 227.81 63.07 92.66 0.083863
745.81 490.72 75.37 100.71 0.080166
151.60 28.36 95.88 110.85 0.078358
884.14 319.57 91.79 198.31 0.078304
586.59 270.59 66.07 70.15 0.076622
557.50 29.57 32.38 35.69 0.076584
149.69 0.00 26.85 27.72 0.074934
641.45 285.43 64.24 64.50 0.074098
697.32 212.09 34.03 37.92 0.073111
479.09 44.40 46.25 52.63 0.072095
477.55 96.13 62.40 69.68 0.071753
284.44 231.51 72.66 108.15 0.069612
343.02 158.45 87.85 107.74 0.068479
407.39 73.50 48.11 66.36 0.068346
336.36 36.18 78.40 105.96 0.066563
266.30 364.63 80.27 108.25 0.065959
555.00 411.58 64.85 101.61 0.065555
934.26 232.34 65.99 69.13 0.065530
528.49 259.53 53.61 83.46 0.065081
311.66 371.59 108.67 132.90 0.065065
556.71 54.83 32.11 36.47 0.064832
542.12 406.74 49.79 53.22 0.064450
515.66 161.95 99.41 130.14 0.063889
502.76 394.15 59.90 73.68 0.063604
747.10 18.90 174.99 201.21 0.063056
919.86 271.34 68.27 92.06 0.062902
696.12 252.20 40.12 40.54 0.062786
701.43 47.19 83.98 119.95 0.061086
546.81 501.40 46.26 50.88 0.060596
314.34 235.76 95.68 137.78 0.058759
331.74 569.60 77.34 92.95 0.057979
157.78 202.73 69.81 100.11 0.057672
699.71 17.97 51.76 57.75 0.055917
692.52 2.65 52.17 47.00 0.055231
209.34 95.53 116.29 142.43 0.054438
722.46 424.43 73.15 113.53 0.053973
197.44 406.76 39.98 41.11 0.053904
638.72 487.56 94.44 127.22 0.053817
399.58 418.90 67.65 104.72 0.052945
362.75 340.67 94.26 139.94 0.052690
929.92 97.36 64.87 87.47 0.052680
409.45 276.78 66.60 131.07 0.052356
769.09 383.46 73.90 127.09 0.051476
746.61 207.46 37.23 42.49 0.051413
551.36 1.41 40.85 34.08 0.050928
502.74 71.79 43.63 54.85 0.050166
748.31 367.41 49.29 80.91 0.050165
