10_People_Marching_People_Marching_10_People_Marching_People_Marching_10_People_Marching_People_Marching_10_619
128
504.45 110.47 58.82 73.94 0.239314
457.81 319.36 39.81 66.57 0.195200
143.53 405.76 27.67 34.90 0.179979
587.12 356.70 48.09 56.65 0.165533
587.01 374.10 56.45 72.57 0.155886
430.75 414.08 25.74 37.43 0.146175
653.45 406.79 52.06 69.63 0.141094
156.14 280.72 47.49 56.07 0.136781
96.76 366.38 25.56 35.90 0.135094
431.47 400.73 266.43 341.24 0.134952
147.11 385.09 24.47 33.56 0.134836
650.61 468.96 58.51 81.97 0.133861
519.79 342.11 31.02 41.95 0.132537
934.32 187.12 25.42 32.75 0.132100
202.48 412.97 22.16 27.42 0.127361
515.66 361.39 36.38 49.82 0.127324
432.20 358.06 32.16 50.91 0.121571
572.08 448.84 34.02 46.11 0.116780
283.13 452.55 32.00 36.67 0.113693
438.00 308.64 32.13 40.36 0.112935
98.14 348.81 27.37 32.42 0.111102
433.60 321.54 41.27 67.17 0.110841
650.46 445.36 51.91 68.81 0.107858
340.81 414.93 19.51 26.60 0.107747
103.24 412.46 27.18 36.10 0.107274
199.51 379.79 23.49 31.21 0.105045
695.26 481.62 89.11 181.13 0.104835
674.97 389.54 68.82 79.98 0.104823
383.42 416.10 25.01 33.01 0.102535
384.42 447.48 23.85 33.30 0.099690
291.77 418.98 21.59 27.19 0.099406
174.68 473.84 303.29 242.12 0.099309
527.75 104.72 65.45 108.10 0.098126
141.81 439.99 40.49 53.98 0.097889
786.35 294.22 49.20 60.52 0.097110
569.10 339.56 52.14 70.25 0.096820
246.31 297.63 17.81 29.49 0.096682
10.01 448.68 22.18 31.57 0.096515
432.62 440.65 22.55 36.76 0.096079
64.74 377.83 27.19 29.00 0.094212
249.17 343.00 20.54 25.41 0.094031
590.87 440.95 168.70 232.77 0.093928
571.41 221.21 31.91 48.95 0.090754
382.07 332.63 35.95 50.62 0.090064
515.17 391.57 38.92 55.17 0.088577
186.92 443.18 40.07 58.94 0.088536
9.64 413.08 24.15 37.89 0.086508
528.90 457.11 96.17 137.46 0.085544
197.50 491.05 84.15 82.12 0.084914
7.58 487.27 31.82 43.67 0.083861
246.43 374.24 23.19 34.17 0.082527
321.40 516.91 67.46 59.56 0.081938
269.01 468.09 45.62 49.01 0.081711
242.11 450.90 33.89 39.77 0.081526
224.61 485.24 47.96 47.79 0.081498
99.08 445.19 31.21 40.79 0.080283
560.50 295.18 35.67 47.09 0.079812
901.79 190.91 30.31 33.17 0.079104
729.00 477.69 61.11 101.35 0.079093
183.66 331.84 39.14 40.01 0.079007
290.99 340.85 19.43 26.35 0.078387
451.89 3.50 46.67 51.74 0.078258
238.19 267.94 27.27 34.57 0.077090
166.15 477.56 71.40 74.51 0.076854
605.26 434.78 48.32 65.26 0.076284
310.10 505.79 139.07 122.86 0.075763
168.88 268.38 54.56 59.69 0.075755
335.28 371.25 25.18 37.38 0.075661
478.85 71.93 72.51 119.18 0.074822
785.09 549.89 37.89 61.01 0.074087
153.10 316.20 34.86 46.99 0.073919
383.19 362.23 34.59 47.70 0.073652
738.86 414.79 56.29 79.66 0.073338
243.11 415.31 31.31 36.31 0.072899
792.40 271.05 42.28 39.63 0.072816
789.28 513.21 32.41 63.05 0.072348
578.30 455.81 86.86 125.96 0.072285
503.74 487.32 73.61 101.87 0.071062
662.54 463.16 137.33 304.20 0.069929
936.31 161.45 26.77 37.75 0.069722
292.50 371.97 28.23 36.75 0.069127
549.39 171.42 45.97 71.88 0.068058
931.34 203.66 31.18 47.13 0.067886
521.36 303.73 31.79 43.48 0.067121
376.66 527.37 47.61 49.79 0.066335
990.12 581.53 24.13 47.58 0.065996
14.57 382.57 20.46 30.66 0.065954
989.11 556.27 23.42 51.51 0.065952
611.82 303.54 30.81 44.07 0.065015
291.02 259.66 27.80 29.16 0.064810
334.66 493.15 34.72 42.40 0.063652
133.85 480.28 152.02 122.95 0.063617
58.01 407.15 26.48 34.57 0.063582
54.78 476.43 23.22 33.10 0.062987
7.13 514.21 33.96 40.28 0.062797
335.12 440.31 30.70 40.09 0.062777
59.27 458.91 26.65 29.93 0.062693
645.63 371.74 57.68 81.07 0.062247
477.07 401.17 29.16 40.29 0.061818
289.57 306.07 20.31 25.10 0.061677
543.10 60.88 63.46 129.99 0.061154
379.32 478.12 34.49 43.36 0.060736
224.24 500.77 126.52 97.94 0.060416
229.32 226.54 41.77 57.69 0.060065
288.88 234.27 34.98 38.99 0.059916
802.01 194.17 23.87 24.92 0.058045
945.70 453.38 24.78 30.73 0.056932
760.47 192.90 22.74 25.19 0.056325
109.93 308.06 21.66 24.62 0.055929
380.54 151.87 20.75 28.25 0.055337
400.79 507.18 73.59 82.62 0.055275
402.44 0.00 58.70 54.49 0.054732
734.26 355.63 82.23 107.32 0.054557
993.03 524.59 19.27 51.56 0.054395
520.50 432.02 34.52 53.52 0.054371
766.69 443.07 59.54 114.90 0.053967
328.98 252.84 27.85 35.03 0.053464
891.28 217.90 31.55 38.78 0.053427
338.36 344.45 21.46 32.52 0.052896
946.73 561.24 19.64 37.02 0.052547
945.64 483.64 23.42 38.17 0.052080
898.88 159.58 28.51 41.20 0.052054
989.74 190.18 23.00 30.95 0.051672
105.81 482.80 46.17 44.87 0.051483
795.01 672.65 27.73 52.41 0.051455
65.39 347.84 21.45 22.13 0.051451
177.42 227.09 52.07 64.10 0.050928
105.56 501.12 42.38 49.81 0.050025
