35_Basketball_playingbasketball_35_782
147
509.41 308.33 108.47 161.78 0.8852
117.96 338.56 69.18 118.92 0.8223
923.09 409.26 85.48 106.50 0.8059
292.91 48.03 59.59 98.38 0.8022
121.06 17.08 53.41 80.26 0.7825
204.30 595.06 107.94 87.10 0.6880
228.50 8.08 47.69 87.95 0.6191
760.92 0.00 72.08 72.37 0.6054
131.95 559.87 99.16 75.17 0.5063
469.73 88.43 60.95 90.23 0.4924
422.37 17.85 53.36 98.40 0.4508
376.50 622.86 40.60 52.95 0.4272
498.25 96.56 70.59 106.56 0.3801
873.35 572.74 59.46 114.34 0.2538
0.00 367.70 28.99 68.86 0.2244
927.27 220.96 41.29 66.87 0.2168
476.55 565.85 59.22 104.44 0.2142
505.53 30.03 49.64 69.63 0.2126
0.00 24.48 24.79 65.05 0.2013
109.11 909.78 194.20 150.37 0.2011
0.00 2.22 26.81 51.69 0.1979
448.86 34.95 69.45 90.40 0.1878
372.13 19.21 41.42 81.85 0.1738
3.86 106.87 31.80 59.08 0.1732
578.55 9.91 62.65 67.11 0.1692
0.23 333.22 37.65 83.37 0.1671
96.01 796.32 267.37 279.69 0.1595
0.00 935.94 62.94 147.90 0.1594
50.77 408.15 51.25 71.36 0.1592
0.00 564.15 44.35 111.48 0.1555
541.18 1120.43 34.50 56.65 0.1508
605.85 616.45 47.25 68.67 0.1492
441.88 60.79 65.49 113.38 0.1295
107.23 573.44 59.41 102.97 0.1287
52.86 322.18 64.54 115.01 0.1275
468.59 109.26 155.31 245.73 0.1270
441.80 586.06 35.49 71.99 0.1267
535.62 5.31 51.85 58.70 0.1263
456.51 304.09 120.34 199.06 0.1257
165.24 603.02 86.11 116.18 0.1238
808.90 1096.87 86.46 89.13 0.1235
72.52 595.06 47.35 85.05 0.1215
540.23 575.92 99.86 112.11 0.1181
931.92 937.18 67.97 133.61 0.1163
929.68 1084.27 72.52 101.73 0.1129
569.87 69.29 62.86 70.19 0.1124
385.52 628.89 51.06 91.91 0.1103
120.79 1082.86 150.36 103.14 0.1079
35.87 120.16 36.21 62.01 0.1078
2.71 916.14 120.12 214.67 0.1075
522.74 27.55 61.13 74.74 0.1038
705.56 1116.38 57.10 68.34 0.1032
0.00 259.01 51.13 136.12 0.1012
164.96 0.00 66.68 106.08 0.0993
358.66 149.43 64.93 121.01 0.0989
42.79 428.44 46.75 86.48 0.0953
84.36 32.38 57.59 73.45 0.0945
882.57 195.84 69.75 94.67 0.0941
887.63 515.21 64.78 130.12 0.0940
81.34 61.13 47.95 68.00 0.0914
635.69 0.65 54.21 57.42 0.0911
868.66 492.93 63.73 116.01 0.0906
696.24 970.49 30.27 37.40 0.0903
580.32 339.66 83.91 158.12 0.0902
522.14 1133.13 46.42 52.87 0.0881
41.18 0.00 39.68 50.92 0.0871
827.65 0.00 54.26 48.54 0.0869
657.51 687.07 49.32 112.53 0.0862
787.98 1034.91 100.11 138.39 0.0849
442.78 115.68 73.00 100.20 0.0839
404.28 830.57 40.98 109.66 0.0839
593.88 603.95 68.88 121.92 0.0832
3.96 224.03 44.49 104.94 0.0827
23.08 553.77 63.07 131.14 0.0817
318.17 635.19 40.82 46.87 0.0816
893.93 636.14 50.67 89.30 0.0815
367.03 1077.51 61.88 86.47 0.0808
590.38 1140.40 38.71 45.60 0.0781
595.28 208.56 94.46 201.86 0.0781
110.36 514.54 89.77 117.03 0.0769
790.90 30.90 58.11 95.11 0.0766
111.09 617.72 47.72 102.49 0.0764
24.15 195.05 45.96 86.71 0.0761
688.14 783.09 59.68 118.67 0.0747
670.32 820.42 33.85 70.23 0.0743
912.78 940.58 48.96 98.67 0.0742
691.59 940.30 39.25 72.24 0.0738
75.86 0.00 57.58 53.23 0.0729
442.11 540.11 63.84 102.09 0.0727
229.63 256.02 98.76 159.89 0.0726
841.75 665.66 53.56 67.08 0.0723
3.04 128.16 34.96 85.58 0.0717
39.03 77.83 36.33 62.05 0.0713
400.42 322.42 91.38 205.01 0.0711
28.10 320.84 46.52 94.44 0.0696
593.18 32.96 65.77 94.75 0.0693
918.60 174.84 58.03 98.09 0.0692
393.78 689.40 53.93 97.60 0.0692
977.00 612.02 46.38 129.16 0.0684
169.85 284.45 54.40 83.46 0.0662
665.21 749.85 38.87 90.53 0.0662
876.23 900.09 46.92 104.95 0.0660
0.00 429.07 34.61 91.09 0.0656
399.92 93.01 52.14 103.81 0.0651
491.00 201.45 157.08 246.88 0.0649
402.33 908.38 36.24 110.19 0.0643
647.26 23.84 45.27 66.78 0.0633
133.70 606.60 75.07 121.96 0.0629
422.40 645.06 46.64 89.26 0.0622
53.47 462.30 58.61 104.45 0.0607
405.34 110.34 130.94 248.22 0.0602
961.77 329.35 62.23 121.73 0.0600
966.40 220.00 53.75 81.95 0.0599
0.24 472.49 46.07 90.66 0.0594
41.22 276.74 78.45 115.89 0.0593
341.70 199.92 91.46 171.80 0.0591
629.47 1064.16 38.50 60.17 0.0590
922.89 207.33 60.55 122.30 0.0587
558.82 120.40 69.93 72.76 0.0586
176.82 46.65 42.13 73.61 0.0585
362.92 685.05 66.27 108.09 0.0579
977.15 547.05 46.85 121.09 0.0579
677.40 102.59 136.87 145.69 0.0577
67.79 551.96 53.45 95.56 0.0575
777.39 829.79 92.91 163.74 0.0574
666.00 381.91 62.18 141.73 0.0572
1.77 628.23 55.28 118.14 0.0568
840.37 699.69 50.72 66.67 0.0564
587.83 829.34 53.65 86.40 0.0562
694.52 0.00 49.87 64.12 0.0559
658.06 52.79 62.41 84.41 0.0557
615.66 1131.59 49.10 54.41 0.0555
311.09 631.31 54.17 94.50 0.0554
912.93 903.10 45.58 94.65 0.0542
396.92 966.88 45.50 111.56 0.0540
50.09 964.63 182.76 221.37 0.0540
667.63 861.62 39.29 77.27 0.0536
717.83 996.93 138.92 181.84 0.0534
359.30 285.62 80.06 186.34 0.0528
959.17 1016.95 64.83 169.05 0.0520
0.00 1069.21 41.71 96.73 0.0518
57.42 104.12 47.63 78.45 0.0518
877.81 439.99 72.40 107.46 0.0514
802.06 12.89 78.89 81.48 0.0513
825.22 488.03 101.24 181.89 0.0504
18.09 826.52 58.33 185.17 0.0503
283.60 122.92 71.11 109.94 0.0503
