35_Basketball_basketballgame_ball_35_998
200
683.91 72.94 48.95 60.52 0.7646
354.09 318.42 43.90 60.84 0.7288
45.57 392.50 37.03 52.80 0.6962
360.75 101.03 49.51 66.45 0.6259
914.16 273.73 45.51 70.55 0.6160
31.97 199.07 45.00 52.00 0.5970
120.93 277.61 38.32 55.03 0.5701
507.94 17.64 41.53 48.66 0.5690
588.12 14.26 33.33 35.78 0.5135
381.26 105.81 49.60 61.46 0.5133
62.65 275.57 40.60 48.25 0.5122
408.23 9.99 29.55 43.30 0.4937
449.69 132.96 37.21 45.07 0.4583
259.86 80.82 46.58 52.94 0.4540
325.67 406.49 33.65 41.08 0.4516
0.00 341.00 33.87 49.06 0.4496
169.09 365.64 38.16 46.08 0.4372
502.64 334.56 35.07 43.93 0.4275
332.52 96.82 59.80 64.37 0.4181
0.00 310.30 28.99 43.43 0.4084
6.28 436.29 30.60 38.07 0.3998
994.54 269.09 28.19 38.06 0.3847
456.87 99.17 44.54 54.58 0.3802
487.08 20.21 36.43 40.47 0.3751
672.30 415.84 55.04 59.34 0.3742
903.46 199.05 39.47 60.94 0.3695
656.58 27.56 30.75 36.70 0.3589
833.74 207.31 39.52 64.28 0.3577
693.63 3.30 27.33 27.75 0.3437
331.33 18.07 28.10 32.83 0.3408
654.98 418.00 44.94 66.72 0.3190
104.25 111.80 34.13 42.88 0.3162
118.26 369.78 28.74 38.54 0.3060
721.88 350.17 71.31 77.81 0.2952
469.03 424.55 36.30 46.44 0.2940
614.44 370.88 49.56 74.29 0.2926
955.92 274.37 23.67 45.54 0.2888
986.92 294.23 30.91 44.01 0.2879
586.27 25.84 35.35 55.43 0.2847
59.23 133.98 40.55 54.21 0.2835
994.79 318.78 28.20 43.87 0.2799
837.86 277.78 44.84 76.88 0.2762
246.38 43.23 55.75 68.24 0.2757
905.29 243.41 43.09 52.67 0.2672
777.88 49.11 41.70 50.59 0.2654
6.80 133.22 31.75 44.74 0.2632
797.23 218.97 51.49 125.25 0.2621
298.04 294.60 65.28 75.48 0.2533
878.14 285.12 31.96 59.21 0.2498
634.92 457.68 37.41 55.63 0.2487
470.79 224.15 39.40 33.02 0.2486
705.84 87.16 47.97 46.83 0.2471
587.11 358.04 35.21 54.43 0.2470
290.61 585.60 39.82 41.99 0.2404
1.92 273.30 32.27 41.25 0.2400
412.21 20.72 37.02 49.11 0.2309
511.54 449.92 48.17 57.98 0.2255
3.52 243.20 39.58 51.19 0.2252
803.45 75.70 52.25 70.90 0.2206
5.92 202.88 46.44 55.21 0.2203
554.45 425.19 34.67 56.99 0.2171
2.91 168.63 42.27 42.45 0.2153
662.28 68.16 39.98 57.87 0.2128
370.25 39.30 31.85 39.81 0.2107
428.72 1.18 40.78 41.03 0.2079
692.02 18.21 29.58 31.64 0.2071
724.31 412.76 41.13 52.80 0.2064
301.47 402.84 38.60 44.25 0.2062
277.96 17.48 47.56 46.87 0.2032
152.34 517.94 30.33 44.06 0.2030
336.40 532.45 20.39 29.76 0.2021
921.70 395.17 24.32 28.40 0.1988
632.32 22.11 23.35 28.40 0.1942
182.57 115.96 34.53 53.85 0.1941
361.94 198.31 46.70 53.07 0.1910
644.92 438.66 49.40 73.32 0.1897
268.28 587.52 44.35 40.49 0.1891
115.93 72.14 20.52 24.44 0.1887
110.92 126.09 48.44 72.68 0.1849
552.33 16.45 24.67 35.81 0.1843
402.78 505.25 25.07 33.41 0.1834
33.86 214.91 55.31 66.06 0.1827
49.89 375.38 50.03 58.34 0.1803
908.35 467.19 42.51 53.00 0.1799
970.75 495.34 45.62 49.93 0.1792
448.29 526.40 22.38 26.00 0.1790
571.30 132.67 35.65 41.92 0.1787
183.61 95.60 36.47 41.76 0.1768
429.29 37.49 39.35 45.44 0.1735
823.27 93.75 49.47 54.41 0.1732
827.31 414.64 44.68 59.96 0.1726
954.03 207.23 39.00 50.30 0.1717
701.06 498.01 25.45 33.17 0.1711
149.80 537.96 26.95 43.15 0.1711
870.68 226.90 45.77 62.34 0.1698
374.04 19.23 33.28 38.05 0.1693
284.22 230.26 48.58 45.66 0.1693
506.74 293.79 41.56 50.74 0.1677
77.94 502.33 27.53 30.85 0.1665
47.96 126.50 28.51 32.24 0.1659
768.98 28.63 27.74 35.40 0.1657
627.61 2.46 26.89 30.85 0.1618
542.90 361.87 39.56 54.01 0.1618
61.49 302.45 50.24 55.58 0.1605
515.50 146.18 29.37 32.38 0.1592
146.66 85.47 35.42 47.06 0.1580
283.64 95.20 45.71 59.11 0.1572
817.70 158.84 60.58 86.85 0.1568
149.85 72.65 29.64 37.95 0.1532
331.42 27.08 31.31 47.41 0.1531
650.43 487.93 37.26 45.09 0.1523
47.10 527.22 28.94 25.64 0.1523
683.63 358.12 68.18 97.67 0.1517
437.90 238.29 58.77 53.26 0.1513
531.98 438.24 46.40 67.28 0.1504
156.29 501.30 29.68 40.21 0.1476
353.62 222.28 60.61 69.30 0.1458
290.92 268.66 58.99 62.42 0.1444
135.99 113.06 40.53 71.04 0.1438
711.87 428.66 48.04 51.76 0.1434
517.76 113.41 32.29 37.83 0.1428
79.02 100.43 23.88 36.66 0.1426
953.43 166.95 43.50 51.33 0.1410
804.09 529.60 25.88 28.65 0.1409
836.60 50.14 54.93 69.39 0.1402
4.51 464.01 32.44 46.40 0.1402
557.42 146.04 38.34 35.18 0.1389
65.66 197.24 49.22 59.60 0.1386
633.64 34.47 36.76 48.42 0.1375
550.72 170.01 41.29 33.61 0.1375
344.97 264.44 64.33 91.33 0.1367
442.08 557.97 21.93 25.28 0.1367
77.27 526.11 27.06 32.01 0.1367
295.62 3.82 33.73 34.51 0.1366
740.46 511.71 33.86 39.46 0.1363
138.66 303.34 41.92 52.96 0.1361
932.09 478.89 52.11 59.36 0.1360
992.98 27.35 27.24 45.94 0.1357
0.00 391.79 35.43 52.87 0.1349
319.89 271.48 60.74 86.80 0.1333
4.23 0.00 40.89 34.43 0.1329
471.81 286.15 58.37 73.81 0.1321
254.41 137.95 42.19 56.94 0.1320
883.53 173.91 53.85 71.59 0.1320
68.57 347.08 44.23 62.06 0.1316
212.85 283.89 55.71 61.17 0.1297
373.82 561.52 20.42 30.42 0.1272
386.13 74.23 50.16 67.57 0.1271
7.68 102.55 21.98 27.34 0.1267
633.55 57.74 40.47 52.76 0.1263
117.72 55.08 19.90 23.88 0.1260
248.62 169.89 38.15 46.23 0.1242
147.47 45.98 34.84 34.10 0.1240
773.44 2.50 27.14 29.15 0.1223
112.28 172.79 47.03 65.40 0.1223
149.35 9.73 37.68 39.51 0.1216
36.27 425.07 43.66 51.97 0.1210
404.30 484.60 26.17 40.95 0.1204
334.69 357.00 46.18 52.24 0.1202
172.35 403.75 45.17 62.66 0.1202
769.14 57.99 63.40 85.58 0.1193
442.48 65.70 39.80 54.72 0.1175
662.74 98.21 31.03 46.92 0.1173
219.58 75.52 36.33 52.67 0.1172
9.89 556.72 19.25 23.62 0.1171
373.10 1.97 33.36 36.15 0.1165
47.37 103.34 24.73 26.63 0.1160
552.40 37.64 28.01 43.73 0.1154
29.57 343.26 53.34 68.21 0.1149
180.78 657.19 63.33 46.06 0.1145
551.84 112.34 35.90 43.53 0.1144
975.34 194.18 43.77 61.58 0.1144
246.79 0.34 43.20 36.32 0.1126
172.47 321.56 50.33 55.15 0.1126
3.65 494.50 32.05 40.90 0.1124
40.81 505.89 34.37 41.47 0.1111
661.27 4.47 33.70 37.13 0.1106
693.17 467.99 38.25 53.00 0.1106
807.14 294.75 51.90 90.07 0.1099
948.82 253.72 34.62 57.10 0.1098
808.06 22.72 27.00 34.68 0.1090
790.82 180.18 52.18 107.94 0.1089
811.59 121.80 70.75 83.94 0.1080
264.13 552.73 37.15 50.66 0.1073
512.73 160.23 37.21 41.70 0.1066
507.15 56.66 42.37 50.86 0.1063
593.42 490.12 31.08 43.00 0.1062
291.11 555.15 36.88 52.35 0.1062
875.02 140.72 51.82 56.91 0.1055
40.89 311.70 50.27 52.01 0.1053
333.39 545.30 21.12 31.16 0.1053
218.06 548.34 29.88 38.75 0.1049
637.60 365.11 52.84 77.70 0.1041
80.87 4.65 40.19 36.59 0.1039
913.95 426.94 31.53 44.82 0.1034
291.08 119.85 39.50 57.02 0.1033
168.49 526.52 43.85 60.40 0.1029
911.47 145.92 63.63 66.95 0.1027
409.78 439.61 28.93 36.01 0.1027
382.80 188.59 45.89 52.40 0.1023
