35_Basketball_playingbasketball_35_366
34
399.25 335.24 37.87 45.74 0.3360
414.30 431.90 54.70 74.83 0.1593
539.37 168.15 35.85 51.95 0.1459
628.80 108.64 23.19 33.36 0.1327
517.82 162.01 43.49 72.52 0.1159
539.77 139.09 35.30 60.52 0.1073
738.26 1.94 27.89 31.00 0.1052
402.31 414.79 47.58 80.52 0.1003
516.96 181.96 49.40 109.12 0.0985
561.52 24.41 30.86 49.92 0.0976
658.74 106.65 35.18 44.88 0.0939
561.00 6.64 28.63 41.94 0.0921
663.04 135.13 35.68 43.49 0.0919
430.18 365.97 39.96 55.01 0.0884
515.34 127.03 47.11 76.32 0.0839
553.05 35.22 40.02 86.32 0.0820
540.34 82.69 39.00 71.36 0.0810
629.63 131.59 30.48 40.88 0.0785
517.45 96.63 41.16 77.18 0.0762
459.94 473.19 90.78 117.77 0.0707
431.90 453.98 56.77 103.17 0.0687
419.10 335.64 47.48 52.00 0.0685
627.62 154.45 33.21 45.65 0.0655
741.94 31.06 34.94 60.59 0.0646
576.40 162.51 36.10 48.44 0.0637
556.86 171.51 59.57 78.25 0.0621
681.55 99.58 38.84 47.44 0.0606
356.07 251.75 111.11 129.65 0.0605
588.46 140.00 25.65 45.38 0.0590
495.59 595.63 50.29 135.36 0.0578
742.95 59.95 33.39 53.87 0.0549
767.96 109.20 59.22 68.77 0.0544
379.71 339.83 46.21 45.89 0.0542
470.09 322.96 47.54 72.34 0.0503
