35_Basketball_Basketball_35_327
200
417.00 235.80 47.28 62.79 0.6526
182.35 178.75 23.83 30.32 0.5921
84.77 162.36 22.91 37.34 0.5777
915.78 150.84 34.09 38.93 0.4932
483.66 173.67 24.28 30.39 0.4218
348.93 412.12 94.85 68.28 0.4201
256.41 168.55 22.19 28.43 0.3848
699.20 186.65 21.62 28.33 0.3758
545.31 159.61 26.12 28.89 0.3641
775.72 176.64 38.16 39.69 0.3559
396.28 170.98 28.95 28.04 0.3478
981.29 164.73 35.50 37.54 0.3084
630.13 178.57 17.92 20.86 0.3059
437.33 168.49 30.13 28.40 0.3031
596.83 170.96 17.56 19.76 0.2991
502.59 361.02 37.26 37.68 0.2965
980.70 149.40 35.68 35.53 0.2867
668.33 173.81 19.70 20.25 0.2851
381.68 175.85 26.61 26.33 0.2561
668.75 154.41 16.84 21.48 0.2545
743.19 194.10 31.35 29.14 0.2509
794.07 169.52 31.31 33.86 0.2453
739.91 163.84 23.59 29.55 0.2410
29.77 173.63 27.39 32.49 0.2378
965.93 172.96 39.28 33.89 0.2362
346.91 428.71 144.67 140.33 0.2309
876.26 174.70 28.48 33.31 0.2267
4.41 396.34 36.54 56.95 0.2266
941.01 243.00 39.34 51.37 0.2211
224.57 220.16 20.60 24.18 0.2118
493.87 235.64 41.56 40.59 0.2089
760.23 240.56 60.87 78.42 0.2087
666.98 185.95 19.99 28.06 0.2067
523.11 173.87 21.49 21.73 0.2053
44.92 221.39 24.54 30.46 0.2049
628.56 187.48 20.97 26.69 0.2048
334.84 176.10 17.26 21.23 0.2040
229.79 196.74 19.80 25.06 0.1999
588.35 307.54 29.96 48.83 0.1994
593.45 234.29 29.09 39.30 0.1981
4.14 222.12 22.69 27.64 0.1957
850.38 174.43 26.97 30.51 0.1938
741.21 153.59 20.06 27.13 0.1931
29.60 372.67 59.65 80.64 0.1916
7.28 369.65 57.96 73.41 0.1862
964.76 149.79 26.40 29.81 0.1830
959.75 415.66 21.44 27.43 0.1784
926.26 436.54 75.81 131.93 0.1764
11.12 171.14 37.30 37.08 0.1741
232.80 174.76 25.80 28.27 0.1730
997.67 219.86 26.33 38.93 0.1710
774.65 153.80 30.44 36.35 0.1704
586.56 246.47 30.65 45.83 0.1691
3.44 417.79 24.67 42.65 0.1679
550.71 239.87 26.51 32.02 0.1626
444.68 154.66 21.21 23.18 0.1615
312.05 408.07 49.87 56.98 0.1605
554.99 196.51 23.41 22.80 0.1566
487.07 343.87 33.70 38.02 0.1565
552.44 367.50 30.07 40.27 0.1555
256.39 188.99 23.56 26.44 0.1544
739.36 203.63 43.15 58.69 0.1542
760.68 197.86 43.83 53.18 0.1534
515.68 189.58 26.65 26.14 0.1520
987.98 126.21 30.49 26.59 0.1515
597.38 416.76 18.15 28.90 0.1510
11.62 187.83 30.21 29.21 0.1497
593.83 188.81 21.88 27.20 0.1480
953.44 426.89 32.77 47.70 0.1436
445.96 182.44 39.28 41.15 0.1411
254.89 248.21 25.78 31.28 0.1402
632.97 394.38 20.67 24.11 0.1395
809.93 153.39 22.02 29.54 0.1365
621.83 231.67 27.38 39.44 0.1325
59.08 411.37 38.75 47.85 0.1324
632.30 413.46 20.93 27.09 0.1307
307.62 199.61 21.65 20.70 0.1303
115.83 147.73 23.83 27.04 0.1227
595.69 155.85 17.95 22.73 0.1224
490.65 306.09 70.30 89.90 0.1222
326.29 190.54 23.68 27.52 0.1217
153.37 165.82 18.92 29.08 0.1200
791.55 338.18 46.53 62.93 0.1187
665.19 389.81 19.81 27.32 0.1175
230.43 233.36 22.31 33.20 0.1172
483.54 154.26 23.47 32.94 0.1169
44.39 152.68 16.14 19.41 0.1162
936.50 376.49 44.35 58.16 0.1152
2.86 233.14 23.23 33.12 0.1145
407.25 152.47 20.31 21.97 0.1144
839.94 145.51 26.21 25.48 0.1138
520.82 402.68 30.64 42.02 0.1126
907.58 446.90 54.56 122.50 0.1112
697.39 209.51 27.82 39.67 0.1109
483.58 434.28 22.78 29.23 0.1107
376.64 152.53 15.27 18.34 0.1106
894.78 337.33 61.27 86.47 0.1094
308.38 422.19 70.51 86.62 0.1092
633.52 152.70 16.63 17.56 0.1088
882.13 150.39 26.45 37.78 0.1087
915.30 176.64 36.54 38.98 0.1086
51.26 359.69 50.31 68.22 0.1083
228.02 251.11 37.15 50.10 0.1078
920.41 130.69 27.57 31.71 0.1053
263.07 219.06 21.43 26.11 0.1042
119.50 166.84 21.55 30.98 0.1042
259.77 154.37 22.34 33.79 0.1039
483.60 374.58 37.11 56.50 0.1014
703.16 152.99 17.90 22.35 0.1002
738.86 231.96 43.27 66.30 0.1000
340.72 149.49 17.70 22.10 0.0991
367.68 248.77 50.68 68.96 0.0975
524.93 151.51 22.18 27.35 0.0965
914.92 424.34 30.31 46.39 0.0963
615.33 245.52 35.57 53.50 0.0963
321.36 293.41 42.40 73.32 0.0957
481.98 406.72 30.62 43.41 0.0956
295.83 402.06 44.90 72.96 0.0938
961.80 126.69 19.88 19.60 0.0933
922.12 223.96 49.89 68.37 0.0929
977.15 430.73 38.30 56.81 0.0925
357.45 279.26 46.89 61.34 0.0924
661.35 414.38 23.43 26.31 0.0924
626.19 425.04 30.37 40.44 0.0920
389.65 343.29 75.88 96.45 0.0902
667.02 127.41 18.22 21.68 0.0895
777.95 329.75 49.13 51.62 0.0894
4.37 149.38 24.83 24.02 0.0889
302.16 273.13 68.61 123.41 0.0888
553.94 254.80 27.52 35.65 0.0878
300.86 173.11 19.12 24.47 0.0878
307.25 217.41 21.52 25.85 0.0873
664.36 371.27 21.59 29.48 0.0873
324.43 211.61 27.06 33.28 0.0873
836.13 215.20 31.66 45.26 0.0864
766.50 374.25 39.09 54.83 0.0857
188.96 207.21 23.89 33.29 0.0853
770.40 294.98 54.08 61.20 0.0850
592.95 394.59 20.37 28.50 0.0839
870.36 315.21 68.32 91.45 0.0831
551.96 222.58 26.75 31.32 0.0817
279.61 288.55 38.22 70.69 0.0816
545.04 336.55 40.86 55.82 0.0814
250.31 268.76 45.91 75.28 0.0812
156.25 190.78 19.15 28.15 0.0804
628.93 369.36 21.87 28.04 0.0798
546.31 303.50 41.41 66.40 0.0797
879.40 429.96 32.90 61.81 0.0797
989.53 272.30 33.48 56.43 0.0787
77.51 216.10 28.10 37.36 0.0786
879.08 447.30 41.43 91.23 0.0784
915.73 404.17 31.00 43.01 0.0781
212.68 276.45 49.09 72.57 0.0776
829.75 253.51 35.94 46.15 0.0767
534.80 421.81 42.30 45.75 0.0759
880.00 210.28 31.95 43.58 0.0759
369.43 217.52 40.21 66.56 0.0755
303.49 235.09 17.57 29.04 0.0746
4.96 265.75 22.68 29.69 0.0736
775.39 127.50 22.15 20.06 0.0725
554.98 287.64 32.52 46.80 0.0723
289.61 433.56 99.12 160.60 0.0710
412.03 376.38 72.83 82.92 0.0702
229.50 151.00 19.37 23.01 0.0702
800.74 190.95 41.29 61.54 0.0699
147.28 151.08 23.98 27.93 0.0698
387.90 281.06 84.55 102.29 0.0695
658.48 210.43 32.86 43.26 0.0692
699.92 223.94 27.94 52.38 0.0692
214.40 259.57 89.55 201.42 0.0680
739.23 401.93 32.31 52.45 0.0668
542.42 3.45 59.09 30.07 0.0655
534.91 399.34 39.66 47.32 0.0652
803.40 402.80 39.32 51.97 0.0644
822.89 377.09 55.41 79.37 0.0642
872.26 267.72 52.33 65.08 0.0641
252.22 281.37 89.83 180.94 0.0635
79.58 241.48 24.95 28.89 0.0626
750.99 387.84 48.10 65.98 0.0626
917.20 255.98 45.54 67.41 0.0626
292.62 148.93 23.59 24.10 0.0625
874.18 391.01 39.99 61.37 0.0624
740.50 128.25 20.94 20.70 0.0616
486.04 264.98 63.75 85.92 0.0616
190.09 154.24 22.77 35.68 0.0614
147.81 221.59 21.69 28.58 0.0614
85.74 359.57 65.40 92.80 0.0607
467.44 246.76 64.03 82.29 0.0587
900.78 292.52 59.03 89.61 0.0580
586.07 359.50 26.72 35.43 0.0573
1.45 444.99 34.13 51.65 0.0568
606.60 274.16 43.77 58.82 0.0568
830.55 263.94 46.66 63.21 0.0562
340.83 127.26 21.88 21.75 0.0556
657.24 431.35 29.16 35.59 0.0552
422.35 346.28 70.87 70.79 0.0549
657.31 220.24 41.14 60.35 0.0541
814.83 129.52 27.48 32.39 0.0534
268.27 124.93 21.24 20.79 0.0533
477.65 24.56 33.39 30.44 0.0528
