53_Raid_policeraid_53_805
26
498.78 160.93 385.31 223.48 0.9976
158.74 205.62 242.96 254.11 0.9877
418.66 179.08 282.48 224.04 0.6740
364.45 128.49 403.26 175.15 0.4926
525.74 122.41 498.26 174.56 0.4525
68.97 76.64 105.18 77.19 0.2843
171.68 173.32 425.99 229.75 0.2440
78.96 42.39 105.25 69.31 0.1094
49.03 51.43 97.87 72.60 0.1000
523.44 309.52 303.49 333.48 0.0827
353.27 243.44 369.53 261.72 0.0801
248.78 55.93 387.46 122.07 0.0506
99.71 70.45 180.45 70.65 0.0493
212.52 67.82 163.31 81.41 0.0485
141.04 47.71 181.67 65.69 0.0392
675.72 188.16 142.41 89.49 0.0352
295.98 56.59 139.31 91.83 0.0330
36.54 29.44 114.18 56.85 0.0314
530.28 240.95 493.72 268.24 0.0301
304.77 88.80 428.88 138.57 0.0291
739.43 197.96 163.16 95.25 0.0266
250.85 19.79 185.65 63.31 0.0258
27.20 47.63 74.91 94.77 0.0227
677.54 423.13 135.86 105.94 0.0211
71.07 32.15 164.15 48.44 0.0206
122.72 133.47 388.53 157.98 0.0201
