25_Soldier_Patrol_Soldier_Patrol_25_679
29
605.37 44.50 418.63 90.05 0.5985
60.92 167.57 94.03 218.81 0.5743
124.57 165.27 112.06 224.72 0.5402
157.35 170.56 195.87 216.56 0.5179
15.71 161.50 49.53 228.00 0.4677
131.10 203.66 393.88 247.97 0.4516
620.61 68.20 403.39 154.31 0.4222
618.66 299.37 405.34 304.63 0.3840
358.59 79.72 380.18 152.82 0.3823
283.94 138.28 382.45 147.55 0.3656
640.51 15.17 383.49 46.68 0.3342
563.96 153.18 403.45 237.41 0.2589
116.06 265.60 132.38 234.97 0.2534
290.58 249.63 368.34 278.27 0.2249
143.25 156.34 372.50 143.16 0.2143
337.52 154.44 422.81 228.07 0.2124
70.51 256.45 84.31 252.13 0.2072
14.51 252.69 47.53 265.83 0.1170
390.05 367.09 459.48 236.91 0.0795
186.51 360.04 430.38 243.96 0.0763
139.72 281.69 237.44 322.31 0.0643
33.61 131.33 155.26 183.33 0.0543
397.44 49.95 443.06 116.08 0.0514
484.55 242.63 422.34 281.42 0.0478
2.27 83.87 74.15 146.82 0.0464
116.93 363.64 137.53 240.36 0.0290
20.74 383.09 35.83 220.91 0.0232
37.63 98.69 137.09 127.91 0.0209
9.27 3.14 39.96 61.77 0.0200
