31_Waiter_Waitress_Waiter_Waitress_31_162
82
474.20 374.89 221.25 272.39 0.8767
16.06 1140.76 262.71 194.51 0.2810
332.73 495.36 44.43 80.26 0.2647
209.44 1022.37 258.56 332.06 0.2027
435.58 352.39 104.70 252.79 0.1656
295.09 729.92 40.17 52.41 0.1648
220.79 1241.02 168.14 124.98 0.1584
367.16 619.96 33.87 81.47 0.1567
316.16 732.73 44.03 55.70 0.1556
0.00 1074.62 203.58 203.21 0.1505
918.23 199.35 47.74 90.32 0.1503
330.22 624.06 40.79 83.62 0.1429
358.56 468.50 48.66 103.38 0.1403
434.44 448.32 57.03 158.30 0.1333
0.00 1254.47 88.95 111.53 0.1322
27.96 515.27 55.96 109.33 0.1295
258.88 730.89 31.74 51.37 0.1290
326.30 670.08 47.48 74.09 0.1258
380.11 363.46 79.47 174.25 0.1216
440.37 611.71 49.21 96.21 0.1214
395.64 456.64 49.68 111.68 0.1185
153.92 377.42 92.72 174.53 0.1157
308.29 765.09 53.84 68.74 0.1141
742.26 435.76 47.86 100.38 0.1139
225.69 641.64 29.72 54.15 0.1121
31.74 829.89 40.86 52.79 0.1098
265.20 638.57 28.98 62.47 0.1054
265.71 681.86 29.57 49.90 0.1053
333.34 569.48 49.21 73.40 0.1035
293.54 684.51 39.59 69.44 0.1032
7.39 851.41 56.24 101.56 0.1020
762.31 366.13 36.45 83.98 0.1020
388.92 258.45 94.79 256.91 0.1005
388.88 606.42 45.13 81.98 0.0998
345.64 702.62 61.01 101.35 0.0992
307.44 801.67 53.78 68.09 0.0978
230.20 739.51 23.29 32.86 0.0961
0.00 870.01 364.62 371.56 0.0903
989.00 544.62 34.99 134.67 0.0875
224.78 786.95 34.63 43.44 0.0873
340.34 857.06 74.60 75.14 0.0854
914.10 221.78 58.09 134.13 0.0832
35.85 470.07 77.38 136.46 0.0831
141.18 839.55 443.25 492.15 0.0830
291.91 627.41 34.57 70.49 0.0825
302.84 861.81 68.49 62.49 0.0816
228.85 691.47 22.61 37.83 0.0795
317.55 733.74 94.82 123.62 0.0794
335.95 809.44 72.08 85.76 0.0758
144.74 740.01 31.55 35.74 0.0757
427.51 624.89 84.24 160.50 0.0754
59.33 542.45 47.58 89.36 0.0749
258.15 771.95 43.11 55.90 0.0747
391.72 646.32 130.42 214.38 0.0735
325.62 1085.71 183.76 258.58 0.0734
4.81 386.26 64.60 163.57 0.0733
10.96 710.17 30.55 67.24 0.0710
294.61 582.64 34.84 70.00 0.0703
10.97 668.27 40.94 86.76 0.0703
2.53 487.48 61.59 143.61 0.0701
7.18 779.56 38.68 74.31 0.0690
205.31 810.84 72.08 68.11 0.0662
261.35 581.87 31.95 59.83 0.0659
423.19 202.13 54.22 107.58 0.0646
392.06 814.64 238.36 282.35 0.0634
176.61 786.71 46.01 42.55 0.0630
146.31 827.09 179.05 123.76 0.0626
248.39 802.37 60.81 70.57 0.0616
737.80 377.64 52.49 95.57 0.0615
301.96 504.47 48.79 87.57 0.0592
650.08 371.61 111.71 218.83 0.0589
19.93 830.04 81.21 149.03 0.0575
30.54 781.94 48.36 71.93 0.0573
185.49 635.76 38.79 55.74 0.0571
378.68 639.92 70.75 125.94 0.0560
921.14 640.62 70.53 156.96 0.0546
383.26 174.97 65.02 149.94 0.0538
911.13 283.03 77.30 224.04 0.0537
359.12 785.59 131.03 138.87 0.0529
187.87 742.62 24.98 30.75 0.0528
7.40 605.16 40.26 98.57 0.0525
579.75 457.26 135.75 232.60 0.0512
