23_Shoppers_Shoppers_23_450
173
372.37 316.23 366.25 387.12 0.5901
299.76 364.83 340.82 595.21 0.5889
143.65 409.62 341.54 583.99 0.5427
485.61 236.55 392.62 359.35 0.3996
501.71 314.45 348.51 599.06 0.3564
108.93 476.43 173.91 682.48 0.3432
560.01 331.42 463.99 370.54 0.2941
492.43 635.45 363.81 618.45 0.2882
315.67 627.55 323.76 611.69 0.1688
233.08 258.43 377.46 357.04 0.1374
593.19 516.47 430.81 519.48 0.1081
427.96 141.93 394.52 303.95 0.0969
340.28 827.42 268.13 714.58 0.0911
446.26 824.37 327.85 717.63 0.0822
102.63 278.42 213.25 546.73 0.0808
58.23 395.19 77.03 322.56 0.0803
52.68 265.42 167.67 851.09 0.0746
56.66 542.78 82.65 332.49 0.0654
791.58 226.02 153.16 216.16 0.0645
50.90 261.58 75.08 297.92 0.0610
119.01 637.05 248.25 737.47 0.0602
81.53 430.79 113.38 300.87 0.0600
461.90 644.85 137.30 264.51 0.0583
201.01 699.94 292.04 728.68 0.0583
475.67 236.16 162.31 206.26 0.0581
541.97 639.63 126.68 276.99 0.0556
360.29 1077.50 128.41 264.22 0.0552
807.99 162.54 174.56 207.53 0.0552
718.58 224.33 138.12 218.49 0.0546
328.29 134.63 101.27 277.18 0.0539
583.31 542.66 108.66 288.06 0.0535
327.93 979.16 109.67 306.61 0.0530
617.69 602.03 117.05 281.93 0.0528
219.47 390.01 106.98 320.26 0.0527
584.61 220.58 122.82 260.10 0.0520
35.64 329.53 57.26 334.02 0.0520
356.77 218.53 111.65 265.77 0.0518
494.25 572.79 144.52 262.55 0.0514
159.62 197.78 252.34 408.98 0.0513
795.23 653.24 131.27 281.01 0.0513
182.52 268.60 104.85 293.19 0.0510
841.63 460.47 115.77 331.65 0.0510
253.22 137.54 110.03 277.02 0.0509
135.80 415.76 114.56 270.35 0.0508
768.61 244.08 106.01 319.26 0.0508
475.04 481.99 113.66 299.33 0.0505
389.89 689.31 128.71 286.91 0.0505
438.37 1082.58 107.50 289.15 0.0504
685.69 156.46 135.79 209.84 0.0503
661.16 674.03 115.94 355.84 0.0503
53.83 912.59 252.33 629.41 0.0501
468.52 1026.89 128.96 266.05 0.0500
432.58 229.31 127.44 274.08 0.0500
550.75 819.94 105.72 326.22 0.0496
632.68 221.40 155.89 204.04 0.0496
600.15 151.94 153.08 201.95 0.0495
548.27 998.40 104.89 290.59 0.0494
405.22 1006.26 104.30 274.25 0.0494
326.43 279.25 115.04 286.40 0.0494
792.27 319.21 131.05 281.55 0.0493
448.33 143.50 161.94 201.40 0.0493
141.79 571.80 157.54 235.37 0.0490
689.02 621.63 130.28 281.10 0.0489
246.84 286.87 124.72 252.99 0.0484
205.62 111.81 116.75 276.50 0.0484
262.52 701.75 101.46 297.61 0.0483
750.40 162.53 147.57 207.13 0.0479
509.96 738.09 115.40 323.62 0.0479
219.43 98.61 172.93 150.32 0.0476
292.89 219.19 119.09 249.10 0.0475
680.45 462.76 123.13 303.27 0.0467
389.36 270.75 129.52 279.55 0.0467
461.94 761.64 113.65 282.19 0.0465
300.19 106.32 179.00 147.89 0.0464
737.04 300.09 101.70 341.61 0.0462
290.44 791.74 110.46 279.47 0.0462
512.92 944.12 107.20 267.38 0.0460
102.27 357.15 121.40 259.96 0.0458
479.36 281.14 104.54 344.06 0.0453
694.14 269.06 111.33 284.01 0.0453
424.14 555.82 131.82 278.83 0.0450
445.96 921.91 104.90 301.87 0.0450
542.24 256.90 114.45 300.36 0.0447
602.14 784.97 421.86 572.30 0.0444
150.15 97.81 101.95 304.63 0.0443
769.45 375.58 107.41 336.62 0.0442
157.85 108.31 157.37 147.81 0.0440
514.75 162.34 158.91 211.02 0.0437
212.82 535.23 123.06 303.59 0.0437
0.00 162.53 224.46 392.38 0.0436
93.89 553.23 105.36 298.49 0.0432
333.04 1116.67 103.42 308.52 0.0430
405.42 145.69 99.78 280.65 0.0429
732.95 584.60 152.88 231.91 0.0428
359.92 776.27 118.84 275.90 0.0426
278.70 392.97 117.76 326.85 0.0426
31.47 468.56 57.34 325.87 0.0426
69.42 284.61 117.62 256.03 0.0426
61.17 33.46 70.03 361.25 0.0424
610.19 725.41 126.99 362.02 0.0419
321.65 697.56 122.54 277.21 0.0416
575.23 899.37 112.99 329.29 0.0415
364.60 890.24 111.38 299.78 0.0413
113.40 306.89 153.00 209.85 0.0412
616.39 305.24 122.61 326.93 0.0409
407.61 112.01 165.67 159.22 0.0408
549.53 512.90 111.89 235.25 0.0404
504.04 376.64 114.98 305.94 0.0398
795.00 510.34 126.61 227.77 0.0398
59.19 48.81 155.39 167.03 0.0387
583.17 384.05 119.27 309.83 0.0387
354.43 625.98 127.80 277.71 0.0385
628.82 103.83 162.13 169.66 0.0383
0.00 690.65 249.79 545.94 0.0382
143.01 19.02 152.88 129.86 0.0379
0.00 339.05 63.56 286.57 0.0368
30.06 183.03 62.13 305.10 0.0365
95.15 118.81 115.59 260.88 0.0363
286.34 577.49 108.14 326.34 0.0358
811.78 98.19 137.80 176.86 0.0357
222.04 99.65 378.08 321.31 0.0355
721.36 718.53 112.16 309.98 0.0351
287.63 2.12 138.28 144.28 0.0350
708.96 83.11 315.04 377.82 0.0350
0.00 0.00 66.44 145.58 0.0348
83.64 220.76 149.05 229.97 0.0340
730.65 113.35 161.63 161.11 0.0336
475.27 99.52 167.32 165.87 0.0336
589.35 1017.87 106.67 365.33 0.0327
28.40 0.00 146.39 127.36 0.0318
16.09 80.59 78.57 232.99 0.0313
862.60 209.87 138.88 266.46 0.0311
303.72 898.34 106.70 303.70 0.0307
417.66 368.43 126.45 284.53 0.0304
638.45 868.31 97.76 309.95 0.0302
396.07 442.17 124.22 341.54 0.0301
0.00 1028.44 187.96 513.56 0.0300
366.57 12.31 149.17 154.48 0.0297
554.81 109.48 145.09 173.28 0.0297
127.97 57.53 101.05 223.91 0.0295
212.63 6.25 151.10 145.39 0.0293
426.85 0.00 150.30 156.47 0.0287
391.69 860.32 139.31 213.72 0.0286
849.28 328.66 137.32 302.10 0.0286
0.00 469.26 66.09 291.02 0.0283
651.60 0.00 140.65 153.51 0.0279
344.73 374.02 125.82 286.01 0.0272
0.00 189.48 63.89 295.53 0.0272
730.86 0.00 135.78 149.39 0.0270
28.04 603.76 65.57 306.81 0.0269
704.10 49.43 128.15 199.07 0.0268
71.81 6.48 231.15 508.32 0.0268
797.85 0.00 139.50 161.38 0.0256
462.92 1165.37 166.67 212.30 0.0256
584.37 0.00 141.62 153.16 0.0256
892.85 419.02 131.15 699.75 0.0253
93.52 0.00 172.05 96.54 0.0252
250.94 876.07 118.83 268.71 0.0244
371.77 1170.19 100.30 270.83 0.0241
852.55 572.50 114.07 397.96 0.0237
313.39 0.00 182.75 90.98 0.0237
546.56 1124.00 106.05 282.33 0.0232
0.00 457.53 32.17 236.77 0.0229
508.11 0.00 146.30 144.93 0.0223
320.11 504.06 119.99 330.43 0.0222
833.04 0.00 164.60 94.93 0.0221
141.94 0.00 221.58 339.19 0.0220
595.07 0.00 344.84 273.89 0.0218
708.42 978.35 315.58 563.65 0.0218
0.00 1399.86 154.55 142.14 0.0211
403.33 1261.00 110.63 279.42 0.0206
874.93 522.91 129.89 317.34 0.0205
946.61 0.00 77.39 173.35 0.0203
