5_Car_Accident_Accident_5_202
142
472.91 93.27 104.57 87.19 0.470078
421.33 361.38 51.81 36.69 0.351713
961.62 142.78 55.37 70.34 0.259222
433.36 112.14 112.89 85.57 0.221796
445.91 214.71 85.18 52.91 0.220460
661.12 229.59 46.81 40.19 0.206327
461.01 362.51 47.29 35.68 0.199415
885.92 4.16 40.30 34.63 0.194151
805.80 69.67 36.75 34.94 0.175088
891.74 18.87 32.01 30.92 0.173688
859.46 144.55 58.75 54.23 0.158209
843.20 3.42 36.66 33.02 0.156983
380.14 351.13 53.21 44.68 0.153568
196.84 58.12 147.15 162.54 0.151151
738.73 84.56 35.11 26.02 0.150434
469.65 346.01 38.52 28.27 0.148425
935.69 126.54 47.79 72.45 0.147200
408.08 460.16 67.09 88.34 0.144342
261.17 392.10 109.17 97.73 0.140635
455.41 169.64 82.42 47.13 0.140228
899.12 49.59 32.47 33.32 0.139666
683.00 207.20 130.94 102.80 0.138744
426.93 447.95 80.83 88.11 0.138458
384.13 216.91 77.75 42.34 0.135192
510.11 379.99 64.62 62.81 0.134793
930.23 67.67 31.15 36.20 0.134001
837.24 17.70 34.96 37.56 0.133382
994.25 26.93 26.21 26.85 0.129065
521.09 336.78 34.24 27.03 0.124336
554.98 239.09 39.63 32.70 0.122451
386.05 494.39 64.49 65.03 0.120202
653.50 249.62 48.23 41.83 0.118288
594.88 237.08 50.18 38.75 0.116860
927.40 90.60 45.15 49.89 0.116810
990.71 47.08 28.24 32.46 0.116676
938.82 28.32 25.18 24.79 0.116300
986.44 79.06 28.33 33.92 0.116236
468.22 201.92 78.61 50.48 0.115871
560.39 260.48 38.02 25.34 0.115735
373.74 185.10 116.33 68.38 0.114824
849.70 89.31 51.04 46.02 0.112986
846.20 49.01 24.90 29.17 0.112030
941.18 164.82 60.38 68.73 0.111807
896.14 71.39 39.11 37.13 0.111489
41.19 302.32 222.22 220.27 0.111361
877.71 91.28 54.43 56.58 0.108806
308.67 348.74 81.77 58.18 0.107944
466.62 371.85 62.21 50.72 0.106380
848.28 79.15 27.35 32.53 0.106043
567.76 284.35 32.17 25.37 0.104536
355.59 375.46 76.17 84.32 0.104507
254.60 80.26 111.23 116.33 0.101637
993.56 0.00 30.44 23.99 0.101420
214.92 354.64 178.52 159.38 0.100914
924.30 0.00 39.79 28.39 0.099345
642.82 437.11 47.83 50.07 0.097648
273.56 313.16 71.51 36.98 0.093662
968.64 85.10 53.11 66.26 0.091315
810.56 21.05 40.10 30.55 0.090492
466.63 414.04 46.87 41.10 0.089446
641.60 449.78 60.95 97.61 0.088840
424.64 68.17 79.81 78.75 0.088216
354.42 128.44 185.30 145.33 0.086521
931.93 268.36 46.13 47.60 0.085872
702.19 241.49 151.26 98.79 0.085086
943.46 234.82 36.88 40.71 0.085013
522.42 240.65 45.47 39.84 0.084088
331.79 483.79 43.74 49.93 0.082625
386.61 534.92 61.09 37.88 0.082484
505.19 416.52 62.86 71.86 0.081162
273.95 152.77 145.25 106.40 0.079078
812.66 242.73 73.70 70.18 0.078508
561.95 214.21 33.27 32.11 0.077978
973.75 225.90 37.83 45.95 0.077345
259.60 321.09 87.77 62.20 0.076956
556.32 449.28 155.26 120.42 0.076531
317.03 315.83 62.45 25.23 0.076472
599.80 412.83 69.51 70.08 0.075941
889.99 262.95 29.96 34.96 0.075539
10.28 422.75 24.10 27.11 0.074959
744.09 133.50 50.23 30.47 0.074421
90.23 352.21 121.12 103.23 0.074359
599.37 254.41 46.15 33.89 0.073864
743.23 154.10 61.23 42.01 0.073379
306.02 446.36 76.54 84.12 0.073279
735.46 205.13 111.85 82.06 0.072917
332.89 510.42 39.99 40.73 0.072491
985.89 279.88 29.59 39.71 0.071722
548.74 336.57 47.44 35.01 0.071306
523.63 321.25 41.85 28.20 0.070749
712.05 300.19 89.50 65.76 0.070578
480.83 48.48 34.07 40.44 0.070507
981.53 256.06 29.48 37.73 0.070471
993.76 315.27 30.24 59.44 0.070361
651.99 280.90 49.08 33.22 0.070349
417.81 417.81 39.88 38.62 0.069652
142.53 77.43 242.84 215.92 0.069617
95.41 296.92 193.50 112.18 0.068336
774.97 128.71 62.70 48.67 0.067832
782.81 90.59 54.90 38.64 0.067674
262.44 345.15 116.71 92.83 0.067388
712.75 81.16 47.00 28.98 0.067211
729.12 176.08 65.19 52.62 0.066680
602.60 215.13 46.84 40.67 0.066557
186.29 483.13 110.04 88.25 0.065425
185.62 317.38 156.08 99.40 0.064135
697.94 158.76 62.40 36.96 0.063689
269.86 462.99 81.39 78.78 0.063601
544.88 404.52 58.00 70.49 0.063543
182.27 303.15 133.82 57.79 0.062997
269.89 514.84 59.96 46.22 0.062291
566.03 310.45 39.92 32.01 0.062050
657.75 131.41 89.55 49.86 0.061530
361.24 407.18 80.20 89.11 0.060887
478.46 484.56 134.41 82.57 0.060144
549.60 177.27 40.55 32.71 0.059434
886.16 228.64 35.49 41.56 0.059329
96.72 416.11 177.62 150.52 0.058441
123.01 71.65 94.84 126.64 0.058130
989.13 328.91 34.87 108.77 0.058070
473.38 25.76 41.17 52.43 0.057856
633.89 390.70 61.41 67.66 0.057403
376.53 318.42 58.30 33.20 0.057316
9.31 400.12 26.92 27.91 0.057269
765.09 147.93 75.06 50.90 0.057021
639.51 310.51 65.89 41.04 0.056576
608.40 309.69 59.17 37.73 0.054862
378.46 58.95 66.40 68.32 0.054584
57.75 221.21 87.53 88.12 0.054526
669.87 83.29 48.03 28.83 0.053004
333.37 553.74 30.69 22.90 0.052971
74.01 131.87 103.64 112.71 0.052942
5.44 436.11 32.42 46.38 0.052692
467.68 424.50 104.53 125.79 0.052287
600.26 283.95 49.18 31.13 0.051868
591.64 372.22 90.14 94.30 0.051740
346.25 91.99 131.04 136.97 0.051670
597.77 124.29 53.33 39.68 0.051662
887.38 184.41 43.14 51.57 0.051566
313.98 198.42 75.41 52.59 0.051024
0.00 544.48 52.60 33.52 0.050954
839.91 201.15 40.60 36.53 0.050169
