32_Worker_Laborer_Worker_Laborer_32_786
18
459.40 491.29 194.38 261.14 0.3902
772.70 1238.04 65.46 219.15 0.1682
119.28 1502.57 337.09 370.70 0.1126
388.63 65.07 308.40 683.69 0.0978
266.69 1218.17 56.77 207.57 0.0954
942.37 1994.88 54.82 98.12 0.0881
77.61 548.06 235.25 310.35 0.0855
734.67 597.59 144.53 206.03 0.0854
105.43 0.00 82.26 123.91 0.0711
733.94 693.25 165.76 273.83 0.0706
248.02 1246.87 368.37 588.19 0.0705
11.50 304.72 351.88 625.54 0.0693
152.23 702.94 222.66 467.47 0.0597
898.10 745.86 66.39 226.24 0.0580
167.18 632.02 192.94 299.41 0.0522
590.47 86.31 62.18 124.44 0.0515
694.62 801.39 217.23 423.11 0.0512
68.57 0.00 43.12 74.73 0.0508
