35_Basketball_playingbasketball_35_251
18
484.45 115.36 422.57 269.27 0.2692
475.05 183.50 548.95 382.34 0.2500
484.22 296.04 539.78 759.08 0.0594
422.79 276.94 401.53 510.68 0.0531
639.17 947.77 384.83 588.23 0.0526
476.94 45.68 437.31 97.26 0.0492
330.39 477.23 434.47 718.18 0.0462
367.24 191.86 371.34 361.86 0.0411
0.00 0.48 67.50 158.43 0.0348
639.97 6.14 384.03 156.56 0.0345
8.07 961.58 51.34 574.42 0.0332
266.98 758.74 416.74 777.26 0.0277
176.25 335.40 457.67 736.37 0.0273
109.36 666.35 144.58 672.67 0.0239
289.08 107.21 377.04 262.04 0.0231
19.34 704.75 33.48 593.48 0.0230
55.94 673.19 106.64 657.52 0.0210
169.02 652.08 177.95 712.88 0.0204
