35_Basketball_basketballgame_ball_35_290
32
138.35 187.17 379.70 250.89 0.6815
74.07 180.74 67.67 263.08 0.6711
120.27 179.07 122.59 263.43 0.6309
169.62 222.67 171.55 302.05 0.5855
20.63 177.61 36.89 266.47 0.5602
288.71 231.29 368.58 285.94 0.5470
73.27 275.19 71.22 322.80 0.4655
157.28 168.02 196.87 166.45 0.4489
594.83 167.39 429.17 285.65 0.4205
133.81 283.56 392.21 306.59 0.4137
22.94 289.12 34.21 301.79 0.3793
601.63 284.90 422.37 312.47 0.3679
118.73 284.70 129.39 302.87 0.3603
207.55 183.24 382.94 141.27 0.3360
448.06 177.15 343.39 275.02 0.2495
172.94 346.95 166.22 314.77 0.2252
442.03 279.82 359.01 317.91 0.2152
609.81 99.89 414.19 160.36 0.1938
485.95 155.61 417.98 173.36 0.1817
17.33 106.78 35.89 141.09 0.1126
98.71 120.63 165.81 124.59 0.0977
62.71 123.56 94.07 116.80 0.0957
163.00 125.40 188.49 117.10 0.0807
20.28 403.51 30.72 279.49 0.0804
614.20 57.77 409.80 100.91 0.0588
444.28 108.15 357.49 150.04 0.0392
212.94 127.81 370.94 113.48 0.0390
0.15 5.61 66.28 58.31 0.0385
643.63 9.29 380.37 54.53 0.0361
269.46 356.09 415.15 326.91 0.0328
18.69 50.09 33.52 108.62 0.0309
468.31 399.92 453.85 283.08 0.0235
