54_Rescue_firemanrescue_54_939
200
157.77 108.78 74.86 104.93 0.9489
142.23 313.86 56.85 82.18 0.3878
50.40 579.10 22.98 31.91 0.3797
668.86 299.77 21.39 32.73 0.3187
771.46 264.48 27.74 38.77 0.3177
119.29 560.80 22.61 29.30 0.3130
910.80 233.61 44.15 74.15 0.2952
703.92 267.38 16.89 20.66 0.2886
414.85 478.27 42.64 56.70 0.2855
559.16 289.02 36.82 47.62 0.2820
85.05 368.19 27.52 56.07 0.2651
3.31 678.60 31.07 56.24 0.2602
741.58 269.52 23.81 28.85 0.2498
772.29 248.50 28.27 37.78 0.2447
847.63 245.82 37.52 61.27 0.2420
624.77 314.97 22.68 33.90 0.2195
5.28 633.48 22.91 35.94 0.2110
259.06 245.99 34.60 58.33 0.2031
85.08 344.01 27.50 52.99 0.1988
363.76 673.75 41.62 71.06 0.1977
874.98 236.66 41.41 86.41 0.1960
5.15 617.31 23.60 37.20 0.1956
3.45 580.21 22.75 37.34 0.1955
320.25 644.09 48.84 85.49 0.1902
395.24 714.71 31.75 31.41 0.1895
924.51 556.91 21.17 23.82 0.1886
477.45 394.77 35.56 44.66 0.1862
621.12 296.35 26.30 41.47 0.1790
667.38 272.23 16.66 20.85 0.1718
700.14 294.77 21.99 27.79 0.1677
707.33 594.14 12.05 13.16 0.1668
619.59 269.74 26.02 32.18 0.1632
852.65 514.98 13.82 18.53 0.1627
177.18 545.76 34.46 51.22 0.1625
851.16 540.01 14.57 17.47 0.1598
888.96 516.72 16.42 22.71 0.1575
363.27 641.38 28.86 53.44 0.1567
581.94 264.43 38.88 58.23 0.1554
742.57 249.30 23.87 24.44 0.1520
907.81 219.37 80.78 110.41 0.1500
118.88 569.63 22.90 42.77 0.1499
739.50 278.03 27.99 40.13 0.1497
573.38 291.21 42.59 58.63 0.1494
887.44 533.48 17.06 22.22 0.1464
705.52 249.77 16.59 19.40 0.1440
165.34 509.56 47.67 78.60 0.1436
77.87 635.66 26.21 36.97 0.1433
918.90 540.08 25.60 34.28 0.1430
816.00 515.70 13.57 15.89 0.1425
814.94 541.65 15.11 16.83 0.1405
73.79 617.19 25.80 34.91 0.1373
997.95 541.58 18.29 26.75 0.1361
920.19 514.21 20.46 22.55 0.1352
627.63 636.10 20.46 25.53 0.1350
194.26 631.97 45.06 67.45 0.1326
3.96 563.31 19.41 35.13 0.1324
738.81 513.62 22.84 24.40 0.1306
327.84 457.84 31.49 54.16 0.1281
848.85 565.55 17.00 18.64 0.1267
116.93 304.72 55.22 89.35 0.1248
341.05 560.15 17.71 29.03 0.1228
469.93 383.35 55.56 79.50 0.1214
742.44 594.18 15.36 16.54 0.1211
65.80 588.17 30.09 30.15 0.1192
998.84 557.43 19.25 25.85 0.1184
696.56 311.13 27.58 37.34 0.1182
629.26 622.50 20.11 24.03 0.1178
540.38 276.55 62.42 106.11 0.1177
778.55 594.09 19.70 18.32 0.1156
487.84 671.12 13.66 20.07 0.1148
955.22 541.12 20.20 26.50 0.1141
815.22 565.44 17.22 20.59 0.1140
98.05 308.68 55.77 114.49 0.1126
437.62 419.90 47.42 82.56 0.1124
341.58 583.43 19.16 33.68 0.1094
146.07 585.07 32.17 44.51 0.1090
186.39 391.58 34.53 56.57 0.1072
626.31 324.33 28.22 47.90 0.1046
901.02 257.45 49.80 85.61 0.1045
795.40 288.23 59.92 70.74 0.1035
812.59 589.72 20.16 20.87 0.1027
219.75 249.48 60.21 88.43 0.1018
402.82 670.41 25.75 46.71 0.0999
883.45 204.06 45.51 88.95 0.0998
848.36 591.95 17.96 18.00 0.0995
413.60 496.28 54.90 65.26 0.0992
152.66 692.05 23.87 36.33 0.0989
958.30 512.89 17.59 23.54 0.0989
27.51 663.26 39.51 65.28 0.0988
953.60 557.48 22.52 24.69 0.0986
302.84 366.76 36.08 59.86 0.0984
148.94 544.13 36.73 48.71 0.0971
448.09 699.34 16.41 22.82 0.0966
45.58 589.70 34.47 51.40 0.0946
595.05 645.72 16.96 17.96 0.0944
807.28 240.54 31.02 36.24 0.0944
705.94 646.16 16.27 19.14 0.0939
669.58 250.16 13.67 16.46 0.0936
161.81 286.62 57.39 101.90 0.0934
593.23 619.88 19.25 18.98 0.0932
3.42 161.97 23.77 62.12 0.0931
669.41 592.93 16.00 15.53 0.0922
192.47 663.13 45.02 67.55 0.0918
691.26 16.62 56.85 69.67 0.0903
77.54 663.87 31.25 59.13 0.0897
631.32 378.91 29.17 47.52 0.0896
455.50 346.16 71.52 79.24 0.0884
994.20 510.21 20.61 28.94 0.0884
260.93 241.26 67.73 82.83 0.0879
631.69 596.99 16.86 16.77 0.0877
136.31 601.50 38.61 44.59 0.0874
923.18 485.49 16.22 21.84 0.0872
196.30 271.84 60.13 98.63 0.0865
631.96 532.82 27.62 32.78 0.0854
151.92 719.07 22.70 26.04 0.0853
486.66 650.19 14.30 18.18 0.0851
401.52 406.79 51.38 97.25 0.0848
594.91 596.79 19.12 18.69 0.0847
737.82 532.31 23.08 25.99 0.0846
750.99 282.32 58.04 69.03 0.0845
339.55 536.57 20.38 36.95 0.0844
919.62 179.78 42.77 52.78 0.0836
559.17 676.67 13.79 17.10 0.0835
484.83 320.56 162.06 281.80 0.0827
706.12 535.81 19.64 20.95 0.0817
931.02 181.04 87.64 138.62 0.0816
369.11 230.13 82.92 131.79 0.0814
74.34 567.49 23.40 28.30 0.0810
704.66 676.24 19.11 18.15 0.0810
887.89 565.78 18.37 19.00 0.0807
771.98 617.84 23.63 22.88 0.0799
805.55 285.03 32.34 47.52 0.0796
448.22 614.19 17.28 25.42 0.0792
219.67 713.84 32.57 33.60 0.0788
887.81 486.22 15.03 17.45 0.0786
152.90 464.63 51.92 92.46 0.0780
799.21 263.24 36.51 47.99 0.0768
114.78 682.70 23.74 44.69 0.0767
486.73 702.55 14.73 17.23 0.0756
525.10 676.13 12.54 16.22 0.0755
703.95 570.14 16.35 18.87 0.0753
706.68 621.08 15.61 17.84 0.0748
687.99 318.10 51.86 60.13 0.0740
447.87 645.66 18.07 23.05 0.0736
297.75 465.19 55.07 75.60 0.0733
301.12 442.42 32.86 53.69 0.0732
624.09 246.50 21.40 26.17 0.0730
665.05 645.10 21.16 22.36 0.0730
331.49 689.94 37.67 54.74 0.0729
2.42 537.59 20.23 46.36 0.0727
440.11 385.79 94.45 137.69 0.0724
181.32 327.24 63.69 73.03 0.0723
118.24 722.14 20.03 23.61 0.0721
776.47 515.40 16.29 17.87 0.0721
211.96 582.11 42.06 53.63 0.0719
851.79 620.60 19.63 21.52 0.0718
559.47 595.79 19.42 18.66 0.0716
665.21 621.05 20.18 20.84 0.0716
443.47 548.77 35.48 47.73 0.0716
547.28 237.08 58.80 78.02 0.0715
295.43 642.53 39.93 80.78 0.0714
888.47 595.46 19.01 17.79 0.0714
777.35 565.11 21.98 24.13 0.0713
358.47 396.11 43.72 76.79 0.0713
208.70 513.80 42.57 75.88 0.0710
485.37 727.86 15.65 16.99 0.0709
609.54 369.22 75.41 192.61 0.0709
854.60 489.40 13.19 19.15 0.0709
202.52 612.57 49.87 54.99 0.0707
321.53 225.85 60.61 75.98 0.0705
556.89 620.65 17.36 17.06 0.0703
669.22 567.39 15.81 18.15 0.0702
446.87 672.54 17.36 27.10 0.0700
251.81 617.04 29.64 35.80 0.0695
974.45 249.82 46.68 88.95 0.0693
743.53 620.15 17.73 19.75 0.0691
846.22 267.52 60.13 81.75 0.0688
84.55 380.99 35.85 77.14 0.0688
696.10 310.68 92.44 75.12 0.0687
732.25 296.48 43.51 58.44 0.0685
740.44 670.42 22.10 20.65 0.0682
687.34 1.32 53.30 53.45 0.0678
660.85 537.47 22.96 24.99 0.0674
738.74 648.23 18.95 24.14 0.0672
756.84 282.26 139.99 118.46 0.0671
627.47 465.15 50.04 76.29 0.0666
556.39 646.55 15.81 16.49 0.0665
778.80 540.55 18.97 20.57 0.0661
143.60 353.22 48.00 98.86 0.0660
41.47 631.86 36.08 55.93 0.0656
879.82 619.29 23.75 22.67 0.0655
116.06 636.71 22.66 34.50 0.0655
299.32 400.84 37.48 68.82 0.0654
667.34 3.91 29.69 36.13 0.0654
199.29 352.17 49.70 78.02 0.0645
739.15 564.39 22.37 25.49 0.0644
405.46 643.83 22.99 34.32 0.0635
255.70 719.93 30.76 29.96 0.0635
309.86 412.05 51.41 67.31 0.0628
474.29 560.67 24.66 28.31 0.0628
