48_Parachutist_Paratrooper_Parachutist_Paratrooper_48_439
21
97.94 39.65 273.04 135.73 0.7083
11.71 365.64 53.51 241.36 0.3445
615.64 109.54 408.36 336.91 0.3269
99.95 361.28 150.44 245.72 0.3086
177.35 44.13 444.34 140.24 0.2504
606.97 281.06 417.03 325.94 0.2316
614.59 22.02 409.41 54.83 0.2082
22.73 12.30 45.76 57.52 0.1204
55.60 367.11 102.25 239.89 0.1109
166.40 206.31 187.61 227.95 0.1065
51.23 34.79 91.12 98.52 0.1050
27.20 37.41 54.22 93.70 0.0909
586.76 44.32 437.24 71.56 0.0885
196.91 325.04 400.62 281.96 0.0745
134.07 97.94 197.80 196.83 0.0696
60.15 18.73 72.36 46.05 0.0445
428.19 202.26 373.98 264.80 0.0411
158.49 332.21 198.48 274.79 0.0387
173.58 210.10 447.54 236.56 0.0315
107.82 8.39 448.77 66.68 0.0228
597.19 71.89 426.81 149.39 0.0220
