2_Demonstration_Demonstration_Or_Protest_2_471
113
179.58 167.43 88.77 131.38 0.9090
750.40 221.12 73.74 93.84 0.8327
595.99 288.52 46.41 78.11 0.5588
511.53 154.49 26.60 41.27 0.4328
127.85 15.13 43.40 56.67 0.3622
339.34 172.87 30.21 46.48 0.3415
399.77 226.24 39.00 54.09 0.3304
702.94 168.68 30.51 35.60 0.3235
90.19 161.67 48.31 84.75 0.3172
649.68 351.58 32.96 43.72 0.2785
467.37 245.35 51.99 91.19 0.2694
708.74 606.24 46.93 65.79 0.2654
506.78 252.52 52.61 105.87 0.1952
525.99 285.94 54.63 86.42 0.1883
774.72 570.23 64.58 70.22 0.1853
869.65 162.11 36.55 33.09 0.1824
445.32 250.11 51.47 82.83 0.1781
934.73 360.00 65.17 96.17 0.1693
150.06 161.54 66.87 128.14 0.1663
506.86 165.99 42.54 74.77 0.1632
377.75 226.24 37.52 52.77 0.1347
580.01 422.18 68.91 103.87 0.1287
506.25 226.21 46.30 85.60 0.1142
803.12 461.60 48.05 56.69 0.1140
633.55 312.61 53.64 76.29 0.1125
705.07 568.02 38.58 45.78 0.1100
617.72 278.21 71.05 76.97 0.1078
81.38 111.35 57.89 100.60 0.1053
570.59 343.31 44.09 61.09 0.1043
398.65 263.62 62.79 82.85 0.1036
556.63 360.50 46.14 51.05 0.1022
799.14 561.51 68.63 72.55 0.1022
773.72 536.95 23.55 35.12 0.1011
848.13 158.33 39.37 41.42 0.1009
532.52 91.18 89.61 138.19 0.0989
0.00 456.33 31.38 129.70 0.0975
797.45 487.74 45.00 55.03 0.0973
700.53 206.47 57.14 49.45 0.0931
692.46 234.87 73.38 67.63 0.0867
105.40 28.46 59.13 93.79 0.0866
291.96 285.56 46.05 68.81 0.0859
483.21 182.73 38.40 65.07 0.0847
0.00 365.17 74.90 204.27 0.0826
798.50 522.97 49.25 46.52 0.0806
834.49 501.67 39.08 49.94 0.0797
914.75 222.54 43.50 58.70 0.0779
661.36 586.74 40.64 43.74 0.0772
472.28 307.67 40.46 68.39 0.0769
927.69 346.41 49.51 69.22 0.0764
866.22 177.92 63.55 75.23 0.0720
27.38 347.89 189.12 234.83 0.0718
435.21 309.11 40.32 67.32 0.0716
77.02 77.26 57.52 78.27 0.0711
897.54 257.02 52.60 64.90 0.0710
602.91 141.94 47.78 71.25 0.0709
553.38 421.49 56.85 66.93 0.0706
373.13 513.30 49.06 52.25 0.0705
573.88 387.45 47.29 54.70 0.0703
837.69 194.00 55.73 67.97 0.0691
299.86 250.75 64.61 87.56 0.0687
816.91 520.06 53.99 54.97 0.0649
553.65 88.71 56.16 81.97 0.0646
374.81 293.23 53.52 66.49 0.0643
883.44 275.08 50.92 65.07 0.0637
956.01 460.94 41.88 59.45 0.0635
1.02 526.34 28.54 73.48 0.0625
999.39 255.84 24.61 56.51 0.0623
809.46 218.23 68.35 84.43 0.0622
614.34 335.22 46.13 66.51 0.0620
209.11 340.71 65.32 85.98 0.0619
533.27 556.23 40.83 34.21 0.0617
109.14 230.45 47.68 78.10 0.0616
907.40 197.38 46.22 64.07 0.0616
825.39 457.86 55.93 81.50 0.0614
904.83 295.87 44.36 58.88 0.0613
691.67 507.68 29.63 36.38 0.0611
655.68 498.64 41.68 49.95 0.0601
322.08 229.92 40.79 63.59 0.0600
897.34 175.37 47.38 63.54 0.0597
309.32 325.18 49.71 58.96 0.0593
689.29 254.23 54.32 79.27 0.0593
634.73 616.93 87.20 73.85 0.0589
296.36 232.66 38.51 69.13 0.0587
517.61 346.98 36.63 52.39 0.0581
535.72 434.33 66.62 85.72 0.0574
489.57 155.11 33.19 48.82 0.0570
661.95 566.09 32.72 37.88 0.0568
83.12 48.13 60.00 59.73 0.0564
347.08 162.39 39.91 41.35 0.0563
810.23 432.64 67.10 76.35 0.0561
334.05 590.51 31.01 25.38 0.0556
801.57 367.04 30.93 52.75 0.0551
86.07 339.57 55.83 61.69 0.0549
669.27 296.79 57.77 67.31 0.0545
813.95 148.54 44.06 41.33 0.0545
0.00 625.68 28.18 56.80 0.0543
792.09 176.33 61.71 65.87 0.0543
352.71 176.44 36.33 45.96 0.0542
661.12 458.44 43.64 65.16 0.0535
958.96 488.80 40.64 62.76 0.0534
760.89 592.61 52.04 80.44 0.0533
437.64 372.94 33.21 43.97 0.0531
223.01 542.11 53.60 56.52 0.0528
996.35 221.23 27.65 65.35 0.0518
958.14 411.28 58.47 88.37 0.0514
582.73 530.71 39.68 36.69 0.0514
868.06 213.64 74.29 79.10 0.0512
679.07 468.34 40.51 47.31 0.0509
216.84 159.49 65.40 72.76 0.0507
404.60 306.87 54.41 73.21 0.0505
335.73 481.75 26.96 33.98 0.0504
661.58 176.12 35.82 44.53 0.0504
6.44 569.02 23.13 48.31 0.0501
