2_Demonstration_Protesters_2_519
178
551.79 118.78 57.43 68.66 0.9274
158.86 131.52 70.44 74.12 0.8557
798.07 102.45 46.71 62.57 0.7894
903.50 160.35 43.89 56.77 0.7843
362.26 246.63 29.87 35.66 0.2873
794.11 272.55 48.63 53.81 0.2788
333.36 229.90 26.19 36.36 0.2522
6.59 163.96 27.75 35.40 0.2109
303.79 142.14 22.76 29.76 0.2089
666.09 594.52 22.07 31.92 0.1940
566.57 587.26 53.82 75.87 0.1834
406.42 265.65 25.38 34.82 0.1721
366.44 187.48 23.18 22.90 0.1689
543.23 597.86 52.56 78.87 0.1673
704.09 331.42 35.80 47.17 0.1660
690.42 236.61 30.87 33.82 0.1609
554.98 695.37 19.74 27.54 0.1541
76.78 159.85 38.51 37.54 0.1484
993.35 185.69 24.59 40.85 0.1477
157.19 474.08 34.45 51.18 0.1465
509.69 625.67 58.89 65.19 0.1459
600.64 585.11 52.61 56.67 0.1451
664.96 723.70 23.03 25.23 0.1448
585.63 651.57 32.43 47.22 0.1430
666.36 607.21 19.76 35.56 0.1402
629.26 697.01 20.33 28.28 0.1400
616.74 614.45 37.78 54.29 0.1373
834.73 526.25 44.19 61.48 0.1354
810.38 285.64 55.72 43.30 0.1341
816.16 397.84 67.20 88.07 0.1331
374.85 166.34 15.86 23.29 0.1329
482.16 609.52 40.92 48.01 0.1328
962.76 539.35 39.69 87.41 0.1316
549.78 659.30 30.98 47.24 0.1277
801.40 380.22 48.51 58.66 0.1268
778.46 236.13 49.56 67.06 0.1255
770.51 282.87 70.38 77.98 0.1245
664.78 698.27 21.58 29.55 0.1192
806.70 526.03 28.87 63.89 0.1184
998.12 159.22 23.72 37.70 0.1136
688.74 213.68 41.15 52.54 0.1131
984.90 412.48 36.11 52.78 0.1125
954.74 397.15 22.12 36.50 0.1118
556.36 726.36 20.79 20.67 0.1113
520.22 692.12 23.20 29.75 0.1113
335.71 243.97 35.16 46.28 0.1098
693.24 318.61 63.29 69.64 0.1098
595.16 698.07 19.60 24.96 0.1083
770.67 551.66 27.41 60.77 0.1080
500.48 248.91 181.82 160.21 0.1078
518.01 663.86 29.42 39.98 0.1075
479.44 580.92 63.53 75.80 0.1064
667.49 669.52 20.52 30.48 0.1052
538.84 553.85 66.41 69.75 0.1050
703.59 691.86 20.99 28.63 0.1041
565.68 556.27 66.45 76.34 0.1025
401.78 237.34 31.59 43.60 0.1024
364.31 213.48 30.84 38.41 0.1010
590.87 728.02 22.52 21.94 0.0995
828.59 367.82 52.72 64.45 0.0990
830.29 211.74 41.11 41.37 0.0981
306.60 188.77 29.95 35.98 0.0971
0.00 289.05 32.85 76.02 0.0964
805.67 221.05 62.03 68.67 0.0962
307.39 209.06 32.73 34.34 0.0958
779.68 117.06 47.41 72.82 0.0955
823.05 302.57 52.80 53.68 0.0947
504.59 238.68 93.59 113.00 0.0934
871.97 309.96 36.95 44.77 0.0920
2.64 139.42 25.72 38.60 0.0919
32.49 155.89 33.50 41.08 0.0909
662.99 631.97 25.12 42.92 0.0896
627.36 670.30 24.95 40.71 0.0891
762.98 209.94 36.26 46.19 0.0886
480.87 260.38 29.08 56.37 0.0883
697.41 296.59 33.09 42.11 0.0882
733.07 685.10 30.75 36.17 0.0874
983.99 431.28 38.84 71.27 0.0873
34.78 309.64 31.66 55.74 0.0872
329.71 191.65 27.37 27.46 0.0864
84.23 153.15 75.73 87.73 0.0850
329.12 284.95 33.65 34.56 0.0847
990.28 319.08 22.51 30.41 0.0838
495.60 572.27 83.77 109.58 0.0823
737.27 667.46 27.17 37.72 0.0819
854.72 371.96 63.61 95.19 0.0818
411.38 163.58 20.96 27.55 0.0817
992.59 211.32 30.62 62.66 0.0811
628.75 718.47 26.25 27.81 0.0809
669.45 225.50 44.92 40.72 0.0805
336.61 162.42 20.00 26.60 0.0805
418.50 497.47 52.28 74.65 0.0805
770.09 365.56 46.38 61.00 0.0803
726.68 209.32 38.54 41.96 0.0799
906.68 368.88 54.69 78.57 0.0798
702.89 641.10 20.88 29.75 0.0795
755.53 506.85 42.10 73.26 0.0791
878.85 291.20 32.15 36.56 0.0786
482.49 664.51 22.82 37.40 0.0783
950.90 709.52 39.79 36.20 0.0777
649.96 553.92 36.94 39.70 0.0772
736.86 643.45 22.93 31.49 0.0764
686.88 549.67 34.25 46.28 0.0762
938.94 172.58 43.74 48.92 0.0758
879.23 547.16 24.38 56.54 0.0756
306.79 234.13 30.65 38.28 0.0751
978.91 363.02 45.09 67.07 0.0748
919.65 290.80 32.61 33.56 0.0742
940.65 308.61 41.74 38.19 0.0741
967.41 705.94 48.26 42.97 0.0735
519.51 724.30 23.52 21.73 0.0730
403.99 284.44 32.92 39.06 0.0724
56.73 139.52 145.27 161.89 0.0722
997.60 134.05 20.38 39.70 0.0721
300.77 325.60 16.81 25.80 0.0717
432.23 236.26 36.52 44.72 0.0710
193.53 694.14 61.84 45.17 0.0703
627.84 123.01 26.38 48.48 0.0693
701.48 724.27 23.96 23.00 0.0683
168.35 448.51 50.11 78.50 0.0681
160.22 488.40 50.40 81.29 0.0680
478.59 238.27 28.24 50.11 0.0679
445.54 670.73 23.07 29.74 0.0678
706.63 286.45 51.81 41.56 0.0677
732.57 724.92 28.22 23.88 0.0677
376.41 138.42 15.91 20.16 0.0669
793.98 334.26 68.63 94.89 0.0665
703.28 189.83 35.65 45.78 0.0664
728.04 135.37 30.87 41.91 0.0650
961.21 434.38 46.56 71.85 0.0643
724.13 350.98 46.19 55.63 0.0643
918.04 298.30 38.26 49.39 0.0639
725.68 264.50 36.82 45.52 0.0637
305.93 267.20 22.73 32.33 0.0636
402.23 211.70 33.66 47.32 0.0632
424.51 536.08 44.72 65.43 0.0632
440.14 190.00 27.62 29.13 0.0626
592.68 545.59 64.84 61.99 0.0613
426.02 260.36 40.21 42.42 0.0607
990.73 334.06 29.49 46.90 0.0607
791.64 546.34 41.32 73.09 0.0604
917.01 152.83 58.67 64.05 0.0604
700.76 616.33 21.96 32.07 0.0598
412.40 183.60 28.26 31.76 0.0594
831.67 183.08 40.08 48.31 0.0592
338.06 139.72 16.11 22.21 0.0589
913.31 340.27 45.03 74.04 0.0587
880.92 580.25 23.25 41.18 0.0585
738.19 388.58 38.52 39.58 0.0583
278.83 444.89 42.70 44.33 0.0579
483.49 51.08 21.35 31.88 0.0578
690.33 513.45 39.92 68.68 0.0573
204.86 586.17 73.12 92.12 0.0567
431.52 204.65 37.10 40.40 0.0566
798.10 211.90 48.35 47.71 0.0565
862.03 330.68 52.04 76.43 0.0564
696.81 582.04 25.70 39.39 0.0561
877.93 264.89 46.39 54.00 0.0560
41.84 309.30 63.45 81.84 0.0558
765.64 169.48 42.08 56.81 0.0551
366.77 398.90 125.27 78.26 0.0549
237.55 32.80 40.94 29.93 0.0549
481.23 696.01 21.45 29.23 0.0547
2.43 188.60 27.98 50.05 0.0544
993.57 292.28 20.98 32.36 0.0541
409.51 128.19 21.25 28.68 0.0539
374.07 509.57 63.99 73.56 0.0537
661.91 128.40 28.77 52.93 0.0532
477.10 201.85 30.74 41.42 0.0531
731.72 528.44 48.94 66.52 0.0528
53.17 700.38 59.05 50.62 0.0527
931.76 293.18 50.06 38.91 0.0523
898.24 202.44 70.75 90.83 0.0514
918.89 554.84 40.23 62.46 0.0509
647.87 253.07 44.95 60.63 0.0506
439.53 599.38 41.69 44.73 0.0505
304.48 288.60 21.58 32.77 0.0504
909.46 267.29 47.85 52.33 0.0500
