2_Demonstration_Protesters_2_174
161
670.35 65.31 104.73 146.94 0.7961
506.18 185.54 60.81 66.70 0.7225
994.54 199.80 28.59 40.65 0.4395
447.76 280.22 32.96 39.19 0.3853
719.35 393.47 95.00 57.22 0.3260
861.58 196.08 46.67 56.41 0.2873
482.06 510.78 55.16 88.99 0.2546
587.73 272.35 26.55 36.83 0.2214
43.57 360.03 34.43 53.07 0.2101
232.84 291.13 147.93 302.06 0.2085
957.94 165.70 26.62 35.37 0.2050
161.46 117.01 61.49 56.01 0.2003
769.76 58.12 32.60 58.03 0.1732
753.60 80.20 48.71 79.37 0.1678
956.58 184.50 36.67 52.09 0.1673
839.63 178.93 59.25 64.93 0.1669
414.91 240.17 28.57 30.17 0.1666
5.34 433.01 36.06 64.59 0.1565
46.26 265.29 130.47 226.31 0.1507
988.48 164.25 35.52 56.70 0.1441
897.21 153.61 45.66 45.41 0.1407
899.47 142.98 40.44 34.06 0.1382
414.05 461.77 59.23 122.70 0.1382
382.12 457.26 66.45 140.83 0.1356
507.38 145.44 61.76 84.28 0.1352
363.47 280.15 51.51 57.14 0.1341
831.30 167.57 45.22 51.69 0.1337
883.16 184.42 62.40 71.53 0.1320
849.02 73.20 21.90 29.35 0.1301
0.00 207.64 322.71 475.36 0.1295
950.75 145.26 32.08 37.50 0.1293
414.81 225.29 26.92 27.38 0.1293
844.20 119.67 27.64 35.05 0.1285
521.33 335.36 25.58 34.97 0.1277
136.54 69.44 166.11 115.72 0.1259
4.64 407.64 26.78 44.72 0.1252
170.88 104.15 93.03 82.72 0.1240
953.30 219.23 46.03 64.34 0.1236
880.26 117.96 31.67 33.59 0.1229
856.27 155.59 57.53 56.56 0.1201
614.09 381.65 45.68 44.28 0.1185
856.71 209.98 59.20 80.69 0.1181
701.95 348.18 135.88 106.11 0.1170
884.80 96.22 25.69 30.53 0.1144
415.64 265.56 26.17 26.59 0.1121
912.69 116.63 27.92 30.49 0.1095
882.74 68.84 25.63 30.38 0.1086
264.09 233.88 62.30 62.06 0.1063
597.44 403.31 78.28 108.54 0.1062
870.60 132.13 48.07 49.11 0.1059
921.52 99.16 21.08 26.62 0.1056
266.15 428.37 108.90 206.61 0.1037
879.76 214.04 62.32 71.74 0.1024
280.34 18.10 89.05 101.66 0.1009
649.23 368.59 71.29 54.32 0.1006
844.07 91.31 25.93 33.21 0.0991
995.59 118.68 24.23 35.24 0.0990
588.43 237.35 35.34 44.64 0.0976
922.36 69.28 23.96 27.04 0.0968
813.31 26.65 19.50 25.81 0.0964
885.78 45.39 21.04 29.30 0.0955
982.10 226.53 37.24 69.96 0.0914
3.39 378.48 25.77 49.18 0.0912
4.48 407.57 62.21 109.07 0.0899
484.19 201.04 46.74 67.13 0.0886
475.15 463.90 70.89 104.31 0.0883
22.51 373.59 55.61 108.74 0.0883
440.53 326.52 34.33 48.73 0.0872
545.58 261.60 36.89 47.72 0.0867
994.58 134.31 29.42 47.92 0.0865
950.52 113.47 33.15 39.39 0.0862
808.26 71.09 25.27 40.77 0.0847
99.24 282.89 107.21 130.25 0.0843
475.82 333.32 31.12 48.97 0.0842
360.40 455.27 49.98 149.60 0.0835
700.10 2.04 28.25 28.09 0.0834
410.06 283.24 30.03 35.39 0.0826
798.95 87.83 34.86 41.27 0.0804
589.75 364.17 28.41 36.44 0.0800
365.78 259.97 40.65 54.38 0.0793
848.99 47.43 21.58 30.47 0.0787
475.28 573.63 59.35 82.46 0.0785
453.86 286.91 45.39 53.72 0.0783
706.17 149.30 90.16 86.55 0.0777
504.86 241.72 45.39 56.39 0.0777
5.98 344.48 21.91 37.73 0.0771
4.94 359.09 24.11 41.62 0.0770
171.39 16.68 193.98 146.16 0.0767
404.54 435.55 51.07 107.47 0.0763
811.15 39.65 21.52 34.31 0.0762
916.54 1.50 43.39 30.70 0.0760
668.26 273.08 127.03 143.12 0.0758
776.68 23.04 22.13 28.04 0.0757
847.49 23.75 23.90 31.46 0.0752
847.20 0.00 26.94 24.32 0.0752
253.29 322.30 83.03 124.39 0.0743
512.61 596.63 49.19 78.36 0.0740
518.80 308.51 29.14 41.25 0.0729
633.10 287.09 74.58 91.99 0.0729
290.55 266.11 115.03 134.85 0.0711
950.10 92.89 32.12 41.26 0.0709
549.95 363.86 33.06 41.09 0.0708
0.00 415.55 37.80 143.83 0.0706
991.65 40.78 32.35 46.56 0.0705
480.42 357.43 32.03 46.82 0.0704
618.86 228.04 40.77 50.07 0.0688
645.32 218.25 52.12 71.34 0.0686
372.09 215.27 26.87 35.05 0.0685
580.04 286.59 38.62 63.00 0.0681
312.16 347.49 88.39 153.04 0.0679
371.80 237.97 31.45 43.62 0.0678
200.55 308.09 94.32 130.90 0.0673
587.76 376.68 34.63 46.81 0.0670
581.26 209.34 37.36 48.93 0.0668
585.29 327.23 34.05 48.38 0.0665
617.70 277.61 56.95 62.46 0.0664
661.44 200.41 51.30 59.76 0.0663
550.80 184.90 60.62 58.53 0.0663
518.97 353.55 31.65 42.08 0.0656
940.38 280.61 40.71 53.52 0.0650
345.15 428.94 49.94 122.81 0.0648
432.62 221.50 34.41 37.71 0.0644
438.13 238.30 32.49 35.96 0.0636
518.46 286.34 28.41 41.15 0.0634
537.59 598.33 53.43 82.92 0.0631
921.99 40.34 27.12 34.94 0.0631
267.85 67.01 104.03 99.04 0.0626
711.32 207.71 63.34 75.08 0.0617
408.33 189.81 25.72 30.56 0.0611
674.40 238.67 197.65 225.75 0.0607
919.11 20.15 32.04 37.26 0.0606
877.85 0.00 37.01 23.22 0.0604
812.05 2.18 21.87 21.99 0.0601
390.49 597.22 68.87 77.57 0.0600
370.88 562.43 57.51 100.50 0.0598
385.80 336.75 43.53 60.44 0.0596
996.80 93.80 25.81 35.38 0.0584
436.19 346.85 39.39 60.86 0.0584
553.56 331.07 30.19 44.02 0.0580
671.27 411.84 77.43 90.39 0.0579
937.20 65.39 43.04 42.45 0.0578
984.94 267.46 32.46 57.75 0.0577
434.72 156.35 48.52 58.22 0.0547
183.32 220.99 142.43 149.06 0.0545
699.10 7.01 33.20 46.58 0.0535
791.02 107.13 46.40 50.91 0.0533
968.74 0.00 55.26 39.17 0.0528
620.42 251.67 56.38 58.04 0.0528
221.48 293.82 105.11 93.21 0.0527
548.17 296.01 34.69 53.43 0.0525
884.64 25.14 28.51 38.64 0.0523
426.03 598.73 56.01 75.87 0.0516
908.77 266.12 43.00 71.91 0.0515
401.27 160.46 37.87 44.28 0.0512
687.38 48.94 57.74 87.87 0.0510
428.40 517.20 46.92 83.13 0.0509
616.89 374.14 105.05 96.96 0.0506
939.06 36.05 42.26 42.55 0.0505
0.00 441.71 53.34 224.80 0.0503
807.52 156.34 51.14 61.67 0.0503
441.10 181.56 39.14 44.97 0.0501
