2_Demonstration_Demonstration_Or_Protest_2_420
200
696.89 136.85 21.81 18.90 0.4643
952.55 330.69 31.71 20.20 0.4274
853.24 79.50 32.21 28.89 0.4194
595.84 172.65 33.89 42.79 0.3865
778.44 123.78 19.51 17.75 0.3859
924.49 90.83 17.96 16.21 0.3753
702.86 86.67 17.55 15.94 0.3715
777.28 128.71 23.64 22.80 0.3710
773.27 89.47 20.57 16.73 0.3631
883.01 208.54 22.83 20.86 0.3385
729.32 157.51 24.49 21.99 0.3229
485.01 172.67 28.97 28.21 0.3192
230.15 174.55 20.99 20.35 0.3171
878.94 87.33 23.80 22.28 0.3151
373.36 184.62 19.36 25.74 0.3125
83.96 78.54 16.83 14.24 0.3122
976.61 138.65 37.67 33.09 0.3063
590.78 93.07 22.25 18.30 0.3051
558.39 90.19 16.86 14.14 0.3013
182.23 203.30 25.46 28.65 0.3012
266.21 196.28 20.40 19.09 0.3001
658.00 262.62 30.38 37.22 0.2987
813.73 182.08 21.45 24.04 0.2968
486.75 90.67 15.05 12.60 0.2930
627.37 106.11 17.34 14.29 0.2876
122.29 93.87 14.45 11.20 0.2862
158.87 149.87 14.13 14.08 0.2856
996.05 208.42 21.51 25.30 0.2797
669.24 79.19 14.96 11.52 0.2783
448.03 75.52 16.07 13.26 0.2778
43.45 92.27 18.40 15.24 0.2774
556.43 161.28 23.85 24.20 0.2741
262.62 138.20 17.31 16.19 0.2731
411.53 137.15 18.24 16.61 0.2729
996.04 76.24 15.40 12.79 0.2713
526.90 274.26 72.36 74.37 0.2703
521.30 92.59 17.03 13.93 0.2678
159.05 107.63 14.71 13.48 0.2672
960.22 114.02 22.46 20.59 0.2671
962.77 108.45 18.52 16.81 0.2649
159.04 76.96 14.83 11.77 0.2644
8.60 93.31 19.97 17.78 0.2619
591.53 100.34 22.47 18.93 0.2609
925.30 78.47 15.57 14.49 0.2609
741.05 64.42 13.91 9.72 0.2602
667.13 89.91 16.74 13.36 0.2590
437.84 165.10 25.01 19.35 0.2564
448.41 65.27 15.41 12.23 0.2556
838.44 150.31 27.21 25.46 0.2526
595.15 78.33 16.58 11.15 0.2515
964.13 78.48 14.25 12.06 0.2514
118.56 104.21 18.47 16.45 0.2483
829.61 314.88 50.87 36.60 0.2481
964.17 90.51 14.76 12.95 0.2480
699.49 122.62 20.52 16.51 0.2472
708.29 62.96 12.47 8.76 0.2471
522.89 78.01 15.01 10.97 0.2467
994.88 90.50 16.85 12.51 0.2457
630.69 77.16 14.63 10.91 0.2448
559.58 79.87 14.82 12.02 0.2436
449.57 92.39 14.42 11.41 0.2431
9.11 137.22 16.95 15.14 0.2429
190.60 123.52 15.94 12.80 0.2428
520.60 106.50 17.45 13.61 0.2424
411.05 121.87 15.65 13.10 0.2415
118.86 138.20 14.00 11.97 0.2410
192.07 79.35 13.52 10.62 0.2410
559.52 62.36 13.63 10.57 0.2397
193.01 108.34 15.18 13.29 0.2393
411.76 76.18 16.87 13.98 0.2387
523.35 64.73 13.50 10.93 0.2386
663.17 164.31 20.21 24.78 0.2382
742.72 104.32 17.98 14.42 0.2377
742.95 92.14 19.36 15.65 0.2377
662.35 132.40 21.18 20.52 0.2374
266.71 207.75 22.24 21.72 0.2373
81.80 182.47 15.25 16.16 0.2362
816.34 136.58 22.87 21.21 0.2353
665.77 122.41 17.44 15.58 0.2347
993.85 107.32 18.31 14.19 0.2347
410.48 63.33 17.95 12.68 0.2344
487.00 79.40 14.54 11.74 0.2327
121.81 163.78 16.58 16.50 0.2325
224.94 106.29 18.22 15.21 0.2325
84.83 107.89 15.46 13.65 0.2319
410.93 198.34 16.82 19.54 0.2310
7.96 101.46 19.51 18.12 0.2310
770.52 77.48 23.43 17.59 0.2304
666.22 106.24 18.02 14.76 0.2295
664.92 146.68 20.09 21.22 0.2287
921.69 101.33 19.97 17.50 0.2262
451.24 118.85 16.03 14.84 0.2255
488.37 62.09 14.42 10.97 0.2241
632.40 63.46 14.00 11.29 0.2240
44.37 77.82 17.68 13.15 0.2234
413.88 91.24 14.19 11.72 0.2201
120.67 76.52 14.19 12.37 0.2197
412.64 109.09 14.16 13.18 0.2197
301.59 211.93 22.57 23.83 0.2187
596.18 62.70 14.81 11.65 0.2185
848.66 92.27 24.03 25.32 0.2176
263.79 221.03 22.14 26.65 0.2172
372.80 136.36 17.52 16.39 0.2166
921.27 120.97 20.34 16.26 0.2157
449.63 106.77 16.96 15.02 0.2145
44.02 104.13 17.65 15.13 0.2144
670.60 64.51 11.93 8.80 0.2140
322.81 174.96 35.19 38.14 0.2138
727.68 177.20 29.81 28.42 0.2135
157.55 139.71 15.00 16.54 0.2130
195.31 168.21 16.06 16.29 0.2125
45.17 122.49 16.58 14.92 0.2123
520.20 121.29 18.88 15.45 0.2116
702.78 79.84 18.04 15.87 0.2114
560.13 105.25 16.73 14.23 0.2107
814.17 116.29 19.49 18.55 0.2106
631.02 93.45 15.50 15.06 0.2104
194.32 132.91 14.27 14.80 0.2103
230.06 120.22 15.65 13.88 0.2084
743.85 269.73 24.36 30.54 0.2063
228.22 152.73 15.92 13.20 0.2058
523.32 47.56 11.66 9.21 0.2048
156.43 182.67 15.48 17.00 0.2045
923.42 209.44 19.06 18.34 0.2044
117.60 153.17 15.71 13.36 0.2036
556.55 153.46 20.45 21.82 0.2029
817.09 147.27 24.67 21.24 0.2025
703.74 105.87 18.70 16.27 0.2018
374.08 74.54 18.92 14.70 0.2014
853.43 45.80 19.16 15.40 0.2000
779.59 64.60 15.09 11.40 0.1996
484.91 138.67 18.20 16.21 0.1984
630.79 132.35 19.45 18.31 0.1983
84.00 87.57 17.08 15.02 0.1962
303.87 188.63 25.94 25.63 0.1953
959.91 59.01 15.43 13.77 0.1952
596.81 49.06 11.72 9.50 0.1952
158.02 92.05 13.42 11.46 0.1929
368.02 167.33 25.66 34.55 0.1917
196.28 153.72 13.99 12.30 0.1903
193.54 93.23 13.28 10.99 0.1902
155.25 195.38 20.42 23.78 0.1894
444.80 152.66 18.94 16.56 0.1883
778.22 136.36 25.83 28.47 0.1878
634.66 48.24 11.70 9.42 0.1874
483.33 145.60 22.42 19.59 0.1868
742.57 74.48 18.91 14.68 0.1864
920.25 135.18 21.91 17.79 0.1858
375.89 123.10 14.31 14.36 0.1858
229.48 76.16 16.47 12.90 0.1857
83.05 168.68 13.71 14.24 0.1848
258.72 168.31 21.64 21.43 0.1847
374.63 63.16 19.00 13.75 0.1839
10.27 78.04 16.83 13.87 0.1839
596.65 137.38 19.26 17.48 0.1832
803.71 206.39 25.62 24.84 0.1832
559.40 121.58 18.16 15.42 0.1831
486.40 107.96 16.26 13.43 0.1828
954.93 208.87 21.22 19.37 0.1819
304.92 123.12 13.96 15.11 0.1812
261.64 179.05 19.76 19.47 0.1811
700.41 160.61 24.04 24.85 0.1809
9.22 120.52 19.18 16.46 0.1796
263.10 122.68 18.12 15.64 0.1794
779.15 206.84 24.89 25.68 0.1792
520.92 133.57 19.86 17.15 0.1790
998.48 59.36 16.71 16.88 0.1787
412.12 144.73 17.75 18.44 0.1785
483.72 119.44 17.77 15.22 0.1781
404.83 233.58 40.13 59.72 0.1779
606.53 162.55 43.91 46.59 0.1770
520.05 148.82 19.00 17.50 0.1763
304.67 135.58 16.37 17.04 0.1761
119.94 121.94 16.15 13.21 0.1754
487.99 48.62 13.77 10.57 0.1753
263.83 145.90 16.99 17.09 0.1750
84.18 121.48 15.29 13.04 0.1747
994.60 169.62 27.49 35.19 0.1747
628.69 119.00 18.95 16.87 0.1746
885.46 240.67 27.83 25.90 0.1736
377.52 106.22 15.09 13.39 0.1729
85.37 137.18 12.86 11.55 0.1729
735.10 196.09 24.16 30.26 0.1726
707.81 50.39 10.17 8.46 0.1724
10.36 146.19 15.94 17.54 0.1723
774.74 102.67 20.46 16.84 0.1720
922.92 193.19 19.66 21.88 0.1718
266.47 104.50 21.06 17.31 0.1717
560.92 49.85 11.74 10.00 0.1715
918.87 256.93 23.46 23.78 0.1711
817.05 161.01 25.21 24.24 0.1707
227.62 94.55 16.22 14.51 0.1688
596.57 32.04 12.23 9.67 0.1685
153.44 306.12 40.99 35.70 0.1684
376.39 92.40 16.33 13.02 0.1679
374.27 223.32 22.98 24.37 0.1677
85.05 153.78 13.01 12.01 0.1674
993.95 193.11 26.33 33.39 0.1672
657.04 196.09 31.06 36.22 0.1668
886.50 213.00 29.69 27.04 0.1660
