2_Demonstration_Political_Rally_2_985
129
775.62 546.25 164.58 197.69 0.8868
556.60 480.98 54.29 86.19 0.4020
298.72 419.90 45.87 96.06 0.3277
368.45 456.36 31.22 65.34 0.3271
484.69 466.51 29.74 56.30 0.3014
330.15 375.43 40.86 91.19 0.2504
594.36 357.17 22.68 60.44 0.2438
411.55 425.72 23.46 57.26 0.2415
361.48 376.61 42.10 86.33 0.1898
257.16 426.30 76.12 107.34 0.1880
990.62 362.71 22.19 55.79 0.1878
7.51 90.05 19.78 50.29 0.1873
742.60 297.99 23.50 48.05 0.1623
310.79 408.09 55.33 128.91 0.1597
351.71 625.36 123.90 284.71 0.1526
173.83 203.50 60.92 149.67 0.1450
179.61 424.04 37.91 62.01 0.1447
662.51 261.80 22.45 45.05 0.1416
299.39 256.07 24.65 51.66 0.1401
204.27 416.30 58.06 77.07 0.1383
401.78 473.96 28.36 57.90 0.1348
480.08 484.35 39.65 88.18 0.1313
777.46 261.75 25.17 53.58 0.1284
300.83 230.16 22.03 47.57 0.1268
295.05 339.15 48.71 112.26 0.1250
412.73 738.44 86.17 216.75 0.1241
956.58 433.96 23.53 46.07 0.1237
402.79 381.59 27.19 72.37 0.1218
139.81 413.87 42.82 75.04 0.1201
867.38 646.27 84.05 139.29 0.1193
513.09 480.12 45.10 80.92 0.1191
922.19 403.82 20.42 43.95 0.1191
444.51 792.78 68.86 152.44 0.1176
744.29 224.58 25.93 44.51 0.1171
332.16 303.29 34.43 97.84 0.1166
774.33 223.97 27.02 66.02 0.1146
383.74 756.79 149.98 372.43 0.1084
884.49 389.72 22.05 52.73 0.1056
666.23 230.92 19.55 46.85 0.1053
774.29 280.84 30.50 65.83 0.1043
49.62 84.30 22.01 50.09 0.1013
187.74 128.45 28.91 62.86 0.1001
849.44 348.67 24.36 52.07 0.0997
214.04 427.30 82.20 118.53 0.0993
775.79 354.77 22.53 41.48 0.0988
739.19 343.22 23.77 57.81 0.0972
737.21 385.34 24.80 55.62 0.0968
773.17 388.45 26.17 55.58 0.0949
300.53 177.59 22.15 44.88 0.0934
990.14 650.02 30.50 93.11 0.0934
121.72 426.01 34.53 63.97 0.0926
362.64 492.39 40.44 87.51 0.0918
797.96 398.15 39.43 73.16 0.0917
961.96 395.74 29.00 50.32 0.0909
296.40 283.26 33.10 75.76 0.0878
919.60 627.83 74.16 137.61 0.0875
137.27 0.84 36.35 59.15 0.0875
266.63 175.71 22.57 47.90 0.0867
920.39 427.32 22.29 56.75 0.0857
331.73 92.72 23.63 47.17 0.0831
185.29 153.66 35.44 69.56 0.0825
877.85 357.38 25.52 49.23 0.0824
840.21 385.68 29.98 68.66 0.0809
699.56 224.96 20.55 36.87 0.0794
257.06 241.47 41.20 107.15 0.0793
329.78 491.39 48.29 101.78 0.0784
4.12 474.20 21.13 53.22 0.0781
621.04 339.83 35.56 86.22 0.0777
387.53 349.50 40.51 94.85 0.0760
396.91 941.27 141.82 247.03 0.0755
396.04 508.42 38.08 83.14 0.0746
846.07 181.33 30.02 66.09 0.0741
5.62 2.35 24.36 50.30 0.0739
257.71 328.15 70.36 138.06 0.0737
8.19 50.51 19.28 50.63 0.0713
843.93 295.08 31.91 74.47 0.0701
162.26 421.59 61.92 105.44 0.0694
478.61 821.83 74.54 135.61 0.0693
942.61 454.18 39.64 88.68 0.0681
647.70 784.61 139.65 174.35 0.0678
614.94 553.24 47.43 87.25 0.0671
351.18 526.19 53.54 89.99 0.0656
258.79 202.66 35.77 83.36 0.0656
908.26 437.99 43.70 116.35 0.0654
6.19 516.70 18.91 50.06 0.0652
869.46 178.99 31.39 54.38 0.0649
857.74 448.59 106.70 242.62 0.0649
599.10 516.11 53.80 71.25 0.0645
147.76 84.76 23.61 58.67 0.0636
202.23 162.40 44.21 84.10 0.0617
589.16 214.65 24.02 50.02 0.0612
516.12 442.90 47.35 89.42 0.0610
0.00 438.38 26.41 72.13 0.0607
364.69 303.79 35.98 104.55 0.0606
901.55 527.87 88.40 172.73 0.0602
43.79 4.61 19.81 34.50 0.0590
799.41 250.45 37.83 71.88 0.0590
190.83 260.09 80.47 168.61 0.0588
1.45 203.35 61.14 127.00 0.0587
633.95 224.92 18.67 33.66 0.0584
402.67 215.68 35.64 63.06 0.0576
145.34 861.74 179.54 273.30 0.0569
769.14 424.20 41.17 85.46 0.0567
654.15 338.50 37.33 95.74 0.0557
447.77 766.87 151.53 183.06 0.0556
584.82 423.65 64.72 92.78 0.0554
399.98 545.22 47.45 88.63 0.0553
879.49 296.39 27.64 62.68 0.0551
551.20 797.74 166.23 295.35 0.0550
305.57 88.15 25.27 44.11 0.0544
75.57 559.88 32.05 58.49 0.0536
807.29 205.85 41.03 90.20 0.0534
333.53 261.63 31.32 74.45 0.0534
148.79 111.08 24.17 66.77 0.0531
868.36 896.12 56.99 142.22 0.0528
666.57 186.75 23.44 44.72 0.0527
41.62 665.34 79.55 190.22 0.0526
48.07 52.95 18.44 47.95 0.0523
44.23 483.21 26.41 58.72 0.0522
704.26 264.18 21.95 50.50 0.0519
41.79 642.82 39.25 131.85 0.0518
588.00 184.40 24.16 54.80 0.0515
593.52 470.58 54.89 79.15 0.0514
183.93 1049.30 94.15 152.18 0.0507
81.13 3.19 18.11 33.25 0.0507
27.28 198.04 43.53 80.20 0.0507
152.46 445.31 112.59 163.49 0.0504
887.51 427.22 28.90 69.89 0.0503
590.31 816.57 83.51 149.73 0.0503
