2_Demonstration_Demonstration_Or_Protest_2_162
177
924.39 217.83 38.18 54.19 0.6090
272.00 115.42 106.12 139.77 0.5674
701.74 175.87 134.24 111.41 0.5540
447.97 150.09 42.79 58.35 0.5115
585.54 221.84 32.40 42.16 0.3829
557.03 147.14 22.70 26.96 0.3263
547.64 165.37 30.72 38.34 0.2945
657.84 147.29 31.29 30.85 0.2742
956.86 165.26 23.76 32.82 0.2618
852.52 252.72 52.64 72.50 0.2617
525.69 183.11 32.45 39.06 0.2567
538.99 179.35 33.49 39.52 0.2506
552.15 247.75 36.29 49.42 0.2456
611.38 190.10 35.28 39.42 0.2454
733.70 214.77 83.88 90.67 0.2384
740.46 76.58 27.19 26.03 0.2318
594.76 168.51 27.04 30.56 0.2304
953.86 180.55 29.20 45.20 0.2191
593.58 191.06 34.32 41.43 0.2183
450.98 342.83 140.41 87.62 0.2087
309.08 140.02 103.61 146.22 0.2032
998.11 171.57 16.89 24.51 0.2020
543.60 207.70 38.25 50.68 0.2006
627.70 254.42 43.58 43.20 0.1964
739.11 81.40 46.14 43.67 0.1931
626.36 150.81 22.19 26.80 0.1915
997.35 190.72 22.14 34.04 0.1907
227.46 158.38 153.91 151.80 0.1872
766.14 76.12 34.96 33.80 0.1848
408.61 7.57 60.16 46.91 0.1816
924.00 167.68 24.26 33.70 0.1804
387.14 188.27 44.18 51.62 0.1753
463.78 417.18 114.60 76.11 0.1732
958.68 150.82 19.02 23.11 0.1729
647.47 257.52 40.22 46.58 0.1703
849.43 66.73 45.54 42.81 0.1696
734.66 89.47 71.82 70.18 0.1672
609.34 158.42 38.14 39.90 0.1669
877.50 155.73 31.18 38.99 0.1666
521.76 191.31 44.75 59.45 0.1657
783.65 86.89 46.32 38.30 0.1647
862.23 225.02 54.02 76.02 0.1594
732.34 283.89 68.04 85.99 0.1578
596.79 151.83 24.26 29.59 0.1578
119.84 276.75 83.31 61.96 0.1564
541.63 298.86 80.77 107.91 0.1555
684.01 249.08 72.50 102.15 0.1532
285.52 47.69 116.83 157.92 0.1532
996.51 209.46 26.34 42.90 0.1515
848.88 204.84 51.27 64.49 0.1496
850.17 150.50 32.82 44.02 0.1461
994.46 234.36 24.52 42.04 0.1436
863.65 84.80 44.10 37.61 0.1411
659.34 179.59 40.54 50.47 0.1359
847.51 137.97 31.10 36.70 0.1358
83.63 102.26 17.43 19.17 0.1345
851.54 189.08 38.77 46.29 0.1337
83.48 221.12 29.56 24.17 0.1321
912.56 120.99 27.43 29.77 0.1320
614.81 80.37 27.12 28.97 0.1291
878.18 140.53 31.45 34.26 0.1269
103.85 222.44 29.83 24.50 0.1265
0.00 224.64 25.58 29.43 0.1236
331.55 0.00 109.69 68.34 0.1215
774.56 264.18 57.46 62.95 0.1204
152.46 74.36 20.47 32.18 0.1168
1.21 239.43 23.51 30.02 0.1160
893.27 90.45 49.01 39.46 0.1155
434.74 347.08 85.06 76.22 0.1150
483.59 454.00 131.47 81.81 0.1149
921.92 139.29 21.18 29.64 0.1144
426.31 42.30 49.81 59.87 0.1144
149.12 216.36 27.85 26.74 0.1140
470.05 379.46 116.32 83.46 0.1132
1.82 262.15 27.29 32.54 0.1129
572.76 231.44 45.85 61.16 0.1124
998.56 150.09 14.01 21.51 0.1119
880.72 116.15 32.69 38.34 0.1102
148.33 283.30 88.29 68.41 0.1066
37.71 221.65 26.67 23.08 0.1057
394.97 155.69 54.27 91.36 0.1055
516.04 226.47 51.46 58.77 0.0993
511.30 86.39 29.43 43.89 0.0990
869.24 189.84 41.48 50.60 0.0987
431.28 170.83 48.47 84.74 0.0970
480.05 293.46 89.82 101.69 0.0955
485.57 661.28 26.28 20.96 0.0948
226.39 109.97 89.93 91.71 0.0918
992.35 247.82 27.47 52.72 0.0911
651.15 193.83 54.55 65.65 0.0896
956.60 119.26 23.00 24.97 0.0892
454.03 58.27 55.46 60.07 0.0890
937.26 381.99 59.96 95.84 0.0886
153.97 201.28 22.92 20.30 0.0883
169.22 237.38 67.27 61.38 0.0869
30.40 267.22 49.31 31.84 0.0866
638.47 334.57 291.26 254.89 0.0863
39.70 240.21 33.62 28.13 0.0862
501.12 410.23 162.53 112.41 0.0860
469.38 77.24 43.53 64.51 0.0840
681.57 128.57 59.97 68.85 0.0839
889.76 352.22 64.86 94.37 0.0811
901.81 267.19 46.24 67.39 0.0811
858.88 317.29 78.92 113.31 0.0806
231.29 299.37 109.89 130.08 0.0806
2.06 143.73 23.33 39.86 0.0804
43.76 68.92 21.01 26.16 0.0800
884.16 4.36 20.42 18.04 0.0790
992.20 277.93 28.21 54.91 0.0783
470.97 195.77 40.97 70.88 0.0783
741.83 57.24 34.37 34.59 0.0780
509.90 267.78 52.27 79.55 0.0777
698.06 111.88 40.79 50.48 0.0777
376.81 19.27 61.02 92.04 0.0776
912.98 346.36 80.49 107.22 0.0774
62.86 265.07 65.90 40.04 0.0769
81.20 160.00 28.70 32.92 0.0768
878.94 294.72 64.72 85.63 0.0766
679.79 451.33 183.81 115.16 0.0762
612.99 268.69 72.24 106.21 0.0754
175.88 206.78 139.66 125.93 0.0741
779.34 113.65 62.24 80.15 0.0740
79.61 198.17 26.03 25.02 0.0726
660.87 128.50 27.52 35.63 0.0725
521.07 639.24 16.69 16.83 0.0717
79.25 234.95 34.25 28.94 0.0713
748.64 353.15 50.42 36.56 0.0711
1000.88 123.96 13.91 19.62 0.0711
439.65 435.51 67.87 52.57 0.0705
429.12 59.68 55.73 85.47 0.0702
458.57 113.44 45.18 62.08 0.0700
142.47 238.07 36.00 35.87 0.0695
876.12 21.26 36.31 30.39 0.0688
103.75 234.19 36.11 33.17 0.0686
129.49 306.39 93.27 80.88 0.0683
954.41 94.67 30.55 35.82 0.0672
168.65 215.13 60.11 52.00 0.0667
846.85 3.72 21.74 17.67 0.0665
546.21 244.46 80.88 104.68 0.0661
669.22 280.23 67.97 94.24 0.0660
119.45 100.99 19.16 23.71 0.0657
58.71 275.55 93.82 58.25 0.0652
115.37 200.79 21.60 21.03 0.0644
517.41 142.28 37.23 50.08 0.0644
435.87 388.88 64.08 57.65 0.0643
936.39 276.60 44.75 55.14 0.0642
36.07 45.78 28.52 33.64 0.0627
6.11 56.63 20.84 41.64 0.0617
221.69 240.12 125.16 114.78 0.0617
792.39 317.59 49.85 61.10 0.0611
985.13 303.31 30.27 51.87 0.0603
200.84 306.16 79.41 120.95 0.0598
764.06 54.53 40.60 42.37 0.0595
81.98 109.80 22.18 32.46 0.0590
832.79 295.46 82.28 109.95 0.0586
517.22 609.08 30.83 30.36 0.0583
708.46 77.39 24.85 25.07 0.0575
120.45 70.70 20.78 27.00 0.0574
0.29 272.95 37.62 52.29 0.0560
161.95 315.94 79.78 106.16 0.0558
19.95 282.37 59.39 42.84 0.0555
601.35 91.68 28.09 25.70 0.0550
436.37 12.72 67.49 57.89 0.0545
601.56 78.29 26.63 27.12 0.0544
82.82 77.83 19.74 27.22 0.0536
938.14 321.63 55.35 73.78 0.0528
170.98 577.25 33.35 36.80 0.0527
5.68 89.37 20.92 39.86 0.0527
0.56 190.16 25.86 30.68 0.0524
416.38 202.65 55.31 76.90 0.0523
73.91 44.68 29.34 34.96 0.0523
185.01 112.05 31.10 44.09 0.0521
47.76 94.15 25.62 30.64 0.0520
515.48 102.61 30.48 48.54 0.0520
58.47 333.27 84.98 87.89 0.0510
41.07 196.81 25.00 30.95 0.0507
182.69 92.13 30.78 47.68 0.0502
