2_Demonstration_Political_Rally_2_609
200
668.67 520.66 29.18 37.87 0.4474
261.99 398.82 33.27 47.69 0.4212
126.43 259.75 76.82 122.18 0.4177
128.54 237.22 55.35 96.32 0.4022
954.32 527.19 20.55 26.20 0.3952
846.22 631.22 31.96 35.48 0.3915
772.69 571.60 26.85 38.42 0.3733
659.99 602.18 55.67 68.21 0.3539
806.54 541.32 22.45 29.57 0.3468
586.25 524.00 36.45 43.69 0.3454
681.02 621.40 56.79 58.60 0.3333
378.02 434.85 21.92 23.91 0.3277
776.71 490.04 17.69 18.12 0.3262
925.02 489.56 14.72 19.74 0.3260
849.01 517.91 17.07 23.82 0.3218
734.76 538.01 24.86 28.05 0.3174
680.57 597.60 42.02 53.68 0.3053
890.67 536.98 18.07 23.04 0.3039
705.66 488.61 19.96 23.09 0.2890
883.33 647.18 22.72 26.80 0.2824
951.01 625.64 29.34 34.72 0.2808
634.96 392.49 16.04 20.03 0.2790
850.40 484.47 15.28 18.20 0.2767
993.82 483.25 19.43 24.64 0.2745
887.73 455.56 15.02 23.83 0.2709
844.03 427.83 19.36 25.19 0.2695
110.93 316.08 54.59 86.13 0.2645
923.69 575.57 19.26 26.91 0.2611
555.16 531.61 36.48 49.49 0.2570
890.03 444.01 13.13 21.42 0.2546
593.26 411.27 18.48 23.11 0.2476
588.07 393.57 19.83 22.32 0.2464
337.84 410.64 22.06 27.54 0.2464
703.82 534.27 30.51 38.56 0.2461
709.10 318.47 19.34 21.14 0.2459
414.78 391.65 15.03 16.26 0.2417
886.03 585.61 18.84 26.29 0.2403
483.93 443.25 19.27 23.61 0.2400
744.47 367.62 18.56 20.93 0.2379
133.51 232.61 38.70 52.18 0.2367
548.72 576.64 43.00 57.32 0.2355
960.58 615.45 18.23 26.94 0.2351
598.28 322.04 15.51 18.73 0.2350
964.17 442.75 13.77 17.73 0.2301
486.26 101.48 12.02 12.76 0.2281
923.75 565.74 16.92 24.89 0.2250
846.07 611.28 25.08 32.49 0.2239
593.37 435.58 20.05 23.42 0.2233
776.53 535.88 21.29 23.36 0.2214
777.47 652.39 24.85 24.38 0.2213
578.84 543.37 39.28 45.59 0.2204
771.55 591.50 25.15 36.50 0.2201
374.98 393.12 15.33 18.22 0.2197
510.48 462.47 24.90 25.15 0.2183
671.51 297.73 12.99 15.59 0.2180
411.83 466.41 25.23 31.41 0.2174
741.68 461.50 18.27 18.51 0.2171
484.95 394.33 14.00 15.27 0.2167
997.55 564.65 14.09 17.99 0.2164
212.79 385.37 39.11 49.11 0.2162
737.28 487.50 22.48 22.52 0.2161
962.56 408.74 13.93 21.88 0.2157
854.04 564.63 14.84 19.10 0.2153
995.93 467.68 17.73 26.83 0.2148
737.96 320.27 17.32 21.11 0.2146
561.52 476.53 29.85 31.73 0.2145
670.91 415.26 15.29 18.48 0.2143
849.89 579.41 19.64 24.54 0.2134
812.11 601.27 21.42 25.91 0.2121
442.67 458.50 23.51 26.77 0.2107
957.51 391.91 18.12 25.75 0.2098
728.78 651.26 31.60 28.74 0.2084
326.43 365.27 24.02 20.99 0.2083
743.40 601.65 34.10 35.96 0.2079
448.91 394.61 16.20 16.24 0.2071
446.01 413.77 18.51 18.72 0.2068
774.98 631.87 25.54 30.61 0.2065
597.49 339.08 16.75 22.73 0.2058
739.57 509.37 21.74 24.14 0.2048
811.70 319.37 16.45 18.99 0.2047
666.82 489.28 27.33 33.70 0.2039
374.87 150.00 15.69 18.47 0.2035
887.60 597.35 23.22 28.69 0.2020
672.01 364.78 18.57 20.62 0.2008
778.67 319.99 16.18 20.24 0.1994
741.66 417.21 15.17 15.87 0.1991
486.08 457.44 25.48 28.06 0.1985
669.54 342.13 16.57 21.57 0.1981
525.47 394.82 13.69 16.28 0.1968
221.95 401.36 34.53 57.15 0.1963
923.11 607.92 18.51 21.29 0.1958
739.43 620.73 29.35 40.16 0.1949
409.10 434.67 20.35 22.95 0.1942
377.29 126.85 14.06 15.18 0.1941
703.19 418.32 16.40 19.70 0.1921
926.17 507.69 15.79 20.24 0.1907
288.73 430.68 28.63 34.50 0.1901
994.57 339.37 20.41 27.49 0.1893
814.19 585.22 20.75 27.59 0.1885
445.15 439.95 21.69 23.62 0.1883
961.39 342.59 22.38 25.82 0.1879
921.21 645.42 24.18 27.84 0.1869
923.38 344.85 18.09 21.25 0.1863
666.68 317.80 16.11 18.23 0.1858
964.12 462.71 13.13 17.79 0.1844
744.66 443.45 16.82 17.80 0.1827
924.40 410.48 15.91 21.57 0.1813
631.62 343.25 14.52 21.21 0.1801
667.28 460.01 18.60 22.32 0.1797
376.08 415.72 20.25 28.07 0.1794
927.52 364.26 24.30 24.46 0.1792
450.61 369.29 13.16 13.01 0.1792
696.44 498.63 29.59 38.28 0.1791
926.38 388.36 20.90 27.40 0.1774
524.55 415.17 15.21 16.44 0.1739
924.88 467.76 13.93 19.95 0.1739
700.19 367.14 17.76 22.20 0.1729
560.67 391.81 14.76 18.39 0.1726
924.53 440.71 14.05 18.40 0.1715
775.65 507.65 19.69 23.27 0.1699
448.74 99.30 13.33 14.42 0.1685
520.05 577.67 53.05 56.43 0.1677
623.34 461.03 21.22 26.35 0.1676
414.77 146.44 13.32 17.38 0.1675
776.00 365.40 16.45 21.08 0.1671
632.11 442.09 14.95 23.14 0.1664
415.46 129.10 13.13 17.04 0.1664
851.21 467.74 15.84 19.08 0.1661
557.59 437.61 19.94 22.45 0.1659
594.08 366.77 15.77 19.35 0.1654
890.54 514.58 15.07 19.36 0.1654
964.42 489.37 15.88 18.08 0.1644
519.76 127.56 17.21 16.46 0.1627
584.55 479.72 35.99 39.77 0.1627
775.29 340.79 18.76 21.78 0.1618
277.55 408.50 38.57 43.53 0.1605
97.05 583.66 37.40 32.61 0.1602
997.65 504.42 20.05 29.92 0.1589
413.95 371.47 12.12 13.85 0.1587
703.93 436.94 16.73 19.49 0.1586
778.80 391.95 15.47 18.97 0.1581
108.40 363.62 36.55 49.38 0.1578
953.41 358.02 24.59 29.51 0.1567
413.15 416.88 18.67 20.69 0.1565
632.34 367.67 14.54 21.67 0.1562
592.50 458.15 29.95 35.13 0.1550
632.85 297.39 12.27 13.61 0.1549
375.55 165.86 19.01 23.08 0.1546
451.46 126.36 13.63 14.31 0.1545
301.86 150.33 15.56 18.47 0.1543
808.65 655.34 26.76 24.66 0.1538
331.09 385.83 25.63 27.92 0.1536
561.13 370.51 11.59 13.74 0.1534
336.50 104.07 16.42 16.41 0.1533
888.97 344.34 16.02 18.41 0.1530
522.29 443.13 17.73 22.49 0.1530
338.36 120.14 15.16 18.68 0.1529
166.72 334.48 49.19 70.04 0.1528
378.87 368.30 14.58 15.81 0.1517
705.87 336.37 18.66 24.67 0.1512
567.11 589.68 43.43 50.30 0.1509
340.15 150.79 17.88 21.19 0.1501
809.61 359.19 20.42 24.33 0.1497
451.13 347.58 11.62 12.08 0.1494
632.21 320.15 14.14 18.77 0.1492
776.66 442.88 15.82 17.28 0.1454
558.21 502.67 43.58 50.65 0.1445
193.55 381.09 38.92 41.40 0.1445
629.92 600.51 39.54 62.48 0.1441
815.62 490.42 13.56 14.68 0.1440
632.41 407.89 18.17 24.26 0.1439
885.76 551.25 18.18 25.84 0.1435
524.79 102.81 14.15 13.45 0.1424
414.54 318.57 10.70 13.48 0.1423
810.54 341.70 19.72 25.82 0.1420
669.88 391.18 15.11 18.99 0.1406
743.26 292.30 14.09 17.57 0.1402
739.68 339.78 18.10 22.39 0.1396
811.54 463.91 15.67 16.22 0.1394
302.34 99.85 14.52 15.66 0.1393
706.14 464.21 16.09 19.26 0.1393
449.60 271.76 16.96 17.06 0.1385
619.31 477.50 26.66 32.56 0.1384
485.87 415.26 15.08 17.17 0.1383
887.85 486.24 16.90 21.34 0.1381
557.26 415.78 16.78 18.90 0.1380
486.23 124.81 14.16 14.19 0.1377
962.98 584.66 14.42 17.89 0.1362
336.99 419.37 24.27 36.29 0.1359
997.15 440.04 14.12 19.44 0.1354
451.21 148.04 13.80 16.37 0.1335
378.24 296.71 12.03 12.84 0.1334
735.89 572.34 33.59 45.00 0.1332
483.99 474.54 25.78 31.49 0.1327
707.95 299.51 13.36 17.19 0.1322
776.76 466.57 15.26 16.24 0.1315
262.29 150.00 19.44 21.72 0.1310
373.67 442.81 30.42 38.94 0.1308
488.08 370.65 11.72 13.32 0.1304
999.65 414.93 12.72 19.54 0.1303
