2_Demonstration_Demonstrators_2_41
200
203.31 187.88 55.33 60.29 0.8295
391.67 365.75 109.33 171.50 0.8101
393.36 189.97 46.82 51.98 0.6521
947.61 512.33 48.95 50.62 0.5812
815.29 497.12 60.27 56.25 0.5677
252.60 95.01 36.69 49.33 0.4800
739.77 424.53 39.29 48.40 0.3687
861.06 504.77 40.20 38.22 0.3456
945.81 420.79 47.82 38.94 0.3300
960.88 516.97 56.47 58.98 0.2867
636.40 455.99 33.47 40.35 0.2566
834.32 39.81 52.27 67.87 0.2510
888.17 345.25 22.95 25.93 0.2433
737.94 363.08 22.25 28.98 0.2383
922.41 525.29 52.98 51.10 0.2374
703.03 437.19 29.42 41.63 0.2334
761.30 492.42 37.94 45.81 0.2128
918.46 433.93 39.33 31.98 0.2103
916.62 536.59 34.56 49.04 0.1945
432.97 207.98 39.57 56.92 0.1934
443.97 235.22 33.05 44.08 0.1843
203.71 424.93 178.40 163.59 0.1836
511.01 540.08 33.04 42.74 0.1815
885.77 320.28 21.88 23.25 0.1771
558.72 512.70 18.24 27.94 0.1711
559.78 536.35 20.87 28.07 0.1702
856.40 51.48 43.96 52.32 0.1668
582.04 123.88 28.92 38.34 0.1627
735.79 344.84 22.54 27.95 0.1584
879.23 437.33 30.44 25.74 0.1569
502.38 208.29 36.26 44.36 0.1554
441.94 433.12 71.01 109.77 0.1539
850.76 325.36 17.63 22.90 0.1486
422.87 192.43 42.97 46.80 0.1485
822.18 24.58 52.51 63.96 0.1483
143.85 538.67 23.61 22.36 0.1481
970.28 411.58 45.11 40.06 0.1480
743.07 506.05 37.78 32.29 0.1474
456.41 238.80 43.00 46.17 0.1473
379.21 216.23 51.95 54.89 0.1471
944.21 336.89 37.03 36.14 0.1449
276.81 388.82 183.95 233.52 0.1418
804.77 389.38 24.00 24.27 0.1394
796.32 649.10 40.28 29.54 0.1371
804.79 413.38 24.05 25.40 0.1367
910.74 309.29 31.97 37.34 0.1362
838.14 460.22 39.86 56.41 0.1311
703.64 471.83 32.73 42.69 0.1306
705.92 537.14 23.51 26.99 0.1298
511.58 502.08 30.21 37.21 0.1290
839.18 334.39 25.74 26.32 0.1282
734.83 371.50 29.41 43.15 0.1281
983.02 391.09 32.74 33.67 0.1272
993.76 53.03 28.68 47.88 0.1265
955.55 311.05 37.19 42.96 0.1240
813.94 364.82 22.67 26.13 0.1236
923.85 419.57 48.46 39.03 0.1221
960.64 46.35 31.95 39.77 0.1217
917.84 46.78 24.28 35.74 0.1214
957.98 115.93 27.07 37.89 0.1205
145.45 516.48 25.88 28.18 0.1169
705.31 510.35 33.46 37.44 0.1164
624.63 483.73 29.68 49.07 0.1153
368.68 60.92 44.49 64.31 0.1152
879.96 648.58 52.15 33.93 0.1145
895.17 333.31 46.62 37.43 0.1127
511.42 195.38 30.39 42.40 0.1122
147.23 562.87 21.45 20.43 0.1112
886.81 354.16 28.97 34.36 0.1096
848.53 440.26 28.68 33.72 0.1091
233.21 98.01 46.27 60.25 0.1074
972.87 312.82 40.97 39.56 0.1043
880.97 419.87 28.65 26.13 0.1040
478.71 492.53 31.88 50.57 0.1036
962.02 139.94 26.60 33.41 0.1028
358.15 290.78 132.74 205.83 0.1019
818.66 343.45 29.36 24.45 0.1016
549.81 486.12 24.00 26.74 0.1014
558.37 561.50 31.23 46.49 0.1010
862.09 22.86 43.18 60.31 0.0997
505.47 476.68 40.58 44.98 0.0981
990.76 19.44 33.24 60.16 0.0958
392.92 222.08 52.41 76.34 0.0942
580.55 571.76 27.30 38.55 0.0941
772.82 392.00 24.60 32.61 0.0933
163.38 478.86 64.74 66.38 0.0932
910.95 290.05 30.29 38.61 0.0927
190.37 468.21 92.44 93.09 0.0923
970.93 487.88 45.93 65.67 0.0917
873.54 458.91 39.00 46.80 0.0913
592.77 460.06 22.42 30.66 0.0911
879.22 287.10 34.27 36.54 0.0909
910.57 444.33 35.00 43.03 0.0899
256.59 91.34 62.26 72.00 0.0895
496.24 446.08 54.63 70.28 0.0892
43.45 557.44 20.25 25.28 0.0889
773.96 651.15 37.89 28.93 0.0887
434.57 576.45 37.66 50.17 0.0885
735.92 319.68 24.08 31.85 0.0883
138.69 459.16 41.24 44.34 0.0882
483.34 530.46 30.60 52.07 0.0869
585.67 538.65 24.81 31.75 0.0867
596.66 413.74 19.44 33.12 0.0866
809.09 455.79 49.13 52.23 0.0854
366.83 84.84 34.29 67.09 0.0854
223.10 124.55 47.97 64.41 0.0848
931.36 534.83 68.53 74.88 0.0825
590.09 509.35 27.17 32.83 0.0825
470.08 409.47 80.62 97.78 0.0824
47.10 545.67 17.39 22.28 0.0821
848.93 416.30 28.89 29.72 0.0815
946.02 395.74 53.84 48.79 0.0812
135.73 430.32 67.77 58.36 0.0807
954.24 92.50 34.30 45.82 0.0805
984.02 74.38 39.37 61.35 0.0805
83.44 518.67 20.19 21.85 0.0802
817.80 51.44 53.50 71.84 0.0801
79.74 538.80 21.54 22.50 0.0799
798.76 502.04 65.12 82.94 0.0798
877.76 266.96 36.34 35.88 0.0781
169.46 410.02 142.23 138.06 0.0780
569.07 284.62 49.20 57.81 0.0780
517.37 550.65 31.25 54.67 0.0779
404.66 574.63 42.34 64.61 0.0779
592.35 438.98 24.24 38.28 0.0778
614.22 343.93 30.16 33.71 0.0773
863.57 529.85 62.06 74.89 0.0772
733.42 519.54 42.25 45.10 0.0764
806.78 435.10 31.24 39.13 0.0762
333.77 402.66 110.50 118.30 0.0760
554.96 168.81 22.63 31.35 0.0757
356.94 488.77 99.84 133.57 0.0756
915.14 488.71 40.56 61.24 0.0754
770.52 368.11 27.39 33.78 0.0746
841.74 363.09 26.93 30.55 0.0743
988.45 360.29 30.91 40.16 0.0742
697.16 387.71 32.37 45.12 0.0741
429.95 515.77 54.51 86.05 0.0730
436.69 551.06 36.73 50.93 0.0722
120.90 485.96 28.31 24.72 0.0715
122.10 538.93 23.27 22.18 0.0712
544.75 185.51 28.06 40.90 0.0703
538.47 620.90 53.35 57.23 0.0699
470.71 194.85 36.29 44.83 0.0699
898.92 530.44 58.65 78.29 0.0698
628.50 410.42 32.09 51.04 0.0697
846.35 145.01 25.65 32.16 0.0690
430.56 591.51 44.56 73.15 0.0673
538.72 466.75 33.31 32.44 0.0673
392.42 529.95 55.84 80.75 0.0667
189.53 586.86 22.85 27.21 0.0666
971.45 91.65 50.35 71.37 0.0663
990.58 564.59 31.92 51.90 0.0658
5.31 567.94 18.97 22.81 0.0651
974.68 438.08 43.59 52.67 0.0650
831.44 187.05 36.54 44.75 0.0644
117.86 464.79 36.27 36.49 0.0643
875.47 191.34 30.76 37.36 0.0643
924.57 119.54 22.69 29.41 0.0640
659.40 409.68 31.02 49.92 0.0640
833.98 2.60 40.15 34.68 0.0640
295.41 236.78 49.95 46.37 0.0639
362.50 245.21 57.54 72.02 0.0638
651.03 497.64 37.59 45.25 0.0632
923.17 94.58 25.87 31.59 0.0627
140.96 477.55 33.61 37.82 0.0624
816.27 323.78 29.69 27.87 0.0624
119.57 564.38 18.59 20.43 0.0622
421.60 174.94 42.68 39.93 0.0622
884.42 384.79 37.28 33.20 0.0620
839.74 166.07 29.85 41.13 0.0618
592.07 478.76 28.91 34.70 0.0618
518.20 175.64 21.96 35.97 0.0616
492.60 222.27 49.03 52.62 0.0615
577.05 650.62 33.75 28.80 0.0609
978.02 257.01 37.62 43.31 0.0600
988.70 243.92 27.97 40.54 0.0597
906.12 381.95 41.79 41.33 0.0597
195.76 560.00 59.31 54.96 0.0595
119.12 512.67 24.59 25.95 0.0592
352.17 552.29 61.73 68.87 0.0588
986.47 0.00 37.53 50.34 0.0587
954.82 264.49 41.71 45.30 0.0586
199.93 504.39 71.31 79.88 0.0581
899.16 362.11 41.71 39.64 0.0579
510.85 622.70 46.86 54.05 0.0577
807.42 530.01 91.38 105.38 0.0574
109.06 437.53 61.40 50.66 0.0572
542.48 197.83 36.47 53.94 0.0570
902.05 270.35 40.85 47.63 0.0569
878.37 166.57 26.35 32.58 0.0567
968.10 123.64 46.39 60.86 0.0562
843.11 109.96 30.90 41.89 0.0560
699.57 360.87 28.00 35.23 0.0554
241.04 223.78 208.99 267.23 0.0554
472.72 615.94 33.98 58.73 0.0550
835.08 208.58 34.65 38.41 0.0535
475.44 566.71 29.99 47.20 0.0534
566.71 103.05 57.01 61.09 0.0533
877.10 141.79 26.89 32.34 0.0528
