2_Demonstration_Demonstration_Or_Protest_2_942
195
240.54 99.71 348.72 690.66 0.6284
118.65 1427.20 77.91 105.42 0.2769
890.41 1108.36 9.58 26.53 0.1533
960.62 658.99 14.90 40.92 0.1463
854.28 1004.95 10.20 26.66 0.1437
818.32 1056.51 10.33 28.09 0.1404
816.79 1107.55 11.98 35.24 0.1399
887.58 602.75 24.53 58.49 0.1398
889.43 550.86 28.26 50.24 0.1389
963.34 1110.85 9.62 24.85 0.1368
816.91 1165.52 11.41 33.76 0.1367
924.91 660.69 17.87 45.64 0.1357
888.17 662.63 16.94 41.88 0.1334
853.44 1052.85 10.17 27.65 0.1328
817.90 1002.43 9.23 23.91 0.1320
925.02 724.70 13.33 30.18 0.1313
891.06 1060.85 9.17 28.73 0.1312
998.32 1052.57 15.33 36.86 0.1311
818.14 950.57 9.16 24.95 0.1304
999.26 1106.79 12.10 30.76 0.1289
854.18 950.27 9.89 22.12 0.1252
890.53 730.01 10.92 25.08 0.1244
847.30 550.37 25.03 50.87 0.1234
849.74 665.57 17.08 41.79 0.1205
321.43 968.77 33.96 72.67 0.1202
928.69 1058.28 9.52 27.55 0.1200
928.69 1112.44 8.75 24.17 0.1187
403.61 1013.05 56.55 122.09 0.1183
812.28 559.13 19.71 37.47 0.1180
854.46 838.30 10.51 24.73 0.1174
962.99 1057.63 10.88 29.02 0.1158
854.62 1112.53 9.88 27.90 0.1158
853.97 894.34 10.41 24.20 0.1149
854.82 1166.78 9.11 23.52 0.1147
963.97 728.82 12.01 28.04 0.1147
996.16 719.88 15.66 36.00 0.1146
119.75 173.07 103.94 219.68 0.1136
922.97 601.21 25.62 61.94 0.1125
962.49 775.73 13.43 30.63 0.1120
810.60 614.39 21.19 54.98 0.1117
957.31 610.30 21.09 48.63 0.1116
778.33 561.86 14.80 30.91 0.1098
519.03 1288.62 76.97 106.49 0.1090
742.94 283.92 14.63 30.65 0.1057
853.39 727.66 11.69 27.03 0.1051
261.81 1371.92 70.27 102.70 0.1040
255.58 381.11 261.59 354.50 0.1021
10.99 1347.21 56.27 158.20 0.1018
811.58 437.58 23.18 52.12 0.1008
77.58 1424.59 89.78 110.41 0.0998
777.58 388.22 24.00 55.86 0.0993
890.09 1002.17 11.04 29.26 0.0977
847.45 607.37 25.16 63.54 0.0975
290.74 977.51 32.61 81.17 0.0969
889.12 783.79 11.92 26.26 0.0968
926.75 1001.90 12.26 33.27 0.0963
811.15 500.48 21.61 43.94 0.0961
776.02 277.76 23.92 43.95 0.0954
850.22 494.52 22.70 53.12 0.0953
849.65 439.49 19.06 53.95 0.0948
992.63 988.51 24.86 49.60 0.0940
817.33 891.87 10.17 26.37 0.0937
815.33 1217.25 14.06 34.18 0.0931
843.31 375.72 22.89 62.62 0.0930
283.55 1016.40 38.62 93.60 0.0914
812.64 375.60 24.07 63.02 0.0909
777.73 443.80 16.70 39.01 0.0907
889.40 835.03 11.92 29.11 0.0897
990.41 828.54 26.21 49.36 0.0891
939.98 474.28 42.25 96.94 0.0885
922.32 386.36 19.66 48.31 0.0885
549.51 1196.64 89.28 131.74 0.0885
817.26 838.57 11.35 30.22 0.0867
779.25 507.75 12.85 28.83 0.0866
779.89 998.77 13.33 35.50 0.0866
503.19 1338.65 48.93 91.74 0.0862
777.65 1045.35 16.89 49.80 0.0860
996.46 664.39 17.79 51.82 0.0844
384.38 918.04 87.44 165.29 0.0839
923.85 780.73 13.83 29.77 0.0836
960.54 1000.87 15.75 38.17 0.0836
996.10 774.05 17.74 40.32 0.0833
812.53 658.94 17.32 44.93 0.0824
742.14 344.19 16.31 31.95 0.0805
375.03 1196.21 26.72 72.02 0.0803
978.78 864.55 43.79 89.40 0.0802
854.31 1220.27 10.53 25.79 0.0802
961.48 833.43 18.67 39.27 0.0801
774.67 1096.67 20.77 61.32 0.0798
888.97 945.35 13.10 30.56 0.0798
664.09 275.83 21.80 49.00 0.0797
114.93 157.38 230.03 316.86 0.0794
366.47 1025.82 43.36 116.22 0.0792
249.69 952.45 42.39 117.54 0.0792
368.46 1127.33 30.87 93.15 0.0790
995.74 262.63 25.38 79.81 0.0778
779.74 944.74 12.43 32.89 0.0778
190.60 900.04 83.14 206.58 0.0772
741.87 449.60 14.97 34.91 0.0771
292.53 933.75 31.46 63.35 0.0769
854.56 784.81 10.57 25.28 0.0765
918.69 530.36 37.66 80.90 0.0757
171.44 1360.77 43.26 86.73 0.0756
327.73 1030.17 32.46 111.90 0.0750
704.62 394.97 15.23 36.54 0.0745
738.96 390.04 20.04 44.46 0.0743
775.06 1152.79 19.76 58.04 0.0737
566.45 1286.91 54.71 86.93 0.0736
742.57 230.94 18.29 34.79 0.0732
362.17 951.05 67.13 115.41 0.0730
736.62 1038.16 21.89 68.29 0.0728
403.38 1185.78 34.16 90.05 0.0724
705.92 343.84 14.07 30.79 0.0721
979.26 919.61 44.74 88.52 0.0719
779.05 337.08 20.15 40.82 0.0718
741.22 561.09 17.32 38.16 0.0716
890.91 1165.29 10.73 25.53 0.0715
663.01 222.03 23.93 60.14 0.0714
924.77 1166.39 12.45 26.51 0.0713
887.79 1215.66 16.43 35.40 0.0706
731.97 1147.62 25.93 76.04 0.0699
706.91 283.19 13.39 36.29 0.0698
887.07 493.40 23.11 51.14 0.0693
664.63 336.35 21.53 43.90 0.0691
921.15 485.46 37.31 79.95 0.0689
705.15 453.57 14.99 38.62 0.0685
888.79 888.26 13.00 31.46 0.0679
995.57 305.30 24.83 84.79 0.0668
958.46 869.82 26.53 66.97 0.0656
705.92 229.57 15.20 40.29 0.0653
997.11 594.49 17.84 57.81 0.0646
664.30 168.20 23.76 46.32 0.0642
663.52 390.53 22.46 50.63 0.0641
995.96 371.47 21.84 74.71 0.0635
192.52 856.55 59.87 122.59 0.0635
318.06 931.30 41.43 68.80 0.0629
467.48 1293.11 59.20 105.45 0.0628
701.87 982.61 18.68 56.54 0.0618
463.08 1231.69 50.10 89.70 0.0617
741.07 994.41 15.83 47.67 0.0615
387.67 1427.97 58.39 90.97 0.0615
963.81 1164.38 11.96 29.77 0.0606
728.24 1086.40 32.32 104.64 0.0602
731.09 1190.04 25.95 64.71 0.0601
252.47 866.36 34.19 81.84 0.0597
258.39 1413.37 89.57 116.69 0.0592
957.02 927.97 26.86 67.66 0.0592
703.07 558.97 18.72 45.09 0.0591
703.22 1039.45 20.39 58.93 0.0590
802.93 268.77 36.81 76.03 0.0587
144.67 95.63 212.18 201.85 0.0585
742.15 941.26 14.54 47.29 0.0584
777.95 891.05 14.33 36.31 0.0583
743.42 506.57 12.35 31.16 0.0579
115.17 272.65 81.88 197.83 0.0578
702.48 171.46 23.41 41.75 0.0577
819.33 247.43 53.94 118.51 0.0573
694.10 876.83 25.57 78.55 0.0571
331.09 1112.50 32.43 103.32 0.0569
880.57 380.26 26.26 59.57 0.0565
402.78 1114.45 40.55 114.04 0.0563
82.82 1321.85 68.17 152.07 0.0562
684.93 791.09 38.24 120.32 0.0561
777.44 1212.60 18.56 42.48 0.0560
398.48 1301.09 37.13 84.74 0.0558
210.34 1135.53 55.13 149.64 0.0558
816.52 726.56 13.09 33.94 0.0557
924.81 942.51 16.16 43.58 0.0557
704.19 497.54 15.74 39.56 0.0556
467.31 1132.57 52.94 106.58 0.0555
775.96 609.32 19.73 50.66 0.0554
955.83 392.58 23.46 64.24 0.0553
458.64 661.09 258.66 638.46 0.0551
373.41 1285.57 29.14 83.45 0.0548
811.59 323.21 25.29 57.59 0.0547
701.00 1094.74 30.19 88.99 0.0546
434.12 1176.42 56.16 116.64 0.0546
697.91 915.18 21.08 72.01 0.0543
841.18 248.39 71.50 144.36 0.0542
880.03 439.71 27.29 59.00 0.0535
243.14 996.41 52.65 144.60 0.0533
290.01 1179.83 39.41 99.64 0.0531
284.85 1036.60 46.83 130.30 0.0530
776.59 828.51 18.17 45.88 0.0529
773.95 658.31 20.05 49.47 0.0528
923.92 832.08 14.73 35.26 0.0526
997.61 1161.04 14.46 36.94 0.0524
738.72 657.17 24.92 61.45 0.0520
291.95 885.77 31.14 62.09 0.0513
735.31 814.32 25.63 74.57 0.0513
700.03 593.88 24.12 66.02 0.0510
485.74 1091.35 88.61 178.59 0.0507
334.55 0.00 260.37 168.06 0.0507
50.74 1193.29 84.72 234.24 0.0500
191.81 1439.06 86.33 95.94 0.0500
