2_Demonstration_Demonstration_Or_Protest_2_314
53
547.12 259.00 168.44 229.68 0.9241
133.90 325.45 209.43 263.88 0.9018
436.67 865.31 41.84 92.92 0.3830
3.43 408.87 46.90 109.01 0.2974
721.98 830.49 92.32 121.66 0.2204
712.60 734.33 124.42 227.78 0.2113
765.77 506.21 141.38 155.33 0.1923
747.24 486.91 79.42 77.84 0.1835
424.10 129.65 113.14 113.34 0.1617
444.54 791.26 64.16 130.10 0.1488
782.75 1166.84 86.42 117.07 0.1231
679.18 445.81 220.23 336.57 0.1211
364.81 728.31 38.88 111.49 0.1105
410.66 824.08 67.09 154.85 0.1100
409.26 660.61 59.63 118.54 0.1032
586.80 752.89 46.72 87.18 0.1013
674.99 548.09 198.94 442.04 0.0905
420.46 1238.31 99.46 144.50 0.0893
405.41 357.93 74.89 117.45 0.0852
106.04 1076.96 104.91 133.52 0.0845
461.05 392.90 69.57 116.19 0.0839
3.81 490.37 48.60 122.11 0.0812
744.74 1121.54 128.81 245.22 0.0810
312.62 0.00 274.88 327.02 0.0802
841.51 480.92 70.50 127.67 0.0780
456.07 1262.60 101.06 131.40 0.0756
759.60 419.06 144.82 166.92 0.0722
4.95 575.68 56.17 144.01 0.0722
336.67 726.86 57.04 125.25 0.0706
602.81 338.71 127.56 184.04 0.0684
434.36 721.40 46.63 101.09 0.0667
443.45 862.95 70.81 172.78 0.0651
32.58 599.02 75.45 157.66 0.0647
754.45 335.74 45.23 79.41 0.0642
771.03 4.58 27.95 48.95 0.0630
818.25 1082.10 56.03 155.89 0.0625
717.11 462.67 145.74 153.74 0.0612
697.85 54.47 34.07 48.41 0.0605
386.16 317.00 83.20 106.27 0.0601
151.99 812.28 188.95 376.27 0.0600
432.98 648.09 56.04 105.60 0.0594
471.30 808.89 75.80 157.96 0.0573
665.33 437.75 100.09 130.43 0.0552
363.54 844.17 85.82 190.16 0.0551
780.37 1223.18 103.10 170.42 0.0546
116.10 722.15 63.10 108.08 0.0543
131.16 1119.44 66.29 116.21 0.0540
486.23 217.28 90.07 149.03 0.0521
731.69 241.48 34.33 62.33 0.0512
452.49 728.70 57.99 112.85 0.0507
878.43 398.35 44.67 135.21 0.0506
387.60 427.15 108.50 147.64 0.0504
483.56 922.04 55.68 138.64 0.0500
