56_Voter_peoplevoting_56_305
158
429.17 174.94 404.83 281.51 0.3349
442.17 75.78 568.16 181.81 0.2121
370.32 283.30 356.83 297.04 0.1773
532.74 249.18 491.26 241.47 0.1155
491.62 32.93 432.49 151.25 0.1151
491.00 331.48 385.55 324.41 0.1120
76.42 184.58 318.45 252.72 0.1021
366.43 359.95 264.36 360.05 0.0909
89.51 269.66 209.42 340.25 0.0840
129.93 101.95 338.17 264.62 0.0750
48.65 224.84 85.18 139.66 0.0742
722.57 234.61 115.13 127.60 0.0671
119.99 402.17 272.14 317.83 0.0670
409.26 207.40 119.07 122.65 0.0661
177.46 275.82 282.34 290.86 0.0629
313.69 129.53 343.87 228.99 0.0627
8.25 316.26 194.98 403.74 0.0608
381.54 101.72 361.65 173.30 0.0600
657.81 247.82 106.98 141.41 0.0555
368.90 308.59 118.38 151.58 0.0549
621.71 494.73 118.00 119.58 0.0524
806.89 328.35 119.92 137.40 0.0521
395.75 293.75 144.76 118.83 0.0505
435.67 192.33 160.50 113.17 0.0488
691.63 313.15 110.45 149.87 0.0484
273.82 228.30 290.38 282.85 0.0482
721.31 292.49 125.66 130.29 0.0479
399.95 350.09 127.05 128.59 0.0475
564.70 146.75 459.30 209.41 0.0466
833.43 371.02 118.53 126.82 0.0464
541.82 108.00 106.52 157.13 0.0463
356.46 382.32 124.54 133.89 0.0459
397.55 411.58 115.82 155.23 0.0456
254.08 43.07 144.90 98.89 0.0453
655.14 361.22 125.69 133.45 0.0453
0.00 68.44 214.08 204.02 0.0451
17.47 507.05 70.87 141.95 0.0451
772.13 421.79 111.03 163.98 0.0447
797.46 309.17 182.21 90.80 0.0444
452.12 283.74 134.69 145.82 0.0442
715.49 361.47 132.95 126.01 0.0441
40.35 455.15 100.61 147.75 0.0441
0.00 176.19 224.78 307.65 0.0435
614.90 306.11 122.11 117.75 0.0434
682.16 504.84 132.04 114.15 0.0432
473.17 490.01 118.49 161.35 0.0429
93.29 210.91 88.21 135.76 0.0427
806.39 386.00 103.53 153.19 0.0420
433.29 392.57 124.23 139.39 0.0418
477.65 1.37 167.42 66.72 0.0413
712.56 202.27 155.71 106.36 0.0409
521.55 37.44 110.26 146.54 0.0405
616.17 225.76 113.17 124.00 0.0405
396.58 523.28 119.45 157.66 0.0404
42.92 219.43 175.57 87.64 0.0404
436.17 452.86 113.41 154.00 0.0397
546.13 73.64 139.57 128.74 0.0396
54.51 292.99 83.48 155.52 0.0396
548.04 181.44 113.68 160.44 0.0395
63.20 164.66 69.42 131.19 0.0386
588.16 252.53 104.54 154.49 0.0385
587.98 338.38 98.12 135.64 0.0384
731.40 515.44 140.21 120.96 0.0382
358.65 494.05 118.08 146.74 0.0379
56.21 61.80 246.71 293.47 0.0378
23.59 247.82 65.56 167.49 0.0376
21.16 587.60 75.99 132.40 0.0370
620.22 199.39 162.34 99.09 0.0368
539.32 314.90 121.31 110.97 0.0366
702.74 153.62 99.57 122.89 0.0365
516.09 21.11 159.57 74.09 0.0364
527.28 481.22 166.60 88.42 0.0363
502.62 340.55 123.89 134.10 0.0359
632.34 408.75 100.30 157.08 0.0357
790.91 263.53 115.64 116.89 0.0357
333.72 561.60 122.07 132.09 0.0356
39.30 519.65 103.14 173.60 0.0354
747.80 162.06 93.70 126.68 0.0348
691.32 405.62 105.44 158.20 0.0347
474.38 174.03 156.70 93.54 0.0345
733.42 448.49 105.47 123.86 0.0333
10.00 192.28 391.41 72.05 0.0333
509.06 459.07 121.40 153.09 0.0332
469.68 0.00 326.14 125.88 0.0330
283.97 18.27 180.68 61.55 0.0329
524.78 262.95 115.24 114.91 0.0325
544.82 49.94 149.69 81.29 0.0323
563.17 161.10 153.42 107.07 0.0319
383.46 159.93 151.54 118.58 0.0315
599.07 444.49 424.46 275.51 0.0314
942.04 0.00 81.96 69.18 0.0312
346.09 643.41 138.84 76.59 0.0312
29.28 174.71 149.67 88.40 0.0308
547.99 356.43 112.99 157.02 0.0308
843.25 267.76 104.59 120.62 0.0305
16.26 182.81 72.29 156.59 0.0302
248.06 66.31 310.46 231.14 0.0301
485.96 10.79 113.09 110.15 0.0300
412.21 651.61 129.55 68.39 0.0289
22.22 426.84 79.86 137.21 0.0288
428.46 137.34 172.42 95.02 0.0287
0.00 645.06 47.74 74.94 0.0287
855.35 436.53 97.69 141.35 0.0285
24.22 312.65 71.15 176.16 0.0285
470.14 563.17 114.61 146.37 0.0285
551.97 539.43 239.02 98.84 0.0283
57.19 231.49 141.87 173.57 0.0282
0.56 26.19 416.75 179.55 0.0279
8.93 651.81 156.14 68.19 0.0279
40.63 348.66 94.46 161.76 0.0279
786.35 165.22 96.12 130.96 0.0276
330.84 0.00 135.71 50.53 0.0275
126.64 0.00 253.31 113.09 0.0265
545.07 516.24 93.28 120.80 0.0264
690.36 38.14 159.98 91.64 0.0262
560.53 420.43 116.62 128.70 0.0260
782.67 0.00 172.71 30.67 0.0258
853.15 337.52 170.85 83.33 0.0258
0.00 473.19 64.47 134.96 0.0257
485.59 403.53 142.44 113.41 0.0257
0.00 0.00 202.88 134.13 0.0256
624.51 116.43 132.67 146.76 0.0255
318.92 0.00 106.38 137.36 0.0252
0.00 0.00 66.69 71.00 0.0252
539.24 0.00 162.25 48.29 0.0251
300.11 396.46 136.24 144.29 0.0251
612.28 44.90 131.38 86.63 0.0250
0.00 266.63 62.86 123.81 0.0249
632.71 560.01 121.78 121.36 0.0248
339.80 31.14 155.08 154.18 0.0245
73.93 584.09 109.74 135.91 0.0244
862.89 0.00 161.11 33.68 0.0239
855.65 374.34 168.35 89.05 0.0238
611.22 0.00 99.85 91.95 0.0233
684.96 0.00 104.14 104.62 0.0232
796.67 226.65 143.70 102.52 0.0231
669.31 90.17 101.31 127.73 0.0230
276.24 0.00 152.98 28.16 0.0229
548.98 555.48 121.00 134.96 0.0227
740.07 28.50 198.20 78.30 0.0227
790.34 507.55 183.57 106.15 0.0223
423.87 51.10 183.91 122.19 0.0219
465.28 644.61 189.41 75.39 0.0219
414.56 600.57 88.85 110.53 0.0218
314.52 463.24 154.03 117.61 0.0216
853.60 237.64 147.78 106.16 0.0212
0.00 327.14 63.99 128.96 0.0212
368.82 36.44 86.24 85.67 0.0212
24.01 116.17 64.58 132.11 0.0211
0.00 404.99 63.60 125.66 0.0211
855.86 408.75 164.29 118.66 0.0210
700.94 44.56 97.86 155.26 0.0206
856.96 10.46 132.87 124.84 0.0206
284.80 25.34 319.33 111.77 0.0206
589.76 512.79 85.49 120.64 0.0204
687.38 0.00 153.40 35.66 0.0204
416.71 0.00 185.22 25.81 0.0202
0.00 0.00 264.13 8.41 0.0201
