56_Voter_peoplevoting_56_410
200
367.71 386.94 372.08 344.82 0.8159
242.35 413.62 308.86 351.38 0.7620
168.37 439.33 186.32 325.67 0.6134
551.42 415.01 279.24 349.99 0.6076
146.56 349.31 341.21 302.48 0.1536
609.32 397.53 414.68 259.76 0.1239
68.27 360.28 154.19 404.72 0.1076
55.72 408.10 77.13 164.12 0.1039
423.57 284.94 384.95 241.58 0.1035
416.81 169.95 414.84 209.14 0.0955
143.32 206.86 344.68 260.80 0.0842
296.57 202.21 352.28 267.38 0.0763
128.46 327.34 165.81 349.28 0.0752
322.31 112.29 434.87 191.35 0.0728
31.23 397.02 65.84 144.39 0.0654
65.71 394.77 96.05 110.56 0.0652
508.93 92.06 477.37 187.15 0.0651
566.07 196.95 457.93 253.24 0.0649
195.88 156.69 398.92 207.40 0.0620
143.34 433.58 115.08 133.98 0.0615
54.02 500.57 75.36 177.98 0.0611
293.05 424.98 113.21 130.33 0.0594
773.16 45.45 131.95 102.35 0.0592
512.12 434.21 114.51 134.01 0.0590
804.24 437.90 120.48 130.30 0.0587
106.50 103.37 422.06 186.86 0.0585
606.66 445.82 154.03 96.50 0.0575
114.72 146.94 132.56 107.77 0.0567
352.49 427.99 151.77 110.20 0.0566
244.78 300.20 332.05 252.41 0.0562
570.23 456.57 133.44 133.40 0.0562
115.34 177.59 181.59 306.43 0.0551
75.11 75.35 244.95 251.79 0.0549
640.70 470.62 151.24 114.74 0.0546
320.15 445.52 116.54 164.83 0.0545
0.00 68.25 213.23 209.75 0.0542
414.02 399.40 153.12 110.72 0.0541
183.58 459.67 100.00 175.43 0.0535
100.64 179.83 113.18 118.50 0.0529
32.69 452.43 62.76 187.03 0.0526
199.48 436.05 139.95 117.76 0.0525
687.90 37.98 170.94 72.85 0.0524
722.45 475.09 113.83 173.08 0.0515
459.16 421.99 131.15 130.83 0.0512
611.06 480.46 126.79 152.70 0.0511
0.00 419.22 60.79 139.47 0.0507
543.39 485.83 117.20 135.09 0.0503
245.99 447.98 130.78 147.78 0.0502
60.49 450.53 120.91 158.24 0.0500
100.46 413.76 126.35 109.55 0.0498
327.59 395.56 108.98 134.00 0.0494
578.31 519.38 117.75 142.39 0.0489
194.68 116.99 94.02 161.98 0.0486
824.56 402.06 153.63 110.77 0.0486
835.05 468.20 117.46 164.87 0.0482
745.54 468.33 140.25 122.82 0.0482
521.96 405.06 162.07 107.78 0.0475
820.70 61.84 98.29 131.31 0.0469
149.71 173.77 100.28 136.12 0.0466
396.63 216.88 112.18 123.83 0.0460
652.04 520.01 119.47 150.62 0.0460
99.67 466.62 125.11 179.63 0.0458
737.07 9.92 143.10 72.71 0.0453
292.14 495.82 105.94 171.58 0.0452
100.96 98.37 107.86 120.86 0.0450
51.14 191.56 86.89 172.11 0.0449
357.22 481.61 123.17 152.74 0.0440
0.00 403.94 32.33 122.56 0.0437
71.22 154.72 116.18 106.65 0.0435
26.58 556.21 67.27 171.98 0.0433
161.97 409.60 155.79 103.79 0.0433
732.68 441.61 103.08 120.65 0.0432
139.84 56.76 105.94 153.90 0.0431
758.50 50.82 109.22 182.92 0.0430
678.98 61.12 136.33 77.94 0.0426
60.29 40.15 81.22 175.87 0.0424
43.12 359.99 165.46 117.81 0.0423
439.88 126.72 101.38 163.46 0.0423
267.77 401.30 94.82 137.01 0.0420
246.92 85.86 115.01 157.45 0.0418
398.23 54.72 105.26 158.56 0.0415
213.41 507.01 111.64 159.62 0.0412
148.38 499.61 108.73 173.65 0.0412
385.56 146.95 117.07 126.06 0.0409
494.68 235.81 121.48 153.39 0.0407
421.25 253.17 124.42 132.47 0.0406
665.56 0.00 141.99 75.73 0.0404
789.37 510.41 120.41 149.90 0.0404
374.68 368.11 160.25 109.27 0.0401
0.00 478.30 62.04 152.49 0.0397
472.97 199.18 104.38 149.93 0.0396
332.64 527.74 107.12 143.86 0.0393
802.35 6.80 138.09 73.05 0.0382
360.08 49.45 181.11 69.96 0.0381
507.38 523.73 114.83 137.83 0.0378
37.24 7.27 149.21 71.66 0.0378
102.88 248.43 112.89 129.25 0.0377
72.98 51.86 177.22 65.32 0.0375
448.10 370.14 161.87 104.92 0.0374
211.69 58.58 110.81 151.52 0.0373
324.16 49.55 111.22 154.03 0.0373
363.57 240.23 117.56 152.09 0.0372
616.86 404.82 174.13 105.74 0.0368
0.00 1.08 107.82 76.30 0.0368
415.19 442.65 124.56 136.98 0.0368
507.24 61.00 109.41 153.87 0.0367
57.51 269.26 81.81 175.15 0.0367
480.65 46.43 171.79 72.66 0.0366
258.49 544.75 100.56 171.38 0.0366
174.68 213.31 111.73 124.66 0.0365
710.85 393.92 92.76 139.74 0.0363
300.90 345.75 94.38 153.00 0.0362
806.39 355.60 107.70 139.60 0.0362
467.49 88.56 116.49 159.32 0.0361
218.19 184.34 114.40 126.66 0.0361
105.89 4.07 146.87 72.04 0.0360
502.16 167.35 116.21 155.75 0.0360
618.80 550.49 100.54 140.08 0.0360
387.67 51.01 438.85 163.65 0.0357
435.56 65.79 116.12 131.02 0.0355
147.40 30.82 152.82 77.61 0.0354
190.93 44.56 405.93 159.43 0.0353
836.70 548.04 103.26 141.33 0.0353
223.16 47.81 168.25 71.92 0.0350
44.69 180.88 178.48 340.29 0.0349
364.58 5.15 144.01 72.76 0.0349
439.25 2.18 141.32 74.11 0.0348
695.07 545.86 111.99 171.98 0.0346
67.76 533.22 131.78 129.35 0.0345
178.80 4.62 144.07 70.98 0.0344
534.45 276.99 123.26 143.23 0.0344
0.89 367.17 63.46 119.89 0.0342
619.94 41.30 146.72 78.55 0.0341
467.33 275.48 116.56 163.50 0.0340
139.91 270.27 110.00 159.82 0.0339
216.44 269.53 111.08 162.68 0.0336
294.12 30.58 144.68 81.30 0.0335
776.57 548.85 106.89 175.99 0.0332
861.61 434.54 162.39 99.27 0.0331
249.96 4.24 150.27 71.81 0.0330
131.36 357.73 110.55 123.50 0.0330
30.88 11.88 85.13 141.03 0.0324
834.96 323.51 113.91 136.50 0.0322
749.66 0.00 274.34 142.07 0.0322
227.53 344.41 99.01 156.45 0.0322
587.94 0.00 139.89 76.74 0.0321
830.07 0.00 181.12 46.01 0.0321
276.08 106.21 139.60 108.71 0.0319
369.80 107.60 108.70 120.67 0.0318
767.07 410.22 120.54 111.89 0.0317
255.53 207.55 104.91 151.85 0.0317
358.81 307.96 111.14 146.34 0.0316
428.11 309.46 114.51 145.07 0.0315
53.43 30.88 109.55 94.05 0.0314
511.26 0.00 138.33 73.87 0.0313
125.12 14.51 103.08 131.02 0.0313
6.71 11.71 67.14 141.65 0.0311
779.42 281.95 122.71 128.45 0.0311
719.59 0.00 173.35 46.50 0.0311
325.91 195.95 116.86 164.11 0.0309
733.68 340.87 105.93 159.29 0.0306
394.41 514.19 113.18 158.77 0.0305
323.06 119.06 117.78 156.72 0.0304
580.16 293.17 178.60 109.41 0.0304
383.45 13.31 100.73 128.70 0.0302
651.44 58.35 95.77 107.38 0.0302
557.48 555.07 100.36 139.60 0.0301
468.94 482.42 114.57 139.93 0.0300
455.48 12.32 101.31 128.80 0.0300
860.27 0.00 111.96 95.47 0.0298
287.16 227.32 109.73 169.69 0.0289
357.29 180.45 111.58 110.97 0.0287
588.31 338.30 111.45 167.58 0.0287
443.21 504.91 106.49 164.58 0.0286
544.45 50.32 135.37 102.21 0.0282
738.35 292.90 109.77 137.14 0.0282
198.11 0.00 197.90 39.51 0.0281
276.93 584.09 142.40 102.98 0.0280
255.77 303.85 107.99 150.68 0.0279
327.23 278.72 114.47 140.71 0.0279
104.36 297.67 109.23 152.81 0.0277
512.25 579.83 109.60 178.28 0.0277
684.10 58.16 145.46 180.74 0.0276
650.45 348.28 118.44 140.75 0.0273
312.87 0.00 194.21 40.39 0.0271
502.55 300.04 122.54 169.46 0.0271
820.19 41.69 185.45 81.52 0.0268
475.07 554.72 104.13 143.90 0.0265
29.49 196.86 67.32 178.59 0.0265
948.43 0.00 75.57 83.01 0.0264
564.91 79.46 109.51 145.63 0.0260
143.03 0.00 221.00 164.77 0.0260
0.00 561.71 65.68 144.33 0.0260
806.29 690.65 165.05 74.35 0.0259
582.71 571.17 103.98 179.68 0.0259
554.88 0.00 321.72 142.02 0.0259
649.63 36.39 374.37 180.01 0.0258
796.34 255.35 169.67 108.64 0.0257
283.76 164.16 116.32 154.86 0.0254
771.65 126.96 188.68 121.57 0.0254
