37_Soccer_soccer_ball_37_832
46
415.32 56.56 62.76 78.84 0.581462
569.05 180.38 34.46 39.85 0.276416
520.77 108.80 52.88 66.29 0.213657
407.29 87.16 66.96 108.15 0.167179
593.47 222.94 53.64 74.50 0.142658
505.31 155.34 41.80 61.41 0.118536
607.01 205.44 38.30 64.46 0.117744
543.46 467.43 55.65 78.93 0.117308
441.48 104.37 62.92 104.91 0.113618
559.50 201.92 70.16 110.37 0.102097
407.54 144.34 51.79 72.48 0.101234
492.66 208.14 56.86 93.08 0.100690
374.35 228.25 53.24 70.88 0.095034
527.98 448.57 41.67 46.96 0.094771
378.91 152.42 67.58 83.53 0.092360
472.74 152.80 47.92 64.31 0.088333
291.03 516.70 29.03 38.92 0.087711
517.69 483.88 73.42 88.45 0.086278
807.37 420.48 37.29 52.57 0.084514
320.71 477.00 53.06 67.10 0.082761
831.43 627.26 44.29 66.75 0.080671
801.17 567.82 20.11 22.82 0.078479
605.25 182.10 29.46 33.94 0.075075
647.54 206.45 37.65 61.69 0.071489
617.27 201.28 66.77 87.43 0.069938
342.02 353.46 22.69 28.44 0.069012
338.80 375.57 25.23 36.02 0.067607
296.05 480.35 44.30 55.99 0.067139
467.37 183.66 67.60 103.47 0.066982
402.32 159.89 74.27 114.64 0.064490
322.35 414.85 46.74 58.43 0.062908
609.94 145.08 24.11 30.78 0.061390
555.14 273.43 46.73 73.47 0.061098
294.90 423.42 34.81 40.29 0.060125
523.40 409.75 48.26 72.12 0.059855
834.77 593.63 36.14 52.51 0.058009
296.77 437.53 44.13 57.71 0.056826
800.72 376.07 61.85 77.80 0.053580
542.95 402.10 59.13 86.01 0.052793
581.08 250.30 60.75 98.53 0.052688
333.07 202.75 35.87 50.67 0.052670
417.25 6.04 63.57 99.62 0.052327
333.85 227.12 36.50 51.56 0.052274
522.20 378.24 52.60 67.91 0.051074
314.19 432.96 51.69 75.60 0.050994
462.56 335.07 39.75 55.31 0.050145
