37_Soccer_Soccer_37_415
121
632.09 247.21 50.79 66.78 0.581816
823.51 255.46 52.26 69.78 0.499403
906.04 248.92 51.47 63.62 0.341861
4.32 319.58 43.27 87.36 0.283916
499.60 27.87 80.31 72.33 0.260834
135.53 98.84 60.03 65.92 0.224293
141.54 256.96 36.36 61.29 0.207403
50.27 295.06 42.13 83.06 0.183934
260.88 192.36 51.23 84.07 0.173883
133.73 127.25 61.73 80.89 0.169678
66.43 239.85 33.31 41.07 0.164226
190.16 429.54 53.82 73.76 0.162177
177.46 225.14 44.56 75.40 0.161648
131.91 278.84 44.69 79.54 0.147608
99.24 283.39 42.51 75.38 0.144847
424.50 41.09 44.15 48.65 0.142721
153.83 246.01 35.24 50.49 0.137383
78.01 224.56 42.77 65.49 0.134867
425.67 69.54 37.55 39.78 0.132605
463.84 337.96 113.64 146.27 0.132034
140.94 81.52 44.86 54.32 0.130524
244.91 262.61 38.69 70.98 0.129736
336.17 532.04 22.09 25.06 0.128633
61.39 258.36 35.99 76.54 0.122333
198.29 327.32 51.13 71.86 0.112793
276.62 521.60 37.79 33.53 0.111516
416.86 161.06 91.53 121.86 0.109130
891.89 199.61 77.18 117.83 0.107088
556.29 380.51 110.20 177.84 0.106817
577.41 396.00 64.37 109.61 0.105599
838.06 211.46 55.48 119.30 0.105260
129.68 669.87 65.66 82.98 0.105180
478.92 10.21 86.10 66.49 0.104939
535.87 343.49 286.38 332.76 0.103988
756.13 6.60 37.99 30.40 0.100499
380.14 78.66 46.01 48.95 0.099261
523.26 220.94 59.15 76.83 0.098541
107.99 140.00 52.73 65.92 0.097953
217.36 296.63 59.83 100.75 0.097664
343.73 97.25 25.72 32.96 0.094047
216.49 478.16 59.15 56.89 0.093875
238.15 518.38 37.60 32.66 0.093500
176.55 391.05 93.14 133.54 0.092835
490.91 373.71 68.95 95.17 0.091663
188.04 265.13 53.60 111.25 0.091375
385.79 40.05 54.16 46.37 0.090989
364.67 182.13 43.62 74.42 0.090958
504.83 58.29 62.66 74.65 0.090105
37.02 103.52 39.37 44.45 0.089825
343.80 82.63 27.91 34.62 0.089183
45.35 339.51 52.45 93.07 0.088993
225.90 125.93 38.80 58.17 0.088450
415.65 87.34 73.04 58.31 0.086989
55.40 393.60 48.82 60.58 0.086221
260.00 267.57 95.58 150.48 0.085099
6.37 275.68 37.87 80.92 0.084021
501.77 368.05 124.32 131.56 0.083831
945.37 79.47 31.50 32.67 0.083610
335.08 558.01 25.85 29.76 0.082065
990.00 71.95 30.91 41.04 0.081313
990.22 87.14 29.69 49.60 0.080444
433.21 129.85 104.01 104.22 0.080196
101.63 76.24 70.23 75.16 0.080142
385.16 565.90 16.51 21.04 0.079340
656.57 40.99 80.00 79.26 0.078560
789.20 5.72 39.40 31.58 0.077344
140.44 635.21 36.89 55.64 0.076527
917.10 628.18 68.43 69.72 0.076203
946.85 96.27 29.79 34.63 0.075708
690.85 64.55 63.52 50.24 0.073043
235.41 105.25 32.91 49.05 0.072041
235.51 218.43 96.26 164.20 0.070135
198.70 520.22 44.33 37.13 0.070095
465.65 146.22 106.85 140.52 0.069884
745.12 16.21 49.26 62.26 0.069601
273.90 166.89 182.89 261.60 0.069510
929.07 604.93 43.34 48.11 0.067854
755.20 357.22 81.75 141.96 0.067239
261.91 492.94 59.16 56.75 0.067216
26.70 71.06 48.19 63.74 0.067077
910.90 159.70 79.04 120.93 0.066463
666.96 210.53 72.52 101.19 0.066353
990.51 270.52 33.49 51.80 0.065771
91.97 413.83 35.53 46.39 0.064900
140.83 178.41 56.35 97.20 0.064569
381.77 203.50 115.88 155.12 0.062900
610.71 65.85 52.71 47.96 0.062593
153.24 514.18 32.01 40.64 0.061844
40.98 35.54 36.98 54.70 0.061415
151.72 76.42 70.22 78.93 0.061386
199.84 557.61 46.52 38.34 0.061073
532.96 249.10 112.88 155.10 0.060959
797.33 69.76 35.13 40.33 0.060724
743.63 56.16 54.84 57.84 0.060458
223.19 554.46 54.76 44.23 0.060430
710.38 4.64 37.92 22.58 0.059728
609.69 37.33 50.41 53.97 0.059251
810.90 267.03 71.33 131.81 0.058649
993.25 36.67 29.96 39.43 0.057636
849.35 78.27 25.55 29.88 0.057141
778.76 395.82 47.19 68.87 0.056869
8.63 83.07 53.15 64.38 0.056467
547.07 243.14 58.88 90.92 0.056430
787.49 369.27 123.41 159.74 0.056421
743.34 227.94 56.87 109.88 0.055604
508.84 206.16 89.00 128.31 0.055601
988.50 126.92 34.96 72.19 0.055562
377.73 533.66 27.03 32.01 0.054985
426.84 9.99 41.99 39.62 0.054706
749.76 313.28 70.40 104.38 0.054317
321.17 494.29 49.48 49.63 0.054079
898.78 79.52 22.57 26.49 0.053527
150.27 470.83 63.91 73.97 0.053471
833.48 404.80 51.72 67.04 0.052927
99.59 29.46 48.74 58.82 0.052434
146.82 543.80 30.66 44.45 0.052249
645.87 325.03 316.44 384.10 0.052155
989.94 302.57 31.73 52.17 0.052123
849.89 101.09 28.34 40.02 0.051807
850.23 385.32 144.68 133.52 0.051353
690.54 245.73 55.88 82.62 0.050343
