0_Parade_Parade_0_901
74
746.20 396.25 231.62 328.38 0.252409
66.92 432.65 172.42 284.81 0.224245
551.13 257.23 41.55 54.10 0.199595
615.58 254.45 36.65 50.84 0.190654
440.64 412.16 450.72 428.14 0.186455
551.79 220.23 40.28 50.11 0.184197
477.89 226.26 25.32 33.96 0.171980
520.01 215.67 38.17 47.47 0.169987
612.99 228.77 27.86 40.49 0.165088
742.85 214.45 37.26 48.16 0.163340
472.58 268.05 28.89 39.14 0.159297
416.90 271.55 44.21 48.76 0.150580
522.13 257.42 42.17 51.19 0.150014
225.83 574.55 285.73 326.33 0.146587
425.98 222.29 28.09 32.72 0.146185
133.10 435.46 266.25 304.30 0.139641
701.48 264.00 32.74 40.25 0.138685
594.89 413.82 248.97 253.42 0.135266
654.45 266.67 32.35 41.38 0.133395
715.10 482.72 148.08 218.54 0.130673
711.57 225.00 27.64 37.34 0.127526
382.78 214.47 34.55 44.03 0.125035
746.59 256.41 42.92 49.11 0.116138
359.09 706.15 202.24 200.25 0.113297
376.32 254.40 51.53 56.24 0.103358
265.67 215.03 51.47 54.58 0.097521
486.32 51.79 122.83 130.98 0.097132
658.56 230.11 27.31 33.28 0.093895
558.99 310.11 32.97 43.64 0.093792
418.53 306.24 45.13 52.20 0.092932
25.06 476.46 138.22 201.76 0.092915
493.24 156.97 83.77 94.92 0.092890
731.17 172.13 54.30 63.17 0.091647
236.85 209.75 51.61 51.17 0.091115
326.30 249.28 51.45 56.15 0.091073
474.35 315.78 28.28 40.35 0.087839
523.89 317.22 28.12 35.43 0.087148
784.14 215.04 44.90 56.76 0.087098
322.57 223.25 43.55 52.19 0.086978
843.13 219.70 31.41 49.72 0.079085
416.04 171.56 54.95 66.58 0.078972
646.92 417.56 135.73 174.53 0.077543
465.22 441.67 220.38 204.25 0.076785
437.17 756.91 243.69 193.02 0.076530
892.96 221.84 26.81 42.56 0.075252
616.33 317.61 39.11 41.10 0.075061
602.87 160.09 45.07 62.71 0.071957
461.58 162.55 68.23 75.36 0.070487
435.63 98.81 142.21 121.87 0.070376
317.59 498.69 292.51 298.77 0.067649
271.50 496.36 544.94 513.97 0.066518
704.97 166.20 55.22 64.44 0.065179
493.43 586.95 442.61 365.41 0.063265
779.35 245.95 47.55 61.49 0.062019
485.16 467.30 145.18 123.76 0.060958
586.93 103.10 66.87 93.72 0.059492
452.90 813.01 119.30 105.60 0.058696
416.40 51.42 77.53 86.21 0.058601
228.02 169.90 72.02 79.02 0.058468
769.04 150.09 74.40 116.70 0.058378
377.20 176.27 52.98 65.14 0.058141
28.27 326.00 285.68 347.16 0.056617
409.97 97.13 82.42 76.81 0.054536
260.91 171.87 71.37 74.24 0.053727
606.68 376.59 44.10 49.52 0.053064
194.72 205.65 50.85 56.93 0.052836
170.78 91.41 119.13 98.27 0.052719
456.69 12.19 106.84 125.56 0.052020
832.17 247.29 47.80 61.84 0.051858
657.87 320.39 38.56 39.46 0.051249
726.77 298.74 56.71 58.21 0.051165
700.10 323.39 34.94 32.04 0.050962
554.63 396.77 117.53 124.36 0.050531
722.80 108.99 74.39 106.29 0.050146
