0_Parade_Parade_0_461
144
93.01 225.70 59.11 75.01 0.499749
198.49 3.57 49.62 54.08 0.316256
26.98 521.78 122.74 122.22 0.298987
439.47 42.63 65.06 104.14 0.293713
55.40 147.48 22.78 30.80 0.281701
31.35 524.31 154.29 230.45 0.278686
432.40 124.67 52.73 87.44 0.264676
418.08 96.06 86.78 151.79 0.250847
269.25 70.68 51.24 43.57 0.246981
769.29 667.82 100.60 99.29 0.246946
499.94 155.98 107.07 168.43 0.233405
149.86 153.44 42.02 52.63 0.230621
7.86 192.33 30.97 50.80 0.225435
11.63 175.31 27.93 43.77 0.224926
64.18 70.74 26.76 32.47 0.224514
184.80 142.06 34.35 40.51 0.216771
547.55 466.69 51.33 71.19 0.205889
47.34 159.55 34.24 48.76 0.204108
238.60 75.03 55.62 56.12 0.200654
327.15 143.40 37.30 42.26 0.199558
564.21 46.41 34.26 54.36 0.195640
8.48 140.48 25.81 34.69 0.193866
107.69 4.41 28.04 33.61 0.188745
280.53 434.18 167.01 211.04 0.187671
109.49 146.91 19.30 29.22 0.186174
150.42 109.81 24.56 35.09 0.185852
242.99 142.64 28.00 33.76 0.180048
432.76 35.37 47.43 57.91 0.179644
338.97 30.71 28.84 36.84 0.175869
330.04 161.27 35.96 41.66 0.174364
0.00 233.28 32.15 62.42 0.171885
8.17 108.10 23.38 34.09 0.170119
8.68 69.31 23.73 34.82 0.170041
552.01 659.84 58.48 78.27 0.169912
106.15 173.07 29.73 44.11 0.168286
13.38 0.00 28.49 28.77 0.163383
55.07 0.00 27.47 24.52 0.162682
503.93 29.39 52.43 86.14 0.158803
151.10 75.72 22.29 29.03 0.157075
327.28 213.35 38.54 48.90 0.155843
59.50 100.27 25.10 35.74 0.155348
866.52 76.04 118.33 135.21 0.153607
379.15 198.77 55.23 73.00 0.153287
374.60 140.02 40.33 50.73 0.147454
238.47 164.12 27.20 33.88 0.146227
181.86 156.83 39.73 44.99 0.145702
501.28 132.23 60.18 95.26 0.144327
386.56 236.87 49.27 65.12 0.143963
691.61 661.52 41.32 52.89 0.140615
336.74 8.11 28.52 36.88 0.138724
198.72 74.58 26.25 29.45 0.137545
275.53 42.85 46.58 43.38 0.135711
289.74 168.38 32.07 35.01 0.135056
377.32 158.76 44.03 64.52 0.131482
106.49 27.53 25.95 35.53 0.130354
655.82 648.39 58.32 69.31 0.128953
147.81 0.00 37.93 33.25 0.127627
109.86 205.66 68.27 80.41 0.127359
288.02 142.95 34.45 37.20 0.127072
330.21 104.34 38.38 42.01 0.126608
56.02 199.81 37.97 58.22 0.125988
845.54 666.68 102.06 96.85 0.125807
8.10 584.16 95.31 154.50 0.125405
6.30 31.47 30.44 45.32 0.125234
103.99 72.12 21.06 31.50 0.121560
488.21 258.05 128.56 144.32 0.121070
282.92 0.00 37.44 33.72 0.114840
60.14 41.81 27.87 37.92 0.114549
502.00 84.84 52.03 73.90 0.112675
467.37 0.00 40.11 39.86 0.111768
107.35 102.99 22.90 36.69 0.111030
188.69 102.74 36.63 48.12 0.110478
2.99 701.66 48.29 66.34 0.109207
151.06 32.65 39.63 48.70 0.107978
541.17 143.71 57.45 81.30 0.106707
612.76 40.92 45.34 64.84 0.106483
501.64 534.30 53.71 68.16 0.106409
323.42 56.97 46.15 56.00 0.103588
464.77 194.84 63.56 113.68 0.102077
404.49 216.98 55.46 88.16 0.101820
701.25 728.43 42.98 39.57 0.099654
213.66 454.65 148.94 182.20 0.098302
422.46 417.79 75.67 77.55 0.096894
915.68 670.59 76.76 76.51 0.096509
575.49 653.98 64.51 76.66 0.094798
360.37 301.65 121.80 110.58 0.094541
501.18 494.21 68.35 73.56 0.094103
63.11 239.96 69.25 63.50 0.093116
510.07 2.37 48.14 42.36 0.091337
603.39 561.71 69.95 65.66 0.091253
186.94 200.49 37.29 48.68 0.090865
496.05 596.54 59.93 86.09 0.090806
422.35 5.35 37.99 40.05 0.090375
655.12 527.95 43.00 39.14 0.090043
517.51 630.03 62.76 83.57 0.089296
643.28 53.94 39.89 52.63 0.085797
878.71 351.93 145.29 158.82 0.085315
636.15 586.05 61.37 49.23 0.085038
657.98 554.95 32.69 32.50 0.084726
832.01 0.00 42.60 41.34 0.084160
291.00 240.39 34.54 34.23 0.084103
468.66 231.31 107.85 116.43 0.083814
372.21 275.98 86.03 95.57 0.082242
927.05 143.03 73.54 98.27 0.082216
374.97 4.50 32.28 28.11 0.081907
171.17 247.65 51.81 47.59 0.080723
371.62 97.00 48.17 68.97 0.080638
286.07 200.18 38.72 52.29 0.079324
395.67 447.32 89.79 105.72 0.078921
244.43 244.94 31.88 31.63 0.078637
558.95 101.99 32.33 45.48 0.078371
493.87 437.58 84.76 75.23 0.077701
373.64 53.36 50.17 68.85 0.076330
372.19 37.83 34.01 39.07 0.076039
496.05 562.66 52.21 68.33 0.075510
243.37 209.24 37.32 46.86 0.074981
654.57 736.76 42.70 31.24 0.074814
833.66 65.16 78.67 145.19 0.074195
545.69 145.97 106.33 148.23 0.072507
879.40 0.00 40.78 34.21 0.070673
315.62 339.70 68.41 72.04 0.070365
205.79 379.76 202.77 169.12 0.070227
585.08 143.18 54.58 73.67 0.069120
562.28 6.33 39.95 41.55 0.068985
478.72 606.92 52.43 62.84 0.068536
708.77 65.32 21.75 35.00 0.068057
276.67 346.51 76.23 97.05 0.067566
401.70 323.01 125.64 142.35 0.064725
362.52 504.46 89.74 148.81 0.063902
773.98 625.28 83.11 89.03 0.059408
305.40 543.34 58.77 85.36 0.057265
79.62 244.98 80.56 100.36 0.055904
456.08 484.45 85.03 132.48 0.055029
633.86 162.36 58.24 101.70 0.054901
557.33 582.48 59.60 61.03 0.054350
559.13 550.12 45.54 41.28 0.054287
597.77 553.76 56.15 45.79 0.053896
70.67 669.02 74.64 98.98 0.053617
442.79 443.43 78.87 82.02 0.053427
744.88 615.46 70.09 85.71 0.053146
746.68 596.43 58.52 33.53 0.052842
566.76 190.31 198.27 225.95 0.051604
603.72 7.75 49.38 63.89 0.051385
688.84 167.59 68.77 138.37 0.050512
