0_Parade_marchingband_1_490
184
524.59 345.45 18.70 33.13 0.309032
190.79 223.59 28.30 37.64 0.303845
475.12 233.98 20.85 27.71 0.296370
566.80 227.88 24.29 31.11 0.295088
669.21 456.97 19.70 30.60 0.285747
665.27 265.42 20.01 27.40 0.279316
336.14 231.20 19.28 25.36 0.273601
526.33 270.76 16.97 25.78 0.271245
894.53 340.89 23.54 34.45 0.267189
620.36 228.70 20.42 26.78 0.262254
619.19 376.86 16.79 25.35 0.258028
385.03 232.15 18.51 23.30 0.255612
577.11 376.38 16.89 26.64 0.255506
477.38 262.67 17.79 24.67 0.252036
525.49 365.21 19.11 32.69 0.251494
386.05 344.06 20.08 27.59 0.249115
292.59 269.04 18.00 25.08 0.248176
660.40 228.75 21.16 32.74 0.245780
712.56 226.58 21.79 33.97 0.244429
616.64 299.96 18.79 26.96 0.238821
801.28 259.85 23.40 30.37 0.237465
752.00 226.03 23.43 32.05 0.236218
248.83 228.26 17.41 27.49 0.235325
577.44 341.48 19.94 27.43 0.232978
666.24 375.04 17.59 25.74 0.231623
428.47 230.74 19.83 24.57 0.230079
715.18 337.96 22.71 30.51 0.228969
670.04 301.83 18.17 25.54 0.226133
757.29 342.25 19.52 27.24 0.223979
712.68 263.76 17.67 24.60 0.223397
479.68 306.72 18.04 24.34 0.221393
150.27 295.24 23.45 36.50 0.220545
433.89 343.88 18.97 26.91 0.219139
799.85 235.54 22.47 28.68 0.217984
566.69 259.73 22.85 30.57 0.217735
668.45 342.35 16.43 26.76 0.216153
619.67 267.59 18.62 26.32 0.214157
525.94 299.18 16.58 25.29 0.213880
290.01 299.09 18.34 27.53 0.213154
757.13 265.31 19.38 26.39 0.211699
848.04 339.06 19.24 27.82 0.207851
477.80 341.31 18.13 26.13 0.207615
341.13 340.17 20.14 29.29 0.206517
204.89 308.45 24.87 30.84 0.206163
288.08 340.98 21.57 32.42 0.205070
432.85 303.24 17.65 24.08 0.204248
942.11 340.78 20.46 29.49 0.203938
711.43 305.14 21.40 29.48 0.202177
712.53 377.16 17.66 25.99 0.202173
343.54 305.79 19.19 25.61 0.201364
896.39 305.26 21.43 30.77 0.201271
804.59 341.50 20.12 28.37 0.201256
848.65 265.44 19.32 28.65 0.199574
434.21 373.02 18.50 30.15 0.198938
340.82 373.50 18.77 30.36 0.198639
387.66 266.20 17.94 21.88 0.198278
245.23 262.80 17.48 25.77 0.196620
667.12 473.26 23.07 44.67 0.196557
617.52 341.23 19.00 27.50 0.195123
430.69 267.74 20.09 26.15 0.194214
847.34 304.70 20.33 28.97 0.193167
98.96 297.54 25.18 38.84 0.191625
387.21 371.24 20.07 30.30 0.188688
522.76 228.56 19.42 23.80 0.188220
106.27 375.66 20.93 32.20 0.187992
761.54 377.63 15.78 21.87 0.187162
338.74 264.54 18.36 24.72 0.181423
292.90 232.35 16.88 23.12 0.181321
804.73 376.60 16.92 23.90 0.177723
289.44 454.58 18.29 29.36 0.176392
385.38 304.88 18.71 24.51 0.173312
757.54 301.76 20.66 27.91 0.172139
609.84 450.88 21.70 30.82 0.170317
239.24 303.69 25.51 34.14 0.168365
991.71 378.25 17.95 24.40 0.168184
293.26 372.29 17.50 28.40 0.167533
805.83 302.32 21.68 27.98 0.167478
570.61 198.87 22.90 26.03 0.165313
573.74 303.95 18.76 26.72 0.164032
204.64 327.56 22.30 34.31 0.163249
898.08 370.81 17.63 25.30 0.162680
851.47 378.69 15.98 23.23 0.160232
245.24 330.96 18.11 30.11 0.158706
418.14 449.41 28.29 40.64 0.157209
153.66 381.84 17.66 26.13 0.156720
105.66 402.03 23.54 34.53 0.153172
201.11 255.54 20.39 32.10 0.152101
477.21 375.81 17.52 27.89 0.152035
850.90 236.59 15.99 24.06 0.151879
204.06 382.28 15.13 21.99 0.150151
753.97 198.69 20.45 31.24 0.150023
529.54 412.27 23.88 36.58 0.148238
668.63 196.84 14.66 26.66 0.146833
387.99 199.73 15.24 24.79 0.146782
482.87 194.39 18.79 24.13 0.145487
197.41 448.98 23.93 37.34 0.145389
525.81 195.62 21.55 27.44 0.145025
712.77 198.11 18.06 32.89 0.144945
103.41 333.49 26.05 39.71 0.144590
244.72 385.92 17.75 24.56 0.144469
435.71 199.42 14.36 23.35 0.143991
151.38 335.37 19.85 28.68 0.142025
895.15 272.59 17.52 24.83 0.141169
59.71 415.82 20.32 24.92 0.138481
341.91 200.93 13.30 24.33 0.137158
947.45 375.61 17.15 23.56 0.134572
429.75 411.21 19.50 33.32 0.133524
528.79 442.76 23.82 39.26 0.131812
612.51 406.08 22.47 39.66 0.131385
240.32 400.22 22.21 37.30 0.130567
192.29 198.60 32.09 45.67 0.130025
664.34 414.02 21.78 36.86 0.127638
159.55 226.69 24.12 27.25 0.127437
618.32 200.00 17.63 26.30 0.126793
58.74 337.90 25.16 34.52 0.126709
665.64 512.28 31.12 49.34 0.126062
151.62 267.48 22.77 39.37 0.124232
344.55 449.30 23.18 36.09 0.121929
102.05 271.15 21.94 35.17 0.121161
151.52 404.36 20.73 33.90 0.120343
479.00 406.98 19.95 33.49 0.118606
571.00 403.36 22.40 35.29 0.118251
292.07 195.87 16.96 26.43 0.118091
60.22 376.57 17.06 25.22 0.116836
988.68 409.68 21.22 28.36 0.114767
248.90 199.10 18.40 31.04 0.113888
894.96 452.65 23.61 28.84 0.113626
291.81 416.93 18.80 31.32 0.111685
478.13 452.85 31.30 48.14 0.110614
338.58 402.95 27.38 44.91 0.108732
710.32 409.05 22.44 29.84 0.105622
990.17 345.84 19.96 32.21 0.104993
196.13 462.76 27.14 46.24 0.103581
936.59 311.43 22.87 31.03 0.102698
282.22 465.82 28.23 53.11 0.100833
195.34 404.36 25.50 43.92 0.099882
387.27 406.40 21.50 36.42 0.098857
15.11 377.18 17.76 26.15 0.098755
13.66 417.98 19.56 25.40 0.093519
945.02 414.68 22.22 27.27 0.093217
804.74 197.08 17.61 28.19 0.092438
58.63 444.17 21.75 31.06 0.092425
947.36 451.96 19.98 24.34 0.091376
847.62 402.71 22.98 34.98 0.089138
851.46 450.85 21.21 30.37 0.089074
245.10 453.05 17.50 26.17 0.088932
152.95 447.42 19.48 33.95 0.088671
800.10 406.67 23.03 32.49 0.088400
802.34 450.39 20.38 28.66 0.086443
105.35 441.46 24.77 39.92 0.085385
758.04 410.96 23.46 31.76 0.083054
750.88 450.54 24.57 32.48 0.081754
407.32 467.30 39.20 56.88 0.080960
894.65 409.74 26.10 35.88 0.080293
608.48 461.38 24.26 46.53 0.079438
716.67 453.49 22.63 27.31 0.078085
59.34 291.40 39.80 56.90 0.073542
9.28 328.29 29.32 48.04 0.073326
388.33 447.19 31.74 39.69 0.072093
991.07 451.52 18.03 24.15 0.071510
60.46 480.01 17.66 31.65 0.070383
56.00 264.21 27.92 38.79 0.070306
5.54 479.91 40.19 45.30 0.068996
523.15 159.03 31.42 30.83 0.066856
571.64 447.60 21.17 32.88 0.066050
991.97 306.83 19.32 31.70 0.065677
10.13 449.47 28.13 31.90 0.064748
9.78 217.42 48.02 52.76 0.063716
562.96 158.19 31.61 30.30 0.062175
895.24 231.48 22.15 28.95 0.060620
151.04 466.20 21.31 42.44 0.058914
279.79 502.12 33.61 49.69 0.058549
481.90 159.98 31.10 30.47 0.057037
287.03 629.98 66.70 44.74 0.057032
713.81 472.54 31.02 40.00 0.055787
388.27 477.38 47.88 58.30 0.053085
340.36 464.71 31.87 47.38 0.053084
888.84 465.73 32.18 42.18 0.052654
475.23 639.13 38.70 25.54 0.052557
740.19 472.50 32.49 38.03 0.052398
525.15 464.36 36.23 58.53 0.051953
102.82 469.02 22.03 39.30 0.051494
172.74 3.28 74.75 106.70 0.051289
234.41 629.33 67.98 43.35 0.050030
