0_Parade_marchingband_1_309
244
502.20 72.24 44.17 46.58 0.362089
974.88 79.67 38.40 34.73 0.339735
803.99 66.09 21.58 18.82 0.336585
571.64 40.85 23.76 25.41 0.322160
288.94 90.71 22.76 21.41 0.312859
943.55 68.25 28.49 28.16 0.305987
755.24 69.18 22.26 19.16 0.301798
602.20 55.78 35.04 32.68 0.300754
106.19 110.14 33.63 29.86 0.298013
44.77 76.46 33.93 31.85 0.297922
807.91 113.47 28.90 26.44 0.295955
888.00 87.88 30.30 26.48 0.294221
59.96 23.79 21.53 22.49 0.294040
944.45 80.53 33.95 32.97 0.293082
896.85 35.19 27.90 28.76 0.285801
714.49 41.34 24.45 24.64 0.285743
248.28 64.93 24.52 22.15 0.285196
386.05 87.41 28.19 24.98 0.280579
853.78 40.46 25.10 26.62 0.277870
612.18 47.87 28.24 27.39 0.277678
475.07 59.33 42.40 44.25 0.276090
664.89 65.71 28.75 26.30 0.272719
195.56 65.01 25.52 25.61 0.269375
424.03 92.11 26.72 23.91 0.267750
42.80 41.25 38.53 39.36 0.261315
661.14 49.61 21.15 20.95 0.259292
804.49 50.42 21.51 23.09 0.257893
0.52 8.01 34.03 34.31 0.256103
667.12 83.44 24.54 23.28 0.253951
243.82 89.69 26.97 24.48 0.253936
200.01 85.80 26.49 26.55 0.251409
477.88 48.26 33.39 29.21 0.247316
990.13 146.75 31.82 35.05 0.245948
379.96 42.13 30.04 28.06 0.244868
602.97 86.53 34.92 32.86 0.243308
242.21 21.00 25.22 22.36 0.241560
888.02 107.34 29.99 29.69 0.241088
507.96 45.50 35.99 32.50 0.240859
377.70 65.86 29.89 27.46 0.239338
379.14 109.75 29.43 27.96 0.238662
150.80 84.14 25.89 24.12 0.237559
751.80 87.50 24.98 22.32 0.233451
111.21 59.28 28.46 29.24 0.233242
618.39 107.13 26.13 23.88 0.232838
760.08 47.16 21.09 19.80 0.231793
565.62 107.25 29.43 25.85 0.230358
286.71 109.46 25.70 24.92 0.230091
245.34 108.91 25.16 23.20 0.228615
715.38 89.01 28.58 23.27 0.227690
886.59 129.57 30.81 30.10 0.227531
569.24 88.78 31.86 28.29 0.221830
422.60 47.25 28.02 26.55 0.221456
712.67 66.65 24.58 22.28 0.220798
337.65 65.22 21.78 24.11 0.219614
942.18 41.79 25.97 27.12 0.219337
853.77 30.98 21.30 23.72 0.218487
891.26 63.66 29.60 28.78 0.217260
13.23 67.85 32.38 29.84 0.217198
980.95 96.91 34.12 31.73 0.216150
192.46 45.42 26.86 27.81 0.215027
341.41 110.31 24.44 23.81 0.214985
239.56 4.30 27.81 22.95 0.214834
576.39 4.02 22.41 17.13 0.214211
985.19 16.88 34.97 34.23 0.213973
933.77 150.71 33.97 30.47 0.213742
987.32 38.99 26.68 27.45 0.212656
336.16 88.54 23.44 23.56 0.207854
851.61 61.07 24.09 24.42 0.205211
198.10 110.69 26.39 27.67 0.204247
753.17 111.04 24.37 22.54 0.203666
987.57 311.71 28.31 24.24 0.203252
11.05 129.14 29.60 25.77 0.202504
421.59 104.39 31.10 31.23 0.202115
291.59 66.04 24.47 25.89 0.201785
195.19 128.74 26.62 24.74 0.199512
106.89 89.52 28.76 28.24 0.198914
570.27 19.81 31.07 33.40 0.197365
849.32 89.67 21.71 21.51 0.197029
297.79 47.20 23.77 20.17 0.195039
146.52 71.03 26.32 25.39 0.193614
804.46 87.94 22.91 24.42 0.191953
429.11 60.15 25.14 26.54 0.191881
940.94 104.87 30.65 27.05 0.189687
939.67 133.39 30.63 26.20 0.186325
890.36 144.99 33.47 33.56 0.183411
150.06 22.41 23.62 22.52 0.181740
243.85 44.60 24.99 24.74 0.181075
842.23 110.16 26.83 25.33 0.179652
424.29 128.54 25.33 22.19 0.179509
711.97 29.80 21.95 22.22 0.176250
197.43 23.68 22.38 21.61 0.175440
714.45 108.41 24.92 21.95 0.175240
335.64 47.26 20.65 21.57 0.175100
662.79 4.63 18.88 17.16 0.172600
850.44 153.67 25.63 24.43 0.170883
474.73 24.89 23.99 22.76 0.170033
761.16 25.35 16.80 16.29 0.169976
938.67 25.59 26.97 30.23 0.169320
8.91 42.56 34.90 37.78 0.168836
571.30 59.18 31.49 34.13 0.167754
479.52 96.93 32.17 30.81 0.167685
334.52 314.52 20.63 18.73 0.166964
105.65 0.00 25.48 20.31 0.164569
848.32 131.46 29.92 29.38 0.162620
743.49 131.47 35.26 33.61 0.161169
383.45 3.99 22.68 17.25 0.157416
749.90 152.30 28.66 24.46 0.156258
107.71 20.59 22.33 22.79 0.153826
378.62 25.02 29.40 26.30 0.153326
383.08 121.14 27.62 28.13 0.151959
140.36 128.04 36.83 35.23 0.151168
988.75 0.76 26.11 28.71 0.150665
149.72 111.13 26.18 24.88 0.150415
55.44 135.62 27.22 24.54 0.150167
58.15 0.23 23.45 21.25 0.146749
469.49 147.38 29.99 31.46 0.146321
477.42 134.69 26.97 28.86 0.146211
336.60 125.59 29.47 28.79 0.145192
133.99 160.98 44.23 37.38 0.142825
293.57 122.12 24.11 28.13 0.142267
250.50 317.43 24.33 15.62 0.141836
342.21 3.40 22.05 15.89 0.141370
664.10 108.34 22.21 22.07 0.140333
617.96 4.94 18.51 16.28 0.139460
291.71 3.09 19.15 14.90 0.139423
565.51 125.70 33.60 36.84 0.139176
518.29 131.34 31.44 32.84 0.138849
239.48 128.22 26.51 24.60 0.138827
566.10 153.44 34.79 33.56 0.138689
938.00 312.32 27.40 20.81 0.137481
151.05 4.22 18.50 16.08 0.136804
102.22 153.15 38.66 35.98 0.136195
617.90 130.21 25.55 28.40 0.136074
894.53 313.62 24.00 20.62 0.133853
544.33 211.26 67.10 68.29 0.133730
619.00 23.09 23.20 21.14 0.133713
202.31 4.62 22.00 18.24 0.133044
341.32 23.71 19.06 19.87 0.131527
51.08 178.59 38.91 31.56 0.131109
899.92 297.19 18.65 18.60 0.130806
296.55 25.35 20.88 20.15 0.130610
988.40 296.44 24.47 24.23 0.130533
662.07 23.53 18.71 17.71 0.128783
425.29 22.12 28.04 26.40 0.128019
660.72 153.40 24.92 25.01 0.124852
759.49 4.67 17.68 19.57 0.123158
148.49 40.81 24.16 27.97 0.121541
477.83 4.99 19.31 18.11 0.121359
7.01 117.21 29.27 29.49 0.121020
523.97 145.24 26.76 28.90 0.120879
53.44 106.83 29.81 24.01 0.120851
886.62 169.28 41.02 35.55 0.118618
517.06 26.37 28.42 29.67 0.118327
431.38 4.32 20.52 18.65 0.117755
810.30 29.42 13.55 14.22 0.117558
615.18 149.27 25.87 25.12 0.114143
945.44 296.15 21.21 21.14 0.112268
799.99 296.87 21.53 19.20 0.111787
50.38 151.20 32.23 28.20 0.110545
480.60 302.63 45.81 37.85 0.110066
806.04 157.01 24.60 21.82 0.108290
660.27 132.23 31.33 35.70 0.108179
102.77 201.90 31.94 27.99 0.105604
711.19 126.84 23.18 26.53 0.104989
702.23 235.43 53.84 69.60 0.104591
901.60 3.70 19.49 22.73 0.103317
12.58 141.43 35.04 38.01 0.102523
12.62 315.48 25.91 20.17 0.100515
527.15 3.22 19.22 14.24 0.099446
796.02 266.07 30.96 28.58 0.098743
480.17 226.51 52.81 57.11 0.098209
242.31 175.64 29.69 21.81 0.096308
941.66 0.09 22.77 23.18 0.095882
430.98 158.48 26.24 25.78 0.093676
721.69 253.56 63.52 56.83 0.092728
494.63 214.41 65.13 65.08 0.091455
786.64 239.88 46.82 52.77 0.090032
336.25 156.02 24.99 24.72 0.088814
856.27 314.92 35.29 24.73 0.088073
233.90 155.88 33.56 29.92 0.087721
497.98 245.47 53.20 53.30 0.085890
847.01 168.08 32.79 31.89 0.085781
510.76 286.88 35.72 36.00 0.085492
12.14 166.03 35.36 33.30 0.084974
711.14 2.99 17.37 14.73 0.084795
792.16 303.53 26.89 26.40 0.082743
708.82 156.54 27.99 26.85 0.081080
854.02 3.07 14.01 15.17 0.078942
86.03 206.19 66.94 68.69 0.078750
991.66 321.59 25.77 28.19 0.077261
809.05 1.81 15.63 15.80 0.076809
993.18 179.72 30.82 42.96 0.076559
145.59 288.64 25.20 24.48 0.076108
481.29 176.84 25.55 25.13 0.075569
93.68 251.05 63.26 57.68 0.075246
379.27 158.46 30.89 26.80 0.075220
561.49 226.80 84.19 109.06 0.074487
154.43 315.64 22.56 16.92 0.074247
847.62 295.89 24.79 21.40 0.074176
418.07 310.95 30.33 28.86 0.073366
652.61 173.41 38.93 35.77 0.072877
329.23 298.89 27.95 22.77 0.072260
939.86 331.69 28.79 22.55 0.071090
759.78 305.97 49.77 37.64 0.070573
246.79 296.03 25.99 25.08 0.070562
894.04 329.63 26.14 20.71 0.070399
125.07 215.67 62.00 58.46 0.069515
746.14 172.90 33.50 26.81 0.068381
192.25 149.43 33.07 31.07 0.067913
709.27 274.35 29.68 41.38 0.067511
704.35 176.72 30.56 28.49 0.066276
135.97 191.01 41.66 44.80 0.065698
59.26 316.74 33.79 22.44 0.065454
101.74 315.35 27.20 20.28 0.065336
609.58 284.36 30.96 35.49 0.064469
194.94 313.65 24.54 18.92 0.063456
106.47 283.24 30.51 30.41 0.063071
510.97 178.01 35.52 26.81 0.062787
292.51 317.23 23.72 16.01 0.062629
732.45 219.07 61.35 69.78 0.062136
418.73 292.65 33.43 36.98 0.061013
801.88 168.55 34.72 32.11 0.060153
561.17 285.37 37.93 39.11 0.060062
935.27 193.26 37.64 32.94 0.059839
706.83 192.40 39.53 38.54 0.059395
652.48 309.68 42.65 32.23 0.057813
567.31 196.46 80.91 86.04 0.057261
898.04 268.39 42.32 40.04 0.056954
475.23 191.57 39.13 45.41 0.056695
982.58 238.80 36.25 39.63 0.056606
199.11 292.26 27.94 22.63 0.055818
936.66 264.90 37.00 34.89 0.055779
854.40 327.31 28.27 23.33 0.055674
240.64 197.45 34.48 40.31 0.055501
505.78 297.61 45.30 45.27 0.055293
746.80 283.22 32.98 32.10 0.054319
33.73 220.61 97.92 94.17 0.054298
557.46 298.65 49.18 46.08 0.053010
617.39 215.24 88.28 104.22 0.052816
293.51 295.52 27.45 21.30 0.052437
187.01 198.06 42.54 44.72 0.052124
181.51 229.77 64.68 73.04 0.051548
335.71 325.28 25.20 23.09 0.051542
385.46 313.94 43.36 30.54 0.050774
