0_Parade_Parade_0_468
123
697.56 73.94 109.41 211.13 0.337493
522.11 751.37 155.16 159.36 0.303336
219.56 422.30 60.73 75.34 0.233274
141.10 884.37 67.54 182.74 0.226961
865.69 1089.47 69.21 132.02 0.195911
187.74 424.84 76.68 89.73 0.193211
139.74 525.71 52.55 93.81 0.189089
69.87 726.73 66.13 156.21 0.186059
27.48 576.27 72.34 168.37 0.177941
273.07 479.11 63.59 82.15 0.174562
870.30 115.45 78.45 133.04 0.172491
880.53 1051.00 60.50 114.34 0.158368
850.55 1118.56 45.65 86.85 0.158318
879.33 856.65 55.88 114.47 0.155246
163.29 480.34 80.76 107.42 0.150743
760.72 808.68 132.14 188.84 0.149224
371.13 651.83 63.68 105.49 0.146030
144.86 423.35 76.98 92.81 0.143384
43.86 828.22 60.25 162.57 0.142601
11.61 1004.47 42.04 126.14 0.141010
242.24 433.04 77.00 87.53 0.135701
42.04 685.26 76.92 178.38 0.134042
88.29 832.00 66.60 191.57 0.133316
493.35 46.67 130.37 215.99 0.131829
292.65 498.35 66.19 81.61 0.131793
917.05 1093.72 47.53 88.47 0.131768
987.69 958.49 35.73 103.66 0.130481
921.85 1049.15 46.42 87.42 0.127960
53.30 434.33 31.61 50.38 0.125404
535.51 0.00 242.61 375.49 0.123815
48.61 944.97 42.92 124.20 0.113470
40.15 998.46 42.17 129.77 0.111952
98.24 435.62 40.36 55.51 0.111706
658.70 108.30 184.71 348.99 0.111692
986.19 999.34 37.81 118.64 0.107934
147.48 649.98 97.21 281.69 0.103142
278.77 508.32 72.27 135.89 0.102877
3.79 408.34 32.83 71.28 0.101665
11.73 1062.86 39.79 119.66 0.099714
10.55 662.64 61.85 202.93 0.099424
884.13 114.00 120.46 172.25 0.099080
988.37 914.88 32.34 86.18 0.099052
65.44 505.90 92.33 173.72 0.097452
384.90 752.74 109.51 174.21 0.096510
333.61 657.01 124.46 226.87 0.096321
457.22 744.10 91.58 107.77 0.096266
129.35 545.93 72.38 158.81 0.096053
985.88 1091.35 37.81 99.09 0.095164
107.62 736.23 126.06 276.20 0.094750
285.41 551.21 253.67 579.52 0.092855
10.99 808.15 54.40 210.55 0.092808
939.62 900.00 42.03 86.47 0.091260
756.87 835.61 71.98 127.88 0.091216
483.28 153.33 131.10 191.67 0.091077
879.33 972.67 59.38 134.52 0.089301
395.89 643.03 64.15 105.87 0.087832
40.10 469.75 51.35 114.83 0.087477
692.38 10.52 84.05 190.44 0.087195
403.03 697.99 185.03 221.31 0.086907
932.51 979.83 41.24 100.20 0.086253
846.33 1062.89 53.87 97.60 0.083784
176.47 627.70 58.07 171.84 0.083521
786.87 933.15 65.68 130.10 0.083169
236.19 629.43 37.87 92.38 0.080830
238.01 662.68 33.10 124.77 0.079471
687.11 998.45 77.97 179.00 0.079289
639.69 740.14 109.12 112.67 0.078568
473.31 614.50 199.08 170.76 0.076975
224.48 521.43 61.68 103.74 0.076927
446.40 671.73 96.64 107.82 0.076852
982.06 822.62 36.88 83.74 0.075802
781.37 1168.55 79.62 125.08 0.074880
643.62 809.21 123.51 196.42 0.073996
811.91 689.03 83.76 112.50 0.073289
319.43 434.41 43.87 63.77 0.073246
217.16 612.26 70.49 269.19 0.072529
733.24 1033.03 59.68 103.30 0.072171
421.38 594.67 319.52 298.22 0.071729
0.00 421.88 60.42 217.09 0.070903
839.48 1220.96 38.04 88.61 0.070427
828.59 934.91 80.36 133.74 0.069990
784.57 1036.00 53.36 98.86 0.067074
932.73 826.62 48.13 101.54 0.067055
254.55 988.44 57.99 155.41 0.066911
495.81 222.44 237.06 257.78 0.066311
870.91 1204.42 55.69 118.13 0.065665
734.59 0.00 92.60 169.37 0.065414
743.37 956.88 55.61 101.81 0.065399
912.81 1133.84 50.92 102.79 0.065373
361.92 1086.75 69.05 91.33 0.065119
444.61 626.99 86.98 101.18 0.064334
82.18 996.19 49.95 131.26 0.064327
621.44 309.81 112.50 152.72 0.062969
789.34 751.08 98.16 129.20 0.061830
759.75 656.24 123.67 155.62 0.061135
1.70 367.12 35.60 87.27 0.061000
301.61 579.38 74.74 167.57 0.060496
0.00 1368.06 66.60 167.94 0.060465
936.67 550.94 63.81 168.82 0.059560
541.33 214.11 131.16 174.76 0.059549
158.63 936.09 63.59 168.46 0.059154
571.22 0.00 109.81 134.17 0.058307
635.80 936.54 80.47 154.23 0.058188
992.40 1175.94 26.74 62.97 0.057691
268.93 598.59 75.34 178.15 0.057505
15.21 1169.97 34.07 98.58 0.056674
24.69 1301.87 65.37 194.65 0.056413
825.11 102.48 130.88 275.53 0.056225
480.78 768.28 226.21 348.87 0.055855
264.69 693.63 101.43 249.79 0.055729
42.99 1081.19 35.48 103.06 0.055614
934.28 743.58 43.76 97.52 0.055557
653.31 1240.53 46.19 112.13 0.054924
744.08 1103.23 59.68 117.73 0.054625
345.98 1002.60 86.02 153.68 0.054470
886.98 556.34 46.42 119.69 0.054389
540.28 710.38 212.91 297.11 0.054272
914.73 1432.25 76.37 103.75 0.053059
635.75 0.00 97.36 167.30 0.052623
237.07 900.31 40.89 114.52 0.052428
790.96 1110.20 61.44 109.31 0.052334
695.80 1095.00 50.90 110.37 0.051744
977.59 749.44 39.60 95.81 0.050775
