0_Parade_marchingband_1_404
71
186.53 89.71 111.74 117.27 0.805373
449.29 145.00 47.39 57.06 0.494314
387.88 251.12 40.04 49.84 0.207485
138.95 92.27 121.04 154.61 0.196850
613.22 148.31 35.01 41.26 0.181726
618.65 193.08 66.64 88.94 0.170790
284.42 127.58 75.57 74.46 0.152262
451.24 472.95 67.96 44.32 0.144920
611.37 167.03 55.69 78.90 0.143895
129.40 147.61 82.58 102.08 0.137312
833.16 186.43 39.16 36.30 0.137181
261.66 405.11 59.12 53.91 0.134931
618.18 138.62 27.98 25.05 0.132383
552.57 151.29 52.68 55.98 0.127898
406.68 302.20 51.71 50.52 0.122788
434.32 306.79 68.20 56.42 0.121616
288.94 170.86 81.89 92.49 0.112137
328.51 358.90 35.25 38.74 0.106396
383.37 258.51 74.44 92.92 0.105649
238.16 387.76 67.19 68.03 0.101381
306.04 343.51 68.15 74.32 0.098442
0.00 135.17 69.81 127.54 0.095382
669.22 187.21 139.54 121.63 0.081243
426.11 156.31 73.36 84.93 0.080590
610.85 402.64 39.88 33.02 0.079608
802.19 226.57 65.79 81.84 0.079015
353.23 362.01 63.68 54.96 0.077263
465.07 390.34 42.64 27.48 0.077148
447.12 481.76 82.47 70.37 0.076981
608.64 395.44 29.03 27.47 0.076728
360.56 181.70 76.77 82.69 0.075751
627.62 237.78 82.58 83.46 0.074335
968.51 92.49 46.16 55.37 0.074125
387.45 154.21 38.45 37.97 0.073170
273.58 335.92 66.22 59.46 0.073001
428.89 391.11 64.05 46.75 0.072536
807.50 192.97 50.55 53.88 0.070419
237.67 334.62 56.20 71.71 0.069163
374.55 170.21 50.67 49.40 0.069126
916.49 325.74 65.35 32.20 0.069013
638.40 154.55 46.55 52.92 0.067515
808.39 178.37 44.69 42.99 0.066604
940.64 60.42 75.20 99.42 0.066333
545.98 151.22 109.34 129.11 0.064535
738.45 343.16 227.20 124.93 0.063911
610.78 362.71 28.74 24.58 0.061175
101.00 177.09 64.20 88.77 0.060936
230.89 169.43 86.76 92.95 0.060911
410.10 346.19 70.10 61.10 0.059716
273.09 301.00 73.35 65.47 0.059506
353.84 435.55 107.81 65.52 0.059116
246.67 329.17 42.86 42.08 0.058806
428.40 444.15 81.48 60.06 0.058631
515.53 386.89 45.28 31.65 0.058484
278.48 395.19 94.25 65.73 0.058360
457.94 363.19 53.61 43.58 0.057239
28.26 183.63 63.14 89.57 0.055868
860.95 0.00 125.10 149.64 0.054982
291.89 278.54 113.88 103.44 0.054953
708.81 170.24 84.48 75.76 0.054412
163.85 181.51 60.73 79.81 0.054340
507.54 149.81 62.83 56.62 0.053790
280.22 181.03 126.85 152.31 0.053567
564.66 392.92 49.14 34.07 0.052210
253.39 51.43 112.73 151.15 0.052210
78.92 2.86 65.33 35.20 0.051970
561.76 364.44 43.83 35.32 0.050633
0.00 212.99 49.51 90.59 0.050560
856.05 342.62 119.06 89.44 0.050162
759.65 353.37 108.73 73.63 0.050081
420.08 100.83 36.13 63.14 0.050076
