0_Parade_Parade_0_873
37
368.18 283.97 374.77 305.69 0.9912
135.66 313.03 351.36 333.28 0.9836
117.76 345.75 171.32 341.25 0.9799
516.82 305.02 332.32 334.92 0.9504
287.47 328.65 314.90 358.35 0.8446
589.29 254.42 434.71 214.10 0.5634
72.13 401.59 108.20 148.55 0.2385
54.83 449.70 93.44 137.99 0.1815
54.76 352.48 81.81 128.65 0.1678
63.04 325.32 122.85 118.45 0.1157
42.01 400.78 83.94 126.74 0.1114
197.02 290.87 394.65 219.50 0.0984
28.75 304.62 69.05 116.94 0.0961
29.37 356.87 68.06 140.45 0.0670
91.79 377.66 103.50 112.96 0.0445
809.52 405.86 145.95 116.12 0.0390
141.23 271.68 231.18 240.01 0.0374
197.11 301.37 150.85 109.77 0.0344
163.89 388.20 140.53 130.22 0.0338
222.10 338.13 178.78 97.38 0.0292
637.81 288.37 141.01 122.25 0.0290
525.14 365.31 144.34 126.15 0.0288
450.21 466.38 141.93 121.66 0.0287
491.36 430.84 135.16 122.75 0.0282
534.04 284.84 124.16 136.26 0.0282
792.41 243.69 129.20 111.88 0.0282
710.86 324.27 141.39 125.73 0.0276
155.16 331.51 141.78 115.67 0.0266
34.51 466.58 68.12 126.41 0.0264
737.96 393.53 149.54 122.78 0.0248
636.96 364.67 139.11 126.26 0.0227
302.41 308.85 150.86 127.41 0.0220
562.26 426.59 131.67 116.06 0.0216
826.40 263.97 135.05 136.07 0.0212
745.78 302.86 152.71 116.16 0.0212
493.07 492.72 159.90 108.59 0.0206
860.68 397.70 163.32 105.82 0.0204
