0_Parade_marchingband_1_746
25
509.50 78.51 413.60 117.63 0.9994
369.16 78.88 361.72 110.84 0.9979
146.74 79.68 378.61 110.24 0.9893
508.98 205.23 349.65 248.79 0.9878
491.64 109.38 522.89 160.76 0.8900
388.54 217.82 318.05 226.65 0.7371
129.74 99.67 193.88 188.23 0.7151
464.50 177.51 559.50 165.20 0.5176
314.69 281.48 286.04 227.52 0.3738
160.45 221.58 329.28 248.39 0.3415
112.13 281.24 171.15 227.76 0.1786
296.05 97.02 355.88 157.31 0.1389
764.25 35.21 141.30 76.94 0.0537
26.83 89.66 73.09 95.84 0.0349
121.22 177.85 180.69 203.24 0.0304
311.34 172.68 345.27 164.15 0.0298
77.99 228.32 93.48 98.54 0.0293
457.93 297.99 132.20 86.74 0.0255
707.20 222.93 316.80 216.94 0.0254
539.43 89.58 143.00 84.00 0.0247
351.09 301.48 119.81 91.52 0.0222
568.87 201.17 123.85 93.08 0.0217
244.06 61.27 152.10 64.87 0.0206
134.32 78.78 150.49 84.42 0.0202
535.67 25.22 488.33 130.92 0.0201
