8_Election_Campain_Election_Campaign_8_76
200
927.91 0.00 81.03 80.91 0.1923
50.52 136.44 80.27 80.40 0.1921
928.12 628.13 80.55 80.74 0.1920
50.63 491.62 80.16 80.39 0.1920
50.52 81.77 80.28 80.44 0.1920
50.54 382.28 80.27 80.47 0.1919
50.55 628.20 80.25 80.45 0.1919
708.33 0.00 81.12 80.87 0.1919
50.63 436.95 80.16 80.43 0.1918
50.56 327.66 80.22 80.42 0.1918
379.18 0.00 81.23 80.88 0.1918
562.00 0.00 81.27 80.89 0.1918
159.71 0.00 81.20 80.89 0.1918
598.61 0.00 81.17 80.90 0.1918
744.90 0.00 81.17 80.90 0.1918
50.59 191.08 80.16 80.40 0.1917
123.14 0.00 81.22 80.91 0.1917
50.21 0.00 80.94 80.76 0.1917
415.77 0.00 81.11 80.87 0.1917
452.34 0.00 81.11 80.87 0.1917
671.77 0.00 81.20 80.88 0.1916
488.90 0.00 81.18 80.86 0.1916
928.18 54.38 80.47 80.72 0.1916
50.66 573.64 80.09 80.33 0.1916
196.29 0.00 81.17 80.89 0.1916
269.48 0.00 81.22 80.88 0.1916
306.05 0.00 81.22 80.88 0.1916
525.43 0.00 81.15 80.87 0.1916
781.68 245.42 80.62 80.91 0.1916
232.87 0.00 81.26 80.89 0.1916
50.59 245.71 80.13 80.44 0.1916
928.18 409.58 80.43 80.67 0.1916
928.19 464.20 80.45 80.69 0.1915
86.61 0.00 81.13 80.88 0.1915
342.57 0.00 81.28 80.89 0.1915
781.47 0.00 81.13 80.88 0.1915
818.04 0.00 81.13 80.88 0.1915
854.61 0.00 81.13 80.88 0.1915
635.19 0.00 81.25 80.90 0.1915
891.31 0.00 80.90 80.72 0.1915
891.64 436.92 80.15 80.42 0.1915
123.40 600.51 80.73 81.00 0.1915
196.47 600.51 80.79 81.00 0.1915
269.69 245.45 80.61 80.87 0.1915
818.26 245.45 80.70 80.87 0.1915
928.22 273.07 80.38 80.58 0.1915
891.63 382.24 80.20 80.48 0.1915
452.54 518.55 80.74 81.09 0.1915
159.96 573.19 80.74 81.09 0.1915
13.82 136.57 80.23 80.28 0.1914
452.46 245.44 80.71 80.88 0.1914
342.83 218.10 80.62 80.90 0.1913
635.40 245.42 80.62 80.90 0.1913
306.26 190.78 80.71 80.91 0.1913
635.40 190.78 80.71 80.91 0.1913
233.12 218.10 80.71 80.91 0.1913
745.12 218.10 80.71 80.91 0.1913
671.97 245.42 80.71 80.91 0.1913
928.19 518.85 80.42 80.67 0.1913
928.19 573.49 80.42 80.67 0.1913
855.04 655.38 80.43 80.70 0.1913
928.21 218.45 80.40 80.57 0.1913
598.82 245.33 80.63 80.99 0.1913
708.54 245.33 80.63 80.99 0.1913
854.76 245.33 80.70 80.99 0.1913
123.40 190.69 80.73 81.00 0.1913
159.97 190.69 80.73 81.00 0.1913
379.40 190.69 80.73 81.00 0.1913
415.97 190.69 80.73 81.00 0.1913
452.54 190.69 80.73 81.00 0.1913
562.26 190.69 80.73 81.00 0.1913
671.97 190.69 80.73 81.00 0.1913
196.54 218.01 80.73 81.00 0.1913
489.11 218.01 80.73 81.00 0.1913
123.40 245.33 80.73 81.00 0.1913
159.97 245.33 80.73 81.00 0.1913
306.25 245.48 80.64 80.85 0.1913
379.39 245.48 80.64 80.85 0.1913
489.11 600.51 80.73 81.00 0.1913
525.68 600.51 80.73 81.00 0.1913
891.61 491.51 80.22 80.49 0.1913
891.61 546.15 80.22 80.49 0.1913
598.83 190.78 80.73 80.99 0.1913
781.69 190.78 80.73 80.99 0.1913
635.56 655.33 80.41 80.78 0.1913
708.70 655.33 80.41 80.78 0.1913
928.20 136.39 80.41 80.66 0.1913
854.76 190.78 80.79 80.99 0.1913
928.20 327.64 80.41 80.66 0.1913
13.82 437.07 80.23 80.31 0.1913
672.13 655.33 80.51 80.78 0.1912
525.68 190.69 80.74 81.08 0.1912
708.54 190.69 80.74 81.08 0.1912
818.25 190.69 80.74 81.08 0.1912
489.11 518.55 80.74 81.08 0.1912
525.68 545.87 80.74 81.08 0.1912
452.54 573.19 80.74 81.08 0.1912
562.25 573.19 80.74 81.08 0.1912
415.97 600.51 80.74 81.08 0.1912
13.87 628.31 80.20 80.33 0.1912
13.81 54.49 80.25 80.41 0.1912
196.47 136.05 80.81 81.08 0.1912
13.81 327.70 80.25 80.40 0.1912
525.61 491.23 80.81 81.08 0.1912
415.90 518.55 80.81 81.08 0.1912
86.76 600.51 80.81 81.08 0.1912
233.04 600.51 80.81 81.08 0.1912
306.18 600.51 80.81 81.08 0.1912
342.76 600.51 80.81 81.08 0.1912
379.33 600.51 80.81 81.08 0.1912
159.90 627.83 80.81 81.08 0.1912
452.47 627.83 80.81 81.08 0.1912
13.75 382.34 80.31 80.40 0.1912
233.03 491.26 80.81 81.03 0.1912
745.11 272.76 80.72 80.90 0.1912
598.95 655.32 80.47 80.79 0.1912
745.05 600.51 80.78 81.10 0.1911
13.61 0.00 80.77 80.57 0.1911
818.47 655.41 80.26 80.66 0.1911
86.83 218.01 80.72 80.98 0.1911
233.11 272.66 80.72 80.98 0.1911
781.62 354.68 80.79 81.02 0.1911
306.19 436.64 80.79 81.02 0.1911
159.91 463.96 80.79 81.02 0.1911
196.48 463.96 80.79 81.02 0.1911
525.59 354.62 80.86 81.09 0.1911
818.15 354.66 80.82 81.05 0.1911
269.69 190.78 80.71 80.91 0.1911
415.96 245.36 80.75 80.98 0.1911
415.98 299.99 80.70 80.93 0.1911
708.46 354.60 80.83 81.10 0.1911
928.39 683.04 80.09 80.75 0.1911
854.82 136.07 80.76 81.07 0.1910
708.48 299.97 80.76 81.00 0.1910
342.75 409.29 80.83 81.08 0.1910
489.10 463.93 80.76 81.07 0.1910
86.82 491.25 80.76 81.07 0.1910
635.39 600.53 80.76 81.07 0.1910
781.63 627.86 80.73 81.02 0.1910
86.76 272.66 80.80 81.06 0.1910
671.89 600.53 80.82 81.07 0.1910
708.46 600.53 80.82 81.07 0.1910
269.61 627.85 80.82 81.07 0.1910
562.18 627.85 80.82 81.07 0.1910
891.63 54.35 80.20 80.49 0.1910
891.63 600.78 80.20 80.49 0.1910
159.92 409.36 80.73 80.96 0.1910
196.49 409.36 80.73 80.96 0.1910
233.06 409.36 80.73 80.96 0.1910
269.69 573.23 80.74 81.03 0.1910
598.76 600.55 80.80 81.02 0.1910
854.75 81.42 80.79 81.09 0.1910
196.48 272.65 80.78 81.08 0.1910
123.32 491.24 80.79 81.09 0.1910
562.18 518.56 80.79 81.09 0.1910
342.82 272.77 80.64 80.87 0.1910
123.40 545.87 80.74 81.08 0.1910
269.61 136.05 80.81 81.08 0.1910
818.18 136.05 80.81 81.08 0.1910
781.63 409.27 80.75 81.05 0.1910
233.30 655.35 80.36 80.79 0.1910
489.30 655.35 80.36 80.79 0.1910
635.35 299.99 80.76 81.04 0.1909
781.63 299.99 80.76 81.04 0.1909
854.77 299.99 80.76 81.04 0.1909
306.23 108.77 80.78 81.04 0.1909
342.84 163.39 80.72 81.04 0.1909
745.30 655.37 80.47 80.73 0.1909
123.31 54.12 80.81 81.03 0.1909
525.60 54.12 80.81 81.03 0.1909
781.60 54.12 80.81 81.03 0.1909
525.62 436.61 80.81 81.07 0.1909
342.74 463.94 80.81 81.03 0.1909
306.17 491.26 80.81 81.03 0.1909
745.03 491.26 80.81 81.03 0.1909
781.60 491.26 80.81 81.03 0.1909
159.91 518.57 80.79 81.03 0.1909
159.85 327.32 80.84 81.06 0.1909
196.42 327.32 80.84 81.06 0.1909
233.06 354.68 80.78 81.02 0.1909
269.63 354.68 80.78 81.02 0.1909
123.34 409.32 80.78 81.02 0.1909
708.49 409.32 80.78 81.02 0.1909
269.63 436.64 80.78 81.02 0.1909
818.20 436.64 80.78 81.02 0.1909
489.03 354.62 80.85 81.09 0.1909
745.02 354.67 80.81 81.05 0.1909
854.81 436.63 80.77 81.05 0.1909
452.53 463.93 80.76 81.06 0.1909
13.88 491.71 80.16 80.30 0.1909
379.40 300.02 80.73 80.92 0.1909
159.88 54.09 80.86 81.09 0.1909
196.45 54.09 80.86 81.09 0.1909
233.02 54.09 80.86 81.09 0.1909
489.02 54.09 80.86 81.09 0.1909
708.45 81.41 80.86 81.09 0.1909
269.59 491.23 80.86 81.09 0.1909
342.69 108.71 80.89 81.12 0.1908
671.84 108.71 80.89 81.12 0.1908
744.98 108.71 80.89 81.12 0.1908
