47_Matador_Bullfighter_Matador_Bullfighter_47_617
73
150.76 22.06 515.90 604.51 0.602758
838.75 37.59 72.44 139.70 0.258862
562.93 881.25 40.71 68.58 0.211876
759.85 142.45 74.38 139.25 0.182270
555.47 886.17 58.06 111.31 0.175993
552.52 933.91 72.03 130.83 0.157480
750.60 193.45 86.87 163.56 0.150883
517.13 767.64 40.38 59.56 0.147525
547.48 992.96 72.91 128.03 0.146839
50.30 254.30 158.14 286.33 0.132820
603.58 956.90 72.51 128.03 0.131230
518.15 970.63 52.20 135.05 0.131139
666.64 205.95 159.37 302.45 0.119554
498.15 703.90 77.40 129.96 0.111026
515.41 902.83 62.37 129.53 0.109278
79.47 886.83 54.88 86.56 0.108121
760.39 595.28 216.27 404.41 0.107359
523.03 870.43 50.53 85.63 0.100500
303.95 946.16 93.57 170.15 0.095110
770.99 55.76 98.61 182.88 0.094915
516.16 785.34 76.50 159.10 0.094304
339.70 755.68 58.72 74.07 0.089664
363.76 639.58 148.27 175.91 0.086533
97.38 801.16 91.55 141.24 0.086249
126.26 0.00 278.09 514.77 0.084815
270.03 974.28 88.18 140.59 0.083449
584.49 778.71 70.46 167.66 0.082179
0.00 1057.35 35.00 81.65 0.081524
175.15 38.40 149.63 166.72 0.080140
565.55 631.53 100.33 211.67 0.079972
340.01 802.59 47.96 87.00 0.079698
455.98 1067.70 63.24 71.30 0.079276
15.00 118.93 262.23 450.71 0.079055
861.41 685.67 135.98 233.55 0.076833
548.32 747.96 54.14 86.70 0.076344
440.11 743.66 96.32 124.70 0.076241
175.76 485.03 60.03 149.90 0.076004
59.54 967.47 43.29 73.93 0.073693
513.52 1040.89 50.96 88.32 0.072472
331.35 896.71 85.06 165.41 0.072427
419.96 773.38 117.18 223.90 0.072273
363.48 736.03 64.82 83.75 0.072177
524.84 518.77 192.83 400.48 0.071231
3.56 149.19 115.92 285.88 0.070621
912.41 49.65 94.98 161.06 0.069181
461.42 1006.45 74.79 116.07 0.069042
458.15 942.91 71.36 116.21 0.068721
104.27 6.66 95.91 185.49 0.067940
632.41 617.16 205.01 356.83 0.066905
895.41 668.47 95.03 140.71 0.065226
98.46 668.00 80.51 138.53 0.063879
160.45 0.00 154.98 120.13 0.061710
777.22 114.30 133.76 186.57 0.061322
24.41 0.00 99.22 226.11 0.061295
129.00 434.71 92.72 190.69 0.060602
694.53 1069.80 45.46 62.01 0.060390
355.63 811.29 62.14 113.56 0.060120
652.33 447.98 219.26 393.78 0.060025
393.71 712.09 101.80 121.06 0.057573
3.32 972.99 41.55 119.83 0.056753
282.89 480.93 363.98 425.68 0.056536
138.94 1.59 49.41 51.32 0.056215
536.03 475.33 137.20 281.08 0.056100
488.87 61.08 332.34 613.73 0.055671
336.44 877.22 58.69 91.22 0.054579
85.85 974.71 43.77 55.38 0.054261
50.55 796.62 102.00 163.79 0.053873
751.23 614.41 132.18 257.29 0.053588
7.64 0.00 187.89 419.55 0.053380
292.19 676.87 67.59 96.07 0.052452
709.15 19.78 155.24 279.01 0.052084
691.12 552.06 165.82 181.10 0.051839
56.46 1000.74 30.28 78.14 0.050198
