47_Matador_Bullfighter_matadorbullfighting_47_936
62
651.40 29.75 83.80 112.97 0.669048
726.42 234.54 52.64 59.98 0.257681
202.25 308.57 69.73 70.62 0.204580
247.96 253.08 29.78 34.86 0.185155
683.24 267.21 144.01 222.78 0.176941
657.63 193.02 51.40 65.13 0.173033
279.86 237.45 42.54 49.26 0.165558
230.14 268.05 53.93 64.61 0.160417
265.08 197.86 86.70 94.25 0.135360
140.57 6.76 410.26 303.08 0.127942
693.69 232.77 108.83 151.93 0.121535
243.09 219.01 52.42 47.20 0.120751
107.47 242.15 41.66 36.91 0.112225
760.82 274.77 81.39 144.42 0.110908
703.95 215.86 48.43 71.88 0.110392
841.26 336.09 29.42 47.16 0.107960
579.23 239.51 80.49 92.76 0.107409
129.47 248.07 41.21 41.51 0.105990
696.46 83.76 78.73 71.78 0.098191
266.93 254.68 56.58 72.55 0.095275
90.99 264.42 67.80 112.05 0.092696
130.66 280.91 51.26 88.94 0.092540
610.53 215.39 57.19 64.47 0.092508
131.80 271.24 38.91 52.20 0.087800
784.46 267.39 52.19 94.66 0.086790
261.40 479.04 89.48 82.01 0.085642
832.58 353.22 39.42 55.45 0.085638
297.74 499.18 75.51 64.83 0.083590
139.09 228.15 31.54 26.82 0.083067
102.32 255.77 48.33 62.30 0.081652
688.42 46.18 86.50 84.12 0.081507
762.49 391.87 61.45 107.08 0.079675
269.35 10.04 298.13 152.76 0.079348
107.30 228.41 30.38 26.55 0.078104
795.40 223.44 26.62 34.18 0.077240
263.52 288.22 63.03 80.68 0.075880
739.64 332.88 86.21 140.37 0.075563
263.68 313.34 81.58 88.83 0.074672
782.91 241.36 40.43 51.36 0.074206
223.63 489.55 149.93 103.11 0.072411
741.64 145.84 40.46 43.84 0.069280
748.37 174.86 37.63 43.55 0.068664
231.57 445.68 97.65 85.88 0.066502
695.61 178.31 44.90 49.63 0.065396
320.39 331.61 85.93 71.26 0.063069
777.46 433.26 156.65 241.69 0.063049
887.85 320.27 53.25 76.28 0.062818
229.31 133.95 192.94 203.41 0.062525
140.16 326.15 50.86 72.32 0.061868
835.91 306.78 41.63 88.01 0.061455
199.06 249.84 33.30 38.43 0.061367
628.48 311.15 141.29 166.71 0.061021
650.60 147.22 65.24 72.05 0.060343
612.17 186.54 41.86 43.14 0.059688
881.01 356.57 49.53 52.74 0.058545
625.15 219.23 103.77 119.63 0.055339
463.12 518.73 80.17 87.19 0.053697
792.83 439.16 64.03 124.24 0.053447
794.54 186.22 29.19 35.78 0.052343
76.42 305.49 60.79 100.01 0.050378
461.24 467.93 132.46 142.45 0.050270
267.67 373.35 73.49 72.63 0.050039
