35_Basketball_basketballgame_ball_35_178
15
220.92 445.68 353.69 322.32 0.8887
153.68 451.87 215.90 316.13 0.8793
72.48 349.88 133.90 418.12 0.8243
587.53 185.85 436.47 317.99 0.7812
60.74 454.89 81.37 313.11 0.6066
18.45 469.80 43.58 298.20 0.4858
495.24 357.17 387.71 410.83 0.3427
409.18 375.16 274.14 392.84 0.2671
596.08 72.52 427.92 118.39 0.2192
641.37 331.49 382.63 357.47 0.0540
485.34 158.48 413.61 215.52 0.0501
617.65 21.89 406.35 66.24 0.0481
476.66 103.25 547.34 157.08 0.0476
426.16 67.50 387.46 131.83 0.0471
469.89 208.91 310.68 270.16 0.0227
