35_Basketball_basketballgame_ball_35_709
25
640.91 578.33 383.09 561.81 0.8831
311.53 564.96 318.95 559.38 0.8707
61.23 865.15 87.44 655.85 0.8592
238.66 734.58 336.99 786.42 0.8464
107.95 830.88 146.74 690.12 0.8433
155.00 579.70 187.20 522.14 0.8413
603.89 733.08 420.11 787.92 0.8287
24.61 849.72 38.73 671.28 0.8082
168.89 743.52 188.56 777.48 0.8016
109.35 572.55 134.99 502.26 0.7409
61.34 571.17 97.46 533.17 0.6254
20.60 580.03 31.92 504.16 0.6236
147.33 443.64 363.80 511.43 0.5819
104.40 344.65 145.42 426.14 0.4220
563.09 322.58 460.91 443.91 0.3840
352.87 949.99 379.33 571.01 0.3581
64.58 368.06 92.97 366.31 0.3449
245.08 343.48 309.13 414.62 0.1711
27.39 353.05 40.50 398.50 0.1679
434.89 561.22 366.29 539.90 0.1461
490.55 231.14 533.45 320.63 0.1258
92.31 266.12 171.02 298.29 0.0630
465.65 101.37 558.35 255.63 0.0404
344.89 332.18 378.21 467.56 0.0363
164.26 247.91 172.85 328.84 0.0319
