39_Ice_Skating_iceskiing_39_359
14
99.75 158.24 166.69 287.94 0.1226
166.72 152.21 175.63 303.84 0.1149
472.64 325.67 551.36 357.33 0.1001
53.43 165.71 117.15 278.07 0.0677
134.44 107.60 390.56 259.25 0.0534
21.22 178.23 29.30 256.75 0.0503
457.83 237.26 475.06 279.96 0.0428
660.77 0.00 363.23 97.93 0.0334
0.00 0.00 110.94 94.16 0.0287
78.85 61.09 211.69 243.62 0.0279
4.74 427.73 60.21 255.27 0.0265
19.39 302.83 36.48 281.60 0.0243
636.49 31.20 387.51 148.93 0.0235
12.19 93.61 47.23 163.76 0.0228
