0_Parade_Parade_0_275
48
607.25 482.20 416.75 325.80 0.8849
614.08 142.96 409.92 277.78 0.8753
601.06 291.48 422.94 289.17 0.7864
610.22 73.55 413.78 94.67 0.7760
439.22 485.87 363.00 322.13 0.7098
149.74 474.29 355.44 333.71 0.6081
63.92 479.35 88.89 328.65 0.5964
20.12 497.97 35.94 310.03 0.5665
107.48 493.20 146.78 314.80 0.5640
506.45 371.49 374.54 305.85 0.5043
616.65 18.27 407.35 68.89 0.5000
600.86 133.45 332.85 136.63 0.4970
361.77 64.57 371.83 101.69 0.4966
500.80 205.33 385.83 305.91 0.4864
602.58 31.53 331.23 35.11 0.4431
179.79 425.39 148.35 366.60 0.4323
15.95 370.27 48.77 317.33 0.4187
454.75 21.68 335.33 53.32 0.4123
438.34 158.24 368.77 239.24 0.4062
222.73 298.53 357.18 295.18 0.3915
124.93 384.06 111.95 284.44 0.3828
359.72 115.45 378.87 165.35 0.3552
295.50 25.18 361.99 45.81 0.3425
308.55 404.57 335.91 403.43 0.3351
301.06 218.95 347.33 287.38 0.2630
197.31 300.80 115.50 297.25 0.2364
63.91 294.75 91.31 309.68 0.1993
164.79 25.67 333.76 40.20 0.1840
156.26 64.58 347.57 100.51 0.1740
227.43 164.15 349.27 229.52 0.1684
127.49 210.68 110.77 306.03 0.1635
154.38 121.48 352.24 157.69 0.1179
363.95 286.21 374.79 319.19 0.1089
22.72 289.97 29.08 320.81 0.1076
91.06 21.58 185.40 50.25 0.0916
162.25 158.68 188.38 241.96 0.0910
10.17 200.28 58.95 329.90 0.0903
119.09 104.61 130.40 192.40 0.0830
124.36 64.15 119.54 101.96 0.0730
17.59 6.94 35.98 77.67 0.0680
75.34 137.76 77.09 284.92 0.0608
38.39 19.17 150.49 55.84 0.0584
53.39 114.47 118.08 172.63 0.0517
58.53 58.63 105.22 116.99 0.0502
4.37 53.11 67.97 130.20 0.0425
9.87 97.11 59.67 208.03 0.0414
34.84 213.75 4.07 304.83 0.0362
0.00 14.55 85.47 51.40 0.0230
