0_Parade_Parade_0_68
39
620.78 187.42 403.22 252.38 0.6915
645.62 347.43 378.38 336.57 0.6649
373.68 431.49 345.55 252.51 0.6103
242.95 423.03 318.76 260.97 0.5287
505.41 325.42 375.13 247.71 0.3948
115.00 354.08 133.82 323.55 0.3920
156.68 196.51 342.41 231.03 0.3729
179.48 346.43 152.98 337.57 0.3717
122.37 190.47 121.38 242.72 0.3446
284.73 254.85 379.55 241.78 0.3032
350.93 172.72 392.43 129.04 0.3009
90.05 351.90 50.50 324.25 0.2902
170.59 243.75 170.11 260.41 0.2675
149.50 328.91 358.43 229.72 0.2664
441.85 195.21 356.05 225.89 0.2358
232.53 167.40 337.71 160.04 0.2276
74.29 233.24 78.64 281.25 0.2152
569.76 171.01 394.40 149.79 0.1701
280.94 95.28 389.01 158.37 0.1380
21.50 306.36 36.13 278.95 0.1248
182.82 166.40 146.59 165.83 0.1038
72.62 139.80 81.57 208.46 0.1000
15.30 184.75 50.48 252.48 0.0899
603.64 93.80 420.36 165.45 0.0844
614.55 4.66 409.45 68.48 0.0638
23.54 144.78 29.69 194.64 0.0564
36.19 238.50 4.77 275.74 0.0523
41.00 360.35 1.02 301.77 0.0484
22.10 435.37 34.28 248.63 0.0475
603.47 66.40 420.53 65.24 0.0457
109.71 100.88 146.86 155.51 0.0423
289.71 74.62 373.44 66.69 0.0394
18.77 14.30 25.16 51.73 0.0374
157.55 105.67 196.22 140.84 0.0353
0.00 98.66 82.25 151.45 0.0344
31.90 194.00 16.09 236.01 0.0344
48.13 392.80 136.54 291.20 0.0298
23.00 54.22 24.06 93.21 0.0257
83.43 55.24 50.15 91.07 0.0222
