0_Parade_marchingband_1_74
26
604.49 298.70 419.51 305.76 0.8123
428.67 296.02 384.48 309.44 0.5341
319.14 376.90 307.64 314.87 0.5267
648.08 402.05 375.92 400.55 0.4052
195.47 368.35 272.42 341.86 0.2663
294.56 223.32 361.14 320.38 0.2419
593.74 73.84 430.26 92.18 0.1781
599.84 162.51 424.16 256.92 0.1750
161.77 400.81 183.88 392.35 0.1370
174.02 212.36 311.00 327.50 0.1302
581.46 126.06 442.54 141.40 0.1249
626.88 3.94 397.12 95.14 0.1092
123.48 187.44 121.33 204.22 0.1027
169.99 301.96 179.30 300.73 0.1026
447.16 203.56 348.37 204.43 0.0821
116.77 304.20 147.58 282.04 0.0672
156.51 199.61 197.01 182.30 0.0668
74.04 185.39 83.31 202.89 0.0517
52.81 130.59 117.27 167.96 0.0324
140.07 139.95 228.19 148.69 0.0318
18.82 181.86 37.27 209.83 0.0254
2.70 128.45 70.52 163.03 0.0247
391.78 432.84 473.31 385.16 0.0221
4.61 9.03 50.39 80.44 0.0213
22.60 548.00 24.56 270.00 0.0212
132.25 426.23 117.75 212.19 0.0205
