0_Parade_marchingband_1_360
29
620.08 138.87 403.92 197.84 0.5531
628.30 298.06 395.70 286.73 0.4677
63.53 186.32 90.69 249.50 0.4324
116.86 180.38 127.97 257.84 0.4066
472.35 98.59 442.08 154.60 0.3441
176.85 194.45 154.15 229.69 0.3395
22.11 187.60 36.46 246.42 0.3273
441.43 144.36 361.11 178.75 0.2840
131.98 187.63 388.78 242.14 0.2773
224.28 304.43 354.90 271.93 0.2143
490.72 169.63 407.22 272.20 0.1982
611.59 55.33 412.41 101.40 0.1875
148.07 305.92 218.81 261.74 0.1842
411.95 299.64 421.41 277.59 0.1817
223.75 167.70 353.40 150.03 0.1294
34.44 158.85 10.79 175.29 0.1288
71.15 307.11 77.96 253.39 0.1181
280.01 110.21 396.28 122.05 0.0922
635.23 12.76 388.77 60.58 0.0886
12.28 294.97 51.80 285.51 0.0809
123.32 326.77 129.68 350.46 0.0750
133.89 105.01 394.96 153.55 0.0533
347.69 63.41 399.87 93.88 0.0446
0.00 100.65 91.72 154.18 0.0353
33.77 166.23 1.02 172.54 0.0335
174.31 118.44 163.84 137.08 0.0309
36.94 302.30 7.27 268.85 0.0304
29.98 367.47 13.06 281.69 0.0215
49.70 111.91 120.28 141.47 0.0212
