0_Parade_marchingband_1_379
28
616.50 333.08 407.50 350.92 0.8354
437.29 318.98 367.24 254.14 0.6627
209.37 320.94 382.47 257.33 0.6146
576.43 64.70 447.57 206.58 0.5528
615.33 153.32 408.67 316.61 0.4955
114.06 330.58 136.98 353.42 0.3991
161.61 332.28 189.85 351.72 0.3489
80.25 334.34 79.77 348.42 0.1503
99.65 123.10 165.78 220.90 0.1341
578.76 8.81 445.24 75.97 0.1097
54.32 108.34 120.45 254.21 0.0937
171.44 59.72 460.02 81.73 0.0926
137.29 52.60 239.68 94.98 0.0687
96.26 237.66 173.54 283.35 0.0653
110.65 96.35 287.05 139.85 0.0646
119.21 15.27 423.82 56.93 0.0585
135.17 24.40 244.13 34.29 0.0575
95.36 12.02 178.74 58.05 0.0550
284.15 408.53 380.05 275.47 0.0501
9.76 6.90 50.08 67.68 0.0481
19.16 113.55 41.61 246.99 0.0469
62.03 217.15 108.98 315.24 0.0436
14.45 361.04 46.10 301.58 0.0428
41.48 47.96 137.88 108.27 0.0363
44.94 11.29 137.60 56.86 0.0360
5.03 41.96 64.61 119.43 0.0360
10.20 223.13 54.47 306.90 0.0292
111.24 175.32 290.51 253.21 0.0253
