56_Voter_peoplevoting_56_103
18
472.47 304.56 417.71 600.37 0.7338
257.12 616.72 22.84 70.70 0.1147
348.39 750.11 172.41 405.17 0.1072
297.95 761.95 24.07 59.05 0.0978
301.68 724.46 19.21 50.04 0.0803
188.62 615.78 22.91 65.00 0.0800
39.90 610.64 21.36 89.26 0.0789
500.89 620.67 460.24 915.33 0.0777
389.96 593.58 47.59 131.00 0.0764
114.42 769.77 295.20 660.57 0.0750
525.59 71.55 432.44 539.22 0.0670
318.32 591.87 40.28 110.14 0.0650
304.76 603.11 24.96 88.34 0.0630
332.71 555.74 26.73 92.98 0.0612
373.08 559.09 34.03 109.90 0.0608
366.01 603.98 268.80 766.93 0.0603
305.08 650.29 20.32 58.76 0.0578
288.68 808.00 77.77 192.40 0.0542
