56_Voter_peoplevoting_56_644
39
431.91 33.66 263.69 194.06 0.4964
769.96 285.89 30.42 27.91 0.3114
149.00 310.12 194.06 167.88 0.2368
707.41 324.85 38.26 40.79 0.2097
700.33 324.06 63.23 63.27 0.1833
94.94 360.29 64.35 63.46 0.1305
776.64 237.11 30.74 30.01 0.1291
292.75 258.61 74.44 97.30 0.1177
906.62 101.74 42.13 64.42 0.1091
883.40 54.84 38.82 32.38 0.1041
366.12 166.99 239.67 223.43 0.1040
72.07 351.81 41.48 39.54 0.0968
169.33 395.08 149.33 82.92 0.0950
730.76 294.49 46.93 44.05 0.0932
118.27 331.76 134.30 133.91 0.0931
450.72 289.44 217.01 188.56 0.0883
206.53 261.24 140.06 163.59 0.0880
741.28 283.65 55.62 42.30 0.0849
807.69 375.94 28.75 25.20 0.0833
252.23 257.58 62.93 78.52 0.0828
723.58 331.42 71.08 60.45 0.0796
882.55 98.33 54.40 87.66 0.0768
325.10 268.14 85.11 99.81 0.0750
669.11 326.98 46.97 34.76 0.0678
950.26 60.10 32.28 28.00 0.0666
768.18 266.46 64.09 58.01 0.0604
499.39 109.17 230.52 153.85 0.0586
257.29 183.14 87.30 73.97 0.0585
888.19 13.74 34.44 27.36 0.0577
110.57 2.68 267.98 252.16 0.0566
205.22 433.26 104.01 44.74 0.0560
357.58 251.69 112.49 115.84 0.0541
872.76 198.74 36.98 40.55 0.0538
884.49 70.65 46.82 45.78 0.0532
738.42 264.83 49.65 46.05 0.0529
898.36 61.26 44.43 33.22 0.0522
841.47 45.88 57.77 50.05 0.0520
733.33 240.63 47.17 43.71 0.0507
183.04 164.51 142.63 108.27 0.0507
