56_Voter_peoplevoting_56_13
55
814.95 92.05 23.91 28.56 0.4156
866.67 292.35 50.73 52.76 0.3138
964.60 153.62 21.03 25.92 0.2736
292.74 465.75 63.00 102.99 0.2524
914.70 98.09 23.18 27.35 0.2309
248.53 448.78 79.75 119.49 0.1705
989.75 309.15 26.55 40.48 0.1415
816.62 214.34 27.37 35.32 0.1387
993.16 277.86 30.84 54.13 0.1385
703.59 296.39 48.58 62.35 0.1300
358.07 272.85 549.46 409.15 0.1277
990.61 235.38 33.39 79.01 0.1095
319.62 421.18 39.24 75.20 0.0996
187.40 187.60 36.93 35.68 0.0996
952.71 189.86 33.16 37.92 0.0992
912.05 80.42 27.06 37.71 0.0960
886.47 287.83 66.76 77.15 0.0941
954.24 297.77 43.38 57.71 0.0928
427.82 502.34 39.11 65.66 0.0877
317.53 480.32 70.30 89.05 0.0834
406.59 519.01 44.42 67.78 0.0793
883.55 76.66 25.80 39.74 0.0792
807.91 308.77 32.70 40.16 0.0786
188.13 201.50 36.68 42.05 0.0773
225.87 136.26 51.31 64.17 0.0754
208.83 472.53 66.14 92.25 0.0753
953.88 206.11 40.32 49.65 0.0747
135.29 204.47 42.81 42.69 0.0712
838.94 90.50 32.35 38.45 0.0701
130.43 180.30 49.46 44.74 0.0699
884.17 383.57 30.26 33.63 0.0697
172.11 85.85 53.07 76.60 0.0673
294.95 278.53 36.08 53.87 0.0667
984.64 213.91 31.99 55.96 0.0651
289.70 169.22 52.43 56.53 0.0647
420.68 245.70 54.32 53.53 0.0645
132.75 238.28 42.97 56.43 0.0638
989.01 149.44 20.31 22.07 0.0625
898.27 358.69 48.51 41.08 0.0618
830.52 215.30 37.84 44.86 0.0613
850.22 269.81 44.33 59.90 0.0605
186.34 159.65 44.46 50.81 0.0600
799.36 366.82 31.63 43.62 0.0595
44.73 272.20 175.71 146.62 0.0593
729.11 241.26 33.74 38.19 0.0585
807.85 332.66 29.89 43.06 0.0580
880.40 147.64 19.50 24.18 0.0555
920.59 112.85 17.92 28.65 0.0544
885.75 95.85 24.53 39.20 0.0528
953.36 357.12 36.75 40.79 0.0525
213.46 369.59 124.37 222.75 0.0521
430.83 266.12 47.56 56.81 0.0517
335.13 264.27 24.54 52.95 0.0515
212.41 93.12 47.72 75.52 0.0509
950.27 230.51 61.22 77.89 0.0508
