56_Voter_peoplevoting_56_378
76
230.99 120.13 300.91 496.79 0.6804
101.78 607.13 35.14 56.31 0.2686
65.52 618.66 39.10 79.06 0.2162
40.85 616.90 41.96 70.01 0.2126
187.04 610.75 36.85 52.52 0.1745
418.47 259.98 228.22 344.87 0.1680
223.74 629.06 28.08 36.51 0.1668
674.77 97.96 61.38 77.96 0.1592
429.56 434.36 230.33 335.64 0.1575
257.79 632.38 24.80 28.28 0.1568
582.96 79.36 81.68 99.79 0.1462
79.16 603.88 36.42 74.80 0.1370
135.15 588.57 43.93 60.36 0.1322
154.35 33.08 54.93 63.05 0.1272
776.94 38.97 217.40 141.81 0.1248
219.03 642.25 29.49 42.02 0.1189
87.88 637.37 57.38 105.28 0.1172
182.12 0.00 268.77 210.14 0.1102
301.16 635.03 25.78 25.84 0.1099
144.68 639.36 38.54 66.70 0.1064
761.31 3.99 43.00 33.57 0.1021
764.66 190.27 224.03 208.59 0.1018
624.14 36.61 38.68 70.21 0.1012
261.42 654.17 23.86 30.69 0.0995
555.17 462.79 136.41 260.94 0.0994
638.29 82.95 67.81 98.94 0.0978
365.45 117.78 243.10 363.86 0.0977
17.07 678.84 60.48 86.74 0.0976
224.68 603.76 27.59 40.52 0.0959
332.64 425.84 169.31 209.15 0.0899
369.06 490.06 97.28 125.14 0.0847
831.81 205.55 120.13 118.62 0.0789
139.14 15.46 56.45 101.97 0.0763
643.72 32.73 52.31 81.77 0.0745
186.93 0.00 385.52 388.51 0.0729
611.44 204.88 212.01 301.78 0.0722
129.05 567.77 44.35 60.60 0.0710
734.49 70.26 83.41 90.32 0.0694
297.26 651.01 26.85 33.17 0.0690
674.85 29.69 69.18 87.61 0.0690
537.57 368.03 116.11 224.90 0.0688
997.91 579.96 17.30 29.63 0.0687
111.47 567.46 41.49 63.08 0.0678
252.57 597.06 35.31 41.76 0.0672
786.73 169.83 137.13 107.27 0.0666
2.71 672.49 47.06 82.72 0.0662
416.14 44.35 236.40 291.91 0.0650
175.91 656.44 40.46 62.45 0.0640
3.95 629.17 27.83 68.21 0.0638
656.80 150.56 187.90 220.98 0.0632
581.01 228.05 366.80 438.81 0.0632
692.06 20.75 40.81 46.97 0.0627
210.85 573.30 41.63 48.06 0.0621
996.96 596.46 17.45 30.08 0.0620
80.65 549.56 29.78 61.04 0.0607
99.27 502.30 47.16 57.88 0.0605
174.65 570.21 44.11 52.69 0.0598
118.29 408.06 46.91 75.46 0.0572
57.82 0.00 121.78 153.50 0.0572
609.57 261.68 51.70 96.15 0.0565
156.44 240.45 78.08 96.68 0.0556
835.28 661.02 77.74 84.11 0.0553
412.07 537.17 97.69 129.40 0.0552
766.11 109.20 179.22 137.09 0.0551
219.95 671.19 31.48 44.01 0.0539
663.09 30.29 35.54 47.48 0.0535
713.29 16.54 60.40 61.35 0.0532
121.22 435.88 84.70 108.86 0.0531
516.63 1.19 33.09 27.59 0.0530
61.46 304.30 54.56 117.12 0.0528
998.02 636.87 16.50 26.34 0.0525
729.07 0.00 48.34 33.48 0.0522
503.48 49.23 146.31 176.21 0.0516
688.31 45.66 90.16 106.90 0.0516
917.91 632.96 27.68 29.10 0.0513
745.98 33.36 79.28 74.39 0.0509
