36_Football_americanfootball_ball_36_279
80
488.54 308.31 72.35 99.08 0.3304
456.52 631.61 93.42 124.82 0.3030
775.92 100.63 100.67 129.60 0.2921
418.02 133.26 86.29 92.36 0.2503
403.51 776.97 69.57 82.74 0.2143
448.07 545.69 139.72 168.18 0.1645
439.21 161.24 79.03 98.54 0.1609
877.93 0.00 42.68 60.46 0.1562
968.89 1048.99 54.94 79.36 0.1453
944.37 107.93 56.47 100.61 0.1417
820.63 223.26 67.88 125.75 0.1240
828.70 116.26 91.59 168.02 0.1199
422.80 699.74 85.84 90.53 0.1183
12.18 271.86 47.73 99.98 0.1182
391.36 813.26 68.85 80.06 0.1133
758.80 788.72 118.68 166.56 0.1065
428.97 197.69 67.72 81.24 0.1032
522.09 277.95 60.53 82.36 0.1018
699.39 438.34 81.25 99.85 0.0989
389.48 89.84 99.36 116.62 0.0982
328.20 678.92 62.42 88.64 0.0977
411.18 515.59 130.74 158.31 0.0917
701.21 421.95 127.87 158.73 0.0885
349.15 700.70 72.82 75.92 0.0875
347.50 110.23 83.34 107.66 0.0860
350.44 817.77 93.07 115.10 0.0833
795.31 171.93 83.43 138.18 0.0827
898.35 95.61 97.38 168.60 0.0805
838.24 0.00 54.98 60.58 0.0804
349.90 757.23 88.21 128.98 0.0789
853.20 543.57 81.82 183.64 0.0763
604.21 307.60 51.20 59.88 0.0759
891.75 0.00 51.74 47.72 0.0754
793.41 316.10 75.36 139.85 0.0751
363.54 866.28 92.50 119.48 0.0745
931.37 818.56 92.63 152.29 0.0737
459.90 178.54 86.11 104.19 0.0731
652.16 330.13 65.49 85.87 0.0727
975.82 167.48 48.18 89.56 0.0718
417.23 298.07 96.94 118.07 0.0700
110.28 247.51 116.68 243.82 0.0696
829.88 24.95 50.68 66.51 0.0693
565.93 271.65 55.09 57.43 0.0685
401.73 770.43 214.44 204.27 0.0685
763.62 316.15 48.05 87.65 0.0684
842.40 57.84 85.27 117.49 0.0671
671.11 321.87 90.50 122.58 0.0668
986.75 0.00 37.25 43.54 0.0665
574.74 343.86 62.20 70.88 0.0665
397.53 758.45 67.07 66.05 0.0662
0.00 439.90 411.22 689.10 0.0661
865.77 1040.05 69.68 88.95 0.0659
536.27 237.21 68.61 91.42 0.0659
659.59 571.79 126.14 242.16 0.0648
315.03 88.65 55.32 73.28 0.0647
433.54 703.05 134.05 139.01 0.0643
313.04 624.51 95.07 127.88 0.0635
807.65 272.24 82.97 151.47 0.0633
516.13 571.66 118.52 217.43 0.0627
601.01 330.64 65.98 79.80 0.0621
949.46 186.87 51.19 108.79 0.0614
707.35 323.33 62.11 72.69 0.0609
701.81 665.48 106.01 174.17 0.0601
984.80 212.52 39.20 91.73 0.0599
763.70 510.96 118.69 171.25 0.0594
582.81 312.27 51.43 63.94 0.0574
404.96 262.98 78.54 96.82 0.0569
606.81 573.22 113.30 218.60 0.0565
400.52 225.03 74.10 64.65 0.0562
57.70 277.25 116.14 276.99 0.0549
869.54 786.44 113.96 160.60 0.0548
680.30 372.18 106.33 149.01 0.0547
707.48 770.17 116.33 146.62 0.0537
676.14 804.89 91.08 105.71 0.0524
963.41 69.23 60.59 107.16 0.0523
282.08 93.82 70.85 99.03 0.0521
799.06 1068.75 38.98 60.25 0.0520
17.98 219.44 107.77 256.54 0.0517
373.64 709.34 82.89 85.43 0.0512
843.51 371.89 78.93 157.92 0.0506
