36_Football_Football_36_110
156
289.59 156.05 39.67 45.35 0.8255
396.58 152.93 37.25 42.95 0.8204
506.77 145.97 31.21 37.41 0.7797
79.26 149.56 35.09 51.34 0.7447
178.98 151.13 41.71 48.28 0.7329
777.95 274.16 39.05 48.37 0.7251
216.86 310.41 42.86 48.99 0.6925
812.89 146.88 34.17 49.17 0.6089
636.22 297.91 40.47 45.67 0.5882
504.40 327.56 35.10 41.77 0.5821
380.17 300.59 41.36 46.26 0.5771
600.50 130.30 33.56 47.30 0.5619
131.19 320.83 36.67 38.17 0.4880
714.85 128.55 36.21 38.34 0.2855
762.20 384.18 64.43 95.62 0.1963
630.65 253.01 31.21 27.26 0.1852
630.60 275.07 46.82 48.38 0.1847
286.26 310.74 38.41 40.27 0.1811
794.29 369.21 72.59 103.14 0.1790
215.42 421.90 39.59 42.22 0.1659
339.20 435.80 23.70 21.51 0.1617
187.04 308.99 55.55 50.95 0.1532
239.20 304.33 46.47 46.73 0.1381
184.82 429.88 42.78 54.02 0.1369
238.47 423.28 47.26 47.14 0.1350
122.51 301.23 43.78 47.51 0.1347
296.97 435.77 25.07 26.61 0.1307
589.94 280.13 32.61 42.01 0.1244
645.32 457.33 48.89 52.75 0.1235
2.17 0.00 24.23 20.87 0.1176
621.57 425.28 38.20 43.36 0.1168
695.75 287.20 35.05 42.47 0.1157
486.22 343.92 53.43 42.84 0.1135
208.95 429.75 57.30 71.45 0.1113
535.73 315.81 37.77 36.28 0.1112
402.44 475.01 32.33 35.07 0.1099
595.34 417.68 42.61 53.12 0.1088
645.41 418.53 44.56 52.06 0.1080
218.53 408.90 36.29 35.39 0.1071
731.91 286.43 32.76 44.45 0.1065
212.81 276.66 40.79 36.06 0.0987
404.89 122.62 27.79 41.54 0.0976
534.76 292.99 41.40 45.12 0.0969
725.71 268.74 36.80 40.82 0.0960
594.45 314.97 27.59 33.53 0.0954
648.28 248.00 38.76 39.15 0.0949
629.07 26.20 26.37 32.08 0.0948
281.36 292.76 50.73 41.92 0.0946
371.48 460.24 41.52 42.81 0.0944
337.06 453.83 30.98 27.92 0.0935
876.47 0.00 37.66 22.29 0.0924
471.75 473.86 35.03 35.52 0.0911
391.40 460.29 43.52 39.89 0.0910
293.21 438.53 36.81 47.04 0.0905
292.97 383.60 31.89 30.53 0.0904
812.99 27.67 38.63 32.94 0.0903
288.52 356.07 40.32 39.92 0.0895
291.63 407.93 27.92 30.21 0.0894
242.79 399.37 48.70 45.60 0.0876
764.31 425.61 45.66 56.65 0.0870
729.66 250.60 35.05 35.11 0.0864
504.14 296.41 49.51 58.93 0.0862
327.87 290.78 39.28 37.03 0.0851
479.87 368.78 50.90 55.13 0.0840
437.60 391.30 33.05 52.14 0.0831
211.82 171.74 36.26 38.57 0.0816
81.54 273.37 19.68 20.33 0.0813
440.61 156.44 25.58 34.90 0.0810
487.63 373.71 80.74 97.24 0.0804
671.36 395.52 63.22 82.80 0.0800
5.89 114.26 19.06 26.57 0.0795
268.53 172.86 42.63 37.12 0.0789
125.70 315.44 52.38 67.64 0.0785
5.44 92.60 17.58 21.26 0.0764
364.34 429.68 47.83 44.64 0.0754
184.45 403.20 37.71 41.50 0.0752
381.09 161.18 42.73 40.56 0.0748
847.18 0.00 47.38 23.31 0.0742
172.00 273.31 49.81 32.70 0.0739
668.34 181.90 24.04 28.23 0.0739
323.01 153.24 32.02 42.19 0.0737
738.64 370.33 60.48 74.82 0.0736
321.42 262.46 43.20 43.64 0.0734
489.04 175.78 31.94 27.86 0.0731
442.22 369.79 40.06 57.47 0.0727
846.00 24.85 41.54 33.25 0.0725
332.54 309.18 32.98 35.44 0.0725
151.29 22.50 33.19 31.87 0.0725
187.34 459.87 56.68 56.36 0.0719
2.55 130.02 22.98 30.99 0.0715
186.63 352.71 48.15 49.32 0.0712
159.43 164.47 52.21 41.28 0.0710
187.96 24.93 26.38 27.94 0.0708
472.87 454.06 35.51 37.91 0.0700
665.15 198.21 35.57 36.21 0.0700
77.76 122.35 26.15 39.83 0.0697
595.27 252.48 30.99 25.37 0.0694
150.73 426.51 37.40 53.39 0.0688
473.36 418.24 43.66 51.07 0.0686
149.81 273.04 44.60 36.98 0.0685
656.92 221.80 38.62 35.23 0.0684
281.90 259.46 58.59 44.53 0.0675
330.65 172.04 27.48 35.61 0.0664
446.83 358.71 47.20 42.50 0.0662
669.18 435.19 57.83 59.67 0.0658
554.24 109.73 27.71 31.27 0.0656
504.21 119.87 41.02 53.97 0.0655
628.14 0.03 33.01 24.04 0.0650
592.33 21.60 25.43 26.93 0.0647
326.12 248.48 38.54 39.06 0.0642
441.61 470.68 33.48 36.64 0.0642
548.00 132.33 32.63 44.54 0.0638
335.61 414.61 23.61 29.67 0.0636
692.22 243.20 48.61 40.19 0.0635
114.95 449.54 34.39 39.31 0.0633
76.24 20.44 31.59 28.69 0.0633
393.41 388.01 63.88 70.43 0.0630
113.99 433.07 30.75 37.27 0.0621
774.74 25.62 30.26 26.93 0.0620
594.87 476.80 32.27 32.72 0.0614
610.81 302.38 72.53 112.46 0.0612
521.52 343.57 55.40 64.91 0.0610
211.74 372.51 45.39 55.66 0.0609
449.26 174.57 18.69 29.07 0.0607
554.42 475.03 34.45 37.68 0.0603
628.73 233.03 44.86 41.73 0.0602
8.10 74.09 17.37 20.23 0.0596
447.14 450.25 29.23 37.97 0.0590
727.36 429.71 67.98 72.55 0.0588
732.90 222.00 38.19 41.77 0.0585
111.57 17.48 36.48 35.70 0.0581
332.54 335.97 29.97 33.23 0.0578
677.16 354.40 61.73 84.32 0.0571
552.16 243.14 24.79 26.63 0.0558
803.58 159.79 52.03 63.92 0.0558
551.65 156.22 27.57 33.01 0.0551
114.00 0.00 34.43 23.97 0.0548
729.65 24.92 29.56 31.79 0.0546
810.17 0.00 39.29 22.01 0.0546
439.91 139.66 27.07 35.90 0.0545
266.28 25.84 16.15 21.30 0.0541
369.20 274.84 61.31 79.73 0.0537
627.32 488.55 34.08 35.57 0.0537
74.57 293.16 25.36 29.24 0.0534
77.73 0.00 32.87 22.56 0.0528
318.68 469.46 44.03 43.30 0.0524
163.98 485.66 70.79 77.48 0.0522
98.17 136.39 42.03 60.15 0.0519
260.54 267.26 53.31 35.34 0.0517
113.01 276.53 27.91 27.72 0.0513
214.07 138.34 37.03 45.49 0.0512
262.64 44.92 21.51 24.71 0.0510
244.71 371.76 49.12 48.80 0.0505
152.53 0.00 30.91 23.35 0.0502
341.30 119.19 22.93 23.26 0.0502
226.21 448.03 66.35 71.57 0.0500
