36_Football_americanfootball_ball_36_510
193
565.75 136.02 60.60 69.10 0.7470
568.65 40.85 45.65 55.61 0.4849
701.07 11.90 44.13 53.66 0.4830
878.27 184.08 54.51 84.90 0.4495
474.60 229.00 148.44 126.23 0.3346
877.10 18.53 38.08 51.32 0.3146
119.32 35.62 97.10 109.50 0.2910
39.05 575.13 48.18 57.83 0.2721
488.54 28.19 46.85 41.99 0.2672
551.18 109.63 70.93 73.45 0.2666
974.10 8.35 43.29 45.74 0.2562
376.74 75.04 75.02 94.60 0.2436
280.64 75.36 50.99 71.61 0.2363
318.63 327.31 120.56 127.99 0.2335
795.37 44.21 50.15 47.34 0.2237
261.14 318.21 28.03 25.59 0.2214
503.56 236.01 80.31 89.41 0.2201
252.29 338.03 31.61 33.88 0.2087
545.53 66.27 76.31 69.05 0.1998
283.25 263.25 38.53 36.24 0.1908
756.67 67.80 52.22 62.31 0.1832
618.67 41.65 51.05 55.02 0.1789
491.51 73.10 63.00 60.52 0.1754
0.00 608.11 36.51 32.58 0.1707
958.11 150.38 38.80 54.55 0.1704
255.70 293.37 34.29 36.89 0.1704
980.32 62.01 36.15 44.30 0.1669
90.51 147.50 50.98 63.29 0.1654
222.47 339.73 37.88 51.61 0.1618
221.42 315.42 35.40 31.86 0.1583
943.50 2.62 50.17 53.25 0.1577
836.49 443.93 30.22 35.81 0.1565
144.38 232.45 41.09 43.02 0.1560
556.49 254.48 96.13 119.33 0.1556
300.19 292.56 187.55 212.41 0.1551
91.46 88.23 68.15 107.47 0.1550
172.95 278.20 57.09 48.74 0.1543
724.48 388.34 38.49 42.99 0.1511
397.46 27.34 105.62 103.77 0.1493
485.37 54.19 56.72 45.43 0.1487
233.49 257.09 56.89 51.17 0.1461
859.00 122.82 44.99 42.10 0.1445
763.79 47.87 69.69 69.98 0.1443
906.31 10.76 54.39 55.95 0.1431
880.87 46.08 46.51 49.52 0.1421
903.29 74.34 37.81 44.16 0.1419
261.19 246.97 68.35 58.92 0.1397
418.25 237.34 109.35 102.05 0.1396
116.92 82.74 75.95 105.72 0.1390
953.13 71.76 39.91 56.54 0.1351
207.19 9.89 44.15 42.12 0.1345
187.95 220.95 92.34 93.11 0.1325
955.40 96.13 30.17 42.27 0.1322
960.49 176.47 42.48 56.57 0.1307
973.42 162.27 41.19 52.03 0.1291
323.93 324.45 58.70 83.87 0.1260
291.97 348.39 67.20 90.25 0.1251
677.51 13.45 79.22 86.74 0.1234
215.98 289.73 41.82 36.82 0.1230
862.83 151.26 51.50 46.43 0.1227
666.28 80.57 82.89 93.58 0.1219
580.11 159.07 71.69 69.38 0.1205
570.87 96.11 92.12 92.44 0.1203
41.84 548.50 40.09 47.70 0.1194
589.77 56.22 76.68 78.83 0.1187
403.09 116.31 75.41 77.73 0.1185
637.34 29.84 65.12 56.75 0.1181
283.21 404.40 58.34 69.53 0.1175
836.69 205.70 91.84 110.54 0.1165
251.85 155.53 41.00 39.77 0.1158
180.55 310.24 45.63 39.39 0.1157
393.54 258.57 77.86 77.64 0.1152
475.63 153.94 50.77 53.01 0.1143
325.76 315.33 38.30 46.34 0.1142
822.55 26.97 65.39 71.96 0.1131
292.73 292.53 30.92 32.90 0.1129
471.74 0.00 62.52 45.43 0.1128
167.78 75.11 68.21 92.03 0.1114
191.82 13.49 63.21 74.74 0.1107
4.63 109.84 23.81 40.04 0.1107
847.09 18.09 53.82 61.53 0.1105
291.95 324.43 51.77 61.74 0.1095
373.23 433.05 179.01 106.34 0.1068
206.81 260.76 60.91 57.03 0.1066
625.97 58.18 85.89 93.78 0.1060
74.26 535.68 39.78 50.11 0.1058
174.46 43.74 79.20 69.41 0.1053
289.92 310.22 34.05 36.41 0.1043
190.00 184.72 154.33 122.96 0.1037
506.42 140.05 65.31 66.15 0.1036
262.16 395.12 42.92 47.54 0.1017
885.22 82.54 44.32 40.20 0.1004
211.01 357.20 49.55 67.74 0.0999
790.72 201.56 97.14 111.85 0.0991
944.60 38.47 54.46 70.97 0.0985
99.29 22.87 80.30 92.41 0.0982
726.26 82.64 69.52 73.46 0.0981
258.24 127.67 57.87 54.45 0.0979
365.23 279.83 64.62 64.83 0.0976
84.32 227.19 102.90 87.48 0.0975
357.58 305.76 52.43 70.09 0.0973
279.44 48.98 104.01 117.88 0.0973
70.99 66.36 66.19 107.41 0.0970
375.32 124.13 80.71 104.06 0.0968
435.64 37.81 65.59 55.80 0.0967
470.27 66.09 58.56 57.74 0.0967
205.22 192.99 80.12 62.21 0.0965
847.60 130.36 45.25 56.51 0.0963
651.73 0.00 64.77 43.59 0.0961
751.61 0.00 54.46 50.09 0.0959
833.44 296.32 35.79 48.73 0.0956
75.57 3.49 53.45 37.57 0.0953
43.39 47.60 43.38 64.41 0.0926
92.07 171.37 60.45 59.95 0.0921
167.76 115.05 57.33 83.24 0.0919
988.35 91.04 33.00 47.00 0.0908
313.29 398.28 119.88 97.94 0.0905
949.83 195.35 45.15 72.57 0.0904
896.32 159.00 51.65 63.83 0.0903
762.24 15.21 58.06 74.67 0.0896
139.84 17.00 81.89 67.40 0.0891
905.84 92.15 39.97 48.92 0.0889
6.17 567.63 54.42 66.06 0.0889
577.91 223.81 90.98 97.29 0.0882
225.36 417.29 39.86 44.47 0.0867
722.07 44.05 67.40 78.53 0.0851
183.43 328.48 45.30 50.68 0.0845
21.10 194.64 57.25 74.94 0.0837
940.81 276.13 60.04 82.52 0.0821
808.26 428.13 60.31 81.76 0.0820
805.00 141.43 49.49 61.23 0.0815
571.84 0.00 54.36 41.87 0.0806
839.66 164.97 58.34 62.46 0.0798
315.37 380.58 285.50 169.40 0.0797
946.26 233.64 51.51 68.94 0.0794
869.36 248.43 49.47 68.77 0.0794
398.79 236.82 58.45 67.77 0.0792
137.13 245.17 59.03 65.15 0.0790
134.52 198.31 51.63 43.85 0.0787
375.81 194.51 71.20 81.24 0.0784
894.00 299.99 84.78 112.83 0.0779
0.87 147.35 28.14 42.82 0.0773
498.15 178.34 71.66 81.31 0.0762
135.17 167.74 48.47 47.02 0.0741
818.75 72.34 62.60 55.86 0.0740
783.33 0.00 66.11 54.81 0.0740
46.73 33.71 78.39 112.73 0.0739
0.51 166.44 40.76 66.31 0.0732
167.09 195.14 58.10 47.23 0.0730
199.35 115.56 74.42 82.85 0.0724
0.66 51.10 33.60 53.16 0.0721
361.61 243.33 60.81 69.08 0.0712
757.19 141.16 100.15 143.30 0.0708
844.19 0.00 54.78 50.81 0.0707
809.08 334.52 33.44 40.02 0.0706
241.47 159.28 61.41 63.48 0.0704
725.52 362.99 54.46 62.89 0.0692
593.95 464.52 163.36 139.46 0.0681
74.43 203.26 55.74 72.73 0.0680
84.80 514.38 43.36 39.77 0.0679
154.46 215.54 90.71 73.82 0.0674
354.19 183.87 64.75 85.17 0.0671
38.73 216.98 116.60 110.37 0.0665
798.79 96.68 50.25 58.10 0.0662
183.36 368.36 49.11 63.19 0.0656
40.76 88.51 42.45 70.59 0.0649
815.70 474.36 68.17 97.00 0.0645
894.06 119.09 50.98 50.53 0.0641
614.26 0.00 63.94 34.34 0.0638
658.87 152.22 106.81 103.33 0.0630
342.50 477.55 93.65 63.97 0.0620
795.04 356.95 55.85 70.12 0.0611
907.78 245.79 39.80 61.59 0.0603
68.60 15.97 76.04 81.09 0.0602
811.22 273.22 54.54 54.84 0.0600
4.32 86.83 27.87 47.29 0.0596
766.31 397.17 82.52 85.07 0.0592
145.58 334.01 49.71 50.71 0.0581
0.00 248.25 47.19 73.60 0.0576
85.91 11.56 61.16 42.51 0.0574
165.63 160.22 58.35 56.20 0.0571
436.74 0.00 76.36 40.20 0.0567
162.63 0.70 71.68 55.13 0.0555
965.02 255.04 53.33 76.11 0.0553
517.69 298.80 124.35 115.81 0.0549
732.50 400.06 51.76 61.26 0.0547
0.00 260.45 76.41 129.35 0.0537
851.57 570.20 40.70 49.00 0.0530
147.74 304.12 66.07 48.71 0.0529
652.27 130.89 68.18 93.30 0.0529
4.58 541.20 54.25 61.11 0.0526
246.99 405.10 74.90 80.49 0.0517
312.65 243.75 85.28 82.51 0.0514
