58_Hockey_icehockey_puck_58_221
189
436.09 481.29 85.47 140.77 0.5744
399.52 267.21 57.99 116.29 0.3313
7.42 447.56 45.82 87.98 0.3158
831.00 154.21 32.11 60.10 0.3102
96.34 418.02 66.48 112.68 0.2743
95.47 367.06 56.55 77.13 0.2706
480.75 180.55 49.89 87.21 0.2685
105.66 87.86 37.59 58.29 0.2439
423.10 322.09 54.56 102.50 0.2415
493.50 473.96 62.89 127.49 0.2380
209.31 455.68 56.07 95.40 0.2334
728.69 158.49 48.26 79.74 0.2141
516.50 359.92 33.61 60.43 0.2021
195.59 204.94 54.24 80.53 0.1928
565.31 63.85 69.82 131.79 0.1900
217.07 159.34 34.25 52.31 0.1872
813.78 950.27 40.06 109.31 0.1862
76.09 52.14 31.73 53.08 0.1818
659.83 457.66 48.93 67.81 0.1682
3.56 60.06 23.69 59.06 0.1676
72.38 151.24 47.05 70.20 0.1666
869.52 206.01 42.45 80.96 0.1647
252.18 202.60 57.29 65.21 0.1618
809.33 171.28 60.37 130.04 0.1578
44.06 61.95 36.85 62.16 0.1543
753.35 153.15 46.03 78.57 0.1537
403.13 216.06 49.29 90.86 0.1518
157.48 458.55 80.33 124.50 0.1496
272.08 216.61 56.71 75.21 0.1482
432.37 738.67 30.67 62.38 0.1451
181.67 166.34 39.87 59.20 0.1427
532.32 475.48 44.89 64.08 0.1426
112.90 341.95 62.16 95.42 0.1420
2.46 181.13 24.09 69.72 0.1375
115.04 454.71 91.61 133.51 0.1352
77.07 7.47 30.52 50.59 0.1350
75.98 89.48 42.24 63.96 0.1336
432.88 359.32 66.48 126.94 0.1316
64.96 176.77 53.49 94.29 0.1298
96.25 886.09 105.40 268.21 0.1287
227.94 303.12 77.86 86.78 0.1280
508.55 323.89 38.20 75.64 0.1270
503.67 883.24 41.49 112.21 0.1267
102.90 129.22 43.14 72.42 0.1258
426.42 526.80 68.40 159.12 0.1235
831.74 222.31 52.57 118.99 0.1234
603.81 118.16 57.93 116.43 0.1218
230.26 441.90 62.64 138.36 0.1199
505.48 772.31 31.77 68.67 0.1193
800.24 201.37 98.93 189.35 0.1190
354.28 490.81 47.81 128.20 0.1186
138.83 323.13 36.80 68.17 0.1181
408.93 753.46 38.23 86.80 0.1169
513.74 380.83 47.51 88.20 0.1154
457.26 348.67 55.36 76.41 0.1151
811.54 468.49 76.00 135.71 0.1121
374.95 206.53 42.45 66.91 0.1120
556.40 0.00 75.07 134.30 0.1118
154.25 161.25 34.59 48.31 0.1105
223.79 121.02 26.59 46.65 0.1102
807.34 986.97 62.21 159.98 0.1097
71.93 469.95 84.80 108.65 0.1093
68.55 298.84 62.33 87.37 0.1083
510.79 726.96 30.71 63.64 0.1065
328.58 538.98 34.25 98.95 0.1065
103.26 323.37 47.36 79.00 0.1056
373.58 324.69 46.22 92.88 0.1044
699.07 160.20 74.50 121.75 0.1036
704.17 901.36 62.08 116.86 0.1035
40.88 0.00 34.62 51.12 0.1019
467.08 300.88 53.53 83.97 0.1017
214.42 282.75 57.51 93.22 0.1012
427.38 201.76 50.52 114.87 0.1002
872.41 156.51 37.86 82.53 0.1001
4.17 4.89 25.95 66.39 0.0999
225.12 340.37 65.94 104.00 0.0987
479.76 679.10 29.06 57.26 0.0980
241.12 327.09 88.99 144.90 0.0978
40.13 186.72 62.13 96.52 0.0978
241.95 381.80 93.86 170.33 0.0977
524.31 487.00 60.57 94.18 0.0976
96.26 188.74 48.46 78.50 0.0973
94.66 232.00 51.59 83.75 0.0946
35.54 126.94 57.01 101.93 0.0943
517.23 682.54 27.88 58.97 0.0937
503.54 827.25 39.92 117.46 0.0937
65.51 574.20 57.76 75.78 0.0934
411.20 710.09 42.91 87.84 0.0915
452.89 402.64 71.08 118.28 0.0913
249.93 268.03 88.95 114.60 0.0904
404.30 169.10 30.88 66.26 0.0893
710.47 215.43 57.68 113.72 0.0888
1.09 355.52 27.68 63.12 0.0883
400.76 452.07 83.39 173.06 0.0876
165.96 874.47 41.62 92.89 0.0872
862.61 452.34 57.44 121.57 0.0870
244.99 237.79 68.55 99.37 0.0862
574.30 420.75 48.36 57.86 0.0853
581.87 629.30 37.32 72.11 0.0842
133.52 514.81 76.33 116.40 0.0842
804.91 894.65 43.97 121.05 0.0841
2.32 324.74 22.48 46.50 0.0838
534.60 422.80 52.48 66.12 0.0829
144.75 629.22 104.00 158.15 0.0827
815.42 106.87 35.60 72.03 0.0827
407.72 592.98 45.76 113.26 0.0824
629.61 185.09 42.75 85.93 0.0813
293.60 627.79 40.65 120.13 0.0812
807.38 53.23 25.91 55.28 0.0807
335.19 442.24 53.04 140.12 0.0804
619.07 454.51 50.46 79.64 0.0803
185.24 116.36 27.56 38.65 0.0799
487.15 776.75 29.51 68.46 0.0782
148.74 110.37 31.29 47.05 0.0776
277.94 159.84 41.08 52.14 0.0774
569.28 522.47 47.76 67.05 0.0767
252.14 157.62 39.73 53.66 0.0764
568.58 549.75 49.73 76.92 0.0751
573.24 458.75 52.55 73.04 0.0748
169.66 389.46 129.76 210.76 0.0742
405.76 670.94 38.12 106.43 0.0742
430.35 672.30 43.97 100.51 0.0741
176.54 216.56 99.36 154.56 0.0733
124.55 874.22 62.33 150.69 0.0720
510.40 610.61 41.62 81.42 0.0713
538.50 361.35 44.67 62.64 0.0712
1.92 684.92 53.49 90.54 0.0710
478.46 874.31 58.18 162.27 0.0693
851.06 274.46 61.16 119.74 0.0691
35.47 359.86 44.46 85.90 0.0689
281.71 570.12 54.99 130.32 0.0682
53.95 648.56 51.58 91.63 0.0675
2.83 239.85 25.29 67.10 0.0675
630.43 151.21 55.32 87.62 0.0675
610.69 414.59 46.00 69.37 0.0656
540.17 318.37 42.47 69.21 0.0652
700.53 627.48 81.80 90.95 0.0651
283.70 108.23 36.03 44.28 0.0638
875.24 105.97 30.23 68.30 0.0637
578.22 376.72 44.40 65.56 0.0626
0.00 627.04 50.59 89.59 0.0626
484.23 725.06 29.86 73.08 0.0623
85.59 881.93 69.28 141.32 0.0621
432.35 779.04 45.80 134.06 0.0617
818.50 382.98 84.23 190.52 0.0615
36.21 302.27 42.48 72.11 0.0612
319.90 224.44 39.02 73.62 0.0610
445.60 156.08 34.51 84.12 0.0610
519.25 51.40 30.17 90.59 0.0610
376.59 170.95 32.55 59.17 0.0604
146.35 54.53 28.18 43.43 0.0601
538.34 526.26 64.45 108.00 0.0601
122.69 599.36 83.44 115.80 0.0598
699.59 268.04 69.54 122.82 0.0595
371.44 760.33 35.94 86.28 0.0594
663.17 349.28 45.07 79.01 0.0593
547.15 610.01 46.40 82.08 0.0590
34.21 627.51 64.15 66.02 0.0589
684.49 336.73 47.46 90.03 0.0582
758.98 107.36 40.03 89.71 0.0580
646.15 235.55 39.87 75.09 0.0578
661.30 293.33 34.55 76.04 0.0577
516.96 871.49 58.50 112.34 0.0574
308.56 252.02 49.32 78.30 0.0574
288.64 64.27 38.54 51.15 0.0571
110.02 0.00 35.00 44.35 0.0569
79.86 633.50 74.96 121.43 0.0561
534.77 712.90 229.69 356.42 0.0560
398.77 376.66 69.30 114.78 0.0560
364.29 599.72 40.14 84.38 0.0559
255.09 535.17 60.74 145.71 0.0539
700.86 98.34 58.73 94.61 0.0539
186.70 61.20 26.33 38.61 0.0538
755.99 182.98 66.18 162.28 0.0530
665.00 415.66 57.97 100.65 0.0528
152.69 181.91 51.36 81.47 0.0523
565.36 931.34 57.91 105.91 0.0522
209.87 530.97 66.32 125.29 0.0521
485.43 57.43 31.76 59.35 0.0516
775.08 48.94 28.19 53.75 0.0514
919.93 156.29 20.85 79.10 0.0514
620.89 53.40 67.60 120.81 0.0511
621.53 374.36 30.99 59.60 0.0510
534.47 151.41 61.58 118.77 0.0510
546.66 660.05 39.88 83.14 0.0509
764.31 936.43 46.10 120.19 0.0508
524.97 911.30 54.69 119.32 0.0505
645.67 93.36 41.68 88.19 0.0501
131.07 755.18 84.51 115.58 0.0501
