58_Hockey_icehockey_puck_58_455
50
425.94 128.43 135.43 139.33 0.8962
0.00 335.14 249.39 364.86 0.2221
686.03 692.28 42.74 36.72 0.1872
137.72 805.64 69.21 59.38 0.1680
928.75 601.60 90.61 202.21 0.1382
664.91 683.81 50.78 38.11 0.1118
699.27 711.38 59.77 65.88 0.1077
361.12 444.78 42.66 55.69 0.1042
900.63 555.83 95.83 183.23 0.0978
735.96 333.17 60.48 109.36 0.0972
135.61 828.53 91.14 91.21 0.0960
574.95 642.71 35.61 40.40 0.0934
117.64 792.08 57.80 49.07 0.0918
240.86 99.86 124.13 128.85 0.0915
508.47 570.40 26.59 43.41 0.0888
890.10 659.90 94.05 164.65 0.0829
554.23 609.83 44.52 56.47 0.0807
622.47 653.00 37.96 41.51 0.0803
813.61 575.98 170.30 252.83 0.0755
504.35 425.80 175.29 216.81 0.0735
874.80 125.32 77.58 165.12 0.0733
877.93 56.30 61.68 118.32 0.0730
0.00 481.10 211.56 356.35 0.0722
439.91 524.11 27.72 49.27 0.0719
248.01 360.68 107.87 243.43 0.0718
95.37 37.50 297.74 330.59 0.0700
559.52 357.25 156.11 251.21 0.0691
625.35 671.44 34.31 43.02 0.0653
664.37 685.53 63.61 76.08 0.0616
250.95 396.13 58.80 175.30 0.0614
340.73 450.79 81.66 120.35 0.0611
726.49 428.71 139.01 216.35 0.0608
124.62 762.08 68.79 53.46 0.0607
522.34 491.45 101.92 136.61 0.0606
460.20 522.49 41.45 71.35 0.0595
403.72 476.99 40.41 66.19 0.0588
260.15 500.22 84.54 163.55 0.0587
735.18 289.03 134.15 230.27 0.0581
114.12 811.10 67.26 77.80 0.0575
568.58 172.45 51.96 81.51 0.0569
855.52 561.00 77.30 140.73 0.0568
497.99 527.97 39.64 74.00 0.0553
92.06 683.08 116.70 131.14 0.0551
569.52 568.10 56.07 78.53 0.0548
440.28 0.00 167.85 156.69 0.0545
134.11 766.46 83.57 80.20 0.0544
940.23 68.24 75.83 208.68 0.0527
238.59 819.53 128.92 155.89 0.0526
919.90 251.89 104.10 199.80 0.0526
409.06 495.43 47.75 72.99 0.0517
