49_Greeting_peoplegreeting_49_894
200
478.63 248.21 49.58 58.14 0.9054
394.48 287.20 67.01 80.53 0.7332
717.38 245.73 48.80 60.01 0.6917
840.73 262.49 31.28 43.53 0.6170
573.16 293.89 39.73 50.55 0.5803
782.38 264.56 46.55 53.31 0.5680
913.20 258.40 49.15 58.48 0.5579
269.15 254.40 33.66 47.16 0.5255
90.59 261.98 40.12 44.46 0.5007
559.11 287.20 39.75 49.76 0.4504
406.00 224.03 34.86 45.34 0.3974
627.10 238.42 28.75 37.31 0.3961
633.17 61.87 26.88 33.39 0.3925
629.44 252.56 28.39 45.12 0.3878
298.71 231.88 37.06 48.68 0.3817
559.50 159.78 25.37 34.15 0.3491
743.40 139.07 18.09 25.82 0.3460
405.66 212.67 29.04 37.39 0.3431
443.70 148.90 18.94 24.06 0.3419
923.24 45.92 16.93 21.82 0.3397
663.79 283.37 36.32 41.80 0.3358
168.39 283.28 47.14 47.81 0.3287
558.35 152.57 20.30 28.61 0.3260
788.75 398.33 48.24 56.32 0.3201
192.65 99.34 21.80 25.67 0.3157
485.67 125.02 17.16 26.84 0.3147
449.53 95.91 16.08 21.93 0.3088
302.29 104.24 22.37 29.30 0.3051
986.23 98.67 25.14 23.27 0.3031
814.70 91.09 15.50 23.39 0.2978
333.83 93.74 20.24 24.51 0.2917
926.52 101.43 15.16 18.00 0.2859
875.02 236.01 36.56 53.80 0.2855
2.03 247.46 24.22 37.97 0.2813
745.68 77.11 26.01 27.29 0.2812
415.06 120.26 17.60 21.46 0.2795
818.18 48.16 20.67 23.38 0.2731
43.56 120.49 20.70 25.34 0.2697
537.64 484.49 39.37 40.57 0.2678
201.88 242.40 46.58 53.35 0.2656
790.56 510.50 56.73 74.94 0.2617
813.98 74.15 18.82 25.14 0.2615
667.96 210.32 22.74 29.82 0.2605
815.91 148.85 16.17 20.31 0.2588
666.12 198.13 20.35 27.53 0.2585
668.67 302.78 30.93 35.91 0.2577
705.83 48.87 15.91 18.75 0.2534
670.51 145.56 23.70 27.39 0.2528
667.50 91.69 22.53 34.74 0.2521
562.01 94.96 25.16 32.94 0.2504
404.68 195.57 22.53 27.77 0.2496
884.46 149.92 17.77 21.77 0.2491
443.32 158.67 23.57 33.50 0.2489
924.99 169.75 18.30 20.80 0.2472
694.09 93.67 24.57 29.59 0.2469
633.71 267.64 29.82 42.62 0.2463
881.78 261.22 36.12 55.17 0.2449
597.06 52.57 14.01 19.27 0.2419
230.37 99.25 22.25 22.69 0.2381
779.74 118.47 18.65 25.16 0.2368
777.11 144.96 17.14 23.86 0.2355
845.82 168.88 21.41 24.95 0.2338
448.77 520.19 54.60 49.81 0.2336
742.82 89.32 29.59 37.45 0.2334
952.58 292.90 26.13 40.91 0.2330
724.61 279.76 42.47 54.96 0.2322
665.32 76.35 20.05 35.84 0.2290
629.41 171.80 18.90 22.04 0.2278
700.25 76.25 20.27 27.29 0.2274
189.82 260.72 58.23 58.70 0.2273
768.91 71.39 21.81 23.22 0.2255
302.40 139.79 25.97 35.90 0.2248
190.93 105.79 36.23 46.46 0.2245
965.46 99.83 18.66 18.21 0.2235
961.46 75.21 13.79 16.81 0.2231
989.78 219.43 26.61 37.62 0.2223
665.88 107.42 25.08 38.38 0.2207
775.39 98.92 19.36 29.68 0.2195
447.66 78.79 14.44 18.97 0.2173
886.14 98.44 15.62 19.49 0.2169
848.97 149.19 17.81 21.92 0.2160
867.45 209.20 37.36 43.24 0.2158
854.29 96.43 15.19 19.38 0.2146
486.01 98.78 15.86 23.59 0.2136
660.59 241.13 31.75 42.30 0.2096
769.18 166.68 21.95 24.49 0.2095
582.02 99.54 25.94 30.09 0.2085
958.84 170.50 22.57 23.12 0.2078
622.95 222.29 28.12 42.49 0.2053
889.25 76.93 13.58 17.50 0.2052
524.05 120.16 18.58 22.43 0.2051
444.89 122.42 18.47 21.95 0.2045
853.86 78.18 14.24 21.16 0.2008
989.43 261.68 31.74 52.86 0.1996
519.51 94.66 17.99 26.32 0.1985
924.34 120.61 16.43 19.45 0.1968
79.85 216.22 26.68 31.48 0.1959
881.51 160.54 20.96 27.14 0.1958
631.48 189.34 20.65 24.63 0.1954
777.24 53.85 14.83 19.30 0.1950
740.98 122.51 20.51 31.71 0.1945
409.61 100.44 16.33 20.76 0.1935
391.80 254.91 57.31 69.43 0.1933
44.67 278.16 55.04 50.84 0.1920
559.43 106.53 21.84 32.04 0.1887
669.56 158.96 21.85 29.41 0.1884
41.44 307.43 47.83 52.12 0.1856
850.29 124.74 15.03 16.15 0.1826
888.98 123.74 15.28 18.46 0.1820
516.43 171.59 21.05 25.31 0.1820
153.97 258.71 53.02 57.56 0.1809
559.21 74.06 19.46 27.81 0.1809
125.29 145.85 46.28 47.46 0.1808
889.22 50.70 14.77 18.68 0.1796
324.92 285.69 32.39 36.03 0.1791
411.43 76.17 13.31 16.20 0.1780
851.97 50.77 13.86 19.27 0.1777
373.92 170.28 19.31 23.25 0.1764
697.11 285.44 30.13 48.53 0.1760
414.71 144.09 20.63 25.02 0.1758
85.91 123.51 28.09 31.33 0.1756
490.12 78.16 14.70 18.54 0.1750
442.94 171.94 26.75 39.77 0.1747
378.90 94.39 18.45 22.31 0.1740
815.16 166.05 18.58 23.18 0.1735
105.69 118.77 43.85 54.63 0.1734
556.14 173.75 25.45 40.07 0.1731
112.30 158.91 35.21 40.15 0.1705
957.82 54.79 16.96 19.63 0.1698
595.05 217.93 22.79 26.22 0.1684
513.91 461.68 46.07 46.52 0.1678
625.60 69.90 33.48 51.04 0.1669
552.08 216.44 24.27 29.36 0.1665
737.59 187.00 23.76 35.60 0.1661
921.94 33.58 16.17 21.29 0.1651
113.31 220.99 25.84 41.89 0.1629
10.71 120.01 17.27 24.36 0.1624
958.45 142.13 22.53 27.54 0.1616
819.15 32.41 16.06 20.28 0.1611
817.72 123.58 14.81 17.55 0.1587
507.58 488.60 65.76 68.01 0.1583
412.13 171.61 17.16 24.91 0.1576
224.07 129.32 34.58 41.57 0.1576
593.85 146.36 18.48 23.31 0.1572
926.90 147.47 17.71 21.19 0.1569
44.61 104.42 18.02 25.02 0.1559
520.27 77.75 15.28 20.04 0.1557
625.67 148.06 21.40 24.07 0.1555
923.79 72.26 16.59 19.96 0.1542
991.49 106.61 24.35 35.53 0.1540
742.67 166.19 20.32 27.26 0.1538
334.96 307.87 33.50 36.89 0.1521
252.37 99.33 25.48 20.47 0.1516
41.43 213.67 23.70 26.59 0.1515
244.93 129.18 35.23 39.23 0.1515
998.09 300.30 25.03 38.20 0.1511
269.22 474.79 32.09 49.21 0.1505
336.91 115.64 21.66 26.85 0.1490
742.25 50.80 13.95 19.17 0.1486
255.25 214.22 41.20 60.10 0.1464
301.41 157.19 26.04 37.46 0.1459
85.15 143.90 25.88 32.15 0.1456
483.20 169.76 20.58 24.80 0.1453
880.83 294.68 28.55 40.18 0.1452
519.78 147.37 20.04 22.48 0.1438
367.51 207.72 34.20 40.05 0.1427
588.63 236.16 28.79 37.52 0.1421
370.85 244.41 48.33 54.61 0.1421
777.00 454.60 100.31 133.74 0.1418
889.85 31.82 13.40 16.45 0.1406
626.32 109.64 28.48 40.38 0.1398
693.76 113.05 25.87 29.30 0.1392
80.06 161.98 23.80 30.66 0.1389
227.22 71.96 17.74 20.17 0.1384
850.19 183.40 26.06 34.72 0.1376
962.12 120.62 24.43 25.31 0.1371
774.45 401.18 72.56 89.29 0.1358
996.47 80.11 16.82 22.51 0.1353
226.58 216.03 38.51 63.51 0.1352
307.79 251.31 44.18 45.64 0.1348
301.42 180.65 29.06 34.44 0.1344
689.00 147.18 29.01 25.41 0.1317
6.76 220.46 21.84 26.33 0.1314
113.45 178.69 28.31 38.11 0.1310
0.00 266.45 28.04 54.97 0.1299
374.24 189.81 28.63 32.73 0.1295
44.81 135.86 20.95 30.46 0.1268
310.93 216.06 43.44 48.92 0.1265
994.72 166.91 19.88 26.58 0.1245
166.95 235.44 59.50 76.99 0.1243
332.95 141.28 25.31 37.12 0.1241
559.21 54.54 14.28 19.95 0.1229
185.64 288.69 60.57 49.99 0.1223
105.23 282.78 41.51 54.47 0.1220
365.60 230.36 40.97 49.29 0.1214
223.77 163.14 27.78 32.12 0.1206
665.39 51.74 18.46 23.59 0.1203
380.29 79.26 15.31 18.86 0.1201
664.75 311.90 29.25 45.77 0.1193
336.66 326.30 55.27 66.91 0.1188
