31_Waiter_Waitress_Waiter_Waitress_31_927
21
443.81 201.76 234.44 327.74 0.748516
432.91 248.01 123.12 251.78 0.294335
287.87 872.60 133.80 165.66 0.254773
414.93 141.29 199.60 280.34 0.107096
479.99 824.44 41.72 72.87 0.104645
596.94 644.35 115.07 261.35 0.100079
104.26 286.89 443.09 816.35 0.096034
205.29 718.95 287.16 340.05 0.082958
604.91 580.63 197.95 384.26 0.079039
470.04 772.39 59.02 103.94 0.075173
517.28 636.67 65.22 114.41 0.068683
485.26 822.20 67.41 96.21 0.068454
854.62 1227.77 69.81 255.70 0.064397
473.82 644.09 375.74 578.44 0.062553
497.67 731.45 70.19 115.02 0.059398
177.50 971.18 69.02 90.78 0.058819
184.98 851.58 217.31 219.05 0.058511
520.37 639.49 130.52 217.33 0.057916
489.30 875.68 65.89 103.10 0.055348
550.93 628.73 64.77 121.51 0.050554
577.86 374.91 129.71 200.23 0.050032
