30_Surgeons_Surgeons_30_256
200
927.89 0.00 81.03 79.74 0.1924
50.59 511.48 80.21 79.25 0.1921
50.53 403.67 80.29 79.44 0.1920
50.55 80.52 80.22 79.36 0.1920
50.55 161.30 80.22 79.36 0.1920
50.58 592.23 80.22 79.28 0.1920
50.52 457.59 80.28 79.28 0.1920
50.51 269.06 80.24 79.41 0.1919
928.13 619.10 80.52 79.54 0.1919
50.49 349.81 80.32 79.45 0.1919
854.61 0.00 81.12 79.71 0.1919
928.15 107.53 80.48 79.37 0.1918
159.71 0.00 81.20 79.72 0.1918
50.51 215.20 80.24 79.39 0.1918
928.11 538.30 80.57 79.58 0.1917
891.60 107.51 80.17 79.19 0.1917
928.14 484.46 80.51 79.54 0.1917
818.05 0.00 81.11 79.71 0.1917
928.14 161.36 80.47 79.46 0.1916
928.14 215.22 80.47 79.46 0.1916
232.91 0.00 81.22 79.72 0.1916
415.76 0.00 81.22 79.72 0.1916
452.33 0.00 81.22 79.72 0.1916
525.48 0.00 81.22 79.72 0.1916
86.58 0.00 81.26 79.73 0.1916
123.15 0.00 81.26 79.73 0.1916
781.47 0.00 81.23 79.72 0.1916
13.80 269.19 80.15 79.08 0.1915
928.10 376.80 80.55 79.52 0.1915
891.68 161.37 80.10 79.20 0.1915
891.64 511.41 80.19 79.29 0.1915
891.64 619.10 80.24 79.34 0.1914
50.25 0.00 80.91 79.59 0.1914
928.09 53.61 80.54 79.53 0.1914
928.10 269.06 80.50 79.48 0.1914
13.52 0.00 80.89 79.38 0.1914
598.62 0.00 81.21 79.74 0.1914
635.19 0.00 81.21 79.74 0.1914
928.11 430.63 80.52 79.48 0.1914
928.10 322.92 80.52 79.56 0.1914
306.05 0.00 81.22 79.72 0.1913
342.62 0.00 81.22 79.72 0.1913
379.19 0.00 81.22 79.72 0.1913
488.91 0.00 81.22 79.72 0.1913
562.05 0.00 81.22 79.72 0.1913
744.99 241.82 80.82 79.89 0.1913
159.85 322.61 80.82 79.89 0.1913
598.75 295.70 80.78 79.94 0.1913
379.32 618.84 80.78 79.94 0.1913
13.81 323.03 80.14 79.13 0.1913
50.71 646.18 79.97 79.13 0.1913
196.29 0.00 81.28 79.73 0.1913
891.60 53.63 80.19 79.31 0.1913
123.28 618.81 80.87 79.95 0.1913
891.31 0.00 80.90 79.57 0.1913
891.64 565.25 80.20 79.32 0.1912
13.79 107.61 80.22 79.13 0.1912
13.81 430.70 80.25 79.25 0.1912
269.56 107.15 80.83 79.93 0.1912
671.85 268.72 80.83 79.93 0.1912
781.56 268.72 80.83 79.93 0.1912
635.28 295.65 80.83 79.93 0.1912
818.13 295.65 80.83 79.93 0.1912
488.99 484.15 80.83 79.93 0.1912
562.18 53.31 80.79 79.98 0.1912
598.75 53.31 80.79 79.98 0.1912
671.90 53.30 80.77 79.98 0.1912
598.75 107.17 80.79 79.98 0.1912
781.61 322.60 80.79 79.98 0.1912
818.18 349.53 80.79 79.98 0.1912
854.75 349.53 80.79 79.98 0.1912
489.03 538.03 80.79 79.98 0.1912
891.68 457.59 80.21 79.28 0.1912
13.80 484.53 80.30 79.31 0.1912
562.20 295.69 80.75 79.86 0.1911
269.48 0.00 81.21 79.74 0.1911
671.77 0.00 81.21 79.74 0.1911
708.34 0.00 81.21 79.74 0.1911
744.91 0.00 81.21 79.74 0.1911
708.42 295.65 80.84 80.01 0.1911
744.99 295.65 80.84 80.01 0.1911
854.70 295.65 80.84 80.01 0.1911
415.85 511.08 80.84 80.01 0.1911
452.42 511.08 80.84 80.01 0.1911
13.80 161.48 80.16 79.12 0.1911
13.80 215.34 80.16 79.12 0.1911
891.55 295.90 80.35 79.41 0.1911
671.91 511.15 80.79 79.86 0.1911
781.62 538.08 80.79 79.86 0.1911
745.05 565.00 80.79 79.86 0.1911
781.62 591.93 80.79 79.86 0.1911
671.91 618.86 80.79 79.86 0.1911
891.68 215.20 80.20 79.23 0.1911
562.15 241.81 80.81 79.90 0.1911
708.44 241.81 80.81 79.90 0.1911
196.44 295.67 80.81 79.90 0.1911
269.58 295.67 80.81 79.90 0.1911
233.01 322.59 80.81 79.90 0.1911
489.01 430.31 80.81 79.90 0.1911
415.91 618.83 80.77 79.95 0.1911
452.48 618.83 80.77 79.95 0.1911
854.82 457.35 80.68 79.76 0.1911
708.47 564.92 80.80 79.95 0.1911
891.56 349.75 80.32 79.44 0.1911
708.43 618.76 80.84 79.97 0.1911
818.18 591.90 80.83 79.92 0.1910
854.71 618.81 80.87 79.95 0.1910
196.43 349.53 80.82 79.98 0.1910
87.04 646.00 80.38 79.45 0.1910
13.77 53.74 80.24 79.14 0.1910
489.10 80.26 80.69 79.85 0.1910
708.53 80.26 80.69 79.85 0.1910
525.67 107.19 80.69 79.85 0.1910
671.96 134.12 80.69 79.85 0.1910
379.39 161.05 80.69 79.85 0.1910
489.10 161.05 80.69 79.85 0.1910
525.67 161.05 80.69 79.85 0.1910
562.24 161.05 80.69 79.85 0.1910
598.82 161.05 80.69 79.85 0.1910
635.39 161.05 80.69 79.85 0.1910
233.10 187.98 80.69 79.85 0.1910
489.10 349.55 80.69 79.85 0.1910
525.67 376.48 80.69 79.85 0.1910
562.24 376.48 80.69 79.85 0.1910
525.67 430.33 80.69 79.85 0.1910
489.10 591.91 80.69 79.85 0.1910
86.78 80.33 80.73 79.79 0.1910
123.35 80.33 80.73 79.79 0.1910
818.20 214.97 80.73 79.79 0.1910
86.78 403.47 80.73 79.79 0.1910
123.35 403.47 80.73 79.79 0.1910
635.35 403.47 80.73 79.79 0.1910
818.19 403.37 80.75 79.90 0.1910
745.06 430.40 80.73 79.79 0.1910
781.63 457.33 80.73 79.79 0.1910
269.63 538.12 80.73 79.79 0.1910
306.20 591.97 80.73 79.79 0.1910
781.89 646.05 80.34 79.46 0.1910
13.80 619.17 80.30 79.29 0.1910
928.40 673.24 80.01 79.49 0.1910
159.91 80.24 80.75 79.88 0.1910
342.77 80.24 80.75 79.88 0.1910
379.34 80.24 80.75 79.88 0.1910
415.91 80.24 80.75 79.88 0.1910
452.49 80.24 80.75 79.88 0.1910
123.34 134.10 80.75 79.88 0.1910
159.91 134.10 80.75 79.88 0.1910
415.91 134.10 80.75 79.88 0.1910
452.49 134.10 80.75 79.88 0.1910
708.49 134.10 80.75 79.88 0.1910
745.06 134.10 80.75 79.88 0.1910
123.34 187.96 80.75 79.88 0.1910
159.91 187.96 80.75 79.88 0.1910
196.49 187.96 80.75 79.88 0.1910
269.63 187.96 80.75 79.88 0.1910
306.20 187.96 80.75 79.88 0.1910
342.77 187.96 80.75 79.88 0.1910
415.91 187.96 80.75 79.88 0.1910
452.49 187.96 80.75 79.88 0.1910
671.91 187.96 80.75 79.88 0.1910
708.49 187.96 80.75 79.88 0.1910
745.06 187.96 80.75 79.88 0.1910
379.34 214.89 80.75 79.88 0.1910
489.06 214.89 80.75 79.88 0.1910
525.63 214.89 80.75 79.88 0.1910
781.63 214.89 80.75 79.88 0.1910
196.49 241.81 80.75 79.88 0.1910
233.06 241.81 80.75 79.88 0.1910
269.63 241.81 80.75 79.88 0.1910
306.20 241.81 80.75 79.88 0.1910
342.77 241.81 80.75 79.88 0.1910
415.91 241.81 80.75 79.88 0.1910
452.49 241.81 80.75 79.88 0.1910
854.77 241.81 80.75 79.88 0.1910
123.34 268.74 80.75 79.88 0.1910
159.91 268.74 80.75 79.88 0.1910
379.34 268.74 80.75 79.88 0.1910
489.06 268.74 80.75 79.88 0.1910
525.63 268.74 80.75 79.88 0.1910
306.20 295.67 80.75 79.88 0.1910
342.77 295.67 80.75 79.88 0.1910
415.91 295.67 80.75 79.88 0.1910
452.49 295.67 80.75 79.88 0.1910
123.34 322.60 80.75 79.88 0.1910
379.34 322.60 80.75 79.88 0.1910
525.63 322.60 80.75 79.88 0.1910
86.77 349.53 80.75 79.88 0.1910
342.77 349.53 80.75 79.88 0.1910
452.49 349.53 80.75 79.88 0.1910
379.34 376.46 80.75 79.88 0.1910
598.77 376.46 80.75 79.88 0.1910
159.91 403.39 80.75 79.88 0.1910
306.20 403.39 80.75 79.88 0.1910
342.77 403.39 80.75 79.88 0.1910
452.49 403.39 80.75 79.88 0.1910
671.91 403.39 80.75 79.88 0.1910
708.49 403.39 80.75 79.88 0.1910
781.63 403.39 80.75 79.88 0.1910
196.49 430.31 80.75 79.88 0.1910
233.06 430.31 80.75 79.88 0.1910
