30_Surgeons_Surgeons_30_696
200
927.82 0.00 81.24 180.64 0.1921
50.59 670.63 80.21 179.53 0.1921
50.59 1219.63 80.21 179.53 0.1921
50.52 853.63 80.27 179.51 0.1921
50.48 1402.59 80.31 179.57 0.1921
50.48 243.38 80.36 179.98 0.1920
928.12 670.42 80.55 180.26 0.1920
928.12 1097.42 80.55 180.26 0.1920
50.58 1097.56 80.22 179.60 0.1920
50.49 365.41 80.40 180.10 0.1919
50.51 975.36 80.30 179.79 0.1919
50.49 121.38 80.38 179.99 0.1919
50.53 487.41 80.27 179.77 0.1919
928.11 1402.38 80.57 180.27 0.1917
928.14 792.43 80.51 180.18 0.1917
928.14 914.43 80.51 180.18 0.1917
891.63 609.40 80.23 179.74 0.1917
891.63 1097.40 80.23 179.74 0.1917
525.48 0.00 81.11 180.56 0.1917
488.91 0.00 81.20 180.57 0.1916
13.79 365.75 80.22 179.17 0.1916
928.09 548.45 80.53 180.19 0.1916
598.58 0.00 81.17 180.59 0.1916
452.33 0.00 81.22 180.57 0.1916
635.19 0.00 81.22 180.57 0.1916
708.33 0.00 81.22 180.57 0.1916
891.66 914.55 80.14 179.46 0.1916
13.74 121.73 80.24 179.38 0.1915
928.12 121.33 80.53 180.42 0.1915
123.32 1279.75 80.81 181.03 0.1915
159.90 1279.75 80.81 181.03 0.1915
379.32 120.76 80.88 181.19 0.1914
854.62 0.00 81.21 180.63 0.1914
13.81 243.74 80.19 179.18 0.1914
562.01 0.00 81.14 180.56 0.1914
415.76 0.00 81.22 180.58 0.1913
13.82 1402.81 80.26 179.38 0.1913
744.86 0.00 81.27 180.66 0.1913
928.10 365.48 80.54 180.23 0.1913
196.50 913.70 80.79 181.01 0.1913
13.80 853.65 80.29 179.58 0.1913
671.72 0.00 81.28 180.61 0.1913
818.00 0.00 81.28 180.61 0.1913
891.65 792.50 80.16 179.54 0.1913
415.97 1096.75 80.73 180.84 0.1913
233.03 1157.79 80.82 181.00 0.1913
269.60 1157.79 80.82 181.00 0.1913
306.25 1157.75 80.73 180.84 0.1913
342.83 1157.75 80.73 180.84 0.1913
50.31 0.00 80.81 180.19 0.1913
452.47 1096.75 80.79 180.83 0.1913
452.47 1218.75 80.79 180.83 0.1913
342.76 1279.75 80.79 180.83 0.1913
159.84 1035.71 80.89 181.15 0.1913
928.10 243.28 80.65 180.45 0.1913
123.40 1157.83 80.74 180.91 0.1913
159.97 1157.83 80.74 180.91 0.1913
489.05 669.76 80.82 181.06 0.1912
415.97 1340.75 80.74 181.03 0.1912
891.48 243.20 80.43 180.05 0.1912
13.81 609.78 80.28 179.45 0.1912
269.61 1279.75 80.81 181.02 0.1912
306.18 1279.75 80.81 181.02 0.1912
379.33 1340.75 80.81 181.02 0.1912
123.33 1401.75 80.81 181.02 0.1912
159.90 1401.75 80.81 181.02 0.1912
196.47 1401.75 80.81 181.02 0.1912
415.90 120.74 80.77 181.18 0.1912
854.75 181.77 80.79 181.17 0.1912
342.75 242.77 80.79 181.17 0.1912
818.18 242.77 80.79 181.17 0.1912
891.32 0.00 80.91 180.06 0.1912
159.89 242.77 80.88 181.18 0.1912
196.47 242.77 80.88 181.18 0.1912
233.04 242.77 80.88 181.18 0.1912
269.61 242.77 80.88 181.18 0.1912
306.18 242.77 80.88 181.18 0.1912
269.62 486.88 80.79 180.90 0.1912
306.19 486.88 80.79 180.90 0.1912
635.38 547.87 80.73 180.83 0.1912
13.80 975.58 80.30 179.65 0.1912
13.80 1097.58 80.30 179.65 0.1912
891.56 1402.36 80.32 179.74 0.1912
891.49 121.19 80.41 180.10 0.1911
159.77 0.00 81.21 180.63 0.1911
306.05 0.00 81.21 180.63 0.1911
415.95 242.72 80.75 181.02 0.1911
781.56 120.72 80.94 181.25 0.1911
452.48 181.88 80.79 180.90 0.1911
123.28 242.72 80.94 181.25 0.1911
891.55 365.29 80.35 179.89 0.1911
635.33 1035.88 80.79 180.90 0.1911
379.39 1096.79 80.74 180.82 0.1911
708.48 1218.88 80.79 180.90 0.1911
708.48 1340.88 80.79 180.90 0.1911
671.87 547.84 80.82 180.96 0.1911
525.58 669.84 80.82 180.96 0.1911
13.82 731.82 80.26 179.38 0.1911
342.76 120.77 80.85 181.11 0.1911
598.80 547.80 80.78 180.97 0.1911
781.43 0.00 81.27 180.67 0.1911
635.63 1463.34 80.34 179.97 0.1911
818.14 120.78 80.91 181.18 0.1910
415.90 364.80 80.83 181.03 0.1910
379.32 425.80 80.83 181.03 0.1910
86.75 486.80 80.83 181.03 0.1910
123.32 486.80 80.83 181.03 0.1910
159.90 486.80 80.83 181.03 0.1910
196.47 486.80 80.83 181.03 0.1910
233.04 486.80 80.83 181.03 0.1910
342.75 486.80 80.83 181.03 0.1910
745.04 608.80 80.83 181.03 0.1910
781.61 669.80 80.83 181.03 0.1910
818.18 913.80 80.83 181.03 0.1910
854.75 913.80 80.83 181.03 0.1910
452.53 974.80 80.76 181.01 0.1910
342.82 1035.80 80.76 181.01 0.1910
452.54 1340.76 80.74 180.99 0.1910
671.90 1401.80 80.83 181.03 0.1910
781.61 1401.80 80.83 181.03 0.1910
525.61 364.80 80.82 181.00 0.1910
562.18 364.80 80.82 181.00 0.1910
13.81 487.65 80.25 179.48 0.1910
489.03 1035.80 80.82 181.00 0.1910
196.46 1218.80 80.82 181.00 0.1910
489.04 1218.76 80.80 180.98 0.1910
86.75 1279.80 80.82 181.00 0.1910
233.03 1279.80 80.82 181.00 0.1910
233.03 1401.80 80.82 181.00 0.1910
269.61 1401.80 80.82 181.00 0.1910
306.18 1401.76 80.80 180.98 0.1910
342.76 1401.76 80.80 180.98 0.1910
598.71 1401.77 80.87 181.10 0.1910
745.00 1401.77 80.87 181.10 0.1910
818.14 1401.77 80.87 181.10 0.1910
854.71 1401.77 80.87 181.10 0.1910
891.61 487.50 80.28 179.66 0.1910
379.33 1218.75 80.79 180.82 0.1910
415.90 1218.75 80.79 180.82 0.1910
379.39 303.81 80.69 180.88 0.1910
635.38 242.84 80.77 180.90 0.1910
818.20 425.97 80.73 180.75 0.1910
708.49 730.97 80.73 180.75 0.1910
928.21 1219.53 80.41 180.08 0.1910
452.48 852.81 80.81 180.96 0.1910
489.03 913.81 80.85 181.07 0.1910
525.62 1157.75 80.78 181.03 0.1910
745.06 181.77 80.75 180.96 0.1910
781.63 303.77 80.75 180.96 0.1910
635.34 669.77 80.75 180.96 0.1910
671.91 669.77 80.75 180.96 0.1910
562.20 730.77 80.75 180.96 0.1910
525.63 791.77 80.75 180.96 0.1910
562.20 852.77 80.75 180.96 0.1910
671.91 852.77 80.75 180.96 0.1910
598.77 913.77 80.75 180.96 0.1910
635.34 913.77 80.75 180.96 0.1910
525.62 974.85 80.83 180.97 0.1910
562.18 1157.79 80.79 180.91 0.1910
13.82 1219.75 80.26 179.46 0.1910
159.96 364.82 80.71 181.07 0.1910
196.53 364.82 80.71 181.07 0.1910
306.24 364.82 80.71 181.07 0.1910
708.46 1035.84 80.80 180.92 0.1910
562.15 1401.81 80.86 181.03 0.1910
708.53 547.88 80.72 180.82 0.1909
452.46 608.83 80.81 180.91 0.1909
562.17 974.83 80.81 180.91 0.1909
598.74 1035.83 80.81 180.91 0.1909
598.70 1157.80 80.84 180.98 0.1909
86.71 181.67 80.92 181.37 0.1909
415.92 669.75 80.80 180.98 0.1909
818.21 669.90 80.80 180.95 0.1909
196.34 0.00 81.21 180.63 0.1909
232.91 0.00 81.21 180.63 0.1909
269.48 0.00 81.21 180.63 0.1909
342.62 0.00 81.21 180.63 0.1909
379.20 0.00 81.21 180.63 0.1909
708.49 242.89 80.78 180.89 0.1909
745.06 303.89 80.78 180.89 0.1909
123.34 364.78 80.77 181.14 0.1909
233.05 364.78 80.77 181.14 0.1909
269.63 364.78 80.77 181.14 0.1909
342.76 364.70 80.80 181.09 0.1909
745.06 425.89 80.78 180.89 0.1909
781.63 425.89 80.78 180.89 0.1909
854.76 425.70 80.80 181.09 0.1909
781.63 547.89 80.78 180.89 0.1909
269.60 608.72 80.84 181.04 0.1909
598.76 669.70 80.80 181.09 0.1909
745.06 730.89 80.78 180.89 0.1909
708.49 852.89 80.78 180.89 0.1909
745.06 852.89 80.78 180.89 0.1909
671.91 974.89 80.78 180.89 0.1909
745.06 974.89 80.78 180.89 0.1909
635.34 1157.89 80.78 180.89 0.1909
671.91 1157.89 80.78 180.89 0.1909
671.91 1279.89 80.78 180.89 0.1909
196.48 120.71 80.84 181.22 0.1909
269.62 120.71 80.84 181.22 0.1909
