15_Stock_Market_Stock_Market_15_751
15
247.05 104.18 170.15 218.91 0.8554
885.29 709.74 19.02 16.72 0.1008
768.45 516.97 42.00 47.35 0.0993
771.17 503.20 34.40 40.89 0.0862
311.27 0.47 88.88 59.33 0.0710
49.71 270.31 456.92 515.69 0.0698
925.66 709.51 18.14 17.17 0.0677
796.66 503.18 39.37 34.73 0.0658
22.07 0.00 141.80 77.51 0.0651
2.03 0.00 46.59 40.10 0.0638
170.61 39.81 120.18 173.23 0.0585
78.43 367.70 89.40 180.15 0.0573
67.92 596.20 59.57 74.73 0.0568
955.78 748.95 43.68 33.50 0.0518
165.64 160.09 254.93 271.23 0.0505
