3_Riot_Riot_3_716
20
121.34 46.28 247.88 274.91 0.9842
392.48 152.60 345.10 275.90 0.9828
71.01 90.99 185.22 278.59 0.9688
578.33 56.70 445.67 218.14 0.2207
553.19 306.24 315.02 320.65 0.1724
260.87 404.17 275.56 277.83 0.1044
386.17 301.39 335.07 310.74 0.1002
150.89 387.71 213.22 294.29 0.0879
137.71 137.04 361.26 251.52 0.0666
501.70 218.53 491.67 252.00 0.0378
239.07 454.41 155.16 115.17 0.0365
201.37 475.89 136.56 115.99 0.0317
563.09 280.93 138.44 116.90 0.0269
0.00 0.00 255.97 278.76 0.0267
17.50 488.70 85.52 101.24 0.0262
27.48 346.65 217.25 335.35 0.0254
675.16 387.87 161.86 87.67 0.0234
452.01 121.85 415.40 207.95 0.0228
66.89 451.70 106.01 109.09 0.0222
299.93 468.37 159.71 102.91 0.0212
