12_Group_Team_Organized_Group_12_Group_Team_Organized_Group_12_617
200
911.01 186.47 49.93 59.54 0.6037
192.21 187.67 47.15 71.76 0.5368
294.49 159.31 22.82 31.85 0.5203
562.77 157.54 33.31 46.03 0.5183
848.98 129.87 23.86 31.46 0.4656
810.67 162.29 23.24 31.27 0.3992
3.86 241.09 27.24 49.65 0.3837
265.87 186.55 27.12 48.41 0.3719
71.84 192.29 27.46 44.90 0.3434
741.82 155.36 19.45 27.82 0.3240
344.42 217.62 30.62 42.97 0.3233
935.95 163.11 50.41 73.07 0.3031
120.21 202.70 26.57 42.35 0.3002
658.20 155.17 24.82 30.47 0.2927
707.68 157.22 23.60 28.44 0.2884
42.30 190.92 22.82 37.10 0.2737
337.01 170.68 20.62 34.27 0.2643
340.06 186.21 25.95 36.69 0.2576
700.03 438.87 37.05 38.42 0.2566
735.32 143.97 21.92 35.65 0.2549
484.72 211.36 26.52 48.32 0.2440
769.69 219.96 28.21 45.16 0.2389
804.57 174.17 25.65 41.90 0.2284
374.68 164.48 19.63 31.94 0.2276
153.96 185.25 29.71 49.82 0.2244
286.43 165.84 32.63 54.30 0.2095
355.20 224.76 32.59 46.55 0.2083
46.41 220.56 33.79 64.53 0.2038
45.79 200.26 33.99 54.25 0.2023
773.80 463.18 52.50 64.38 0.2018
227.09 273.40 41.26 59.28 0.1970
251.91 209.73 36.77 63.41 0.1965
364.74 187.62 24.60 34.05 0.1957
289.25 211.60 31.47 43.77 0.1893
771.62 192.22 26.44 36.01 0.1838
765.39 160.60 25.46 28.79 0.1741
73.62 169.56 32.00 56.26 0.1670
839.94 571.31 29.32 37.91 0.1661
435.37 206.93 26.81 43.18 0.1659
883.02 521.49 21.39 29.45 0.1654
505.22 395.56 37.08 52.41 0.1645
884.45 546.73 21.46 28.07 0.1610
10.13 189.65 26.54 37.60 0.1578
409.08 242.30 20.50 35.73 0.1543
703.32 531.62 64.56 80.92 0.1543
728.87 453.18 35.03 36.65 0.1536
409.08 164.17 17.27 25.85 0.1518
633.92 161.09 24.15 29.69 0.1514
440.96 190.15 22.66 31.57 0.1495
716.23 434.49 42.11 38.25 0.1474
882.60 122.91 31.48 45.73 0.1473
849.85 201.49 30.91 44.09 0.1436
27.59 246.88 40.09 74.77 0.1420
882.37 113.02 24.04 36.66 0.1396
718.75 588.56 63.17 108.39 0.1366
993.91 372.68 30.09 67.74 0.1356
964.99 161.39 57.91 88.04 0.1333
665.58 187.52 31.38 40.16 0.1329
525.88 515.32 69.22 139.77 0.1293
64.71 209.02 38.08 70.54 0.1275
81.33 483.99 24.30 32.97 0.1267
794.76 526.63 47.20 66.83 0.1242
627.57 186.16 24.37 33.94 0.1226
37.14 483.20 32.51 43.41 0.1218
984.01 61.67 37.10 56.41 0.1217
902.06 129.00 48.20 55.77 0.1214
373.06 146.14 20.44 38.43 0.1209
766.72 521.02 52.71 65.33 0.1207
154.21 98.05 26.89 41.78 0.1200
7.78 258.63 38.68 80.27 0.1198
449.71 168.31 22.62 32.76 0.1194
74.23 262.85 46.82 94.89 0.1172
746.87 582.22 68.44 100.55 0.1170
117.70 2.94 20.31 22.80 0.1163
851.01 4.47 16.85 19.65 0.1154
695.78 175.26 31.05 44.81 0.1148
415.01 215.64 29.28 49.54 0.1138
920.09 582.00 20.91 29.30 0.1137
556.63 190.77 38.30 56.41 0.1130
244.03 257.56 47.76 71.75 0.1109
812.16 145.82 20.39 37.02 0.1105
839.22 287.93 32.06 62.50 0.1105
680.62 510.43 65.95 90.48 0.1093
775.21 440.41 41.50 43.31 0.1091
573.29 192.32 42.70 52.47 0.1090
981.65 85.70 41.45 62.83 0.1089
727.96 471.39 51.39 65.20 0.1088
634.48 141.47 23.20 33.03 0.1084
805.90 202.15 27.23 44.92 0.1075
807.55 564.13 38.00 49.88 0.1065
810.39 584.99 56.13 86.87 0.1054
572.84 433.55 53.04 77.47 0.1048
543.98 471.31 50.22 116.50 0.1048
739.26 184.78 26.52 39.20 0.1038
482.08 194.38 22.24 40.27 0.1036
926.04 185.05 62.38 93.63 0.1031
638.81 526.52 85.15 95.65 0.1021
663.14 211.95 32.93 40.90 0.1011
846.33 148.60 28.06 38.66 0.1005
365.24 260.28 33.99 52.66 0.1002
873.35 491.71 29.95 41.90 0.0988
613.75 425.54 36.79 51.12 0.0980
155.94 220.09 52.47 55.51 0.0976
6.51 486.72 23.15 35.57 0.0963
656.38 477.33 70.24 88.75 0.0957
777.11 142.12 19.82 32.62 0.0953
114.62 31.49 22.82 35.29 0.0953
15.27 269.77 49.96 99.98 0.0946
716.83 615.76 88.33 134.94 0.0942
920.08 0.00 22.61 22.54 0.0933
662.29 449.01 62.05 53.66 0.0932
413.50 186.16 22.35 39.13 0.0930
561.64 470.51 56.96 84.90 0.0927
572.04 391.11 52.58 79.98 0.0920
759.10 547.11 63.68 89.05 0.0919
741.11 109.85 20.76 30.56 0.0918
110.63 217.24 35.98 66.35 0.0918
513.91 274.30 25.03 38.42 0.0916
620.18 383.12 32.50 56.55 0.0915
827.71 563.92 46.65 70.79 0.0911
98.88 163.55 46.05 78.67 0.0907
904.81 111.39 37.90 52.54 0.0900
600.34 529.13 67.58 87.23 0.0899
509.55 215.50 27.27 47.48 0.0883
838.08 87.66 30.90 49.85 0.0883
691.28 471.48 50.55 73.70 0.0883
597.97 432.96 54.38 72.09 0.0880
994.35 343.75 29.65 64.78 0.0878
512.50 182.38 26.75 38.64 0.0876
175.40 100.78 34.52 42.47 0.0868
154.05 29.14 26.07 30.98 0.0865
36.69 55.58 25.75 31.48 0.0863
733.36 207.43 37.86 60.07 0.0861
486.09 410.22 33.55 48.56 0.0856
42.64 468.59 27.44 39.53 0.0853
739.69 0.36 20.09 22.89 0.0852
85.13 30.20 19.83 26.82 0.0845
741.64 84.94 21.63 33.48 0.0842
973.40 213.30 50.60 85.71 0.0842
996.45 305.00 27.55 54.85 0.0841
10.69 160.81 32.10 48.40 0.0838
521.87 162.27 23.49 38.23 0.0823
641.86 569.74 50.05 75.29 0.0814
229.46 28.14 22.36 30.32 0.0811
834.56 505.51 56.43 68.30 0.0810
261.87 464.25 91.54 83.17 0.0809
556.18 540.77 58.97 88.64 0.0809
273.91 257.06 52.37 74.30 0.0808
689.76 550.14 71.84 109.12 0.0804
991.52 450.59 32.48 54.53 0.0804
477.19 273.42 33.58 51.32 0.0797
850.47 27.15 16.02 20.95 0.0787
259.78 59.23 19.46 32.45 0.0776
337.52 252.58 35.83 62.36 0.0767
887.01 210.11 59.17 66.46 0.0763
553.37 237.85 28.61 35.48 0.0761
187.19 29.23 23.69 32.77 0.0760
549.29 393.87 44.63 63.48 0.0758
948.74 100.40 48.45 67.20 0.0752
410.35 137.91 18.41 32.47 0.0743
631.87 290.55 30.56 59.37 0.0742
404.84 249.21 26.67 51.56 0.0737
704.56 1.80 20.72 25.33 0.0737
840.12 218.74 42.95 70.61 0.0736
780.25 3.01 16.78 20.18 0.0736
413.87 106.40 21.52 40.27 0.0730
633.99 660.83 57.11 63.10 0.0720
501.63 430.45 51.05 84.00 0.0720
482.30 424.33 51.32 80.03 0.0719
365.81 285.56 33.56 47.91 0.0718
645.90 703.46 49.14 56.71 0.0718
186.17 0.00 25.15 24.42 0.0717
5.64 463.41 25.08 43.16 0.0713
607.68 577.32 55.35 71.09 0.0712
280.79 438.97 140.20 127.77 0.0711
823.97 291.14 53.21 97.15 0.0708
813.15 3.75 16.43 19.34 0.0706
799.30 227.26 34.41 52.50 0.0704
983.71 260.70 40.29 70.71 0.0703
148.35 131.22 37.24 64.30 0.0703
45.20 432.73 27.20 41.17 0.0702
81.37 48.81 25.51 42.85 0.0696
226.30 1.64 23.50 26.37 0.0695
183.93 241.36 47.69 68.55 0.0694
742.26 32.13 19.07 27.74 0.0693
536.13 360.69 40.38 59.80 0.0692
259.05 68.79 22.96 41.09 0.0681
921.89 521.65 24.68 30.56 0.0679
227.40 77.42 24.91 37.30 0.0675
757.20 221.82 49.02 86.19 0.0674
911.73 641.74 26.73 47.96 0.0672
622.09 199.68 37.01 47.98 0.0671
874.76 564.81 31.79 39.09 0.0670
492.98 326.68 55.53 77.29 0.0665
804.54 278.10 53.52 101.09 0.0662
656.40 406.64 47.61 49.27 0.0662
611.57 652.26 48.42 58.75 0.0661
33.12 76.18 29.14 34.22 0.0656
220.02 594.84 31.76 55.63 0.0655
84.28 4.46 21.11 21.19 0.0654
