12_Group_Team_Organized_Group_12_Group_Team_Organized_Group_12_353
133
412.52 0.00 312.54 329.11 0.4507
414.88 527.07 247.99 492.52 0.3129
588.97 455.70 74.17 113.61 0.2836
162.18 643.69 80.83 117.59 0.2522
245.20 696.57 54.60 91.58 0.2502
205.34 611.44 54.82 80.31 0.2391
533.79 0.00 377.48 464.37 0.2204
581.97 388.05 142.58 230.69 0.1934
402.33 605.73 41.52 70.01 0.1685
619.66 499.35 106.36 175.07 0.1646
482.23 523.29 77.26 108.00 0.1549
225.05 600.66 57.73 80.04 0.1536
537.67 521.24 84.45 127.93 0.1506
544.47 507.82 62.57 84.69 0.1447
359.64 611.16 40.99 77.92 0.1433
462.85 525.88 61.24 93.92 0.1387
559.41 958.22 171.24 300.41 0.1385
797.82 764.66 111.18 129.17 0.1378
735.76 962.52 33.13 84.94 0.1376
336.19 619.93 39.20 67.18 0.1372
67.30 949.13 50.87 75.70 0.1314
429.93 551.70 54.64 83.20 0.1312
91.81 934.00 59.42 90.62 0.1304
627.28 532.15 116.82 273.36 0.1249
401.85 629.77 46.51 99.56 0.1226
591.56 554.73 78.93 194.88 0.1195
43.57 960.69 45.38 63.22 0.1161
336.85 649.83 45.85 74.02 0.1156
543.30 466.32 66.76 79.92 0.1151
525.30 560.00 97.50 172.59 0.1139
607.43 930.49 97.69 173.75 0.1135
804.57 600.39 107.98 121.14 0.1134
186.58 682.40 95.33 148.47 0.1116
714.45 579.16 79.26 161.78 0.1095
44.30 941.60 37.41 54.53 0.1057
137.53 947.35 54.35 91.44 0.1055
174.69 935.39 59.59 113.08 0.1019
367.04 576.25 38.43 73.54 0.0998
480.32 508.59 107.95 203.94 0.0981
266.59 671.44 60.68 102.03 0.0969
405.04 635.25 153.32 279.99 0.0944
131.18 1137.13 51.07 84.57 0.0932
161.37 565.96 88.78 152.33 0.0931
655.85 910.68 78.50 120.49 0.0916
506.60 466.41 62.50 81.35 0.0900
788.99 681.09 137.64 164.97 0.0896
463.90 470.39 69.98 106.56 0.0891
290.08 621.12 36.86 58.38 0.0861
402.85 602.70 99.84 212.43 0.0848
660.25 841.86 69.69 126.88 0.0829
474.19 771.55 217.85 409.24 0.0808
7.17 941.72 24.11 58.35 0.0805
913.35 813.65 32.57 64.43 0.0801
179.16 815.53 66.12 89.64 0.0796
151.68 1126.00 72.98 112.79 0.0795
327.32 675.61 60.28 108.26 0.0787
323.73 747.45 53.31 94.14 0.0781
551.07 653.49 143.13 358.85 0.0778
5.92 973.49 24.35 53.63 0.0777
955.58 819.15 24.78 63.01 0.0771
871.34 1070.26 88.51 127.85 0.0763
275.93 1053.37 59.35 103.14 0.0760
217.89 885.72 79.72 107.85 0.0760
723.52 20.29 187.82 325.76 0.0755
205.02 803.72 89.21 115.73 0.0755
184.50 1108.56 74.63 119.20 0.0745
209.82 931.44 63.43 111.92 0.0743
750.35 595.96 70.14 123.84 0.0723
994.46 1084.84 25.63 61.02 0.0721
983.78 1366.16 33.07 76.30 0.0711
321.72 788.02 57.30 105.50 0.0710
151.23 686.46 88.57 146.00 0.0709
757.32 1009.39 59.05 159.77 0.0704
7.26 1184.51 28.98 77.35 0.0703
100.25 614.31 71.25 96.02 0.0702
141.32 976.68 69.57 128.05 0.0700
334.62 578.91 38.57 80.25 0.0697
133.12 1084.09 54.50 104.65 0.0693
39.57 1143.52 24.77 56.01 0.0689
636.79 788.74 72.03 160.48 0.0685
741.41 1139.62 54.96 176.18 0.0685
684.11 478.58 102.20 199.50 0.0683
731.14 872.08 32.55 72.79 0.0682
800.22 1370.78 56.74 78.22 0.0680
268.17 995.09 67.13 109.20 0.0676
37.18 1181.90 30.15 75.68 0.0662
114.52 1172.53 55.85 82.40 0.0654
256.15 793.14 65.02 106.74 0.0652
77.94 1188.06 44.03 92.30 0.0645
88.00 887.48 61.67 90.81 0.0645
844.30 562.90 76.38 104.83 0.0624
248.74 1017.84 55.62 74.17 0.0621
183.28 838.72 76.19 118.06 0.0615
287.45 874.23 267.80 447.67 0.0603
758.59 1189.20 96.13 230.45 0.0591
532.68 288.22 270.07 380.51 0.0590
123.23 864.68 65.53 104.48 0.0588
940.57 1062.45 44.87 83.68 0.0587
702.48 948.32 88.19 261.47 0.0586
796.45 1091.61 139.01 249.97 0.0585
287.85 567.65 39.63 71.44 0.0584
815.45 1349.11 71.05 99.89 0.0580
805.91 90.69 95.91 245.13 0.0578
993.44 885.52 30.56 137.98 0.0575
203.09 514.35 76.73 155.61 0.0565
802.03 976.23 58.18 97.00 0.0565
237.27 1075.22 71.52 135.88 0.0557
880.41 300.62 95.97 176.84 0.0554
205.02 977.77 56.28 116.26 0.0554
314.23 195.72 298.07 364.25 0.0554
652.17 1235.87 80.96 185.86 0.0553
665.27 712.46 73.77 160.10 0.0549
180.53 1171.13 83.99 132.41 0.0535
694.05 1062.24 100.00 253.71 0.0535
903.60 762.74 41.39 80.61 0.0533
155.23 1028.79 73.24 132.63 0.0530
767.35 897.85 49.72 89.40 0.0524
706.14 634.05 82.99 191.51 0.0524
330.67 1366.76 41.55 81.30 0.0522
738.15 829.23 28.96 56.30 0.0519
249.13 1058.35 55.67 86.68 0.0518
314.83 841.15 62.98 118.57 0.0517
395.78 430.84 152.05 221.50 0.0516
111.43 426.48 171.42 272.44 0.0513
942.38 330.27 46.34 126.85 0.0513
5.80 1136.27 26.60 59.58 0.0511
195.97 1047.98 59.63 103.07 0.0510
993.70 1114.19 26.66 72.19 0.0510
914.83 517.82 36.15 77.50 0.0509
64.26 890.76 56.12 75.02 0.0507
103.80 638.56 85.03 159.26 0.0504
405.54 23.68 133.91 189.89 0.0503
135.94 1170.30 61.01 98.83 0.0502
