12_Group_Team_Organized_Group_12_Group_Team_Organized_Group_12_162
95
381.41 195.75 120.35 212.31 0.8202
585.28 387.87 31.44 56.14 0.3846
625.84 408.12 37.34 74.74 0.3541
993.97 325.70 30.03 145.27 0.3114
580.35 384.65 44.78 102.70 0.2499
686.05 394.53 47.50 91.68 0.2359
642.41 404.22 50.32 85.92 0.2059
701.20 388.74 31.05 62.62 0.2017
765.55 424.51 154.90 194.59 0.1963
600.37 403.09 62.91 156.20 0.1744
806.13 823.27 84.05 143.88 0.1700
563.22 404.67 79.01 183.92 0.1560
549.63 384.40 44.01 73.56 0.1543
545.55 397.12 63.16 126.14 0.1509
460.49 498.70 99.82 172.75 0.1471
551.25 316.37 39.07 79.03 0.1430
110.54 345.58 24.60 50.68 0.1429
693.87 384.83 115.29 187.05 0.1418
677.80 435.66 293.81 581.50 0.1399
739.94 653.31 182.11 344.17 0.1292
905.02 477.45 42.67 66.79 0.1290
255.06 292.35 63.17 120.20 0.1276
219.90 399.52 52.71 102.79 0.1192
736.19 1269.03 39.29 78.52 0.1122
221.19 292.77 51.84 108.49 0.1093
786.47 509.12 144.94 280.96 0.1073
312.51 878.72 61.78 60.36 0.1063
487.56 439.58 85.42 187.77 0.1061
335.19 338.24 56.38 98.37 0.1045
361.89 293.65 92.44 150.04 0.1037
633.63 423.23 68.90 149.64 0.0995
482.77 325.32 74.76 147.78 0.0994
278.89 886.99 74.16 79.52 0.0989
324.83 891.47 67.93 89.09 0.0973
79.79 346.22 25.39 52.80 0.0965
517.53 450.03 99.92 203.41 0.0956
213.53 318.81 69.48 137.58 0.0943
942.09 464.10 59.27 123.01 0.0929
474.40 300.34 68.33 111.40 0.0927
277.12 599.04 52.12 137.85 0.0865
667.50 444.24 83.37 168.10 0.0847
153.30 739.39 44.10 51.71 0.0825
749.60 797.43 110.08 206.24 0.0825
227.46 720.22 71.27 100.04 0.0825
595.65 1058.89 29.38 109.39 0.0824
190.31 300.87 36.65 88.20 0.0802
988.20 416.31 35.80 127.88 0.0785
181.49 735.39 78.99 79.07 0.0782
501.96 535.46 86.47 186.49 0.0779
8.80 338.25 21.40 60.13 0.0777
33.57 346.51 147.77 267.33 0.0768
101.18 358.87 42.67 78.91 0.0745
439.95 224.09 98.84 191.75 0.0743
896.58 470.64 76.41 137.10 0.0738
455.45 447.29 77.63 154.15 0.0728
443.47 527.09 73.69 128.27 0.0727
155.82 335.77 29.76 66.31 0.0723
583.24 638.78 30.60 100.13 0.0711
568.58 1020.31 97.39 326.81 0.0709
113.79 303.05 26.99 68.76 0.0688
280.83 313.49 53.83 133.90 0.0684
7.46 288.54 23.73 64.67 0.0681
211.35 452.38 56.19 153.42 0.0680
247.12 354.76 63.18 148.81 0.0679
572.06 851.70 43.48 158.20 0.0678
573.37 596.23 41.29 111.82 0.0674
176.04 337.79 75.75 185.53 0.0672
285.26 874.12 101.77 191.45 0.0645
358.52 109.62 122.50 207.85 0.0644
67.64 351.74 47.22 89.86 0.0609
537.95 650.37 45.97 130.26 0.0604
265.43 669.00 66.37 128.31 0.0601
149.15 345.59 68.24 157.55 0.0594
258.40 882.00 69.03 66.33 0.0590
906.62 717.98 47.02 146.36 0.0586
73.17 293.48 187.99 391.55 0.0586
575.28 775.82 46.48 164.39 0.0582
405.35 340.51 82.40 158.56 0.0579
420.02 1051.08 45.04 144.33 0.0576
445.72 371.94 85.23 170.83 0.0565
375.50 874.82 79.44 161.74 0.0549
296.75 504.89 118.07 267.65 0.0548
926.68 496.12 84.04 164.97 0.0547
603.19 348.45 51.90 111.22 0.0543
312.58 662.92 68.93 139.63 0.0542
432.41 436.59 66.78 131.50 0.0536
79.60 297.43 32.65 62.21 0.0525
213.49 708.34 139.42 150.18 0.0524
257.72 870.72 130.93 381.68 0.0520
276.86 379.38 65.43 137.76 0.0518
582.86 707.74 34.19 118.82 0.0517
261.14 220.83 87.83 185.34 0.0514
626.81 609.74 226.58 487.13 0.0512
333.77 266.78 73.66 143.27 0.0506
8.95 782.91 203.60 394.08 0.0504
