12_Group_Group_12_Group_Group_12_112
200
258.11 113.07 37.61 56.45 0.8036
692.76 177.56 40.81 58.43 0.7349
470.79 141.75 34.03 49.28 0.6999
363.56 143.79 36.52 46.03 0.6711
577.22 145.00 36.35 45.99 0.6030
798.78 202.26 32.91 41.23 0.5943
865.98 146.31 32.46 52.48 0.5812
539.40 456.79 35.90 57.06 0.5650
780.40 451.40 35.28 44.66 0.4701
928.81 321.82 23.66 32.03 0.4697
147.15 230.00 36.35 56.11 0.4603
852.23 248.98 24.89 38.64 0.4584
579.21 254.40 42.62 58.58 0.4415
176.73 314.59 35.64 42.48 0.4331
139.73 162.60 41.52 58.36 0.4116
249.52 311.71 40.20 49.90 0.4015
665.36 253.02 41.35 52.77 0.3864
912.48 263.24 23.51 31.77 0.3852
734.85 242.27 29.39 44.25 0.3802
613.31 216.09 36.04 46.77 0.3654
180.57 483.02 36.14 50.04 0.3564
261.26 246.37 29.57 38.04 0.3477
481.19 261.96 31.52 50.94 0.3452
526.14 205.28 36.46 55.52 0.3428
804.62 256.75 30.28 38.96 0.3375
300.56 244.88 20.92 32.74 0.3272
784.84 119.50 36.09 54.04 0.3177
151.75 311.72 31.22 39.99 0.3176
327.92 491.78 31.34 39.36 0.3073
797.66 224.69 38.57 64.82 0.3063
450.16 460.14 35.81 43.30 0.2973
465.71 463.09 31.62 44.61 0.2973
853.10 331.81 22.70 35.74 0.2939
84.51 383.54 27.26 39.94 0.2917
402.58 526.56 26.76 35.01 0.2914
367.68 267.95 26.91 32.99 0.2764
651.24 483.67 32.91 41.38 0.2608
231.39 282.20 33.37 52.81 0.2566
447.57 259.04 30.59 42.37 0.2516
764.81 351.82 28.02 39.81 0.2484
447.29 214.82 39.50 49.48 0.2468
777.35 199.18 46.48 55.40 0.2450
84.48 318.08 31.18 32.94 0.2374
635.02 487.12 36.15 47.52 0.2326
373.04 310.98 27.50 46.40 0.2307
324.08 462.00 33.21 39.21 0.2264
231.58 309.19 40.98 48.91 0.2212
737.74 298.98 34.49 39.84 0.2188
580.57 158.70 42.04 57.13 0.2142
758.99 374.15 33.20 41.93 0.2080
253.31 425.04 29.98 36.12 0.2029
581.77 390.22 36.22 55.85 0.1987
443.77 381.32 20.75 30.89 0.1973
373.41 439.94 21.47 26.40 0.1951
737.21 412.21 32.01 36.43 0.1925
106.89 326.29 30.51 33.80 0.1900
103.40 344.13 35.39 56.01 0.1863
535.69 214.47 41.73 62.30 0.1822
881.49 457.07 25.06 41.52 0.1806
591.50 214.62 42.77 45.69 0.1806
509.83 270.23 29.17 38.56 0.1798
886.82 487.74 21.38 32.73 0.1782
369.43 247.14 27.78 41.75 0.1769
149.76 441.54 22.83 32.21 0.1710
761.19 318.97 28.80 42.44 0.1707
615.24 254.03 34.23 52.31 0.1696
702.39 444.81 38.07 48.88 0.1694
296.91 257.01 25.06 42.05 0.1692
327.30 244.51 29.79 41.08 0.1685
730.76 220.60 32.46 49.12 0.1666
300.71 343.11 22.91 39.71 0.1656
299.12 325.39 25.98 41.22 0.1651
225.58 249.02 26.21 40.10 0.1629
666.36 351.40 34.29 64.56 0.1609
761.94 402.60 37.36 41.44 0.1587
293.29 293.15 28.43 44.39 0.1575
686.41 236.81 46.62 66.64 0.1571
658.95 507.87 30.72 42.97 0.1554
83.05 357.28 28.36 47.74 0.1549
726.05 431.57 37.64 47.15 0.1548
121.48 453.32 27.56 35.38 0.1542
304.68 459.59 37.85 43.73 0.1537
400.46 244.73 29.72 39.55 0.1514
326.60 442.36 30.72 35.57 0.1508
700.48 581.55 21.23 27.55 0.1499
445.87 444.42 29.53 37.41 0.1469
176.21 236.92 35.84 48.34 0.1462
374.48 338.24 25.19 44.74 0.1458
335.62 261.25 25.43 35.31 0.1446
665.89 208.94 37.44 47.08 0.1441
694.72 271.45 39.60 55.17 0.1428
402.63 264.15 28.80 38.08 0.1415
294.73 221.06 31.32 53.39 0.1381
558.73 259.93 38.30 49.34 0.1380
537.99 472.80 45.55 71.34 0.1378
143.75 407.48 31.03 43.34 0.1374
174.83 261.29 36.94 42.43 0.1358
440.32 394.77 26.14 42.56 0.1353
100.92 378.13 41.25 63.44 0.1343
445.97 190.40 47.37 53.59 0.1338
375.24 406.28 25.48 34.73 0.1333
664.73 576.87 23.85 27.34 0.1318
615.07 390.39 38.72 57.26 0.1315
147.14 330.98 39.75 62.28 0.1313
403.41 430.77 26.98 30.69 0.1304
849.72 296.79 26.34 51.44 0.1289
928.73 688.83 41.55 39.96 0.1286
375.45 386.56 26.29 38.47 0.1286
106.59 302.09 31.39 39.61 0.1249
399.04 299.32 29.69 37.64 0.1240
370.12 219.42 31.42 46.02 0.1229
365.62 455.21 26.44 33.00 0.1223
301.21 443.99 25.79 33.93 0.1199
944.09 348.92 30.13 42.97 0.1198
546.70 345.72 37.68 51.20 0.1194
402.12 319.72 26.92 43.55 0.1191
230.06 334.00 42.95 50.17 0.1177
663.70 546.43 23.82 29.89 0.1173
742.75 348.46 37.79 43.51 0.1158
843.68 439.22 34.86 53.03 0.1156
226.19 605.91 21.78 26.88 0.1149
743.96 380.93 39.96 43.52 0.1139
301.96 580.62 19.95 25.04 0.1122
229.22 429.92 31.74 39.68 0.1121
697.73 481.55 29.68 36.62 0.1119
883.53 264.55 25.55 32.77 0.1114
798.45 268.99 40.82 69.18 0.1101
994.97 137.45 26.57 60.14 0.1098
581.05 452.30 34.33 46.82 0.1084
401.79 495.44 34.32 42.89 0.1079
580.30 351.02 34.12 42.29 0.1078
879.83 294.13 28.30 39.94 0.1076
790.02 453.13 40.56 60.91 0.1075
446.16 281.27 29.14 41.60 0.1072
400.66 338.98 33.04 55.82 0.1069
260.33 382.05 31.79 45.69 0.1069
550.10 321.43 41.11 55.76 0.1066
704.56 406.53 49.14 70.70 0.1057
404.97 461.54 31.04 39.30 0.1057
482.24 546.90 27.91 37.21 0.1052
294.69 378.74 25.40 37.77 0.1034
69.61 266.76 32.94 34.80 0.1032
577.47 486.55 32.06 37.99 0.1031
363.35 491.41 29.29 30.50 0.1014
136.24 371.36 39.79 54.04 0.1014
626.19 569.07 28.39 39.43 0.1012
794.72 410.08 40.59 60.44 0.1011
46.32 244.67 52.67 41.27 0.1005
445.43 610.12 20.13 22.58 0.1000
867.07 399.25 41.26 61.07 0.0992
656.75 377.51 40.27 71.96 0.0992
542.24 374.82 49.53 75.18 0.0986
401.68 411.19 29.62 37.26 0.0974
695.68 143.19 38.58 65.04 0.0969
872.36 345.24 34.61 47.35 0.0956
945.90 324.62 28.00 40.90 0.0954
121.34 234.83 43.42 45.47 0.0953
670.93 185.91 35.81 45.57 0.0951
919.69 542.01 27.53 30.96 0.0948
618.47 419.49 34.03 47.86 0.0939
732.75 523.66 28.55 41.47 0.0937
771.72 247.49 39.08 58.85 0.0936
964.80 490.96 23.66 28.30 0.0935
871.91 315.83 31.69 44.85 0.0933
397.45 214.49 32.28 39.43 0.0923
657.72 431.95 30.62 39.89 0.0914
176.10 438.20 34.99 38.01 0.0912
481.25 382.53 24.43 36.63 0.0906
576.48 314.66 40.99 48.68 0.0900
630.56 549.93 27.83 39.12 0.0900
923.68 662.32 35.41 39.21 0.0897
20.83 241.99 62.10 53.34 0.0897
516.15 384.61 31.81 54.28 0.0893
283.00 107.30 34.43 59.84 0.0887
398.93 182.46 32.19 44.32 0.0876
873.63 374.10 34.16 51.23 0.0874
252.89 438.73 38.75 58.55 0.0873
323.02 348.01 34.31 43.96 0.0870
330.10 289.20 32.77 49.28 0.0869
294.00 181.24 37.23 62.58 0.0869
483.97 603.97 19.69 23.49 0.0866
663.38 319.49 40.43 57.40 0.0864
947.45 657.84 46.85 42.41 0.0857
847.88 404.42 36.37 46.68 0.0840
706.05 174.61 51.54 70.09 0.0839
937.91 679.59 58.36 66.78 0.0833
110.31 263.44 38.28 41.87 0.0828
335.71 171.21 43.24 58.68 0.0826
160.38 166.33 47.38 61.91 0.0825
105.92 541.40 30.57 49.34 0.0821
333.26 415.20 27.52 39.82 0.0813
159.67 208.55 51.62 69.55 0.0809
322.18 320.49 38.10 53.99 0.0807
444.92 628.51 28.03 24.76 0.0806
474.17 400.48 27.69 42.56 0.0802
770.78 552.22 23.39 33.33 0.0800
730.97 488.40 41.37 52.69 0.0798
444.61 500.69 30.87 47.24 0.0787
805.91 313.65 34.49 49.38 0.0781
395.07 127.19 39.05 56.79 0.0780
