12_Group_Group_12_Group_Group_12_227
176
732.79 270.02 34.59 46.54 0.7730
180.73 257.15 34.94 48.10 0.7384
335.81 150.27 32.66 40.32 0.7371
511.65 225.45 30.13 40.11 0.7257
727.29 171.80 37.18 52.62 0.7168
398.70 179.60 27.68 38.63 0.7121
557.08 129.82 24.23 44.45 0.7044
812.68 264.72 27.50 42.33 0.7041
296.15 185.02 31.43 37.85 0.6765
700.80 223.05 33.12 37.21 0.6379
651.45 279.03 28.72 45.98 0.6101
447.97 148.92 27.18 38.98 0.6063
476.14 277.63 31.56 45.44 0.5929
393.01 308.24 31.22 44.94 0.5870
837.42 195.05 34.51 53.59 0.5851
550.00 280.92 29.56 42.09 0.5817
397.05 252.48 31.36 36.65 0.5672
599.25 278.59 27.96 42.34 0.5623
300.25 261.26 29.96 33.68 0.5504
486.43 193.41 26.86 38.32 0.5417
562.65 193.56 26.16 31.51 0.5212
636.91 149.53 24.88 35.23 0.4889
234.69 171.91 33.10 44.82 0.4790
331.60 225.17 27.19 41.03 0.4602
477.16 121.36 25.27 39.78 0.4403
381.40 122.93 25.24 39.31 0.4253
601.26 222.43 31.39 33.62 0.4214
652.66 201.99 28.53 41.33 0.3644
235.64 273.49 34.90 43.33 0.3643
610.28 212.57 35.11 47.22 0.3440
399.16 192.74 37.68 53.99 0.2969
435.93 230.49 28.77 41.45 0.2941
720.75 145.19 33.54 55.85 0.2241
329.64 253.61 31.77 46.36 0.2038
379.40 261.03 40.56 39.19 0.1951
630.59 281.51 30.29 56.29 0.1950
880.00 239.88 26.61 37.46 0.1944
475.55 144.95 31.63 52.69 0.1731
210.33 441.18 33.04 55.69 0.1634
443.40 169.78 29.97 44.90 0.1584
379.08 128.42 35.06 59.37 0.1442
511.78 230.18 38.05 73.35 0.1422
78.96 372.82 23.23 34.09 0.1401
475.38 291.84 35.03 60.15 0.1378
4.19 470.38 21.09 30.64 0.1374
44.93 411.15 16.99 20.65 0.1312
299.35 351.40 45.14 58.59 0.1285
654.25 240.78 35.33 46.06 0.1283
480.39 248.91 35.89 64.27 0.1244
499.87 189.27 39.38 50.05 0.1225
880.99 219.32 22.93 39.89 0.1209
72.54 317.83 29.69 43.24 0.1205
550.35 240.80 34.41 52.69 0.1188
537.88 463.92 35.66 54.35 0.1155
660.26 480.10 25.37 33.92 0.1133
700.32 260.49 27.18 44.24 0.1133
911.54 325.17 28.01 34.25 0.1129
624.03 189.24 39.35 59.23 0.1126
851.58 409.86 24.18 32.47 0.1122
153.81 319.06 31.51 44.41 0.1121
808.60 304.71 35.14 61.93 0.1118
597.11 285.60 35.80 66.13 0.1114
297.63 268.37 31.36 57.16 0.1092
846.73 290.94 27.93 43.74 0.1089
846.38 316.24 28.05 44.18 0.1077
509.80 159.94 32.44 43.63 0.1075
372.38 218.60 27.43 39.72 0.1011
700.93 280.42 27.93 49.29 0.1002
7.26 413.61 17.48 24.33 0.0975
732.95 286.80 36.62 62.47 0.0958
249.76 298.77 39.44 62.60 0.0954
74.79 209.53 83.45 66.42 0.0949
188.50 224.53 35.50 56.74 0.0933
378.28 173.26 39.03 45.93 0.0906
921.73 265.85 41.12 55.04 0.0906
226.42 300.89 36.85 56.06 0.0904
367.25 450.99 64.89 99.83 0.0898
615.90 304.37 34.49 49.16 0.0897
663.97 405.13 29.98 55.42 0.0892
591.90 195.05 26.37 52.77 0.0881
769.22 182.78 27.11 40.26 0.0857
816.10 213.08 44.98 73.87 0.0857
514.49 287.05 31.31 45.02 0.0857
155.48 290.08 51.60 49.24 0.0853
295.69 325.72 37.99 50.13 0.0852
3.86 480.65 22.12 38.96 0.0832
447.60 253.71 25.89 47.17 0.0815
775.41 289.58 27.53 47.09 0.0801
520.35 345.15 39.00 70.74 0.0799
331.79 446.73 69.98 105.88 0.0798
884.96 294.98 30.26 42.93 0.0782
329.48 281.76 32.11 51.33 0.0779
201.19 404.36 48.24 88.29 0.0777
392.06 137.03 34.99 48.10 0.0772
115.22 579.28 25.82 30.33 0.0757
935.11 233.32 55.16 63.47 0.0751
98.69 234.84 47.95 49.25 0.0747
774.13 213.60 28.81 50.92 0.0744
115.19 295.97 28.25 46.33 0.0743
449.52 288.08 31.15 47.88 0.0741
441.85 115.73 31.89 54.13 0.0734
46.63 385.38 24.17 33.55 0.0729
152.52 336.30 28.69 45.28 0.0727
933.91 257.42 50.52 69.09 0.0725
111.51 313.62 27.96 48.21 0.0709
776.68 252.43 31.61 60.20 0.0703
936.98 193.06 44.98 62.37 0.0688
321.76 354.96 36.33 59.61 0.0687
73.98 165.98 85.59 70.87 0.0684
533.53 377.44 54.17 109.21 0.0683
290.66 433.87 37.13 49.69 0.0679
185.11 321.88 34.27 47.07 0.0676
516.05 312.97 33.59 58.69 0.0671
5.23 438.84 20.64 33.92 0.0668
235.67 163.95 48.21 78.83 0.0660
193.30 179.39 26.23 43.50 0.0647
843.16 256.61 33.45 59.06 0.0646
259.84 338.41 42.60 58.17 0.0644
43.12 324.27 32.73 45.25 0.0641
109.30 429.97 28.66 40.86 0.0640
330.23 390.40 33.22 54.00 0.0631
292.02 379.56 42.46 61.61 0.0626
509.63 631.05 29.44 30.42 0.0626
106.44 399.48 30.02 45.28 0.0624
886.98 316.47 33.22 46.03 0.0622
36.12 543.84 25.38 32.76 0.0621
592.30 121.01 22.97 48.72 0.0619
474.07 84.81 31.63 57.12 0.0617
377.36 408.37 90.87 156.09 0.0616
990.94 188.39 29.71 51.84 0.0614
112.11 355.66 23.98 36.40 0.0612
254.74 143.60 30.50 63.29 0.0610
66.23 268.45 44.13 47.37 0.0606
151.90 576.95 25.74 30.66 0.0606
6.75 543.02 24.19 36.27 0.0602
546.28 77.51 41.48 86.02 0.0601
517.66 437.80 54.34 93.48 0.0601
988.30 267.55 30.63 60.33 0.0593
325.21 311.44 39.62 54.09 0.0592
158.18 236.09 60.15 61.78 0.0588
641.74 151.17 37.39 51.87 0.0583
98.73 0.00 91.07 70.54 0.0581
284.64 450.25 44.84 64.29 0.0577
46.40 264.58 43.57 45.70 0.0576
31.54 462.03 30.27 33.40 0.0575
45.09 345.09 34.26 50.70 0.0573
190.35 439.67 40.84 70.62 0.0572
80.62 492.17 19.18 25.73 0.0570
215.64 346.10 37.12 44.81 0.0567
765.38 124.48 36.69 54.30 0.0560
588.64 142.36 26.55 50.03 0.0560
733.18 435.33 34.88 65.31 0.0555
37.10 492.81 27.00 33.57 0.0551
369.80 381.71 69.24 117.21 0.0550
61.02 230.40 70.59 58.48 0.0548
398.65 107.34 29.51 37.94 0.0547
154.29 544.05 26.39 35.80 0.0546
117.02 492.08 24.70 32.01 0.0546
39.24 522.35 22.14 28.31 0.0540
79.60 393.99 25.97 38.84 0.0539
81.03 458.63 24.48 33.40 0.0535
454.94 489.55 61.03 97.82 0.0530
72.58 630.16 98.22 77.51 0.0529
839.02 335.59 35.97 52.25 0.0524
150.20 219.97 45.80 57.28 0.0523
114.30 519.19 27.35 36.92 0.0522
193.23 158.57 26.59 43.04 0.0521
37.15 435.54 24.70 33.09 0.0516
46.67 292.41 31.68 35.43 0.0512
206.29 368.22 48.35 75.21 0.0510
181.31 504.08 38.81 49.10 0.0510
79.78 569.22 34.62 37.84 0.0508
445.62 308.97 31.43 65.78 0.0505
115.43 549.91 27.12 35.33 0.0502
547.27 6.17 74.00 127.67 0.0502
80.75 439.30 27.17 35.33 0.0501
