12_Group_Large_Group_12_Group_Large_Group_12_253
200
546.93 320.33 31.77 52.40 0.6905
480.78 362.53 33.06 47.22 0.6730
874.55 379.33 28.54 43.51 0.6408
762.40 371.95 28.74 40.64 0.6195
35.06 261.36 37.80 52.92 0.5893
262.05 220.47 24.97 36.18 0.5810
122.26 196.01 26.06 30.76 0.5593
354.56 413.58 57.18 56.73 0.5253
33.85 194.95 27.76 38.74 0.5243
656.33 380.76 28.07 42.66 0.5099
129.69 406.68 39.24 60.57 0.5049
626.76 217.71 29.34 41.54 0.4800
552.57 199.82 26.87 41.00 0.4702
403.49 211.01 27.38 39.34 0.4486
116.49 371.83 35.63 45.96 0.4248
407.34 241.97 27.98 44.60 0.4231
609.39 289.48 33.75 54.90 0.4210
701.75 232.36 28.92 40.27 0.4190
625.11 198.44 24.73 30.46 0.4098
888.78 231.85 26.88 38.47 0.4097
780.71 214.93 24.31 38.69 0.4048
585.36 428.40 32.49 40.09 0.4042
674.36 311.81 25.46 41.18 0.3958
851.52 262.69 28.90 29.13 0.3952
2.09 237.65 23.71 40.04 0.3870
449.00 206.28 27.40 46.66 0.3809
252.28 402.93 28.97 42.59 0.3637
82.30 244.51 33.65 43.37 0.3499
220.51 268.80 29.72 40.28 0.3367
159.05 222.56 30.58 36.65 0.3351
355.72 214.53 31.48 51.60 0.3274
519.30 276.31 27.39 36.81 0.3274
155.39 262.29 42.03 46.99 0.3262
847.42 217.95 21.73 28.33 0.3173
291.47 246.87 29.39 50.61 0.3131
357.39 511.90 35.41 37.58 0.3118
803.26 235.91 25.95 34.56 0.3115
449.93 228.41 29.95 42.06 0.3060
254.44 496.55 29.91 32.24 0.3007
927.97 258.02 32.53 37.31 0.2985
187.26 209.60 26.00 36.30 0.2973
299.67 487.90 28.68 30.44 0.2972
724.98 235.06 30.72 37.23 0.2952
0.78 149.41 24.21 44.92 0.2922
362.20 313.39 32.46 39.58 0.2894
963.10 388.36 33.86 41.76 0.2889
23.85 434.71 35.63 51.68 0.2837
489.15 210.39 27.02 34.33 0.2627
593.85 224.31 24.43 32.39 0.2582
299.76 214.52 21.29 37.46 0.2559
628.45 526.74 30.42 39.03 0.2454
411.34 495.95 28.39 39.02 0.2425
0.00 248.87 27.35 53.19 0.2405
194.84 196.85 26.59 33.89 0.2361
46.51 113.44 24.39 34.42 0.2336
941.98 258.22 30.74 41.64 0.2289
741.44 371.05 30.79 37.29 0.2266
415.81 290.54 32.95 49.37 0.2246
339.17 315.76 31.18 42.24 0.2240
5.82 222.43 26.53 45.59 0.2236
508.38 206.39 29.99 40.36 0.2216
977.23 387.24 36.20 45.95 0.2204
668.32 217.99 25.55 33.37 0.2181
171.08 265.24 44.78 57.00 0.2158
2.88 172.47 26.54 46.54 0.2156
478.45 299.41 27.91 42.60 0.2148
228.95 403.57 29.78 40.60 0.2123
924.45 67.63 28.54 52.60 0.2108
298.13 470.47 30.76 35.97 0.2094
0.00 549.44 26.34 42.26 0.2060
219.84 497.00 29.91 33.83 0.2040
225.05 468.93 29.12 36.46 0.1977
338.13 197.64 19.74 30.90 0.1963
917.57 210.78 24.94 37.18 0.1872
392.49 428.74 39.09 65.46 0.1862
844.27 459.14 37.07 70.07 0.1860
431.06 297.49 32.95 41.80 0.1856
262.12 299.79 22.92 31.05 0.1808
214.85 211.34 27.50 33.01 0.1789
372.74 196.01 23.54 34.84 0.1773
170.94 239.61 40.44 46.18 0.1759
1.18 368.38 23.99 45.83 0.1758
5.46 400.21 31.81 52.44 0.1734
470.16 473.63 30.52 49.60 0.1720
520.82 460.01 26.39 44.45 0.1698
38.80 163.59 26.74 37.51 0.1695
666.41 236.05 25.70 33.94 0.1685
223.30 377.25 28.48 47.44 0.1674
438.04 486.59 35.06 50.31 0.1659
103.66 253.26 34.81 45.08 0.1658
476.35 329.92 38.39 64.84 0.1651
218.39 196.25 23.53 29.09 0.1641
359.34 325.23 44.64 70.53 0.1614
776.80 199.63 21.10 45.31 0.1591
668.50 195.97 24.33 32.69 0.1582
733.90 462.59 29.61 52.25 0.1579
154.68 193.79 18.87 27.28 0.1579
87.50 82.09 16.98 28.81 0.1547
670.46 497.06 27.75 41.89 0.1539
263.31 197.35 22.29 35.38 0.1533
621.45 322.35 37.57 62.52 0.1532
437.22 262.62 30.07 46.46 0.1524
156.66 139.29 15.89 22.70 0.1503
336.15 430.04 62.44 64.02 0.1492
340.13 515.77 37.81 31.28 0.1488
157.96 112.92 13.57 19.70 0.1482
291.40 437.57 35.99 42.51 0.1470
883.62 198.90 25.78 42.15 0.1469
248.48 468.72 36.18 42.02 0.1460
2.44 343.95 25.45 51.49 0.1445
998.12 247.23 24.84 33.19 0.1445
289.79 384.69 31.26 46.49 0.1435
651.93 134.94 27.40 32.59 0.1421
511.28 340.18 40.65 59.12 0.1393
42.51 85.08 19.39 23.82 0.1391
847.27 442.69 33.91 53.67 0.1383
302.22 200.13 18.34 31.34 0.1375
1.09 266.24 33.28 67.77 0.1372
917.65 383.59 24.37 34.21 0.1372
435.68 451.26 39.96 61.60 0.1362
83.99 102.76 17.27 29.86 0.1346
547.56 364.35 37.13 49.38 0.1341
440.87 428.08 31.59 53.31 0.1329
158.50 88.79 12.71 19.48 0.1323
993.32 269.49 25.36 39.06 0.1321
233.61 108.80 12.91 20.19 0.1314
798.20 464.00 34.61 53.80 0.1314
117.97 141.22 18.71 27.82 0.1307
994.38 294.86 27.00 37.13 0.1297
47.67 524.77 41.43 47.02 0.1287
118.70 112.93 16.60 20.66 0.1274
947.89 122.51 30.58 44.65 0.1265
472.03 240.29 27.65 31.70 0.1258
871.85 461.73 46.40 83.30 0.1257
774.25 510.05 33.66 43.20 0.1256
296.84 349.09 31.12 50.96 0.1255
119.22 86.74 14.13 20.59 0.1244
45.11 60.35 16.79 22.04 0.1241
768.73 261.08 27.69 35.95 0.1236
225.32 426.20 32.61 41.95 0.1222
843.64 298.15 29.69 45.19 0.1218
195.49 108.89 14.51 20.91 0.1214
515.40 241.03 28.93 37.08 0.1213
233.04 88.73 14.50 23.97 0.1206
798.29 557.08 40.16 40.32 0.1195
849.00 199.44 21.28 37.07 0.1188
333.51 496.77 34.97 34.42 0.1181
515.91 435.47 31.67 46.29 0.1176
942.29 54.40 33.55 50.39 0.1172
549.40 273.88 28.74 44.53 0.1172
472.04 267.91 28.85 38.40 0.1166
231.10 142.82 13.83 22.50 0.1165
698.27 512.74 36.82 52.08 0.1164
329.84 325.27 43.08 65.50 0.1164
436.81 402.20 37.09 57.10 0.1161
7.89 78.94 18.90 31.07 0.1158
591.97 320.45 31.94 61.46 0.1158
194.33 89.71 13.34 21.65 0.1154
195.69 139.95 16.54 22.30 0.1149
67.66 354.11 50.11 71.56 0.1148
237.91 343.31 49.36 82.05 0.1142
79.96 220.46 31.61 42.47 0.1141
296.81 501.79 30.83 40.09 0.1138
287.95 262.27 36.21 61.97 0.1128
994.06 116.72 24.52 46.67 0.1126
876.35 247.49 31.89 48.43 0.1119
83.06 140.26 19.89 27.98 0.1115
436.84 319.35 31.59 42.66 0.1114
502.38 360.13 42.51 59.82 0.1096
737.53 114.47 22.53 32.72 0.1092
921.67 283.16 29.48 41.56 0.1092
264.82 255.42 32.26 51.49 0.1082
75.62 420.11 36.16 54.02 0.1079
259.47 546.19 29.05 31.99 0.1077
389.64 336.15 44.11 66.37 0.1063
948.81 417.12 39.54 58.57 0.1057
552.76 237.01 28.00 34.51 0.1054
773.73 482.52 34.27 46.91 0.1044
991.43 24.57 21.71 35.68 0.1042
702.67 428.36 30.66 46.01 0.1039
693.95 459.16 27.81 39.00 0.1033
1.40 109.50 24.58 40.76 0.1032
723.80 512.40 33.03 40.66 0.1031
522.44 169.27 31.42 51.11 0.1031
470.70 504.90 28.73 41.57 0.1028
703.45 400.26 26.91 41.90 0.1021
264.83 87.82 14.75 22.70 0.1019
832.99 45.13 36.52 71.31 0.1018
633.32 130.79 32.34 33.34 0.1018
512.59 406.40 34.25 41.65 0.1015
954.49 106.32 29.28 43.69 0.0997
87.73 61.92 16.00 25.72 0.0994
440.47 565.15 26.91 34.47 0.0993
698.63 537.15 38.26 44.37 0.0991
993.65 78.05 24.82 53.08 0.0990
229.95 164.18 16.69 26.32 0.0985
118.58 169.64 18.55 28.05 0.0978
850.31 376.91 32.87 45.26 0.0978
193.88 50.89 13.91 25.39 0.0973
729.84 434.68 38.20 60.58 0.0973
