12_Group_Team_Organized_Group_12_Group_Team_Organized_Group_12_927
197
286.70 170.18 29.60 38.00 0.7012
843.83 164.74 29.30 35.36 0.6869
910.93 150.86 25.88 32.66 0.6571
512.46 284.36 32.50 41.12 0.6376
585.01 276.85 26.46 32.33 0.6184
511.02 179.71 31.97 37.82 0.6019
442.84 173.58 25.73 30.33 0.5877
400.91 200.38 28.28 42.77 0.5518
555.89 205.19 24.78 36.27 0.5514
661.75 295.68 27.83 31.42 0.5498
163.06 172.66 37.35 41.29 0.5368
69.36 249.45 49.22 69.63 0.5291
741.54 158.93 24.96 29.57 0.5287
475.72 150.40 25.56 28.42 0.5170
630.75 158.92 26.99 32.47 0.4880
118.38 193.12 23.32 29.25 0.4654
672.01 173.62 28.14 29.96 0.4224
666.87 370.46 25.45 32.15 0.4187
359.17 162.67 31.56 42.32 0.4168
212.95 195.44 28.23 34.55 0.4147
2.38 171.17 40.33 55.36 0.4126
345.47 173.67 30.26 38.96 0.4068
776.27 317.02 32.16 41.86 0.4042
963.93 164.33 30.30 34.81 0.4024
993.82 191.39 29.34 34.42 0.4002
796.90 188.10 28.67 34.79 0.3969
557.80 190.17 26.71 32.78 0.3607
738.97 425.27 22.29 26.08 0.3548
801.77 332.91 30.59 40.72 0.3319
598.66 217.19 28.19 31.19 0.3188
580.20 178.67 29.10 30.42 0.2921
406.14 241.63 58.03 105.51 0.2909
354.47 5.17 43.41 47.34 0.2775
959.65 349.88 20.89 28.18 0.2628
736.82 335.53 22.54 26.38 0.2608
699.73 155.76 24.33 38.59 0.2557
707.03 153.54 23.04 24.85 0.2493
632.25 170.69 25.38 38.96 0.2424
871.91 333.84 26.86 37.96 0.2409
342.15 189.40 28.16 49.45 0.2262
774.57 320.48 56.49 66.20 0.2248
335.31 325.44 24.57 28.69 0.2227
981.66 167.98 33.66 35.04 0.2186
47.21 390.18 32.15 42.03 0.2154
798.95 161.33 27.45 36.02 0.2127
856.51 338.70 30.65 32.43 0.2127
555.78 173.57 23.52 30.05 0.2088
399.95 164.06 28.10 35.25 0.2003
217.07 202.23 32.97 50.70 0.1989
915.00 271.67 27.30 35.43 0.1971
0.04 337.74 36.85 48.11 0.1853
995.51 149.73 23.05 21.56 0.1823
779.22 160.93 25.32 33.18 0.1756
614.42 219.87 29.79 38.62 0.1741
368.17 245.95 57.48 81.04 0.1704
877.53 313.03 27.45 39.06 0.1688
615.52 205.12 28.51 35.52 0.1672
996.82 219.12 27.18 44.76 0.1669
505.41 239.79 40.49 50.68 0.1665
250.74 249.28 31.90 38.23 0.1596
423.87 226.52 41.37 53.88 0.1570
580.92 411.03 30.37 32.47 0.1559
19.60 134.36 37.94 51.06 0.1541
178.99 277.63 31.15 31.69 0.1523
685.70 171.16 32.48 37.35 0.1523
803.03 343.47 42.00 70.88 0.1444
505.97 223.82 38.61 40.09 0.1436
358.57 189.89 36.64 49.85 0.1422
844.00 226.74 28.69 42.63 0.1413
909.42 252.64 31.42 43.78 0.1409
998.04 240.18 25.22 38.75 0.1408
626.80 241.23 25.29 34.28 0.1370
268.00 202.71 30.89 39.84 0.1321
336.98 291.07 26.89 36.35 0.1320
735.61 170.71 26.88 36.47 0.1316
444.24 190.57 28.92 51.81 0.1305
882.74 195.26 34.10 45.94 0.1302
483.09 436.18 22.06 21.49 0.1243
256.06 216.44 31.87 44.81 0.1234
553.64 347.62 32.98 43.89 0.1231
886.15 251.75 32.39 39.02 0.1225
296.13 242.24 23.40 33.45 0.1216
703.16 340.40 34.70 44.52 0.1194
483.55 170.65 30.51 41.93 0.1182
883.31 220.09 37.00 43.46 0.1161
735.96 404.73 31.92 49.64 0.1128
226.99 223.22 36.55 52.63 0.1115
667.94 193.46 26.42 37.50 0.1107
796.27 221.91 38.66 51.36 0.1105
589.95 361.85 33.01 43.47 0.1095
688.26 389.96 45.49 53.41 0.1094
766.14 340.10 51.35 78.49 0.1089
3.17 305.06 57.50 77.12 0.1075
807.95 152.85 21.96 30.37 0.1069
881.65 294.18 30.16 43.01 0.1064
629.60 290.93 26.76 32.43 0.1057
841.86 198.03 31.65 50.54 0.1040
802.22 387.29 33.92 49.95 0.1035
907.87 153.85 36.54 58.55 0.1031
588.11 303.14 31.54 35.11 0.1026
961.40 193.10 33.54 45.87 0.1015
631.65 270.08 28.73 34.03 0.1013
773.42 150.00 24.05 28.29 0.1006
366.10 212.90 33.94 52.06 0.0994
611.96 343.98 33.31 44.72 0.0985
560.38 273.16 42.18 47.81 0.0963
486.67 223.78 27.92 43.67 0.0956
0.00 188.90 39.91 72.81 0.0941
762.02 389.65 41.11 49.84 0.0934
656.96 437.70 41.57 48.58 0.0919
908.76 201.35 32.53 42.43 0.0911
696.61 313.86 25.03 28.43 0.0901
907.69 225.66 33.71 44.56 0.0897
659.19 323.30 32.75 41.28 0.0895
118.98 224.55 64.90 71.03 0.0892
483.26 203.15 27.29 42.24 0.0875
3.58 393.91 32.66 40.90 0.0872
178.98 298.93 38.88 41.53 0.0865
398.46 291.99 57.92 73.52 0.0862
174.62 234.46 48.49 56.87 0.0862
107.74 204.54 41.58 67.61 0.0861
77.57 198.85 33.07 44.44 0.0846
724.69 455.33 40.42 49.10 0.0842
843.26 310.66 34.38 49.14 0.0838
182.82 202.50 44.43 55.32 0.0837
262.81 296.33 21.67 23.98 0.0823
658.06 409.96 42.71 58.03 0.0821
734.90 367.43 39.71 59.82 0.0796
766.94 440.44 33.16 37.49 0.0792
544.88 300.23 35.45 42.54 0.0791
953.22 215.94 31.88 52.25 0.0784
663.38 147.33 21.22 26.40 0.0773
260.64 311.93 22.28 23.28 0.0769
221.13 287.12 27.65 30.11 0.0762
608.86 388.34 42.41 45.55 0.0754
591.53 325.11 30.99 39.57 0.0750
444.23 151.90 28.72 40.28 0.0739
476.72 282.75 35.09 54.63 0.0738
338.18 243.69 25.66 44.34 0.0738
834.74 356.00 34.98 54.58 0.0726
137.76 265.30 50.24 59.60 0.0725
21.06 334.75 48.79 54.40 0.0722
115.44 173.43 27.47 35.87 0.0721
682.57 417.64 50.50 59.98 0.0715
372.24 0.00 65.60 40.60 0.0713
225.63 272.56 28.66 32.69 0.0709
691.06 362.50 41.78 57.20 0.0697
179.60 330.27 35.55 34.09 0.0693
736.75 199.38 28.32 36.70 0.0692
946.41 237.21 33.65 49.59 0.0688
683.22 454.81 49.95 52.17 0.0674
560.06 395.91 42.85 37.48 0.0669
511.78 148.08 27.52 24.94 0.0669
144.55 206.01 49.20 61.10 0.0669
773.94 225.48 35.77 50.41 0.0656
20.74 398.45 58.34 102.50 0.0654
0.00 224.80 36.29 59.00 0.0644
294.16 292.76 26.98 28.48 0.0643
555.56 149.64 22.65 27.89 0.0642
299.16 29.05 38.25 34.17 0.0628
296.31 263.85 25.98 34.11 0.0615
934.18 262.45 41.91 52.80 0.0610
286.82 302.48 36.84 40.31 0.0610
572.38 416.70 42.96 46.51 0.0601
220.90 314.10 27.27 25.85 0.0598
517.40 327.52 32.45 40.74 0.0592
736.60 212.98 31.54 41.83 0.0592
868.71 350.37 34.13 52.09 0.0584
1.19 394.45 53.61 80.97 0.0581
220.60 334.07 28.90 28.03 0.0574
224.26 356.51 31.11 39.78 0.0573
661.37 226.15 30.56 40.01 0.0569
370.26 299.87 62.94 73.07 0.0568
332.98 329.03 35.03 50.56 0.0564
0.00 269.52 50.75 71.37 0.0564
657.83 250.90 34.56 52.09 0.0559
33.39 207.38 39.96 61.81 0.0559
996.20 331.09 23.93 39.11 0.0553
913.27 331.84 25.56 33.52 0.0551
336.99 148.72 35.03 45.11 0.0547
385.15 8.77 58.46 58.76 0.0542
409.84 153.98 20.29 33.52 0.0538
624.54 411.73 35.08 37.94 0.0532
4.37 427.60 69.60 116.62 0.0531
787.53 240.81 45.35 59.06 0.0526
891.44 144.17 36.04 41.68 0.0524
835.69 394.50 41.78 58.74 0.0522
266.85 151.33 46.41 51.00 0.0521
363.74 331.38 38.95 48.04 0.0514
512.05 349.52 33.63 40.91 0.0512
954.23 353.14 31.41 56.28 0.0512
688.59 196.70 32.24 38.64 0.0510
688.21 221.60 35.23 48.86 0.0506
908.89 350.12 31.09 41.44 0.0505
912.88 310.19 28.75 39.18 0.0505
721.08 500.28 40.33 37.00 0.0503
553.96 239.75 42.16 52.95 0.0503
