12_Group_Group_12_Group_Group_12_123
160
820.44 42.05 65.49 89.77 0.8458
547.49 100.40 34.10 47.62 0.6701
232.58 72.39 43.73 61.27 0.6448
444.12 102.00 25.94 34.40 0.5711
644.50 97.31 34.01 42.95 0.3690
374.27 306.57 54.84 55.06 0.3633
384.90 296.66 73.56 74.88 0.2875
514.45 320.39 35.57 52.02 0.2621
152.57 316.19 154.02 232.70 0.2492
43.89 169.72 24.40 35.68 0.2442
289.31 155.94 29.11 42.95 0.2268
11.61 117.93 20.83 29.80 0.2214
109.89 198.69 22.84 24.28 0.1996
84.90 193.22 26.14 26.77 0.1984
393.65 258.63 236.05 323.72 0.1959
222.34 328.89 46.85 53.97 0.1957
198.55 346.16 100.80 132.67 0.1780
573.43 323.28 189.77 258.10 0.1745
944.48 408.67 49.28 57.92 0.1730
39.91 145.30 27.20 40.03 0.1711
325.12 302.87 49.57 46.55 0.1695
482.51 329.42 147.51 201.71 0.1619
187.10 151.63 25.24 37.41 0.1584
369.32 287.99 113.85 152.14 0.1529
499.80 292.31 76.68 122.13 0.1517
886.51 312.77 61.11 92.93 0.1496
149.80 235.28 29.13 43.41 0.1381
82.35 178.23 23.56 33.24 0.1372
405.81 140.62 35.67 54.34 0.1368
36.00 124.77 27.03 35.91 0.1348
6.03 163.37 21.20 36.26 0.1345
80.45 215.91 26.99 32.63 0.1345
331.02 357.26 78.10 81.14 0.1322
397.33 31.70 29.26 33.20 0.1321
577.75 213.97 57.06 92.86 0.1315
118.22 178.66 17.11 23.14 0.1301
442.71 287.77 78.58 92.71 0.1295
9.13 134.44 22.99 42.53 0.1283
45.61 220.25 23.72 29.20 0.1264
669.95 320.93 96.34 142.07 0.1239
181.91 194.16 31.96 52.29 0.1238
76.89 307.66 42.46 65.92 0.1190
212.96 316.27 77.06 92.13 0.1170
820.29 306.16 135.58 164.59 0.1169
581.27 184.20 96.19 150.93 0.1162
372.02 239.96 37.30 56.10 0.1161
643.71 110.46 41.96 65.24 0.1150
439.39 105.05 36.29 68.03 0.1124
879.49 343.10 83.06 111.02 0.1122
290.56 310.69 173.23 244.32 0.1117
879.85 170.24 27.63 38.24 0.1111
431.53 276.24 149.04 202.50 0.1104
358.06 181.45 30.90 42.15 0.1104
105.21 204.78 30.17 39.44 0.1102
519.31 252.58 124.51 149.36 0.1099
476.12 174.08 32.62 56.66 0.1089
367.15 59.70 30.85 47.80 0.1082
40.27 232.96 38.12 50.22 0.1075
334.84 62.99 33.51 46.52 0.1071
642.19 280.53 70.80 126.53 0.1057
372.39 45.95 32.90 40.45 0.1047
475.60 187.11 48.90 87.30 0.1043
631.88 119.03 35.40 54.63 0.1042
94.39 247.94 60.35 103.61 0.1034
737.43 150.14 34.66 50.01 0.1016
152.65 196.25 22.32 33.19 0.0992
6.17 193.05 23.25 38.82 0.0979
5.19 212.21 23.69 40.59 0.0964
148.24 171.26 23.40 28.24 0.0945
97.77 235.91 45.46 58.37 0.0944
231.03 152.49 35.43 41.84 0.0924
721.70 270.76 207.60 230.13 0.0917
400.66 166.64 38.94 58.94 0.0916
411.55 109.40 41.29 52.19 0.0914
441.21 182.45 47.91 76.46 0.0907
989.91 47.11 31.97 78.45 0.0904
131.32 237.32 51.87 89.63 0.0901
848.55 162.94 85.82 165.43 0.0896
866.67 172.27 43.59 75.22 0.0880
339.76 175.54 26.13 44.43 0.0871
187.90 40.77 55.90 75.02 0.0860
73.09 217.19 40.75 55.29 0.0852
413.20 87.53 33.24 40.94 0.0848
579.11 83.26 34.88 60.69 0.0827
205.48 302.64 178.14 277.38 0.0825
403.77 192.87 37.59 54.57 0.0799
730.12 202.88 86.00 119.79 0.0795
498.17 233.03 89.12 94.43 0.0794
351.20 403.81 244.04 278.17 0.0789
498.20 202.44 69.68 86.69 0.0783
613.41 295.63 89.28 165.76 0.0780
430.48 158.89 46.71 72.53 0.0766
908.12 320.04 76.55 102.75 0.0752
284.43 321.02 68.71 108.94 0.0734
374.55 257.74 74.36 83.94 0.0731
764.39 134.55 66.97 100.32 0.0727
733.52 63.54 33.42 49.91 0.0718
616.83 169.97 63.59 103.57 0.0717
508.54 183.96 52.19 71.83 0.0713
60.86 143.32 38.37 43.20 0.0713
357.22 207.60 39.13 57.21 0.0713
532.11 195.53 104.90 128.81 0.0705
251.92 338.99 80.84 120.61 0.0700
374.36 26.35 38.30 41.43 0.0697
663.12 205.72 85.04 150.81 0.0695
563.65 297.78 90.68 146.89 0.0693
782.36 45.18 80.69 82.07 0.0692
623.56 151.29 42.56 60.53 0.0683
32.49 239.80 63.69 95.66 0.0681
545.17 159.86 51.82 81.42 0.0675
61.59 252.26 72.27 120.11 0.0674
297.26 220.16 50.32 59.48 0.0668
177.53 316.94 64.48 116.30 0.0664
217.48 169.88 43.18 61.42 0.0656
634.39 76.22 31.88 43.24 0.0653
882.82 253.77 76.56 133.08 0.0650
955.83 31.02 43.56 66.61 0.0650
373.70 146.73 30.15 62.26 0.0645
824.60 85.42 83.54 87.13 0.0639
240.92 150.50 43.01 52.51 0.0638
566.15 175.64 49.97 100.35 0.0632
0.00 224.57 30.68 59.37 0.0628
613.06 567.78 47.86 47.17 0.0625
770.49 81.30 103.70 115.26 0.0622
522.24 126.39 42.70 46.25 0.0619
406.10 64.79 28.92 43.16 0.0615
733.39 120.21 31.38 43.81 0.0614
151.19 38.06 57.25 67.62 0.0613
702.32 0.33 26.84 21.47 0.0611
640.18 141.64 55.02 84.03 0.0604
116.14 269.15 60.46 97.39 0.0600
925.24 207.36 53.90 72.29 0.0597
900.13 139.78 42.28 47.87 0.0596
144.76 147.21 29.67 36.85 0.0592
992.81 277.65 29.22 57.73 0.0591
294.42 292.08 63.24 62.57 0.0590
382.98 229.44 55.26 66.20 0.0588
871.98 145.32 43.95 68.32 0.0586
223.04 25.00 33.59 48.17 0.0582
687.15 74.43 36.73 51.85 0.0581
695.36 46.20 31.34 40.36 0.0580
634.69 443.83 136.23 196.81 0.0576
998.40 261.27 25.52 45.84 0.0574
463.51 88.60 38.73 52.86 0.0572
910.46 407.74 62.94 73.12 0.0571
589.61 72.23 24.42 39.16 0.0570
588.49 133.24 28.86 52.09 0.0557
998.60 239.46 24.24 44.56 0.0551
971.69 409.68 49.69 73.01 0.0547
990.48 110.76 30.78 66.44 0.0537
310.23 249.48 68.34 90.90 0.0534
465.92 114.97 34.49 43.32 0.0531
524.42 78.62 42.66 60.51 0.0527
112.51 148.60 30.10 45.26 0.0527
145.35 15.60 42.79 50.37 0.0518
151.56 72.62 40.90 57.58 0.0517
229.97 170.67 69.08 109.54 0.0514
630.22 505.67 98.43 115.38 0.0510
832.51 524.48 54.13 100.91 0.0509
906.17 121.03 36.91 48.65 0.0501
