12_Group_Large_Group_12_Group_Large_Group_12_72
108
493.44 218.13 66.91 85.72 0.8564
714.24 371.42 51.41 74.11 0.8491
220.24 263.79 52.56 68.51 0.7861
540.13 442.91 50.12 82.33 0.7799
285.14 105.56 48.23 62.55 0.7477
667.98 132.26 56.87 73.60 0.7438
396.94 154.08 59.99 95.99 0.6714
611.04 235.24 55.58 63.61 0.6645
351.92 452.33 59.63 73.92 0.5717
450.30 338.84 51.01 63.76 0.4439
445.02 480.47 45.03 68.06 0.2643
553.54 394.54 58.44 98.62 0.1789
61.99 616.19 44.91 39.81 0.1740
620.99 426.39 32.77 51.00 0.1738
402.86 511.24 53.69 87.25 0.1704
622.88 401.99 36.99 57.05 0.1588
639.96 207.94 53.24 88.45 0.1547
681.58 530.11 37.31 58.11 0.1459
625.11 451.54 33.08 52.95 0.1315
669.83 167.53 66.58 113.59 0.1204
323.22 247.25 41.56 47.23 0.1195
314.36 311.07 54.34 70.91 0.1167
46.92 621.32 40.17 37.04 0.1167
315.82 282.59 52.91 63.33 0.1145
437.25 286.21 68.53 99.40 0.1122
905.08 610.92 47.24 81.32 0.1119
709.69 188.22 52.31 85.04 0.1119
374.96 211.49 58.36 60.41 0.1072
359.48 243.20 42.50 51.31 0.1055
830.90 489.27 87.45 135.58 0.1020
499.40 494.20 55.75 91.41 0.1018
297.18 275.92 37.79 49.18 0.0993
408.02 302.46 69.00 84.75 0.0987
442.62 367.45 56.29 80.49 0.0981
342.89 474.73 85.81 143.85 0.0975
930.15 624.62 76.32 121.89 0.0933
382.22 398.31 53.11 91.65 0.0925
299.60 253.33 33.91 48.74 0.0907
145.27 702.08 43.90 42.76 0.0903
96.23 607.88 51.99 53.88 0.0887
613.88 375.27 43.54 65.79 0.0869
769.23 464.85 194.56 259.38 0.0842
286.13 487.25 83.66 108.48 0.0826
201.31 548.01 99.01 106.71 0.0819
254.68 534.84 109.95 106.14 0.0815
395.93 199.47 61.17 90.51 0.0810
936.89 616.17 58.09 67.57 0.0802
89.02 673.69 55.71 63.13 0.0785
773.67 172.60 96.27 116.57 0.0778
423.50 226.45 63.82 90.68 0.0765
349.38 271.39 49.96 64.04 0.0746
669.87 264.16 83.48 118.95 0.0744
611.86 295.72 57.82 68.28 0.0740
132.60 592.65 68.69 76.00 0.0738
354.24 313.26 48.51 73.11 0.0735
521.56 542.62 93.90 133.80 0.0728
574.20 380.64 48.23 67.59 0.0728
267.15 125.64 64.45 81.73 0.0727
356.01 374.26 49.19 58.74 0.0725
751.61 184.02 57.27 85.48 0.0724
898.97 146.73 51.73 87.39 0.0722
856.31 590.00 84.78 125.90 0.0720
298.94 553.78 81.31 108.58 0.0716
645.83 446.68 49.32 74.04 0.0715
567.62 513.96 43.96 55.79 0.0714
719.84 214.66 55.28 86.63 0.0713
633.85 147.65 67.53 79.37 0.0695
695.35 473.06 46.83 66.88 0.0689
58.14 646.61 60.45 66.25 0.0684
577.39 303.92 61.33 63.55 0.0676
296.88 298.60 43.44 60.20 0.0673
619.20 459.43 43.23 86.89 0.0669
650.01 419.95 40.00 62.48 0.0665
699.50 153.11 59.15 81.40 0.0653
526.80 520.83 64.18 99.46 0.0647
410.53 359.11 48.11 63.82 0.0645
57.30 576.61 80.41 99.23 0.0645
429.72 424.45 51.09 72.41 0.0641
466.73 507.01 69.42 102.74 0.0634
329.32 366.23 58.79 67.90 0.0615
609.89 327.76 50.94 66.52 0.0615
487.27 322.57 65.33 76.36 0.0607
651.62 325.63 63.61 82.62 0.0603
728.24 495.09 63.65 91.27 0.0602
292.58 446.76 62.32 99.98 0.0602
548.04 370.87 44.33 67.00 0.0598
662.14 479.91 46.08 85.23 0.0591
733.23 441.59 67.83 104.24 0.0587
701.80 235.57 80.46 122.90 0.0580
708.40 305.76 75.60 120.44 0.0570
721.39 479.81 113.89 166.88 0.0569
294.91 652.18 77.57 58.86 0.0563
800.52 122.15 122.89 139.11 0.0562
898.98 506.89 49.89 79.55 0.0559
749.22 186.20 147.47 182.17 0.0556
473.46 549.73 81.66 124.05 0.0555
675.88 527.60 56.12 100.59 0.0554
894.14 575.82 52.99 81.97 0.0554
120.06 627.92 77.00 81.61 0.0550
666.97 392.10 37.66 58.80 0.0535
131.06 673.82 56.15 62.76 0.0525
520.56 172.32 65.28 97.79 0.0517
231.83 408.52 137.17 145.96 0.0516
78.15 690.34 103.24 98.86 0.0514
220.75 101.24 44.74 63.39 0.0512
165.67 575.25 100.98 83.31 0.0508
594.44 489.53 64.30 85.25 0.0503
948.54 303.35 64.26 111.87 0.0501
