12_Group_Large_Group_12_Group_Large_Group_12_15
200
216.24 211.44 44.09 57.33 0.8235
517.28 254.43 33.94 52.16 0.8074
613.46 196.50 38.50 50.93 0.7940
404.95 370.26 46.55 54.29 0.7815
406.34 227.15 37.70 59.06 0.7813
349.69 276.61 48.42 57.13 0.7627
631.47 322.30 35.72 45.72 0.7608
137.28 318.36 42.01 54.33 0.7588
734.79 343.84 33.83 41.00 0.6926
728.52 402.16 37.42 39.87 0.6690
633.94 436.67 38.15 52.39 0.6687
763.49 270.40 40.55 53.30 0.6631
240.64 347.41 39.66 50.70 0.6310
73.90 409.14 43.72 53.62 0.6243
853.76 199.20 45.01 56.39 0.6204
560.44 299.28 39.34 46.68 0.5619
514.07 383.96 43.22 48.78 0.5340
805.21 423.27 31.93 38.60 0.5256
308.62 197.63 36.42 51.34 0.4752
857.57 431.36 36.62 45.60 0.3930
175.79 369.46 31.98 49.80 0.3757
234.33 360.14 52.74 89.40 0.2615
7.02 340.82 43.82 78.56 0.2438
145.02 434.73 35.02 39.37 0.2392
772.75 152.13 33.74 54.67 0.1955
987.07 410.89 31.61 55.10 0.1878
518.39 276.53 42.33 63.81 0.1826
700.81 479.42 25.72 40.57 0.1682
890.46 382.13 34.91 36.85 0.1584
545.19 363.28 35.37 52.29 0.1573
358.80 528.73 36.54 46.98 0.1538
577.89 424.99 36.75 41.28 0.1536
147.87 403.05 45.39 54.94 0.1494
342.23 528.90 31.87 42.86 0.1490
0.00 382.96 31.55 66.47 0.1460
353.36 465.87 35.34 38.30 0.1417
68.43 424.20 70.64 70.46 0.1395
292.47 431.31 30.28 46.64 0.1374
908.92 386.61 31.19 35.97 0.1320
528.65 388.62 50.07 58.60 0.1301
395.25 526.40 35.57 47.38 0.1258
358.46 315.85 49.97 61.13 0.1246
757.54 479.37 34.77 51.42 0.1245
45.70 392.95 63.46 80.97 0.1209
76.42 473.97 36.60 40.99 0.1194
734.90 455.54 38.38 53.79 0.1191
998.00 214.25 26.00 70.93 0.1163
552.46 429.37 35.45 41.62 0.1141
779.30 125.60 24.07 32.12 0.1132
143.62 374.13 52.02 65.67 0.1102
0.00 416.05 31.77 63.14 0.1068
917.96 397.28 29.41 44.77 0.1068
246.95 200.83 35.64 69.13 0.1058
560.69 65.30 27.66 35.03 0.1028
284.79 407.43 38.13 52.92 0.1006
964.63 375.39 56.24 95.95 0.0982
421.87 340.89 47.64 63.81 0.0976
485.89 379.54 41.51 46.77 0.0975
589.23 434.08 36.30 59.22 0.0965
948.05 406.67 51.10 69.19 0.0961
663.17 86.28 33.32 46.46 0.0955
340.58 471.79 40.27 46.60 0.0953
664.76 66.78 33.57 44.27 0.0951
622.77 118.11 30.30 36.84 0.0937
503.65 323.41 53.58 85.42 0.0919
396.31 240.92 52.52 80.46 0.0916
844.72 381.08 31.26 41.94 0.0912
486.37 134.97 33.32 44.57 0.0908
873.34 471.13 34.02 52.61 0.0900
697.30 261.39 33.57 41.13 0.0891
916.81 367.22 31.18 41.05 0.0886
945.28 294.47 32.42 35.64 0.0885
78.89 360.35 36.12 49.99 0.0875
700.11 186.73 33.02 36.48 0.0864
633.05 80.28 31.12 42.37 0.0855
654.35 142.18 36.50 41.54 0.0851
695.95 65.64 36.18 50.99 0.0847
578.63 62.14 33.49 40.04 0.0841
705.77 408.50 40.82 56.14 0.0839
521.88 123.81 31.13 46.39 0.0839
572.34 338.15 41.48 53.96 0.0836
151.74 481.94 28.98 31.44 0.0826
754.71 402.44 41.52 40.49 0.0812
690.93 240.81 39.00 43.18 0.0808
513.96 90.89 28.43 38.54 0.0807
96.17 472.98 43.82 41.53 0.0802
770.21 540.32 23.80 33.50 0.0799
776.23 94.70 24.45 32.33 0.0796
658.56 213.67 26.08 34.58 0.0794
500.76 501.90 45.43 48.16 0.0791
843.36 304.00 37.30 50.44 0.0790
151.53 511.03 23.84 28.92 0.0786
920.58 427.35 28.54 38.75 0.0780
885.43 541.72 17.81 20.38 0.0773
767.10 554.44 25.28 38.55 0.0770
512.10 404.29 44.99 62.12 0.0769
262.59 484.20 27.43 31.29 0.0760
558.56 81.91 31.02 46.67 0.0759
73.98 297.66 33.72 45.65 0.0758
350.70 438.83 46.56 58.30 0.0753
735.78 474.94 44.07 69.78 0.0748
0.92 445.67 31.88 53.38 0.0744
995.99 444.43 25.61 52.86 0.0740
3.48 480.80 33.62 53.49 0.0739
581.51 87.95 34.46 46.26 0.0738
43.08 518.80 21.74 32.24 0.0736
666.08 50.68 33.27 40.73 0.0734
919.71 482.13 25.06 39.80 0.0730
844.50 334.89 39.62 41.77 0.0729
581.93 475.16 40.86 62.69 0.0725
803.31 398.14 38.43 53.84 0.0724
180.12 455.21 32.93 35.50 0.0724
96.32 390.93 44.62 80.17 0.0716
617.88 130.68 38.99 55.73 0.0704
722.17 84.69 40.41 50.72 0.0703
920.46 458.55 26.96 38.21 0.0698
540.35 260.39 43.47 74.21 0.0697
767.80 331.41 37.21 56.90 0.0689
349.41 543.77 54.63 74.82 0.0688
885.90 502.14 21.61 30.10 0.0688
689.70 104.37 39.84 45.71 0.0687
811.43 539.13 22.36 25.10 0.0684
371.26 346.22 48.42 51.61 0.0684
947.58 238.95 33.00 40.03 0.0680
267.51 380.47 49.96 56.86 0.0676
421.35 519.01 73.71 75.27 0.0674
543.28 466.33 51.31 68.10 0.0674
225.16 127.88 19.69 21.34 0.0671
406.05 1.01 35.28 32.89 0.0665
664.64 549.18 29.99 38.81 0.0657
767.72 421.97 37.37 51.04 0.0649
943.96 264.86 34.31 42.47 0.0648
41.11 479.17 32.26 45.27 0.0642
374.94 289.16 63.02 61.22 0.0639
728.93 135.04 41.91 49.35 0.0627
425.65 510.30 53.12 51.17 0.0624
480.00 280.70 41.46 48.25 0.0624
169.28 429.44 44.95 49.06 0.0616
911.63 337.34 40.19 56.74 0.0614
739.00 537.68 31.05 48.44 0.0613
159.26 338.49 49.04 60.44 0.0611
717.96 108.98 44.29 45.08 0.0610
227.80 513.30 20.26 25.50 0.0609
298.31 280.32 32.54 49.05 0.0608
454.21 502.32 64.14 66.41 0.0607
942.61 432.65 39.66 57.91 0.0606
409.17 20.03 45.51 53.09 0.0605
731.40 159.04 39.17 54.80 0.0604
780.77 288.46 49.82 57.49 0.0602
648.53 186.79 42.74 60.41 0.0599
790.42 126.53 53.98 88.31 0.0597
182.88 481.08 29.58 33.29 0.0585
617.68 506.55 38.70 46.00 0.0585
428.82 314.86 49.29 70.26 0.0584
244.41 322.39 46.59 65.15 0.0582
327.91 428.10 50.20 70.76 0.0581
556.30 131.27 27.55 41.25 0.0580
437.06 476.99 39.05 47.34 0.0579
585.72 105.13 39.09 56.29 0.0579
999.54 161.65 24.46 86.97 0.0576
24.70 329.19 46.97 63.94 0.0572
756.51 345.95 38.63 50.31 0.0570
387.62 544.88 68.20 76.27 0.0569
299.74 256.25 42.40 54.50 0.0568
706.92 337.53 44.11 55.36 0.0568
692.60 517.13 40.22 60.98 0.0566
355.49 235.81 49.04 76.31 0.0561
472.53 472.70 51.12 64.82 0.0561
735.27 3.32 29.29 29.44 0.0560
916.44 254.12 34.59 48.44 0.0560
480.50 429.46 48.89 49.45 0.0559
523.96 498.30 58.72 78.63 0.0559
517.64 73.71 25.40 32.70 0.0558
385.81 478.09 48.65 59.37 0.0558
482.49 87.04 39.23 48.76 0.0557
263.96 509.87 22.58 28.01 0.0556
743.17 557.13 30.58 42.16 0.0553
973.13 336.95 50.87 79.59 0.0552
696.17 215.24 36.10 39.10 0.0547
184.19 126.53 28.01 29.88 0.0543
914.58 500.89 26.84 36.43 0.0534
915.46 534.66 22.16 27.00 0.0533
686.83 139.32 41.73 41.48 0.0532
556.68 108.51 32.72 46.92 0.0531
370.66 7.32 50.35 60.71 0.0531
225.34 484.31 26.25 30.87 0.0530
581.79 0.00 48.53 35.15 0.0524
484.52 524.36 74.20 76.13 0.0521
481.87 332.96 52.09 79.71 0.0517
766.35 60.29 51.22 82.14 0.0515
485.48 115.61 42.29 47.76 0.0514
991.25 327.16 32.42 48.18 0.0514
783.31 319.50 52.02 63.91 0.0514
838.26 0.00 76.59 81.22 0.0511
79.30 334.06 37.03 51.69 0.0509
746.48 242.06 56.62 56.10 0.0509
114.87 128.16 24.38 22.60 0.0509
377.72 362.02 57.53 68.07 0.0506
372.28 396.17 42.95 50.41 0.0506
707.51 309.85 40.69 57.18 0.0505
