7_Cheering_Cheering_7_469
14
601.65 637.83 422.35 733.37 0.6568
520.92 357.27 498.51 401.73 0.1924
437.54 507.54 366.20 673.57 0.1130
630.83 233.80 393.17 320.02 0.0585
337.69 799.52 423.54 712.76 0.0559
236.56 637.75 333.50 741.48 0.0467
0.00 0.00 75.19 175.36 0.0395
615.27 121.95 408.73 245.52 0.0349
317.44 392.62 318.50 638.14 0.0335
17.52 698.39 40.09 607.36 0.0335
377.88 351.67 345.28 394.71 0.0320
643.85 12.42 380.15 136.17 0.0319
4.20 1008.15 64.26 531.85 0.0305
129.84 674.48 251.56 650.96 0.0303
