7_Cheering_Cheering_7_138
31
599.34 147.72 424.66 184.87 0.7703
592.40 227.85 431.60 281.86 0.6717
183.15 152.14 436.80 172.14 0.6416
436.27 144.01 370.45 185.91 0.4867
162.89 144.90 186.73 183.84 0.4676
328.32 160.61 441.40 292.64 0.4579
116.58 141.88 135.02 192.70 0.3754
589.54 360.77 434.46 291.34 0.3605
492.18 107.31 404.97 145.52 0.3481
140.79 107.96 379.72 157.96 0.3290
119.85 209.00 417.93 315.97 0.1971
616.38 73.96 407.62 86.17 0.1913
75.50 132.90 81.55 215.45 0.1897
70.75 234.17 82.80 276.70 0.1615
112.67 227.18 139.59 287.99 0.1595
20.22 242.12 35.51 264.33 0.1339
21.37 130.00 27.54 219.19 0.1032
149.08 410.67 211.93 270.33 0.0970
340.39 295.33 417.42 273.19 0.0936
10.99 421.92 46.10 259.08 0.0909
194.80 401.62 414.87 279.38 0.0783
70.82 349.46 86.14 306.01 0.0713
103.87 345.59 157.07 311.42 0.0709
443.43 407.51 351.97 273.49 0.0682
301.02 123.12 354.99 123.59 0.0475
132.00 69.56 391.65 84.95 0.0393
0.63 2.64 64.29 65.66 0.0330
657.58 12.07 366.42 47.80 0.0294
426.64 70.08 392.89 90.48 0.0273
89.94 61.59 176.99 94.25 0.0232
20.16 39.28 30.01 128.77 0.0209
