61_Street_Battle_streetfight_61_767
200
927.92 0.00 81.01 61.02 0.1927
50.59 61.70 80.21 60.65 0.1921
50.55 164.72 80.24 60.67 0.1921
50.55 288.36 80.24 60.67 0.1921
50.52 350.20 80.27 60.64 0.1921
928.12 41.02 80.55 60.90 0.1920
928.12 82.23 80.55 60.90 0.1920
50.54 432.59 80.25 60.69 0.1920
50.48 102.88 80.31 60.69 0.1920
50.48 391.38 80.31 60.69 0.1920
50.22 0.00 80.91 60.84 0.1919
50.43 473.79 80.37 60.71 0.1919
928.16 123.45 80.49 60.88 0.1919
13.58 0.00 80.84 60.78 0.1918
50.63 205.96 80.12 60.62 0.1918
598.83 61.42 80.72 61.07 0.1917
928.18 226.48 80.44 60.87 0.1916
50.59 247.14 80.16 60.66 0.1916
891.31 0.00 80.90 60.89 0.1915
562.25 61.51 80.64 60.99 0.1915
562.25 102.61 80.73 61.09 0.1915
562.25 205.65 80.73 61.09 0.1915
525.68 226.25 80.73 61.09 0.1915
818.18 164.43 80.79 61.09 0.1915
928.20 288.34 80.41 60.84 0.1915
928.20 473.80 80.41 60.84 0.1915
672.12 494.29 80.52 60.93 0.1915
159.96 61.40 80.74 61.16 0.1915
196.54 61.40 80.74 61.16 0.1915
306.25 61.40 80.74 61.16 0.1915
342.82 61.40 80.74 61.16 0.1915
379.39 61.40 80.74 61.16 0.1915
379.39 102.61 80.74 61.16 0.1915
671.96 102.61 80.74 61.16 0.1915
708.54 102.61 80.74 61.16 0.1915
233.11 123.22 80.74 61.16 0.1915
635.39 123.22 80.74 61.16 0.1915
781.68 143.83 80.74 61.16 0.1915
196.54 164.43 80.74 61.16 0.1915
342.82 164.43 80.74 61.16 0.1915
562.25 164.43 80.74 61.16 0.1915
306.25 205.65 80.74 61.16 0.1915
342.82 205.65 80.74 61.16 0.1915
708.54 205.65 80.74 61.16 0.1915
781.68 205.65 80.74 61.16 0.1915
159.96 226.26 80.74 61.16 0.1915
233.11 226.26 80.74 61.16 0.1915
306.25 246.86 80.74 61.16 0.1915
818.25 288.08 80.74 61.16 0.1915
854.82 288.08 80.74 61.16 0.1915
269.68 349.90 80.74 61.16 0.1915
598.82 349.90 80.74 61.16 0.1915
635.39 349.90 80.74 61.16 0.1915
562.25 391.11 80.74 61.16 0.1915
598.82 391.11 80.74 61.16 0.1915
635.39 391.11 80.74 61.16 0.1915
306.25 411.72 80.74 61.16 0.1915
123.07 0.00 81.25 61.03 0.1915
635.07 0.00 81.25 61.03 0.1915
269.61 61.40 80.81 61.15 0.1915
342.75 102.61 80.81 61.15 0.1915
598.75 102.61 80.81 61.15 0.1915
781.61 102.61 80.81 61.15 0.1915
415.90 123.22 80.81 61.15 0.1915
159.90 143.83 80.81 61.15 0.1915
306.18 143.83 80.81 61.15 0.1915
379.32 143.83 80.81 61.15 0.1915
598.75 164.43 80.81 61.15 0.1915
635.32 164.43 80.81 61.15 0.1915
489.04 226.26 80.81 61.15 0.1915
818.18 226.26 80.81 61.15 0.1915
269.61 267.47 80.81 61.15 0.1915
635.32 267.47 80.81 61.15 0.1915
708.47 288.08 80.81 61.15 0.1915
415.90 349.90 80.81 61.15 0.1915
159.90 411.72 80.81 61.15 0.1915
233.04 411.72 80.81 61.15 0.1915
269.61 411.72 80.81 61.15 0.1915
342.75 432.33 80.81 61.15 0.1915
452.35 0.00 81.13 60.99 0.1914
598.63 0.00 81.13 60.99 0.1914
598.83 267.48 80.72 61.12 0.1914
13.80 473.82 80.30 60.69 0.1914
928.18 164.66 80.44 60.87 0.1914
488.88 0.00 81.13 61.01 0.1914
708.54 246.89 80.74 61.13 0.1914
306.02 0.00 81.15 60.99 0.1913
379.16 0.00 81.15 60.99 0.1913
671.73 0.00 81.15 60.99 0.1913
708.30 0.00 81.15 60.99 0.1913
744.88 0.00 81.15 60.99 0.1913
781.45 0.00 81.15 60.99 0.1913
818.02 0.00 81.15 60.99 0.1913
854.59 0.00 81.15 60.99 0.1913
86.55 0.00 81.19 61.00 0.1913
159.69 0.00 81.19 61.00 0.1913
196.26 0.00 81.19 61.00 0.1913
232.83 0.00 81.19 61.00 0.1913
269.41 0.00 81.19 61.00 0.1913
342.55 0.00 81.19 61.00 0.1913
415.69 0.00 81.19 61.00 0.1913
306.40 494.29 80.43 60.91 0.1913
86.97 494.29 80.52 60.92 0.1913
123.55 494.29 80.52 60.92 0.1913
160.12 494.29 80.52 60.92 0.1913
196.69 494.29 80.52 60.92 0.1913
233.26 494.29 80.52 60.92 0.1913
269.83 494.29 80.52 60.92 0.1913
342.97 494.29 80.52 60.92 0.1913
379.55 494.29 80.52 60.92 0.1913
928.21 329.62 80.40 60.77 0.1913
233.10 164.45 80.76 61.15 0.1913
452.54 61.40 80.73 61.09 0.1913
525.68 61.51 80.64 60.98 0.1913
635.40 61.40 80.73 61.09 0.1913
233.11 82.01 80.73 61.09 0.1913
525.68 102.61 80.73 61.09 0.1913
745.11 226.26 80.73 61.09 0.1913
781.68 246.86 80.73 61.09 0.1913
233.11 370.51 80.73 61.09 0.1913
489.04 102.61 80.79 61.09 0.1913
86.76 226.26 80.79 61.09 0.1913
123.33 226.26 80.79 61.09 0.1913
196.47 226.26 80.79 61.09 0.1913
123.33 267.47 80.79 61.09 0.1913
671.90 267.47 80.79 61.09 0.1913
671.90 452.93 80.79 61.09 0.1913
525.48 0.00 81.12 60.99 0.1913
562.05 0.00 81.12 60.99 0.1913
452.70 494.28 80.41 60.93 0.1913
928.21 370.77 80.41 60.84 0.1913
598.99 494.28 80.51 60.93 0.1912
635.56 494.28 80.51 60.93 0.1912
415.97 82.01 80.74 61.16 0.1912
159.97 102.61 80.74 61.16 0.1912
745.11 123.22 80.74 61.16 0.1912
525.68 143.83 80.74 61.16 0.1912
671.97 143.83 80.74 61.16 0.1912
708.54 143.83 80.74 61.16 0.1912
269.68 185.04 80.74 61.16 0.1912
525.68 185.04 80.74 61.16 0.1912
745.11 185.04 80.74 61.16 0.1912
269.68 226.26 80.74 61.16 0.1912
379.40 226.26 80.74 61.16 0.1912
598.82 226.26 80.74 61.16 0.1912
342.82 246.86 80.74 61.16 0.1912
562.25 246.86 80.74 61.16 0.1912
159.97 267.47 80.74 61.16 0.1912
379.40 267.47 80.74 61.16 0.1912
745.11 267.47 80.74 61.16 0.1912
306.25 288.08 80.74 61.16 0.1912
342.82 288.08 80.74 61.16 0.1912
781.68 288.08 80.74 61.16 0.1912
269.68 308.69 80.74 61.16 0.1912
598.82 308.69 80.74 61.16 0.1912
306.25 329.29 80.74 61.16 0.1912
342.82 329.29 80.74 61.16 0.1912
818.25 329.29 80.74 61.16 0.1912
196.54 349.90 80.74 61.16 0.1912
671.97 349.90 80.74 61.16 0.1912
306.25 370.51 80.74 61.16 0.1912
342.82 370.51 80.74 61.16 0.1912
379.40 370.51 80.74 61.16 0.1912
708.54 370.51 80.74 61.16 0.1912
671.97 391.11 80.74 61.16 0.1912
708.54 411.72 80.74 61.16 0.1912
635.40 432.33 80.74 61.16 0.1912
745.11 432.33 80.74 61.16 0.1912
562.25 452.94 80.74 61.16 0.1912
708.54 452.94 80.74 61.16 0.1912
781.68 452.94 80.74 61.16 0.1912
708.47 61.40 80.81 61.15 0.1912
745.04 61.40 80.81 61.15 0.1912
781.61 61.40 80.81 61.15 0.1912
123.33 82.01 80.81 61.15 0.1912
196.47 102.61 80.81 61.15 0.1912
269.61 102.61 80.81 61.15 0.1912
306.18 102.61 80.81 61.15 0.1912
452.47 102.61 80.81 61.15 0.1912
818.18 102.61 80.81 61.15 0.1912
269.61 143.83 80.81 61.15 0.1912
452.47 143.83 80.81 61.15 0.1912
489.04 143.83 80.81 61.15 0.1912
415.90 164.44 80.81 61.15 0.1912
379.33 185.04 80.81 61.15 0.1912
452.47 185.04 80.81 61.15 0.1912
489.04 185.04 80.81 61.15 0.1912
671.90 185.04 80.81 61.15 0.1912
415.90 205.65 80.81 61.15 0.1912
635.33 205.65 80.81 61.15 0.1912
452.47 226.26 80.81 61.15 0.1912
671.90 226.26 80.81 61.15 0.1912
415.90 246.86 80.81 61.15 0.1912
86.76 267.47 80.81 61.15 0.1912
196.47 267.47 80.81 61.15 0.1912
233.04 267.47 80.81 61.15 0.1912
415.90 288.08 80.81 61.15 0.1912
452.47 288.08 80.81 61.15 0.1912
123.33 308.69 80.81 61.15 0.1912
159.90 308.69 80.81 61.15 0.1912
