61_Street_Battle_streetfight_61_430
200
927.92 0.00 81.01 81.21 0.1927
50.59 82.12 80.21 80.72 0.1921
50.59 274.12 80.21 80.72 0.1921
50.48 630.67 80.31 80.75 0.1921
50.59 548.39 80.19 80.74 0.1920
50.51 219.14 80.30 80.84 0.1919
928.17 630.60 80.49 81.03 0.1919
928.21 493.58 80.39 80.89 0.1918
928.21 548.44 80.39 80.89 0.1918
50.25 0.00 80.88 80.99 0.1918
50.63 493.56 80.12 80.68 0.1918
525.47 0.00 81.26 81.22 0.1917
123.40 356.12 80.61 81.19 0.1917
928.21 383.85 80.29 80.89 0.1917
342.60 0.00 81.18 81.21 0.1917
50.52 136.95 80.28 80.75 0.1917
159.97 356.12 80.70 81.19 0.1917
306.04 0.00 81.28 81.22 0.1917
928.18 54.59 80.47 81.04 0.1916
415.76 0.00 81.22 81.20 0.1916
452.33 0.00 81.22 81.20 0.1916
891.42 0.00 80.78 81.01 0.1916
342.76 548.09 80.68 81.22 0.1916
196.54 109.24 80.71 81.23 0.1916
928.21 438.73 80.30 80.88 0.1916
928.21 246.73 80.40 80.89 0.1915
562.04 0.00 81.13 81.20 0.1915
708.54 109.15 80.73 81.32 0.1915
635.40 191.43 80.73 81.32 0.1915
525.68 246.29 80.73 81.32 0.1915
489.11 273.72 80.73 81.32 0.1915
562.25 273.72 80.73 81.32 0.1915
159.97 301.15 80.73 81.32 0.1915
452.54 301.15 80.73 81.32 0.1915
525.68 301.15 80.73 81.32 0.1915
233.11 356.01 80.73 81.32 0.1915
269.68 356.01 80.73 81.32 0.1915
598.59 0.00 81.16 81.20 0.1915
708.79 658.07 80.18 80.78 0.1915
159.69 0.00 81.19 81.21 0.1915
635.12 0.00 81.19 81.21 0.1915
928.20 164.36 80.41 80.98 0.1915
415.97 383.56 80.61 81.19 0.1915
525.69 383.56 80.61 81.19 0.1915
50.70 411.30 80.01 80.66 0.1915
379.40 575.56 80.61 81.19 0.1915
269.42 0.00 81.19 81.21 0.1915
50.67 356.43 80.04 80.69 0.1915
928.22 301.57 80.38 80.89 0.1915
745.11 136.58 80.74 81.40 0.1915
123.39 301.15 80.74 81.40 0.1915
196.22 0.00 81.25 81.23 0.1915
671.73 0.00 81.16 81.19 0.1914
708.31 0.00 81.16 81.19 0.1914
744.88 0.00 81.16 81.19 0.1914
123.33 548.04 80.69 81.27 0.1914
379.14 0.00 81.32 81.24 0.1914
488.91 0.00 81.11 81.19 0.1914
415.97 575.56 80.72 81.28 0.1914
817.97 0.00 81.21 81.18 0.1914
269.72 603.01 80.58 81.16 0.1914
306.30 603.01 80.58 81.16 0.1914
269.74 548.13 80.56 81.17 0.1914
86.59 0.00 81.15 81.19 0.1913
13.82 82.16 80.24 80.69 0.1913
159.97 520.67 80.62 81.22 0.1913
196.54 520.67 80.62 81.22 0.1913
233.11 520.67 80.62 81.22 0.1913
306.26 548.10 80.62 81.22 0.1913
489.11 602.95 80.62 81.22 0.1913
854.55 0.00 81.19 81.20 0.1913
598.76 575.53 80.68 81.22 0.1913
269.69 136.67 80.71 81.22 0.1913
86.83 328.67 80.71 81.22 0.1913
196.55 328.67 80.71 81.22 0.1913
379.40 356.10 80.71 81.22 0.1913
452.55 383.53 80.71 81.22 0.1913
489.12 383.53 80.71 81.22 0.1913
562.26 383.53 80.71 81.22 0.1913
562.26 575.53 80.71 81.22 0.1913
13.61 0.00 80.77 80.90 0.1913
745.11 81.72 80.63 81.31 0.1913
818.25 191.44 80.63 81.31 0.1913
159.97 465.72 80.63 81.31 0.1913
854.82 602.87 80.63 81.31 0.1913
123.07 0.00 81.25 81.21 0.1913
232.79 0.00 81.25 81.21 0.1913
233.11 81.72 80.73 81.32 0.1913
671.96 81.87 80.64 81.17 0.1913
781.68 81.72 80.73 81.32 0.1913
635.40 109.15 80.73 81.32 0.1913
818.26 109.15 80.73 81.32 0.1913
233.11 136.58 80.73 81.32 0.1913
562.26 136.58 80.73 81.32 0.1913
598.83 136.58 80.73 81.32 0.1913
781.68 136.58 80.73 81.32 0.1913
671.97 164.01 80.73 81.32 0.1913
708.54 164.01 80.73 81.32 0.1913
562.26 191.44 80.73 81.32 0.1913
598.83 191.44 80.73 81.32 0.1913
745.11 191.44 80.73 81.32 0.1913
781.68 191.44 80.73 81.32 0.1913
415.97 218.87 80.73 81.32 0.1913
452.54 218.87 80.73 81.32 0.1913
671.97 218.87 80.73 81.32 0.1913
598.83 246.29 80.73 81.32 0.1913
635.40 246.29 80.73 81.32 0.1913
818.26 246.29 80.73 81.32 0.1913
415.97 273.72 80.73 81.32 0.1913
233.11 301.15 80.73 81.32 0.1913
269.68 301.15 80.73 81.32 0.1913
415.97 328.58 80.73 81.32 0.1913
489.11 328.58 80.73 81.32 0.1913
342.83 356.01 80.73 81.32 0.1913
196.54 383.58 80.64 81.17 0.1913
306.27 383.58 80.59 81.12 0.1913
342.83 438.29 80.73 81.32 0.1913
379.40 438.29 80.73 81.32 0.1913
159.97 602.87 80.73 81.32 0.1913
525.68 603.01 80.64 81.17 0.1913
489.04 218.87 80.79 81.31 0.1913
306.19 273.72 80.79 81.31 0.1913
342.76 273.72 80.79 81.31 0.1913
342.83 191.53 80.73 81.31 0.1913
671.84 355.97 80.87 81.45 0.1913
928.21 109.50 80.41 80.97 0.1913
306.19 191.53 80.79 81.30 0.1913
123.33 493.24 80.79 81.30 0.1913
233.12 438.29 80.70 81.34 0.1912
269.68 81.72 80.74 81.40 0.1912
159.97 109.15 80.74 81.40 0.1912
854.82 136.58 80.74 81.40 0.1912
196.54 164.01 80.74 81.40 0.1912
233.11 191.44 80.74 81.40 0.1912
269.68 191.44 80.74 81.40 0.1912
525.68 191.44 80.74 81.40 0.1912
854.82 191.44 80.74 81.40 0.1912
708.54 218.87 80.74 81.40 0.1912
233.11 246.30 80.74 81.40 0.1912
269.62 246.29 80.76 81.33 0.1912
379.40 273.72 80.74 81.40 0.1912
854.82 273.72 80.74 81.40 0.1912
598.82 301.15 80.74 81.40 0.1912
306.25 328.58 80.74 81.40 0.1912
562.25 328.58 80.74 81.40 0.1912
854.82 328.58 80.74 81.40 0.1912
598.82 356.01 80.74 81.40 0.1912
854.82 383.44 80.74 81.40 0.1912
196.53 438.35 80.75 81.27 0.1912
306.25 465.72 80.74 81.40 0.1912
854.82 465.72 80.74 81.40 0.1912
269.68 493.15 80.74 81.40 0.1912
854.82 520.58 80.74 81.40 0.1912
452.54 575.44 80.74 81.40 0.1912
635.33 602.86 80.76 81.33 0.1912
781.45 0.00 81.13 81.19 0.1912
13.81 136.98 80.25 80.72 0.1912
13.81 191.84 80.25 80.72 0.1912
13.81 246.70 80.25 80.72 0.1912
635.33 328.58 80.81 81.40 0.1912
342.76 493.15 80.81 81.40 0.1912
379.33 493.15 80.81 81.40 0.1912
233.04 630.44 80.72 81.25 0.1912
379.41 191.46 80.72 81.35 0.1912
562.25 438.40 80.63 81.21 0.1912
598.83 410.86 80.72 81.42 0.1912
525.69 438.39 80.71 81.21 0.1912
598.83 465.72 80.72 81.42 0.1912
598.83 520.58 80.72 81.42 0.1912
123.44 411.02 80.58 81.16 0.1911
160.01 411.02 80.58 81.16 0.1911
415.90 493.15 80.78 81.42 0.1911
635.33 548.01 80.78 81.42 0.1911
233.15 575.59 80.58 81.16 0.1911
342.87 603.02 80.58 81.16 0.1911
672.22 658.02 80.15 80.88 0.1911
123.35 136.59 80.76 81.37 0.1911
415.92 438.31 80.76 81.37 0.1911
891.64 54.60 80.16 80.75 0.1911
708.42 328.58 80.83 81.39 0.1911
489.12 438.29 80.70 81.32 0.1911
306.24 109.17 80.76 81.39 0.1910
196.53 246.32 80.76 81.39 0.1910
452.48 520.63 80.75 81.35 0.1910
525.67 548.03 80.76 81.39 0.1910
379.38 630.37 80.76 81.26 0.1910
123.33 602.87 80.79 81.31 0.1910
635.42 493.20 80.65 81.30 0.1910
818.17 630.32 80.74 81.38 0.1910
745.35 657.98 80.28 81.02 0.1910
342.83 136.62 80.74 81.34 0.1910
781.69 246.32 80.72 81.34 0.1910
671.93 301.20 80.71 81.29 0.1910
452.49 438.31 80.74 81.27 0.1910
379.39 136.66 80.73 81.30 0.1910
159.91 164.03 80.78 81.33 0.1910
671.97 575.44 80.71 81.41 0.1910
635.64 658.05 80.15 80.87 0.1910
635.33 383.44 80.78 81.40 0.1910
635.33 438.29 80.78 81.40 0.1910
