61_Street_Battle_streetfight_61_640
129
678.06 100.05 125.82 189.52 0.4501
469.28 609.72 61.89 89.45 0.2469
490.68 574.54 65.59 90.96 0.2072
658.66 675.79 27.67 33.52 0.1961
683.91 185.83 94.44 126.08 0.1923
535.76 494.24 151.58 102.97 0.1904
477.87 531.63 107.94 119.69 0.1727
778.43 102.01 59.65 96.23 0.1718
519.95 570.55 72.75 88.73 0.1546
614.88 125.48 166.88 232.01 0.1514
661.26 97.39 76.51 97.48 0.1486
460.32 632.10 60.21 121.10 0.1468
348.68 489.20 67.97 75.78 0.1455
727.24 93.67 109.34 150.57 0.1438
355.68 144.77 36.69 62.77 0.1433
552.14 633.17 37.69 54.27 0.1426
475.78 378.83 27.93 35.21 0.1421
598.83 518.15 106.31 88.16 0.1331
500.15 331.37 35.79 49.75 0.1246
611.98 671.85 45.73 45.12 0.1215
402.30 367.50 33.09 44.44 0.1201
368.15 102.57 27.10 47.26 0.1197
491.37 645.53 62.87 111.16 0.1174
635.22 238.52 153.51 152.07 0.1168
699.91 86.16 63.73 74.87 0.1168
477.68 398.85 27.01 35.92 0.1150
365.90 176.26 36.04 63.00 0.1144
748.10 557.62 47.19 58.30 0.1122
440.07 148.85 28.61 45.49 0.1119
651.48 649.86 44.73 63.70 0.1110
338.95 154.20 41.85 60.94 0.1102
503.80 365.26 34.05 41.14 0.1078
530.11 670.04 63.05 104.00 0.1075
370.32 91.14 22.64 34.66 0.1071
404.41 332.77 35.40 56.18 0.1051
329.86 97.58 36.14 64.18 0.1046
455.37 692.63 55.45 98.35 0.1033
322.81 326.00 60.71 71.95 0.1032
337.07 57.44 19.65 28.83 0.1024
497.36 114.35 42.25 63.24 0.1017
596.67 678.37 46.62 60.54 0.1014
607.83 86.09 44.69 71.97 0.0993
482.73 340.23 37.92 49.07 0.0939
449.95 373.41 35.75 34.49 0.0928
578.38 460.43 84.45 77.23 0.0925
302.69 347.17 45.60 48.27 0.0920
555.31 344.92 39.42 45.70 0.0901
485.69 132.33 39.15 60.89 0.0893
673.43 614.33 67.95 74.86 0.0852
604.37 91.66 75.57 157.12 0.0846
513.74 407.57 26.13 32.85 0.0834
699.51 593.43 74.87 97.24 0.0834
745.14 82.00 64.64 115.20 0.0834
332.82 225.35 38.96 53.01 0.0830
292.28 74.87 32.40 51.30 0.0829
591.38 97.12 47.56 72.93 0.0818
438.48 284.07 36.78 48.25 0.0802
333.08 284.47 60.38 73.05 0.0799
433.40 319.99 38.63 48.42 0.0797
645.44 545.24 88.56 84.81 0.0792
477.42 502.01 114.53 75.16 0.0766
716.48 566.17 68.20 92.99 0.0753
574.96 350.77 43.40 58.32 0.0750
442.86 338.17 35.52 51.34 0.0748
696.18 298.23 124.25 108.66 0.0742
405.54 398.69 29.79 40.00 0.0734
401.93 113.97 26.87 35.37 0.0734
509.03 434.61 32.11 37.04 0.0729
618.04 461.02 122.03 96.35 0.0727
583.19 647.04 41.93 63.36 0.0726
389.58 639.57 85.14 124.88 0.0720
651.60 597.76 54.66 57.29 0.0718
588.48 427.26 45.87 54.22 0.0717
403.43 197.41 26.75 41.37 0.0715
333.09 82.26 26.88 42.93 0.0715
291.87 77.28 51.87 90.66 0.0708
546.39 93.39 43.99 78.88 0.0707
291.37 109.35 70.19 117.68 0.0703
611.18 360.47 85.47 105.82 0.0697
481.87 437.40 31.31 34.72 0.0692
363.00 659.73 65.33 95.46 0.0690
397.47 172.49 34.01 55.26 0.0689
704.66 662.04 61.71 67.46 0.0684
553.25 77.74 34.08 57.21 0.0679
361.60 498.88 78.35 97.41 0.0676
509.62 222.93 60.36 73.46 0.0674
497.18 261.81 64.28 77.22 0.0662
585.09 140.04 67.12 107.27 0.0659
436.50 242.79 49.01 66.46 0.0658
464.81 220.80 59.90 72.13 0.0655
293.66 165.96 58.53 85.57 0.0637
470.29 203.58 42.52 51.22 0.0634
561.22 193.09 143.89 155.50 0.0633
442.00 546.86 83.25 108.57 0.0632
621.35 309.60 135.32 177.58 0.0630
721.99 524.76 70.82 90.44 0.0628
475.21 153.49 40.69 64.13 0.0626
322.31 414.34 87.10 103.99 0.0625
443.93 440.65 33.65 38.68 0.0610
404.92 286.67 35.31 48.12 0.0609
368.28 60.20 25.38 31.80 0.0607
550.03 406.24 29.30 42.69 0.0602
587.83 400.24 42.37 60.62 0.0598
362.88 454.47 79.16 95.46 0.0596
440.63 211.83 58.51 74.32 0.0594
363.51 251.71 42.43 51.46 0.0592
437.94 529.48 57.91 79.51 0.0591
448.10 401.38 33.71 36.11 0.0590
243.08 203.88 79.89 84.42 0.0578
330.53 690.40 36.74 50.37 0.0578
386.96 424.57 54.36 60.14 0.0570
400.57 140.71 33.10 50.69 0.0569
444.83 114.64 26.83 42.79 0.0561
413.76 504.89 58.80 56.91 0.0556
443.24 192.96 40.86 58.41 0.0555
326.83 653.25 55.83 69.92 0.0552
465.68 740.76 34.56 55.77 0.0547
459.99 277.57 61.87 65.22 0.0538
558.24 583.66 73.71 72.77 0.0533
396.97 213.04 38.69 55.34 0.0533
251.65 241.28 61.45 57.13 0.0532
291.74 252.19 48.88 45.40 0.0525
533.33 258.71 57.61 75.28 0.0522
356.07 554.76 91.29 118.22 0.0522
288.00 209.79 59.23 60.38 0.0506
524.98 716.92 64.55 88.25 0.0504
282.89 417.35 60.67 87.38 0.0503
295.16 284.03 43.32 41.86 0.0503
427.98 450.32 46.71 53.08 0.0501
