61_Street_Battle_streetfight_61_913
200
912.74 128.38 41.89 52.95 0.3280
116.85 324.89 28.86 34.02 0.2552
741.47 368.89 13.82 15.89 0.2157
630.40 369.29 18.91 18.31 0.2150
778.53 368.92 14.12 16.16 0.1991
853.34 370.61 12.84 14.61 0.1980
144.70 338.98 29.29 34.18 0.1897
705.35 368.21 15.01 16.70 0.1842
888.53 137.15 54.36 61.65 0.1820
669.00 146.25 16.82 22.97 0.1817
668.80 369.85 16.01 16.37 0.1815
739.56 392.83 17.67 17.41 0.1809
736.86 311.63 17.87 21.95 0.1804
224.51 311.85 38.69 32.63 0.1778
887.57 372.06 14.93 16.24 0.1773
779.08 29.85 19.65 21.49 0.1728
835.08 455.25 55.48 39.94 0.1680
632.71 32.85 23.16 19.53 0.1649
816.46 370.49 13.54 15.36 0.1618
778.09 392.46 17.30 19.28 0.1604
726.95 126.26 28.20 33.51 0.1601
707.26 346.97 13.95 16.93 0.1582
776.83 342.24 18.17 19.03 0.1576
516.42 26.39 20.70 25.65 0.1574
814.73 391.35 18.93 19.16 0.1558
947.71 475.23 33.54 40.60 0.1494
946.22 127.73 62.33 82.70 0.1491
117.88 294.27 37.05 53.73 0.1485
742.70 347.41 13.31 16.00 0.1485
628.81 105.59 29.07 39.18 0.1463
597.82 369.17 27.26 28.08 0.1434
881.06 385.56 27.33 24.98 0.1429
921.21 370.62 18.10 18.30 0.1422
83.27 336.09 26.22 34.81 0.1422
147.44 197.37 29.45 20.69 0.1377
699.53 393.06 22.16 21.30 0.1368
987.72 115.92 32.30 53.59 0.1342
595.42 44.67 21.53 24.22 0.1329
845.76 389.26 23.16 22.68 0.1314
908.85 388.47 34.50 29.87 0.1294
630.82 42.99 27.74 26.40 0.1292
596.81 385.88 31.57 33.34 0.1289
170.62 339.40 42.65 39.56 0.1283
808.55 335.39 21.69 24.79 0.1273
624.95 338.87 25.59 24.81 0.1252
662.30 389.29 28.88 25.28 0.1248
140.91 294.32 31.86 44.06 0.1234
43.93 333.56 19.80 31.06 0.1233
805.76 29.72 21.83 22.22 0.1232
322.02 437.14 47.79 28.66 0.1227
662.24 32.79 21.36 20.19 0.1218
580.03 316.60 40.65 46.25 0.1212
919.91 68.72 30.55 34.74 0.1203
623.76 384.48 29.76 28.76 0.1202
740.54 31.07 20.52 19.46 0.1193
612.48 309.83 40.11 38.11 0.1188
803.94 312.54 26.42 28.86 0.1188
111.54 242.20 24.30 31.14 0.1187
594.91 32.53 18.55 20.39 0.1181
667.36 165.34 20.36 29.44 0.1169
706.30 318.55 19.44 19.54 0.1159
45.62 317.12 18.64 32.70 0.1155
77.29 345.00 32.35 56.04 0.1154
665.63 343.92 19.38 21.51 0.1135
879.93 88.73 38.93 47.61 0.1129
190.56 314.30 38.39 27.28 0.1123
339.20 435.67 58.81 26.00 0.1119
663.72 116.62 21.81 32.57 0.1116
46.37 1.09 22.96 20.35 0.1110
110.30 337.42 41.76 65.99 0.1096
736.67 409.59 25.94 21.89 0.1087
591.51 102.91 26.21 39.73 0.1077
570.35 292.84 54.47 58.48 0.1076
913.38 77.82 38.78 48.47 0.1051
39.90 236.83 23.45 39.52 0.1051
3.39 0.00 24.73 25.33 0.1046
660.42 287.86 25.83 31.49 0.1041
372.08 518.23 80.01 63.35 0.1037
42.54 256.25 21.06 36.76 0.1033
487.19 4.88 23.39 22.44 0.1029
628.71 138.97 22.76 32.26 0.1027
627.17 163.98 24.88 35.04 0.1026
840.46 407.20 42.12 31.34 0.1024
130.41 312.20 39.49 34.56 0.1024
121.81 198.08 23.25 21.52 0.1020
116.11 214.50 23.08 26.22 0.1018
484.30 21.83 25.03 29.20 0.1015
790.15 293.41 43.54 53.45 0.1009
7.89 338.01 19.23 28.69 0.1006
137.78 362.12 39.34 55.01 0.0995
177.10 195.44 35.72 22.20 0.0991
887.36 391.20 61.84 53.56 0.0988
412.06 46.06 21.75 22.47 0.0979
45.17 289.32 18.68 32.11 0.0975
849.40 344.41 17.67 20.14 0.0969
704.19 139.84 20.40 29.86 0.0967
44.53 28.80 20.46 21.05 0.0963
558.25 95.67 25.59 32.18 0.0962
961.76 5.51 27.83 21.72 0.0961
779.75 314.94 31.73 28.30 0.0960
625.96 71.48 45.01 54.04 0.0951
150.12 237.41 29.00 34.67 0.0934
691.32 400.75 34.14 33.52 0.0933
146.28 212.45 30.79 28.23 0.0930
775.48 406.98 23.42 24.00 0.0927
499.62 287.30 34.45 43.49 0.0925
616.47 389.11 42.85 49.14 0.0923
117.48 260.82 28.56 36.02 0.0921
653.29 389.29 45.79 46.45 0.0918
704.72 121.43 22.40 33.14 0.0910
6.33 26.04 22.09 26.57 0.0905
83.11 289.45 19.22 31.86 0.0902
811.94 407.15 33.86 27.38 0.0886
663.23 309.83 26.25 33.52 0.0884
840.15 431.51 78.59 69.03 0.0878
879.09 73.18 31.28 38.97 0.0871
38.76 352.20 25.69 40.43 0.0866
553.14 76.27 25.09 28.88 0.0859
700.02 32.97 20.99 18.74 0.0858
37.53 205.61 27.66 51.82 0.0856
188.27 31.40 19.68 17.56 0.0847
5.68 315.32 19.95 33.64 0.0837
482.95 42.91 23.96 29.39 0.0833
959.39 16.86 33.07 31.68 0.0830
607.03 264.43 56.82 78.70 0.0823
653.21 85.02 36.58 43.97 0.0819
155.02 4.35 18.93 16.29 0.0816
703.65 296.50 25.32 29.76 0.0812
340.75 479.04 79.05 49.94 0.0810
149.38 175.50 30.92 26.25 0.0805
79.43 31.32 18.32 16.78 0.0802
236.06 323.91 42.49 38.36 0.0802
319.44 485.74 55.83 40.91 0.0796
627.86 189.51 26.49 31.80 0.0794
864.95 400.05 55.86 42.00 0.0790
34.86 186.81 27.55 43.42 0.0789
858.17 184.51 86.11 103.76 0.0784
82.97 315.21 26.13 38.91 0.0776
558.38 108.56 26.91 38.02 0.0776
340.20 407.45 67.73 34.62 0.0775
992.03 90.53 30.40 49.70 0.0768
911.03 470.82 44.87 45.94 0.0757
658.04 45.80 28.46 28.52 0.0752
347.21 568.97 127.41 97.06 0.0751
407.30 32.47 23.05 29.09 0.0748
120.91 32.09 20.14 19.53 0.0745
662.42 190.16 25.08 31.68 0.0738
6.11 223.36 25.49 52.72 0.0736
6.30 356.10 21.45 32.98 0.0735
7.34 258.06 21.17 42.35 0.0734
5.65 281.37 20.35 37.76 0.0734
150.03 464.46 25.65 30.28 0.0734
924.68 30.57 23.19 21.41 0.0732
37.89 121.76 21.85 23.39 0.0730
326.45 28.88 33.72 29.64 0.0728
921.44 46.90 29.74 35.99 0.0725
120.80 46.59 22.61 20.51 0.0722
723.46 436.31 42.22 32.21 0.0720
8.53 115.39 18.03 30.51 0.0717
187.80 175.78 25.87 24.41 0.0717
4.91 403.39 25.08 53.09 0.0717
149.62 485.84 20.65 22.88 0.0713
23.53 408.94 39.63 55.12 0.0709
121.96 97.34 39.02 26.65 0.0705
7.69 184.15 28.86 59.68 0.0703
811.29 46.00 23.53 28.48 0.0702
227.38 1.56 24.03 17.98 0.0702
9.89 45.50 20.44 26.26 0.0701
891.50 31.57 20.58 19.96 0.0698
586.31 181.37 33.53 46.83 0.0696
148.09 255.87 30.88 39.95 0.0688
199.89 196.53 46.42 26.55 0.0688
627.55 212.37 25.88 29.80 0.0681
154.74 26.62 18.61 17.10 0.0680
846.43 32.09 20.89 23.59 0.0673
36.09 169.11 25.83 35.62 0.0670
505.11 336.86 29.86 34.71 0.0669
191.99 144.41 20.85 20.52 0.0668
117.14 174.33 23.14 25.40 0.0667
591.55 137.08 26.76 46.50 0.0665
954.42 83.06 38.66 41.48 0.0665
803.11 448.15 91.23 65.71 0.0661
592.51 73.62 28.87 35.92 0.0659
80.31 267.97 22.96 37.99 0.0657
951.30 36.34 33.45 38.33 0.0654
585.11 153.16 36.85 57.17 0.0653
84.45 216.15 21.20 29.70 0.0653
924.75 149.05 71.19 83.27 0.0652
264.48 31.18 24.36 19.64 0.0652
656.58 68.43 34.96 41.69 0.0651
950.33 64.45 35.49 40.61 0.0651
512.15 5.15 26.34 27.95 0.0647
120.45 491.39 14.78 18.84 0.0646
484.33 600.71 53.23 70.76 0.0646
775.43 34.56 26.33 36.08 0.0644
5.99 95.77 22.01 37.36 0.0643
498.55 396.52 34.68 50.40 0.0643
6.16 74.19 27.13 44.96 0.0640
747.76 444.70 54.37 37.91 0.0640
735.81 41.50 30.26 33.09 0.0635
