51_Dresses_wearingdress_51_883
81
228.99 162.95 92.16 124.02 0.9508
654.73 75.05 112.78 136.21 0.9158
848.65 453.86 80.65 96.13 0.3035
793.66 501.16 46.47 50.58 0.3006
717.92 25.68 39.54 33.71 0.2727
693.76 518.17 28.93 30.69 0.2611
541.80 380.23 27.74 29.68 0.1894
476.68 527.66 30.61 24.46 0.1891
656.95 521.10 39.50 36.14 0.1767
658.89 212.08 176.44 122.82 0.1685
706.75 482.61 28.12 27.85 0.1617
837.96 452.92 45.37 59.38 0.1534
700.17 501.69 29.36 37.60 0.1512
706.71 444.80 14.77 18.77 0.1460
435.24 531.83 39.61 26.80 0.1317
809.56 473.69 40.55 56.43 0.1241
361.45 446.97 24.92 32.41 0.1231
831.02 505.64 61.31 56.36 0.1212
265.52 445.36 17.42 20.55 0.1191
188.67 177.24 67.62 102.99 0.1169
627.62 534.44 36.09 25.47 0.1164
732.01 469.95 27.56 33.36 0.1091
627.60 512.22 25.89 33.29 0.1088
739.65 536.59 29.45 25.21 0.1049
526.35 377.49 38.16 41.97 0.1045
839.60 442.65 27.51 35.61 0.1030
262.67 414.84 24.51 35.02 0.1015
468.02 428.12 44.44 56.58 0.1004
591.42 429.16 36.22 43.10 0.0993
515.20 538.05 35.41 23.33 0.0989
674.40 20.65 78.26 73.80 0.0988
283.90 177.58 78.61 97.11 0.0969
577.58 488.24 38.92 46.75 0.0964
290.73 468.63 22.62 29.69 0.0950
547.60 534.97 43.89 27.03 0.0944
269.39 457.21 21.64 24.28 0.0920
574.46 535.13 43.17 26.87 0.0914
516.19 402.46 40.03 53.37 0.0894
252.24 377.85 40.15 65.83 0.0877
256.59 494.43 27.11 30.30 0.0873
293.36 495.55 24.86 29.00 0.0846
138.28 185.81 58.27 68.50 0.0840
286.33 537.58 32.02 23.74 0.0836
406.59 540.09 33.95 21.91 0.0829
116.78 282.87 44.32 52.86 0.0819
730.53 500.46 32.83 44.50 0.0818
364.22 464.07 24.75 36.19 0.0766
706.85 459.65 19.23 21.70 0.0765
289.22 520.78 31.00 27.93 0.0753
615.13 498.74 34.78 37.19 0.0742
620.27 479.32 28.77 32.34 0.0738
613.06 441.08 33.53 35.00 0.0737
452.93 471.07 27.06 35.06 0.0726
773.59 478.50 41.20 53.03 0.0712
0.00 527.12 27.29 33.11 0.0711
279.47 382.17 38.75 48.45 0.0691
556.19 507.10 39.95 36.95 0.0690
540.70 395.49 41.20 56.36 0.0669
290.03 444.31 24.62 29.53 0.0668
466.64 454.34 45.09 52.86 0.0643
259.80 517.78 28.56 28.41 0.0633
586.14 451.08 37.06 52.99 0.0627
269.96 348.78 50.81 73.13 0.0626
519.51 518.12 26.70 26.33 0.0623
881.07 512.74 83.18 49.26 0.0618
502.65 418.47 47.95 65.09 0.0607
545.46 411.10 49.77 66.52 0.0600
973.28 526.64 50.72 34.49 0.0596
332.07 496.74 29.69 34.83 0.0592
516.85 502.13 27.27 31.38 0.0592
697.08 3.78 50.76 36.08 0.0574
555.19 468.50 43.59 58.86 0.0573
718.99 310.60 105.72 133.88 0.0567
279.93 413.76 37.22 40.35 0.0559
330.93 513.46 29.43 31.25 0.0548
267.92 472.96 27.59 29.22 0.0537
342.54 200.94 48.89 51.45 0.0535
714.75 50.73 109.58 113.83 0.0513
135.24 286.84 60.50 59.74 0.0512
340.29 420.80 27.49 33.22 0.0504
258.21 533.80 33.57 27.01 0.0504
