30_Surgeons_Surgeons_30_861
102
193.17 248.78 415.17 546.97 0.0816
25.18 75.65 215.31 619.81 0.0787
112.64 358.74 319.71 604.29 0.0720
20.09 645.86 203.70 873.41 0.0699
264.80 462.52 407.06 634.61 0.0684
256.05 137.03 446.79 460.81 0.0671
88.54 155.16 352.52 425.56 0.0659
564.60 278.55 459.40 456.32 0.0648
515.94 658.61 346.09 773.26 0.0645
101.76 664.88 317.68 597.44 0.0603
492.98 368.58 392.17 626.33 0.0558
70.44 454.57 238.79 678.19 0.0555
240.90 690.39 315.06 754.90 0.0539
477.07 129.19 447.72 457.06 0.0530
148.71 891.45 213.40 644.55 0.0521
367.07 691.20 329.33 793.40 0.0478
223.02 376.53 109.59 349.68 0.0449
254.12 0.00 343.71 260.20 0.0434
49.66 51.27 292.92 377.92 0.0427
541.85 0.00 340.23 241.10 0.0420
0.00 401.42 229.25 483.25 0.0415
257.46 334.56 112.85 304.55 0.0414
253.25 469.96 116.54 295.55 0.0400
137.27 0.00 297.26 251.87 0.0398
502.81 957.77 259.40 578.23 0.0370
240.07 263.19 152.72 242.57 0.0368
534.66 1088.43 113.82 258.69 0.0364
692.47 1058.10 117.44 313.41 0.0360
391.68 58.90 439.89 351.06 0.0356
622.20 1055.05 114.55 301.05 0.0353
660.92 1129.40 113.66 318.02 0.0348
523.89 450.86 96.57 333.92 0.0345
312.37 419.53 117.07 358.72 0.0324
693.21 1196.51 115.73 318.55 0.0324
644.33 976.87 129.09 287.59 0.0322
571.24 1093.29 123.76 342.16 0.0318
514.63 1019.94 107.36 243.10 0.0311
624.24 1204.20 112.30 326.57 0.0310
730.97 979.87 110.56 300.25 0.0308
294.65 164.33 123.25 304.24 0.0307
0.00 0.00 68.66 124.44 0.0307
756.78 0.00 267.22 261.24 0.0305
174.44 319.36 119.70 272.16 0.0305
844.04 1196.17 106.00 305.14 0.0300
732.15 1129.84 111.62 306.79 0.0299
410.82 0.00 269.48 304.50 0.0299
595.28 751.31 103.51 327.24 0.0297
417.54 830.62 91.29 334.05 0.0290
487.55 949.76 82.05 311.98 0.0288
770.34 1210.38 105.57 295.50 0.0286
458.87 465.98 99.50 373.07 0.0278
648.97 292.58 96.70 313.66 0.0271
659.41 481.67 112.25 328.53 0.0268
612.93 849.75 411.07 580.47 0.0267
775.15 1049.19 101.63 309.86 0.0267
677.43 901.85 129.18 297.95 0.0266
847.73 1040.27 102.39 316.71 0.0263
568.81 986.02 129.80 248.98 0.0262
0.00 0.00 204.95 256.01 0.0262
439.75 0.00 110.40 189.18 0.0258
219.96 77.82 150.26 203.07 0.0256
548.09 833.49 114.35 341.60 0.0255
386.97 34.44 132.25 192.65 0.0254
811.05 1113.98 101.60 325.29 0.0254
437.62 956.66 184.68 235.15 0.0254
335.28 267.86 111.52 307.41 0.0254
0.00 1363.08 44.76 172.92 0.0253
239.72 625.93 135.11 287.70 0.0252
490.62 1087.18 108.17 312.68 0.0252
520.93 41.16 104.19 217.05 0.0251
200.12 168.59 141.92 302.02 0.0247
296.98 67.52 118.77 203.49 0.0245
596.78 472.69 98.99 333.76 0.0241
338.94 0.00 134.15 148.97 0.0238
634.46 807.64 144.40 324.79 0.0236
452.60 71.98 125.87 202.34 0.0234
604.61 236.33 97.33 295.83 0.0232
537.46 323.90 95.17 316.13 0.0229
620.79 664.86 108.11 311.79 0.0228
489.28 0.00 130.28 153.27 0.0227
567.62 383.24 96.84 333.41 0.0227
520.19 713.52 105.14 301.65 0.0225
563.48 566.21 105.71 340.36 0.0225
547.66 0.00 107.11 189.98 0.0225
694.85 417.93 105.92 301.57 0.0225
597.83 37.58 104.56 220.26 0.0224
634.08 406.26 107.17 320.32 0.0224
299.88 577.53 125.24 354.69 0.0223
338.60 92.28 112.28 321.81 0.0221
612.14 940.24 132.32 225.92 0.0219
257.07 0.00 137.35 142.30 0.0218
16.29 1252.03 83.36 232.49 0.0218
567.77 68.55 95.63 337.63 0.0216
485.40 421.48 102.56 301.38 0.0215
812.64 951.16 101.68 333.12 0.0214
339.43 679.44 122.38 350.14 0.0214
162.95 445.77 134.84 230.02 0.0214
183.59 37.76 117.09 255.49 0.0210
24.23 1070.94 76.30 305.23 0.0204
712.16 1308.52 152.32 227.48 0.0204
643.26 158.67 89.85 318.68 0.0204
362.36 472.01 111.16 321.25 0.0201
