37_Soccer_soccer_ball_37_506
200
599.19 262.64 40.99 41.57 0.5257
839.72 419.12 73.18 55.45 0.4683
518.89 269.86 44.18 42.99 0.4009
450.38 239.28 37.17 36.07 0.3875
694.21 257.89 30.89 28.85 0.3763
930.87 429.27 80.06 69.03 0.3455
111.84 121.01 169.51 69.29 0.2789
453.53 247.22 50.56 41.39 0.2665
802.25 415.73 82.55 56.70 0.2369
413.59 211.46 17.45 14.39 0.2245
533.95 259.43 42.77 35.88 0.2174
730.75 391.10 45.44 44.05 0.2111
481.58 452.90 18.97 22.18 0.2087
411.21 226.87 22.76 16.53 0.2016
102.26 291.04 41.62 43.48 0.1943
597.81 322.30 31.00 34.85 0.1832
465.25 265.45 50.67 50.14 0.1819
435.59 381.26 24.69 27.96 0.1789
764.41 389.81 50.24 50.74 0.1719
215.19 301.13 34.39 29.20 0.1695
624.59 201.22 42.54 27.11 0.1623
468.26 230.02 32.03 24.38 0.1612
914.17 343.08 38.33 29.27 0.1599
454.02 299.38 57.47 75.37 0.1598
659.08 284.78 26.08 29.26 0.1556
519.69 350.25 24.09 25.67 0.1548
738.64 305.00 34.05 40.15 0.1533
612.92 450.39 45.19 51.91 0.1533
407.51 243.36 36.86 29.07 0.1513
40.86 411.81 40.95 47.51 0.1513
911.41 328.62 42.10 30.25 0.1501
182.00 305.76 42.94 38.73 0.1499
518.37 19.04 36.65 21.51 0.1473
367.82 370.93 25.86 28.47 0.1469
760.06 314.64 65.69 55.23 0.1454
445.85 210.06 20.92 15.33 0.1446
581.53 447.74 43.45 55.09 0.1411
194.82 381.20 40.79 29.10 0.1405
36.71 316.81 65.28 58.80 0.1405
371.03 210.12 27.30 21.73 0.1386
517.35 309.31 43.44 56.27 0.1372
729.53 317.88 36.53 50.30 0.1365
484.86 210.25 17.49 14.34 0.1361
874.08 409.92 74.21 66.39 0.1344
294.04 206.50 40.99 26.83 0.1327
52.42 305.58 110.81 74.88 0.1326
440.68 269.83 60.24 58.46 0.1309
786.50 381.31 72.80 63.94 0.1288
331.32 217.74 31.09 26.03 0.1288
112.87 408.67 34.52 33.92 0.1278
148.87 298.37 57.14 53.61 0.1273
359.28 303.97 31.62 27.78 0.1269
517.87 207.22 31.22 17.73 0.1255
696.55 204.15 51.44 34.46 0.1249
371.01 220.13 29.07 23.60 0.1239
513.99 248.95 47.81 46.40 0.1233
516.41 357.89 23.74 29.04 0.1232
621.91 356.88 35.07 43.22 0.1230
620.23 341.27 31.35 33.34 0.1214
701.69 384.63 27.17 31.92 0.1205
628.93 222.77 29.33 22.96 0.1204
638.75 445.63 47.38 55.87 0.1195
263.27 205.22 44.86 28.46 0.1179
436.72 323.14 47.92 62.09 0.1173
23.68 90.57 290.31 128.76 0.1149
96.15 522.19 45.31 45.92 0.1145
530.59 282.91 50.34 57.18 0.1141
64.87 285.92 73.70 57.11 0.1135
66.32 425.25 39.05 37.73 0.1127
143.77 381.26 34.40 33.77 0.1115
406.45 298.85 51.56 46.18 0.1114
589.19 379.20 35.90 43.31 0.1114
41.96 432.45 41.46 49.72 0.1112
884.56 311.07 28.28 23.61 0.1110
831.01 330.41 64.46 44.88 0.1103
724.36 205.71 58.95 27.31 0.1095
911.81 311.47 38.98 32.89 0.1090
660.50 295.24 27.44 38.75 0.1085
754.12 204.86 53.24 25.38 0.1082
483.13 384.01 23.50 24.52 0.1075
264.35 307.91 37.88 24.81 0.1066
653.45 424.77 37.88 48.67 0.1065
588.62 357.90 36.32 44.85 0.1063
2.15 361.19 48.24 53.78 0.1059
720.07 366.61 44.23 60.98 0.1058
611.48 324.47 35.36 35.90 0.1058
480.13 367.83 26.63 31.01 0.1056
402.56 277.13 39.51 41.90 0.1054
261.17 314.67 63.73 38.35 0.1035
659.41 399.67 33.50 37.59 0.1030
825.72 355.59 76.49 53.52 0.1027
649.74 232.89 46.17 42.61 0.1024
100.66 492.86 53.29 65.38 0.1023
601.21 148.17 157.41 90.72 0.1012
881.50 324.75 38.66 27.48 0.1011
63.47 440.98 45.19 44.57 0.1002
785.92 306.74 63.60 49.92 0.0999
578.93 23.51 36.70 18.70 0.0999
108.34 424.28 36.02 37.30 0.0996
610.40 166.43 74.14 51.05 0.0989
870.39 360.03 45.67 31.90 0.0989
665.15 262.53 37.42 35.66 0.0988
855.46 391.97 63.35 60.03 0.0986
324.07 258.45 79.59 56.12 0.0970
650.12 223.60 36.04 26.52 0.0970
96.31 378.01 55.21 54.90 0.0962
542.98 305.25 35.76 49.66 0.0953
942.73 411.93 55.67 47.36 0.0950
701.31 431.03 78.97 77.34 0.0947
779.62 356.02 77.62 55.83 0.0939
582.64 226.66 37.40 31.01 0.0937
720.51 238.57 63.79 58.27 0.0935
213.10 308.97 48.21 43.59 0.0922
981.60 299.55 42.23 49.62 0.0922
661.56 169.12 79.94 52.54 0.0921
545.97 204.59 37.78 21.73 0.0894
537.65 21.53 45.32 20.91 0.0890
53.59 371.27 72.46 68.27 0.0886
523.66 499.07 111.96 76.93 0.0881
640.58 351.92 49.28 62.42 0.0877
881.98 344.88 46.02 29.12 0.0876
929.69 96.01 82.59 109.80 0.0875
343.56 226.58 67.61 56.30 0.0875
551.85 333.65 34.45 41.27 0.0875
917.42 317.95 71.44 48.61 0.0871
113.27 311.19 80.79 67.83 0.0859
603.13 387.35 50.82 56.11 0.0857
118.56 455.68 98.65 120.32 0.0853
573.36 4.28 40.31 21.58 0.0849
701.99 321.76 30.98 43.67 0.0848
553.94 373.48 34.38 40.53 0.0832
253.68 283.76 57.29 44.99 0.0830
332.30 374.84 35.78 31.30 0.0828
966.47 309.80 57.53 65.97 0.0826
136.37 399.25 45.05 40.92 0.0819
4.08 320.22 73.67 66.71 0.0816
218.40 205.52 48.33 32.61 0.0811
89.68 179.47 86.60 62.03 0.0797
292.99 381.15 40.75 28.07 0.0795
935.98 303.88 51.96 45.12 0.0795
315.74 281.01 58.78 51.20 0.0790
171.66 205.13 46.96 31.43 0.0790
895.52 386.99 52.57 50.41 0.0789
185.35 331.09 55.42 47.02 0.0788
696.80 299.83 33.63 39.65 0.0782
293.28 282.37 57.67 44.19 0.0776
664.63 310.68 29.01 44.30 0.0774
577.03 197.05 52.69 29.49 0.0773
532.29 458.89 93.07 84.96 0.0772
689.23 413.87 44.36 45.33 0.0766
559.40 56.05 82.13 36.51 0.0766
28.70 275.45 94.17 84.41 0.0765
512.94 220.71 45.01 29.50 0.0752
543.16 5.05 44.20 27.53 0.0740
171.43 143.34 116.78 81.41 0.0738
409.84 366.87 33.76 36.21 0.0731
487.18 458.27 109.54 107.18 0.0724
122.82 365.93 64.28 51.14 0.0721
404.42 407.11 26.29 26.13 0.0720
567.57 175.29 93.04 45.73 0.0716
291.21 197.63 101.39 91.50 0.0714
758.32 407.60 99.34 76.84 0.0714
98.51 451.72 57.03 65.61 0.0710
48.58 170.90 76.37 70.28 0.0700
593.24 457.62 84.72 111.95 0.0698
704.65 339.93 38.41 51.21 0.0694
921.76 338.30 72.82 58.65 0.0694
837.16 304.90 52.53 37.89 0.0679
294.71 309.97 71.02 47.46 0.0674
285.38 333.61 60.05 43.82 0.0671
551.17 451.74 59.93 61.42 0.0668
159.74 34.55 309.29 211.46 0.0667
940.69 373.33 56.73 51.93 0.0661
784.51 200.80 85.36 36.18 0.0658
557.29 402.09 34.07 35.83 0.0655
401.34 323.39 45.20 55.00 0.0652
942.64 286.77 46.85 40.10 0.0646
258.84 383.46 36.22 25.49 0.0639
351.66 444.25 62.08 49.35 0.0636
342.08 305.89 49.58 46.74 0.0634
235.41 228.24 171.01 136.19 0.0632
437.55 394.01 28.20 34.37 0.0627
746.07 246.53 106.02 70.22 0.0616
237.75 172.59 89.34 73.38 0.0607
433.65 475.35 37.59 45.19 0.0602
402.11 417.96 33.87 41.41 0.0602
542.48 221.33 43.88 32.43 0.0601
361.42 421.42 53.11 54.65 0.0601
4.28 397.69 36.33 47.41 0.0598
634.72 457.75 83.84 105.90 0.0591
502.30 453.66 73.77 64.69 0.0580
516.08 19.84 60.99 39.81 0.0580
710.02 178.07 138.84 62.54 0.0573
315.68 384.06 51.77 46.88 0.0568
500.39 444.05 54.30 48.16 0.0557
2.25 416.92 40.97 52.99 0.0556
152.00 393.80 87.08 89.77 0.0554
127.57 413.26 56.77 61.78 0.0554
295.29 303.16 40.80 30.11 0.0553
539.96 181.62 66.75 30.42 0.0546
