36_Football_americanfootball_ball_36_681
45
436.68 139.59 121.39 191.23 0.7749
407.38 472.63 111.38 148.13 0.1707
922.19 695.63 45.92 105.44 0.1437
655.40 683.30 44.79 92.21 0.1423
491.71 1117.36 114.33 153.05 0.1405
355.18 464.68 56.66 110.60 0.1306
437.09 526.49 151.82 232.25 0.1244
660.13 719.70 39.29 91.99 0.1226
480.05 1088.75 181.74 251.83 0.1226
665.44 636.00 97.11 152.79 0.1224
351.63 448.56 86.76 193.61 0.0980
448.37 454.74 129.90 173.40 0.0972
705.49 660.42 131.33 188.83 0.0970
644.92 1366.39 156.87 217.92 0.0944
929.10 684.08 69.12 154.50 0.0942
655.15 566.73 128.41 170.98 0.0905
405.47 872.23 104.84 222.87 0.0874
440.84 227.56 127.07 225.41 0.0847
429.08 1217.45 110.73 116.85 0.0828
354.97 504.66 134.87 219.40 0.0816
466.91 1202.21 115.87 115.22 0.0809
0.00 388.95 400.70 621.83 0.0800
270.89 567.72 172.75 322.93 0.0779
526.66 1206.33 144.44 236.67 0.0761
506.98 471.07 80.17 111.35 0.0751
729.99 566.27 87.02 97.57 0.0745
450.68 387.49 120.05 154.91 0.0745
620.48 652.50 59.11 112.57 0.0705
451.97 1006.32 118.54 197.52 0.0683
351.24 677.54 202.19 473.93 0.0678
487.51 584.58 138.09 216.62 0.0663
552.48 643.00 80.46 132.70 0.0656
439.70 942.31 77.34 135.74 0.0647
645.62 588.86 68.31 136.34 0.0646
629.53 1234.14 319.50 457.58 0.0643
260.36 1126.12 55.54 71.80 0.0592
345.51 954.03 119.45 211.19 0.0592
563.27 313.08 148.32 178.44 0.0592
383.78 1232.32 78.43 92.55 0.0585
303.16 535.27 225.65 458.18 0.0566
896.86 623.04 76.44 185.67 0.0542
659.63 757.67 42.06 114.20 0.0541
634.84 539.91 81.00 125.35 0.0527
748.68 584.73 91.46 160.57 0.0523
538.38 813.31 68.80 173.94 0.0520
