57_Angler_peoplefishing_57_51
40
615.32 85.70 408.68 166.01 0.6867
573.16 132.06 450.84 336.63 0.5160
610.61 289.78 413.39 303.74 0.4254
101.84 143.68 164.05 185.84 0.3777
189.37 58.85 425.02 94.18 0.3270
202.66 157.17 396.93 157.19 0.3207
205.18 107.00 391.01 117.47 0.3052
358.56 92.63 378.03 163.77 0.2996
440.97 121.32 359.83 227.28 0.2938
434.18 306.88 376.45 281.41 0.2899
164.85 103.68 182.70 128.07 0.2883
190.00 170.01 281.37 268.08 0.2333
153.98 58.29 205.32 104.04 0.2216
289.30 160.43 369.38 291.48 0.2166
306.36 314.58 340.19 368.42 0.1618
5.28 422.41 64.98 260.59 0.1399
76.54 371.08 63.43 311.92 0.1261
562.44 9.94 461.56 80.45 0.1175
64.16 109.00 107.32 131.70 0.1145
126.53 126.66 119.41 94.09 0.1052
100.01 400.01 165.97 282.99 0.1014
112.85 210.16 145.97 309.41 0.0991
204.97 28.61 248.31 38.34 0.0680
61.65 55.96 104.77 104.47 0.0620
160.04 229.61 197.66 271.78 0.0578
171.07 146.39 173.17 175.69 0.0502
49.90 146.69 141.92 310.82 0.0441
138.09 304.40 388.15 268.07 0.0434
511.23 27.88 512.77 27.82 0.0388
281.09 35.09 376.99 36.01 0.0346
8.53 99.02 60.03 149.82 0.0330
79.69 22.84 211.12 44.01 0.0328
13.33 5.55 34.98 73.24 0.0317
0.00 48.33 76.42 112.57 0.0302
81.97 81.49 204.44 48.21 0.0300
165.05 35.64 337.10 8.08 0.0298
40.08 10.92 149.61 67.01 0.0257
141.70 28.59 239.29 19.78 0.0228
20.45 309.48 33.73 274.88 0.0209
470.62 42.22 452.04 164.64 0.0203
