21_Festival_Festival_21_100
19
623.60 167.49 400.40 295.46 0.6290
590.25 66.37 433.75 202.34 0.5384
159.79 151.07 210.77 199.38 0.5223
90.83 340.83 166.10 341.17 0.5178
99.59 167.90 136.39 285.98 0.3634
216.82 400.66 365.43 281.34 0.3408
151.24 402.46 234.82 279.54 0.2909
481.45 395.11 294.24 286.89 0.2908
605.50 412.63 418.50 269.37 0.2075
125.16 172.23 421.71 260.54 0.1482
13.36 177.80 42.27 256.50 0.1380
5.55 411.46 58.76 270.54 0.1363
58.06 302.17 115.69 379.83 0.1007
289.86 285.12 368.93 318.25 0.0844
74.66 154.21 103.27 214.87 0.0717
22.21 275.07 59.70 347.65 0.0622
77.20 216.18 88.84 292.06 0.0538
153.04 295.76 342.09 319.62 0.0233
619.23 9.89 404.77 55.46 0.0212
