16_Award_Ceremony_Awards_Ceremony_16_195
200
227.62 27.94 41.20 42.16 0.5140
526.55 211.62 44.53 40.55 0.4151
490.53 32.01 242.41 139.00 0.3675
446.91 190.68 32.47 29.66 0.3417
296.15 165.38 32.84 25.72 0.3084
839.69 288.81 37.70 47.87 0.2660
418.09 126.55 54.49 55.72 0.2597
259.90 157.13 39.54 30.25 0.2585
394.25 112.13 59.07 75.71 0.2501
181.12 359.53 24.80 30.16 0.2433
629.06 217.68 27.96 39.23 0.2431
423.31 360.60 39.74 42.04 0.2337
295.86 107.88 33.14 36.96 0.2322
413.07 212.91 29.19 21.45 0.2290
462.30 150.01 44.92 42.23 0.2270
302.40 58.84 34.40 33.04 0.2150
846.66 260.67 27.88 35.75 0.1968
843.29 60.56 26.60 25.77 0.1943
609.11 22.59 211.09 141.29 0.1911
656.79 323.94 30.69 22.28 0.1905
237.21 37.30 46.41 46.09 0.1841
837.28 77.96 31.40 30.61 0.1823
267.57 332.77 20.06 21.87 0.1801
660.39 262.68 32.73 39.19 0.1779
958.30 378.76 23.11 28.80 0.1732
782.09 62.94 56.44 49.12 0.1691
305.05 182.56 51.82 36.57 0.1658
544.17 86.97 133.23 81.16 0.1648
453.16 173.69 45.27 41.76 0.1622
687.62 333.85 36.44 24.47 0.1609
661.93 245.84 27.39 27.73 0.1607
425.75 108.66 88.09 84.42 0.1601
650.34 217.40 37.57 39.43 0.1580
362.84 104.83 61.64 80.39 0.1570
268.39 376.79 20.58 22.77 0.1563
656.94 265.75 75.90 75.24 0.1541
592.02 246.50 32.25 30.14 0.1514
695.58 250.25 22.89 22.24 0.1481
659.21 287.71 37.48 36.74 0.1475
465.08 201.71 39.65 34.57 0.1441
700.17 60.55 92.44 69.27 0.1405
767.24 197.66 66.39 88.26 0.1393
247.81 73.37 47.07 58.49 0.1383
529.90 2.06 182.78 109.90 0.1337
338.88 136.97 44.25 32.18 0.1334
496.24 57.15 113.41 68.31 0.1319
520.85 7.49 74.15 37.22 0.1297
681.20 250.82 39.38 40.79 0.1286
316.91 105.05 47.10 53.51 0.1274
326.76 220.06 34.95 26.37 0.1273
797.40 258.10 69.29 88.08 0.1269
651.83 346.22 50.92 42.21 0.1263
117.85 407.85 23.93 23.20 0.1230
698.96 226.49 21.39 24.45 0.1230
118.17 296.85 21.53 29.63 0.1230
297.26 51.06 58.04 59.01 0.1222
830.54 237.54 43.28 58.42 0.1217
687.80 363.49 41.29 30.96 0.1217
630.49 316.67 31.16 22.95 0.1200
289.26 149.15 37.05 29.59 0.1194
182.87 328.49 25.15 32.69 0.1166
855.06 298.80 46.50 42.90 0.1160
190.24 55.80 38.01 28.39 0.1155
480.52 221.73 43.83 32.85 0.1149
765.90 247.22 62.08 86.79 0.1149
658.47 338.29 39.03 32.48 0.1136
383.69 77.92 55.25 59.23 0.1134
402.90 66.92 35.92 38.21 0.1128
512.44 271.92 40.45 26.94 0.1126
792.53 217.92 64.27 82.61 0.1125
588.96 238.89 57.61 50.39 0.1101
114.78 363.23 21.86 28.81 0.1095
404.31 175.24 43.63 47.43 0.1095
444.49 55.39 38.11 33.02 0.1087
413.48 350.58 37.59 40.89 0.1085
323.18 153.66 42.17 36.48 0.1080
578.17 229.69 37.65 36.11 0.1074
450.44 100.72 61.81 58.96 0.1073
480.34 17.44 25.71 19.37 0.1072
623.43 354.24 50.00 41.73 0.1060
478.60 246.88 45.17 21.59 0.1049
294.92 316.57 34.36 36.51 0.1033
195.84 36.99 49.88 37.55 0.1031
138.97 83.44 46.21 38.68 0.1024
543.64 153.03 60.90 71.69 0.1017
216.93 62.17 51.04 54.69 0.1001
456.22 349.84 54.38 53.38 0.1000
536.14 5.72 107.71 52.68 0.1000
797.41 47.21 44.25 44.08 0.0996
623.31 194.13 39.92 52.27 0.0991
63.37 125.71 43.30 30.76 0.0990
410.02 24.69 29.85 30.69 0.0988
296.83 77.38 63.09 72.74 0.0984
585.31 297.91 31.28 29.47 0.0972
132.47 93.64 59.20 49.04 0.0968
315.37 354.63 44.37 42.03 0.0967
336.95 81.56 63.63 74.51 0.0960
408.53 16.08 24.33 24.44 0.0956
187.27 75.87 47.96 40.78 0.0946
472.47 95.57 97.22 106.03 0.0938
107.60 80.91 33.52 26.87 0.0925
623.25 250.99 48.88 54.42 0.0914
557.85 349.63 32.84 35.74 0.0912
459.79 261.13 59.36 26.11 0.0905
221.35 407.03 30.75 28.39 0.0886
368.22 227.13 35.99 28.81 0.0883
367.78 413.22 39.15 33.41 0.0876
591.70 113.50 69.60 57.29 0.0875
154.37 390.75 21.46 25.34 0.0874
159.01 349.63 37.81 39.97 0.0872
673.11 252.65 109.13 113.97 0.0872
377.42 0.08 23.94 18.04 0.0867
732.65 225.68 52.12 62.33 0.0858
606.86 0.00 85.67 40.02 0.0856
354.96 172.28 51.59 44.67 0.0853
226.15 156.17 36.53 29.58 0.0846
762.61 43.31 57.59 55.20 0.0845
487.37 348.41 54.73 53.86 0.0844
688.49 212.25 34.01 35.55 0.0838
294.06 355.29 34.22 36.26 0.0836
840.54 312.19 50.66 59.85 0.0830
509.01 281.01 44.98 32.43 0.0828
668.04 81.56 103.85 79.51 0.0818
470.11 54.64 53.33 38.38 0.0814
329.13 373.13 28.67 25.62 0.0814
506.29 337.76 37.73 33.98 0.0807
716.74 243.04 72.25 86.44 0.0803
628.60 179.70 62.65 71.70 0.0800
259.32 191.20 48.17 37.41 0.0799
220.96 423.36 36.25 33.80 0.0788
877.00 50.51 26.66 21.86 0.0786
259.11 382.00 25.00 32.06 0.0785
433.08 28.45 38.28 31.51 0.0782
130.15 137.87 78.99 58.63 0.0781
103.60 97.18 69.54 56.76 0.0779
298.50 321.55 63.14 62.71 0.0779
250.40 106.66 54.11 48.04 0.0778
793.14 79.98 68.81 79.22 0.0776
576.02 329.11 33.19 30.24 0.0774
360.64 211.24 40.37 27.91 0.0773
677.32 386.41 53.08 55.32 0.0772
265.66 319.23 24.01 27.86 0.0768
538.39 262.53 41.88 27.08 0.0753
141.04 415.58 34.91 38.02 0.0750
906.82 214.66 37.13 51.12 0.0747
475.24 25.60 35.81 23.76 0.0741
554.24 130.64 76.15 74.69 0.0738
300.64 20.99 34.91 39.34 0.0737
159.11 92.72 63.46 53.32 0.0737
687.77 37.63 84.57 70.48 0.0731
28.34 155.75 47.64 31.69 0.0728
329.96 408.53 37.15 36.91 0.0728
106.57 343.70 29.07 33.91 0.0728
289.75 196.01 69.12 46.47 0.0726
44.18 3.26 71.78 49.79 0.0726
402.36 235.96 38.48 30.14 0.0725
553.56 292.05 36.14 24.65 0.0724
911.46 324.13 29.54 27.71 0.0721
72.89 77.76 35.92 28.69 0.0721
403.68 389.55 40.65 45.44 0.0713
406.75 40.02 35.63 33.24 0.0713
758.98 154.56 66.43 70.49 0.0712
229.12 180.25 33.23 25.16 0.0711
287.04 365.69 33.01 36.69 0.0710
766.80 279.42 89.61 90.87 0.0707
88.63 108.52 96.66 79.58 0.0705
873.72 59.46 31.29 29.17 0.0704
84.99 144.92 88.48 85.86 0.0701
250.54 194.73 102.33 86.64 0.0700
625.20 290.21 47.07 42.79 0.0695
544.25 270.62 41.89 32.92 0.0687
512.37 167.43 48.67 53.65 0.0684
156.29 377.04 25.44 29.88 0.0683
83.63 373.83 25.33 28.04 0.0678
574.13 254.11 67.70 68.10 0.0674
495.21 381.07 44.57 46.45 0.0672
248.59 400.79 33.29 34.35 0.0672
32.23 228.92 34.54 38.04 0.0671
445.59 365.26 68.27 75.71 0.0670
472.71 85.79 62.60 54.89 0.0665
106.10 315.42 33.26 47.62 0.0664
752.93 80.84 61.59 59.22 0.0664
861.98 331.91 44.09 48.29 0.0663
628.55 20.67 112.92 73.55 0.0659
862.30 76.42 52.40 61.46 0.0657
55.19 26.36 47.17 42.03 0.0656
414.96 86.19 65.86 57.71 0.0656
326.16 387.82 40.87 45.66 0.0655
368.19 385.86 40.03 33.16 0.0650
444.93 250.87 49.36 28.89 0.0650
82.88 0.00 110.58 59.82 0.0645
509.51 432.51 32.98 27.37 0.0644
346.34 335.23 55.90 43.04 0.0642
737.17 197.35 58.12 65.98 0.0642
983.51 35.36 38.57 65.79 0.0642
434.74 215.68 47.78 34.62 0.0641
475.53 64.45 66.06 42.86 0.0637
371.41 3.59 32.39 33.84 0.0634
579.84 210.03 43.98 44.92 0.0633
223.22 94.63 46.07 47.03 0.0629
