16_Award_Ceremony_Awards_Ceremony_16_135
48
349.92 102.86 274.82 394.20 0.8738
698.62 853.25 145.11 165.06 0.2911
169.44 542.83 371.69 618.25 0.2428
595.48 504.27 337.63 574.46 0.2294
632.10 779.29 283.79 628.45 0.2155
154.95 735.22 441.19 800.78 0.1601
631.09 165.67 141.55 272.23 0.1435
238.66 998.73 307.21 453.17 0.1306
202.78 859.49 291.81 325.66 0.1061
582.83 498.17 79.24 228.82 0.0960
243.62 936.03 208.03 181.38 0.0945
2.31 766.77 29.75 132.45 0.0886
103.73 416.99 47.12 110.80 0.0870
74.31 1202.19 40.39 80.91 0.0859
569.87 765.39 190.59 641.33 0.0859
87.24 339.69 83.22 165.96 0.0847
917.95 1371.59 22.01 60.17 0.0811
947.87 530.35 72.88 283.36 0.0807
52.47 351.02 76.25 151.63 0.0787
521.35 560.25 66.01 272.43 0.0751
9.35 219.01 83.33 164.11 0.0718
147.86 438.41 33.07 78.88 0.0684
370.61 567.43 166.39 528.44 0.0654
599.31 672.54 159.16 418.50 0.0636
105.56 1067.77 96.43 283.62 0.0621
0.00 1021.98 40.36 271.15 0.0617
910.47 535.41 46.78 167.50 0.0613
923.41 104.35 22.31 64.81 0.0613
903.58 193.42 47.78 119.75 0.0611
139.69 1210.83 183.04 272.76 0.0595
954.10 422.48 27.36 70.42 0.0590
422.21 509.42 105.82 292.77 0.0589
251.90 156.84 115.74 274.47 0.0588
920.44 1417.55 25.29 82.60 0.0586
30.03 798.55 42.95 126.28 0.0581
500.52 635.29 83.70 316.20 0.0573
898.68 289.07 50.70 140.45 0.0570
77.08 779.18 85.06 214.01 0.0570
189.32 208.30 95.09 186.76 0.0559
39.50 146.06 91.58 185.19 0.0558
14.86 333.71 81.26 160.43 0.0555
77.93 875.60 74.65 336.20 0.0546
132.20 939.57 255.32 535.96 0.0541
572.33 695.26 97.87 311.67 0.0540
0.00 887.77 89.30 415.76 0.0538
915.72 140.97 32.11 88.46 0.0537
521.31 820.92 62.93 210.32 0.0512
67.23 413.27 53.57 114.55 0.0508
