55_Sports_Coach_Trainer_sportcoaching_55_516
19
630.78 183.94 393.22 258.38 0.7971
626.55 326.48 397.45 356.52 0.7306
417.63 309.15 406.15 373.85 0.6884
348.92 190.68 397.66 254.04 0.6636
208.36 308.27 386.84 374.73 0.6079
495.09 166.53 396.58 159.65 0.5260
235.46 260.41 331.51 231.15 0.5180
475.93 263.41 436.50 213.27 0.4534
116.84 294.75 135.16 312.65 0.3985
158.80 290.75 194.69 314.51 0.3636
77.46 334.06 82.29 348.94 0.1366
132.52 441.89 250.89 241.11 0.1016
235.44 165.61 336.61 179.98 0.0630
13.40 342.02 51.02 340.98 0.0543
404.40 104.40 440.41 177.29 0.0388
50.63 265.06 134.47 242.23 0.0223
0.00 0.00 78.46 88.84 0.0221
157.66 197.11 208.28 246.69 0.0217
39.79 339.02 2.03 343.98 0.0209
