6_Funeral_Funeral_6_1029
200
927.91 0.00 81.03 150.19 0.1923
50.58 253.04 80.23 149.49 0.1922
50.59 861.83 80.21 149.25 0.1921
50.48 1166.09 80.31 149.30 0.1921
50.62 354.47 80.18 149.46 0.1920
928.12 1013.81 80.55 149.86 0.1920
928.21 253.29 80.38 149.58 0.1920
50.52 608.20 80.28 149.31 0.1920
50.52 1013.92 80.28 149.31 0.1920
50.51 100.90 80.29 149.48 0.1919
50.55 760.35 80.25 149.34 0.1919
50.63 456.07 80.16 149.29 0.1918
928.21 456.19 80.39 149.56 0.1918
928.18 861.67 80.47 149.78 0.1918
928.22 354.73 80.38 149.58 0.1917
891.63 1013.79 80.23 149.44 0.1917
50.24 0.00 80.90 149.76 0.1916
13.59 0.00 80.82 149.54 0.1916
854.83 303.40 80.71 150.19 0.1916
196.26 0.00 81.22 150.13 0.1916
708.26 0.00 81.19 150.16 0.1915
928.20 608.17 80.41 149.73 0.1915
891.63 861.66 80.20 149.39 0.1915
269.45 0.00 81.16 150.11 0.1914
379.16 0.00 81.16 150.11 0.1914
671.73 0.00 81.16 150.11 0.1914
891.40 0.00 80.80 149.86 0.1914
928.18 1115.24 80.44 149.80 0.1914
232.88 0.00 81.13 150.14 0.1914
415.69 0.00 81.22 150.14 0.1914
452.26 0.00 81.22 150.14 0.1914
562.03 0.00 81.13 150.14 0.1914
599.00 1216.52 80.40 149.87 0.1914
452.53 1114.71 80.74 150.34 0.1914
744.88 0.00 81.15 150.11 0.1913
781.45 0.00 81.15 150.11 0.1913
818.02 0.00 81.15 150.11 0.1913
86.55 0.00 81.19 150.13 0.1913
123.07 0.00 81.27 150.13 0.1913
342.83 1114.84 80.71 150.18 0.1913
854.83 151.36 80.72 150.10 0.1913
928.21 151.91 80.40 149.55 0.1913
13.80 1166.14 80.29 149.30 0.1913
854.54 0.00 81.21 150.14 0.1913
781.68 201.82 80.73 150.35 0.1913
379.40 759.67 80.73 150.35 0.1913
269.68 1114.67 80.73 150.35 0.1913
379.40 1114.67 80.73 150.35 0.1913
342.59 0.00 81.16 150.08 0.1913
928.20 709.60 80.41 149.73 0.1913
159.73 0.00 81.18 150.09 0.1912
415.90 252.54 80.82 150.53 0.1912
233.11 962.53 80.74 150.51 0.1912
306.25 1063.96 80.74 150.51 0.1912
525.45 0.00 81.13 150.11 0.1912
635.12 0.00 81.22 150.11 0.1912
13.81 101.14 80.25 149.25 0.1912
13.81 303.99 80.25 149.25 0.1912
13.81 405.42 80.25 149.25 0.1912
13.81 912.56 80.25 149.25 0.1912
489.04 1114.68 80.81 150.50 0.1912
562.18 1114.68 80.81 150.50 0.1912
415.96 1165.66 80.75 150.25 0.1912
818.25 202.02 80.63 150.15 0.1912
342.83 759.84 80.62 150.14 0.1912
13.80 1013.94 80.30 149.36 0.1912
488.84 0.00 81.19 150.14 0.1911
233.05 201.81 80.78 150.54 0.1911
306.05 0.00 81.13 150.09 0.1911
13.87 507.02 80.18 149.05 0.1911
635.58 1216.50 80.38 149.87 0.1911
708.53 151.41 80.65 150.06 0.1911
745.10 151.41 80.65 150.06 0.1911
269.63 201.84 80.76 150.45 0.1911
671.91 303.35 80.79 150.39 0.1911
708.48 354.07 80.79 150.39 0.1911
306.20 911.84 80.76 150.45 0.1911
708.48 911.92 80.79 150.39 0.1911
562.23 201.86 80.78 150.45 0.1911
269.68 1013.45 80.74 150.32 0.1911
13.86 202.57 80.19 149.22 0.1911
159.93 556.78 80.79 150.49 0.1911
781.65 861.07 80.79 150.49 0.1911
635.33 303.19 80.80 150.56 0.1911
598.54 0.00 81.24 150.13 0.1910
598.75 252.58 80.83 150.51 0.1910
415.96 810.43 80.76 150.49 0.1910
269.67 911.86 80.76 150.49 0.1910
635.37 962.58 80.79 150.48 0.1910
854.75 1013.29 80.83 150.51 0.1910
233.10 1114.71 80.76 150.49 0.1910
415.89 709.00 80.82 150.48 0.1910
379.32 1013.29 80.82 150.48 0.1910
489.03 1013.29 80.82 150.48 0.1910
562.18 1013.29 80.82 150.48 0.1910
123.32 1165.43 80.82 150.48 0.1910
159.89 1165.43 80.82 150.48 0.1910
196.46 1165.43 80.82 150.48 0.1910
525.61 1165.43 80.82 150.48 0.1910
562.24 506.16 80.69 150.38 0.1910
928.40 1267.90 80.07 149.80 0.1910
489.06 455.57 80.73 150.27 0.1910
635.35 455.57 80.73 150.27 0.1910
598.78 506.28 80.73 150.27 0.1910
415.97 1013.32 80.74 150.40 0.1910
196.48 962.60 80.80 150.39 0.1910
598.77 1013.29 80.78 150.38 0.1910
306.17 1165.44 80.83 150.47 0.1910
818.17 1165.44 80.83 150.47 0.1910
452.47 1013.28 80.79 150.52 0.1910
379.60 1216.51 80.30 149.86 0.1910
525.63 303.26 80.75 150.44 0.1910
562.20 303.26 80.75 150.44 0.1910
489.06 353.98 80.75 150.44 0.1910
598.77 353.98 80.75 150.44 0.1910
525.63 404.69 80.75 150.44 0.1910
525.63 506.12 80.75 150.44 0.1910
13.82 608.36 80.26 149.20 0.1910
13.87 760.53 80.21 149.11 0.1910
891.75 1217.03 80.02 148.77 0.1910
87.01 1216.50 80.38 149.84 0.1910
489.30 1216.47 80.36 149.96 0.1910
781.87 1216.50 80.38 149.84 0.1910
342.77 201.85 80.76 150.42 0.1909
525.68 201.93 80.72 150.33 0.1909
452.48 759.74 80.77 150.43 0.1909
342.77 861.13 80.76 150.42 0.1909
598.77 911.85 80.76 150.42 0.1909
891.64 100.94 80.19 149.43 0.1909
635.31 556.89 80.81 150.41 0.1909
598.74 607.60 80.81 150.41 0.1909
342.78 455.39 80.80 150.47 0.1909
269.64 556.82 80.80 150.47 0.1909
415.91 354.08 80.78 150.39 0.1909
452.49 404.79 80.78 150.39 0.1909
671.91 404.79 80.78 150.39 0.1909
635.31 861.08 80.84 150.52 0.1909
745.03 861.08 80.84 150.52 0.1909
562.15 404.63 80.83 150.69 0.1909
854.83 455.63 80.72 150.20 0.1909
891.65 760.25 80.18 149.34 0.1909
671.82 861.05 80.91 150.66 0.1909
306.27 201.85 80.70 150.46 0.1909
525.67 810.43 80.76 150.46 0.1909
854.75 658.29 80.82 150.45 0.1909
818.20 759.71 80.76 150.45 0.1909
269.68 810.43 80.74 150.33 0.1909
489.03 810.43 80.82 150.45 0.1909
159.92 962.56 80.76 150.45 0.1909
745.03 1165.43 80.82 150.45 0.1909
233.02 506.11 80.86 150.52 0.1909
196.45 556.82 80.86 150.52 0.1909
233.02 607.54 80.86 150.52 0.1909
525.59 658.25 80.86 150.52 0.1909
562.16 658.25 80.86 150.52 0.1909
745.02 962.54 80.86 150.52 0.1909
781.59 962.54 80.86 150.52 0.1909
379.26 455.37 80.89 150.57 0.1908
745.10 455.57 80.72 150.27 0.1908
452.48 252.59 80.82 150.50 0.1908
489.05 252.59 80.82 150.50 0.1908
708.48 1165.47 80.80 150.36 0.1908
562.41 1216.50 80.53 149.87 0.1908
854.75 556.85 80.79 150.49 0.1908
708.47 658.28 80.79 150.49 0.1908
671.96 151.15 80.76 150.49 0.1908
342.82 658.29 80.76 150.49 0.1908
781.67 658.29 80.76 150.49 0.1908
525.67 1064.01 80.76 150.49 0.1908
306.18 658.29 80.82 150.48 0.1908
342.75 962.58 80.82 150.48 0.1908
233.30 1216.48 80.35 149.93 0.1908
269.87 1216.48 80.35 149.93 0.1908
343.01 1216.48 80.35 149.93 0.1908
452.73 1216.48 80.35 149.93 0.1908
672.15 1216.48 80.35 149.93 0.1908
196.55 151.17 80.69 150.28 0.1908
415.97 556.94 80.68 150.25 0.1908
891.66 557.66 80.13 149.04 0.1908
562.19 759.74 80.77 150.40 0.1908
854.77 759.74 80.77 150.40 0.1908
854.77 1165.46 80.77 150.40 0.1908
781.69 303.29 80.72 150.39 0.1908
123.38 556.90 80.77 150.40 0.1908
818.26 658.32 80.74 150.40 0.1908
525.69 911.90 80.74 150.40 0.1908
671.95 1013.33 80.77 150.40 0.1908
635.40 1114.75 80.74 150.40 0.1908
781.69 1114.75 80.74 150.40 0.1908
745.05 252.58 80.78 150.38 0.1908
196.48 861.18 80.80 150.39 0.1908
123.34 962.59 80.81 150.45 0.1908
598.76 1114.75 80.80 150.39 0.1908
196.54 1064.00 80.73 150.53 0.1907
196.47 455.44 80.76 150.36 0.1907
159.90 1064.00 80.79 150.52 0.1907
196.47 658.33 80.83 150.45 0.1907
489.04 658.33 80.83 150.45 0.1907
306.19 759.92 80.67 150.03 0.1907
708.47 1013.33 80.83 150.45 0.1907
