52_Photographers_photographertakingphoto_52_456
17
548.24 235.63 207.86 202.83 0.8029
698.85 387.48 215.02 189.93 0.1883
712.65 0.00 311.35 377.27 0.1827
644.61 391.56 168.38 166.46 0.1790
19.31 0.00 566.31 439.96 0.1345
458.34 448.04 129.87 165.44 0.1295
349.94 0.00 533.66 397.11 0.1276
663.35 442.39 105.86 87.20 0.1071
0.00 409.36 445.15 459.64 0.1064
678.98 225.59 334.80 436.56 0.0996
528.01 399.06 221.49 231.79 0.0985
692.44 473.14 251.21 265.05 0.0893
667.25 257.66 210.26 286.06 0.0853
0.00 170.42 503.62 457.98 0.0730
430.40 490.41 88.02 124.60 0.0656
492.37 526.79 151.16 176.80 0.0634
567.60 70.76 254.89 249.24 0.0597
