52_Photographers_photographertakingphoto_52_30
31
287.51 258.80 73.19 70.61 0.4923
299.59 264.78 95.96 129.71 0.2835
371.00 437.34 58.87 70.80 0.2419
661.73 135.34 331.56 306.83 0.2173
404.99 341.52 40.78 68.75 0.1907
380.54 379.86 65.76 99.73 0.1789
350.66 259.21 84.93 112.17 0.1627
289.12 222.05 64.41 70.71 0.1375
425.09 333.96 95.09 177.39 0.1156
471.16 254.39 94.11 135.70 0.1093
461.09 359.23 107.34 182.90 0.1044
454.04 222.25 175.21 213.58 0.1027
426.76 336.58 47.62 98.98 0.1009
502.99 184.88 193.87 183.48 0.0996
333.40 306.29 86.91 114.78 0.0996
548.05 183.05 325.74 204.68 0.0952
377.16 245.18 59.97 77.20 0.0938
330.22 457.24 55.83 64.50 0.0888
650.66 206.58 163.12 100.58 0.0809
268.86 241.38 70.40 71.35 0.0806
324.64 485.45 136.37 155.59 0.0713
461.69 309.61 71.39 108.82 0.0711
476.18 333.33 82.60 117.65 0.0684
0.00 321.39 378.97 350.90 0.0684
494.73 378.51 79.37 100.54 0.0637
24.86 177.27 290.41 209.42 0.0626
183.05 199.98 90.04 94.84 0.0620
352.13 330.51 86.21 142.21 0.0609
434.59 422.72 73.18 102.58 0.0603
429.98 276.88 61.81 114.11 0.0528
401.13 240.41 64.09 70.74 0.0508
