38_Tennis_Tennis_38_232
89
999.20 6.82 15.18 21.05 0.2356
730.91 254.74 21.56 29.40 0.1994
10.98 376.74 20.55 28.44 0.1963
744.97 37.49 11.76 18.13 0.1748
782.18 6.57 12.08 16.32 0.1724
9.58 361.11 19.68 29.26 0.1702
997.49 23.79 16.01 25.86 0.1654
961.48 6.47 13.39 17.12 0.1637
963.10 34.04 13.14 17.29 0.1601
355.91 2.97 113.58 84.82 0.1586
237.75 3.15 95.78 65.86 0.1586
925.71 33.38 12.44 17.79 0.1562
855.27 7.56 11.75 16.82 0.1559
706.80 7.95 12.98 17.07 0.1501
191.86 0.00 314.67 172.21 0.1447
891.48 35.12 12.07 17.91 0.1433
43.84 355.90 18.77 19.86 0.1427
704.00 35.81 14.35 19.32 0.1404
781.35 34.11 12.00 18.95 0.1379
781.29 63.83 11.19 18.30 0.1369
43.73 413.11 18.71 25.43 0.1342
962.18 64.20 16.30 23.06 0.1327
803.50 328.02 24.82 24.57 0.1327
10.18 320.47 17.11 23.77 0.1320
854.52 67.86 11.44 23.13 0.1320
926.82 6.88 13.27 17.87 0.1316
890.37 6.90 12.64 17.41 0.1312
854.79 34.44 10.01 16.72 0.1291
815.90 437.86 24.56 35.55 0.1266
743.26 6.46 12.57 16.50 0.1257
876.29 466.31 27.52 32.74 0.1232
243.10 0.00 160.08 109.88 0.1219
923.17 65.07 15.78 23.75 0.1189
339.88 0.00 198.09 125.19 0.1156
815.33 5.87 12.07 17.09 0.1124
40.38 271.21 20.37 17.60 0.1099
831.35 460.15 38.31 51.37 0.1080
960.67 84.87 20.26 26.57 0.1078
998.28 61.93 16.53 23.65 0.1063
888.76 61.03 15.77 24.15 0.1035
854.02 85.27 12.32 22.36 0.0991
830.55 439.92 35.37 40.80 0.0973
669.19 5.87 14.77 18.47 0.0969
9.06 297.23 19.55 23.49 0.0958
42.69 327.55 21.25 22.85 0.0956
633.73 4.66 18.77 20.76 0.0942
80.03 356.62 20.00 20.41 0.0934
520.44 2.60 60.45 42.82 0.0928
815.00 438.04 38.71 64.03 0.0919
154.38 300.07 18.91 23.68 0.0902
817.43 33.65 11.26 17.66 0.0901
388.29 0.26 92.16 46.33 0.0891
914.33 85.76 24.55 31.64 0.0869
39.61 385.72 20.53 26.63 0.0855
832.81 494.63 43.55 61.52 0.0825
742.96 63.14 12.86 19.34 0.0812
81.54 413.26 17.17 25.07 0.0808
450.49 0.00 115.90 79.61 0.0804
267.88 0.00 102.78 38.16 0.0793
80.52 325.62 18.88 19.41 0.0787
8.58 269.76 19.71 21.45 0.0752
870.61 444.00 35.81 39.52 0.0723
868.78 491.46 35.45 43.41 0.0698
78.30 385.78 20.47 25.27 0.0696
41.61 292.61 21.58 22.69 0.0692
994.89 82.88 20.24 32.25 0.0679
670.08 35.94 13.06 19.21 0.0674
817.47 65.95 13.29 22.63 0.0673
888.28 88.46 20.58 27.41 0.0669
8.71 402.36 24.27 36.35 0.0660
115.02 353.70 19.26 21.61 0.0659
148.28 307.91 27.56 36.79 0.0628
708.91 253.16 30.91 34.89 0.0616
118.66 271.53 15.36 15.71 0.0612
797.68 253.79 51.72 58.03 0.0612
633.37 30.81 20.56 24.75 0.0602
813.72 250.42 96.08 108.01 0.0592
121.13 324.82 17.05 20.65 0.0572
629.29 58.77 25.22 34.63 0.0568
707.89 240.35 28.18 33.80 0.0560
80.22 299.85 18.69 18.15 0.0555
83.71 271.79 16.13 16.52 0.0554
667.21 63.24 14.83 21.26 0.0554
704.26 59.32 15.19 20.73 0.0548
776.53 86.01 15.69 23.12 0.0541
502.32 19.92 84.68 73.33 0.0529
799.30 333.15 30.21 43.59 0.0525
808.83 408.76 33.95 63.90 0.0503
661.41 261.60 28.50 40.56 0.0501
