28_Sports_Fan_Sports_Fan_28_751
200
928.21 143.95 80.38 85.01 0.1920
928.21 201.59 80.38 85.01 0.1920
928.21 316.88 80.38 85.01 0.1920
927.95 0.00 80.98 85.35 0.1919
928.21 374.43 80.40 85.10 0.1919
50.63 57.44 80.16 84.84 0.1918
50.63 374.52 80.12 84.78 0.1918
928.20 57.41 80.41 85.09 0.1917
50.59 115.11 80.16 84.81 0.1917
928.20 432.09 80.41 85.09 0.1917
50.57 460.98 80.18 84.78 0.1917
50.59 518.61 80.16 84.81 0.1917
306.26 86.00 80.61 85.31 0.1917
562.26 86.00 80.61 85.31 0.1917
525.69 143.64 80.61 85.31 0.1917
818.26 460.67 80.61 85.31 0.1917
781.69 489.50 80.61 85.31 0.1917
196.54 604.78 80.61 85.31 0.1917
269.69 86.00 80.70 85.32 0.1917
598.83 86.00 80.70 85.32 0.1917
269.69 143.64 80.70 85.32 0.1917
598.83 143.64 80.70 85.32 0.1917
928.22 259.24 80.38 85.01 0.1917
818.26 403.03 80.70 85.32 0.1917
123.40 575.96 80.70 85.32 0.1917
159.97 575.96 80.70 85.32 0.1917
342.83 114.72 80.72 85.41 0.1917
928.21 518.54 80.40 85.10 0.1917
50.62 172.80 80.13 84.77 0.1916
781.73 316.57 80.56 85.30 0.1916
233.16 604.79 80.56 85.30 0.1916
50.61 662.81 80.16 84.70 0.1916
818.26 287.71 80.62 85.35 0.1916
854.76 287.71 80.68 85.34 0.1916
854.76 172.43 80.77 85.35 0.1916
306.25 316.44 80.63 85.44 0.1915
123.40 85.87 80.73 85.45 0.1915
196.53 86.02 80.64 85.30 0.1915
854.82 86.02 80.64 85.30 0.1915
635.40 114.69 80.73 85.45 0.1915
196.53 143.66 80.64 85.30 0.1915
306.25 143.51 80.73 85.45 0.1915
635.40 172.33 80.73 85.45 0.1915
598.82 201.16 80.73 85.45 0.1915
123.40 258.80 80.73 85.45 0.1915
269.68 345.41 80.64 85.30 0.1915
635.40 374.08 80.73 85.45 0.1915
269.68 402.91 80.73 85.45 0.1915
745.10 431.88 80.64 85.30 0.1915
123.40 489.37 80.73 85.45 0.1915
854.82 489.37 80.73 85.45 0.1915
50.29 0.00 80.73 85.09 0.1915
854.76 229.98 80.79 85.44 0.1915
891.43 0.00 80.77 85.12 0.1915
928.20 576.20 80.41 85.09 0.1915
525.69 86.00 80.61 85.31 0.1915
379.40 114.82 80.61 85.31 0.1915
123.40 172.46 80.61 85.31 0.1915
708.55 316.57 80.61 85.31 0.1915
745.12 316.57 80.61 85.31 0.1915
233.12 460.68 80.61 85.31 0.1915
745.12 489.50 80.61 85.31 0.1915
159.81 0.00 81.07 85.27 0.1915
415.81 0.00 81.07 85.27 0.1915
452.38 0.00 81.07 85.27 0.1915
379.39 57.05 80.65 85.53 0.1915
415.98 86.00 80.70 85.31 0.1915
452.55 86.00 80.70 85.31 0.1915
489.12 86.00 80.70 85.31 0.1915
745.12 86.00 80.70 85.31 0.1915
415.98 143.64 80.70 85.31 0.1915
708.55 460.68 80.70 85.31 0.1915
708.55 604.78 80.70 85.31 0.1915
635.39 229.98 80.74 85.54 0.1915
671.96 258.80 80.74 85.54 0.1915
635.39 287.62 80.74 85.54 0.1915
635.13 0.00 81.21 85.36 0.1915
671.70 0.00 81.21 85.36 0.1915
817.99 0.00 81.21 85.36 0.1915
306.05 0.00 81.13 85.31 0.1914
488.98 0.00 81.07 85.30 0.1914
562.12 0.00 81.07 85.30 0.1914
781.55 0.00 81.07 85.30 0.1914
159.99 86.02 80.68 85.27 0.1914
342.62 0.00 81.13 85.29 0.1914
379.19 0.00 81.13 85.29 0.1914
598.62 0.00 81.13 85.29 0.1914
233.16 57.20 80.66 85.29 0.1914
854.76 374.12 80.78 85.41 0.1914
379.40 345.26 80.72 85.56 0.1914
854.57 0.00 81.18 85.38 0.1914
781.72 403.06 80.58 85.28 0.1914
818.30 518.35 80.58 85.28 0.1914
854.87 547.17 80.58 85.28 0.1914
13.59 0.00 80.80 85.04 0.1914
123.12 0.00 81.22 85.32 0.1914
269.43 0.00 81.18 85.33 0.1914
525.43 0.00 81.18 85.33 0.1914
708.29 0.00 81.18 85.33 0.1914
744.86 0.00 81.18 85.33 0.1914
233.15 114.85 80.67 85.29 0.1914
50.57 230.40 80.15 84.86 0.1914
50.57 288.05 80.15 84.86 0.1914
50.57 576.26 80.15 84.86 0.1914
745.16 547.15 80.56 85.29 0.1914
196.54 374.18 80.62 85.34 0.1913
708.54 547.11 80.62 85.34 0.1913
123.40 633.57 80.62 85.34 0.1913
671.97 633.57 80.62 85.34 0.1913
86.76 633.57 80.68 85.34 0.1913
818.19 633.57 80.68 85.34 0.1913
233.02 0.00 81.04 85.29 0.1913
452.55 143.61 80.71 85.35 0.1913
489.12 143.61 80.71 85.35 0.1913
562.26 143.61 80.71 85.35 0.1913
233.12 230.07 80.71 85.35 0.1913
745.12 258.89 80.71 85.35 0.1913
233.12 287.72 80.71 85.35 0.1913
342.74 316.47 80.72 85.42 0.1913
671.97 345.36 80.71 85.35 0.1913
635.40 431.82 80.71 85.35 0.1913
671.97 431.82 80.71 85.35 0.1913
269.69 489.47 80.71 85.35 0.1913
854.83 604.75 80.71 85.35 0.1913
342.76 258.89 80.77 85.34 0.1913
233.11 402.91 80.63 85.44 0.1913
233.11 547.02 80.63 85.44 0.1913
306.25 547.02 80.63 85.44 0.1913
269.68 575.84 80.63 85.44 0.1913
196.47 229.98 80.70 85.44 0.1913
86.76 575.84 80.70 85.44 0.1913
818.26 114.69 80.73 85.45 0.1913
159.97 143.52 80.73 85.45 0.1913
342.83 172.34 80.73 85.45 0.1913
379.40 172.34 80.73 85.45 0.1913
269.68 201.31 80.64 85.29 0.1913
562.26 201.16 80.73 85.45 0.1913
86.83 229.98 80.73 85.45 0.1913
818.26 229.98 80.73 85.45 0.1913
269.68 258.80 80.73 85.45 0.1913
306.25 258.80 80.73 85.45 0.1913
598.83 258.80 80.73 85.45 0.1913
708.54 258.80 80.73 85.45 0.1913
781.68 258.80 80.73 85.45 0.1913
379.40 287.62 80.73 85.45 0.1913
123.40 316.44 80.73 85.45 0.1913
159.97 374.09 80.73 85.45 0.1913
306.25 374.09 80.73 85.45 0.1913
708.54 403.06 80.64 85.29 0.1913
306.25 460.55 80.73 85.45 0.1913
671.97 518.19 80.73 85.45 0.1913
196.54 547.02 80.73 85.45 0.1913
598.83 604.66 80.73 85.45 0.1913
635.40 604.66 80.73 85.45 0.1913
269.68 633.63 80.64 85.29 0.1913
306.25 633.48 80.73 85.45 0.1913
745.11 633.48 80.73 85.45 0.1913
86.76 114.69 80.79 85.44 0.1913
671.90 114.69 80.79 85.44 0.1913
415.90 201.16 80.79 85.44 0.1913
525.62 201.16 80.79 85.44 0.1913
379.33 229.98 80.79 85.44 0.1913
196.47 287.62 80.79 85.44 0.1913
342.76 374.09 80.79 85.44 0.1913
342.76 431.73 80.79 85.44 0.1913
525.62 604.66 80.79 85.44 0.1913
562.19 604.66 80.79 85.44 0.1913
86.59 0.00 81.16 85.29 0.1913
781.68 86.02 80.73 85.30 0.1913
86.83 287.72 80.73 85.44 0.1913
159.97 662.45 80.73 85.30 0.1913
233.11 662.45 80.73 85.30 0.1913
928.21 662.67 80.41 85.09 0.1913
159.98 431.75 80.71 85.40 0.1912
196.49 489.39 80.77 85.39 0.1912
781.61 604.72 80.72 85.38 0.1912
708.53 85.93 80.75 85.39 0.1912
818.25 172.34 80.74 85.53 0.1912
159.96 201.22 80.75 85.39 0.1912
489.11 201.16 80.74 85.53 0.1912
671.97 201.16 80.74 85.53 0.1912
159.97 489.37 80.74 85.53 0.1912
196.53 662.46 80.65 85.38 0.1912
342.76 57.05 80.81 85.53 0.1912
635.33 57.05 80.81 85.53 0.1912
708.47 143.52 80.81 85.53 0.1912
745.04 143.52 80.81 85.53 0.1912
781.61 143.52 80.81 85.53 0.1912
159.90 258.80 80.81 85.53 0.1912
854.76 431.73 80.81 85.53 0.1912
635.33 489.37 80.81 85.53 0.1912
781.61 662.30 80.81 85.53 0.1912
415.97 287.62 80.72 85.56 0.1912
452.54 345.26 80.72 85.56 0.1912
13.80 403.30 80.30 84.88 0.1912
671.97 575.95 80.72 85.34 0.1912
196.38 0.00 81.10 85.27 0.1911
233.15 172.49 80.58 85.28 0.1911
708.48 201.16 80.78 85.55 0.1911
415.90 345.26 80.78 85.55 0.1911
