28_Sports_Fan_Sports_Fan_28_697
200
927.92 0.00 81.02 163.16 0.1925
50.59 164.98 80.21 162.18 0.1921
50.59 605.84 80.21 162.18 0.1921
50.55 275.17 80.24 162.24 0.1921
50.55 385.38 80.24 162.24 0.1921
50.55 716.02 80.24 162.24 0.1921
928.12 109.69 80.55 162.84 0.1920
928.12 275.02 80.55 162.84 0.1920
928.12 385.23 80.55 162.84 0.1920
50.54 495.54 80.25 162.30 0.1920
50.59 1267.18 80.17 162.06 0.1920
928.16 495.45 80.49 162.82 0.1919
928.20 991.49 80.41 162.70 0.1917
50.55 826.23 80.21 162.23 0.1917
818.26 1211.40 80.62 163.19 0.1916
123.40 1046.08 80.71 163.19 0.1916
159.97 1046.08 80.71 163.19 0.1916
269.69 1156.29 80.71 163.19 0.1916
306.26 1211.40 80.71 163.19 0.1916
928.21 826.35 80.40 162.51 0.1915
50.57 936.53 80.18 162.15 0.1915
269.47 0.00 81.13 163.14 0.1915
306.04 0.00 81.13 163.14 0.1915
342.61 0.00 81.13 163.14 0.1915
891.31 0.00 80.90 162.82 0.1915
671.97 329.51 80.73 163.38 0.1915
818.25 494.83 80.73 163.38 0.1915
123.40 935.68 80.73 163.38 0.1915
123.40 1211.22 80.73 163.38 0.1915
342.82 1211.22 80.73 163.38 0.1915
50.29 0.00 80.73 162.70 0.1915
452.30 0.00 81.16 163.14 0.1915
708.30 0.00 81.16 163.14 0.1915
818.26 605.23 80.73 163.36 0.1915
269.68 329.51 80.74 163.55 0.1915
342.82 329.51 80.74 163.55 0.1915
708.54 329.51 80.74 163.55 0.1915
159.96 715.26 80.74 163.55 0.1915
159.96 880.58 80.74 163.55 0.1915
233.04 384.62 80.81 163.54 0.1915
269.61 439.73 80.81 163.54 0.1915
159.90 1266.33 80.81 163.54 0.1915
928.15 605.63 80.54 162.88 0.1914
50.62 1046.71 80.10 162.19 0.1914
13.59 0.00 80.80 162.60 0.1914
50.57 1156.93 80.15 162.25 0.1914
708.47 439.79 80.71 163.46 0.1914
196.30 0.00 81.15 163.11 0.1913
232.88 0.00 81.15 163.11 0.1913
379.16 0.00 81.15 163.11 0.1913
415.73 0.00 81.15 163.11 0.1913
562.02 0.00 81.15 163.11 0.1913
635.16 0.00 81.15 163.11 0.1913
671.73 0.00 81.15 163.11 0.1913
744.88 0.00 81.15 163.11 0.1913
781.45 0.00 81.15 163.11 0.1913
818.02 0.00 81.15 163.11 0.1913
854.59 0.00 81.15 163.11 0.1913
159.69 0.00 81.19 163.14 0.1913
488.83 0.00 81.19 163.14 0.1913
525.41 0.00 81.19 163.14 0.1913
598.55 0.00 81.19 163.14 0.1913
233.12 990.98 80.71 163.19 0.1913
196.55 1046.08 80.71 163.19 0.1913
233.12 1101.19 80.71 163.19 0.1913
415.86 1100.99 80.87 163.69 0.1913
196.55 1211.40 80.71 163.19 0.1913
233.12 1211.40 80.71 163.19 0.1913
928.21 1101.89 80.40 162.50 0.1913
854.82 1156.12 80.63 163.36 0.1913
306.24 329.55 80.76 163.53 0.1913
745.10 384.66 80.76 163.53 0.1913
123.07 0.00 81.25 163.16 0.1913
562.26 329.51 80.73 163.37 0.1913
489.11 384.62 80.73 163.37 0.1913
525.68 384.62 80.73 163.37 0.1913
598.83 384.62 80.73 163.37 0.1913
562.26 439.73 80.73 163.37 0.1913
86.83 990.80 80.73 163.37 0.1913
269.68 1045.90 80.73 163.37 0.1913
306.25 1101.01 80.73 163.37 0.1913
159.97 1156.12 80.73 163.37 0.1913
452.47 384.62 80.79 163.36 0.1913
379.33 439.73 80.79 163.36 0.1913
123.33 825.48 80.79 163.36 0.1913
86.76 1101.01 80.79 163.36 0.1913
708.47 549.94 80.72 163.52 0.1912
489.11 164.19 80.74 163.54 0.1912
525.68 164.19 80.74 163.54 0.1912
562.25 164.19 80.74 163.54 0.1912
489.11 274.41 80.74 163.54 0.1912
525.68 274.41 80.74 163.54 0.1912
415.97 329.52 80.74 163.54 0.1912
635.40 329.52 80.74 163.54 0.1912
781.68 384.62 80.74 163.54 0.1912
306.25 439.73 80.74 163.54 0.1912
342.82 439.73 80.74 163.54 0.1912
745.11 494.84 80.74 163.54 0.1912
781.68 494.84 80.74 163.54 0.1912
671.97 549.94 80.74 163.54 0.1912
379.40 605.05 80.74 163.54 0.1912
86.82 880.59 80.74 163.54 0.1912
269.68 880.59 80.74 163.54 0.1912
379.39 1211.23 80.74 163.55 0.1912
86.82 1266.34 80.74 163.54 0.1912
86.60 0.00 81.13 163.12 0.1912
598.76 164.19 80.81 163.53 0.1912
598.76 274.41 80.81 163.53 0.1912
379.33 329.52 80.81 163.53 0.1912
159.90 384.62 80.81 163.53 0.1912
196.47 439.73 80.81 163.53 0.1912
415.90 439.73 80.81 163.53 0.1912
86.76 494.84 80.81 163.53 0.1912
159.90 494.84 80.81 163.53 0.1912
233.04 494.84 80.81 163.53 0.1912
123.33 549.94 80.81 163.53 0.1912
196.47 549.94 80.81 163.53 0.1912
159.90 605.05 80.81 163.53 0.1912
781.61 605.05 80.81 163.53 0.1912
123.33 660.16 80.81 163.53 0.1912
415.90 660.16 80.81 163.53 0.1912
452.47 660.16 80.81 163.53 0.1912
86.76 770.37 80.81 163.53 0.1912
196.47 770.37 80.81 163.53 0.1912
233.04 825.48 80.81 163.53 0.1912
306.18 825.48 80.81 163.53 0.1912
342.76 825.48 80.81 163.53 0.1912
196.47 880.59 80.81 163.53 0.1912
854.76 1045.91 80.81 163.53 0.1912
342.76 1101.02 80.81 163.53 0.1912
635.41 439.77 80.72 163.45 0.1912
818.20 384.66 80.79 163.44 0.1912
13.80 275.16 80.30 162.30 0.1912
13.80 385.37 80.30 162.30 0.1912
123.33 164.18 80.78 163.58 0.1911
123.33 439.72 80.78 163.58 0.1911
415.90 549.93 80.78 163.58 0.1911
379.33 1045.90 80.78 163.58 0.1911
269.67 1266.45 80.76 163.45 0.1911
745.03 1266.45 80.83 163.44 0.1911
781.63 274.43 80.76 163.48 0.1911
562.20 549.97 80.76 163.48 0.1911
598.76 825.59 80.79 163.42 0.1911
635.33 880.70 80.79 163.42 0.1911
671.91 935.81 80.79 163.42 0.1911
13.81 1267.33 80.28 162.04 0.1911
306.18 991.02 80.80 163.33 0.1911
781.69 1211.41 80.71 163.19 0.1911
525.55 770.27 80.89 163.73 0.1911
928.19 1266.99 80.46 162.76 0.1911
635.39 219.34 80.76 163.52 0.1910
671.96 219.34 80.76 163.52 0.1910
598.82 494.88 80.76 163.52 0.1910
342.82 549.99 80.76 163.52 0.1910
854.82 660.16 80.74 163.51 0.1910
379.39 715.31 80.76 163.52 0.1910
415.96 770.41 80.76 163.52 0.1910
854.82 770.38 80.74 163.51 0.1910
671.90 1045.95 80.83 163.55 0.1910
452.46 219.34 80.82 163.51 0.1910
269.61 549.99 80.82 163.51 0.1910
306.18 549.99 80.82 163.51 0.1910
86.75 605.09 80.82 163.51 0.1910
233.03 605.09 80.82 163.51 0.1910
196.46 660.20 80.82 163.51 0.1910
269.61 660.20 80.82 163.51 0.1910
306.18 660.20 80.82 163.51 0.1910
342.75 660.20 80.82 163.51 0.1910
818.18 715.27 80.80 163.50 0.1910
269.61 770.41 80.82 163.51 0.1910
452.46 770.41 80.82 163.51 0.1910
379.32 825.52 80.82 163.51 0.1910
342.75 935.74 80.82 163.51 0.1910
818.18 1101.06 80.82 163.51 0.1910
745.03 1156.16 80.82 163.51 0.1910
525.61 1266.38 80.82 163.51 0.1910
891.62 164.77 80.22 162.34 0.1910
891.62 274.98 80.22 162.34 0.1910
891.62 385.19 80.22 162.34 0.1910
672.18 1322.07 80.29 162.66 0.1910
781.90 1321.95 80.25 162.72 0.1910
928.40 1377.73 80.07 162.78 0.1910
928.21 715.97 80.41 162.69 0.1910
489.11 1266.41 80.74 163.43 0.1910
708.48 219.38 80.80 163.42 0.1910
745.05 274.49 80.80 163.42 0.1910
598.76 1266.41 80.80 163.42 0.1910
525.69 494.83 80.71 163.55 0.1910
489.07 935.78 80.74 163.37 0.1910
745.04 164.23 80.79 163.56 0.1910
452.48 494.83 80.78 163.54 0.1910
489.05 494.83 80.78 163.54 0.1910
635.32 1101.07 80.85 163.72 0.1910
415.97 1211.24 80.74 163.54 0.1910
562.20 990.82 80.75 163.47 0.1910
598.77 990.82 80.75 163.47 0.1910
525.63 1045.92 80.75 163.47 0.1910
123.58 1321.84 80.36 162.95 0.1910
416.15 1321.84 80.36 162.95 0.1910
891.77 1322.41 79.99 161.68 0.1910
