25_Soldier_Patrol_Soldier_Patrol_25_419
164
455.43 106.06 493.29 190.95 0.5562
354.16 249.00 386.49 216.89 0.1238
487.69 162.13 400.51 237.00 0.1122
431.12 24.94 555.92 119.30 0.0980
332.17 296.49 296.16 279.51 0.0930
326.01 65.54 462.53 161.91 0.0892
310.54 134.59 323.36 225.35 0.0845
520.99 293.76 317.20 282.24 0.0814
272.64 251.93 274.89 224.54 0.0714
167.29 240.10 250.27 242.71 0.0695
220.86 146.03 252.72 224.78 0.0672
506.71 338.99 120.56 112.59 0.0625
539.66 33.63 144.01 67.99 0.0618
518.62 125.69 147.81 97.72 0.0613
473.04 159.33 107.13 121.15 0.0591
560.73 152.43 135.68 97.51 0.0591
532.47 15.16 156.71 52.94 0.0581
465.70 124.87 128.80 104.31 0.0573
398.60 197.58 101.04 116.75 0.0563
579.25 258.84 444.75 166.11 0.0559
274.44 36.84 405.65 120.54 0.0552
606.64 169.75 126.36 117.15 0.0550
334.68 28.05 111.92 77.24 0.0535
328.37 207.36 108.00 110.07 0.0526
398.87 331.38 110.77 96.70 0.0524
32.40 229.87 162.24 346.13 0.0523
369.86 222.28 102.67 118.76 0.0507
727.53 458.56 123.27 110.93 0.0507
433.06 208.55 123.17 105.90 0.0501
197.44 302.00 297.56 274.00 0.0497
63.70 88.91 262.04 205.36 0.0493
604.75 154.78 217.23 80.44 0.0492
126.72 296.23 175.65 279.77 0.0491
664.65 459.85 98.71 103.51 0.0485
588.89 226.38 111.33 112.87 0.0484
411.69 126.85 101.83 110.86 0.0484
544.14 387.68 112.30 121.64 0.0481
277.50 17.82 113.34 86.20 0.0481
145.92 53.98 359.35 155.91 0.0474
551.31 183.86 111.10 120.27 0.0469
578.70 417.47 110.51 119.86 0.0465
479.61 372.23 104.90 136.53 0.0461
370.78 156.71 102.48 104.07 0.0458
760.22 437.85 124.96 94.86 0.0454
439.09 86.52 108.97 125.61 0.0452
0.00 30.74 216.38 203.15 0.0452
329.34 151.39 99.84 108.39 0.0451
459.06 324.94 145.60 88.56 0.0446
606.63 408.41 150.62 80.88 0.0443
445.13 343.35 105.62 132.17 0.0440
337.26 299.64 156.71 82.65 0.0440
297.60 175.48 102.47 119.75 0.0436
552.85 260.19 112.67 111.24 0.0435
510.51 411.54 104.01 128.54 0.0433
671.23 145.71 87.43 96.10 0.0430
288.31 0.00 122.83 51.15 0.0424
543.99 445.96 107.19 116.79 0.0424
347.88 339.94 126.19 99.80 0.0419
66.70 181.11 277.66 221.26 0.0419
730.78 411.57 108.13 94.32 0.0419
308.30 262.66 131.54 100.19 0.0416
378.89 32.31 144.87 69.96 0.0416
398.84 244.61 110.53 126.60 0.0415
551.09 78.26 117.95 105.93 0.0415
445.21 17.21 140.89 69.08 0.0414
359.59 57.95 122.32 91.40 0.0414
488.47 7.22 145.19 51.68 0.0413
410.91 76.84 103.34 98.94 0.0411
413.67 298.25 153.00 87.87 0.0406
469.44 446.63 108.62 117.78 0.0406
530.48 324.98 157.67 94.42 0.0402
759.44 0.00 264.56 145.88 0.0399
658.28 204.25 121.73 126.33 0.0399
645.73 438.63 150.72 77.42 0.0396
597.01 468.21 102.56 101.14 0.0393
401.61 377.13 109.27 129.67 0.0390
437.04 412.07 105.38 127.84 0.0389
365.75 453.97 109.16 109.56 0.0387
776.70 460.51 153.58 110.70 0.0386
592.42 289.93 106.81 109.38 0.0385
475.80 223.21 108.44 118.03 0.0384
618.58 263.92 124.37 115.38 0.0383
554.00 0.00 83.63 92.27 0.0379
708.74 486.75 88.81 89.25 0.0379
553.78 375.49 152.25 80.99 0.0378
630.03 33.80 393.97 198.00 0.0377
641.11 105.59 83.26 100.09 0.0376
533.07 0.00 160.81 41.82 0.0376
765.57 409.11 156.77 88.01 0.0376
371.26 95.05 101.21 107.40 0.0376
270.66 248.87 140.05 80.18 0.0372
310.91 313.82 134.43 99.17 0.0370
506.47 24.68 121.92 135.94 0.0370
323.43 0.00 341.25 94.88 0.0367
511.13 291.59 122.59 101.72 0.0366
54.84 410.63 76.78 130.90 0.0365
312.03 133.03 143.37 81.67 0.0364
354.65 386.37 113.50 116.20 0.0364
449.51 0.00 183.36 33.67 0.0353
461.27 51.90 125.31 130.90 0.0348
752.49 373.30 121.05 106.37 0.0345
373.50 0.00 134.77 53.15 0.0344
324.41 426.39 110.87 107.57 0.0339
250.56 215.55 113.61 87.90 0.0333
639.02 507.78 112.00 68.22 0.0327
107.56 445.92 121.51 108.07 0.0327
0.00 127.28 214.71 214.96 0.0322
280.13 291.21 124.53 94.74 0.0319
135.43 0.00 245.59 96.20 0.0319
508.00 237.75 136.25 86.21 0.0318
918.51 0.00 105.49 147.15 0.0315
440.36 40.60 102.85 105.18 0.0308
0.00 0.00 198.72 107.46 0.0306
344.55 0.00 102.80 72.65 0.0306
575.65 0.00 187.28 29.01 0.0301
58.31 476.40 126.47 92.37 0.0301
692.57 377.95 119.37 104.71 0.0300
253.16 158.47 122.43 111.37 0.0298
145.59 417.53 97.24 106.82 0.0296
0.00 0.00 66.21 58.09 0.0289
51.63 26.05 370.93 127.25 0.0287
597.73 0.00 96.60 95.85 0.0286
117.35 522.58 210.97 53.42 0.0281
137.61 460.44 177.50 73.45 0.0281
541.43 527.08 174.84 48.92 0.0277
583.25 126.90 256.94 71.02 0.0276
0.00 381.08 79.31 115.25 0.0271
845.91 400.79 104.64 113.90 0.0270
735.71 326.60 102.71 107.66 0.0267
630.64 0.00 121.12 79.17 0.0264
423.04 465.58 91.53 110.42 0.0263
165.30 452.39 85.34 123.61 0.0261
25.78 419.81 70.74 134.50 0.0260
202.86 185.39 118.55 93.22 0.0257
147.73 344.04 130.14 103.10 0.0257
287.73 474.92 134.62 92.40 0.0256
732.53 158.46 78.59 102.38 0.0256
654.40 318.74 369.60 202.32 0.0255
701.83 200.74 120.26 103.65 0.0255
778.85 157.73 245.15 228.00 0.0254
165.64 384.13 128.40 91.49 0.0252
797.06 376.07 197.15 72.53 0.0250
781.93 321.75 87.36 122.04 0.0249
222.95 306.86 141.40 96.45 0.0248
42.09 391.91 174.38 91.02 0.0245
242.74 263.01 122.06 93.78 0.0243
207.85 334.32 124.92 111.28 0.0241
618.32 338.36 114.54 125.94 0.0240
588.48 55.09 183.59 85.00 0.0238
160.77 160.98 196.18 77.27 0.0238
516.81 473.92 85.60 91.73 0.0234
0.00 0.00 260.98 9.31 0.0230
271.36 46.49 147.02 96.77 0.0229
0.00 504.88 40.38 71.12 0.0227
280.62 110.80 108.68 117.10 0.0225
209.33 472.92 82.03 103.08 0.0214
480.72 0.00 226.54 131.77 0.0214
265.34 345.13 136.59 99.06 0.0214
720.72 338.41 254.59 76.17 0.0209
677.12 516.56 202.33 59.44 0.0208
926.18 56.88 97.82 299.17 0.0207
441.63 523.16 179.05 52.84 0.0204
0.00 459.98 67.96 107.73 0.0201
262.70 0.00 201.12 16.60 0.0200
