13_Interview_Interview_Sequences_13_7
200
288.19 216.86 362.92 264.33 0.7614
147.60 240.65 365.54 269.87 0.7037
409.70 289.64 372.55 259.85 0.5731
548.56 191.66 475.44 238.95 0.5560
121.68 272.17 172.38 309.07 0.4639
331.59 303.36 290.10 337.08 0.3375
160.41 347.92 209.65 332.08 0.1697
267.85 150.47 384.50 191.42 0.1646
577.51 294.13 446.49 254.21 0.1281
234.99 390.06 291.09 289.94 0.1140
57.52 261.97 149.62 323.08 0.0936
556.44 352.08 278.91 327.92 0.0851
620.26 197.20 115.50 122.56 0.0708
498.91 152.20 405.66 190.93 0.0703
51.84 294.11 74.88 145.12 0.0702
257.77 196.86 114.52 115.58 0.0693
109.71 254.75 116.54 124.26 0.0643
638.90 188.08 170.01 97.01 0.0631
473.17 258.39 129.89 107.25 0.0629
293.92 535.75 118.48 144.25 0.0605
214.21 173.38 285.33 221.39 0.0587
495.46 234.29 131.82 90.59 0.0584
363.75 246.67 109.99 131.29 0.0583
695.65 343.84 107.83 134.48 0.0564
594.23 258.09 98.14 151.17 0.0560
75.83 268.42 106.25 140.09 0.0557
830.67 254.95 133.64 111.80 0.0550
676.39 252.90 135.25 96.35 0.0544
648.63 465.98 132.94 147.49 0.0536
140.76 332.30 125.74 121.54 0.0535
662.25 295.78 108.51 141.55 0.0533
324.29 112.50 426.32 152.81 0.0530
254.39 256.45 105.80 146.10 0.0520
439.04 223.92 119.47 114.98 0.0517
517.91 198.13 140.30 85.22 0.0516
8.97 66.69 216.56 236.48 0.0515
788.94 282.99 131.98 114.31 0.0508
330.73 348.85 107.64 156.94 0.0507
124.83 226.71 132.73 106.98 0.0504
61.40 352.53 72.12 159.90 0.0503
507.11 89.11 516.89 181.27 0.0500
362.46 307.39 111.28 159.73 0.0500
111.09 416.90 108.43 159.14 0.0493
70.91 334.47 110.95 125.59 0.0492
55.76 263.10 83.21 102.33 0.0490
305.14 511.38 156.11 111.70 0.0485
742.81 463.41 93.46 145.95 0.0484
527.12 261.90 145.24 95.83 0.0482
753.39 321.15 116.38 146.19 0.0481
186.24 295.96 153.94 92.25 0.0481
624.47 321.55 110.15 148.02 0.0478
30.35 266.61 62.36 137.24 0.0476
713.85 283.07 140.68 112.74 0.0476
577.00 467.55 121.51 142.68 0.0471
358.64 428.42 118.66 141.06 0.0471
659.76 527.33 127.13 152.67 0.0470
783.04 361.10 124.47 130.30 0.0467
737.28 265.33 157.31 89.61 0.0467
611.67 391.99 116.55 136.03 0.0461
104.85 339.02 117.22 163.03 0.0459
831.93 390.56 123.00 145.93 0.0456
263.87 553.88 97.68 105.87 0.0454
479.56 203.05 106.33 96.58 0.0454
698.60 226.69 166.43 91.57 0.0450
418.10 491.37 160.94 87.16 0.0450
368.29 226.72 155.13 94.88 0.0449
504.70 510.96 111.83 123.69 0.0448
203.56 196.70 122.28 105.98 0.0447
460.39 291.65 121.84 138.67 0.0446
202.96 345.87 129.05 104.43 0.0446
332.32 268.12 107.82 141.05 0.0444
79.73 397.81 106.70 139.51 0.0441
24.17 323.57 66.90 144.10 0.0441
836.10 302.20 114.66 134.30 0.0440
332.20 497.77 170.04 77.94 0.0440
120.44 192.38 165.14 93.01 0.0440
290.51 198.17 175.35 90.94 0.0436
572.95 328.07 113.50 127.83 0.0436
393.44 360.14 122.52 138.03 0.0432
225.56 225.33 104.86 146.69 0.0431
693.43 401.12 116.62 127.43 0.0428
776.34 230.79 151.17 94.97 0.0427
82.71 233.09 93.95 98.56 0.0425
65.42 34.71 156.85 81.55 0.0422
270.71 323.56 150.55 101.19 0.0419
538.40 309.22 114.60 112.37 0.0414
614.39 509.22 110.42 131.24 0.0413
36.98 145.27 196.57 298.04 0.0410
283.23 226.79 118.68 125.38 0.0407
520.63 489.25 151.39 93.63 0.0407
432.20 106.79 115.30 139.96 0.0405
753.02 387.17 119.71 147.40 0.0404
502.33 118.07 105.27 132.54 0.0403
583.50 59.57 116.16 119.42 0.0402
426.14 312.22 110.26 155.48 0.0402
162.62 254.78 130.72 112.03 0.0402
51.71 431.02 77.84 144.30 0.0393
465.87 359.14 112.22 149.13 0.0392
32.77 0.00 118.69 54.05 0.0392
502.86 44.04 109.62 142.66 0.0391
595.18 38.92 149.32 84.52 0.0388
654.69 46.56 116.96 133.79 0.0385
473.06 84.49 106.25 132.01 0.0384
499.23 324.71 111.24 135.81 0.0384
64.05 72.30 161.60 92.57 0.0384
116.89 96.47 396.41 167.15 0.0380
0.00 284.61 64.05 117.49 0.0379
869.76 375.88 113.96 113.39 0.0379
436.17 442.48 105.80 119.69 0.0378
111.56 0.00 139.12 64.71 0.0378
191.17 23.40 133.66 75.86 0.0377
471.36 150.80 106.39 117.62 0.0375
436.85 49.11 110.54 136.93 0.0374
149.84 54.20 99.55 139.05 0.0372
601.68 147.93 87.86 140.31 0.0368
545.79 70.87 105.34 135.72 0.0367
525.41 41.81 150.35 83.23 0.0366
281.27 473.16 122.03 134.51 0.0366
769.03 450.92 147.06 94.67 0.0365
258.41 161.13 163.82 105.92 0.0363
21.42 391.51 67.05 157.83 0.0363
137.60 511.12 103.37 121.53 0.0362
235.44 37.60 137.50 84.78 0.0361
125.01 187.60 219.99 246.14 0.0361
211.48 55.85 112.90 114.62 0.0361
545.56 365.76 113.37 130.31 0.0359
399.39 142.81 114.62 134.23 0.0359
166.53 499.00 111.92 103.62 0.0359
223.36 1.78 132.15 66.55 0.0357
244.04 356.24 123.11 169.02 0.0357
548.48 5.29 141.71 66.04 0.0356
638.23 382.44 137.00 105.56 0.0355
618.64 1.09 143.85 66.88 0.0354
553.18 133.03 105.20 117.30 0.0353
408.56 504.29 106.17 122.93 0.0352
450.25 516.75 127.35 162.05 0.0350
158.91 148.36 92.73 160.59 0.0350
400.95 77.98 109.45 141.38 0.0348
206.72 544.14 125.21 97.81 0.0343
0.00 6.58 89.02 62.69 0.0343
506.90 394.01 111.60 149.81 0.0341
444.47 43.18 154.58 71.08 0.0339
82.02 0.00 231.95 213.47 0.0337
742.32 194.39 154.30 103.19 0.0337
82.86 102.95 127.96 111.54 0.0337
36.32 28.94 96.62 98.13 0.0337
546.93 528.47 121.69 151.53 0.0334
288.40 387.92 129.15 149.15 0.0334
37.29 219.28 100.68 101.17 0.0330
294.05 1.55 133.04 67.75 0.0325
849.89 192.94 97.39 123.71 0.0325
63.02 195.86 94.85 88.91 0.0323
109.56 130.08 129.11 124.15 0.0323
616.52 81.67 117.78 130.96 0.0321
470.68 1.11 141.57 66.53 0.0321
287.43 48.28 112.08 139.49 0.0319
694.60 123.95 113.32 133.47 0.0316
909.77 233.43 114.23 147.49 0.0314
337.72 23.84 124.78 80.31 0.0314
362.68 47.34 110.84 139.59 0.0313
807.19 26.41 137.85 73.59 0.0312
232.79 102.49 104.44 141.23 0.0312
662.45 37.32 151.65 76.49 0.0310
398.26 0.00 141.29 67.22 0.0309
17.73 223.23 63.47 135.74 0.0309
410.58 22.51 124.94 83.78 0.0309
805.73 121.73 105.56 124.15 0.0307
766.27 0.00 135.17 65.75 0.0306
869.03 424.73 128.91 126.53 0.0303
325.41 120.33 118.05 130.87 0.0299
283.50 608.98 223.00 71.02 0.0298
186.78 75.05 107.69 139.09 0.0297
847.68 457.13 120.89 144.24 0.0295
162.51 11.45 103.78 112.66 0.0295
0.00 429.29 202.02 250.71 0.0293
229.01 601.37 158.93 78.63 0.0291
167.19 392.54 128.89 137.79 0.0289
309.92 15.16 103.89 112.39 0.0288
10.41 45.16 84.44 86.70 0.0288
799.49 49.73 105.69 123.50 0.0288
90.11 169.71 119.75 132.40 0.0285
81.93 458.67 99.81 134.60 0.0283
25.07 463.02 58.74 136.72 0.0283
756.87 0.00 267.13 125.40 0.0280
871.05 284.39 131.36 111.94 0.0277
351.52 534.47 151.26 121.81 0.0276
0.00 613.27 129.97 66.73 0.0273
0.00 594.63 42.75 79.99 0.0273
112.59 34.49 411.39 144.71 0.0273
697.40 3.75 141.32 66.22 0.0272
746.42 550.52 103.40 112.98 0.0272
321.92 35.23 424.19 145.25 0.0272
786.37 608.10 237.63 36.96 0.0271
168.65 0.00 170.66 39.61 0.0271
535.30 0.00 190.13 35.99 0.0270
0.00 366.37 67.48 138.53 0.0269
953.01 0.00 70.99 79.92 0.0267
317.05 0.00 175.02 40.01 0.0266
0.00 331.54 39.69 110.07 0.0266
40.85 72.30 95.28 154.74 0.0265
