13_Interview_Interview_Sequences_13_11
155
400.13 61.16 490.32 134.15 0.5213
334.16 89.06 426.37 172.05 0.1962
408.83 221.02 387.54 240.29 0.1532
213.45 66.61 408.83 150.14 0.1503
494.96 115.14 528.50 154.58 0.1402
482.09 202.58 533.44 184.90 0.1205
312.29 129.15 350.07 244.10 0.1188
177.65 95.47 337.67 199.81 0.0813
485.81 325.83 252.90 250.17 0.0748
449.56 27.72 172.79 77.51 0.0742
433.08 82.46 118.39 100.95 0.0634
487.58 27.66 500.99 117.42 0.0634
335.35 24.11 173.99 69.05 0.0625
324.99 292.39 301.33 283.61 0.0610
427.54 60.79 172.73 75.01 0.0607
540.91 49.35 121.56 66.13 0.0564
525.08 27.65 160.81 63.65 0.0561
154.30 315.67 256.07 260.33 0.0558
207.34 153.34 106.04 114.18 0.0556
486.69 71.48 128.18 115.66 0.0549
82.05 275.56 213.25 279.62 0.0549
549.21 70.80 101.94 92.81 0.0537
466.52 0.00 135.08 51.34 0.0508
155.79 25.34 257.99 193.36 0.0498
155.70 78.99 111.61 104.27 0.0481
146.30 27.57 140.12 65.91 0.0474
531.11 459.14 130.51 106.48 0.0470
467.38 452.25 109.77 118.02 0.0468
255.72 224.13 315.42 227.68 0.0466
400.76 285.29 119.17 108.46 0.0466
497.29 177.62 123.60 114.62 0.0459
365.47 71.85 144.85 98.59 0.0453
94.76 33.23 147.41 78.89 0.0449
201.52 38.60 142.64 68.14 0.0448
593.17 52.57 113.94 101.35 0.0442
63.97 143.63 75.89 119.98 0.0442
146.63 0.00 130.43 50.88 0.0441
172.83 142.51 107.22 96.85 0.0431
89.98 115.73 228.60 256.47 0.0425
183.83 57.58 117.48 98.05 0.0419
534.81 0.00 142.94 31.78 0.0419
27.24 145.34 66.31 126.71 0.0419
508.09 120.19 119.20 123.55 0.0418
569.52 275.55 454.48 235.76 0.0418
428.92 423.68 114.91 110.92 0.0417
0.00 32.36 243.14 177.74 0.0416
423.52 182.01 149.74 101.80 0.0414
491.12 261.63 149.03 88.62 0.0414
416.40 40.13 125.85 63.19 0.0412
152.18 185.54 122.89 98.64 0.0411
504.04 429.80 119.28 111.02 0.0410
763.29 0.00 260.71 145.50 0.0409
471.78 380.12 133.89 110.25 0.0406
436.44 263.01 131.10 96.43 0.0403
261.94 26.63 149.67 72.99 0.0402
549.91 403.71 118.34 106.05 0.0401
237.08 0.00 334.64 102.45 0.0399
208.81 107.87 114.65 106.69 0.0398
428.75 361.90 117.83 121.08 0.0396
494.83 346.83 140.77 91.24 0.0396
299.59 1.12 153.49 59.47 0.0395
167.54 168.69 315.37 237.65 0.0394
276.30 139.89 144.61 109.09 0.0388
391.67 459.68 119.25 104.82 0.0388
350.13 114.28 121.26 119.08 0.0388
497.67 301.41 138.75 98.31 0.0384
29.39 168.81 141.55 69.01 0.0381
17.01 124.38 171.24 78.82 0.0380
190.84 222.64 174.40 89.41 0.0379
844.85 406.67 115.39 92.61 0.0377
248.21 176.83 105.79 121.48 0.0377
94.46 154.09 123.85 110.31 0.0371
527.25 102.49 150.86 92.01 0.0369
242.25 399.24 118.94 94.12 0.0368
302.80 57.49 121.25 108.06 0.0365
375.06 144.02 137.68 121.12 0.0361
239.69 441.81 126.13 117.19 0.0359
799.31 374.76 115.51 93.13 0.0356
0.00 253.98 227.26 212.31 0.0356
571.03 0.00 223.20 13.60 0.0352
0.00 338.40 226.48 237.60 0.0349
538.28 0.00 114.78 72.61 0.0345
758.37 406.49 149.89 91.13 0.0345
213.33 4.60 155.06 50.68 0.0344
382.35 196.81 139.66 123.50 0.0344
803.89 428.67 119.67 99.07 0.0336
106.26 107.11 127.20 104.02 0.0331
544.83 155.19 122.86 115.30 0.0331
385.50 345.30 136.51 96.93 0.0330
249.03 361.02 134.38 97.53 0.0330
173.50 468.45 129.45 105.63 0.0327
450.36 159.18 150.95 85.66 0.0323
420.12 0.00 120.99 55.19 0.0323
577.20 441.37 121.87 86.50 0.0321
920.10 0.00 103.90 147.97 0.0321
272.49 416.21 129.47 107.67 0.0320
852.12 465.31 103.55 105.81 0.0316
4.25 118.65 70.20 94.39 0.0313
716.64 380.45 155.25 91.52 0.0311
596.24 468.41 100.97 107.59 0.0308
320.17 43.03 155.52 82.11 0.0307
625.26 156.30 117.45 116.58 0.0306
593.74 103.34 160.26 93.40 0.0303
0.00 0.00 65.66 59.63 0.0303
39.93 198.90 206.97 77.72 0.0301
750.19 462.25 161.52 96.37 0.0300
253.23 37.92 114.33 116.83 0.0300
712.62 433.30 160.37 96.88 0.0299
607.90 521.04 202.21 54.96 0.0296
467.81 218.36 122.82 124.70 0.0296
53.22 0.00 177.94 32.16 0.0294
0.00 512.99 52.20 63.01 0.0292
572.07 201.11 127.86 121.20 0.0290
547.79 326.95 130.63 88.54 0.0281
823.49 353.59 139.24 90.33 0.0278
748.34 347.68 127.94 88.29 0.0274
387.59 0.00 105.13 74.95 0.0274
363.62 0.00 152.94 35.82 0.0271
237.82 260.84 177.23 94.01 0.0266
665.03 177.40 110.79 115.06 0.0263
331.80 433.80 160.04 85.92 0.0263
51.32 65.96 205.99 86.92 0.0260
677.38 81.24 86.47 101.56 0.0260
566.36 375.01 144.66 96.98 0.0258
798.91 315.12 108.56 98.30 0.0258
513.19 516.37 184.36 59.63 0.0255
308.62 453.13 132.91 101.81 0.0254
569.03 277.24 126.92 89.09 0.0254
447.58 470.33 80.33 88.32 0.0251
455.91 118.45 133.87 93.50 0.0249
631.54 0.00 106.58 72.58 0.0247
659.93 134.38 103.75 106.52 0.0246
259.05 287.77 139.15 125.07 0.0237
702.24 517.66 224.56 58.34 0.0237
132.55 226.06 134.56 98.60 0.0236
422.98 0.00 404.08 109.22 0.0233
642.98 474.10 90.49 101.90 0.0228
759.93 286.60 113.76 93.75 0.0226
604.26 245.26 114.96 95.82 0.0226
115.85 355.61 186.30 83.19 0.0225
307.76 178.66 130.45 97.67 0.0224
866.66 433.08 122.65 110.51 0.0223
675.41 321.10 165.04 94.22 0.0223
0.00 182.13 62.15 109.47 0.0222
434.11 523.17 174.62 52.83 0.0221
352.33 378.71 139.21 105.07 0.0220
0.00 173.35 230.55 192.14 0.0217
241.80 0.00 173.86 32.85 0.0215
610.88 35.48 190.75 63.13 0.0214
607.23 101.48 303.28 65.56 0.0212
38.02 466.09 60.12 109.91 0.0208
93.02 0.00 112.74 72.61 0.0208
8.06 15.78 314.78 61.82 0.0207
885.53 215.47 86.54 119.76 0.0204
733.48 228.04 135.54 126.76 0.0202
