13_Interview_Interview_Sequences_13_636
200
162.44 412.86 218.15 269.14 0.1554
568.04 124.56 455.96 200.23 0.1553
265.46 407.46 275.08 274.54 0.1517
375.61 221.84 341.35 265.44 0.1128
81.46 65.44 367.05 205.05 0.1092
32.87 47.59 211.85 310.49 0.1029
107.16 156.82 305.50 269.67 0.0964
352.46 119.96 389.25 207.24 0.0912
215.48 230.06 355.63 252.25 0.0890
360.08 315.93 377.53 322.88 0.0874
404.27 76.94 430.47 169.32 0.0840
549.56 231.31 474.44 257.94 0.0835
104.85 285.24 304.94 260.10 0.0824
36.70 203.61 195.42 332.40 0.0819
203.80 120.33 376.84 226.15 0.0760
101.79 347.80 190.13 334.20 0.0697
355.84 30.87 400.44 151.89 0.0636
750.28 51.47 172.10 70.06 0.0623
503.33 154.01 340.33 275.42 0.0591
167.20 473.27 88.89 178.93 0.0589
735.43 80.72 105.15 140.15 0.0575
666.57 220.05 96.69 129.67 0.0569
502.93 280.18 334.90 289.66 0.0546
761.04 97.49 151.34 97.28 0.0546
730.80 149.26 118.34 117.13 0.0532
316.39 0.00 340.00 117.06 0.0531
434.98 482.95 148.95 109.23 0.0525
790.74 135.56 127.49 119.81 0.0508
629.27 359.90 98.19 149.72 0.0497
684.66 198.52 144.17 99.38 0.0495
661.41 325.88 102.39 149.90 0.0493
215.20 476.72 114.19 166.56 0.0488
638.68 233.78 86.27 145.59 0.0483
509.14 42.71 470.34 140.88 0.0481
499.16 464.15 132.47 145.60 0.0475
360.90 280.24 116.30 127.78 0.0467
471.17 0.00 328.87 109.06 0.0464
394.64 495.82 121.37 156.71 0.0463
237.35 16.79 342.43 213.14 0.0462
318.12 476.59 113.45 175.57 0.0462
702.06 38.76 97.51 87.70 0.0461
287.66 283.55 128.11 122.28 0.0460
300.09 39.36 152.52 77.04 0.0458
231.87 456.26 160.41 94.76 0.0458
323.84 251.51 128.53 120.52 0.0457
387.62 237.35 126.99 146.08 0.0457
670.26 272.17 100.93 135.94 0.0454
329.96 96.34 124.16 119.88 0.0454
620.25 413.61 104.79 176.63 0.0447
345.86 480.08 144.31 114.09 0.0446
361.85 173.71 117.41 129.84 0.0438
688.75 232.92 127.58 141.50 0.0438
212.06 254.50 133.65 115.36 0.0436
289.07 77.11 110.56 140.21 0.0434
433.32 88.22 119.36 129.20 0.0428
154.69 435.65 101.95 127.96 0.0426
142.10 234.46 114.51 140.01 0.0426
423.93 275.04 134.65 133.90 0.0424
24.49 21.72 80.43 99.73 0.0423
0.00 0.00 63.19 61.82 0.0422
418.56 35.98 138.92 83.77 0.0417
648.47 400.98 128.15 123.73 0.0417
630.73 293.33 92.76 142.02 0.0416
278.48 479.82 122.21 118.34 0.0416
436.65 456.89 167.40 83.90 0.0415
747.90 202.89 142.99 129.29 0.0414
297.92 459.17 160.94 96.23 0.0411
390.32 108.97 118.62 147.27 0.0408
370.79 41.04 108.22 130.58 0.0407
254.94 290.32 112.13 151.24 0.0405
126.02 489.90 85.14 143.66 0.0403
171.84 278.64 132.73 124.08 0.0401
124.71 0.00 305.82 115.83 0.0397
195.38 36.74 144.74 81.22 0.0396
26.70 433.25 74.36 138.17 0.0396
138.95 111.35 116.53 133.67 0.0396
660.78 0.00 362.09 126.80 0.0393
536.39 450.64 125.56 113.98 0.0390
428.00 220.82 124.70 123.88 0.0388
174.15 210.42 138.24 130.64 0.0383
745.16 0.00 132.96 72.56 0.0381
70.47 0.00 219.28 176.07 0.0381
766.14 364.09 112.32 136.46 0.0378
707.53 282.62 156.18 117.37 0.0378
181.05 84.79 110.62 132.79 0.0375
105.02 137.88 114.89 136.20 0.0375
584.56 473.68 115.89 147.68 0.0374
655.62 166.66 100.79 96.66 0.0372
247.93 510.72 120.15 166.84 0.0371
624.24 192.15 98.41 106.92 0.0370
313.54 154.67 140.50 102.23 0.0369
823.65 39.94 145.80 145.52 0.0369
177.57 148.34 133.93 131.57 0.0368
108.91 205.21 111.31 135.33 0.0368
819.00 18.23 136.45 88.57 0.0362
115.26 440.06 99.47 133.48 0.0359
393.48 445.03 122.80 126.99 0.0357
26.64 355.33 76.39 149.78 0.0355
24.80 254.92 78.74 155.09 0.0353
583.13 218.60 110.50 106.38 0.0353
469.93 396.56 398.30 285.44 0.0352
717.55 331.94 128.01 142.45 0.0349
32.41 516.88 74.93 153.76 0.0348
114.19 80.48 106.34 127.42 0.0348
301.13 214.63 108.74 125.40 0.0347
27.40 166.02 76.12 143.69 0.0347
784.62 250.60 134.55 163.87 0.0346
709.99 124.36 97.53 112.10 0.0344
47.32 400.94 88.48 137.07 0.0344
107.98 287.17 111.27 112.52 0.0342
208.10 120.84 130.56 115.04 0.0342
147.79 38.75 111.41 83.91 0.0340
499.39 414.42 125.65 111.87 0.0339
466.56 249.32 122.22 110.90 0.0338
793.49 331.92 127.92 141.65 0.0336
595.95 387.81 99.04 107.73 0.0336
725.65 399.70 115.27 138.30 0.0329
296.03 0.00 139.55 64.62 0.0328
51.02 227.74 87.07 154.45 0.0327
147.51 177.97 124.05 130.22 0.0324
225.67 58.06 120.68 126.09 0.0322
791.27 0.00 163.84 43.67 0.0321
0.00 395.75 67.49 139.57 0.0321
0.00 443.05 207.47 238.95 0.0319
56.88 454.70 81.93 146.94 0.0318
667.38 54.36 100.09 91.87 0.0317
0.00 0.00 201.83 104.97 0.0316
134.74 549.71 91.14 132.29 0.0316
28.77 77.17 76.13 139.09 0.0313
0.00 198.27 68.67 141.54 0.0313
0.00 599.26 51.06 82.74 0.0312
368.61 0.81 143.03 64.86 0.0308
46.46 327.55 94.51 156.13 0.0308
293.17 335.64 119.31 141.83 0.0307
838.99 137.37 157.27 130.18 0.0307
95.51 416.45 142.72 100.79 0.0305
261.54 179.12 114.47 128.68 0.0305
186.27 1.01 139.36 65.01 0.0304
44.82 0.00 94.10 86.40 0.0300
115.46 0.06 142.80 67.10 0.0300
388.22 14.80 110.03 101.13 0.0299
213.46 418.47 126.35 110.70 0.0299
261.18 423.62 168.10 95.98 0.0298
58.31 131.73 81.95 149.06 0.0298
81.70 36.86 101.85 80.64 0.0298
471.66 43.13 123.19 138.66 0.0297
852.03 325.68 154.45 177.71 0.0292
583.34 274.13 102.35 108.04 0.0291
540.16 377.39 118.58 116.45 0.0290
58.06 37.57 82.54 143.96 0.0289
72.55 533.56 72.93 148.44 0.0288
461.19 520.56 112.85 142.80 0.0287
352.50 321.81 118.87 156.33 0.0287
0.00 458.18 68.09 140.75 0.0287
430.34 150.10 113.33 131.47 0.0286
0.00 136.08 67.97 142.47 0.0284
0.00 524.33 67.65 145.51 0.0284
641.15 27.28 116.22 85.32 0.0282
536.67 509.68 128.32 151.38 0.0282
285.97 4.89 97.42 117.19 0.0279
83.25 177.44 105.23 125.15 0.0279
365.69 410.84 105.27 132.12 0.0279
165.85 54.34 143.52 107.04 0.0278
956.66 0.00 67.34 73.52 0.0278
1.84 43.18 68.62 136.39 0.0277
663.36 0.00 128.14 54.09 0.0277
0.00 0.00 158.03 41.34 0.0277
0.00 16.37 53.28 101.22 0.0275
495.46 209.71 112.64 114.87 0.0275
0.00 327.24 70.59 144.26 0.0273
670.88 75.79 100.07 146.30 0.0270
338.45 546.83 146.38 114.38 0.0268
324.97 375.66 119.68 133.63 0.0268
806.52 181.35 149.98 128.04 0.0268
590.04 158.16 137.86 97.66 0.0267
564.79 352.28 121.91 102.45 0.0265
850.96 283.48 140.40 131.61 0.0263
75.92 374.83 113.42 128.48 0.0261
82.22 473.41 103.84 132.37 0.0256
64.04 115.21 133.72 112.80 0.0256
479.97 286.16 111.66 158.90 0.0250
202.54 532.48 92.06 143.13 0.0249
216.77 327.19 122.32 142.12 0.0248
441.55 7.46 125.53 63.04 0.0248
517.10 41.36 108.01 86.93 0.0247
534.80 186.57 159.25 100.93 0.0246
236.26 153.23 158.33 101.68 0.0242
852.63 36.06 161.79 84.93 0.0239
394.76 350.33 123.51 154.32 0.0236
74.86 309.84 112.20 125.54 0.0236
169.75 386.78 146.17 113.02 0.0235
512.18 67.87 109.19 147.65 0.0234
886.70 0.00 137.30 177.88 0.0231
240.17 391.18 141.46 102.97 0.0229
817.15 234.09 136.34 123.76 0.0228
857.82 5.90 153.27 75.01 0.0227
588.55 0.00 114.86 56.72 0.0225
431.36 333.48 130.73 135.20 0.0224
0.00 268.91 57.93 117.54 0.0222
634.78 0.00 90.39 82.67 0.0222
