13_Interview_Interview_Sequences_13_778
144
465.34 184.16 557.47 389.67 0.1924
363.02 103.40 506.84 356.10 0.1116
360.11 257.20 367.54 493.05 0.0966
163.91 649.35 207.89 523.65 0.0749
485.46 324.28 436.77 493.39 0.0725
250.28 526.56 296.13 595.52 0.0714
419.23 465.90 372.89 447.26 0.0689
376.26 612.15 327.01 560.85 0.0668
0.00 76.90 239.82 393.50 0.0560
520.08 550.81 325.45 587.89 0.0557
384.18 356.05 103.42 228.35 0.0537
564.57 258.76 129.77 239.09 0.0532
65.68 577.12 211.28 595.18 0.0513
436.19 54.76 575.55 260.02 0.0498
376.16 0.00 362.12 194.24 0.0453
82.97 534.24 318.46 405.08 0.0450
0.00 266.68 237.37 434.61 0.0445
138.78 679.10 155.31 202.48 0.0444
167.07 650.28 165.89 153.49 0.0441
549.88 343.87 104.68 238.54 0.0434
272.14 405.02 291.10 426.98 0.0433
211.97 88.03 240.62 483.83 0.0424
604.15 380.70 112.27 224.88 0.0414
412.74 434.92 94.66 253.14 0.0411
337.43 924.11 107.13 231.80 0.0409
242.86 745.00 93.15 229.92 0.0405
442.37 343.50 107.10 243.00 0.0395
203.87 620.71 175.28 138.25 0.0390
138.10 767.22 119.53 183.71 0.0389
57.30 369.62 259.75 462.35 0.0387
323.33 489.92 112.70 202.55 0.0383
309.01 881.66 104.17 214.17 0.0383
762.70 0.00 261.30 298.48 0.0382
203.80 733.52 89.81 227.56 0.0370
371.26 231.90 153.92 265.24 0.0370
768.12 590.02 99.86 187.63 0.0369
0.00 0.00 202.51 227.96 0.0364
591.62 913.16 102.83 217.20 0.0362
267.15 807.88 201.32 153.14 0.0361
545.48 166.08 121.55 264.14 0.0361
208.44 529.35 172.58 160.25 0.0360
738.27 536.44 92.05 193.65 0.0356
656.67 467.61 100.38 205.56 0.0355
624.32 954.28 114.72 194.51 0.0355
545.61 952.51 118.11 191.91 0.0354
513.56 233.33 114.55 247.36 0.0352
220.77 0.00 234.20 188.00 0.0349
664.55 377.61 89.02 200.86 0.0349
0.00 496.25 213.01 419.28 0.0348
705.08 459.00 86.45 198.67 0.0347
666.79 857.23 100.19 225.91 0.0338
256.78 671.79 111.75 204.80 0.0336
491.88 297.26 103.69 236.50 0.0335
924.80 0.00 99.20 306.76 0.0333
525.79 384.15 90.95 253.87 0.0333
298.73 704.47 105.73 263.01 0.0330
448.40 489.97 103.38 246.32 0.0326
101.65 113.26 261.13 492.86 0.0326
781.38 527.79 82.32 171.28 0.0326
110.74 834.88 122.75 216.65 0.0325
695.66 291.56 71.71 240.72 0.0324
367.31 873.51 104.79 216.60 0.0324
628.25 800.80 102.37 227.51 0.0324
296.40 98.41 374.42 241.95 0.0323
622.65 277.46 123.91 265.29 0.0321
766.60 660.05 140.35 170.76 0.0320
697.48 490.41 211.88 156.06 0.0320
299.47 611.00 98.17 225.53 0.0319
317.43 159.54 239.09 481.76 0.0319
775.62 915.67 103.45 231.94 0.0318
403.45 903.82 118.93 232.48 0.0318
699.48 913.70 105.36 222.05 0.0317
482.76 431.37 101.75 249.10 0.0311
380.49 499.37 98.98 234.12 0.0310
666.95 743.26 101.23 226.54 0.0307
527.72 883.90 152.14 167.13 0.0305
56.77 901.96 79.82 269.65 0.0305
706.59 573.22 98.53 231.56 0.0301
806.94 847.62 110.26 247.16 0.0300
336.81 664.25 102.40 188.30 0.0300
755.02 446.60 73.90 188.28 0.0299
647.95 546.05 145.43 173.49 0.0298
702.58 797.17 101.13 229.70 0.0297
565.55 433.89 94.84 245.26 0.0296
222.33 462.48 208.13 145.67 0.0294
467.83 950.72 129.17 197.28 0.0292
733.31 367.42 68.73 210.18 0.0291
808.97 731.71 112.95 202.41 0.0290
111.34 38.75 371.39 288.39 0.0289
240.12 943.19 141.38 206.96 0.0289
659.10 427.56 219.79 162.89 0.0289
742.97 623.98 98.83 234.02 0.0289
632.34 682.50 98.49 231.22 0.0287
742.74 848.36 99.58 233.90 0.0287
704.74 682.86 99.49 232.00 0.0282
811.88 574.94 90.28 184.95 0.0280
774.24 603.31 195.53 138.02 0.0280
765.71 715.25 107.12 198.00 0.0280
668.37 626.19 99.13 232.98 0.0280
17.21 912.46 73.67 260.54 0.0274
320.28 846.27 195.12 148.51 0.0272
161.44 820.06 118.76 213.88 0.0271
777.57 793.26 100.29 235.66 0.0269
596.47 738.19 98.26 230.91 0.0269
134.50 282.48 325.18 416.49 0.0267
0.00 1045.68 51.08 127.32 0.0266
515.32 45.48 130.90 187.97 0.0262
569.25 27.01 97.18 135.05 0.0261
0.00 722.01 146.78 450.99 0.0261
748.84 548.87 275.16 111.48 0.0259
835.37 673.18 125.34 215.75 0.0256
633.69 566.07 98.93 235.42 0.0256
598.54 504.10 97.34 241.95 0.0255
194.74 878.20 203.09 151.25 0.0254
731.60 771.75 108.27 195.55 0.0254
358.71 1048.09 181.44 124.91 0.0251
548.02 777.80 111.50 191.65 0.0250
385.11 131.07 141.36 253.77 0.0250
353.16 608.30 135.07 213.96 0.0247
100.55 921.87 120.65 224.09 0.0246
837.89 935.09 122.31 210.25 0.0246
525.97 514.01 97.14 232.18 0.0244
481.07 612.83 111.29 194.27 0.0239
598.45 622.79 98.12 235.21 0.0238
415.77 601.71 105.83 196.59 0.0235
613.06 25.17 100.81 172.56 0.0235
308.50 1017.92 114.78 155.08 0.0235
647.54 400.10 373.53 131.66 0.0233
17.40 1066.92 158.07 106.08 0.0231
452.52 193.68 106.06 216.99 0.0231
176.22 900.35 110.59 256.12 0.0231
587.82 349.27 386.82 124.46 0.0230
525.98 698.65 102.28 216.34 0.0229
351.06 740.95 103.40 261.61 0.0228
38.36 830.10 141.06 222.13 0.0226
600.12 723.44 423.88 449.56 0.0226
591.55 286.31 290.57 152.13 0.0222
242.54 401.97 253.88 145.30 0.0220
838.31 816.14 113.21 186.54 0.0220
562.39 564.82 98.17 239.00 0.0219
642.47 114.27 92.28 253.61 0.0211
800.26 200.90 223.74 459.73 0.0206
0.00 0.00 66.93 113.08 0.0205
391.02 685.92 99.04 216.04 0.0201
