0_Parade_marchingband_1_78
200
588.31 491.23 21.00 32.00 0.3567
339.86 75.50 20.60 30.80 0.3513
157.21 354.57 23.39 35.60 0.3330
143.45 1.68 27.47 30.03 0.3069
86.94 109.39 21.19 25.94 0.3006
193.43 187.95 18.09 26.08 0.2615
35.36 199.80 28.69 41.50 0.2602
995.28 313.32 23.89 34.32 0.2474
48.25 382.50 24.87 33.48 0.2454
557.55 553.91 19.17 29.73 0.2403
634.11 55.23 20.73 25.98 0.2367
80.87 369.93 21.83 31.00 0.2364
522.68 54.54 14.60 22.21 0.2350
377.02 236.75 15.89 20.23 0.2300
372.67 134.18 17.11 22.22 0.2221
39.01 223.24 26.40 35.33 0.2206
668.54 121.27 18.93 28.72 0.2180
85.00 56.71 24.37 29.40 0.2177
558.68 133.67 17.93 25.45 0.2128
559.56 104.59 18.21 25.96 0.2117
922.48 32.63 19.11 25.74 0.2096
254.59 65.95 26.74 39.89 0.2082
259.86 56.13 26.16 36.71 0.2081
959.48 185.11 21.24 25.08 0.2058
922.20 210.04 17.77 20.93 0.2052
266.13 242.66 15.81 23.31 0.2041
597.15 30.68 13.13 19.62 0.2033
178.82 643.95 37.78 32.22 0.2012
116.40 335.84 20.13 30.99 0.2005
414.30 110.51 13.46 18.28 0.2001
994.65 580.25 25.66 51.76 0.2000
633.08 187.12 15.09 21.04 0.1999
155.52 291.88 19.95 30.39 0.1995
742.70 30.22 16.57 20.00 0.1995
117.15 311.96 18.69 32.42 0.1991
522.86 134.69 14.09 19.51 0.1986
598.26 128.87 16.98 24.81 0.1986
267.94 161.36 14.45 20.53 0.1970
742.58 160.84 17.98 25.22 0.1967
557.61 83.91 15.93 23.34 0.1965
954.35 80.90 21.55 23.97 0.1965
816.42 161.80 14.79 18.95 0.1963
305.82 162.05 15.13 21.07 0.1961
227.51 157.15 16.75 23.63 0.1960
925.85 160.18 17.56 22.57 0.1952
555.83 566.31 23.20 34.53 0.1946
627.32 7.06 19.52 26.30 0.1937
339.64 162.44 12.50 18.12 0.1934
413.95 213.35 14.31 18.98 0.1933
775.02 52.86 16.98 25.97 0.1928
414.97 156.38 13.43 20.60 0.1922
741.62 131.20 15.70 22.24 0.1904
851.54 185.70 14.59 19.76 0.1903
994.60 76.45 22.10 28.60 0.1888
446.36 74.69 16.14 24.01 0.1885
489.21 26.78 21.25 25.23 0.1883
921.74 309.05 18.06 26.19 0.1881
812.83 574.22 30.73 40.60 0.1881
448.87 132.34 16.07 21.95 0.1862
816.69 111.28 14.73 20.85 0.1850
40.90 433.31 23.50 33.01 0.1848
596.38 162.25 14.10 18.78 0.1844
702.00 128.67 16.78 23.95 0.1843
487.17 109.73 13.60 18.91 0.1841
156.77 238.22 19.82 25.76 0.1834
629.00 133.69 16.43 24.07 0.1834
852.24 83.65 13.52 20.39 0.1829
994.73 291.73 20.95 28.55 0.1816
778.68 112.74 15.60 26.91 0.1815
960.07 159.48 19.33 23.83 0.1813
889.58 111.14 15.00 20.45 0.1812
998.24 155.48 19.68 27.48 0.1806
230.29 210.93 15.94 19.95 0.1805
6.07 238.08 21.52 30.05 0.1800
231.01 185.45 14.65 20.76 0.1798
486.28 212.89 12.71 18.79 0.1795
778.41 187.45 14.46 20.76 0.1793
376.62 157.17 15.45 20.55 0.1789
781.27 124.54 15.95 25.82 0.1787
487.59 158.93 14.18 20.52 0.1782
596.04 77.09 15.57 24.62 0.1781
451.75 209.38 15.24 21.55 0.1779
152.83 188.07 19.17 24.77 0.1777
524.07 187.34 14.92 19.88 0.1777
816.82 130.68 14.76 21.24 0.1775
523.71 110.49 12.01 17.77 0.1769
670.22 161.95 15.24 20.28 0.1768
449.64 112.49 14.45 23.05 0.1762
924.29 186.75 17.29 23.37 0.1759
561.13 56.87 14.18 20.34 0.1759
595.64 185.52 15.87 22.83 0.1758
558.51 212.88 13.77 18.26 0.1752
79.38 213.29 20.60 28.92 0.1751
925.26 110.75 15.03 22.11 0.1751
449.87 158.02 13.93 18.84 0.1743
46.11 344.24 19.00 23.36 0.1741
705.41 233.10 18.86 22.83 0.1741
597.66 210.69 15.62 19.82 0.1738
597.01 109.39 17.44 29.22 0.1732
702.63 159.58 16.74 24.62 0.1731
190.22 156.85 18.57 26.87 0.1729
300.43 209.90 16.24 22.42 0.1725
995.42 128.18 19.60 28.72 0.1724
304.15 184.92 15.03 20.26 0.1723
523.86 160.88 13.27 18.42 0.1720
704.16 183.27 17.97 25.72 0.1718
926.00 132.45 16.16 20.74 0.1713
851.60 160.79 13.22 20.74 0.1711
487.07 135.42 13.55 18.94 0.1710
83.93 466.00 18.93 28.79 0.1709
891.45 81.28 14.45 18.65 0.1708
120.47 603.03 18.14 26.27 0.1707
741.63 179.88 19.58 25.94 0.1706
415.00 135.44 14.58 20.90 0.1692
233.16 88.62 27.80 38.53 0.1689
249.34 448.85 29.23 34.18 0.1688
886.33 185.94 17.08 20.64 0.1683
669.55 210.61 14.59 19.43 0.1680
375.45 111.71 14.63 20.58 0.1680
414.82 235.31 17.39 21.85 0.1672
153.97 304.04 21.38 34.15 0.1672
227.81 135.21 16.62 24.45 0.1671
741.57 110.19 15.33 23.68 0.1662
993.79 108.08 21.39 29.64 0.1659
156.67 106.21 20.55 24.80 0.1656
560.06 189.67 12.39 18.16 0.1652
560.46 237.73 14.76 19.70 0.1651
36.95 518.58 21.88 32.24 0.1644
416.02 59.32 18.63 27.83 0.1639
524.01 209.94 14.65 20.69 0.1638
591.31 55.73 16.71 22.05 0.1629
815.63 212.00 15.93 17.91 0.1619
486.52 6.20 19.33 29.62 0.1618
698.98 593.22 19.32 30.15 0.1618
853.14 106.10 13.38 19.43 0.1618
305.03 134.41 13.50 18.36 0.1617
154.16 205.06 19.48 27.25 0.1616
851.30 134.86 12.94 19.10 0.1615
341.71 133.02 12.71 18.52 0.1614
670.09 186.81 15.19 21.47 0.1609
955.22 104.86 22.22 29.47 0.1608
888.54 131.81 16.05 20.66 0.1608
524.33 77.72 14.42 22.45 0.1605
233.08 444.98 30.56 35.26 0.1604
447.52 239.54 15.47 18.96 0.1601
561.07 155.67 14.50 20.33 0.1596
488.26 187.40 11.86 17.10 0.1596
739.18 214.31 18.60 23.74 0.1593
487.20 81.80 13.86 20.40 0.1592
521.18 240.64 15.25 19.51 0.1591
115.37 155.26 20.90 28.32 0.1585
4.94 340.23 19.82 26.67 0.1582
116.91 357.02 20.04 34.76 0.1582
518.19 473.00 19.76 24.47 0.1582
854.07 628.58 27.37 30.66 0.1576
522.14 518.97 20.77 27.31 0.1573
80.36 338.41 19.71 27.79 0.1572
888.29 160.16 15.38 19.65 0.1571
600.32 580.72 30.15 36.76 0.1570
816.90 186.71 15.56 19.37 0.1570
631.74 236.74 16.71 20.82 0.1564
847.64 52.37 16.43 23.43 0.1556
122.30 32.53 21.63 29.33 0.1556
815.20 82.06 14.45 19.76 0.1554
631.92 158.25 15.13 21.29 0.1552
4.11 252.79 20.59 33.60 0.1551
846.83 539.57 28.72 36.98 0.1550
960.65 279.29 19.30 28.90 0.1547
628.51 19.66 18.71 29.38 0.1545
340.69 239.39 13.66 19.38 0.1544
83.68 574.78 18.04 23.33 0.1541
480.70 495.92 24.32 33.09 0.1541
254.83 102.77 24.15 28.12 0.1536
631.90 501.70 17.81 26.78 0.1532
957.99 128.60 21.91 28.39 0.1531
921.98 77.66 15.57 21.73 0.1528
7.47 573.22 17.86 27.53 0.1520
404.57 437.58 23.09 28.55 0.1516
267.76 535.69 58.14 55.61 0.1514
187.85 135.86 21.04 34.15 0.1504
341.26 207.96 14.37 21.70 0.1500
669.50 30.42 13.67 19.81 0.1496
268.03 181.62 13.93 21.83 0.1494
191.41 199.83 19.18 29.29 0.1493
517.61 30.86 17.63 27.75 0.1493
848.98 516.73 35.80 44.43 0.1491
998.36 182.64 18.48 25.46 0.1490
779.89 161.75 13.47 20.84 0.1489
340.79 104.29 16.09 22.58 0.1488
700.58 472.85 21.39 24.14 0.1486
594.84 239.67 15.73 18.78 0.1481
113.84 43.06 21.25 30.30 0.1479
365.87 35.94 20.40 28.40 0.1477
774.70 72.96 17.07 26.03 0.1474
5.17 362.45 19.87 29.20 0.1473
186.67 359.99 22.01 36.41 0.1470
80.10 227.85 20.76 29.23 0.1467
485.97 49.24 18.10 26.68 0.1462
188.16 78.16 19.99 24.69 0.1459
779.56 212.54 14.93 20.25 0.1458
