0_Parade_marchingband_1_818
86
638.35 475.73 161.94 314.78 0.5924
345.32 161.16 80.71 117.60 0.3270
630.84 349.60 393.16 625.04 0.1957
653.67 594.55 88.43 179.39 0.1798
897.51 497.10 126.49 362.69 0.1789
581.59 542.55 96.29 185.60 0.1506
323.93 1176.30 86.62 159.85 0.1452
149.00 1184.01 158.31 179.69 0.1372
414.70 212.19 114.71 223.29 0.1225
167.31 1077.07 131.79 208.91 0.1165
0.00 807.55 72.40 228.38 0.1161
484.25 447.44 172.71 317.02 0.1085
354.09 1125.26 63.95 159.14 0.1061
581.88 428.55 156.19 322.89 0.1029
629.67 745.48 62.48 88.91 0.1023
809.04 1059.07 52.74 107.13 0.1018
625.81 697.51 74.24 89.70 0.0994
627.87 1.14 40.52 87.53 0.0981
480.59 301.36 70.92 160.44 0.0944
944.58 929.56 40.26 65.69 0.0941
438.96 343.68 157.20 262.13 0.0931
327.08 220.29 73.78 134.53 0.0927
394.00 129.75 114.48 220.65 0.0912
198.21 1096.94 192.84 276.50 0.0909
2.24 988.84 192.06 431.84 0.0909
826.29 938.32 50.01 52.89 0.0892
342.89 1383.77 106.63 137.31 0.0891
433.13 97.20 52.23 118.02 0.0884
6.52 934.99 106.66 266.07 0.0869
4.54 1430.92 46.65 78.28 0.0832
466.76 857.73 106.81 215.67 0.0790
541.95 590.93 104.68 157.28 0.0772
539.08 476.31 105.24 188.09 0.0770
795.23 923.60 70.98 69.28 0.0754
882.24 1021.60 74.89 116.88 0.0750
868.43 1239.09 97.62 183.96 0.0738
137.36 1443.45 64.65 92.55 0.0731
317.84 301.14 63.10 114.37 0.0727
351.60 237.87 98.93 198.45 0.0726
406.24 667.75 95.13 146.27 0.0722
799.24 574.22 224.76 371.43 0.0702
337.37 567.90 199.98 308.08 0.0687
437.00 32.03 60.55 142.64 0.0681
813.52 381.55 164.09 285.71 0.0681
321.29 335.74 352.28 480.34 0.0678
364.94 693.51 75.03 162.59 0.0676
506.94 0.00 38.09 74.48 0.0670
859.42 1423.47 53.17 95.32 0.0666
276.97 130.12 166.94 266.06 0.0664
719.09 1020.32 73.55 176.94 0.0661
736.41 1154.95 47.94 132.17 0.0654
459.13 98.69 42.13 115.34 0.0652
241.41 1111.23 97.69 144.28 0.0641
584.77 636.07 75.89 132.15 0.0640
759.93 1137.71 41.30 95.00 0.0637
792.45 915.24 95.70 133.40 0.0626
885.26 445.81 80.43 151.72 0.0624
348.77 1189.09 109.71 234.23 0.0621
362.39 437.58 65.29 94.30 0.0621
372.26 1336.35 98.15 147.88 0.0621
634.87 889.78 105.51 145.99 0.0621
757.13 1065.80 69.62 156.45 0.0620
439.26 0.00 54.82 80.36 0.0620
691.28 890.70 85.93 133.83 0.0619
585.49 66.91 43.54 138.03 0.0617
772.44 1433.33 51.83 98.61 0.0617
919.82 1372.35 39.52 70.65 0.0612
825.16 948.45 56.38 88.36 0.0609
542.20 651.62 71.61 124.10 0.0608
102.64 1368.04 55.62 72.22 0.0596
537.34 104.46 71.24 285.48 0.0590
826.77 1024.84 59.60 122.71 0.0590
967.21 486.04 56.79 163.75 0.0582
865.11 1043.98 126.74 248.06 0.0582
798.26 1416.82 67.71 119.18 0.0579
69.43 1178.16 137.65 193.77 0.0579
337.15 681.38 123.78 251.15 0.0571
625.13 0.00 72.40 140.82 0.0560
934.97 977.44 50.39 70.32 0.0546
349.11 328.03 85.83 139.68 0.0546
873.49 1347.06 52.28 84.14 0.0540
622.19 1147.27 100.28 251.38 0.0534
629.08 1340.77 65.33 162.69 0.0528
487.35 124.62 66.71 272.55 0.0527
459.71 761.23 195.34 319.82 0.0521
567.55 816.83 96.10 188.49 0.0520
