0_Parade_Parade_0_960
113
878.60 194.34 63.87 105.96 0.8784
711.45 235.49 68.68 101.68 0.8558
232.67 20.65 69.16 96.08 0.8511
52.39 216.00 108.05 151.22 0.8498
398.27 230.29 61.39 85.01 0.3040
347.88 361.08 147.47 154.07 0.2370
250.03 191.02 51.26 93.07 0.2194
517.12 461.90 44.60 52.60 0.2154
296.03 129.25 145.46 210.39 0.1895
204.74 185.46 72.91 119.47 0.1764
898.11 208.33 90.58 127.27 0.1751
619.99 280.02 49.74 61.36 0.1701
349.12 192.13 108.65 130.37 0.1659
375.20 374.34 76.30 49.74 0.1620
94.26 343.42 155.28 143.78 0.1580
115.84 184.15 78.67 122.77 0.1499
497.38 503.09 80.97 58.64 0.1484
230.56 167.48 97.89 145.97 0.1422
228.74 474.80 73.11 105.23 0.1407
937.80 231.49 86.20 144.95 0.1326
527.75 529.07 131.01 92.87 0.1323
645.69 292.10 59.82 90.63 0.1285
172.72 467.06 125.90 199.55 0.1272
623.43 436.93 50.04 43.78 0.1252
969.49 214.26 53.68 100.51 0.1224
423.75 434.07 129.32 93.50 0.1221
548.86 258.16 113.00 138.47 0.1180
134.79 148.40 61.19 108.29 0.1163
389.69 247.61 87.75 113.65 0.1113
322.72 30.93 198.07 306.41 0.1071
583.57 494.62 79.26 75.05 0.1049
468.78 483.84 93.90 58.75 0.1027
310.16 364.46 110.45 98.80 0.1019
690.96 289.82 90.78 116.41 0.1006
257.68 483.92 115.00 164.48 0.0995
610.22 478.14 65.07 66.00 0.0991
136.22 154.45 116.73 187.25 0.0977
906.07 156.54 71.60 120.09 0.0961
324.05 372.27 53.47 41.94 0.0958
102.74 250.43 135.81 155.70 0.0923
124.43 429.34 148.27 159.06 0.0922
588.31 429.19 49.72 45.77 0.0909
477.38 0.00 48.94 33.97 0.0871
130.44 96.09 67.96 117.71 0.0866
497.97 507.14 189.33 183.99 0.0864
77.13 277.75 103.69 105.96 0.0855
589.16 443.32 64.24 62.21 0.0833
208.54 352.63 126.97 126.21 0.0830
620.14 399.12 79.33 77.89 0.0818
193.62 227.10 94.19 140.55 0.0817
515.92 434.42 64.90 63.55 0.0798
907.72 360.39 82.48 145.74 0.0783
470.91 390.93 92.17 87.80 0.0769
398.37 341.14 74.38 63.54 0.0766
411.39 232.46 124.75 173.44 0.0760
668.76 718.80 32.29 39.48 0.0754
576.67 398.41 78.44 80.70 0.0753
641.68 474.92 63.15 55.89 0.0743
789.89 323.26 66.08 100.81 0.0721
0.00 238.63 45.73 80.35 0.0712
634.71 407.19 113.58 118.20 0.0708
278.51 375.07 118.92 134.80 0.0692
0.00 179.16 49.15 78.60 0.0691
792.63 302.67 52.26 71.82 0.0680
666.78 476.80 62.32 62.27 0.0680
317.88 69.72 57.27 73.24 0.0667
291.94 362.59 75.81 62.25 0.0665
751.01 443.79 109.03 105.18 0.0661
150.79 286.95 140.74 181.78 0.0660
373.41 66.97 58.83 81.50 0.0653
558.50 329.32 135.87 136.45 0.0648
244.40 300.05 93.92 132.64 0.0647
303.37 102.91 87.75 154.12 0.0638
355.91 355.51 64.06 57.32 0.0635
234.16 427.09 106.78 116.75 0.0633
371.30 432.67 105.51 107.30 0.0630
473.37 5.58 46.69 71.10 0.0629
0.00 276.45 47.72 75.84 0.0625
0.00 350.55 29.18 70.60 0.0618
52.79 159.54 102.89 118.32 0.0606
832.07 518.48 91.14 134.93 0.0603
495.02 0.00 63.10 38.54 0.0593
873.79 491.52 76.69 138.96 0.0589
845.79 271.02 42.28 60.01 0.0585
714.02 448.72 56.70 64.04 0.0583
977.86 441.64 46.14 133.17 0.0574
145.35 0.00 61.95 51.43 0.0573
191.96 8.21 87.93 110.75 0.0573
603.46 529.17 159.23 184.62 0.0573
986.06 397.27 37.94 111.07 0.0567
642.52 502.20 57.22 64.00 0.0565
346.77 261.09 97.49 99.34 0.0562
722.43 462.29 64.35 82.52 0.0562
692.86 553.88 47.47 53.41 0.0562
180.66 0.00 74.03 68.64 0.0559
960.86 287.93 63.14 147.55 0.0549
170.47 88.59 70.29 104.50 0.0547
375.71 72.17 103.49 185.55 0.0546
841.38 590.25 103.42 131.47 0.0539
267.54 584.05 93.29 143.32 0.0538
641.00 316.60 91.50 112.58 0.0535
112.19 20.24 44.04 67.40 0.0527
652.27 219.44 65.39 95.02 0.0525
302.05 271.38 124.16 130.46 0.0521
294.48 427.13 133.16 162.83 0.0518
460.00 226.18 145.94 168.71 0.0515
420.14 58.13 90.28 157.80 0.0510
623.76 530.59 77.31 84.58 0.0509
980.13 150.68 43.87 100.27 0.0509
216.67 568.07 72.65 132.68 0.0503
770.00 567.51 150.90 174.10 0.0502
113.24 0.00 38.28 37.66 0.0502
686.16 403.68 116.92 137.16 0.0501
