0_Parade_marchingband_1_359
186
737.29 118.87 47.10 53.69 0.6550
853.52 134.25 33.44 39.76 0.5247
908.10 111.01 31.30 38.97 0.4416
168.40 168.45 39.49 52.87 0.4031
997.69 120.33 25.86 42.03 0.3740
878.70 117.14 33.78 41.75 0.3633
403.48 183.31 23.15 28.45 0.3388
486.57 182.61 22.61 24.10 0.3348
300.45 167.82 22.47 32.60 0.3063
297.33 153.30 22.71 36.73 0.3042
953.23 127.67 27.80 37.17 0.2780
122.16 156.22 26.23 31.57 0.2581
556.89 177.72 20.08 22.13 0.2557
452.06 200.80 17.23 20.25 0.2496
598.86 170.74 30.74 36.60 0.2469
657.43 173.50 34.07 44.35 0.2366
608.70 162.40 37.90 44.11 0.2175
47.60 209.26 25.44 32.35 0.2173
216.03 178.47 29.15 32.16 0.2169
630.53 102.94 21.14 25.70 0.2162
154.27 154.54 40.47 56.57 0.2147
594.50 184.52 26.95 38.84 0.2093
861.79 127.25 42.28 53.00 0.2093
620.66 216.80 44.01 44.04 0.1921
403.56 398.42 36.99 45.17 0.1904
593.78 125.29 20.96 26.12 0.1893
74.88 171.13 22.12 29.16 0.1834
644.19 181.64 45.17 58.59 0.1832
689.22 366.39 84.27 141.45 0.1804
5.37 203.31 19.16 26.23 0.1798
262.19 181.50 26.23 28.24 0.1785
154.88 195.54 44.23 57.82 0.1743
483.77 190.37 23.47 28.29 0.1657
615.05 189.55 43.43 54.08 0.1648
731.91 145.15 61.96 67.30 0.1593
701.40 325.17 124.68 235.59 0.1576
695.89 163.95 29.66 40.29 0.1568
545.08 370.57 54.68 90.94 0.1556
523.24 205.70 18.32 17.33 0.1523
299.95 198.20 26.78 36.72 0.1517
349.84 389.19 67.71 71.92 0.1492
556.45 379.20 27.54 40.31 0.1486
374.06 202.53 19.21 23.81 0.1459
625.91 195.35 60.92 66.78 0.1435
264.15 193.31 29.63 37.46 0.1424
553.52 200.51 23.08 23.87 0.1397
207.58 150.48 38.42 41.38 0.1371
722.94 207.46 64.27 72.71 0.1323
590.67 220.41 38.02 37.82 0.1319
801.66 114.14 31.38 35.37 0.1301
450.50 231.91 22.05 26.12 0.1299
46.53 176.25 20.40 24.45 0.1274
742.24 189.72 60.90 75.72 0.1258
287.97 369.68 94.35 89.16 0.1252
879.67 247.09 29.38 35.40 0.1241
358.93 321.71 44.75 40.11 0.1239
448.19 183.31 18.33 24.61 0.1220
850.67 109.71 39.79 53.09 0.1210
551.65 346.96 27.08 34.30 0.1169
472.03 250.96 36.80 31.70 0.1169
718.49 238.42 85.51 88.99 0.1163
626.25 110.12 26.30 36.14 0.1158
3.68 216.02 21.64 35.24 0.1150
552.66 228.46 30.03 30.76 0.1131
686.83 318.78 43.34 81.11 0.1123
832.72 287.49 53.16 62.91 0.1121
699.92 150.84 30.49 38.96 0.1117
947.53 97.49 35.54 49.55 0.1111
803.11 193.28 43.90 54.46 0.1093
658.58 97.01 28.36 31.27 0.1075
298.40 219.28 28.62 42.53 0.1072
43.97 155.84 18.53 25.53 0.1071
761.92 258.16 109.76 103.10 0.1068
329.57 327.37 40.46 38.84 0.1061
478.09 276.62 40.90 32.85 0.1042
616.03 290.76 35.92 32.02 0.1039
583.34 284.02 39.66 39.56 0.1038
155.59 229.71 43.07 57.31 0.1037
374.49 226.66 21.53 33.29 0.1032
298.80 243.78 24.93 36.03 0.1029
332.91 203.19 20.71 27.35 0.1005
449.72 246.59 25.71 28.79 0.0997
516.33 248.18 31.78 29.63 0.0994
804.07 170.51 46.19 51.16 0.0972
543.55 272.12 39.63 39.83 0.0961
583.80 244.56 37.48 38.67 0.0961
119.17 188.92 29.50 38.14 0.0959
517.15 334.98 42.33 48.80 0.0945
475.99 229.73 29.06 28.60 0.0945
546.55 247.26 37.46 40.14 0.0940
655.75 117.74 38.80 46.93 0.0927
69.50 192.14 28.36 36.43 0.0922
641.61 219.86 52.72 61.41 0.0920
696.03 181.64 40.40 53.18 0.0920
519.64 229.73 26.08 26.24 0.0909
282.34 132.75 37.88 55.40 0.0895
444.09 343.41 26.19 31.93 0.0895
950.30 348.10 26.24 37.46 0.0885
592.08 105.46 20.98 27.86 0.0870
661.80 370.92 47.51 95.63 0.0867
870.98 265.72 35.29 42.30 0.0863
551.21 102.43 25.52 29.70 0.0863
446.17 279.29 34.95 32.76 0.0862
7.11 177.77 20.14 31.13 0.0861
261.89 210.10 44.75 54.38 0.0855
376.12 183.64 21.61 31.95 0.0843
703.57 90.45 40.37 48.50 0.0833
190.94 212.59 60.96 78.60 0.0830
989.86 147.90 34.14 60.57 0.0829
807.25 142.02 37.28 41.81 0.0824
880.87 83.04 36.26 51.32 0.0816
912.14 81.91 40.87 58.90 0.0816
162.25 220.10 64.56 79.33 0.0814
396.52 442.46 38.51 39.18 0.0812
400.59 298.08 33.05 32.21 0.0808
545.42 445.57 46.68 45.31 0.0792
833.04 233.86 54.92 70.62 0.0791
703.33 116.77 40.33 51.98 0.0783
403.97 347.31 33.54 32.44 0.0769
568.72 447.91 59.38 57.27 0.0769
113.02 212.95 38.28 51.61 0.0768
186.66 385.95 40.01 89.67 0.0764
317.67 215.00 37.38 47.09 0.0757
687.77 347.01 48.82 109.30 0.0752
374.22 243.30 25.61 34.83 0.0736
506.37 377.60 74.15 105.78 0.0733
36.17 326.58 22.16 25.06 0.0729
735.09 76.90 32.39 34.07 0.0728
535.60 287.69 49.98 40.02 0.0726
395.02 471.10 35.47 32.34 0.0722
514.76 364.56 119.75 149.81 0.0715
794.25 224.98 77.59 90.33 0.0715
299.64 344.89 40.78 35.53 0.0714
522.26 181.50 17.15 23.58 0.0710
662.90 80.21 23.45 31.82 0.0690
5.16 128.21 19.56 27.98 0.0688
839.97 212.94 42.64 50.04 0.0688
339.39 179.92 16.92 24.71 0.0684
840.31 192.52 42.68 47.61 0.0681
7.25 148.91 19.97 31.52 0.0680
496.76 275.28 50.70 48.20 0.0673
367.26 274.02 37.14 49.27 0.0671
181.96 131.42 33.56 42.30 0.0669
189.25 373.59 30.11 51.31 0.0667
288.13 35.35 37.13 45.81 0.0667
700.23 76.88 32.40 44.46 0.0665
408.55 397.43 58.61 71.59 0.0662
332.80 305.73 41.54 46.68 0.0658
404.42 155.89 22.34 30.32 0.0654
886.31 0.00 74.35 36.87 0.0649
957.98 249.28 18.88 29.05 0.0647
14.01 326.22 24.04 27.85 0.0645
985.64 67.29 36.47 58.57 0.0642
140.86 133.33 33.69 43.58 0.0642
697.67 282.86 75.35 62.86 0.0641
592.40 484.07 33.05 24.58 0.0627
517.28 451.62 35.61 34.58 0.0626
955.11 150.66 39.96 58.05 0.0611
186.39 25.96 36.81 45.83 0.0606
397.20 324.47 43.05 40.05 0.0598
406.36 226.45 25.74 43.39 0.0589
628.21 83.58 26.41 40.46 0.0581
516.38 369.17 38.15 47.71 0.0577
315.23 237.64 43.15 49.01 0.0570
113.34 246.53 32.44 49.54 0.0566
543.84 331.15 38.95 43.20 0.0565
39.75 308.08 21.76 30.97 0.0559
175.02 233.68 77.67 114.60 0.0557
665.42 275.02 35.92 38.17 0.0554
874.86 288.55 35.49 44.85 0.0549
833.51 312.72 55.70 76.98 0.0548
527.09 0.00 77.61 83.10 0.0545
753.66 78.96 40.90 44.07 0.0545
515.74 486.65 23.06 16.27 0.0544
919.39 228.60 24.52 26.46 0.0538
256.63 225.42 53.07 74.68 0.0535
956.64 200.82 30.36 46.92 0.0531
788.96 293.56 91.98 128.46 0.0529
477.16 288.04 57.14 41.66 0.0523
487.21 487.15 22.67 19.03 0.0523
458.16 393.66 84.09 96.14 0.0520
79.04 352.76 24.53 31.24 0.0519
283.48 252.12 43.82 58.82 0.0509
996.91 0.00 27.09 33.38 0.0507
480.56 158.18 20.59 34.18 0.0501
3.16 234.25 25.32 47.59 0.0501
