0_Parade_marchingband_1_188
199
550.29 294.24 23.51 37.82 0.2672
997.21 246.98 21.16 32.37 0.2479
668.93 387.55 21.88 35.55 0.2371
765.45 209.11 25.33 41.68 0.2358
510.26 213.76 28.13 37.98 0.2282
332.51 226.02 20.72 22.86 0.2254
409.23 252.65 21.82 31.87 0.2141
43.35 423.98 27.54 61.74 0.2097
138.02 198.30 54.98 78.14 0.2075
480.37 209.09 34.41 44.44 0.1976
704.97 224.55 20.58 35.66 0.1929
501.33 188.71 38.79 51.42 0.1900
333.77 246.67 21.12 31.25 0.1877
188.83 472.74 26.41 46.23 0.1852
554.54 281.98 21.95 37.53 0.1707
442.66 333.03 24.77 38.30 0.1663
700.76 351.57 19.14 29.89 0.1655
481.80 322.79 23.32 32.02 0.1622
598.13 301.31 20.61 29.87 0.1613
595.08 325.03 21.71 33.44 0.1474
917.30 498.55 23.86 31.28 0.1462
704.09 334.25 16.97 29.34 0.1461
669.76 334.42 14.32 20.88 0.1458
333.25 265.63 20.96 33.32 0.1439
476.75 270.48 34.93 49.93 0.1419
888.38 156.21 21.81 30.73 0.1418
302.95 245.07 22.18 27.84 0.1417
854.85 415.25 19.88 32.66 0.1409
451.76 241.47 32.93 33.94 0.1395
781.99 364.61 15.22 27.94 0.1385
591.21 251.46 16.85 21.47 0.1383
595.54 277.05 16.58 24.62 0.1369
701.44 273.54 19.50 28.90 0.1340
480.19 295.13 30.95 45.97 0.1290
591.12 348.05 23.76 35.70 0.1286
231.45 271.53 28.46 38.01 0.1266
255.10 245.84 26.52 32.09 0.1231
253.06 269.22 29.72 38.20 0.1221
32.18 448.10 34.60 78.81 0.1210
668.52 358.49 18.15 27.36 0.1209
447.73 266.03 27.49 34.44 0.1199
777.33 271.83 19.72 29.09 0.1191
73.31 329.95 25.95 31.15 0.1139
175.72 189.09 42.76 68.45 0.1136
515.33 269.67 27.77 40.89 0.1119
621.31 321.06 24.84 33.60 0.1107
121.09 354.86 23.47 35.60 0.1093
781.52 374.97 16.37 33.25 0.1093
478.66 487.00 94.52 116.96 0.1090
480.90 171.95 42.48 52.21 0.1072
698.13 383.14 20.56 30.40 0.1065
304.53 323.24 20.66 31.13 0.1058
521.57 498.75 57.53 72.57 0.1054
619.11 300.29 25.15 33.07 0.1048
367.29 242.42 35.91 41.60 0.1035
227.07 144.39 20.84 24.49 0.1028
335.09 296.24 19.81 33.10 0.1020
443.94 300.90 27.04 39.16 0.1016
230.53 294.87 29.15 43.17 0.0989
671.64 302.05 18.46 26.95 0.0987
79.26 216.51 37.85 39.82 0.0985
596.38 410.63 22.44 30.40 0.0984
257.41 552.74 29.50 36.26 0.0982
519.67 356.81 17.39 25.41 0.0980
300.84 224.20 22.17 26.18 0.0979
555.32 249.39 22.39 31.22 0.0977
916.41 218.55 32.43 48.29 0.0968
780.90 411.95 17.53 32.28 0.0958
120.06 328.78 20.13 30.61 0.0956
705.30 407.05 17.57 29.12 0.0945
409.24 220.86 32.06 47.67 0.0942
666.98 249.74 18.58 27.47 0.0940
593.32 368.38 25.20 45.02 0.0935
303.33 265.07 26.48 39.16 0.0914
450.80 213.09 49.90 49.66 0.0912
696.83 296.04 20.99 29.81 0.0911
521.50 31.79 25.07 23.14 0.0911
621.06 355.94 27.41 35.14 0.0891
913.82 154.24 37.15 43.31 0.0885
247.92 293.56 36.27 50.25 0.0880
231.23 341.00 26.42 43.23 0.0873
404.17 307.62 33.31 50.69 0.0869
580.15 604.20 32.35 36.35 0.0861
110.41 295.73 26.48 39.35 0.0860
591.20 223.71 18.85 28.19 0.0858
193.32 427.23 34.24 67.76 0.0844
738.20 265.25 25.96 43.28 0.0836
330.99 321.26 26.95 41.81 0.0833
230.92 245.04 32.66 47.99 0.0822
304.87 302.36 25.26 36.10 0.0813
519.42 295.79 25.54 36.38 0.0812
837.57 167.90 33.95 41.02 0.0812
843.97 82.39 110.59 87.61 0.0804
77.20 578.97 26.71 29.05 0.0804
774.25 169.25 28.51 38.27 0.0803
919.49 184.33 36.35 47.72 0.0802
448.13 187.66 57.77 54.29 0.0798
148.66 318.39 24.23 36.87 0.0795
841.34 184.11 34.11 39.30 0.0794
667.89 271.46 19.17 31.30 0.0792
146.49 299.05 29.21 44.84 0.0784
736.37 224.46 32.75 58.46 0.0776
231.00 314.60 28.78 49.13 0.0772
569.84 486.51 54.15 69.29 0.0764
956.03 274.48 27.48 34.32 0.0761
744.13 213.58 33.02 48.67 0.0758
553.71 76.86 34.42 36.28 0.0752
224.61 181.27 26.59 40.55 0.0750
808.39 354.89 20.51 28.54 0.0745
594.85 430.24 26.50 44.33 0.0742
622.16 272.33 23.17 32.98 0.0742
254.56 219.65 30.30 41.03 0.0739
471.21 421.98 41.77 59.54 0.0730
470.03 441.03 52.06 84.00 0.0729
502.96 383.27 33.29 59.08 0.0729
0.00 573.30 31.78 49.74 0.0721
800.84 181.05 38.68 49.68 0.0719
32.81 364.17 35.29 75.16 0.0717
879.42 363.43 21.47 37.82 0.0714
628.61 247.61 18.75 26.60 0.0695
37.69 575.92 41.08 48.73 0.0689
523.12 323.18 22.83 34.35 0.0689
850.80 361.87 19.21 31.94 0.0683
522.70 102.84 31.96 32.75 0.0681
476.78 376.66 30.60 43.02 0.0680
616.37 425.34 30.12 48.05 0.0680
371.94 254.17 40.29 48.15 0.0678
107.18 261.77 41.96 53.06 0.0677
228.26 165.27 19.30 26.40 0.0675
957.42 498.69 19.99 33.84 0.0674
34.52 275.50 27.96 45.44 0.0666
851.51 380.87 19.31 35.41 0.0663
4.66 459.31 44.15 86.96 0.0662
476.39 397.71 41.47 61.18 0.0660
992.65 491.68 21.39 27.56 0.0660
223.05 193.56 35.10 56.73 0.0659
120.29 362.17 33.04 48.52 0.0659
294.71 105.44 31.48 27.64 0.0650
553.30 58.28 38.64 41.03 0.0648
808.08 168.86 27.93 36.05 0.0647
594.69 462.89 27.46 39.98 0.0643
553.48 30.61 35.41 30.24 0.0642
802.11 20.51 196.93 115.00 0.0637
220.14 551.96 39.60 49.29 0.0634
285.96 519.85 35.79 45.68 0.0634
500.06 539.47 94.98 93.38 0.0629
737.73 385.64 19.49 32.13 0.0625
949.93 243.83 31.32 38.11 0.0621
42.62 438.96 57.56 81.79 0.0613
520.64 53.81 33.58 31.82 0.0605
704.34 193.76 23.33 32.46 0.0604
791.67 199.79 48.92 64.18 0.0603
593.27 482.59 33.90 46.27 0.0603
182.30 302.84 29.50 40.81 0.0596
736.74 287.34 25.61 45.52 0.0590
37.45 308.10 24.19 47.00 0.0588
248.79 496.70 29.29 31.73 0.0588
38.78 350.73 26.67 46.17 0.0586
404.05 183.09 59.92 73.97 0.0586
556.99 376.31 24.07 38.57 0.0583
112.73 577.33 23.61 27.51 0.0579
246.50 317.70 37.32 49.01 0.0577
951.59 510.22 26.27 38.79 0.0574
473.22 346.19 29.41 33.87 0.0574
780.89 428.09 20.86 38.61 0.0573
442.27 469.48 92.14 114.02 0.0567
731.43 355.13 23.23 30.18 0.0566
996.39 470.01 20.25 30.63 0.0565
915.33 475.43 26.31 46.30 0.0562
264.01 168.48 20.04 26.33 0.0562
990.22 134.94 33.78 66.63 0.0560
181.40 494.47 38.06 60.89 0.0559
282.38 540.96 36.22 37.98 0.0557
79.09 5.46 26.53 20.68 0.0556
541.54 211.44 35.21 43.44 0.0555
987.21 172.98 36.79 69.77 0.0548
525.89 182.67 57.11 67.54 0.0547
261.90 110.53 26.12 23.40 0.0547
329.47 198.27 26.25 37.05 0.0545
183.85 549.83 35.23 51.44 0.0543
479.91 73.42 54.97 41.92 0.0542
920.41 270.40 26.07 41.15 0.0540
914.97 135.28 33.78 36.28 0.0540
65.12 294.53 40.33 47.63 0.0537
522.84 73.86 42.12 37.09 0.0530
939.67 182.74 41.91 52.88 0.0527
732.09 400.24 24.02 39.50 0.0524
731.32 322.75 23.70 37.24 0.0523
149.07 570.02 38.54 39.44 0.0521
838.24 196.44 37.95 52.97 0.0519
250.64 517.45 36.03 50.08 0.0515
558.39 351.99 28.33 34.78 0.0515
555.53 101.06 35.26 36.71 0.0514
330.90 455.22 34.89 44.39 0.0511
143.08 349.84 27.00 38.95 0.0511
743.34 161.55 25.17 30.57 0.0509
937.44 153.31 47.77 58.50 0.0509
743.69 189.89 29.03 40.49 0.0507
69.99 265.05 44.72 49.30 0.0502
