50_Celebration_Or_Party_birthdayparty_50_479
200
365.29 557.69 93.27 156.80 0.8379
473.48 272.81 156.29 194.57 0.3965
444.31 267.70 34.03 45.86 0.3749
908.36 578.57 29.81 41.61 0.3610
74.92 51.94 51.32 78.21 0.3507
174.87 322.37 32.62 49.74 0.3449
257.34 402.64 27.36 33.28 0.3036
157.96 414.27 53.10 36.14 0.2847
336.07 413.73 27.22 35.83 0.2836
217.89 281.01 30.16 46.92 0.2207
837.13 294.79 89.42 61.27 0.2108
157.80 331.68 36.94 43.34 0.2080
495.70 273.42 86.96 113.74 0.2042
627.84 152.82 34.22 34.84 0.2027
0.00 8.67 25.09 51.93 0.2005
301.37 3.25 23.38 28.22 0.1978
409.69 21.47 21.20 29.28 0.1952
230.53 2.57 26.73 23.56 0.1945
302.13 319.73 35.84 46.56 0.1944
252.80 2.26 28.56 23.77 0.1860
114.93 378.03 29.89 29.44 0.1842
253.72 381.18 35.80 40.97 0.1841
821.83 519.21 45.31 67.51 0.1840
108.30 17.08 40.88 67.24 0.1820
390.24 434.46 39.99 57.47 0.1806
450.24 265.11 78.76 136.93 0.1798
255.44 357.04 32.95 43.73 0.1796
9.37 68.17 37.14 56.11 0.1765
147.11 26.44 26.90 34.03 0.1761
264.33 541.94 27.37 33.64 0.1722
219.18 405.61 36.92 32.16 0.1704
886.46 579.57 52.65 66.66 0.1703
22.50 62.60 57.80 73.20 0.1681
700.88 128.38 28.97 36.71 0.1666
517.60 112.62 28.51 19.75 0.1665
117.64 307.46 20.98 32.03 0.1639
266.27 654.62 45.91 70.35 0.1637
331.40 518.24 89.83 95.79 0.1616
319.70 339.97 36.47 48.27 0.1609
115.69 2.27 33.74 39.25 0.1608
878.55 141.58 101.44 68.31 0.1539
550.72 138.02 59.53 52.63 0.1521
880.22 300.22 68.00 57.74 0.1518
446.50 87.01 23.48 25.56 0.1510
586.45 83.43 27.92 26.14 0.1507
186.44 659.46 35.56 31.88 0.1496
224.36 26.66 24.67 27.05 0.1491
117.12 318.43 27.47 36.39 0.1489
0.00 45.89 34.43 62.77 0.1487
814.30 277.03 74.09 65.08 0.1484
362.04 418.71 63.91 77.25 0.1482
662.72 146.93 46.39 43.84 0.1477
285.28 401.18 35.21 38.87 0.1473
874.16 564.33 93.08 140.78 0.1464
617.52 136.72 38.60 43.60 0.1448
936.32 273.66 65.24 60.32 0.1446
187.90 28.74 27.38 36.53 0.1444
165.02 388.08 52.19 43.00 0.1440
30.23 458.78 32.46 40.11 0.1438
304.00 21.50 29.21 34.89 0.1434
252.41 25.65 29.26 29.70 0.1432
30.06 23.59 83.33 117.26 0.1430
44.37 0.00 46.60 44.99 0.1426
446.61 105.37 29.40 25.18 0.1417
585.53 109.46 36.31 25.85 0.1406
995.42 555.25 28.54 56.50 0.1405
149.61 4.22 26.41 30.68 0.1404
41.79 4.96 62.67 81.43 0.1402
939.47 479.74 46.12 49.74 0.1401
310.39 301.48 45.61 64.62 0.1396
251.01 329.59 33.94 41.53 0.1396
324.63 1.29 34.53 43.80 0.1393
140.06 48.57 38.62 62.84 0.1389
226.68 322.24 33.76 41.64 0.1367
410.93 349.94 30.65 49.59 0.1366
480.51 531.57 36.42 38.17 0.1346
887.86 170.27 64.67 48.24 0.1341
436.41 316.55 80.78 115.45 0.1331
389.32 403.32 49.96 66.74 0.1324
863.58 119.28 87.96 54.14 0.1324
187.72 50.32 33.49 40.15 0.1321
212.29 422.58 46.99 42.30 0.1315
662.29 553.32 29.08 34.02 0.1312
326.06 407.96 79.16 98.83 0.1310
477.27 107.80 35.44 25.58 0.1299
778.19 163.30 28.28 27.35 0.1298
113.08 627.59 39.91 36.52 0.1296
292.67 381.80 29.30 32.47 0.1295
7.65 449.69 28.03 40.99 0.1284
906.08 277.01 51.44 46.24 0.1265
480.00 88.14 24.06 23.55 0.1259
320.21 20.10 33.48 41.46 0.1257
507.91 534.35 30.41 33.81 0.1255
525.04 259.03 82.22 85.51 0.1254
454.20 171.91 61.44 55.33 0.1242
224.51 387.51 36.76 33.19 0.1232
322.38 471.19 114.17 116.31 0.1231
598.97 94.02 53.91 51.83 0.1228
367.03 453.32 81.20 93.35 0.1214
367.19 326.80 29.08 49.92 0.1202
548.74 113.32 30.81 24.22 0.1195
883.84 29.32 31.50 27.92 0.1184
928.21 243.63 70.99 55.62 0.1180
133.11 619.42 47.13 47.12 0.1161
172.67 710.35 67.12 57.65 0.1160
465.09 237.32 66.07 80.85 0.1156
529.52 223.31 87.41 85.47 0.1155
71.39 332.31 25.58 33.88 0.1149
252.55 416.90 31.35 41.89 0.1144
293.48 56.78 26.93 37.21 0.1142
332.98 377.41 29.61 39.44 0.1135
356.89 9.29 41.03 51.74 0.1134
776.10 139.50 30.52 30.09 0.1133
510.11 133.05 41.10 36.63 0.1132
111.82 604.22 48.86 46.21 0.1115
912.76 165.99 78.72 56.15 0.1115
142.72 563.60 42.95 39.90 0.1108
621.05 362.52 27.86 48.28 0.1105
189.09 2.48 23.04 22.71 0.1103
576.22 126.52 54.00 49.16 0.1101
330.85 652.59 88.22 96.02 0.1098
903.28 238.27 62.19 52.97 0.1093
301.26 276.20 32.64 40.47 0.1084
155.50 308.42 34.00 48.13 0.1059
373.02 93.56 37.23 37.56 0.1050
462.95 150.23 55.01 47.63 0.1043
4.54 349.29 23.14 43.55 0.1041
401.66 104.69 31.78 28.12 0.1041
214.38 51.20 31.62 34.48 0.1041
184.91 71.17 40.48 41.36 0.1038
521.43 86.49 25.94 23.62 0.1034
432.29 505.24 48.90 57.74 0.1024
357.72 642.24 113.14 111.63 0.1022
3.02 369.52 23.30 46.40 0.1019
957.69 560.52 33.09 49.11 0.1014
693.74 145.81 35.32 43.78 0.1013
160.23 428.81 62.31 59.66 0.1011
426.35 207.99 61.96 75.51 0.1011
868.19 91.03 144.09 106.52 0.1011
994.33 594.59 29.67 103.47 0.1001
362.44 273.40 31.69 39.60 0.0995
181.24 660.64 54.82 61.19 0.0990
546.83 84.25 26.11 22.67 0.0990
395.63 519.55 84.44 94.63 0.0989
326.73 39.33 30.38 40.42 0.0989
938.72 299.95 57.10 53.61 0.0985
224.56 347.14 40.44 46.31 0.0981
982.89 441.99 37.68 56.56 0.0979
4.32 248.80 22.05 37.46 0.0978
801.57 249.34 51.20 43.00 0.0972
264.67 685.40 48.86 69.64 0.0970
7.39 327.30 23.13 42.29 0.0964
115.73 403.77 39.43 34.33 0.0963
407.23 259.33 44.27 53.29 0.0962
547.72 519.01 27.09 33.92 0.0960
731.24 111.70 36.26 39.82 0.0958
45.81 330.38 28.20 43.58 0.0957
981.96 319.88 39.35 47.24 0.0950
259.25 560.79 41.50 53.04 0.0943
405.50 45.53 26.79 43.33 0.0943
805.01 712.94 32.92 29.30 0.0941
401.05 278.19 48.38 68.60 0.0931
475.59 492.05 35.57 43.91 0.0931
361.82 288.67 33.97 51.22 0.0930
110.88 645.48 43.23 39.87 0.0926
993.44 347.33 30.56 51.41 0.0925
798.00 135.48 37.87 32.74 0.0917
931.09 569.17 58.96 98.33 0.0910
657.50 557.84 42.17 56.00 0.0909
549.66 172.44 75.67 68.82 0.0907
515.24 495.58 32.88 46.23 0.0904
811.60 492.53 37.51 38.44 0.0902
872.26 66.58 127.27 76.31 0.0900
0.00 103.62 36.56 80.91 0.0897
260.44 44.18 34.85 44.69 0.0897
887.08 182.30 75.91 68.96 0.0893
830.92 590.77 38.48 48.95 0.0889
440.24 25.72 25.16 29.91 0.0888
903.55 27.73 42.01 33.24 0.0884
617.37 79.15 37.49 42.95 0.0882
1.40 401.24 25.88 40.08 0.0877
435.79 458.18 41.78 51.44 0.0871
654.66 184.75 40.10 39.44 0.0869
614.66 207.16 44.46 48.77 0.0868
445.62 192.77 84.39 90.89 0.0868
191.79 276.23 34.07 52.78 0.0867
724.77 125.20 38.05 39.94 0.0863
82.60 297.91 22.98 29.96 0.0862
843.18 628.22 41.53 74.95 0.0855
333.73 84.73 25.90 29.90 0.0854
821.39 242.68 70.03 55.13 0.0850
621.15 186.20 41.68 51.45 0.0845
904.09 551.19 46.77 64.05 0.0839
6.84 265.96 21.47 34.60 0.0838
932.79 723.29 59.42 44.71 0.0837
248.24 716.46 65.35 51.54 0.0835
30.84 443.12 32.18 37.53 0.0827
647.13 520.82 40.41 44.12 0.0822
201.95 556.54 61.94 70.73 0.0820
466.17 133.86 49.33 43.21 0.0820
