50_Celebration_Or_Party_houseparty_50_488
33
607.92 111.68 212.13 242.07 0.8776
320.76 102.48 227.19 250.41 0.7498
252.99 266.00 165.09 321.71 0.1986
392.32 458.51 129.20 238.33 0.1835
944.30 114.16 27.38 33.59 0.1594
865.34 545.48 41.55 73.87 0.1474
286.84 107.77 69.36 127.04 0.1108
987.41 246.42 33.14 60.71 0.1061
924.28 110.83 29.04 34.91 0.1057
875.64 521.07 32.94 50.25 0.1021
879.84 128.20 33.84 38.19 0.0948
267.70 30.87 154.10 155.52 0.0848
715.19 545.39 68.07 40.46 0.0833
380.60 202.11 257.43 392.39 0.0781
706.53 549.17 100.26 60.73 0.0769
666.30 530.41 105.68 56.77 0.0738
905.58 122.82 48.64 67.29 0.0722
886.16 542.28 65.10 111.50 0.0713
292.36 73.00 86.99 99.26 0.0703
199.05 98.83 160.75 253.33 0.0675
195.53 132.86 305.80 449.62 0.0658
299.85 53.68 69.56 66.49 0.0636
796.89 132.51 83.33 105.72 0.0631
418.09 163.83 151.23 193.78 0.0570
842.53 101.34 31.59 33.65 0.0564
816.63 525.85 92.25 124.58 0.0563
883.54 182.78 62.44 90.33 0.0541
198.73 253.12 151.16 379.07 0.0536
667.43 542.46 188.07 113.41 0.0529
873.28 490.53 46.56 69.72 0.0524
990.40 422.56 33.60 103.38 0.0519
182.29 286.90 59.33 113.76 0.0514
257.20 475.03 122.38 202.53 0.0507
