4_Dancing_Dancing_4_1029
20
539.85 120.64 484.15 259.07 0.2471
370.14 72.30 504.27 223.18 0.2390
272.00 142.81 407.27 227.60 0.1489
567.56 587.46 456.44 487.54 0.0857
362.28 164.31 522.71 383.52 0.0652
572.93 205.76 451.07 547.37 0.0619
24.55 21.98 17.49 71.69 0.0575
252.91 443.58 440.59 497.72 0.0523
147.31 125.95 220.36 263.31 0.0484
209.20 75.07 396.21 210.45 0.0476
178.81 160.37 452.90 408.28 0.0367
69.98 6.10 229.23 115.19 0.0359
119.59 93.99 261.85 149.47 0.0338
284.19 24.28 385.09 100.55 0.0291
605.24 8.94 418.76 121.29 0.0288
41.33 33.47 135.41 55.72 0.0287
161.20 321.19 342.21 534.80 0.0263
12.79 78.93 45.56 165.33 0.0262
111.02 37.86 279.16 63.89 0.0249
25.09 129.08 20.74 275.60 0.0226
