4_Dancing_Dancing_4_194
15
376.44 421.07 342.26 263.93 0.4116
606.82 408.19 417.18 276.81 0.2350
113.91 401.41 432.57 283.59 0.1179
576.02 199.84 447.98 357.39 0.0519
99.60 394.19 166.22 290.81 0.0398
87.24 86.24 332.94 161.68 0.0390
63.87 64.90 375.34 91.65 0.0351
3.11 399.86 68.75 285.14 0.0351
348.09 66.65 535.99 79.67 0.0300
0.00 2.38 60.25 80.41 0.0268
599.92 23.72 424.08 167.90 0.0238
89.02 221.85 188.74 311.21 0.0231
51.02 53.25 118.02 111.73 0.0225
19.17 38.23 32.90 132.73 0.0211
61.29 382.85 100.60 302.15 0.0207
