4_Dancing_Dancing_4_718
33
565.87 99.48 458.13 268.61 0.4535
581.58 633.77 442.42 730.76 0.3160
584.90 243.35 439.10 561.61 0.2501
600.64 38.95 423.36 118.26 0.2064
406.13 189.40 433.66 359.74 0.1326
96.29 196.71 172.86 377.98 0.1238
347.42 108.95 406.09 265.05 0.1223
126.97 101.21 407.61 256.42 0.0951
37.43 224.41 146.21 338.02 0.0924
422.69 36.83 400.35 134.57 0.0768
270.33 647.95 410.68 683.65 0.0747
116.34 159.41 424.78 426.13 0.0722
186.52 25.69 426.63 158.16 0.0661
4.44 206.43 73.97 361.98 0.0627
359.11 906.85 378.42 629.15 0.0612
102.34 125.23 163.47 221.61 0.0595
122.87 250.33 264.22 533.03 0.0533
130.57 50.92 254.92 89.41 0.0521
1.22 10.35 70.25 163.96 0.0495
380.64 540.34 475.12 604.59 0.0472
102.96 16.36 160.55 149.90 0.0439
157.08 949.21 342.62 586.79 0.0431
0.00 75.57 79.98 314.90 0.0428
12.11 983.03 53.47 552.97 0.0412
29.91 109.50 158.10 263.73 0.0404
342.96 251.94 416.75 542.81 0.0403
107.40 1007.17 152.37 528.83 0.0324
53.64 15.04 116.68 145.94 0.0321
89.68 312.09 192.48 715.05 0.0289
0.00 312.20 76.51 737.73 0.0239
153.03 602.66 207.48 783.06 0.0226
118.93 299.33 420.94 761.26 0.0205
61.14 963.05 102.79 572.95 0.0201
