51_Dresses_wearingdress_51_221
21
595.83 47.24 428.17 164.78 0.7838
584.78 102.96 439.22 337.88 0.5265
581.76 23.36 442.24 65.69 0.3210
245.91 168.32 460.11 216.67 0.3068
147.89 106.51 509.68 201.90 0.2834
602.62 262.79 421.38 364.89 0.2094
158.20 108.10 203.32 193.85 0.1933
13.97 527.70 48.27 292.30 0.1680
120.22 529.44 117.57 290.56 0.1558
66.50 507.99 87.95 312.01 0.1498
367.60 133.39 510.91 188.89 0.1415
126.52 504.07 255.12 315.93 0.1114
615.32 492.89 408.68 327.11 0.1103
165.16 70.90 328.70 141.74 0.1021
400.94 349.20 436.39 470.80 0.0959
206.05 492.50 389.35 327.50 0.0616
412.12 144.45 416.40 430.20 0.0537
114.04 349.24 138.37 362.49 0.0504
94.98 145.49 193.90 275.03 0.0473
19.07 358.69 42.07 353.15 0.0314
170.97 170.16 173.52 371.03 0.0244
