51_Dresses_wearingdress_51_727
26
593.29 56.49 430.71 116.26 0.7384
618.41 16.57 405.59 66.89 0.5789
602.48 76.37 421.52 242.34 0.5279
236.67 107.26 476.61 192.38 0.3916
549.72 20.23 292.15 55.37 0.3314
423.02 62.95 398.71 116.33 0.3310
400.83 105.99 438.19 342.81 0.2500
232.61 68.16 336.48 148.29 0.1984
613.31 186.12 410.69 358.45 0.1708
121.16 441.03 121.84 378.97 0.1671
44.36 416.65 143.30 403.35 0.0960
179.27 170.64 157.82 218.58 0.0928
97.43 438.35 317.84 381.65 0.0908
139.70 127.00 242.93 164.13 0.0887
347.17 24.06 409.48 54.57 0.0826
154.66 151.23 356.97 247.55 0.0690
0.00 471.06 78.60 348.94 0.0628
595.04 475.57 428.96 344.43 0.0510
309.17 400.13 485.08 419.87 0.0368
133.17 62.51 260.17 141.89 0.0344
245.04 18.30 314.44 77.24 0.0311
98.31 164.45 186.66 249.78 0.0292
403.30 234.32 438.35 406.19 0.0281
25.10 459.78 16.73 360.22 0.0242
240.85 146.59 478.07 402.85 0.0214
418.87 134.93 413.61 135.06 0.0211
