14_Traffic_Traffic_14_728
54
305.51 77.29 56.15 54.81 0.6874
703.04 97.05 35.09 39.82 0.5906
7.75 95.70 48.28 53.16 0.5214
898.28 71.88 43.42 44.82 0.5194
486.38 422.89 126.25 131.69 0.2637
992.89 93.51 30.89 54.42 0.2435
852.29 132.81 33.28 39.55 0.2073
922.17 85.57 55.47 60.42 0.2039
386.98 351.84 260.98 239.59 0.1887
294.71 377.97 24.27 29.79 0.1747
130.54 211.87 170.96 187.52 0.1498
715.77 132.37 45.62 44.95 0.1398
876.54 89.69 47.63 61.32 0.1276
616.92 119.07 34.30 32.85 0.1032
884.23 399.19 30.88 65.70 0.0964
85.59 165.19 189.55 161.91 0.0886
0.00 134.46 39.51 68.24 0.0866
592.81 121.54 33.39 36.90 0.0841
991.29 46.34 31.36 47.31 0.0840
665.07 100.19 38.30 47.57 0.0768
835.55 464.76 89.74 136.76 0.0754
355.49 114.07 46.19 63.61 0.0750
447.77 296.89 183.92 202.79 0.0744
694.73 120.94 90.30 94.05 0.0736
714.16 92.02 163.28 192.37 0.0731
395.10 133.58 34.89 40.00 0.0709
782.71 100.84 86.56 98.39 0.0692
679.42 147.63 61.32 61.54 0.0688
657.05 129.51 52.28 58.57 0.0677
532.33 412.79 191.12 164.73 0.0666
610.00 347.59 169.30 179.94 0.0659
749.47 416.78 151.73 221.54 0.0655
991.61 12.18 30.24 41.84 0.0649
91.92 427.07 80.95 108.44 0.0646
933.61 95.92 63.65 78.05 0.0640
730.60 89.20 103.37 121.78 0.0617
842.13 129.71 49.93 68.81 0.0616
924.62 53.14 54.06 55.08 0.0602
410.03 184.00 187.68 199.22 0.0592
180.51 190.35 118.51 124.06 0.0571
776.51 144.83 120.85 223.25 0.0569
668.34 153.39 136.62 189.49 0.0563
866.02 533.02 52.04 78.76 0.0557
610.90 280.49 39.21 52.08 0.0543
26.58 184.01 46.49 62.19 0.0543
272.76 318.34 72.72 89.89 0.0540
489.88 253.03 113.40 139.29 0.0523
242.97 226.23 127.86 166.01 0.0517
580.94 471.66 107.39 95.41 0.0513
70.17 391.49 71.81 81.05 0.0511
749.16 282.79 130.05 154.93 0.0510
942.37 497.82 42.09 55.60 0.0508
10.57 109.94 67.91 104.77 0.0506
212.03 468.22 71.38 68.49 0.0501
