33_Running_Running_33_891
34
422.88 110.58 148.03 206.51 0.9449
168.36 283.06 96.34 87.87 0.2693
218.81 220.88 29.81 26.53 0.1980
805.35 399.24 68.15 88.72 0.1434
486.01 443.79 191.05 271.74 0.1171
698.24 190.79 32.39 49.28 0.1170
825.06 232.29 55.25 75.22 0.1071
104.03 323.30 48.61 59.07 0.1057
723.78 179.75 45.53 58.76 0.1033
154.19 292.95 48.47 80.66 0.0975
751.41 175.01 48.71 54.19 0.0941
207.31 223.37 51.26 62.79 0.0884
596.68 183.63 54.12 95.02 0.0853
186.60 217.14 39.10 37.24 0.0816
752.84 194.52 52.87 59.45 0.0816
807.63 195.82 64.80 56.59 0.0807
774.59 419.41 58.68 78.50 0.0767
873.13 218.38 52.20 67.05 0.0759
275.36 456.19 339.28 311.81 0.0759
762.40 214.43 62.84 83.08 0.0726
728.50 230.18 48.45 56.13 0.0691
188.20 197.55 26.91 23.86 0.0671
680.28 557.41 139.76 114.52 0.0664
784.51 224.99 80.54 94.19 0.0642
725.73 117.22 40.05 50.38 0.0637
738.42 66.56 38.55 53.06 0.0633
694.52 228.91 40.20 51.70 0.0629
557.95 185.02 101.73 124.28 0.0618
216.72 199.01 31.71 33.52 0.0616
643.60 182.57 66.83 83.95 0.0602
765.03 130.59 47.70 61.26 0.0594
732.86 89.11 35.44 49.33 0.0539
544.23 523.31 228.13 188.52 0.0537
809.88 278.65 63.98 60.54 0.0504
