33_Running_Running_33_771
73
340.51 125.31 90.36 151.68 0.8332
429.03 336.40 87.70 142.31 0.6575
228.62 504.63 54.49 147.26 0.4707
576.25 658.19 49.85 167.78 0.3720
24.64 843.36 36.55 102.97 0.2899
840.34 225.20 149.41 320.06 0.2572
931.08 248.65 80.63 249.46 0.1763
519.21 148.48 68.99 160.60 0.1419
6.45 872.33 47.45 135.07 0.1407
1.20 948.34 68.88 224.18 0.1340
156.57 352.58 72.11 148.73 0.1319
63.93 538.00 39.36 74.33 0.1287
68.89 1092.50 58.41 145.38 0.1269
66.18 891.55 43.80 130.39 0.1197
191.69 372.98 61.24 141.94 0.1176
383.75 229.48 88.95 165.16 0.1169
65.41 633.91 39.75 101.74 0.1156
174.03 445.16 55.25 102.52 0.1143
97.81 556.84 62.94 166.32 0.1105
185.03 189.23 33.72 36.65 0.1087
110.25 749.59 54.37 136.55 0.1063
177.21 485.69 69.36 160.11 0.1060
77.05 821.34 41.08 93.69 0.1048
56.80 579.81 48.98 111.72 0.1046
303.16 760.11 105.54 222.85 0.1017
527.98 683.12 76.18 220.71 0.1003
107.34 685.61 54.86 134.29 0.0974
218.91 185.17 31.37 36.72 0.0956
0.00 1141.73 35.72 119.14 0.0952
40.68 773.77 34.05 78.04 0.0926
703.06 149.08 208.40 489.79 0.0907
22.50 1018.96 77.47 204.41 0.0874
94.60 621.29 56.47 165.73 0.0846
1.09 1210.14 31.98 104.50 0.0835
118.54 362.41 68.42 117.00 0.0803
268.70 506.34 62.53 150.17 0.0794
64.03 1092.25 90.59 246.74 0.0794
172.74 227.11 53.39 57.06 0.0791
370.81 161.76 104.60 144.29 0.0781
56.12 950.01 58.12 144.17 0.0781
258.71 129.04 37.32 45.11 0.0765
132.20 564.12 67.47 131.97 0.0760
1.69 768.50 33.49 81.43 0.0745
442.05 329.83 175.19 243.36 0.0739
265.41 466.39 57.73 107.78 0.0728
536.79 546.95 93.13 215.27 0.0717
67.71 479.63 45.97 75.77 0.0715
70.18 742.60 43.97 106.29 0.0711
322.78 535.97 48.13 115.54 0.0707
175.51 684.87 42.24 113.71 0.0656
142.82 857.60 50.85 156.16 0.0652
92.55 220.54 113.73 94.38 0.0647
101.17 1108.21 85.60 270.02 0.0641
353.81 348.68 79.11 160.80 0.0637
904.93 297.82 101.35 323.72 0.0617
220.10 664.64 44.67 125.44 0.0616
180.13 569.26 47.82 143.05 0.0614
292.18 173.54 49.24 77.43 0.0608
92.76 140.94 101.87 89.64 0.0608
358.54 1045.88 102.92 325.20 0.0602
6.44 530.68 23.60 71.36 0.0601
369.00 778.44 74.43 156.32 0.0595
84.91 870.17 57.89 161.76 0.0594
593.09 374.44 82.78 232.16 0.0592
174.80 745.39 44.08 117.19 0.0590
293.24 120.49 51.34 73.35 0.0572
243.05 404.26 55.54 138.20 0.0568
44.86 674.23 49.85 92.65 0.0568
357.10 717.79 114.74 274.46 0.0540
255.27 178.48 42.36 49.94 0.0533
142.76 290.60 78.36 122.20 0.0525
157.86 776.15 59.65 154.68 0.0518
108.04 114.99 77.05 74.47 0.0512
