33_Running_Running_33_316
200
847.36 186.15 52.73 84.09 0.8048
395.24 184.71 42.75 58.95 0.7933
757.33 147.46 45.24 76.98 0.7850
618.54 169.14 45.19 75.77 0.7016
152.45 190.94 26.06 43.08 0.6377
219.00 163.52 27.32 55.55 0.5833
524.66 229.58 32.72 46.97 0.5165
263.41 165.00 29.79 58.00 0.4833
814.83 115.63 24.38 33.33 0.4732
474.52 231.22 31.70 38.84 0.4577
341.24 172.78 39.18 53.98 0.4481
704.48 139.26 24.47 42.68 0.3821
650.19 175.85 36.72 62.63 0.3802
282.98 216.18 38.71 64.17 0.3780
362.38 172.74 35.63 61.24 0.3774
660.72 133.97 31.30 53.90 0.3325
182.65 118.98 26.43 39.51 0.3241
215.07 456.53 41.75 82.33 0.3015
84.49 187.85 20.23 37.35 0.2893
256.53 417.21 70.55 148.25 0.2801
288.64 386.92 51.66 111.33 0.2774
740.72 471.68 93.62 141.72 0.2688
362.66 146.34 32.50 57.57 0.2590
659.67 117.31 29.01 46.63 0.2564
850.19 116.44 17.43 24.00 0.2555
337.82 150.83 33.41 61.40 0.2415
407.14 135.82 38.50 56.38 0.2410
38.01 114.58 20.61 28.53 0.2407
882.44 119.75 21.18 22.55 0.2383
112.91 121.47 19.92 33.88 0.2361
549.17 317.75 38.34 51.08 0.2320
174.27 444.78 52.45 109.12 0.2269
700.12 157.44 28.24 53.81 0.2264
595.17 193.12 48.84 70.54 0.2215
43.51 168.44 15.85 31.06 0.2109
882.16 131.48 28.16 46.24 0.2092
160.76 236.17 43.43 64.12 0.2063
311.00 350.74 41.96 57.34 0.1992
375.56 114.53 21.08 29.35 0.1991
411.11 116.35 29.61 35.41 0.1978
912.79 143.25 24.35 31.82 0.1965
324.37 279.83 32.25 55.69 0.1965
558.30 128.17 23.76 36.70 0.1913
400.74 320.89 31.07 49.65 0.1900
301.30 287.49 33.64 49.29 0.1885
263.25 400.11 57.20 95.78 0.1854
428.45 141.09 33.57 47.82 0.1841
83.86 146.34 21.48 33.75 0.1820
511.24 286.03 41.66 69.83 0.1813
269.43 193.45 44.07 76.18 0.1758
141.13 274.66 41.70 70.19 0.1736
513.10 138.50 27.41 34.87 0.1736
11.88 168.07 19.30 33.56 0.1708
156.71 112.39 26.74 38.32 0.1687
484.36 120.91 20.32 28.25 0.1677
330.69 249.66 30.50 62.99 0.1675
332.29 439.30 43.22 116.49 0.1675
263.28 115.01 29.01 43.13 0.1669
42.57 143.14 18.21 33.12 0.1620
485.12 132.86 25.70 36.61 0.1598
839.83 332.41 35.96 58.44 0.1598
912.57 219.49 35.61 48.17 0.1590
573.42 236.46 41.81 66.10 0.1583
155.37 134.94 25.88 42.17 0.1569
632.21 108.01 28.09 42.33 0.1535
771.28 119.75 30.65 50.07 0.1521
225.90 113.74 20.71 34.66 0.1515
341.91 424.09 51.70 95.92 0.1503
187.52 83.86 22.08 35.66 0.1489
411.14 163.26 52.95 57.82 0.1479
10.33 145.31 22.79 37.88 0.1471
593.54 139.46 34.09 51.67 0.1431
291.74 106.65 25.43 40.78 0.1403
764.09 303.11 31.91 38.61 0.1400
79.75 117.11 24.43 38.72 0.1393
409.77 92.17 17.12 20.12 0.1392
502.42 161.81 40.74 55.88 0.1383
279.64 164.26 38.81 70.50 0.1382
291.76 466.90 38.71 94.73 0.1373
302.84 368.07 54.00 105.13 0.1356
685.12 492.66 88.62 128.33 0.1352
534.50 279.36 46.67 68.66 0.1349
912.99 166.26 30.74 42.60 0.1347
277.95 137.31 39.23 56.29 0.1338
705.36 447.90 85.43 114.64 0.1337
295.45 91.98 20.20 28.02 0.1326
443.36 321.80 33.81 49.92 0.1325
439.63 118.65 23.10 31.94 0.1307
483.19 272.20 41.99 57.97 0.1297
269.87 226.71 42.19 75.83 0.1295
220.34 287.95 39.68 63.08 0.1279
699.19 194.31 48.47 72.61 0.1272
438.21 214.73 33.37 43.71 0.1262
937.35 229.53 48.55 54.49 0.1252
213.62 175.27 35.91 80.57 0.1249
98.86 249.56 37.26 74.30 0.1241
333.13 118.20 22.14 29.11 0.1234
40.15 90.57 20.20 35.06 0.1228
825.26 332.50 65.27 103.30 0.1213
651.26 365.87 45.97 71.34 0.1213
524.16 204.01 50.36 68.23 0.1202
845.89 131.27 32.73 44.03 0.1192
803.37 148.84 46.19 87.71 0.1165
520.60 121.84 20.68 36.73 0.1163
366.61 317.30 35.16 55.52 0.1159
191.39 180.43 36.01 60.85 0.1146
171.09 269.43 43.39 78.19 0.1128
109.40 167.28 24.67 38.12 0.1127
655.67 199.82 52.91 104.87 0.1112
354.71 233.56 41.21 68.36 0.1103
355.42 470.59 45.25 87.91 0.1100
34.36 196.01 23.41 39.14 0.1068
750.44 341.90 76.70 103.14 0.1067
634.28 93.20 20.21 37.32 0.1065
478.59 202.52 36.88 59.77 0.1049
610.60 183.92 68.01 106.22 0.1048
485.29 168.99 32.76 43.34 0.1048
436.61 384.50 41.03 69.11 0.1029
439.12 359.56 36.23 50.44 0.1008
867.63 327.19 40.75 70.46 0.1007
983.79 230.16 33.64 36.50 0.1001
404.02 349.00 41.02 68.54 0.0997
808.80 338.05 37.11 63.36 0.0991
595.26 116.23 20.70 34.10 0.0979
813.83 285.04 27.49 35.36 0.0970
260.26 265.76 34.52 73.83 0.0967
396.23 486.60 43.58 76.30 0.0960
681.40 361.74 48.78 70.48 0.0953
727.16 178.44 50.44 83.14 0.0948
736.69 256.44 29.50 45.78 0.0926
686.54 319.96 41.17 55.47 0.0913
161.83 480.03 65.06 134.59 0.0902
738.57 114.34 32.88 53.99 0.0895
188.71 64.89 22.73 42.40 0.0876
158.97 297.25 67.77 101.15 0.0870
13.96 191.53 26.84 38.01 0.0863
641.50 361.62 78.18 143.84 0.0861
174.19 395.64 45.46 80.39 0.0861
119.18 84.39 17.93 36.13 0.0859
445.39 245.64 34.58 48.87 0.0853
355.07 273.58 39.34 53.09 0.0851
145.66 417.86 43.51 83.65 0.0849
551.74 168.28 30.30 57.93 0.0848
400.67 410.16 43.02 84.11 0.0848
574.17 323.89 49.97 55.53 0.0846
403.85 373.31 46.77 88.18 0.0844
735.88 312.61 34.82 42.71 0.0837
9.24 112.78 27.45 38.19 0.0836
813.16 248.77 39.86 46.20 0.0806
663.06 88.00 27.06 46.70 0.0806
936.47 196.71 47.08 58.08 0.0802
477.13 442.47 61.09 97.11 0.0798
561.91 410.11 72.53 112.46 0.0795
467.27 364.08 35.77 42.63 0.0792
169.43 355.71 53.04 84.76 0.0788
222.32 91.53 21.56 32.05 0.0785
725.36 327.88 47.35 62.51 0.0771
109.99 184.95 26.03 49.35 0.0769
349.71 368.73 56.00 120.74 0.0769
603.87 330.67 69.95 98.00 0.0761
474.29 319.34 39.51 53.65 0.0757
809.66 208.63 49.93 66.44 0.0752
355.52 339.00 48.86 85.45 0.0752
443.90 267.92 33.05 57.16 0.0746
34.83 57.66 26.97 43.47 0.0743
264.25 90.30 28.37 36.94 0.0740
485.71 95.19 20.25 34.57 0.0740
642.10 428.34 106.29 209.88 0.0737
245.38 281.70 41.57 68.92 0.0736
811.17 316.61 36.00 57.47 0.0730
556.65 298.09 60.96 71.73 0.0724
255.05 478.40 87.53 127.12 0.0724
739.28 276.25 33.21 46.92 0.0720
664.64 267.57 43.29 77.78 0.0717
236.53 310.28 55.98 77.43 0.0714
510.10 353.02 42.61 49.90 0.0712
947.26 171.38 31.33 39.73 0.0709
669.26 58.27 27.28 32.51 0.0706
376.18 94.41 16.35 25.74 0.0706
471.52 421.00 36.47 51.75 0.0704
719.69 344.69 57.58 92.48 0.0698
654.19 508.69 71.28 105.33 0.0691
692.83 82.51 29.20 51.35 0.0683
426.38 435.35 52.94 83.97 0.0681
814.49 98.32 20.74 40.04 0.0676
196.05 392.45 57.00 89.63 0.0675
838.49 272.77 33.05 47.43 0.0675
915.47 123.39 20.63 25.50 0.0674
462.68 387.94 38.08 60.37 0.0671
994.87 157.80 26.81 44.56 0.0668
7.05 241.76 27.13 48.43 0.0662
415.96 454.12 68.00 128.46 0.0660
202.97 244.25 50.22 81.50 0.0656
187.73 347.76 72.45 96.96 0.0655
399.08 222.17 44.43 74.18 0.0641
568.40 320.92 74.56 94.80 0.0638
690.15 595.25 58.32 54.33 0.0637
153.74 88.79 34.02 54.08 0.0624
594.69 309.49 63.35 79.90 0.0619
84.85 212.95 33.85 58.02 0.0609
