27_Spa_Spa_27_691
167
395.66 138.31 442.10 333.83 0.1574
184.68 134.53 430.21 323.88 0.1057
246.23 390.63 438.03 330.55 0.1040
358.82 241.02 383.67 406.58 0.1024
503.00 80.15 473.00 280.30 0.0995
140.44 89.84 260.01 341.03 0.0898
37.30 63.98 211.55 353.49 0.0891
14.30 402.42 216.72 505.58 0.0851
181.96 55.56 435.54 199.62 0.0742
168.77 463.99 388.08 367.78 0.0733
75.88 167.11 226.81 414.07 0.0685
376.22 57.28 477.19 189.63 0.0685
534.89 272.07 412.44 359.00 0.0672
135.55 402.13 233.55 505.87 0.0640
660.06 375.81 363.94 342.08 0.0578
408.32 507.28 278.30 400.72 0.0576
314.62 219.08 146.58 168.64 0.0538
153.78 524.62 98.24 225.25 0.0525
0.00 0.00 77.92 79.65 0.0517
11.12 41.15 82.53 139.07 0.0503
306.72 52.84 145.67 102.95 0.0495
365.40 696.00 68.12 163.00 0.0470
751.69 581.38 138.14 184.47 0.0468
383.27 47.73 142.68 105.38 0.0464
347.56 282.13 103.72 185.08 0.0462
820.22 580.06 127.66 155.38 0.0460
107.49 504.62 110.79 161.01 0.0459
90.26 310.11 332.77 364.13 0.0449
556.50 436.14 277.51 411.34 0.0446
256.94 0.00 333.18 164.05 0.0440
185.26 126.18 116.66 157.94 0.0439
673.83 217.58 350.17 324.30 0.0423
398.88 228.22 115.81 184.14 0.0421
300.37 68.11 102.97 168.51 0.0417
51.99 457.83 87.41 191.54 0.0415
118.50 605.11 94.51 215.31 0.0414
442.71 276.22 104.18 196.91 0.0407
153.47 173.05 91.79 179.60 0.0401
698.77 38.00 122.85 128.40 0.0399
380.96 7.22 123.33 96.77 0.0398
280.35 245.66 121.65 171.04 0.0394
179.09 84.08 171.51 118.38 0.0392
368.21 65.89 116.92 171.85 0.0390
255.73 116.76 108.10 175.37 0.0390
50.88 44.26 85.64 184.76 0.0389
717.59 716.65 125.29 180.06 0.0387
327.67 2.60 133.44 89.86 0.0386
0.00 794.78 46.45 113.22 0.0384
268.58 6.93 125.89 87.51 0.0384
303.83 691.97 97.94 153.39 0.0383
240.47 717.40 119.51 184.53 0.0375
25.87 501.50 73.03 189.90 0.0375
25.92 0.00 83.65 110.46 0.0374
242.56 48.38 133.08 116.30 0.0370
354.76 188.64 149.18 147.66 0.0366
208.89 190.54 117.06 144.58 0.0363
219.07 410.54 77.62 180.05 0.0362
244.31 450.46 88.70 212.47 0.0360
0.00 320.98 229.07 291.41 0.0356
51.42 360.50 88.04 187.92 0.0354
705.13 5.33 129.58 86.78 0.0350
759.95 651.48 105.66 187.98 0.0349
156.56 72.24 98.95 174.62 0.0347
25.75 375.76 71.81 179.09 0.0347
858.48 524.93 129.30 178.34 0.0347
571.69 0.00 243.60 142.44 0.0346
293.77 149.84 134.17 173.75 0.0346
803.36 707.89 107.78 183.79 0.0343
750.93 51.41 147.20 129.59 0.0342
154.84 654.60 94.88 197.24 0.0342
183.17 474.81 103.35 178.49 0.0338
199.97 23.89 130.31 118.10 0.0337
444.75 5.68 131.06 95.63 0.0334
214.63 462.07 221.97 110.66 0.0334
813.85 0.00 114.56 82.04 0.0326
133.97 0.00 302.31 158.54 0.0325
16.78 130.19 78.04 142.39 0.0323
866.46 5.58 101.40 182.12 0.0319
564.53 2.95 123.11 95.81 0.0319
481.21 223.81 120.17 224.46 0.0319
449.78 61.89 101.90 166.22 0.0316
953.82 0.00 70.18 100.24 0.0314
589.95 0.00 153.89 59.92 0.0312
837.97 635.45 110.90 209.84 0.0311
460.78 47.46 135.43 110.27 0.0311
310.93 679.90 171.78 116.90 0.0310
450.07 194.31 105.03 185.36 0.0308
97.59 393.13 117.14 184.37 0.0307
285.54 719.97 273.17 109.62 0.0306
123.81 115.24 100.97 189.81 0.0306
780.75 0.00 243.25 160.72 0.0305
224.16 596.03 127.50 150.95 0.0304
59.01 579.06 91.98 229.31 0.0303
818.98 39.72 128.54 102.22 0.0302
93.53 715.74 136.54 158.09 0.0301
467.60 0.00 161.93 54.93 0.0297
40.16 0.00 144.28 60.05 0.0297
64.77 0.00 91.01 117.89 0.0296
23.46 271.07 73.63 206.02 0.0294
393.70 0.00 162.22 57.08 0.0293
27.48 202.70 71.86 181.32 0.0292
646.67 578.11 377.33 329.89 0.0291
136.83 26.21 120.01 118.59 0.0291
156.07 388.67 94.26 178.71 0.0291
577.44 32.70 94.23 166.19 0.0289
830.36 349.31 102.84 184.39 0.0288
59.64 145.06 84.62 181.79 0.0285
409.87 0.00 256.48 207.14 0.0285
536.15 4.81 106.87 179.30 0.0283
660.56 0.00 152.94 55.79 0.0281
625.10 0.00 97.95 118.05 0.0276
72.36 0.00 211.10 208.45 0.0276
400.37 675.31 128.56 232.69 0.0275
174.11 0.00 180.52 52.94 0.0274
675.33 0.00 98.74 111.51 0.0273
284.83 748.53 118.47 159.47 0.0272
406.03 103.09 115.83 184.55 0.0272
25.44 588.66 75.42 201.16 0.0270
82.47 102.77 96.92 194.19 0.0265
2.86 457.45 110.27 161.25 0.0264
253.83 0.00 165.69 50.45 0.0264
112.74 334.61 93.54 167.27 0.0263
85.08 52.67 135.19 111.68 0.0263
808.49 486.86 114.77 203.13 0.0260
531.03 239.70 131.73 204.17 0.0260
255.24 203.46 122.58 152.59 0.0259
877.06 347.02 101.47 184.24 0.0259
821.28 82.41 137.25 155.19 0.0258
778.76 30.33 106.07 99.87 0.0258
189.92 427.34 185.71 115.65 0.0256
177.72 312.40 74.23 189.80 0.0255
254.51 292.77 122.12 180.23 0.0254
733.65 0.00 151.53 55.60 0.0254
848.44 0.00 149.33 55.53 0.0254
183.32 725.70 84.45 182.30 0.0252
223.17 390.88 250.17 110.30 0.0252
0.00 712.48 62.90 182.82 0.0250
200.73 643.14 547.33 73.18 0.0249
939.97 0.00 84.03 37.25 0.0246
0.00 522.14 69.54 188.99 0.0245
177.23 629.24 134.87 187.36 0.0244
891.15 4.82 111.66 102.79 0.0238
869.25 695.22 121.88 205.33 0.0237
51.33 259.52 88.81 200.64 0.0236
32.93 679.42 82.91 192.80 0.0236
896.11 58.47 127.89 117.15 0.0234
233.63 368.96 218.98 261.99 0.0233
0.00 0.00 198.04 144.47 0.0233
837.10 417.11 127.31 185.68 0.0229
594.76 313.51 90.98 199.18 0.0228
118.65 0.00 93.55 122.74 0.0226
104.76 0.00 181.24 45.23 0.0225
0.00 22.21 56.61 126.55 0.0221
330.33 729.30 127.81 178.70 0.0217
277.70 618.03 99.16 167.38 0.0217
239.19 498.36 174.73 136.98 0.0216
726.33 365.23 173.27 159.52 0.0215
268.34 496.27 90.84 234.67 0.0212
749.96 319.04 190.59 145.64 0.0210
475.10 91.60 119.93 191.78 0.0208
635.94 321.65 80.01 179.60 0.0207
880.19 117.06 124.54 175.88 0.0207
89.12 554.93 112.05 183.64 0.0207
142.16 200.51 86.44 308.72 0.0206
558.44 339.70 228.87 135.36 0.0205
387.41 715.56 83.03 151.07 0.0204
0.00 610.75 68.54 197.08 0.0200
