27_Spa_Spa_27_121
33
255.36 386.40 296.24 369.78 0.1359
460.16 417.88 296.39 370.12 0.1085
528.31 157.82 444.01 324.45 0.0893
527.91 315.95 444.34 316.98 0.0764
215.54 171.97 358.21 319.51 0.0752
110.56 161.62 296.62 321.78 0.0749
340.76 330.30 377.51 312.06 0.0732
516.41 57.72 453.13 261.01 0.0704
487.78 244.06 293.34 335.12 0.0688
193.98 64.20 379.83 248.17 0.0629
347.79 113.64 385.72 282.57 0.0615
61.02 328.20 348.68 311.85 0.0568
136.95 467.89 233.25 320.11 0.0560
0.00 37.86 233.43 279.37 0.0537
0.00 183.32 222.94 297.23 0.0406
755.61 0.00 268.39 196.39 0.0402
549.07 482.77 406.54 305.23 0.0391
0.00 332.79 218.04 295.33 0.0390
308.90 34.42 433.49 183.96 0.0334
0.00 473.49 202.53 314.51 0.0324
43.20 26.24 398.43 204.27 0.0299
0.00 0.00 64.20 85.71 0.0284
243.08 390.91 134.16 148.62 0.0273
214.15 0.00 391.46 168.79 0.0262
0.00 0.00 191.14 27.19 0.0251
0.00 0.00 215.25 147.22 0.0235
0.00 711.27 135.61 76.73 0.0233
593.09 0.00 186.33 32.80 0.0222
212.56 365.76 273.29 84.00 0.0216
512.23 0.00 388.63 169.64 0.0215
0.00 680.61 45.25 94.21 0.0211
408.65 0.00 270.37 129.84 0.0208
945.32 0.00 78.68 3.55 0.0200
