51_Dresses_wearingdress_51_464
107
396.81 229.90 265.43 343.70 0.9310
30.70 364.98 144.49 186.28 0.8191
749.79 396.08 69.69 131.77 0.5274
996.10 439.35 25.89 75.37 0.3967
915.57 490.03 30.47 78.28 0.2892
831.73 392.79 40.26 89.39 0.2558
255.76 61.86 105.13 142.12 0.2250
240.09 407.80 44.45 104.58 0.2221
666.71 537.84 99.37 105.18 0.2165
871.56 505.50 34.29 93.52 0.2096
887.51 453.84 31.31 74.19 0.2076
954.40 359.66 24.84 48.09 0.2069
214.80 0.00 97.80 139.18 0.2063
800.21 6.88 35.42 79.31 0.1886
7.13 1058.12 38.05 101.49 0.1844
108.95 911.76 87.42 190.57 0.1674
811.95 187.36 55.26 119.87 0.1659
764.64 31.79 40.79 83.66 0.1632
909.95 394.87 30.53 69.86 0.1603
993.95 356.30 25.58 59.64 0.1542
914.56 535.37 34.40 81.79 0.1524
991.91 555.64 23.68 61.89 0.1499
187.38 344.75 94.07 190.49 0.1485
953.16 453.88 30.28 82.99 0.1434
885.76 391.93 39.96 86.58 0.1422
612.14 500.54 54.57 78.20 0.1393
843.49 480.99 59.78 137.47 0.1302
955.38 389.11 27.32 68.08 0.1293
960.43 550.84 27.21 67.46 0.1291
914.02 365.60 25.16 61.90 0.1261
917.76 578.67 27.59 72.40 0.1197
755.43 286.46 71.95 147.46 0.1187
882.60 250.35 28.62 76.98 0.1176
766.28 233.40 45.59 90.22 0.1174
44.01 1042.26 119.39 217.74 0.1124
204.01 721.72 94.17 233.44 0.1115
997.19 597.70 22.10 61.35 0.1088
832.94 268.91 42.74 107.50 0.1081
41.55 942.97 147.64 248.40 0.1049
184.30 15.70 158.53 245.15 0.1028
584.22 859.94 224.08 544.33 0.1026
988.22 303.57 28.90 57.50 0.1023
204.85 851.65 71.22 223.97 0.1001
953.99 314.76 25.12 55.16 0.0999
154.61 421.14 81.92 152.20 0.0992
216.65 950.38 36.36 126.63 0.0979
692.32 236.05 54.64 100.58 0.0975
133.72 721.26 90.83 170.20 0.0958
716.37 239.84 62.16 101.17 0.0952
727.95 154.36 35.11 62.56 0.0931
830.54 35.21 38.14 73.57 0.0917
919.34 308.14 20.54 50.68 0.0914
255.00 733.60 490.48 626.97 0.0909
881.14 279.34 36.41 86.47 0.0909
633.46 421.05 128.45 180.74 0.0896
646.17 221.58 58.56 126.07 0.0869
46.71 0.00 324.78 561.11 0.0863
679.30 961.35 123.95 256.69 0.0816
6.31 1020.28 71.85 166.94 0.0811
696.13 337.01 98.92 154.80 0.0807
952.05 598.46 28.86 67.85 0.0800
917.97 245.80 23.10 63.22 0.0799
674.98 391.97 151.91 187.12 0.0790
202.20 668.35 167.22 366.99 0.0785
330.94 1033.97 186.32 229.45 0.0782
828.31 79.91 43.44 105.25 0.0775
723.59 490.13 90.27 150.48 0.0762
872.23 166.81 40.50 110.89 0.0762
788.92 52.96 49.97 104.47 0.0732
221.48 686.90 98.86 166.35 0.0716
874.24 112.62 42.07 111.73 0.0714
205.99 696.26 66.36 128.33 0.0713
723.75 192.48 45.53 89.85 0.0705
254.96 0.00 117.62 142.51 0.0694
690.33 273.35 74.65 131.61 0.0693
222.98 447.35 58.29 105.92 0.0687
134.09 1217.64 246.23 206.36 0.0686
2.43 398.67 75.19 175.58 0.0684
879.40 550.16 33.86 103.48 0.0681
167.65 659.37 94.15 144.34 0.0667
478.75 1264.36 186.95 159.64 0.0656
278.40 106.22 141.59 362.21 0.0651
186.25 167.61 166.15 318.72 0.0637
659.08 1238.92 111.48 155.14 0.0637
160.61 1191.81 157.96 138.19 0.0626
908.04 176.25 36.48 93.16 0.0614
245.65 370.60 103.16 177.46 0.0612
182.60 0.00 62.94 110.61 0.0601
696.40 638.78 266.68 470.65 0.0596
114.42 798.15 104.44 209.31 0.0593
3.79 226.85 221.39 309.70 0.0591
234.89 573.45 77.85 109.15 0.0591
982.28 241.42 36.02 81.92 0.0582
919.66 0.00 28.87 55.96 0.0577
702.48 152.18 37.69 62.86 0.0557
77.41 435.97 109.04 187.65 0.0556
767.73 454.31 97.80 202.07 0.0549
205.12 943.03 135.60 256.33 0.0530
903.18 124.94 40.65 99.48 0.0527
917.61 30.40 32.91 82.23 0.0515
88.55 1201.98 75.10 87.18 0.0515
25.17 669.85 154.29 250.31 0.0513
531.87 221.29 127.95 230.60 0.0513
251.80 556.58 51.36 88.58 0.0512
963.22 108.88 51.86 111.47 0.0509
0.00 493.19 59.22 166.84 0.0508
769.47 125.86 46.84 102.96 0.0507
