51_Dresses_wearingdress_51_727
100
270.78 79.08 101.95 170.57 0.9100
604.63 49.63 58.93 71.46 0.8830
798.70 13.94 61.51 105.93 0.8548
170.11 42.72 93.20 134.74 0.3497
517.99 48.66 55.22 96.27 0.3128
985.29 405.86 33.49 60.91 0.3049
534.57 38.48 54.71 70.88 0.2946
188.82 34.77 130.85 197.03 0.2841
131.25 106.20 83.53 98.39 0.2282
49.88 553.74 96.07 103.72 0.2179
734.18 96.25 41.43 63.42 0.2168
701.38 0.00 27.98 37.14 0.2105
779.57 29.53 56.47 95.83 0.1931
995.46 2.04 19.04 25.23 0.1810
548.51 280.40 33.21 58.12 0.1783
509.01 31.81 48.75 75.79 0.1759
683.24 53.37 39.40 53.14 0.1676
655.79 0.00 36.82 44.92 0.1618
874.33 46.76 38.74 71.10 0.1586
696.28 26.51 33.31 51.71 0.1522
959.80 1.78 20.24 23.54 0.1509
446.36 223.45 48.84 75.29 0.1507
796.87 251.95 92.73 67.77 0.1461
739.98 20.27 44.06 58.01 0.1460
741.96 0.00 43.67 47.45 0.1379
923.35 1.32 22.26 27.20 0.1377
20.31 479.94 107.41 156.80 0.1323
399.28 224.99 67.79 92.14 0.1267
998.16 50.38 18.32 32.04 0.1247
638.48 28.83 47.70 79.52 0.1217
485.97 72.50 48.31 77.31 0.1165
855.70 7.35 58.27 101.98 0.1158
503.70 105.53 52.00 83.77 0.1156
486.30 24.15 34.18 57.60 0.1097
951.69 56.25 23.36 31.18 0.1090
993.45 25.52 22.36 36.64 0.1044
750.56 63.28 58.35 92.50 0.1028
99.33 478.34 292.76 341.66 0.1008
382.89 251.87 56.15 78.77 0.1003
921.68 22.42 26.73 40.07 0.0956
375.32 142.67 107.54 163.31 0.0954
732.90 43.61 42.63 63.09 0.0942
920.68 59.04 29.05 48.35 0.0937
91.79 485.79 95.43 160.98 0.0931
341.44 179.98 106.09 147.58 0.0927
876.81 0.00 32.42 38.19 0.0886
623.18 0.00 49.01 39.54 0.0854
955.77 26.27 23.53 36.02 0.0847
950.45 341.84 28.09 41.75 0.0845
462.12 136.04 46.25 86.32 0.0831
36.92 778.43 35.47 41.57 0.0817
381.99 77.22 62.53 111.00 0.0816
559.98 200.20 36.63 76.10 0.0815
437.40 140.06 58.95 108.76 0.0805
524.29 97.04 54.52 88.18 0.0771
961.94 397.49 28.38 53.39 0.0760
438.96 90.56 44.28 69.02 0.0747
956.69 381.03 24.38 48.08 0.0745
314.30 387.17 120.93 336.52 0.0730
960.75 404.51 44.28 75.20 0.0727
947.10 310.73 33.70 50.47 0.0724
146.75 167.57 72.92 110.14 0.0718
516.26 481.84 263.33 320.68 0.0718
139.20 376.36 45.06 92.76 0.0707
474.37 110.22 44.76 84.31 0.0705
999.01 236.90 23.96 62.21 0.0700
51.85 420.10 64.90 154.74 0.0688
310.65 178.52 89.24 132.32 0.0673
550.19 0.00 41.30 43.30 0.0672
318.10 248.32 69.08 98.48 0.0671
414.44 413.84 104.79 245.38 0.0669
944.53 232.96 42.66 73.22 0.0653
812.42 215.07 109.68 111.95 0.0651
67.22 344.64 75.17 148.46 0.0646
992.85 434.04 31.15 128.65 0.0642
80.27 289.71 32.75 53.72 0.0640
696.55 74.58 38.09 68.53 0.0639
884.47 82.89 36.80 75.69 0.0621
498.40 0.68 46.34 51.38 0.0614
429.47 21.64 54.30 84.85 0.0602
919.80 449.41 23.83 71.77 0.0590
217.22 380.25 59.56 104.43 0.0587
945.01 273.38 40.85 65.99 0.0582
377.05 442.68 64.98 234.37 0.0576
486.49 175.90 59.14 93.73 0.0573
954.58 80.88 26.95 48.26 0.0572
114.00 52.33 86.50 130.25 0.0569
0.00 410.60 69.90 232.75 0.0568
554.92 163.56 30.48 51.92 0.0557
611.48 353.90 224.17 392.05 0.0556
269.91 239.03 92.78 111.08 0.0554
659.93 142.10 30.55 43.89 0.0553
0.00 328.26 32.27 70.61 0.0542
998.38 304.54 24.07 51.12 0.0535
580.31 0.00 52.47 42.36 0.0535
988.51 80.45 30.35 54.45 0.0531
68.80 533.01 151.09 196.64 0.0522
995.38 327.16 28.62 63.07 0.0519
995.19 536.06 28.81 104.78 0.0515
972.68 101.96 46.39 90.25 0.0509
