25_Soldier_Patrol_Soldier_Patrol_25_761
200
687.05 94.59 37.75 46.94 0.7317
304.43 68.38 42.97 54.48 0.5741
485.64 98.02 41.47 50.34 0.5043
167.78 62.11 38.04 51.01 0.4673
811.91 111.29 34.78 36.26 0.4025
139.39 144.37 33.38 45.24 0.3656
124.31 598.54 38.81 57.11 0.3521
15.92 364.00 72.36 163.60 0.3074
411.89 166.36 28.07 37.87 0.2998
320.86 183.74 34.34 49.01 0.2944
830.17 366.54 45.35 61.77 0.2790
158.41 75.25 40.93 60.26 0.2720
875.01 127.30 42.17 46.66 0.2601
73.83 101.64 33.57 45.96 0.2531
223.16 83.76 34.49 47.86 0.2363
988.51 170.30 34.81 74.01 0.2322
731.90 230.35 27.04 42.48 0.2287
829.00 96.47 40.01 48.38 0.2223
913.43 306.12 36.34 47.54 0.2217
801.70 548.45 29.08 38.80 0.2211
407.83 84.89 26.05 31.73 0.2168
194.37 150.74 35.79 46.48 0.2120
813.12 353.67 44.15 64.47 0.2114
775.68 506.85 30.74 41.32 0.2108
802.81 54.75 42.89 57.29 0.2081
299.07 238.27 39.47 51.16 0.2071
606.75 150.90 57.61 69.54 0.2049
767.50 131.55 34.35 34.18 0.1975
298.39 204.56 43.54 57.85 0.1940
116.86 563.00 62.08 99.32 0.1928
774.72 191.30 27.90 41.48 0.1923
248.90 153.73 40.29 52.50 0.1917
696.77 198.01 28.16 39.11 0.1913
876.90 396.06 73.05 85.37 0.1894
402.64 101.46 33.73 36.88 0.1869
910.38 99.35 29.95 40.15 0.1849
848.42 0.00 35.96 39.95 0.1837
802.71 263.57 29.59 43.66 0.1813
842.70 114.10 39.02 50.48 0.1753
112.53 69.07 28.91 37.13 0.1740
591.72 174.72 66.88 73.32 0.1733
762.38 46.93 38.30 60.12 0.1716
862.20 373.05 58.27 71.29 0.1683
243.06 171.47 47.39 62.89 0.1681
849.44 155.27 38.49 45.26 0.1676
129.54 494.79 70.55 112.30 0.1667
438.24 155.49 37.07 48.99 0.1643
997.26 69.97 23.61 35.72 0.1620
862.77 345.38 50.54 61.23 0.1618
406.60 133.15 33.93 45.58 0.1600
232.32 561.56 39.67 47.72 0.1594
806.37 274.29 31.15 55.29 0.1573
370.49 110.74 33.79 35.62 0.1561
301.87 357.35 22.37 25.91 0.1547
444.15 83.10 22.91 28.63 0.1525
727.08 95.76 39.15 43.62 0.1511
400.90 236.36 31.90 45.59 0.1501
995.99 407.71 24.30 35.82 0.1497
302.13 184.77 39.35 50.69 0.1487
988.41 126.28 33.55 49.56 0.1457
959.08 109.34 25.70 33.07 0.1424
440.24 304.89 24.27 47.04 0.1420
301.45 157.73 35.66 46.67 0.1396
11.28 607.76 38.09 51.77 0.1393
44.75 353.38 60.82 91.29 0.1381
629.96 140.59 53.95 74.20 0.1380
246.50 100.57 44.36 54.32 0.1377
367.49 606.47 29.18 33.96 0.1372
475.89 121.68 56.24 84.05 0.1354
865.91 153.73 45.80 67.29 0.1353
544.68 146.10 43.62 66.33 0.1352
91.35 477.43 103.62 193.34 0.1344
590.43 118.03 52.25 55.86 0.1343
989.68 107.97 29.37 47.48 0.1342
367.52 125.92 38.27 48.14 0.1341
821.94 313.73 61.36 93.87 0.1340
820.87 45.17 52.60 72.26 0.1335
755.95 104.90 45.63 43.46 0.1334
938.91 295.88 40.30 53.12 0.1332
883.30 244.27 28.34 36.90 0.1329
587.89 105.77 40.83 45.92 0.1321
84.06 31.80 24.45 24.86 0.1302
356.07 147.13 40.19 48.50 0.1292
909.10 513.09 89.89 98.51 0.1288
994.74 289.28 25.28 40.80 0.1287
911.88 19.66 26.81 38.24 0.1286
769.19 152.09 36.49 54.53 0.1274
332.51 355.86 25.11 28.53 0.1270
248.37 205.18 52.15 63.68 0.1267
406.59 265.77 27.19 37.72 0.1259
906.80 340.04 43.75 52.74 0.1257
0.84 331.01 123.02 260.48 0.1249
806.94 319.96 38.76 67.53 0.1240
253.09 396.00 48.68 67.87 0.1239
239.30 229.51 58.21 69.60 0.1232
492.71 592.88 112.17 58.60 0.1232
663.43 261.75 25.04 45.12 0.1228
846.16 266.02 26.90 35.39 0.1211
205.94 150.33 41.06 55.66 0.1203
117.34 133.18 47.49 58.61 0.1195
0.85 412.29 63.24 154.10 0.1192
750.24 22.99 46.95 53.30 0.1190
79.95 138.06 31.88 55.72 0.1189
636.79 187.98 46.90 62.52 0.1185
368.40 352.76 23.26 28.50 0.1156
994.89 23.20 21.11 30.64 0.1152
917.38 276.89 35.30 62.76 0.1141
438.48 102.55 32.66 40.03 0.1132
373.16 329.19 23.09 34.84 0.1124
992.40 421.29 30.24 52.08 0.1119
661.79 238.88 27.07 46.00 0.1111
909.26 47.22 33.53 52.54 0.1108
894.40 124.57 44.17 45.41 0.1092
992.95 378.59 26.07 40.97 0.1091
406.75 295.03 26.02 40.00 0.1083
886.75 44.46 31.32 43.68 0.1079
987.79 352.75 30.02 47.14 0.1074
886.69 16.47 34.26 43.04 0.1073
550.56 131.03 33.89 51.86 0.1066
942.49 259.69 35.80 56.18 0.1058
435.26 125.74 41.83 49.90 0.1056
326.30 380.82 36.54 54.65 0.1052
547.23 103.66 30.17 36.13 0.1050
294.48 104.44 51.45 73.30 0.1046
983.88 459.73 38.85 66.72 0.1038
880.95 70.61 37.53 58.91 0.1033
482.16 64.18 32.46 48.77 0.1023
881.27 0.00 31.98 32.17 0.1020
809.74 415.06 169.70 189.77 0.1018
12.02 151.79 56.26 93.97 0.1011
758.36 315.05 50.12 75.07 0.1010
299.59 328.22 35.51 48.49 0.1010
611.35 214.36 46.87 72.44 0.1009
263.54 406.66 72.14 96.50 0.1007
492.08 144.39 55.07 82.70 0.1006
953.67 348.27 33.60 44.67 0.1005
313.79 253.77 39.28 45.04 0.1003
427.04 192.71 43.39 63.97 0.1000
986.53 646.98 27.88 43.01 0.0997
917.12 4.17 24.63 33.34 0.0997
950.93 53.95 28.75 40.91 0.0996
929.72 536.68 87.25 122.85 0.0996
771.39 522.17 37.45 58.11 0.0995
879.53 256.85 35.77 49.78 0.0994
110.33 98.61 37.57 45.43 0.0989
858.06 526.95 54.09 68.97 0.0985
298.72 293.82 33.04 46.35 0.0977
32.26 465.27 62.40 128.50 0.0967
439.60 620.98 53.45 36.80 0.0957
874.86 218.40 35.12 49.29 0.0949
228.06 586.10 67.62 67.77 0.0939
823.81 283.88 49.59 62.97 0.0933
789.90 516.12 45.82 62.50 0.0926
696.44 222.47 39.82 60.39 0.0925
315.85 126.72 53.74 86.77 0.0911
447.79 613.78 92.06 50.56 0.0910
328.15 642.86 71.29 52.63 0.0898
323.79 330.24 38.58 48.36 0.0897
250.53 76.83 37.33 43.54 0.0897
620.37 83.54 30.91 35.08 0.0892
206.80 203.52 63.86 80.10 0.0890
970.42 601.04 45.39 71.59 0.0890
829.57 366.03 96.36 153.05 0.0890
642.17 632.61 52.87 24.01 0.0887
931.23 389.32 49.03 57.64 0.0886
894.88 456.34 100.62 95.13 0.0883
79.36 51.61 25.11 28.98 0.0876
246.67 546.02 48.21 59.84 0.0876
661.43 125.11 37.15 50.46 0.0875
989.87 318.19 30.57 47.39 0.0875
258.49 491.64 51.60 52.27 0.0872
803.56 156.67 35.12 47.13 0.0871
800.59 26.29 44.09 60.11 0.0867
357.11 80.88 35.37 36.46 0.0864
983.29 667.00 30.13 52.95 0.0861
318.47 289.61 41.48 50.85 0.0855
731.92 253.16 29.13 50.94 0.0852
497.28 62.41 40.79 60.82 0.0850
954.09 118.57 43.23 55.47 0.0847
877.45 284.64 54.33 72.03 0.0845
0.00 549.58 43.31 79.98 0.0845
76.29 651.43 31.89 39.44 0.0843
435.20 271.81 38.80 70.11 0.0840
112.89 34.05 28.32 34.24 0.0839
722.00 20.80 55.51 57.15 0.0838
470.37 572.32 142.08 117.27 0.0837
143.85 241.54 35.62 45.25 0.0836
943.26 147.64 54.19 101.61 0.0834
953.01 67.59 30.21 46.89 0.0829
253.75 626.76 123.21 74.10 0.0828
952.56 488.17 67.66 79.27 0.0822
777.02 243.72 33.88 53.65 0.0816
273.11 523.49 61.90 65.02 0.0814
459.61 181.69 64.02 84.18 0.0808
40.31 103.55 35.69 41.38 0.0805
214.85 53.34 42.06 59.88 0.0803
4.79 499.60 35.30 72.56 0.0801
402.72 601.86 50.90 36.61 0.0800
350.31 177.05 46.87 52.53 0.0798
355.83 209.41 40.95 50.80 0.0796
