25_Soldier_Patrol_Soldier_Patrol_25_993
98
172.01 62.03 127.24 156.17 0.7181
449.54 471.20 112.35 126.23 0.3210
807.41 260.38 57.00 56.41 0.3006
735.97 379.88 82.32 128.16 0.2926
664.84 464.40 83.31 81.69 0.2914
651.39 409.06 126.39 148.00 0.2670
777.74 387.24 59.42 103.31 0.2447
874.00 442.88 107.06 108.10 0.2116
831.74 427.86 55.42 93.77 0.1861
859.38 289.54 68.20 64.45 0.1772
650.92 275.47 81.35 132.96 0.1504
796.08 237.90 89.14 97.66 0.1359
659.22 0.74 85.67 52.77 0.1358
864.81 409.15 52.29 69.78 0.1249
728.83 445.18 68.76 87.08 0.1237
894.98 294.99 64.20 59.57 0.1196
684.44 508.28 55.65 95.00 0.1119
843.48 411.75 42.20 69.07 0.1109
692.27 555.18 45.84 63.18 0.1090
670.16 356.56 95.59 137.74 0.1088
618.90 456.78 96.64 110.52 0.1066
840.99 248.59 103.17 99.94 0.1058
686.65 293.14 91.21 114.32 0.1051
214.41 121.90 86.43 101.18 0.1014
788.15 0.18 151.66 154.25 0.1009
579.83 372.87 93.37 97.65 0.0991
605.67 402.45 106.97 121.46 0.0989
875.74 8.19 36.29 45.87 0.0983
48.28 492.70 136.23 143.65 0.0982
782.23 363.57 61.57 73.66 0.0971
310.87 273.32 198.42 189.28 0.0966
805.60 490.77 50.80 56.07 0.0942
929.34 305.80 50.96 57.34 0.0942
675.72 14.62 112.19 84.45 0.0930
369.31 218.22 66.36 67.23 0.0889
828.38 0.00 42.96 36.03 0.0856
880.73 0.00 31.64 30.15 0.0849
731.67 526.40 72.98 94.04 0.0842
690.41 241.39 88.74 119.99 0.0822
396.77 260.13 74.61 86.67 0.0801
631.26 348.45 92.86 112.62 0.0794
585.46 500.51 91.91 115.16 0.0794
764.31 266.12 56.70 62.29 0.0787
790.78 500.51 85.17 85.65 0.0762
701.09 56.24 161.94 175.95 0.0746
498.20 353.31 138.02 162.70 0.0745
838.13 4.81 41.68 54.33 0.0738
895.54 407.34 67.12 65.42 0.0728
695.14 42.17 124.80 116.40 0.0727
625.66 14.62 63.46 64.70 0.0714
624.59 0.00 52.68 31.08 0.0710
190.53 30.24 79.45 111.82 0.0695
110.08 60.25 135.18 164.12 0.0687
745.90 24.31 74.22 69.19 0.0685
758.90 173.19 157.70 154.15 0.0671
763.00 3.28 104.42 118.77 0.0668
645.04 535.00 74.33 96.80 0.0668
705.08 564.08 59.40 67.53 0.0667
492.61 140.86 83.41 120.48 0.0663
537.57 2.17 88.52 87.75 0.0663
220.17 440.14 88.56 109.93 0.0658
984.37 415.50 39.63 92.04 0.0657
541.95 0.00 77.86 34.57 0.0656
105.62 455.68 99.80 138.32 0.0652
780.40 9.73 60.73 72.05 0.0652
271.54 265.01 71.22 79.58 0.0644
644.02 88.37 131.92 109.58 0.0639
549.22 415.48 132.90 172.54 0.0638
255.36 275.52 50.74 57.08 0.0633
560.44 0.00 138.53 127.40 0.0630
443.40 236.80 66.36 86.58 0.0615
30.19 133.70 43.12 70.76 0.0610
747.30 290.29 56.56 63.85 0.0606
608.21 223.11 122.78 150.15 0.0601
743.22 0.00 78.38 60.57 0.0597
845.72 8.10 75.00 84.93 0.0582
835.98 382.24 45.89 73.44 0.0581
677.98 573.40 61.60 78.56 0.0575
163.97 453.55 93.75 134.51 0.0567
823.80 517.18 76.35 72.10 0.0567
155.85 375.52 69.49 102.95 0.0567
169.59 158.79 99.18 104.82 0.0563
288.30 255.83 131.03 146.66 0.0561
786.19 531.65 104.92 95.50 0.0553
441.82 361.05 138.69 179.38 0.0548
731.62 574.27 76.05 86.93 0.0543
328.65 112.49 156.38 207.64 0.0542
65.41 397.20 69.64 60.02 0.0541
94.74 0.00 119.51 119.61 0.0541
127.64 33.45 93.51 128.79 0.0538
215.34 17.75 47.34 53.66 0.0523
609.92 124.82 133.66 102.87 0.0521
296.51 271.57 79.64 85.88 0.0520
377.13 228.19 83.25 93.26 0.0514
747.56 323.48 58.88 67.73 0.0512
697.64 0.00 295.78 256.38 0.0510
196.78 26.24 261.50 298.48 0.0508
576.67 261.39 166.22 223.73 0.0503
