13_Interview_Interview_On_Location_13_605
34
661.03 139.37 362.97 285.35 0.2352
541.07 50.19 452.97 140.56 0.2029
646.83 497.06 377.17 303.94 0.2002
680.97 291.01 343.03 298.82 0.1693
503.39 161.85 387.39 234.81 0.1532
568.91 104.42 406.25 183.56 0.1419
143.80 59.45 226.06 126.77 0.1381
131.69 93.69 395.47 201.59 0.1167
335.00 170.70 431.90 366.60 0.1099
104.15 97.09 161.07 202.48 0.1000
59.71 154.03 100.95 246.59 0.0976
23.61 146.53 34.24 264.88 0.0836
55.13 63.90 108.92 112.41 0.0812
210.15 59.66 377.00 137.88 0.0802
625.26 12.20 398.74 71.50 0.0772
442.14 53.81 366.59 110.31 0.0716
212.77 159.69 387.32 228.28 0.0692
363.17 126.36 370.40 162.42 0.0689
158.34 149.57 196.94 253.09 0.0678
465.49 466.93 311.76 334.07 0.0676
457.25 15.34 330.97 59.26 0.0669
23.67 51.64 34.33 136.38 0.0645
4.33 3.87 63.34 77.33 0.0581
91.87 162.32 181.08 374.64 0.0505
327.10 319.55 442.53 388.88 0.0477
19.80 363.81 35.11 317.53 0.0436
120.40 20.26 270.56 55.91 0.0417
57.84 348.99 104.00 344.77 0.0383
25.55 16.53 165.13 54.32 0.0355
516.29 276.64 359.22 315.59 0.0350
92.35 424.27 179.52 334.96 0.0323
5.02 500.16 56.75 300.84 0.0276
226.70 20.35 344.72 52.58 0.0234
126.73 320.02 257.55 397.84 0.0208
