13_Interview_Interview_Sequences_13_209
23
599.12 78.79 424.88 125.78 0.6033
600.10 131.08 423.90 254.99 0.4414
101.12 120.94 168.68 167.89 0.1564
175.50 118.45 164.44 171.17 0.1484
604.19 53.09 419.81 81.28 0.1458
490.83 194.55 409.78 248.35 0.1179
131.82 133.43 395.64 247.13 0.1138
380.25 50.03 341.84 89.82 0.0862
609.95 274.44 414.05 300.04 0.0856
421.18 84.19 399.84 110.41 0.0829
632.35 11.56 391.65 37.47 0.0721
509.63 118.63 367.60 155.48 0.0657
64.99 110.73 97.95 186.59 0.0601
336.82 235.21 427.20 268.75 0.0545
137.60 92.78 378.16 124.25 0.0489
18.94 110.75 31.38 185.24 0.0471
260.84 348.15 427.92 228.85 0.0435
9.78 363.71 50.19 213.29 0.0376
0.00 2.12 66.69 55.26 0.0370
120.06 351.96 276.25 225.04 0.0357
107.65 171.94 151.51 272.20 0.0302
167.23 175.39 182.25 265.89 0.0243
19.84 199.23 27.42 233.92 0.0212
