13_Interview_Interview_Sequences_13_867
37
597.95 400.00 426.05 376.07 0.5903
76.01 475.89 63.03 371.65 0.5020
131.95 410.92 245.33 343.95 0.4046
613.13 69.00 410.87 126.13 0.4015
19.86 411.63 41.67 343.45 0.3985
123.43 483.62 121.73 354.51 0.3721
210.89 388.79 385.81 390.97 0.3459
56.43 328.09 103.61 340.43 0.2713
348.90 64.02 396.91 127.08 0.2226
626.29 126.94 397.71 169.08 0.2219
624.95 18.15 399.05 79.92 0.1814
116.99 67.39 425.71 131.50 0.1728
98.82 310.32 164.01 373.93 0.1680
21.15 237.62 36.20 329.54 0.1672
611.69 233.70 412.31 341.37 0.1550
11.63 548.51 52.58 344.49 0.1444
215.12 26.33 374.33 60.88 0.0948
332.87 287.91 427.84 429.90 0.0818
110.30 78.44 146.96 115.22 0.0805
116.62 138.71 424.85 149.69 0.0799
116.87 176.39 132.79 285.86 0.0748
58.58 189.85 106.97 268.35 0.0711
122.12 133.10 127.13 170.93 0.0683
78.79 551.57 500.32 341.43 0.0681
363.02 122.57 368.72 178.86 0.0666
443.80 21.46 352.64 73.34 0.0559
475.00 514.55 437.45 378.45 0.0529
136.26 199.59 378.43 205.89 0.0491
140.67 21.10 230.99 61.85 0.0453
409.25 559.52 279.49 333.48 0.0430
136.32 209.22 235.91 383.16 0.0423
3.67 3.72 58.82 84.15 0.0410
20.68 120.65 28.08 205.75 0.0396
65.90 79.47 92.39 108.12 0.0383
68.73 135.04 90.79 171.79 0.0373
19.92 60.07 29.89 147.31 0.0342
37.42 18.48 143.79 51.79 0.0213
