13_Interview_Interview_On_Location_13_287
22
632.92 111.29 391.08 221.73 0.3721
151.16 41.29 356.38 97.29 0.1820
101.12 49.17 168.54 77.66 0.1210
115.77 17.57 279.87 40.43 0.0907
63.86 51.65 94.68 76.31 0.0716
150.70 70.07 355.89 157.27 0.0645
6.41 4.52 56.53 57.31 0.0610
627.39 183.00 396.61 299.45 0.0572
22.68 39.83 29.02 104.34 0.0530
101.48 78.31 167.70 146.02 0.0522
195.70 14.89 409.17 50.42 0.0461
37.20 14.75 143.79 36.40 0.0460
162.62 114.07 191.35 197.04 0.0385
10.23 384.78 47.35 237.22 0.0379
60.34 82.20 101.95 142.84 0.0347
625.96 48.10 398.04 101.14 0.0341
412.26 111.78 421.47 207.08 0.0336
20.36 73.80 28.74 164.37 0.0332
152.60 120.66 495.86 320.28 0.0301
651.01 5.51 372.99 53.60 0.0290
638.39 382.99 385.61 239.01 0.0286
74.27 369.31 214.25 252.69 0.0215
