47_Matador_Bullfighter_matadorbullfighting_47_731
42
619.95 108.00 404.05 248.90 0.8399
603.41 56.90 420.59 87.63 0.8184
437.16 121.30 366.62 228.90 0.6420
625.91 19.09 398.09 48.74 0.5931
225.12 127.47 351.95 213.62 0.5838
287.11 112.16 375.49 114.82 0.5097
64.10 120.68 87.82 230.27 0.5055
583.64 106.89 366.98 124.19 0.4963
176.61 135.46 156.96 201.76 0.4961
453.64 60.21 333.66 78.00 0.4915
122.23 134.88 117.61 201.48 0.4551
173.50 108.99 163.43 116.99 0.4446
72.17 105.61 71.95 127.52 0.4436
154.16 61.20 202.78 79.75 0.4413
13.36 120.13 53.04 235.41 0.4376
538.61 19.81 313.05 40.25 0.4364
106.85 56.61 146.96 83.75 0.4187
74.63 58.46 66.22 84.55 0.4012
128.07 100.54 106.45 134.13 0.3960
293.11 66.86 363.08 82.43 0.3921
658.32 237.11 365.68 260.50 0.3216
98.46 20.08 169.73 43.23 0.3179
135.72 27.64 239.93 29.42 0.2863
16.78 55.07 47.96 93.89 0.2819
387.91 25.46 326.45 29.60 0.2737
78.67 21.97 61.81 33.98 0.2638
61.02 230.94 100.46 268.21 0.2576
7.21 7.97 65.02 58.94 0.2453
439.60 122.80 368.54 90.90 0.2386
117.84 238.84 129.58 251.89 0.2263
162.73 232.33 186.87 262.60 0.1915
18.62 228.45 39.07 278.10 0.1535
183.22 234.00 433.92 257.59 0.1464
241.31 23.74 325.72 35.65 0.1363
621.54 423.01 402.46 255.99 0.0649
32.46 235.65 14.31 265.11 0.0645
436.22 222.18 373.65 269.68 0.0463
9.32 432.39 61.64 246.61 0.0424
27.55 306.26 16.52 254.80 0.0363
492.79 305.85 406.49 259.94 0.0243
111.67 410.17 140.43 268.83 0.0215
42.16 407.23 138.55 271.77 0.0206
