47_Matador_Bullfighter_matadorbullfighting_47_152
31
601.28 54.00 422.72 96.19 0.6755
624.43 96.06 399.57 137.74 0.5592
613.53 19.07 410.47 51.51 0.3765
634.01 234.11 389.99 291.54 0.3636
457.47 17.12 330.41 44.36 0.2794
137.49 30.23 387.56 16.59 0.2526
187.07 21.86 433.37 35.51 0.2390
466.37 60.49 311.65 63.03 0.2314
640.57 353.91 383.43 329.09 0.2307
161.44 53.60 335.03 74.78 0.1697
175.56 379.32 453.99 303.68 0.1581
111.97 55.83 145.32 85.40 0.1562
104.31 13.23 160.55 50.78 0.1237
167.16 151.76 469.21 310.77 0.1098
429.86 90.46 387.11 156.73 0.1048
322.00 61.44 309.05 56.27 0.0993
97.01 90.70 178.03 154.37 0.0963
130.22 17.78 261.63 36.53 0.0731
155.65 97.49 346.72 147.40 0.0711
55.10 50.03 118.24 103.72 0.0637
156.64 108.02 202.34 257.40 0.0635
134.48 395.96 245.51 287.04 0.0599
342.05 113.69 407.00 234.35 0.0581
49.46 15.11 132.47 44.19 0.0570
419.39 378.52 400.74 304.48 0.0515
14.51 12.23 41.32 54.44 0.0502
50.54 100.03 128.80 140.08 0.0461
326.20 0.00 312.50 69.98 0.0439
6.45 45.82 61.92 110.69 0.0316
14.88 449.31 48.77 233.69 0.0250
11.90 90.58 53.17 160.95 0.0229
