47_Matador_Bullfighter_Matador_Bullfighter_47_761
27
577.18 98.12 446.82 205.59 0.7517
120.43 34.96 413.02 147.48 0.4321
108.21 46.08 144.06 125.03 0.4019
418.81 38.90 403.47 135.95 0.3613
65.56 49.91 87.18 124.69 0.3445
99.28 11.53 164.40 75.15 0.3111
265.80 4.57 420.69 90.22 0.3083
95.67 0.00 319.91 99.28 0.2821
50.62 94.53 118.90 193.60 0.2518
506.03 16.11 378.63 69.87 0.2375
71.11 7.99 77.58 75.45 0.2218
8.70 9.97 58.13 65.11 0.2154
21.59 59.09 35.27 111.01 0.2126
545.85 53.04 478.15 136.19 0.2051
98.11 86.99 168.82 200.54 0.1998
14.63 79.28 51.43 225.91 0.1838
277.41 72.15 394.39 225.15 0.1668
564.20 136.54 459.80 374.34 0.1056
88.29 100.29 341.19 316.65 0.0991
399.50 371.14 443.84 396.86 0.0882
29.22 71.73 15.82 88.73 0.0867
0.00 86.08 88.81 348.45 0.0835
30.40 63.37 20.19 251.02 0.0827
563.13 445.71 460.87 322.29 0.0810
621.55 18.30 402.45 49.48 0.0427
608.16 36.01 415.84 0.77 0.0419
386.00 100.85 470.26 309.03 0.0410
