8_Election_Campain_Election_Campaign_8_252
200
371.22 336.15 330.44 319.73 0.8434
525.74 322.67 326.51 352.67 0.7731
254.16 371.51 292.13 311.49 0.5097
558.18 310.32 465.82 219.01 0.5018
503.72 139.11 395.09 196.44 0.4413
167.64 375.29 203.19 307.71 0.4334
145.40 302.85 372.81 234.26 0.3384
395.32 93.19 444.56 172.19 0.3265
127.25 320.81 146.43 335.89 0.2254
436.92 241.16 367.45 249.23 0.2199
302.54 141.06 365.83 165.12 0.1444
156.61 184.17 208.16 247.73 0.1299
393.81 163.24 331.42 238.19 0.1296
50.95 235.09 79.81 151.23 0.1150
51.50 451.59 74.40 156.12 0.1019
254.36 173.87 292.80 235.32 0.1007
302.39 65.51 389.11 126.50 0.0879
168.55 142.53 332.11 175.43 0.0798
356.21 263.26 269.21 250.70 0.0772
25.51 449.84 69.65 142.76 0.0734
23.81 230.02 72.58 146.30 0.0717
60.97 215.42 153.49 314.53 0.0655
56.92 414.17 78.72 115.29 0.0638
843.99 206.17 100.46 134.11 0.0631
84.79 83.09 307.26 166.73 0.0631
827.44 66.51 89.16 125.48 0.0605
794.06 526.98 113.12 143.39 0.0593
789.56 45.26 146.07 89.32 0.0583
631.35 185.25 392.65 214.60 0.0579
0.27 442.39 64.58 112.18 0.0577
221.49 375.34 107.77 134.34 0.0561
59.72 198.45 68.04 118.65 0.0551
70.02 424.01 141.96 96.92 0.0545
754.26 328.28 147.12 98.19 0.0542
768.69 99.49 109.29 117.71 0.0532
46.87 514.68 77.13 159.99 0.0532
401.29 272.24 121.53 142.34 0.0529
178.68 414.20 126.08 111.31 0.0527
731.85 446.71 109.68 160.94 0.0527
66.06 272.46 111.43 133.85 0.0524
463.80 157.68 137.13 114.14 0.0523
68.31 478.24 110.66 153.70 0.0519
769.29 485.04 112.16 145.55 0.0515
834.62 315.34 120.65 124.25 0.0512
215.76 438.82 120.82 121.98 0.0509
0.00 216.30 63.87 122.33 0.0508
276.23 390.57 148.62 103.08 0.0506
363.14 340.64 119.77 140.58 0.0505
107.23 338.85 106.61 145.82 0.0505
57.94 334.62 69.76 152.66 0.0498
263.09 448.76 156.83 109.83 0.0495
322.51 90.32 129.81 130.80 0.0491
184.63 345.96 109.45 125.68 0.0490
387.45 87.59 143.16 122.02 0.0489
137.91 285.59 123.34 130.46 0.0487
721.33 532.01 126.50 133.49 0.0484
645.66 326.99 121.09 110.90 0.0482
429.24 173.33 125.74 133.67 0.0478
426.50 117.73 138.99 127.38 0.0477
765.49 389.56 125.98 140.01 0.0476
250.51 354.25 120.83 103.75 0.0476
137.78 489.26 124.66 130.34 0.0475
131.22 380.91 131.20 112.13 0.0472
813.66 179.57 99.53 127.33 0.0472
809.75 234.52 103.36 145.57 0.0470
540.96 349.99 118.90 121.14 0.0465
460.94 494.15 129.03 131.61 0.0465
0.00 78.08 206.20 190.08 0.0463
33.19 420.36 62.92 98.07 0.0461
134.02 438.74 133.49 124.15 0.0460
339.26 46.91 147.72 79.34 0.0454
637.52 398.21 386.48 228.70 0.0454
649.57 540.06 124.60 120.59 0.0452
580.83 534.13 115.34 135.89 0.0451
713.47 339.66 116.61 144.23 0.0446
590.46 20.57 134.32 69.57 0.0442
508.11 520.49 111.07 145.37 0.0441
740.81 46.59 101.88 118.74 0.0439
696.33 487.54 108.61 145.54 0.0438
316.98 340.23 113.41 124.85 0.0430
801.13 427.34 108.64 144.35 0.0429
595.40 350.12 144.67 113.82 0.0426
557.53 0.93 146.20 63.90 0.0424
42.61 215.29 155.43 114.70 0.0420
442.96 311.29 149.43 111.84 0.0419
481.00 118.39 148.37 111.38 0.0419
243.06 466.83 115.88 146.70 0.0419
476.48 3.33 131.29 71.74 0.0418
464.46 362.44 122.35 143.88 0.0418
89.70 146.43 175.87 240.89 0.0417
709.11 307.28 148.35 85.50 0.0417
549.46 499.52 110.40 131.07 0.0417
770.47 212.04 105.04 137.61 0.0417
580.19 175.39 127.36 121.82 0.0415
355.20 422.53 117.55 142.18 0.0414
568.63 328.51 135.01 98.01 0.0414
379.49 152.58 142.64 105.32 0.0412
425.44 451.13 119.04 157.72 0.0412
769.62 1.58 157.51 69.12 0.0411
410.30 35.80 148.04 81.36 0.0405
833.25 498.87 140.15 129.14 0.0402
394.14 378.67 110.73 153.59 0.0401
533.88 149.05 128.36 129.22 0.0401
829.40 127.57 119.40 136.56 0.0399
0.00 408.75 41.32 96.85 0.0396
822.36 25.75 188.55 86.93 0.0393
672.67 30.67 151.73 94.03 0.0389
506.39 378.52 123.32 154.44 0.0389
738.62 120.06 98.43 120.42 0.0387
2.22 488.90 71.16 134.75 0.0387
831.44 367.17 125.79 127.25 0.0385
523.17 26.88 152.74 68.04 0.0385
407.10 193.52 100.58 161.52 0.0385
217.62 312.63 115.59 136.80 0.0383
458.84 40.09 434.60 149.27 0.0383
25.06 201.42 61.10 82.18 0.0381
607.17 510.11 131.57 118.16 0.0380
688.88 182.84 119.00 116.60 0.0376
404.85 348.68 147.32 98.70 0.0375
350.88 248.35 125.40 121.36 0.0375
627.66 4.76 157.94 62.07 0.0373
485.31 40.32 135.63 84.64 0.0373
94.37 253.42 124.25 121.12 0.0373
463.98 427.27 123.89 138.92 0.0373
690.05 396.64 111.79 120.57 0.0372
474.83 193.37 110.11 148.25 0.0370
493.11 485.07 146.90 103.95 0.0369
178.18 520.12 109.40 147.18 0.0368
691.02 98.16 120.19 112.47 0.0366
248.43 95.73 132.70 128.07 0.0365
656.32 80.72 367.68 180.80 0.0363
30.61 285.12 63.65 170.03 0.0358
0.00 0.00 63.55 69.14 0.0358
429.96 257.51 164.21 104.75 0.0353
644.14 474.87 124.02 113.79 0.0352
425.37 529.75 123.98 129.36 0.0352
853.05 329.41 170.95 310.27 0.0351
327.85 277.81 104.07 140.77 0.0349
144.73 58.20 373.43 123.40 0.0345
498.10 0.00 166.29 41.60 0.0344
775.46 160.93 94.24 112.37 0.0343
408.52 63.79 168.54 99.11 0.0343
507.75 327.47 114.33 116.60 0.0342
96.32 531.90 121.58 127.17 0.0341
640.81 381.37 123.08 127.87 0.0339
866.27 66.91 130.16 128.52 0.0336
0.00 154.43 63.49 104.16 0.0336
379.08 0.00 142.03 53.92 0.0333
855.69 536.03 94.17 146.97 0.0330
743.13 244.35 98.12 138.63 0.0329
22.84 147.32 103.27 114.79 0.0323
675.43 229.99 155.53 99.63 0.0320
615.75 202.51 119.51 140.44 0.0320
589.98 227.98 101.48 151.53 0.0316
861.10 128.23 162.90 90.96 0.0316
211.58 55.39 244.81 75.60 0.0313
335.43 494.91 137.27 114.60 0.0312
532.51 82.39 127.86 114.40 0.0312
0.00 267.75 67.01 131.93 0.0311
574.66 470.04 127.03 130.08 0.0311
568.79 111.85 130.02 122.31 0.0307
618.22 146.69 119.82 125.03 0.0307
502.90 269.09 119.91 128.01 0.0306
883.01 591.34 140.99 87.52 0.0306
351.25 190.37 126.10 105.25 0.0303
618.16 51.75 113.74 92.09 0.0302
621.50 292.77 90.98 100.08 0.0301
548.76 410.30 104.23 157.40 0.0300
251.58 288.87 113.11 112.26 0.0298
857.10 224.32 166.90 85.67 0.0298
693.14 2.03 150.96 57.15 0.0298
313.50 514.99 132.92 161.20 0.0298
871.06 0.00 152.94 28.96 0.0295
0.00 0.00 226.86 20.44 0.0294
517.33 219.82 149.49 104.48 0.0294
879.71 540.39 144.29 98.46 0.0290
282.70 73.04 137.25 105.98 0.0289
782.33 615.60 181.77 67.40 0.0288
941.44 0.00 82.56 66.68 0.0286
298.68 0.00 158.77 37.94 0.0285
582.45 385.08 108.76 153.75 0.0284
850.19 432.31 137.77 133.04 0.0283
166.26 250.81 129.31 117.38 0.0281
868.52 284.59 137.90 121.15 0.0275
459.41 0.00 353.85 112.16 0.0272
5.04 106.21 151.35 321.81 0.0268
615.55 0.00 408.45 126.28 0.0268
792.86 90.58 231.14 70.48 0.0263
658.65 232.88 113.20 155.53 0.0258
288.23 251.46 114.95 112.28 0.0255
0.00 585.92 37.26 97.08 0.0255
0.00 260.40 30.63 113.00 0.0251
432.94 0.00 100.55 90.09 0.0248
0.00 429.09 209.06 253.91 0.0248
213.30 113.14 97.44 112.17 0.0245
848.47 0.00 103.89 88.32 0.0244
586.06 22.39 104.29 151.29 0.0235
664.07 123.83 116.04 124.46 0.0235
326.69 0.00 329.86 116.75 0.0234
756.59 0.00 143.70 36.23 0.0233
