14_Traffic_Traffic_14_850
135
576.63 137.89 103.62 142.10 0.8535
277.38 316.03 107.83 72.44 0.3774
440.67 471.62 66.77 63.46 0.3358
208.89 326.75 237.03 230.81 0.2533
630.36 588.91 48.46 42.13 0.2025
260.58 335.38 123.17 98.73 0.2020
651.71 578.58 49.23 53.04 0.1828
578.32 440.38 114.73 154.88 0.1657
439.00 494.09 75.90 105.97 0.1652
321.53 414.98 162.33 114.50 0.1611
460.12 547.30 47.05 60.02 0.1518
591.40 624.49 38.25 42.26 0.1483
515.06 309.79 52.41 64.25 0.1428
391.53 441.36 108.77 103.95 0.1409
619.38 112.46 44.58 41.60 0.1386
715.67 295.58 39.42 66.89 0.1358
338.74 114.98 24.64 29.50 0.1349
173.38 348.52 184.96 157.83 0.1344
752.06 385.88 56.68 91.97 0.1338
494.12 510.62 67.56 90.79 0.1239
545.64 469.82 87.38 102.90 0.1238
609.66 640.97 50.78 42.03 0.1201
175.22 378.51 86.07 90.98 0.1169
613.56 620.08 51.09 48.09 0.1167
736.16 342.14 60.35 105.78 0.1164
441.05 335.09 40.58 42.12 0.1159
582.28 601.75 39.91 45.51 0.1153
151.29 287.02 23.43 29.31 0.1143
479.93 470.49 80.42 98.05 0.1126
510.93 559.32 52.35 70.62 0.1084
200.58 0.00 65.99 55.13 0.1048
136.27 341.96 48.43 60.44 0.1000
514.77 256.39 53.20 60.00 0.0999
613.31 516.09 71.16 84.33 0.0973
277.33 408.44 132.38 131.41 0.0959
678.32 633.31 47.54 48.24 0.0945
582.16 579.73 46.26 46.11 0.0940
504.87 339.81 50.04 72.59 0.0936
540.51 110.74 115.63 119.67 0.0933
514.06 628.55 38.36 44.02 0.0930
662.97 353.50 75.44 111.16 0.0925
757.09 628.64 47.84 47.93 0.0921
589.30 533.84 58.47 63.27 0.0919
451.86 180.82 40.29 50.55 0.0917
540.21 620.81 39.19 46.59 0.0913
677.18 240.49 57.69 92.73 0.0907
736.59 622.58 45.80 47.61 0.0879
365.84 314.11 68.90 62.42 0.0873
512.86 283.85 49.59 49.29 0.0867
352.89 338.18 114.10 104.65 0.0861
643.06 597.47 60.94 64.95 0.0846
259.21 290.52 67.05 66.04 0.0839
631.62 529.25 97.06 104.02 0.0835
513.09 164.64 61.28 78.18 0.0827
570.11 229.45 120.84 144.68 0.0821
528.05 535.11 74.05 82.13 0.0815
684.17 295.85 76.43 173.08 0.0811
540.92 589.53 46.15 63.19 0.0810
634.94 415.56 72.24 127.16 0.0810
82.52 65.83 73.50 71.45 0.0806
84.10 163.44 54.78 50.81 0.0798
337.10 477.86 122.54 136.68 0.0787
846.47 3.54 24.08 22.37 0.0780
432.19 344.86 55.42 52.34 0.0780
225.45 345.39 98.06 97.34 0.0772
74.16 94.93 93.72 120.21 0.0769
236.98 59.14 55.98 75.54 0.0760
334.46 126.91 30.80 43.41 0.0749
206.91 32.22 55.49 63.39 0.0739
654.10 154.83 92.34 161.76 0.0736
116.81 70.89 115.60 168.67 0.0733
770.66 420.21 63.96 79.68 0.0733
474.48 329.24 66.27 71.22 0.0732
463.18 565.96 53.68 67.81 0.0731
145.82 64.10 75.33 81.91 0.0717
496.45 443.41 61.59 83.08 0.0717
574.16 333.23 66.57 69.31 0.0714
76.50 88.26 47.97 52.30 0.0700
848.32 23.96 20.26 24.30 0.0693
195.06 48.89 75.49 97.69 0.0693
593.04 297.60 102.22 121.39 0.0686
575.05 419.19 75.93 108.83 0.0671
447.19 409.27 84.02 84.54 0.0668
226.88 0.00 123.67 78.65 0.0662
597.87 209.37 79.11 112.32 0.0657
329.28 288.83 84.14 83.75 0.0652
461.37 165.78 45.58 53.87 0.0649
754.30 596.63 49.27 56.67 0.0644
2.87 113.74 23.24 40.81 0.0640
486.86 375.17 79.28 107.13 0.0636
406.21 520.05 81.09 87.61 0.0619
0.00 122.75 26.69 62.16 0.0616
467.09 138.73 49.80 44.40 0.0614
849.45 44.10 22.82 29.80 0.0612
537.42 641.67 43.89 40.61 0.0610
361.57 115.73 49.49 46.32 0.0608
494.53 124.48 103.09 93.22 0.0608
597.98 344.08 70.58 92.89 0.0606
636.75 436.00 111.11 167.43 0.0601
282.49 106.34 46.78 57.13 0.0601
276.76 124.12 57.12 70.99 0.0596
396.76 159.30 36.89 43.40 0.0595
284.91 89.01 43.18 45.90 0.0593
519.84 346.83 66.26 77.74 0.0591
141.11 288.98 41.49 68.61 0.0591
525.06 240.59 104.08 131.09 0.0590
26.26 123.98 41.81 56.92 0.0589
907.97 179.93 32.23 53.21 0.0586
425.70 560.86 71.60 80.53 0.0580
841.53 64.88 30.33 46.56 0.0572
244.58 555.46 49.89 56.53 0.0569
405.98 7.88 134.54 106.73 0.0566
290.52 248.93 74.69 62.21 0.0561
643.66 638.17 68.71 44.83 0.0560
206.35 430.86 117.75 133.06 0.0549
391.91 292.05 43.73 40.82 0.0547
940.37 64.43 56.58 73.99 0.0542
709.18 167.04 91.62 149.42 0.0538
163.06 359.55 61.66 77.85 0.0536
227.27 336.29 74.30 54.00 0.0532
733.55 297.55 63.38 91.04 0.0532
680.14 402.29 69.05 101.60 0.0530
438.23 294.98 37.29 40.97 0.0524
391.29 133.77 46.73 58.49 0.0522
150.21 244.87 26.91 37.36 0.0517
698.79 214.86 81.95 143.51 0.0514
562.97 399.45 67.39 90.50 0.0513
805.67 572.01 32.63 48.80 0.0512
145.77 190.30 42.01 51.53 0.0511
468.08 617.90 53.69 58.99 0.0510
809.40 67.17 23.13 32.25 0.0510
112.96 357.67 149.85 146.85 0.0507
808.51 50.17 20.45 24.44 0.0504
416.18 610.34 83.21 72.66 0.0503
161.43 65.62 114.31 146.55 0.0503
