14_Traffic_Traffic_14_713
88
580.08 96.96 116.91 143.72 0.6842
219.04 344.54 124.41 168.06 0.3519
517.74 398.08 45.47 51.48 0.3344
631.82 111.95 92.96 119.25 0.2789
537.03 389.67 56.61 59.89 0.2287
336.40 494.98 115.39 145.87 0.1705
278.35 36.53 39.56 68.38 0.1625
804.07 175.98 44.75 46.98 0.1624
715.53 109.59 109.58 150.55 0.1591
818.87 168.69 47.44 46.25 0.1500
267.28 1.48 43.34 53.61 0.1492
795.88 189.97 60.42 89.09 0.1361
267.04 316.08 74.80 102.61 0.1343
747.77 137.14 65.40 77.88 0.1324
325.67 180.14 295.57 300.28 0.1259
3.91 72.74 21.59 38.88 0.1233
509.45 383.18 67.59 90.09 0.1211
356.53 538.50 75.27 85.39 0.1203
283.36 289.01 68.81 80.49 0.1127
573.12 425.74 60.84 70.82 0.1120
269.10 382.16 100.51 147.27 0.1111
162.84 381.33 137.82 139.49 0.1106
413.40 395.32 139.70 129.53 0.1074
241.56 32.92 87.44 157.25 0.1067
356.10 207.90 190.91 161.99 0.1064
477.97 570.39 58.07 57.09 0.1058
211.35 205.02 132.13 151.51 0.1025
789.12 362.05 86.56 107.25 0.1023
80.47 408.39 90.34 105.51 0.1009
66.87 424.25 64.96 77.99 0.1001
513.72 570.67 68.72 58.62 0.0983
341.19 569.42 82.69 81.96 0.0975
596.79 435.85 71.48 66.16 0.0936
402.23 281.35 188.50 187.98 0.0923
132.02 388.73 100.31 89.08 0.0917
324.81 51.15 32.34 43.68 0.0912
554.83 369.86 56.40 67.44 0.0889
308.89 266.83 84.64 105.06 0.0851
809.37 179.25 115.61 128.42 0.0851
758.37 160.03 69.82 99.29 0.0847
657.72 376.15 143.55 107.97 0.0842
646.19 383.70 235.69 272.77 0.0801
329.38 28.08 30.89 43.06 0.0753
542.15 431.93 69.18 76.07 0.0747
677.36 290.09 53.68 58.57 0.0719
63.04 453.36 44.92 53.13 0.0710
483.99 266.57 72.92 76.35 0.0703
353.74 285.89 135.81 153.70 0.0690
606.39 415.98 104.27 74.97 0.0684
571.40 207.88 65.86 79.13 0.0676
879.64 55.52 61.41 63.13 0.0662
34.94 125.16 29.64 36.27 0.0660
299.26 76.88 56.90 72.46 0.0647
173.95 180.31 132.51 136.94 0.0642
43.17 465.57 33.18 33.13 0.0639
57.41 85.31 42.81 53.85 0.0631
278.67 210.16 170.27 157.34 0.0630
340.33 11.93 74.33 80.61 0.0624
297.39 389.76 149.45 206.18 0.0624
61.44 378.51 87.20 96.83 0.0617
685.65 285.92 93.15 102.50 0.0608
701.13 331.55 75.58 80.61 0.0601
599.67 61.75 75.00 121.06 0.0600
458.78 529.29 118.55 115.60 0.0600
585.27 310.02 45.77 58.87 0.0593
763.30 124.46 85.07 102.31 0.0588
819.85 122.85 58.42 63.36 0.0584
344.55 368.68 87.74 158.53 0.0578
595.07 424.29 153.26 132.98 0.0576
170.61 288.84 176.09 169.03 0.0574
280.26 93.11 42.90 79.91 0.0567
405.66 484.88 111.16 140.69 0.0566
46.02 352.80 79.02 87.12 0.0565
171.69 20.67 138.10 187.40 0.0548
998.31 20.97 24.09 56.67 0.0548
226.67 18.56 36.00 44.64 0.0546
895.09 78.14 53.80 69.24 0.0544
607.84 324.18 49.80 45.28 0.0539
755.48 231.44 114.44 189.56 0.0537
7.51 112.24 22.53 45.79 0.0536
674.26 180.14 82.05 115.70 0.0535
244.66 439.39 65.28 95.71 0.0529
475.40 580.74 72.46 86.17 0.0529
663.95 320.05 46.74 43.61 0.0525
370.14 613.05 67.22 57.04 0.0517
849.72 163.19 71.97 79.44 0.0511
32.99 433.26 50.14 61.19 0.0503
122.20 179.58 258.01 226.72 0.0503
