29_Students_Schoolkids_Students_Schoolkids_29_211
120
568.59 136.44 111.11 147.23 0.8346
848.60 206.09 19.76 23.94 0.2770
887.09 174.23 17.87 22.76 0.2390
808.33 203.35 22.70 24.21 0.2193
810.19 220.07 25.08 33.43 0.1735
817.05 185.08 18.69 20.80 0.1506
842.96 219.76 28.13 34.55 0.1503
924.69 177.23 16.00 21.62 0.1469
923.37 207.40 18.85 22.59 0.1401
840.15 236.70 32.43 39.62 0.1369
884.05 202.89 22.69 26.14 0.1328
813.80 238.28 26.98 37.93 0.1327
924.20 5.76 19.08 19.55 0.1291
194.05 147.04 151.11 134.49 0.1255
915.12 478.91 27.27 31.80 0.1219
863.87 474.91 44.96 48.84 0.1203
955.94 325.39 21.41 24.69 0.1159
96.40 306.19 55.09 101.61 0.1152
850.69 183.84 18.72 22.95 0.1137
888.75 160.91 18.68 27.45 0.1113
372.36 499.98 50.58 69.98 0.1094
199.77 367.75 57.95 72.13 0.1068
69.04 237.12 41.77 77.56 0.1051
153.37 338.00 71.50 110.27 0.1029
874.05 350.92 27.89 29.59 0.1025
952.83 253.57 26.06 31.42 0.1022
961.26 201.73 25.06 29.07 0.1020
885.12 220.44 23.47 30.11 0.1020
221.43 161.70 198.75 197.36 0.0971
957.82 88.38 35.60 44.63 0.0971
989.47 193.48 25.72 41.20 0.0968
35.82 196.43 49.37 71.27 0.0960
974.16 59.89 49.13 63.72 0.0954
986.58 0.00 31.57 28.74 0.0950
957.15 310.50 21.01 21.02 0.0940
925.89 156.91 16.70 21.20 0.0936
540.57 165.36 94.43 148.42 0.0911
992.62 382.10 21.10 23.25 0.0908
926.38 128.72 19.25 24.61 0.0903
24.97 232.40 53.22 91.44 0.0902
955.72 112.42 28.49 39.17 0.0895
959.71 379.97 21.49 22.68 0.0890
903.45 493.20 40.13 47.73 0.0886
957.24 270.04 23.37 30.77 0.0873
919.39 219.25 26.62 31.75 0.0858
104.04 249.66 56.87 83.98 0.0852
808.46 272.24 28.51 36.10 0.0834
956.25 226.88 25.89 31.78 0.0820
723.50 657.47 92.71 52.53 0.0819
993.68 476.21 24.58 42.14 0.0809
979.78 165.61 38.28 59.35 0.0807
982.23 15.63 38.98 44.70 0.0804
579.25 275.08 75.90 86.01 0.0787
3.96 219.96 40.10 85.40 0.0785
960.59 175.04 28.52 35.75 0.0768
415.26 340.71 61.22 76.98 0.0767
519.61 181.44 59.17 106.21 0.0763
633.00 590.04 24.64 28.33 0.0759
998.76 253.25 18.09 26.90 0.0754
128.45 305.44 72.82 132.89 0.0746
949.23 0.24 34.01 24.56 0.0746
955.50 402.45 27.64 34.44 0.0739
851.19 434.50 60.96 74.66 0.0739
991.00 442.06 25.13 41.80 0.0737
82.15 358.35 63.53 153.06 0.0734
422.43 281.99 68.65 93.68 0.0732
994.77 216.52 21.53 35.96 0.0729
972.03 36.18 50.12 59.67 0.0728
922.83 302.75 24.98 25.09 0.0724
942.05 21.40 44.02 37.71 0.0721
741.64 509.48 72.02 83.32 0.0713
968.71 99.49 48.92 63.12 0.0705
957.61 354.33 21.08 25.29 0.0701
919.87 19.07 22.83 28.26 0.0700
998.34 277.60 17.79 26.45 0.0699
921.30 249.80 30.35 35.36 0.0695
914.04 44.65 28.37 34.20 0.0693
919.91 267.97 29.17 35.28 0.0683
876.27 514.04 44.00 67.47 0.0678
947.96 41.72 43.02 50.46 0.0677
889.17 64.99 20.60 37.00 0.0674
916.13 432.02 37.12 56.55 0.0673
994.06 493.11 26.92 52.05 0.0671
994.80 302.45 19.21 23.77 0.0670
985.01 421.95 29.38 43.50 0.0651
802.20 298.81 30.95 35.17 0.0646
543.34 75.37 171.96 180.49 0.0646
117.83 202.14 32.21 37.83 0.0640
890.50 45.34 20.47 37.22 0.0633
901.99 521.42 41.00 54.29 0.0632
841.78 472.46 54.78 67.20 0.0625
782.96 204.97 25.87 24.07 0.0625
954.99 438.18 30.62 49.74 0.0624
984.85 404.30 29.37 34.90 0.0623
959.25 145.41 25.76 32.70 0.0615
961.34 474.54 28.72 37.54 0.0611
705.26 485.04 96.90 122.21 0.0595
24.34 178.45 47.44 64.11 0.0595
990.79 329.54 23.99 30.58 0.0585
866.71 612.43 64.03 65.39 0.0584
518.33 132.74 98.02 115.58 0.0572
873.15 273.08 31.98 42.72 0.0570
366.69 221.93 93.03 125.46 0.0567
890.13 23.27 25.26 38.48 0.0563
920.80 93.98 28.28 37.56 0.0562
914.03 66.62 30.59 37.78 0.0554
973.07 137.80 44.24 63.01 0.0552
991.09 350.46 23.85 29.35 0.0552
876.29 329.20 27.68 34.28 0.0550
514.27 227.87 52.13 106.72 0.0548
919.66 354.40 26.92 31.31 0.0542
843.87 262.28 39.20 47.11 0.0533
199.44 455.95 115.56 180.30 0.0528
838.99 495.51 65.02 82.75 0.0513
888.23 0.38 23.97 28.85 0.0511
214.37 358.99 76.28 122.79 0.0509
114.56 217.19 30.09 44.49 0.0505
460.30 326.47 56.89 89.90 0.0503
470.70 353.86 70.13 99.88 0.0502
162.15 176.71 109.28 96.19 0.0501
