29_Students_Schoolkids_Students_Schoolkids_29_146
61
595.82 140.54 107.95 155.34 0.9570
761.41 287.56 146.56 193.98 0.9251
185.81 109.13 147.45 167.41 0.9048
45.07 365.48 57.78 98.27 0.2368
96.41 330.56 72.51 119.25 0.1595
472.39 347.06 48.10 50.82 0.1569
116.32 445.71 250.65 267.29 0.1305
105.83 378.85 60.08 116.32 0.1303
228.94 251.46 70.17 99.97 0.1277
458.70 178.48 163.03 137.97 0.1208
79.46 285.85 63.48 73.77 0.1199
501.28 316.68 56.89 72.27 0.1185
81.75 271.56 43.11 56.41 0.1068
460.15 291.18 110.13 92.50 0.1025
650.39 174.13 80.47 118.93 0.1011
508.96 271.32 91.84 93.85 0.0964
3.99 18.45 25.15 32.87 0.0897
135.09 308.77 79.70 146.14 0.0884
956.85 115.14 55.68 83.10 0.0883
0.00 471.90 34.59 82.67 0.0877
452.42 233.75 142.67 123.51 0.0849
21.86 391.00 62.48 107.80 0.0848
796.26 227.06 96.47 132.14 0.0831
0.00 352.19 46.16 111.98 0.0794
5.31 2.99 27.80 34.01 0.0793
516.42 415.19 55.39 85.77 0.0777
103.64 20.79 40.43 32.85 0.0771
6.34 99.61 26.70 62.59 0.0769
998.59 477.38 25.41 45.82 0.0759
78.44 20.69 35.12 30.70 0.0751
172.74 255.98 81.68 111.70 0.0748
38.86 311.71 57.30 79.51 0.0735
30.97 20.17 38.00 31.91 0.0709
24.40 107.46 54.83 75.05 0.0686
188.20 5.47 30.13 22.87 0.0675
151.10 2.46 32.99 25.03 0.0664
111.80 2.71 27.48 22.72 0.0659
76.16 3.02 32.67 28.11 0.0658
62.63 507.73 88.49 135.29 0.0647
13.06 478.12 49.48 81.13 0.0645
589.81 542.46 100.10 103.57 0.0634
148.28 277.46 72.61 113.69 0.0624
67.94 476.79 69.27 109.46 0.0620
3.26 68.21 25.38 45.31 0.0617
35.85 2.07 34.83 27.09 0.0612
568.68 320.71 50.27 65.44 0.0610
146.35 559.94 182.03 144.21 0.0604
514.74 370.49 40.16 47.75 0.0600
437.96 554.60 97.75 109.27 0.0595
748.84 243.56 100.39 128.60 0.0587
206.02 4.33 43.06 22.77 0.0576
809.85 230.87 65.05 73.13 0.0569
119.69 435.83 57.88 83.76 0.0562
58.27 295.92 68.89 101.17 0.0548
121.07 307.94 61.32 106.33 0.0540
156.90 134.82 92.93 120.73 0.0539
0.00 299.93 78.31 152.99 0.0524
414.38 315.85 116.14 92.18 0.0521
217.06 288.90 75.36 96.79 0.0521
609.82 299.39 56.76 60.68 0.0520
141.44 18.77 56.89 40.66 0.0516
