25_Soldier_Patrol_Soldier_Patrol_25_869
20
217.34 211.47 380.79 218.09 0.9903
154.72 206.58 220.53 235.85 0.8939
349.40 248.97 324.57 282.56 0.1810
99.79 247.18 182.35 292.50 0.1628
37.36 193.24 91.18 127.20 0.1437
131.22 271.24 356.92 282.04 0.1384
535.37 180.14 488.63 245.18 0.0783
53.94 164.21 112.74 122.91 0.0661
30.11 242.56 86.40 121.37 0.0661
547.11 287.51 314.42 285.88 0.0658
529.37 119.00 494.63 178.69 0.0622
319.77 269.47 154.11 82.11 0.0309
53.10 282.38 83.26 140.27 0.0269
160.81 216.36 151.20 102.15 0.0247
149.15 357.79 206.64 263.21 0.0246
19.33 43.42 79.26 105.97 0.0243
69.60 231.73 107.11 113.08 0.0240
0.00 181.25 63.03 128.12 0.0230
451.93 64.64 415.40 121.42 0.0224
243.88 348.76 279.67 272.24 0.0210
