57_Angler_peoplefishing_57_120
14
505.07 350.27 518.93 547.37 0.3304
262.69 854.98 421.19 542.02 0.2843
458.41 312.02 336.53 390.38 0.1864
608.80 843.71 415.20 553.29 0.1303
479.09 512.93 544.91 769.66 0.0824
156.54 861.68 204.17 535.32 0.0550
334.91 240.10 429.49 254.95 0.0478
298.79 326.70 359.20 335.23 0.0418
626.99 175.60 397.01 364.43 0.0400
0.00 0.00 69.73 159.22 0.0386
610.07 86.98 413.93 272.19 0.0369
633.21 5.06 390.79 142.60 0.0340
8.36 878.14 50.33 518.86 0.0326
429.77 701.86 386.98 695.14 0.0204
