21_Festival_Festival_21_340
37
444.58 232.15 362.46 248.72 0.9989
149.91 272.47 332.76 329.39 0.9708
228.43 243.10 347.03 246.01 0.9631
116.95 320.12 173.41 368.88 0.8905
503.74 255.43 471.31 319.89 0.6953
373.56 279.98 351.55 321.27 0.3170
160.73 214.28 204.37 250.54 0.2737
79.33 309.96 87.99 119.14 0.1660
607.02 117.32 416.98 184.23 0.1070
293.68 319.52 308.98 369.48 0.1046
474.83 51.07 164.97 74.63 0.0561
56.79 258.39 82.37 141.65 0.0489
28.64 333.88 62.98 137.86 0.0445
52.54 320.09 74.21 114.67 0.0411
195.47 331.33 129.33 122.87 0.0407
625.53 265.57 144.33 129.63 0.0404
671.28 297.39 120.51 127.84 0.0385
240.74 248.88 126.78 112.47 0.0369
484.00 22.78 158.38 62.64 0.0357
585.24 298.34 144.06 131.54 0.0355
130.70 157.65 366.63 184.14 0.0332
553.85 312.56 270.67 363.19 0.0323
208.97 277.43 126.24 121.68 0.0315
704.81 274.25 129.98 117.85 0.0303
125.19 311.62 146.21 99.75 0.0300
253.32 450.32 150.83 122.81 0.0280
413.06 155.17 394.02 156.41 0.0260
647.67 334.82 111.79 129.33 0.0259
70.55 34.24 116.06 76.69 0.0249
79.50 216.21 98.35 147.94 0.0239
198.60 440.83 132.93 121.80 0.0232
169.88 243.65 141.26 111.96 0.0231
241.38 359.55 121.79 141.05 0.0220
376.93 267.67 135.43 132.57 0.0219
136.27 360.10 117.24 128.63 0.0214
156.17 48.71 206.36 70.37 0.0211
31.72 249.69 58.85 162.04 0.0205
