21_Festival_Festival_21_936
24
424.77 197.05 581.01 564.94 0.9774
205.39 285.36 409.68 469.75 0.5712
151.27 326.57 227.36 637.30 0.2824
85.51 270.01 215.68 541.23 0.0879
739.81 114.58 148.83 156.74 0.0633
735.06 167.35 162.43 195.33 0.0542
141.50 573.66 249.92 797.33 0.0536
23.29 180.28 72.73 300.99 0.0490
347.18 274.68 384.79 704.34 0.0484
43.65 135.26 90.78 230.61 0.0455
296.31 117.58 147.58 169.60 0.0443
91.72 493.25 204.24 689.84 0.0397
57.30 340.87 79.05 271.32 0.0390
76.74 126.81 278.07 465.12 0.0357
78.27 183.78 104.99 391.07 0.0332
658.44 130.51 176.82 154.02 0.0322
76.44 423.73 94.67 267.95 0.0321
226.30 388.92 336.05 722.95 0.0301
696.58 78.07 156.15 129.44 0.0293
0.00 130.68 60.15 165.13 0.0273
698.18 211.71 129.64 261.61 0.0260
803.50 131.02 175.92 144.51 0.0245
23.91 358.58 77.24 308.67 0.0226
514.87 710.78 352.66 837.22 0.0218
