35_Basketball_basketballgame_ball_35_827
57
375.68 405.37 205.38 312.78 0.941315
698.42 880.91 239.28 279.74 0.409734
700.06 1002.53 232.69 285.80 0.282828
465.81 1289.30 267.68 200.51 0.184884
744.08 1121.82 169.08 157.19 0.181810
187.77 842.64 36.34 75.24 0.158216
264.24 1064.26 332.33 436.01 0.134791
600.61 76.13 84.88 153.48 0.129771
185.39 873.36 36.86 79.97 0.126156
616.48 751.79 108.92 199.09 0.122884
665.80 856.23 157.98 201.86 0.119628
546.86 1308.30 141.25 147.00 0.115872
285.57 860.99 24.54 46.85 0.115266
710.31 159.94 274.76 558.26 0.107901
155.34 838.26 40.54 60.27 0.107570
249.76 974.98 30.79 58.17 0.106413
232.85 836.42 32.91 60.11 0.097267
186.51 787.45 35.46 65.88 0.096004
711.01 15.65 77.45 134.52 0.090655
436.08 907.79 28.46 58.04 0.088182
152.58 784.26 40.01 67.60 0.073970
46.01 766.33 28.91 66.20 0.072284
567.21 82.47 90.67 181.96 0.071292
276.94 888.01 33.67 72.29 0.071144
71.98 195.11 187.92 271.71 0.070485
551.13 123.06 148.39 364.71 0.069974
695.56 1123.13 287.30 369.12 0.069356
20.56 115.44 69.77 272.78 0.068199
331.56 966.57 40.57 66.87 0.067600
349.89 958.22 68.65 81.36 0.067430
221.28 783.71 47.33 76.36 0.065874
694.87 0.81 70.03 99.89 0.065361
335.31 853.52 25.58 46.35 0.064759
241.80 924.26 30.45 75.76 0.063460
619.68 881.02 87.23 157.40 0.063107
913.67 286.32 91.05 354.73 0.062468
284.85 765.71 39.72 77.75 0.060525
156.43 881.42 48.51 80.81 0.059867
109.12 295.70 338.73 444.91 0.056913
27.26 145.71 264.11 523.24 0.056750
245.76 436.53 184.62 311.12 0.055338
104.20 785.56 27.81 57.98 0.054974
368.12 1240.70 240.93 289.07 0.054606
942.17 492.64 62.92 166.42 0.054465
185.46 719.84 45.60 67.45 0.054372
507.70 260.64 171.09 368.60 0.054271
282.02 699.67 56.36 83.24 0.053029
4.31 50.25 50.82 215.75 0.052671
544.86 717.78 136.89 162.33 0.052609
433.60 860.85 38.10 79.28 0.052288
106.95 830.17 30.02 60.94 0.051552
339.11 933.24 36.08 68.68 0.051278
363.25 611.00 77.94 158.76 0.051051
400.67 0.00 81.17 86.69 0.050797
364.00 924.73 47.79 63.95 0.050754
151.35 958.58 38.81 85.64 0.050436
228.85 719.07 49.34 66.43 0.050260
