35_Basketball_playingbasketball_35_651
58
242.47 376.80 97.82 115.99 0.637679
165.08 380.66 75.88 118.06 0.432422
719.27 356.25 94.99 104.70 0.374639
650.97 346.70 68.90 95.50 0.367241
669.35 209.57 72.28 97.10 0.357641
160.29 388.70 216.15 311.15 0.268827
681.81 333.29 80.61 112.67 0.262392
315.45 535.38 94.19 153.79 0.228785
830.96 406.61 46.49 67.75 0.207504
895.84 381.32 31.97 63.73 0.195832
273.39 441.67 131.25 213.14 0.194635
582.62 465.48 270.54 290.41 0.161237
981.22 398.21 38.76 74.67 0.150104
364.98 557.52 98.41 138.03 0.148926
169.07 536.05 155.46 213.05 0.148690
700.98 204.60 79.22 94.26 0.143760
986.23 439.43 32.94 79.03 0.132921
172.33 340.13 84.97 96.84 0.129602
929.29 382.85 39.52 71.21 0.128368
595.78 542.54 142.70 198.34 0.106813
931.85 470.33 43.32 81.53 0.104915
885.97 461.89 39.04 67.39 0.099643
650.19 440.80 162.64 200.00 0.099267
897.18 502.67 29.06 55.68 0.094989
202.66 308.92 178.98 184.66 0.094330
899.45 535.56 26.35 56.32 0.092321
389.04 530.92 208.78 260.69 0.092148
988.33 503.77 31.62 65.41 0.090218
717.13 262.54 67.75 76.66 0.088216
111.73 369.10 81.72 85.29 0.088141
125.28 467.45 168.51 220.33 0.086965
322.66 489.43 92.37 128.64 0.085280
584.41 489.21 140.68 162.80 0.084936
648.24 142.95 75.92 112.65 0.084531
618.37 374.77 82.74 81.96 0.083929
590.85 745.47 55.06 52.61 0.078758
991.08 545.98 26.16 54.39 0.072484
625.82 426.16 99.47 127.20 0.070805
995.60 781.21 25.92 77.46 0.070005
571.86 558.21 99.97 157.50 0.067563
601.86 160.48 108.54 178.90 0.066646
929.27 529.51 46.83 69.57 0.065863
343.97 456.64 66.06 92.56 0.063419
731.36 467.38 120.21 155.02 0.061805
198.74 156.52 368.11 326.48 0.061720
427.07 507.24 121.28 188.14 0.059555
522.91 752.31 122.96 80.71 0.057734
836.72 483.89 51.28 78.08 0.057328
319.05 296.10 128.14 198.67 0.057310
797.19 319.10 87.76 135.27 0.057112
406.83 498.12 71.43 125.40 0.056757
347.30 386.43 72.02 111.65 0.055980
483.09 497.52 64.23 77.07 0.055618
116.97 212.03 229.37 165.30 0.054817
285.00 592.29 139.56 185.16 0.054116
601.13 656.41 62.01 82.12 0.053001
107.24 529.43 117.31 118.22 0.052590
103.96 402.24 96.97 137.21 0.052281
