40_Gymnastics_Gymnastics_40_869
20
621.50 547.21 402.50 568.29 0.5199
624.52 253.17 399.48 390.20 0.4881
358.18 782.65 380.83 497.35 0.2088
411.45 558.89 422.32 544.81 0.1880
498.44 764.38 525.56 515.62 0.1852
399.86 271.58 440.87 359.75 0.1594
293.35 297.54 367.25 557.66 0.1491
342.83 161.37 413.86 340.15 0.0919
154.05 525.42 353.62 591.08 0.0789
600.44 103.07 423.56 213.55 0.0667
335.95 77.74 424.06 223.31 0.0467
5.47 807.46 62.24 472.54 0.0403
115.72 778.59 283.12 501.41 0.0353
635.36 11.78 388.64 117.43 0.0351
0.00 0.00 66.13 139.92 0.0334
355.96 37.67 382.38 72.72 0.0294
237.25 697.82 334.79 582.18 0.0246
147.84 307.04 222.81 579.70 0.0244
153.63 290.01 358.22 323.45 0.0234
113.27 522.51 137.72 608.51 0.0224
