1_Handshaking_Handshaking_1_357
27
137.31 105.21 121.18 156.27 0.8823
584.34 200.36 114.85 149.93 0.8421
472.22 428.56 82.52 148.62 0.2656
433.53 0.00 389.77 350.52 0.2609
443.07 412.44 61.05 96.19 0.1417
471.23 366.57 122.77 177.63 0.1144
534.35 86.18 228.48 215.89 0.1106
579.81 359.02 152.45 188.00 0.1008
595.54 294.43 109.44 127.27 0.0906
559.86 498.90 64.62 79.39 0.0809
274.38 107.86 174.25 225.60 0.0806
437.83 460.26 98.00 147.55 0.0799
649.18 376.77 77.97 103.72 0.0731
390.81 533.26 40.95 58.41 0.0712
72.19 6.52 214.19 215.05 0.0708
942.79 646.10 54.27 35.90 0.0691
762.30 346.33 44.13 60.33 0.0680
617.21 259.54 107.27 106.56 0.0674
382.96 384.00 115.13 145.77 0.0601
519.86 421.73 154.45 184.36 0.0597
42.10 254.25 28.72 45.81 0.0553
3.52 256.76 29.12 52.95 0.0550
27.14 263.40 45.92 71.49 0.0536
0.00 228.01 32.18 63.64 0.0531
227.89 123.16 280.05 351.22 0.0530
0.00 195.96 33.58 70.17 0.0523
921.88 354.65 95.27 138.80 0.0518
