1_Handshaking_Handshaking_1_465
43
406.08 247.18 348.04 449.38 0.6053
285.17 246.60 108.15 183.54 0.4425
0.00 260.42 265.04 329.21 0.1993
209.80 414.24 141.72 255.59 0.1838
708.36 694.15 39.43 64.64 0.1747
310.59 154.75 401.96 361.80 0.1697
329.70 411.79 331.71 329.35 0.1686
558.30 331.63 253.14 302.51 0.1671
354.24 0.00 462.67 403.31 0.1561
1.80 361.95 163.99 276.47 0.1479
445.10 57.65 141.50 131.02 0.1419
14.89 47.66 236.08 392.40 0.1359
184.07 250.68 340.87 438.49 0.1345
41.54 427.54 216.54 295.23 0.1253
75.10 95.31 155.12 182.46 0.1250
264.19 207.53 187.92 276.13 0.1201
154.40 153.45 202.09 306.76 0.1109
414.63 30.72 246.22 198.69 0.1101
10.70 338.74 108.73 158.77 0.1060
209.44 373.14 96.20 136.18 0.1022
709.42 651.48 53.87 89.56 0.0809
440.47 20.84 67.06 68.19 0.0790
478.05 41.82 75.99 64.74 0.0788
237.89 398.14 180.25 368.30 0.0779
652.54 694.83 47.42 64.56 0.0746
269.42 198.08 79.97 104.98 0.0714
404.26 15.76 64.71 71.57 0.0694
642.92 317.02 333.41 400.87 0.0669
766.74 323.69 156.15 137.51 0.0651
692.19 326.12 119.18 145.04 0.0642
120.23 390.78 152.58 159.09 0.0641
476.02 0.00 59.42 47.74 0.0638
0.00 109.83 409.84 545.68 0.0618
156.20 76.67 66.27 79.67 0.0583
522.17 0.00 63.41 47.03 0.0575
242.60 188.63 127.62 203.20 0.0568
651.14 730.99 48.11 37.01 0.0557
495.29 0.00 97.08 78.11 0.0530
960.70 721.41 39.76 44.51 0.0524
159.54 139.77 106.16 146.25 0.0512
289.76 137.37 202.48 222.98 0.0511
218.97 184.28 107.74 138.72 0.0507
829.27 91.75 90.61 176.21 0.0505
