1_Handshaking_Handshaking_1_801
192
553.21 85.85 59.33 50.48 0.7896
72.67 66.40 60.39 57.65 0.7832
639.12 47.10 67.31 68.80 0.6964
229.42 76.53 82.83 69.05 0.6617
339.35 77.31 35.50 24.18 0.5779
414.26 45.65 42.60 38.27 0.4875
868.74 44.10 106.35 113.84 0.4333
405.59 19.73 67.12 67.33 0.4192
656.44 82.78 42.01 32.02 0.4171
426.04 20.44 46.84 28.96 0.3753
493.60 83.41 45.11 29.10 0.3667
648.21 125.50 41.19 27.63 0.3032
180.89 1.92 37.65 19.40 0.2885
410.18 91.94 28.09 18.19 0.2633
580.75 49.57 50.78 35.29 0.2361
558.36 59.80 26.62 15.98 0.2229
0.00 65.12 44.51 38.24 0.2213
693.08 233.69 43.34 19.19 0.2196
311.53 96.09 50.76 32.99 0.2186
480.86 79.18 38.92 28.55 0.2015
680.60 213.99 82.91 41.63 0.1946
260.02 65.01 38.90 25.95 0.1940
106.16 32.76 38.67 20.69 0.1823
72.13 50.76 49.41 42.96 0.1812
90.82 68.95 89.59 62.47 0.1754
553.39 67.70 59.57 43.96 0.1742
259.72 20.34 21.40 9.95 0.1700
778.34 169.06 60.60 30.13 0.1677
504.89 79.59 62.14 53.96 0.1672
644.20 42.81 47.19 41.43 0.1652
847.34 169.55 36.27 19.68 0.1629
787.56 185.86 52.03 26.94 0.1614
884.05 25.30 69.94 49.31 0.1556
836.53 156.23 40.98 23.69 0.1528
360.93 12.89 42.37 17.99 0.1493
731.77 130.35 45.57 40.51 0.1490
791.62 196.50 51.91 30.04 0.1473
77.99 98.40 44.20 38.54 0.1471
555.31 112.12 51.14 34.76 0.1438
368.83 53.23 32.01 22.66 0.1437
869.09 14.64 105.99 85.87 0.1432
0.00 51.72 36.79 31.20 0.1417
212.34 195.81 45.98 36.69 0.1416
877.68 97.84 67.11 51.32 0.1413
864.18 170.03 50.05 26.19 0.1392
75.63 37.35 51.08 32.17 0.1388
202.58 163.05 79.58 72.13 0.1379
640.52 128.48 66.56 46.77 0.1366
346.15 85.45 43.31 26.47 0.1362
843.72 186.86 40.12 26.03 0.1354
663.68 205.76 37.45 20.05 0.1352
592.75 80.28 63.77 54.90 0.1327
759.14 193.90 59.81 35.69 0.1309
648.43 127.24 92.30 78.07 0.1304
829.08 235.11 56.14 38.30 0.1298
257.13 26.42 23.55 11.89 0.1292
89.98 38.70 58.14 41.43 0.1248
685.99 199.32 60.23 36.15 0.1244
221.47 10.22 28.69 15.37 0.1240
133.91 12.72 44.75 23.85 0.1240
409.65 179.59 31.15 20.72 0.1234
866.59 238.49 48.52 34.89 0.1234
744.83 206.08 84.23 55.42 0.1216
522.78 111.91 185.47 134.44 0.1190
132.62 34.64 39.24 22.46 0.1172
225.43 64.48 41.46 31.70 0.1144
331.99 25.83 25.00 11.38 0.1142
361.80 63.39 36.28 30.73 0.1141
525.95 140.33 99.53 63.92 0.1125
946.58 169.24 30.68 24.52 0.1115
916.13 229.12 30.04 20.23 0.1100
839.44 9.32 92.12 48.60 0.1094
160.47 63.02 130.54 82.53 0.1089
444.12 106.43 27.96 20.20 0.1086
622.92 0.17 25.37 9.44 0.1084
148.73 1.90 46.60 27.98 0.1077
868.89 182.26 40.85 29.03 0.1066
428.94 81.99 39.60 24.24 0.1034
783.37 14.66 66.12 38.93 0.1028
868.39 164.27 41.03 17.90 0.1024
480.08 89.88 41.89 35.81 0.1021
913.76 205.15 29.64 17.79 0.1014
637.92 26.02 57.21 40.84 0.1013
419.51 179.74 46.77 30.11 0.0995
405.98 188.20 39.85 28.77 0.0993
592.12 247.51 23.62 13.92 0.0987
439.92 92.61 29.48 19.01 0.0971
336.83 20.71 23.33 11.42 0.0965
588.53 27.52 34.89 24.08 0.0963
898.02 237.36 45.73 34.57 0.0962
503.67 178.24 70.23 43.29 0.0954
810.78 155.06 53.10 25.74 0.0945
361.70 99.36 31.32 20.69 0.0943
441.89 47.16 59.47 34.87 0.0933
434.07 10.18 40.74 26.20 0.0929
877.80 200.40 29.19 18.15 0.0903
623.64 116.96 58.57 39.79 0.0891
6.39 9.76 23.94 15.19 0.0891
955.27 220.03 22.37 15.87 0.0886
106.14 50.41 64.98 46.02 0.0881
458.36 186.60 53.62 42.36 0.0875
661.68 8.68 28.44 15.24 0.0872
787.36 234.17 68.70 37.59 0.0863
587.60 249.68 35.65 18.31 0.0853
121.88 41.68 49.71 34.24 0.0852
629.28 165.76 82.14 62.65 0.0823
82.07 23.63 51.17 30.96 0.0813
812.03 215.64 60.95 38.64 0.0797
747.91 242.85 64.06 30.80 0.0792
199.45 0.00 44.62 10.53 0.0786
405.62 8.62 46.63 31.73 0.0780
2.20 15.74 27.50 19.64 0.0779
650.14 8.43 46.29 27.82 0.0777
229.00 34.25 27.04 18.26 0.0770
908.46 182.73 44.99 30.78 0.0760
390.30 121.95 43.84 27.79 0.0754
898.59 166.78 55.11 32.34 0.0746
277.90 58.07 41.52 27.23 0.0744
712.49 137.83 81.37 57.85 0.0741
738.23 107.82 45.28 29.27 0.0736
107.54 17.15 47.50 28.33 0.0730
248.80 113.72 51.92 33.22 0.0729
994.53 183.63 29.20 21.27 0.0716
253.59 32.87 30.11 18.25 0.0716
879.53 223.29 34.04 25.11 0.0709
555.44 164.20 82.97 64.55 0.0706
505.42 22.88 38.59 26.13 0.0702
370.90 213.19 28.39 18.98 0.0692
432.76 192.78 37.18 31.17 0.0691
911.89 254.82 39.41 20.18 0.0690
406.53 115.07 32.34 21.58 0.0690
662.45 0.67 28.79 10.42 0.0689
754.51 104.67 50.40 33.86 0.0684
405.31 174.95 25.08 15.35 0.0679
934.57 178.82 53.41 38.55 0.0677
517.38 183.46 96.24 60.78 0.0665
109.84 0.00 42.31 13.12 0.0665
127.06 111.09 54.43 35.74 0.0664
440.59 0.09 34.11 11.83 0.0662
268.25 179.01 65.19 55.69 0.0652
82.80 17.08 36.38 17.14 0.0652
367.56 198.20 43.85 32.26 0.0645
142.59 118.19 31.53 22.35 0.0645
366.53 0.33 43.91 20.25 0.0641
875.52 131.62 65.91 42.48 0.0639
597.66 219.65 49.70 30.62 0.0638
46.57 41.60 62.44 38.76 0.0633
530.72 124.63 67.53 58.56 0.0627
989.17 188.86 34.83 30.64 0.0622
604.56 249.04 50.09 25.06 0.0621
884.60 213.16 22.63 13.06 0.0619
614.05 6.20 62.27 41.52 0.0619
715.55 245.60 58.91 24.10 0.0619
456.35 20.53 48.67 35.80 0.0616
257.24 12.20 24.72 14.20 0.0613
671.80 174.77 64.14 40.84 0.0606
501.18 52.96 39.37 21.08 0.0604
704.74 186.20 71.09 39.97 0.0597
835.57 114.72 81.56 52.69 0.0595
995.62 170.98 28.38 18.94 0.0595
377.04 162.87 42.68 24.97 0.0590
113.53 5.25 42.95 22.16 0.0586
368.33 35.86 38.89 30.21 0.0580
660.51 23.12 61.04 37.10 0.0578
603.56 195.69 63.13 37.49 0.0578
370.33 110.01 30.97 21.41 0.0568
926.72 151.82 53.30 37.82 0.0562
509.10 65.27 38.18 28.81 0.0559
678.20 12.55 45.41 24.38 0.0557
211.26 147.61 53.65 55.46 0.0556
993.20 241.29 25.14 20.50 0.0556
508.99 118.32 49.39 37.37 0.0555
534.89 17.12 42.78 24.85 0.0553
622.72 2.00 34.96 21.58 0.0552
349.84 233.47 55.81 39.42 0.0546
74.82 0.00 37.33 10.01 0.0537
93.34 109.55 39.92 29.57 0.0535
929.41 238.47 52.65 34.19 0.0532
567.66 125.29 122.35 78.90 0.0529
947.08 196.73 40.78 31.22 0.0529
993.74 263.03 30.26 11.97 0.0529
739.76 108.93 69.59 53.00 0.0527
371.34 171.86 52.70 32.08 0.0521
930.17 262.55 49.29 12.45 0.0521
306.85 192.53 68.62 47.77 0.0516
739.36 95.49 34.07 25.32 0.0513
585.15 0.00 38.54 10.87 0.0512
271.92 117.08 53.21 36.10 0.0510
780.43 88.91 89.14 51.62 0.0509
250.00 46.07 33.23 19.29 0.0509
388.90 137.77 43.84 29.53 0.0503
5.43 0.00 30.00 12.15 0.0500
