45_Balloonist_Balloonist_45_936
200
543.40 269.18 480.60 344.78 0.1490
168.98 104.91 434.48 290.34 0.1126
271.81 343.11 387.97 400.21 0.1004
512.92 432.72 511.08 374.74 0.0973
151.27 372.22 264.05 464.92 0.0932
453.01 358.66 343.72 395.36 0.0910
344.13 195.26 389.05 300.52 0.0862
135.15 531.13 241.77 492.87 0.0861
531.03 514.85 322.40 509.15 0.0819
377.79 459.42 328.40 522.23 0.0734
463.60 118.63 529.80 277.38 0.0727
152.25 124.38 264.27 427.09 0.0679
499.50 67.77 151.01 130.80 0.0603
208.42 425.35 355.47 543.71 0.0583
630.98 192.54 168.40 126.49 0.0565
701.82 251.62 107.23 159.20 0.0556
649.08 365.00 120.53 209.30 0.0542
692.13 371.84 137.69 165.34 0.0531
582.82 243.22 127.13 141.75 0.0527
607.86 269.21 136.56 181.03 0.0524
491.46 33.98 414.96 219.63 0.0520
87.71 12.85 219.27 372.27 0.0518
465.87 392.44 118.30 174.93 0.0516
708.51 190.15 166.03 129.32 0.0510
699.58 611.76 108.32 192.12 0.0503
187.72 728.68 103.87 222.94 0.0502
484.44 36.96 173.77 97.21 0.0502
732.08 658.07 109.45 199.83 0.0493
845.09 839.93 122.06 166.17 0.0493
17.43 465.03 177.85 558.97 0.0492
406.37 372.16 108.35 189.53 0.0491
154.01 671.28 110.71 191.40 0.0488
82.42 243.16 243.24 404.65 0.0487
781.75 679.24 145.46 137.54 0.0484
820.11 172.68 100.12 173.58 0.0471
834.79 440.33 115.56 239.29 0.0469
477.37 339.35 121.85 155.28 0.0464
758.47 698.17 118.78 211.10 0.0461
831.03 621.29 113.23 165.99 0.0460
849.24 250.03 123.83 183.39 0.0459
832.81 345.40 113.88 219.17 0.0454
733.90 248.94 137.65 182.34 0.0453
769.02 208.65 126.69 159.46 0.0452
548.81 248.55 108.93 169.96 0.0450
807.04 805.87 103.90 186.11 0.0447
821.31 782.17 153.57 134.33 0.0444
566.27 58.56 122.80 210.21 0.0441
575.47 358.08 125.90 194.37 0.0440
541.53 490.03 118.35 225.69 0.0437
453.20 54.90 144.60 117.37 0.0435
551.85 805.38 105.44 191.46 0.0425
425.57 812.50 124.17 187.36 0.0422
585.65 828.78 129.25 186.86 0.0418
444.96 35.53 99.67 227.07 0.0418
354.65 362.66 108.52 199.41 0.0415
622.51 466.86 111.97 193.88 0.0413
512.78 137.32 104.10 236.35 0.0412
520.54 274.77 99.92 193.64 0.0412
572.07 447.82 123.74 194.94 0.0408
734.80 626.04 156.96 140.59 0.0407
210.85 653.39 114.68 221.48 0.0406
668.11 669.09 102.17 192.09 0.0404
729.24 733.55 108.29 229.61 0.0403
510.61 546.14 112.39 210.57 0.0401
695.62 415.73 102.11 236.85 0.0399
412.85 4.88 156.10 95.88 0.0398
441.48 590.79 114.59 204.07 0.0397
435.43 331.19 108.87 188.57 0.0396
104.35 754.84 111.49 186.77 0.0395
13.64 39.44 105.03 134.47 0.0393
57.93 676.85 77.17 231.38 0.0389
210.18 780.04 124.23 219.82 0.0388
480.03 638.48 107.89 213.46 0.0386
661.10 550.92 110.06 192.69 0.0385
382.53 58.75 143.29 127.02 0.0384
585.66 30.05 147.03 110.10 0.0384
811.63 292.03 100.72 183.27 0.0383
512.10 741.21 106.18 215.06 0.0381
557.74 169.96 103.45 173.32 0.0380
0.00 0.00 93.80 91.63 0.0377
666.83 31.42 120.05 130.52 0.0376
539.22 340.04 118.89 152.54 0.0376
460.99 829.22 148.28 143.05 0.0372
52.71 777.24 77.14 225.85 0.0370
422.20 705.83 117.92 180.33 0.0370
638.03 606.78 104.53 202.88 0.0369
759.01 363.95 116.08 187.71 0.0367
476.99 0.00 323.02 166.65 0.0367
642.90 819.39 148.97 143.00 0.0366
532.13 391.41 125.68 215.54 0.0365
796.44 440.51 105.32 198.13 0.0365
614.84 123.96 112.61 191.52 0.0361
386.68 762.65 119.15 182.87 0.0358
364.00 473.38 111.07 186.49 0.0355
198.09 296.59 133.65 236.29 0.0350
197.63 399.89 104.00 216.23 0.0347
159.27 807.50 107.49 191.87 0.0345
625.76 4.38 137.99 100.62 0.0345
792.85 579.47 115.19 162.45 0.0343
494.36 0.00 170.54 70.39 0.0342
651.11 50.46 123.48 235.77 0.0342
406.92 87.71 99.71 174.71 0.0342
74.09 659.91 123.76 189.98 0.0341
174.95 0.00 337.99 177.31 0.0341
333.97 37.58 138.89 116.51 0.0341
697.01 0.56 130.03 103.23 0.0339
472.01 494.27 105.35 208.89 0.0339
406.60 498.00 108.26 208.19 0.0337
482.15 224.60 103.17 199.87 0.0334
848.52 110.73 108.98 204.32 0.0333
468.84 116.15 105.80 198.64 0.0333
148.23 116.26 127.00 186.96 0.0331
405.17 6.71 314.50 321.89 0.0329
587.45 533.25 108.97 210.36 0.0328
147.62 311.30 114.39 192.49 0.0328
52.23 40.61 113.99 157.00 0.0327
28.91 705.08 69.51 216.59 0.0327
697.63 57.26 148.77 118.64 0.0327
776.19 7.69 140.44 100.56 0.0327
25.71 799.85 70.14 209.81 0.0326
369.11 275.08 108.61 194.76 0.0324
170.17 617.05 137.90 186.32 0.0318
204.23 64.77 148.42 129.73 0.0317
389.55 598.25 113.04 195.99 0.0317
75.95 786.31 103.25 202.90 0.0316
0.00 7.66 61.71 207.85 0.0316
201.31 84.65 102.83 189.89 0.0313
93.97 35.41 142.67 132.36 0.0310
198.06 494.82 124.49 218.31 0.0310
552.82 601.79 105.56 212.53 0.0309
749.89 0.00 274.11 177.36 0.0307
440.77 161.25 103.27 204.14 0.0307
714.63 836.38 86.08 187.62 0.0307
827.01 34.11 123.27 124.16 0.0307
185.40 8.21 143.17 94.63 0.0306
720.12 82.30 113.17 180.87 0.0306
0.00 905.40 45.88 118.60 0.0305
286.54 3.59 153.07 96.93 0.0304
164.65 182.42 105.34 206.02 0.0304
156.14 59.29 118.48 118.89 0.0300
783.09 24.76 105.57 171.16 0.0299
635.05 693.75 101.42 222.47 0.0298
302.68 323.54 110.37 198.46 0.0297
362.47 811.81 123.82 211.19 0.0297
258.01 256.52 117.72 210.02 0.0297
251.71 419.13 114.57 222.92 0.0293
444.18 455.63 98.57 206.73 0.0293
548.89 686.48 113.11 223.28 0.0291
52.18 0.00 137.72 60.90 0.0289
263.40 88.50 102.47 198.94 0.0289
337.13 72.64 101.74 195.41 0.0288
0.00 85.18 245.37 439.41 0.0288
402.20 0.00 95.14 157.51 0.0288
715.09 559.43 139.09 176.75 0.0286
336.81 155.73 108.35 205.45 0.0285
405.30 289.70 151.63 148.03 0.0285
261.11 41.64 133.30 117.52 0.0284
21.65 540.89 65.99 224.85 0.0283
724.80 0.00 165.58 64.50 0.0280
307.17 408.53 108.79 219.82 0.0280
346.62 0.00 198.88 53.92 0.0279
17.95 100.76 62.34 146.21 0.0278
752.20 838.22 85.36 185.78 0.0276
91.51 0.00 151.46 83.45 0.0275
799.33 71.99 111.17 191.02 0.0274
307.22 515.97 100.47 199.31 0.0267
1.53 243.34 119.50 201.48 0.0266
310.19 0.00 349.18 156.47 0.0265
0.00 359.37 226.61 334.13 0.0263
67.74 0.00 85.20 124.99 0.0260
212.60 183.91 121.97 208.97 0.0260
311.09 207.60 102.81 202.42 0.0259
266.56 176.93 104.17 195.52 0.0257
767.73 486.62 116.92 230.19 0.0257
374.70 119.61 98.14 200.65 0.0257
796.86 0.00 172.07 59.03 0.0257
869.69 185.49 118.34 178.57 0.0257
138.33 925.92 174.67 98.08 0.0254
0.00 651.35 68.30 198.75 0.0254
255.78 706.35 112.34 211.47 0.0252
308.18 108.41 97.05 209.46 0.0249
126.47 594.59 105.96 215.88 0.0249
860.89 542.10 122.68 223.25 0.0245
0.00 794.82 65.43 199.03 0.0245
953.28 0.00 70.72 112.46 0.0245
283.20 800.14 123.57 208.00 0.0244
43.93 613.89 105.41 195.88 0.0240
598.08 648.04 102.92 206.94 0.0238
493.17 884.34 161.72 133.82 0.0236
355.12 685.70 113.14 198.10 0.0235
876.24 373.35 131.80 183.11 0.0234
269.01 558.16 110.23 209.65 0.0230
0.00 0.00 205.98 175.03 0.0230
824.16 904.97 116.42 119.03 0.0227
863.62 479.87 160.38 147.52 0.0227
330.21 742.80 119.08 221.63 0.0226
92.50 148.82 151.20 188.26 0.0226
671.95 921.01 172.88 102.99 0.0223
19.48 276.80 61.21 206.19 0.0221
348.24 514.59 98.35 239.40 0.0221
