17_Ceremony_Ceremony_17_470
200
0.00 0.00 88.77 41.02 0.4825
69.07 0.00 92.84 41.02 0.4825
142.22 0.00 92.84 41.02 0.4825
215.36 0.00 92.84 41.02 0.4825
288.50 0.00 92.84 41.02 0.4825
361.65 0.00 92.84 41.02 0.4825
434.79 0.00 92.84 41.02 0.4825
507.93 0.00 92.84 41.02 0.4825
581.07 0.00 92.84 41.02 0.4825
654.22 0.00 92.84 41.02 0.4825
727.36 0.00 92.84 41.02 0.4825
800.50 0.00 92.84 41.02 0.4825
873.65 0.00 92.84 41.02 0.4825
946.79 0.00 77.21 41.02 0.4825
0.00 19.43 88.77 49.24 0.4825
69.07 19.43 92.84 49.24 0.4825
142.22 19.43 92.84 49.24 0.4825
215.36 19.43 92.84 49.24 0.4825
288.50 19.43 92.84 49.24 0.4825
361.65 19.43 92.84 49.24 0.4825
434.79 19.43 92.84 49.24 0.4825
507.93 19.43 92.84 49.24 0.4825
581.07 19.43 92.84 49.24 0.4825
654.22 19.43 92.84 49.24 0.4825
727.36 19.43 92.84 49.24 0.4825
800.50 19.43 92.84 49.24 0.4825
873.65 19.43 92.84 49.24 0.4825
946.79 19.43 77.21 49.24 0.4825
0.00 47.07 88.77 49.24 0.4825
69.07 47.07 92.84 49.24 0.4825
142.22 47.07 92.84 49.24 0.4825
215.36 47.07 92.84 49.24 0.4825
288.50 47.07 92.84 49.24 0.4825
361.65 47.07 92.84 49.24 0.4825
434.79 47.07 92.84 49.24 0.4825
507.93 47.07 92.84 49.24 0.4825
581.07 47.07 92.84 49.24 0.4825
654.22 47.07 92.84 49.24 0.4825
727.36 47.07 92.84 49.24 0.4825
800.50 47.07 92.84 49.24 0.4825
873.65 47.07 92.84 49.24 0.4825
946.79 47.07 77.21 49.24 0.4825
0.00 74.72 88.77 49.24 0.4825
69.07 74.72 92.84 49.24 0.4825
142.22 74.72 92.84 49.24 0.4825
215.36 74.72 92.84 49.24 0.4825
288.50 74.72 92.84 49.24 0.4825
361.65 74.72 92.84 49.24 0.4825
434.79 74.72 92.84 49.24 0.4825
507.93 74.72 92.84 49.24 0.4825
581.07 74.72 92.84 49.24 0.4825
654.22 74.72 92.84 49.24 0.4825
727.36 74.72 92.84 49.24 0.4825
800.50 74.72 92.84 49.24 0.4825
873.65 74.72 92.84 49.24 0.4825
946.79 74.72 77.21 49.24 0.4825
0.00 102.36 88.77 49.24 0.4825
69.07 102.36 92.84 49.24 0.4825
142.22 102.36 92.84 49.24 0.4825
215.36 102.36 92.84 49.24 0.4825
288.50 102.36 92.84 49.24 0.4825
361.65 102.36 92.84 49.24 0.4825
434.79 102.36 92.84 49.24 0.4825
507.93 102.36 92.84 49.24 0.4825
581.07 102.36 92.84 49.24 0.4825
654.22 102.36 92.84 49.24 0.4825
727.36 102.36 92.84 49.24 0.4825
800.50 102.36 92.84 49.24 0.4825
873.65 102.36 92.84 49.24 0.4825
946.79 102.36 77.21 49.24 0.4825
0.00 130.00 88.77 49.24 0.4825
69.07 130.00 92.84 49.24 0.4825
142.22 130.00 92.84 49.24 0.4825
215.36 130.00 92.84 49.24 0.4825
288.50 130.00 92.84 49.24 0.4825
361.65 130.00 92.84 49.24 0.4825
434.79 130.00 92.84 49.24 0.4825
507.93 130.00 92.84 49.24 0.4825
581.07 130.00 92.84 49.24 0.4825
654.22 130.00 92.84 49.24 0.4825
727.36 130.00 92.84 49.24 0.4825
800.50 130.00 92.84 49.24 0.4825
873.65 130.00 92.84 49.24 0.4825
946.79 130.00 77.21 49.24 0.4825
0.00 157.64 88.77 49.24 0.4825
69.07 157.64 92.84 49.24 0.4825
142.22 157.64 92.84 49.24 0.4825
215.36 157.64 92.84 49.24 0.4825
288.50 157.64 92.84 49.24 0.4825
361.65 157.64 92.84 49.24 0.4825
434.79 157.64 92.84 49.24 0.4825
507.93 157.64 92.84 49.24 0.4825
581.07 157.64 92.84 49.24 0.4825
654.22 157.64 92.84 49.24 0.4825
727.36 157.64 92.84 49.24 0.4825
800.50 157.64 92.84 49.24 0.4825
873.65 157.64 92.84 49.24 0.4825
946.79 157.64 77.21 49.24 0.4825
0.00 185.29 88.77 49.24 0.4825
69.07 185.29 92.84 49.24 0.4825
142.22 185.29 92.84 49.24 0.4825
215.36 185.29 92.84 49.24 0.4825
288.50 185.29 92.84 49.24 0.4825
361.65 185.29 92.84 49.24 0.4825
434.79 185.29 92.84 49.24 0.4825
507.93 185.29 92.84 49.24 0.4825
581.07 185.29 92.84 49.24 0.4825
654.22 185.29 92.84 49.24 0.4825
727.36 185.29 92.84 49.24 0.4825
800.50 185.29 92.84 49.24 0.4825
873.65 185.29 92.84 49.24 0.4825
946.79 185.29 77.21 49.24 0.4825
0.00 212.93 88.77 49.24 0.4825
69.07 212.93 92.84 49.24 0.4825
142.22 212.93 92.84 49.24 0.4825
215.36 212.93 92.84 49.24 0.4825
288.50 212.93 92.84 49.24 0.4825
361.65 212.93 92.84 49.24 0.4825
434.79 212.93 92.84 49.24 0.4825
507.93 212.93 92.84 49.24 0.4825
581.07 212.93 92.84 49.24 0.4825
654.22 212.93 92.84 49.24 0.4825
727.36 212.93 92.84 49.24 0.4825
800.50 212.93 92.84 49.24 0.4825
873.65 212.93 92.84 49.24 0.4825
946.79 212.93 77.21 49.24 0.4825
0.00 240.57 88.77 49.24 0.4825
69.07 240.57 92.84 49.24 0.4825
142.22 240.57 92.84 49.24 0.4825
215.36 240.57 92.84 49.24 0.4825
288.50 240.57 92.84 49.24 0.4825
361.65 240.57 92.84 49.24 0.4825
434.79 240.57 92.84 49.24 0.4825
507.93 240.57 92.84 49.24 0.4825
581.07 240.57 92.84 49.24 0.4825
654.22 240.57 92.84 49.24 0.4825
727.36 240.57 92.84 49.24 0.4825
800.50 240.57 92.84 49.24 0.4825
873.65 240.57 92.84 49.24 0.4825
946.79 240.57 77.21 49.24 0.4825
0.00 268.22 88.77 49.24 0.4825
69.07 268.22 92.84 49.24 0.4825
142.22 268.22 92.84 49.24 0.4825
215.36 268.22 92.84 49.24 0.4825
288.50 268.22 92.84 49.24 0.4825
361.65 268.22 92.84 49.24 0.4825
434.79 268.22 92.84 49.24 0.4825
507.93 268.22 92.84 49.24 0.4825
581.07 268.22 92.84 49.24 0.4825
654.22 268.22 92.84 49.24 0.4825
727.36 268.22 92.84 49.24 0.4825
800.50 268.22 92.84 49.24 0.4825
873.65 268.22 92.84 49.24 0.4825
946.79 268.22 77.21 49.24 0.4825
0.00 295.86 88.77 49.24 0.4825
69.07 295.86 92.84 49.24 0.4825
142.22 295.86 92.84 49.24 0.4825
215.36 295.86 92.84 49.24 0.4825
288.50 295.86 92.84 49.24 0.4825
361.65 295.86 92.84 49.24 0.4825
434.79 295.86 92.84 49.24 0.4825
507.93 295.86 92.84 49.24 0.4825
581.07 295.86 92.84 49.24 0.4825
654.22 295.86 92.84 49.24 0.4825
727.36 295.86 92.84 49.24 0.4825
800.50 295.86 92.84 49.24 0.4825
873.65 295.86 92.84 49.24 0.4825
946.79 295.86 77.21 49.24 0.4825
0.00 323.50 88.77 49.24 0.4825
69.07 323.50 92.84 49.24 0.4825
142.22 323.50 92.84 49.24 0.4825
215.36 323.50 92.84 49.24 0.4825
288.50 323.50 92.84 49.24 0.4825
361.65 323.50 92.84 49.24 0.4825
434.79 323.50 92.84 49.24 0.4825
507.93 323.50 92.84 49.24 0.4825
581.07 323.50 92.84 49.24 0.4825
654.22 323.50 92.84 49.24 0.4825
727.36 323.50 92.84 49.24 0.4825
800.50 323.50 92.84 49.24 0.4825
873.65 323.50 92.84 49.24 0.4825
946.79 323.50 77.21 49.24 0.4825
0.00 351.14 88.77 49.24 0.4825
69.07 351.14 92.84 49.24 0.4825
142.22 351.14 92.84 49.24 0.4825
215.36 351.14 92.84 49.24 0.4825
288.50 351.14 92.84 49.24 0.4825
361.65 351.14 92.84 49.24 0.4825
434.79 351.14 92.84 49.24 0.4825
507.93 351.14 92.84 49.24 0.4825
581.07 351.14 92.84 49.24 0.4825
654.22 351.14 92.84 49.24 0.4825
727.36 351.14 92.84 49.24 0.4825
800.50 351.14 92.84 49.24 0.4825
873.65 351.14 92.84 49.24 0.4825
946.79 351.14 77.21 49.24 0.4825
0.00 378.79 88.77 49.24 0.4825
69.07 378.79 92.84 49.24 0.4825
142.22 378.79 92.84 49.24 0.4825
215.36 378.79 92.84 49.24 0.4825
