52_Photographers_photographertakingphoto_52_263
19
602.98 299.90 421.02 337.31 0.3258
107.34 313.14 148.11 306.98 0.2334
104.17 323.42 447.55 287.45 0.2279
13.87 380.92 51.08 323.86 0.2087
414.08 312.06 412.68 301.94 0.2028
67.35 384.83 86.14 338.17 0.2024
169.06 309.17 170.13 313.82 0.1723
44.17 239.59 141.49 330.18 0.1244
5.55 262.84 67.75 280.01 0.1009
585.40 0.00 438.60 85.28 0.0810
552.15 42.09 471.85 129.76 0.0765
86.10 425.90 185.93 297.10 0.0623
318.20 255.78 320.80 306.90 0.0567
446.01 57.01 351.66 98.83 0.0500
580.12 83.76 443.88 333.34 0.0337
457.17 72.28 475.74 190.95 0.0318
470.11 173.04 455.27 338.32 0.0248
433.95 21.16 371.92 57.36 0.0244
98.80 210.58 166.19 268.07 0.0227
