51_Dresses_wearingdress_51_633
35
371.83 107.05 353.31 224.91 0.2503
509.00 113.53 515.00 231.61 0.1443
611.78 699.55 412.22 540.69 0.1364
508.44 201.31 515.56 326.54 0.1203
366.00 195.80 362.04 328.84 0.1087
240.58 110.05 327.46 237.57 0.1053
365.43 45.25 365.98 104.71 0.0975
109.39 784.21 147.18 665.28 0.0886
600.01 352.87 423.99 685.54 0.0685
52.93 778.66 118.46 692.07 0.0655
630.22 14.82 393.78 149.57 0.0644
10.27 922.13 52.77 575.87 0.0594
467.03 299.70 460.24 425.74 0.0525
174.12 662.80 162.32 627.01 0.0518
257.88 36.89 289.05 108.20 0.0444
277.56 308.48 400.96 396.08 0.0422
20.64 688.58 31.85 581.15 0.0402
0.00 3.99 67.25 147.01 0.0395
119.44 659.17 410.19 627.08 0.0393
100.21 505.92 166.92 656.30 0.0364
116.05 236.55 131.37 282.78 0.0325
20.12 192.82 33.11 367.37 0.0315
245.13 451.56 460.84 747.33 0.0311
180.84 225.49 148.56 302.05 0.0306
66.93 228.25 83.41 294.64 0.0304
157.11 207.09 348.25 336.00 0.0293
20.04 96.57 33.90 257.36 0.0287
109.56 340.65 144.98 352.73 0.0264
172.98 124.33 162.93 221.57 0.0257
58.53 324.66 100.49 387.52 0.0244
54.38 501.33 116.60 660.91 0.0238
65.57 130.11 84.34 197.22 0.0214
516.90 43.64 358.82 78.90 0.0207
129.78 926.50 252.26 571.50 0.0206
109.84 133.47 138.88 197.65 0.0205
