51_Dresses_wearingdress_51_335
17
449.30 208.79 493.45 334.18 0.3368
490.95 281.37 533.05 484.81 0.2381
406.60 118.35 429.86 291.78 0.1882
297.08 167.83 357.13 417.60 0.1113
210.16 111.48 384.64 248.87 0.0973
316.03 298.58 467.20 473.09 0.0951
493.13 415.32 530.87 823.56 0.0579
625.64 933.10 398.36 602.90 0.0530
615.34 92.84 408.66 292.55 0.0461
633.60 6.78 390.40 158.44 0.0410
167.39 313.81 178.37 417.89 0.0402
0.00 1.73 67.40 156.54 0.0371
108.65 309.82 147.69 437.47 0.0362
4.20 977.69 60.55 558.31 0.0305
294.83 35.15 358.64 122.58 0.0296
227.53 282.97 355.39 789.64 0.0247
178.68 36.63 302.67 112.09 0.0217
