10_People_Marching_People_Marching_2_496
200
928.12 639.56 80.55 135.09 0.1922
50.59 274.01 80.21 134.54 0.1921
50.59 914.01 80.21 134.54 0.1921
50.55 1051.12 80.24 134.58 0.1921
50.58 456.81 80.22 134.59 0.1920
50.58 548.24 80.22 134.59 0.1920
50.58 639.67 80.22 134.59 0.1920
50.58 731.10 80.22 134.59 0.1920
50.58 822.53 80.22 134.59 0.1920
50.52 91.10 80.28 134.59 0.1920
50.52 365.38 80.28 134.59 0.1920
50.22 0.00 80.91 134.97 0.1919
928.16 731.01 80.49 135.06 0.1919
928.16 822.43 80.49 135.06 0.1919
50.59 182.58 80.16 134.52 0.1917
928.01 0.00 80.91 135.20 0.1916
928.18 502.41 80.47 135.07 0.1916
86.54 0.00 81.22 135.33 0.1916
13.59 0.00 80.83 134.83 0.1915
415.97 319.06 80.73 135.53 0.1915
525.68 319.06 80.73 135.53 0.1915
562.25 364.77 80.73 135.53 0.1915
525.68 410.49 80.73 135.53 0.1915
489.11 501.91 80.73 135.53 0.1915
415.97 639.06 80.73 135.53 0.1915
598.76 364.77 80.79 135.52 0.1915
635.33 410.49 80.79 135.52 0.1915
928.20 319.64 80.41 134.96 0.1915
159.97 136.40 80.61 135.31 0.1915
489.12 364.97 80.70 135.32 0.1915
196.54 364.78 80.74 135.67 0.1915
525.68 593.35 80.74 135.67 0.1915
489.11 639.06 80.74 135.67 0.1915
562.25 639.06 80.74 135.67 0.1915
818.25 821.92 80.74 135.67 0.1915
562.25 867.63 80.74 135.67 0.1915
781.61 410.49 80.81 135.66 0.1915
562.18 456.20 80.81 135.66 0.1915
598.75 456.20 80.81 135.66 0.1915
415.90 501.92 80.81 135.66 0.1915
525.61 501.92 80.81 135.66 0.1915
562.18 547.63 80.81 135.66 0.1915
598.75 547.63 80.81 135.66 0.1915
635.32 547.63 80.81 135.66 0.1915
159.90 639.06 80.81 135.66 0.1915
452.47 639.06 80.81 135.66 0.1915
196.47 684.78 80.81 135.66 0.1915
598.75 867.63 80.81 135.66 0.1915
123.16 0.00 81.16 135.31 0.1914
123.40 182.07 80.71 135.37 0.1913
452.55 319.21 80.71 135.37 0.1913
708.55 364.92 80.71 135.37 0.1913
269.69 867.78 80.71 135.37 0.1913
306.26 913.49 80.71 135.37 0.1913
598.74 0.00 81.01 135.24 0.1913
671.91 364.92 80.77 135.37 0.1913
928.21 91.22 80.39 134.81 0.1913
159.76 0.00 81.13 135.32 0.1913
379.42 319.24 80.69 135.30 0.1913
196.54 136.45 80.64 135.29 0.1913
233.11 136.20 80.73 135.53 0.1913
269.68 181.92 80.73 135.53 0.1913
415.89 227.67 80.82 135.65 0.1913
233.11 273.35 80.73 135.53 0.1913
269.68 273.35 80.73 135.53 0.1913
342.83 319.06 80.73 135.53 0.1913
269.68 364.78 80.73 135.53 0.1913
306.25 364.78 80.73 135.53 0.1913
745.11 364.78 80.73 135.53 0.1913
269.68 456.20 80.73 135.53 0.1913
452.54 456.45 80.64 135.29 0.1913
196.46 547.67 80.82 135.65 0.1913
854.75 684.78 80.80 135.64 0.1913
415.97 730.49 80.73 135.53 0.1913
452.54 776.20 80.73 135.53 0.1913
525.68 776.20 80.73 135.53 0.1913
233.11 867.63 80.73 135.53 0.1913
342.83 867.63 80.73 135.53 0.1913
379.40 867.63 80.73 135.53 0.1913
489.11 867.63 80.73 135.53 0.1913
818.26 913.35 80.73 135.53 0.1913
269.68 959.06 80.73 135.53 0.1913
342.83 959.06 80.73 135.53 0.1913
489.11 959.06 80.73 135.53 0.1913
525.68 959.06 80.73 135.53 0.1913
306.25 1004.78 80.73 135.53 0.1913
379.40 1004.78 80.73 135.53 0.1913
415.97 1004.78 80.73 135.53 0.1913
635.26 0.00 81.06 135.30 0.1913
379.33 456.20 80.79 135.52 0.1913
671.90 456.20 80.79 135.52 0.1913
708.47 456.20 80.79 135.52 0.1913
452.47 913.35 80.79 135.52 0.1913
452.47 1004.78 80.79 135.52 0.1913
562.05 0.00 81.12 135.29 0.1913
671.76 0.00 81.12 135.29 0.1913
781.45 0.00 81.16 135.28 0.1913
196.54 913.50 80.73 135.52 0.1913
86.76 182.07 80.79 135.51 0.1913
928.21 228.22 80.41 134.96 0.1913
196.29 0.00 81.19 135.34 0.1912
379.21 0.00 81.10 135.29 0.1912
415.78 0.00 81.10 135.29 0.1912
452.35 0.00 81.10 135.29 0.1912
525.49 0.00 81.10 135.29 0.1912
671.97 227.64 80.74 135.67 0.1912
708.54 227.64 80.74 135.67 0.1912
123.40 273.35 80.74 135.67 0.1912
159.97 273.35 80.74 135.67 0.1912
306.25 273.35 80.74 135.67 0.1912
635.40 273.35 80.74 135.67 0.1912
196.54 456.21 80.74 135.67 0.1912
306.25 456.21 80.74 135.67 0.1912
342.82 456.21 80.74 135.67 0.1912
233.11 501.92 80.74 135.67 0.1912
233.11 639.07 80.74 135.67 0.1912
306.25 639.07 80.74 135.67 0.1912
342.82 639.07 80.74 135.67 0.1912
598.82 639.07 80.74 135.67 0.1912
525.68 684.78 80.74 135.67 0.1912
342.82 730.49 80.74 135.67 0.1912
598.82 730.49 80.74 135.67 0.1912
379.40 776.21 80.74 135.67 0.1912
306.25 821.92 80.74 135.67 0.1912
415.97 821.92 80.74 135.67 0.1912
525.68 867.64 80.74 135.67 0.1912
159.97 913.35 80.74 135.67 0.1912
562.25 1004.78 80.74 135.67 0.1912
488.88 0.00 81.13 135.31 0.1912
854.55 0.00 81.22 135.31 0.1912
196.47 273.35 80.81 135.66 0.1912
159.90 364.78 80.81 135.66 0.1912
233.04 364.78 80.81 135.66 0.1912
123.33 456.21 80.81 135.66 0.1912
745.04 456.21 80.81 135.66 0.1912
159.90 501.92 80.81 135.66 0.1912
123.33 547.64 80.81 135.66 0.1912
452.47 547.64 80.81 135.66 0.1912
671.90 547.64 80.81 135.66 0.1912
708.47 547.64 80.81 135.66 0.1912
269.61 593.35 80.81 135.66 0.1912
123.33 639.07 80.81 135.66 0.1912
635.33 639.07 80.81 135.66 0.1912
269.61 684.78 80.81 135.66 0.1912
379.33 684.78 80.81 135.66 0.1912
123.33 730.49 80.81 135.66 0.1912
159.90 730.49 80.81 135.66 0.1912
233.04 730.49 80.81 135.66 0.1912
306.18 730.49 80.81 135.66 0.1912
489.04 730.49 80.81 135.66 0.1912
562.18 730.49 80.81 135.66 0.1912
635.33 730.49 80.81 135.66 0.1912
818.18 730.49 80.81 135.66 0.1912
269.61 776.21 80.81 135.66 0.1912
781.61 821.92 80.81 135.66 0.1912
415.90 913.35 80.81 135.66 0.1912
781.61 913.35 80.81 135.66 0.1912
598.76 959.07 80.81 135.66 0.1912
123.41 364.81 80.72 135.59 0.1912
306.27 547.67 80.72 135.59 0.1912
342.84 547.67 80.72 135.59 0.1912
159.98 821.95 80.72 135.59 0.1912
379.34 547.67 80.79 135.58 0.1912
123.34 821.95 80.79 135.58 0.1912
306.02 0.00 81.16 135.32 0.1912
342.59 0.00 81.16 135.32 0.1912
13.80 91.11 80.30 134.63 0.1912
13.80 319.69 80.30 134.63 0.1912
13.80 411.11 80.30 134.63 0.1912
13.80 502.54 80.30 134.63 0.1912
13.80 593.97 80.30 134.63 0.1912
13.80 685.40 80.30 134.63 0.1912
13.80 776.83 80.30 134.63 0.1912
13.80 868.26 80.30 134.63 0.1912
745.05 181.91 80.78 135.70 0.1911
781.62 181.91 80.78 135.70 0.1911
708.48 639.06 80.78 135.70 0.1911
415.96 410.68 80.64 135.34 0.1911
744.90 0.00 81.13 135.29 0.1911
891.48 0.00 80.72 134.99 0.1911
854.81 867.67 80.76 135.63 0.1911
233.04 959.30 80.78 135.27 0.1911
818.05 0.00 81.13 135.26 0.1911
562.25 273.38 80.74 135.51 0.1911
708.33 0.00 81.15 135.30 0.1911
818.18 410.52 80.80 135.50 0.1911
13.82 959.86 80.26 134.43 0.1911
635.61 1096.62 80.28 134.96 0.1911
269.48 0.00 81.10 135.32 0.1911
928.19 1051.04 80.46 135.02 0.1911
123.39 90.53 80.76 135.65 0.1910
489.10 273.38 80.76 135.65 0.1910
635.39 913.38 80.76 135.65 0.1910
854.82 959.07 80.74 135.64 0.1910
86.75 90.53 80.82 135.64 0.1910
562.18 181.96 80.82 135.64 0.1910
598.75 181.96 80.82 135.64 0.1910
635.32 181.96 80.82 135.64 0.1910
342.75 227.67 80.82 135.64 0.1910
379.32 227.67 80.82 135.64 0.1910
