58_Hockey_icehockey_puck_58_94
200
765.91 116.19 40.61 54.18 0.7697
443.80 118.91 35.46 49.89 0.7578
685.15 157.94 43.83 57.52 0.6353
571.55 150.44 41.63 48.40 0.6192
121.45 39.97 37.81 48.19 0.5277
2.57 39.60 25.69 45.64 0.3930
149.00 128.05 37.57 54.87 0.3597
298.81 96.24 33.51 40.03 0.3451
621.97 42.68 31.20 33.60 0.3141
533.47 245.92 46.43 48.14 0.2972
688.26 256.17 30.31 41.44 0.2900
319.54 98.80 35.03 42.92 0.2766
505.82 38.45 28.84 39.40 0.2604
813.35 218.72 51.29 53.63 0.2596
288.18 127.36 56.55 64.07 0.2596
595.19 92.32 34.22 41.10 0.2512
577.87 114.62 48.42 77.51 0.2405
656.89 85.19 27.10 38.75 0.2380
976.26 98.52 40.68 63.01 0.2326
869.40 130.97 72.63 67.43 0.2210
591.56 48.19 32.25 34.76 0.2186
607.25 88.27 39.00 55.81 0.2182
822.93 313.31 61.72 57.46 0.2101
623.57 55.84 32.64 45.95 0.2064
534.29 202.32 70.61 90.49 0.2033
792.52 275.91 151.21 180.54 0.1808
180.12 159.70 37.74 36.48 0.1805
63.21 25.50 32.88 47.43 0.1735
46.27 29.18 37.97 57.86 0.1727
605.88 119.92 41.18 50.37 0.1722
176.27 362.58 128.18 140.31 0.1683
663.82 289.97 24.46 36.15 0.1682
481.50 1.71 21.72 19.59 0.1662
281.85 153.18 64.53 68.41 0.1614
545.67 308.30 40.09 42.30 0.1581
810.73 194.56 64.63 57.12 0.1580
401.89 35.35 27.40 31.76 0.1577
412.14 3.31 19.72 20.39 0.1576
583.34 290.65 32.45 40.63 0.1569
626.92 186.22 38.04 42.78 0.1561
623.60 222.53 40.99 52.36 0.1544
572.71 247.51 48.52 54.82 0.1525
737.71 277.31 34.75 48.90 0.1463
868.94 83.13 62.30 73.65 0.1429
879.16 211.07 37.54 34.46 0.1422
342.43 26.61 22.28 31.73 0.1415
265.62 177.14 54.16 43.97 0.1393
904.33 215.65 39.78 37.97 0.1384
737.90 3.25 30.83 31.35 0.1365
668.65 261.59 32.49 40.74 0.1351
622.13 259.71 31.26 37.29 0.1334
483.41 26.72 29.27 42.55 0.1326
470.48 261.51 38.04 37.69 0.1317
125.48 339.20 118.30 164.80 0.1268
898.02 302.09 47.05 52.25 0.1263
444.75 235.18 28.56 33.77 0.1263
858.69 297.36 63.04 66.79 0.1263
659.37 225.04 32.41 46.86 0.1262
692.19 174.65 45.29 70.02 0.1256
682.03 118.76 49.20 78.64 0.1227
208.84 165.01 43.59 35.37 0.1222
51.93 146.54 27.90 31.82 0.1219
339.78 1.69 20.88 24.65 0.1218
69.36 184.29 30.05 39.50 0.1216
792.91 30.21 40.80 56.25 0.1206
819.04 286.34 57.58 58.26 0.1202
870.69 172.57 69.56 54.29 0.1193
737.30 305.44 39.06 47.37 0.1186
150.37 106.35 61.17 73.27 0.1178
761.66 260.93 36.13 48.60 0.1164
170.21 82.73 48.88 72.25 0.1161
841.88 155.94 56.59 52.03 0.1146
135.73 76.37 45.93 80.39 0.1145
1.93 75.08 30.12 47.25 0.1143
372.40 0.06 22.24 23.25 0.1125
618.65 166.00 38.02 49.40 0.1122
729.76 260.69 38.52 49.96 0.1121
506.29 149.85 50.27 52.03 0.1119
467.81 237.03 45.43 52.19 0.1115
447.98 26.93 22.77 32.42 0.1111
368.71 25.41 25.08 36.05 0.1108
448.32 0.75 21.33 19.94 0.1098
699.99 44.75 27.04 38.18 0.1097
684.61 397.42 54.72 65.49 0.1091
478.63 281.51 33.29 41.98 0.1089
552.57 29.30 24.14 31.03 0.1087
736.79 18.99 26.02 31.17 0.1084
739.76 33.07 30.99 46.90 0.1081
774.69 25.00 29.47 34.86 0.1071
521.84 295.30 54.63 53.37 0.1064
261.17 82.46 39.30 50.43 0.1064
591.88 30.70 28.75 34.30 0.1061
693.16 87.82 41.14 61.25 0.1044
902.94 292.89 39.71 34.70 0.1039
736.81 116.73 34.29 76.38 0.1033
200.09 77.06 57.29 71.70 0.1018
912.98 234.70 34.62 34.45 0.1018
482.68 51.30 30.61 56.20 0.1012
693.73 0.10 28.81 23.77 0.1008
473.17 107.63 29.19 60.44 0.1004
722.54 203.85 39.90 44.89 0.1002
153.38 164.83 37.95 51.54 0.1001
877.79 285.06 46.91 53.64 0.0997
557.28 2.43 19.54 16.45 0.0996
368.20 91.32 34.56 49.24 0.0994
363.95 114.53 33.93 45.85 0.0993
261.98 97.86 76.49 84.82 0.0990
892.91 318.51 62.62 73.05 0.0988
716.29 152.90 42.73 57.15 0.0982
762.91 58.42 46.54 74.06 0.0982
33.99 35.10 37.72 64.62 0.0981
764.88 238.19 38.78 42.01 0.0974
138.93 330.93 44.32 64.70 0.0964
66.10 142.60 31.79 40.63 0.0963
84.47 411.33 359.18 270.67 0.0938
645.41 334.34 43.64 56.49 0.0937
980.47 290.77 42.31 68.63 0.0930
477.45 154.96 36.79 40.69 0.0926
507.60 108.24 36.72 56.27 0.0925
618.85 269.67 42.89 57.80 0.0922
883.10 0.00 39.72 32.63 0.0920
659.26 86.89 40.73 70.34 0.0920
762.79 329.28 56.05 61.00 0.0917
517.95 273.16 63.51 54.57 0.0915
743.80 96.43 43.94 82.45 0.0913
144.46 429.38 88.24 98.37 0.0909
695.20 61.02 31.65 39.88 0.0907
211.16 181.44 45.76 42.19 0.0903
724.26 231.94 39.51 48.99 0.0898
408.94 167.18 33.07 39.98 0.0897
591.93 3.98 21.40 16.31 0.0896
943.58 39.07 73.40 134.32 0.0894
621.30 485.45 42.43 32.88 0.0886
578.53 331.91 47.18 52.71 0.0884
205.80 131.55 58.72 66.34 0.0880
325.81 208.68 37.45 41.87 0.0878
272.45 177.15 79.74 93.87 0.0878
632.73 360.30 63.54 89.78 0.0877
653.16 45.99 32.55 39.29 0.0868
173.43 56.14 47.55 69.28 0.0856
408.11 235.74 34.00 36.13 0.0856
552.61 77.55 45.74 59.61 0.0852
726.60 420.60 47.85 61.11 0.0851
209.37 29.56 44.08 65.27 0.0850
689.65 294.01 45.68 56.36 0.0849
0.00 0.00 35.42 57.29 0.0842
249.89 382.08 77.23 92.41 0.0840
438.60 64.33 41.22 76.40 0.0839
879.49 232.06 38.64 40.41 0.0838
984.42 57.56 39.58 85.25 0.0837
178.90 176.21 47.01 46.71 0.0832
876.28 4.53 43.67 58.26 0.0824
115.48 46.92 48.99 79.88 0.0822
942.19 240.23 33.90 37.06 0.0821
554.82 37.19 31.03 35.68 0.0817
626.22 5.38 30.52 25.84 0.0812
359.43 133.81 36.34 42.87 0.0806
656.26 28.13 31.61 29.56 0.0806
111.04 155.76 42.05 51.27 0.0805
658.78 419.56 56.42 62.97 0.0804
743.26 525.70 55.11 54.79 0.0802
185.92 41.60 34.36 45.02 0.0792
3.84 171.97 21.51 30.80 0.0787
561.41 370.23 77.26 84.31 0.0784
516.09 2.20 25.24 25.22 0.0773
299.69 0.00 26.10 23.26 0.0773
301.19 21.44 25.46 32.17 0.0770
493.77 474.72 272.45 149.48 0.0769
758.01 289.83 47.10 67.00 0.0762
695.99 18.49 31.11 38.76 0.0759
472.54 202.86 63.18 73.97 0.0750
884.61 259.09 44.53 49.67 0.0749
143.49 251.44 29.96 37.55 0.0747
406.24 189.72 34.03 44.11 0.0744
434.76 252.04 44.79 47.19 0.0742
109.75 1.21 51.77 78.43 0.0738
347.02 274.23 61.55 95.82 0.0734
214.58 351.81 71.15 98.79 0.0733
352.64 153.46 45.89 58.01 0.0729
868.88 29.00 56.91 67.70 0.0727
614.33 304.18 44.88 58.65 0.0724
655.38 459.07 63.11 63.99 0.0724
762.98 3.52 33.83 29.80 0.0711
138.17 341.30 63.09 102.37 0.0704
765.39 207.05 49.96 49.04 0.0699
612.93 336.57 44.04 54.00 0.0697
410.54 109.13 34.92 57.92 0.0697
682.03 311.06 61.48 77.38 0.0697
143.47 315.92 31.59 41.12 0.0696
48.78 125.25 26.73 38.05 0.0695
840.64 2.17 68.12 97.34 0.0689
992.14 210.19 31.86 46.93 0.0688
146.95 399.26 190.38 158.97 0.0684
748.63 325.37 113.75 130.44 0.0684
78.19 511.45 48.79 64.98 0.0682
34.46 233.94 35.85 34.73 0.0680
701.70 389.26 68.92 79.29 0.0677
477.63 167.81 54.50 68.16 0.0676
673.74 460.26 77.07 81.54 0.0672
351.73 184.04 46.16 60.98 0.0664
