58_Hockey_icehockey_puck_58_592
69
877.46 380.47 27.63 41.33 0.4117
812.50 379.39 25.70 46.33 0.3448
955.92 396.32 32.51 38.29 0.3141
646.04 362.16 46.89 59.13 0.2387
515.09 400.36 60.25 78.39 0.2112
533.63 340.91 37.75 42.36 0.2045
547.78 458.84 254.76 168.27 0.1996
832.53 384.04 42.72 56.27 0.1738
515.79 372.08 57.18 67.32 0.1373
823.07 408.47 52.80 87.05 0.1259
43.65 456.55 171.71 140.09 0.1238
385.09 491.31 118.49 118.51 0.1224
31.46 463.33 84.62 80.69 0.1204
682.48 322.94 37.13 44.77 0.1201
650.29 356.43 78.56 82.69 0.1136
33.26 123.36 50.48 64.53 0.1093
180.34 321.90 29.91 32.65 0.1088
443.64 497.40 62.91 79.89 0.1069
15.17 123.74 118.51 145.04 0.1058
620.27 428.41 109.00 105.34 0.1056
985.30 373.15 32.27 46.16 0.1028
576.11 446.88 93.24 101.71 0.0988
992.36 353.76 30.55 48.76 0.0978
797.75 559.64 45.63 48.83 0.0953
714.44 372.54 51.28 67.01 0.0933
676.78 463.27 139.81 121.31 0.0877
950.45 362.07 32.11 41.28 0.0874
993.70 312.90 27.54 52.01 0.0830
879.02 422.94 37.60 64.27 0.0828
806.73 441.79 61.05 92.85 0.0817
20.11 410.02 283.44 247.47 0.0816
618.04 328.46 58.31 82.36 0.0808
11.20 469.15 41.72 41.21 0.0807
909.30 432.17 34.84 47.58 0.0804
8.71 487.19 38.08 40.93 0.0783
579.16 376.54 66.87 70.58 0.0776
45.63 113.60 66.50 81.99 0.0767
680.46 394.32 103.53 119.67 0.0761
282.78 448.41 205.01 178.38 0.0737
487.12 378.99 59.90 62.49 0.0732
639.26 380.32 89.68 111.14 0.0719
352.50 200.26 173.37 165.61 0.0705
873.77 453.36 40.61 61.97 0.0689
511.20 467.32 69.93 89.44 0.0687
779.99 489.92 83.07 88.34 0.0674
996.56 285.46 27.41 60.16 0.0669
910.13 453.10 33.79 51.12 0.0667
217.35 323.10 36.56 33.34 0.0645
970.87 383.50 45.53 59.80 0.0640
486.88 355.63 44.49 51.49 0.0635
655.81 299.20 46.21 68.66 0.0632
583.02 342.93 66.56 66.41 0.0630
907.58 401.06 44.70 58.86 0.0614
475.08 427.20 67.84 94.01 0.0610
729.40 353.40 52.25 71.93 0.0608
790.39 167.22 38.39 39.28 0.0607
863.48 113.98 63.75 77.75 0.0591
292.10 161.77 35.18 40.88 0.0581
770.35 161.66 43.08 50.52 0.0568
952.33 460.86 35.35 50.96 0.0562
760.31 366.82 44.36 58.17 0.0557
595.91 482.39 295.61 219.20 0.0556
763.81 308.52 46.16 49.28 0.0540
913.84 367.47 43.63 54.94 0.0539
617.99 293.84 47.92 69.73 0.0525
262.60 166.05 25.30 33.90 0.0523
954.28 329.25 26.09 31.03 0.0519
765.87 532.25 111.32 104.60 0.0516
736.92 306.07 55.81 56.92 0.0506
