40_Gymnastics_Gymnastics_40_698
200
253.96 45.31 38.73 51.96 0.8047
359.35 74.57 32.94 49.87 0.6451
781.38 88.17 35.32 43.03 0.4739
870.18 48.15 31.29 34.70 0.3443
347.40 447.36 44.26 68.83 0.3063
840.52 81.05 30.37 40.41 0.3010
230.01 377.49 67.34 113.13 0.2984
585.71 48.52 29.89 38.29 0.2982
500.42 322.47 46.79 72.64 0.2321
738.86 32.46 44.32 40.66 0.2318
628.80 29.21 24.82 29.05 0.2313
258.16 381.47 56.75 93.11 0.2220
179.57 31.59 35.95 53.59 0.2134
849.86 53.75 33.63 36.82 0.2133
615.72 266.86 71.95 61.68 0.2131
666.39 371.10 121.21 131.28 0.2118
598.60 322.56 201.25 217.43 0.2102
141.30 18.15 33.42 40.89 0.2024
703.55 173.17 37.73 36.15 0.1979
812.08 34.15 25.73 25.59 0.1977
474.60 478.82 31.64 45.32 0.1974
258.35 407.23 74.86 108.49 0.1970
524.37 11.20 33.79 36.69 0.1941
293.08 132.22 48.22 55.76 0.1932
949.34 22.35 25.01 35.11 0.1924
866.01 65.41 42.10 52.82 0.1907
574.54 140.18 39.07 53.05 0.1895
846.65 35.21 26.05 31.95 0.1888
803.23 444.25 42.54 62.23 0.1888
178.58 364.06 77.75 111.56 0.1885
316.70 437.80 58.93 87.36 0.1801
877.99 36.62 24.88 33.78 0.1780
318.22 232.22 43.45 44.45 0.1765
684.19 325.17 123.75 80.73 0.1722
386.22 517.13 59.41 71.52 0.1693
535.46 482.71 47.85 78.07 0.1634
703.88 49.59 42.45 41.05 0.1598
766.88 37.46 39.15 50.11 0.1584
542.69 350.23 80.75 96.91 0.1578
770.50 445.52 38.49 57.95 0.1547
550.30 360.84 42.60 57.64 0.1507
713.10 150.44 55.66 54.39 0.1488
730.57 95.71 44.84 47.12 0.1472
776.20 95.22 59.43 69.80 0.1460
727.34 60.42 48.31 60.30 0.1445
699.93 28.05 49.07 44.56 0.1433
373.46 247.89 74.11 120.21 0.1399
472.52 292.07 74.52 115.78 0.1398
867.18 151.57 42.73 39.28 0.1366
150.41 183.58 223.86 233.68 0.1344
768.71 140.73 89.85 63.87 0.1306
293.48 395.60 73.83 102.62 0.1287
115.99 24.30 34.08 39.44 0.1285
795.74 462.17 53.05 82.36 0.1268
700.89 74.32 28.16 35.36 0.1260
276.83 214.13 105.85 144.59 0.1255
324.43 122.25 51.23 65.75 0.1247
285.23 196.41 74.11 81.82 0.1241
354.61 107.19 46.15 64.42 0.1236
114.99 49.13 34.22 44.57 0.1230
44.68 48.42 29.45 36.67 0.1212
477.83 495.83 48.16 77.96 0.1192
408.69 386.10 32.20 35.71 0.1183
654.24 139.37 32.52 35.62 0.1177
140.21 28.77 38.53 58.52 0.1174
717.84 421.12 61.76 81.08 0.1156
574.43 103.39 50.35 74.25 0.1153
183.34 4.68 34.67 44.79 0.1151
618.37 43.82 34.23 44.78 0.1136
875.63 89.76 44.92 54.06 0.1133
400.17 264.63 80.97 126.69 0.1132
614.58 282.77 88.10 84.89 0.1130
340.39 73.62 60.53 69.74 0.1128
514.92 337.72 65.38 104.38 0.1125
534.55 372.43 110.28 163.79 0.1123
522.73 394.27 72.52 120.81 0.1120
214.14 0.59 37.00 45.90 0.1117
438.26 384.00 31.92 40.95 0.1108
912.59 134.87 29.12 38.70 0.1097
341.31 468.14 84.54 128.34 0.1074
222.80 12.63 46.71 62.26 0.1071
904.98 85.17 32.96 43.34 0.1068
770.99 467.77 48.33 77.62 0.1065
573.49 294.70 138.24 155.07 0.1059
555.01 261.08 66.73 66.15 0.1053
418.01 133.69 61.79 64.36 0.1046
946.74 34.16 31.77 51.26 0.1029
64.66 49.60 36.44 38.23 0.1026
658.61 21.82 38.96 43.58 0.1020
333.58 242.06 90.92 140.88 0.1019
477.29 23.39 33.37 37.38 0.1016
992.68 48.32 27.97 52.70 0.1010
573.27 304.58 81.14 93.05 0.1004
657.91 51.67 34.31 36.44 0.0998
828.87 149.57 60.79 49.59 0.0992
151.02 142.68 31.90 36.06 0.0979
620.55 67.21 35.69 49.01 0.0979
430.26 352.34 43.34 55.70 0.0977
906.75 111.74 32.05 42.06 0.0971
297.17 164.38 71.83 74.32 0.0967
919.95 51.38 25.19 37.18 0.0960
277.46 425.29 87.45 131.05 0.0960
540.51 442.63 84.98 123.26 0.0954
434.82 48.25 32.81 37.90 0.0952
451.01 126.02 53.61 52.50 0.0948
440.26 23.33 36.19 44.94 0.0947
697.63 100.75 32.02 39.74 0.0935
557.50 48.54 35.96 39.60 0.0930
617.20 90.64 42.54 58.79 0.0928
731.96 6.83 41.23 49.18 0.0927
109.89 65.78 34.53 41.69 0.0927
113.78 2.90 33.04 36.57 0.0921
233.65 439.76 89.11 134.79 0.0920
480.13 364.13 39.75 60.83 0.0912
645.17 153.56 49.66 53.13 0.0904
926.89 23.48 24.93 34.34 0.0898
806.63 489.23 54.20 95.06 0.0890
94.32 292.84 178.79 189.36 0.0888
652.26 99.27 40.95 48.30 0.0863
471.35 406.22 37.34 56.62 0.0863
407.15 100.41 37.88 47.64 0.0858
393.92 159.12 63.79 72.19 0.0854
771.33 272.42 104.78 93.53 0.0852
401.73 398.33 37.28 54.39 0.0851
505.58 527.25 52.65 70.30 0.0846
657.44 64.80 44.22 55.32 0.0843
236.85 263.70 101.65 160.95 0.0843
27.54 185.43 277.95 286.33 0.0842
995.18 0.00 22.77 25.93 0.0837
425.37 104.04 46.53 56.76 0.0826
658.53 149.31 278.05 222.79 0.0825
530.00 522.94 63.97 76.44 0.0819
471.35 535.66 61.06 66.23 0.0815
696.22 2.41 47.97 48.75 0.0814
77.39 0.00 31.09 31.43 0.0810
215.57 155.63 35.60 46.56 0.0809
441.72 396.55 35.06 51.07 0.0806
802.47 51.89 35.88 36.84 0.0805
947.90 7.26 27.88 31.82 0.0802
556.62 56.23 54.36 58.36 0.0798
602.90 155.47 50.96 60.20 0.0792
73.45 20.45 35.00 46.86 0.0786
69.44 80.36 38.44 37.30 0.0770
408.00 128.83 49.77 48.97 0.0768
502.14 113.57 40.02 47.04 0.0768
515.34 48.29 30.03 38.32 0.0767
402.19 343.11 52.24 68.55 0.0758
698.43 137.34 35.19 43.65 0.0746
624.24 7.78 27.22 40.91 0.0745
142.58 105.96 36.34 44.19 0.0739
245.51 0.00 46.85 61.50 0.0734
735.12 145.01 99.64 80.95 0.0733
639.36 420.14 123.02 138.79 0.0728
840.48 127.37 40.44 40.76 0.0728
670.36 151.35 140.52 93.25 0.0726
573.31 531.66 60.43 70.36 0.0724
448.87 243.18 70.83 100.47 0.0718
393.23 432.59 43.15 69.99 0.0710
609.39 118.36 49.37 64.87 0.0701
274.75 19.88 48.84 75.33 0.0689
701.42 417.60 94.68 138.71 0.0688
36.21 0.00 37.46 40.51 0.0680
135.40 61.16 41.03 49.04 0.0673
990.49 21.56 29.43 51.82 0.0672
369.39 186.88 83.24 102.62 0.0670
60.12 103.20 47.51 44.80 0.0667
916.40 145.59 31.60 44.15 0.0655
51.22 174.43 209.59 163.62 0.0653
417.19 494.04 55.13 77.55 0.0651
336.43 23.12 37.75 57.51 0.0651
460.31 162.77 56.29 70.93 0.0651
627.03 279.17 152.30 100.41 0.0646
372.66 451.35 58.69 82.49 0.0638
648.87 265.68 216.74 145.83 0.0637
403.41 76.39 37.67 51.22 0.0636
345.98 129.83 63.27 69.65 0.0626
759.20 132.02 147.78 118.00 0.0622
397.75 534.71 81.15 99.80 0.0621
579.10 399.56 125.66 178.91 0.0618
359.29 208.30 46.41 54.56 0.0616
954.35 68.63 31.47 46.61 0.0615
555.57 151.63 75.42 85.67 0.0602
837.35 3.96 31.80 29.57 0.0602
883.70 5.27 25.09 28.08 0.0597
358.21 230.03 51.40 68.83 0.0594
349.92 20.44 48.64 67.72 0.0588
510.25 76.05 38.71 45.65 0.0587
187.26 52.13 36.37 55.44 0.0585
43.57 68.58 41.89 46.92 0.0584
251.83 63.30 50.47 82.59 0.0580
169.43 279.28 154.57 181.32 0.0579
506.48 184.67 47.25 58.51 0.0573
658.35 454.13 127.35 191.54 0.0572
748.59 209.66 145.76 120.24 0.0569
319.28 363.53 77.21 101.12 0.0565
480.86 3.85 35.21 35.82 0.0565
396.05 235.33 78.26 92.20 0.0561
807.48 3.26 32.40 31.46 0.0556
186.60 105.92 35.95 48.72 0.0554
744.74 6.60 54.53 57.33 0.0552
