40_Gymnastics_Gymnastics_40_845
97
396.74 121.12 64.45 94.93 0.8822
811.84 195.58 157.69 216.57 0.5074
821.77 208.89 93.02 126.25 0.4381
794.67 202.84 86.19 107.57 0.3410
37.47 230.13 308.18 308.67 0.2627
178.98 377.46 145.92 240.77 0.2595
357.05 444.87 331.96 215.51 0.2580
189.28 116.80 159.71 193.51 0.2549
279.58 164.45 86.47 173.14 0.2322
113.21 102.93 167.86 202.20 0.2203
130.30 182.67 67.82 104.20 0.2124
473.25 140.44 308.07 339.90 0.1945
400.94 49.74 32.33 29.81 0.1911
317.54 59.10 53.34 46.48 0.1705
353.89 57.32 46.27 43.68 0.1649
763.57 218.80 69.28 104.51 0.1647
755.74 132.06 97.44 70.56 0.1555
917.45 491.08 84.70 132.68 0.1475
800.31 145.22 79.42 60.01 0.1409
323.35 85.68 62.60 85.32 0.1375
650.91 174.15 45.82 35.15 0.1368
129.35 437.34 64.42 75.32 0.1343
865.45 444.01 93.82 173.10 0.1261
84.46 123.95 107.28 132.50 0.1256
755.24 174.81 110.84 102.88 0.1235
486.56 377.55 223.72 238.02 0.1159
73.91 325.61 180.61 186.61 0.1124
240.16 415.59 170.72 209.34 0.1105
299.02 43.40 65.20 51.24 0.1088
86.40 176.99 131.22 175.32 0.1058
609.09 155.79 78.68 65.10 0.1056
77.79 94.14 49.95 63.24 0.1054
708.76 210.35 105.46 144.96 0.1051
685.37 166.40 45.09 31.05 0.1020
581.73 202.29 193.63 199.47 0.1018
157.14 342.99 133.55 149.95 0.1000
321.60 25.03 63.55 63.01 0.0985
940.17 488.86 51.57 85.39 0.0965
5.12 266.77 32.16 57.17 0.0942
895.59 435.40 43.84 58.92 0.0938
224.11 469.10 102.26 123.42 0.0930
41.39 105.88 34.99 45.03 0.0914
443.36 75.52 26.07 24.81 0.0905
893.80 212.24 97.74 134.09 0.0894
217.69 94.16 90.23 111.93 0.0877
352.72 73.87 60.03 69.20 0.0874
0.00 276.31 35.46 92.57 0.0868
660.02 132.34 104.53 85.01 0.0867
909.60 122.36 50.27 73.49 0.0865
718.18 162.72 85.99 52.03 0.0857
603.76 337.88 127.62 259.33 0.0851
298.76 69.41 58.72 70.05 0.0835
22.92 137.50 81.70 120.13 0.0826
6.32 96.70 26.29 36.81 0.0824
48.25 275.00 144.58 156.77 0.0816
22.68 238.71 52.19 82.13 0.0803
973.72 478.09 47.19 71.34 0.0777
774.13 281.09 166.67 152.94 0.0772
686.17 112.22 158.34 108.70 0.0771
568.80 139.35 97.82 83.98 0.0750
492.61 293.21 160.10 207.07 0.0747
863.20 398.69 78.52 96.91 0.0739
276.61 97.10 53.65 76.44 0.0716
217.79 186.25 141.16 204.71 0.0712
16.89 263.15 84.81 168.38 0.0692
621.27 182.87 116.04 78.86 0.0687
142.94 12.11 96.06 82.08 0.0686
323.20 0.00 59.25 35.00 0.0684
393.51 77.39 57.06 67.25 0.0676
438.75 200.45 45.07 72.31 0.0670
274.82 185.43 148.22 248.59 0.0660
168.77 42.95 58.36 41.58 0.0656
475.41 173.95 44.44 69.80 0.0652
245.31 63.04 61.16 64.76 0.0650
800.09 398.63 147.88 165.82 0.0649
395.35 193.03 63.51 77.50 0.0642
119.42 431.07 113.68 142.85 0.0629
321.13 211.52 82.89 118.89 0.0627
257.87 14.64 30.11 40.53 0.0624
1.68 397.84 53.27 72.68 0.0618
441.28 53.03 22.90 21.29 0.0617
257.87 5.04 28.02 27.43 0.0614
398.46 375.64 174.97 148.37 0.0613
389.67 223.38 52.84 68.37 0.0606
778.71 89.21 108.56 88.21 0.0602
592.27 121.04 152.62 117.78 0.0595
859.83 326.84 101.19 123.75 0.0592
257.83 46.91 40.75 36.57 0.0584
21.22 44.99 43.95 55.99 0.0569
0.00 407.48 87.84 91.35 0.0563
597.83 62.27 93.70 62.78 0.0550
771.83 62.64 109.04 67.52 0.0541
215.86 0.00 41.73 32.39 0.0540
301.72 315.51 165.61 224.30 0.0522
390.80 0.20 50.77 29.76 0.0514
3.27 239.00 36.85 64.10 0.0512
938.13 452.56 51.37 83.07 0.0511
