40_Gymnastics_Gymnastics_40_274
93
769.05 147.33 41.71 54.28 0.8617
365.95 129.33 47.79 56.37 0.8535
496.49 107.03 43.19 55.81 0.8495
876.06 164.21 41.96 54.46 0.8082
627.87 124.85 44.38 54.62 0.8048
236.52 121.62 43.16 55.53 0.6398
120.03 126.51 46.48 54.36 0.6327
427.89 280.23 98.94 181.95 0.3427
996.70 214.22 20.97 30.85 0.1956
520.31 258.92 74.49 155.77 0.1686
718.89 259.70 132.82 205.86 0.1651
958.22 222.32 26.70 33.70 0.1642
183.45 254.55 81.33 185.62 0.1628
683.43 283.14 82.41 180.16 0.1574
85.34 292.22 67.84 136.65 0.1552
324.30 296.38 73.40 151.32 0.1445
843.35 260.85 79.64 173.13 0.1421
640.77 255.19 77.53 165.16 0.1370
467.40 217.06 101.19 203.25 0.1300
299.04 190.16 44.27 50.43 0.1286
569.10 215.32 135.90 238.66 0.1283
558.38 249.10 66.84 136.63 0.1172
155.92 253.71 67.16 144.22 0.1163
706.33 263.02 63.44 126.11 0.1098
81.87 293.56 28.20 40.97 0.1050
995.20 194.30 24.10 39.01 0.1012
782.95 258.23 79.96 171.17 0.0986
218.41 312.76 69.06 124.91 0.0976
914.38 255.09 28.69 43.88 0.0950
994.20 230.10 26.41 35.54 0.0922
273.43 245.29 101.52 188.81 0.0867
338.83 151.06 40.41 43.13 0.0867
851.17 207.06 47.32 37.82 0.0842
458.65 197.73 52.16 70.04 0.0836
528.45 85.31 53.68 70.33 0.0835
841.23 239.97 38.87 47.70 0.0828
739.99 184.61 35.48 36.81 0.0817
600.09 309.61 96.41 189.06 0.0799
109.19 214.83 30.72 31.06 0.0775
536.10 298.94 86.60 160.21 0.0757
757.21 244.98 74.24 131.20 0.0743
869.84 344.29 82.53 137.49 0.0739
293.24 167.27 40.12 41.02 0.0721
583.57 251.31 37.58 62.70 0.0720
903.58 258.23 43.45 75.87 0.0700
212.00 210.33 37.41 47.14 0.0699
312.87 203.33 42.34 50.66 0.0697
222.33 240.64 79.51 157.59 0.0697
166.92 258.51 47.17 80.78 0.0695
301.20 214.59 32.89 49.54 0.0693
331.23 280.18 30.62 62.76 0.0687
508.33 355.50 85.32 118.77 0.0685
447.59 190.99 44.57 55.14 0.0684
727.42 212.62 35.83 45.14 0.0683
862.64 248.45 52.37 71.75 0.0681
440.14 235.19 69.40 131.87 0.0675
767.02 338.32 88.83 134.63 0.0655
591.59 167.07 32.69 31.76 0.0645
394.62 242.11 98.85 178.23 0.0639
704.09 260.25 42.49 75.43 0.0638
800.70 248.57 54.71 91.50 0.0637
31.28 297.98 68.71 78.87 0.0627
508.56 210.89 49.58 61.84 0.0624
111.37 279.51 100.57 175.04 0.0618
677.13 114.33 46.73 55.12 0.0617
706.91 334.73 82.33 146.07 0.0603
470.31 212.64 63.97 100.77 0.0602
836.32 341.59 77.13 133.65 0.0600
148.43 207.80 41.84 41.22 0.0595
182.98 186.82 45.56 47.31 0.0591
463.84 308.39 102.46 179.62 0.0579
215.52 190.18 41.45 50.44 0.0577
581.82 180.97 36.71 44.44 0.0571
696.16 160.07 34.13 42.71 0.0561
114.35 194.07 34.20 32.14 0.0560
368.81 217.39 28.36 38.88 0.0553
992.22 141.45 31.78 62.47 0.0548
369.98 171.11 43.06 49.28 0.0547
381.24 98.59 47.03 66.22 0.0545
801.69 226.34 51.98 66.82 0.0539
371.16 73.07 24.78 40.02 0.0536
605.36 233.79 61.29 100.76 0.0534
706.06 187.38 43.78 43.95 0.0533
884.98 179.96 51.10 48.60 0.0529
935.74 422.40 43.94 61.14 0.0528
521.64 210.96 57.46 113.28 0.0528
543.01 207.90 37.98 60.71 0.0524
221.20 222.83 39.55 60.77 0.0517
338.20 512.14 41.28 73.01 0.0512
185.18 165.19 34.23 34.69 0.0509
245.97 207.00 44.93 44.89 0.0506
277.95 260.68 49.70 94.29 0.0504
446.08 220.75 57.86 75.01 0.0503
