40_Gymnastics_Gymnastics_40_488
41
438.97 148.89 144.08 185.63 0.7994
595.70 331.29 227.52 324.80 0.2492
17.74 6.47 46.60 89.32 0.2095
531.12 282.46 194.54 313.20 0.1387
105.48 0.00 53.29 92.65 0.1296
2.08 9.85 37.85 99.06 0.1239
32.49 161.57 34.76 83.60 0.1214
95.12 30.37 68.43 184.22 0.1132
37.55 61.10 34.19 98.05 0.1113
479.77 688.95 82.98 94.67 0.0973
688.28 313.43 219.35 290.59 0.0923
465.13 876.99 78.85 174.79 0.0898
65.00 0.00 51.75 80.96 0.0896
364.84 61.58 190.89 243.95 0.0882
451.22 660.74 119.39 189.42 0.0850
69.76 34.37 63.04 147.83 0.0847
132.33 26.39 89.47 189.74 0.0818
161.42 228.25 59.31 124.94 0.0817
285.27 52.42 103.70 225.03 0.0796
443.83 781.40 99.81 204.06 0.0783
561.23 135.14 142.41 248.17 0.0763
671.75 113.22 108.22 140.95 0.0731
645.84 144.56 85.40 152.61 0.0697
832.83 1156.80 55.76 154.06 0.0691
288.36 0.00 212.91 357.53 0.0688
579.67 869.18 89.05 201.88 0.0666
544.37 877.78 66.12 184.11 0.0655
97.83 64.84 104.10 231.59 0.0642
901.80 1180.91 39.75 123.17 0.0633
71.55 414.25 45.27 131.25 0.0632
553.88 1046.98 125.13 244.74 0.0625
507.82 711.84 87.73 117.13 0.0621
488.65 383.15 185.55 253.81 0.0613
490.53 5.26 104.31 157.40 0.0602
613.29 188.43 133.19 280.11 0.0598
850.88 1142.72 75.20 180.00 0.0591
0.00 39.71 38.10 130.66 0.0551
453.78 889.81 95.89 358.73 0.0551
111.48 187.67 87.26 170.05 0.0542
85.82 335.91 120.33 261.04 0.0539
789.40 1173.66 62.63 151.90 0.0523
