13_Interview_Interview_Sequences_13_152
31
693.55 73.44 116.18 132.86 0.7869
206.10 34.18 127.35 161.77 0.7046
673.04 212.14 63.53 57.90 0.2321
283.17 222.92 156.64 133.79 0.1993
89.44 43.78 207.94 145.83 0.1854
727.87 190.90 96.19 105.59 0.1763
158.41 217.38 68.78 60.41 0.1422
343.75 242.96 82.97 54.42 0.1064
262.96 0.00 43.82 17.22 0.0975
616.73 221.36 67.22 56.90 0.0932
673.46 157.13 114.96 126.48 0.0856
943.49 271.49 46.59 43.80 0.0804
75.26 275.30 82.86 53.79 0.0770
685.49 6.76 173.93 148.09 0.0744
884.89 39.97 80.37 57.49 0.0709
964.46 334.35 52.37 31.11 0.0691
58.05 101.03 185.76 100.16 0.0684
592.88 243.63 42.83 43.11 0.0676
587.05 266.55 42.99 41.68 0.0672
728.85 107.33 115.20 114.83 0.0644
591.36 245.20 70.60 63.34 0.0633
627.35 310.12 129.41 55.88 0.0628
255.57 205.35 141.79 88.94 0.0596
250.23 31.96 84.90 78.58 0.0581
265.26 40.86 104.54 109.10 0.0572
189.01 106.71 115.94 103.02 0.0548
690.10 142.88 84.57 76.92 0.0531
142.80 196.58 121.63 99.74 0.0528
0.00 266.13 23.62 27.63 0.0520
945.12 303.91 56.54 38.91 0.0516
186.66 197.73 74.73 44.19 0.0510
