13_Interview_Interview_On_Location_13_539
52
434.67 687.71 411.97 527.36 0.6613
974.24 970.79 43.79 103.16 0.2236
62.59 486.50 132.45 172.15 0.1610
44.92 483.77 211.57 317.66 0.1568
4.82 394.95 23.09 49.44 0.1233
5.13 633.18 22.87 48.85 0.1113
9.18 974.69 19.76 36.59 0.1070
0.98 413.75 27.85 68.27 0.1067
42.79 1033.53 25.85 40.31 0.1031
4.51 591.75 22.52 41.65 0.1028
961.26 969.22 62.74 226.63 0.1001
270.02 159.94 431.39 552.30 0.0949
175.04 914.43 42.47 73.21 0.0948
28.38 425.75 54.70 84.09 0.0935
0.90 534.16 25.58 47.85 0.0924
0.00 450.45 30.81 79.19 0.0907
79.64 884.85 28.17 50.19 0.0906
48.84 293.00 142.82 178.89 0.0868
28.05 361.43 45.81 75.41 0.0846
41.42 980.05 21.61 34.98 0.0845
204.04 877.96 62.07 112.97 0.0830
3.95 350.26 24.08 50.91 0.0813
243.30 852.27 52.02 137.40 0.0780
6.36 1032.58 22.46 35.77 0.0755
947.94 869.32 39.18 64.33 0.0739
140.88 877.48 42.85 72.23 0.0736
64.13 606.57 84.34 141.67 0.0700
866.90 932.68 99.01 179.91 0.0662
242.98 948.39 45.90 125.37 0.0658
72.24 624.89 135.05 201.40 0.0648
5.86 930.78 25.44 57.59 0.0647
860.14 845.76 95.04 152.30 0.0645
621.72 580.31 394.32 556.55 0.0626
311.17 266.41 643.24 833.48 0.0620
42.63 395.28 129.23 139.78 0.0586
107.49 823.23 33.17 51.59 0.0580
210.75 810.61 83.15 137.89 0.0572
79.49 911.07 35.47 66.83 0.0570
1.72 671.23 27.05 62.02 0.0561
40.98 928.22 26.56 52.30 0.0560
597.06 284.34 80.89 66.08 0.0556
70.42 708.13 59.10 109.22 0.0538
103.06 878.15 35.72 52.12 0.0536
34.63 1068.34 37.80 57.79 0.0526
970.34 874.64 49.76 83.30 0.0521
3.84 1081.23 32.20 58.80 0.0514
946.28 896.47 58.54 132.63 0.0514
70.23 699.90 170.40 197.31 0.0512
78.91 942.83 52.09 83.57 0.0508
34.85 561.37 58.34 93.08 0.0507
279.22 895.33 46.33 121.22 0.0505
524.61 230.65 253.83 223.68 0.0504
