13_Interview_Interview_2_People_Visible_13_381
27
391.18 198.23 183.21 253.17 0.7390
810.02 182.61 48.78 63.22 0.3047
424.07 505.69 150.42 181.27 0.2640
498.61 481.76 123.24 156.25 0.2449
346.70 396.82 216.75 351.42 0.1548
992.24 2.19 27.75 50.90 0.1439
454.72 323.84 148.76 294.26 0.1169
794.19 300.67 71.91 150.53 0.1121
635.03 479.50 105.26 128.53 0.1057
789.99 195.40 77.42 135.37 0.1027
330.47 531.28 172.16 192.98 0.0942
779.72 176.09 70.99 98.74 0.0893
518.11 438.02 207.78 225.92 0.0889
819.79 157.43 48.96 71.79 0.0875
694.20 488.02 82.83 121.93 0.0789
814.49 452.88 52.30 86.47 0.0776
97.26 299.35 258.45 480.82 0.0731
778.35 240.93 61.11 106.45 0.0717
770.47 357.46 80.74 154.42 0.0693
527.02 561.78 258.21 193.32 0.0676
441.60 180.35 248.19 349.32 0.0649
166.14 474.86 185.94 235.93 0.0605
729.34 466.70 88.42 146.15 0.0577
226.19 211.83 405.79 621.90 0.0553
778.06 284.47 57.34 143.64 0.0551
170.17 127.11 214.53 237.46 0.0508
954.76 0.00 35.42 38.91 0.0507
