13_Interview_Interview_Sequences_13_237
36
566.58 101.31 168.25 208.51 0.7045
395.66 309.45 49.62 59.20 0.3540
382.54 278.71 114.07 111.66 0.2178
522.99 0.00 218.28 207.34 0.2083
576.38 466.04 34.99 23.99 0.1786
574.63 203.88 132.37 107.98 0.1653
102.28 232.20 146.28 158.62 0.1575
336.62 397.92 77.44 68.27 0.1505
554.25 145.96 34.26 45.92 0.1438
388.42 328.19 100.89 112.40 0.1306
336.62 122.52 118.20 85.78 0.1226
780.24 189.41 96.47 109.19 0.1138
704.07 473.01 27.56 18.29 0.1065
2.40 116.57 179.37 190.09 0.0824
293.04 287.90 111.31 117.27 0.0739
79.18 200.88 112.10 140.31 0.0738
0.00 131.73 91.29 111.39 0.0734
410.65 362.93 109.15 100.73 0.0733
458.96 166.16 48.17 50.15 0.0683
347.20 272.41 101.16 93.60 0.0662
0.00 84.35 83.85 70.78 0.0662
367.59 227.68 142.08 116.09 0.0653
139.65 335.39 81.62 70.17 0.0642
294.40 70.61 192.56 145.37 0.0640
0.00 119.43 27.84 51.43 0.0639
310.52 0.00 296.39 229.14 0.0637
544.56 123.27 70.08 74.36 0.0626
5.78 145.58 45.21 72.08 0.0587
470.60 376.99 75.78 82.15 0.0583
496.30 400.14 62.45 79.88 0.0560
0.00 64.19 202.14 145.40 0.0557
619.07 473.82 31.56 18.18 0.0512
311.19 215.08 138.08 106.32 0.0508
512.44 386.25 110.31 105.75 0.0506
618.62 423.92 46.30 57.46 0.0501
560.37 336.32 84.47 105.96 0.0500
