13_Interview_Interview_Sequences_13_779
30
370.68 189.36 304.84 436.75 0.6996
825.21 244.52 103.89 164.43 0.2232
867.10 298.60 57.10 103.66 0.1304
758.86 261.48 122.24 163.92 0.1015
886.06 335.81 59.95 81.57 0.0957
648.16 256.87 115.10 180.30 0.0949
629.57 390.79 130.21 192.67 0.0816
912.12 385.18 39.04 56.79 0.0802
827.21 203.71 58.71 103.08 0.0760
721.04 227.05 129.90 151.65 0.0756
866.58 357.90 51.49 89.16 0.0722
257.23 402.32 60.94 127.67 0.0708
684.90 303.29 122.80 137.22 0.0695
799.86 171.57 68.41 124.37 0.0668
714.84 431.35 58.96 99.98 0.0667
520.50 263.51 221.42 288.62 0.0667
290.63 450.36 43.28 76.02 0.0657
329.54 91.16 363.86 300.17 0.0626
239.62 286.70 99.64 145.50 0.0618
287.12 547.46 67.88 82.35 0.0610
774.35 335.45 83.94 101.25 0.0573
492.21 3.52 236.92 258.19 0.0571
861.33 456.87 49.30 62.48 0.0564
216.70 507.07 60.71 86.07 0.0552
266.71 560.22 37.44 55.35 0.0541
861.97 412.82 49.29 62.41 0.0512
703.74 147.48 127.41 155.05 0.0506
539.18 135.37 177.10 258.43 0.0505
564.48 14.95 114.59 146.86 0.0504
143.38 448.15 134.31 181.05 0.0501
