13_Interview_Interview_On_Location_13_791
90
397.54 413.66 299.15 446.14 0.5652
488.89 161.56 67.28 126.58 0.4584
121.71 97.98 133.47 153.73 0.3338
516.19 147.36 68.02 121.02 0.2113
617.09 112.64 29.90 43.83 0.1969
356.01 102.93 41.68 66.81 0.1966
519.59 115.32 24.23 43.87 0.1940
554.57 114.74 24.61 41.83 0.1883
482.60 118.84 24.95 41.53 0.1793
701.01 190.89 40.62 86.90 0.1652
778.31 195.16 52.84 101.02 0.1620
596.95 112.18 23.75 37.26 0.1573
202.71 526.73 116.91 177.25 0.1445
600.95 950.90 257.77 397.72 0.1431
230.50 484.87 93.57 128.40 0.1428
700.96 154.96 34.32 80.31 0.1410
664.86 103.84 23.34 45.78 0.1321
743.23 105.25 26.53 56.16 0.1317
702.85 109.02 21.94 50.37 0.1315
382.60 193.95 60.79 99.40 0.1261
408.62 115.70 26.72 46.76 0.1255
757.84 52.03 36.22 71.62 0.1197
446.18 118.42 22.48 42.08 0.1180
903.68 333.29 35.67 69.13 0.1179
244.35 316.51 232.61 406.71 0.1171
732.35 120.82 48.42 102.69 0.1162
617.55 127.51 43.63 78.53 0.1157
796.03 313.24 47.37 88.22 0.1152
755.69 259.53 63.79 129.04 0.1099
880.94 335.56 38.21 70.03 0.1088
390.92 176.93 111.46 152.17 0.1088
607.30 171.42 71.78 131.19 0.1061
582.78 287.76 74.53 91.01 0.1049
172.20 47.14 94.42 130.19 0.1034
398.37 146.27 49.24 70.43 0.1029
811.71 715.37 113.13 224.10 0.1027
148.61 397.05 233.12 280.14 0.1003
711.55 171.75 106.85 167.59 0.1001
862.45 954.17 161.55 287.51 0.1000
33.01 473.18 222.38 227.54 0.0978
864.39 976.43 90.44 161.55 0.0974
335.19 118.95 67.85 102.33 0.0964
743.57 62.48 24.78 72.13 0.0943
781.57 605.53 81.92 196.85 0.0939
836.00 325.47 41.33 78.60 0.0926
331.17 160.61 134.10 245.49 0.0889
432.94 133.65 47.44 81.11 0.0884
721.91 830.77 174.63 179.25 0.0863
582.13 121.26 62.27 96.00 0.0842
710.71 298.20 70.74 116.56 0.0838
18.81 799.03 155.82 294.51 0.0821
485.03 222.19 105.15 147.36 0.0811
338.55 62.91 50.75 98.92 0.0799
367.33 432.56 165.90 301.78 0.0791
545.47 136.81 122.70 185.76 0.0787
576.78 306.48 116.96 136.13 0.0777
644.61 149.23 95.06 149.50 0.0769
810.26 227.23 67.08 119.88 0.0767
77.75 49.99 92.54 142.47 0.0754
693.03 308.81 56.14 95.22 0.0739
635.76 779.07 269.87 332.47 0.0735
914.34 244.22 40.95 87.03 0.0731
78.61 761.51 411.19 636.57 0.0719
603.86 237.52 60.67 94.87 0.0710
395.99 60.54 34.37 64.35 0.0690
700.00 66.31 25.09 71.02 0.0686
660.81 141.85 42.77 79.85 0.0674
255.67 467.57 134.69 206.45 0.0672
885.30 548.38 94.17 193.07 0.0672
632.25 307.96 82.44 114.12 0.0661
741.77 563.45 143.52 304.45 0.0659
799.22 143.34 75.32 175.03 0.0633
715.04 419.81 167.24 343.01 0.0625
500.83 294.89 126.73 166.59 0.0623
195.45 95.12 100.52 158.84 0.0622
384.45 271.35 102.60 177.32 0.0609
766.47 868.77 257.53 529.61 0.0605
0.00 335.00 344.70 421.92 0.0598
86.97 1006.23 174.03 234.63 0.0583
664.24 66.52 22.88 54.84 0.0570
475.41 246.04 255.88 450.01 0.0568
829.08 582.75 104.49 213.42 0.0556
834.75 885.06 124.42 146.15 0.0556
762.31 84.59 36.35 88.71 0.0536
828.61 359.53 57.30 105.33 0.0527
244.50 72.95 212.79 378.92 0.0518
0.00 524.48 171.30 219.53 0.0518
774.10 642.20 233.46 389.19 0.0515
141.23 87.44 229.82 299.15 0.0514
87.13 732.23 156.81 323.10 0.0505
