13_Interview_Interview_Sequences_13_3
200
171.15 73.07 319.49 421.61 0.5669
667.37 330.34 16.68 20.57 0.3413
847.09 154.47 23.57 27.62 0.3283
660.75 33.69 23.24 24.39 0.2826
959.64 354.68 17.22 19.27 0.2786
953.40 363.65 23.09 24.39 0.2661
851.62 393.41 14.82 19.68 0.2599
738.25 436.32 19.40 30.01 0.2598
706.88 366.58 15.47 20.55 0.2491
661.44 432.50 20.85 21.83 0.2477
854.50 349.32 16.81 17.01 0.2311
707.47 41.99 20.01 20.42 0.2301
667.73 368.46 15.50 18.08 0.2208
732.28 181.97 26.03 26.46 0.2161
740.05 24.81 16.71 18.84 0.2150
816.18 186.59 25.69 26.52 0.2121
594.56 239.22 15.97 21.47 0.2095
739.31 35.16 18.45 22.50 0.2088
815.04 141.99 20.86 24.31 0.2071
736.51 140.70 19.38 21.85 0.2051
778.88 332.42 13.88 16.40 0.2046
853.14 127.05 17.92 18.73 0.2016
707.59 389.47 18.99 20.86 0.2008
952.97 124.05 22.34 21.92 0.1968
741.70 352.46 15.70 18.97 0.1952
707.00 354.15 15.64 20.89 0.1951
813.37 350.71 15.85 16.80 0.1944
889.19 373.19 15.83 18.45 0.1936
42.15 105.18 26.19 35.96 0.1924
632.45 246.92 15.25 17.04 0.1922
778.45 374.23 13.52 16.56 0.1922
742.87 312.61 14.39 14.84 0.1907
923.56 350.44 16.08 17.75 0.1904
877.21 180.73 26.81 27.53 0.1899
852.34 496.11 13.57 14.83 0.1898
743.56 368.45 14.23 18.33 0.1894
889.15 391.93 18.26 20.30 0.1889
743.55 391.48 14.49 17.56 0.1888
629.96 448.55 19.20 21.46 0.1883
884.16 351.12 16.77 16.47 0.1867
634.30 230.81 13.10 15.28 0.1865
852.36 407.01 14.60 19.76 0.1862
667.47 189.78 14.17 16.04 0.1858
851.85 333.22 13.95 15.85 0.1857
924.44 518.26 16.77 20.95 0.1844
816.15 370.61 14.61 17.93 0.1827
779.66 388.91 13.92 19.11 0.1823
741.21 329.49 16.64 18.89 0.1806
43.00 205.10 25.45 32.98 0.1795
665.47 339.02 19.86 27.64 0.1790
815.74 332.47 14.56 17.14 0.1780
776.68 122.61 18.15 20.23 0.1770
737.17 101.30 18.51 19.73 0.1768
851.46 372.56 16.46 18.74 0.1750
633.74 303.69 16.55 20.12 0.1741
890.66 408.27 15.42 18.40 0.1723
229.29 290.08 256.48 241.39 0.1723
780.50 350.97 14.24 15.44 0.1712
890.06 330.31 15.93 16.51 0.1699
743.57 412.31 17.34 21.96 0.1689
48.19 450.64 21.09 25.09 0.1666
633.21 290.30 17.68 20.03 0.1662
848.36 456.16 16.37 19.76 0.1658
707.23 24.67 15.32 18.97 0.1656
360.43 158.66 170.26 253.40 0.1655
990.91 536.31 25.28 24.03 0.1652
957.15 160.10 23.25 27.42 0.1648
776.08 142.97 19.33 21.46 0.1648
814.85 127.12 18.31 21.35 0.1636
706.18 330.66 14.85 18.52 0.1635
816.77 390.67 14.63 17.82 0.1621
667.13 416.44 15.78 20.76 0.1608
84.65 214.08 107.64 136.15 0.1605
889.42 497.57 12.96 14.89 0.1596
811.41 514.05 18.85 21.96 0.1559
706.64 2.87 13.69 14.13 0.1557
635.13 25.56 12.66 16.50 0.1557
668.19 314.05 15.00 19.14 0.1545
926.08 497.42 12.67 15.23 0.1544
853.09 513.79 17.68 20.64 0.1544
669.76 204.12 13.78 16.37 0.1517
632.94 369.68 16.20 18.49 0.1515
960.63 494.57 16.98 18.98 0.1513
885.77 145.10 19.93 21.76 0.1505
923.29 369.37 17.64 20.75 0.1501
705.09 57.34 21.68 25.27 0.1477
665.99 390.50 16.82 19.02 0.1470
837.21 205.65 30.18 35.85 0.1466
953.79 137.15 23.71 26.79 0.1463
629.38 430.46 19.38 24.97 0.1461
959.16 512.19 20.18 21.89 0.1460
669.71 3.27 13.72 12.87 0.1458
779.02 23.72 15.67 17.75 0.1453
816.81 433.85 13.45 15.30 0.1445
961.77 414.02 17.53 18.55 0.1441
851.03 289.94 15.27 18.02 0.1440
740.80 3.04 16.78 17.10 0.1434
781.29 410.92 15.18 18.38 0.1424
559.00 2.55 16.07 16.20 0.1421
1.70 202.24 29.16 47.87 0.1419
5.92 347.07 22.02 22.58 0.1418
882.55 162.44 23.68 27.90 0.1412
846.61 168.41 26.56 36.27 0.1411
704.92 308.24 15.20 17.55 0.1403
598.25 333.33 17.69 20.45 0.1403
728.75 449.62 28.97 38.47 0.1400
738.97 122.22 17.68 21.93 0.1400
852.87 99.23 21.35 21.86 0.1389
885.50 515.08 18.13 21.60 0.1387
816.46 154.35 24.46 28.73 0.1384
814.33 310.42 15.83 17.21 0.1382
851.71 85.38 18.26 21.18 0.1375
401.35 203.09 111.06 152.55 0.1374
919.54 180.63 21.50 25.63 0.1374
628.42 415.84 17.24 20.77 0.1362
737.47 164.80 23.94 29.12 0.1350
665.00 439.92 20.60 28.38 0.1349
630.73 348.62 19.60 22.12 0.1344
851.44 310.10 14.89 16.68 0.1343
811.08 497.64 15.83 15.31 0.1342
814.24 193.76 32.66 35.41 0.1342
851.31 433.19 13.96 16.36 0.1342
67.58 60.87 33.79 35.13 0.1339
632.28 209.19 14.09 14.37 0.1337
889.54 313.61 15.54 17.36 0.1336
814.73 60.82 18.03 18.28 0.1326
632.14 328.90 18.74 19.36 0.1321
885.03 123.83 17.42 18.22 0.1317
667.94 75.96 22.89 27.42 0.1316
921.40 83.19 17.99 20.91 0.1314
960.24 250.62 15.52 17.95 0.1313
983.58 548.41 32.64 26.72 0.1312
781.29 433.10 15.96 19.30 0.1311
779.91 453.84 17.20 21.12 0.1308
596.09 208.61 14.46 16.49 0.1303
776.51 104.85 19.07 18.83 0.1300
960.94 472.69 15.92 18.12 0.1299
782.26 497.38 19.24 18.35 0.1296
632.57 268.16 15.91 16.18 0.1296
997.62 450.28 16.89 22.49 0.1295
848.62 474.54 15.13 16.38 0.1283
80.12 148.86 321.67 248.24 0.1281
922.60 333.58 16.00 18.77 0.1278
850.35 63.06 16.71 17.07 0.1273
559.21 227.45 16.63 17.58 0.1262
922.43 164.22 18.99 24.13 0.1254
816.38 413.91 13.63 16.05 0.1252
705.17 290.76 14.99 17.89 0.1248
777.75 41.67 16.42 17.62 0.1247
632.76 3.29 12.95 13.82 0.1245
631.92 40.79 15.80 18.17 0.1242
817.03 455.57 16.68 21.09 0.1236
885.98 79.38 19.11 21.51 0.1235
634.80 392.98 15.46 16.00 0.1235
962.65 82.59 17.56 20.97 0.1235
33.24 501.75 35.23 46.16 0.1221
5.09 263.54 34.27 50.93 0.1220
918.54 528.88 22.61 23.93 0.1218
960.50 175.93 23.99 30.67 0.1218
772.33 184.19 25.30 29.75 0.1208
962.17 334.11 15.90 18.39 0.1197
631.13 104.14 16.41 18.86 0.1194
813.09 102.17 18.88 19.12 0.1193
703.23 71.82 21.90 29.04 0.1193
626.83 533.96 29.83 28.13 0.1192
963.16 226.01 16.99 19.56 0.1191
705.11 402.46 21.85 24.89 0.1184
777.44 0.41 18.93 19.29 0.1183
707.55 263.74 16.23 20.65 0.1179
668.52 290.16 14.69 16.19 0.1174
1000.81 328.49 15.03 19.54 0.1173
740.50 513.26 19.16 21.20 0.1169
780.33 509.49 21.50 23.16 0.1164
702.95 454.86 26.67 35.80 0.1163
736.40 557.10 27.71 18.90 0.1161
884.57 62.64 19.66 21.61 0.1160
995.28 490.77 19.41 23.72 0.1158
958.00 382.41 21.17 24.69 0.1154
1000.69 309.68 13.58 19.40 0.1151
960.15 455.64 15.96 18.49 0.1151
665.22 54.72 24.24 26.85 0.1149
817.51 473.68 14.26 15.85 0.1144
597.26 188.52 13.42 15.82 0.1143
996.19 180.22 20.66 28.08 0.1143
998.83 432.65 18.14 21.45 0.1140
10.17 503.39 37.13 52.80 0.1136
923.43 205.07 19.07 22.89 0.1129
999.19 249.35 15.10 20.15 0.1126
9.10 382.01 20.63 27.06 0.1121
960.77 265.48 14.85 18.87 0.1119
737.23 194.56 28.72 33.59 0.1119
669.46 272.03 13.18 14.69 0.1119
595.20 25.22 14.78 18.86 0.1116
890.87 432.79 14.70 17.05 0.1114
926.16 64.28 15.86 19.30 0.1111
597.84 343.25 19.50 23.54 0.1106
739.52 86.04 20.85 24.57 0.1102
741.79 290.99 14.36 17.11 0.1100
780.02 311.89 13.73 15.77 0.1096
201.98 0.00 296.16 278.39 0.1092
