13_Interview_Interview_On_Location_13_179
29
309.37 177.20 260.84 390.33 0.6635
677.46 287.76 142.13 205.21 0.6232
3.80 241.48 156.17 327.31 0.6102
729.19 458.13 86.79 163.11 0.3325
982.29 621.28 36.76 45.69 0.1816
3.81 403.26 126.15 151.52 0.1738
307.57 141.82 154.97 272.18 0.1619
167.15 482.81 109.83 184.98 0.1386
205.96 446.54 92.22 132.72 0.1254
0.00 135.45 208.30 244.31 0.1049
180.61 457.56 73.94 121.13 0.1019
951.17 587.25 69.83 81.67 0.0941
247.71 466.23 59.35 82.93 0.0901
336.90 170.53 117.45 141.45 0.0849
270.71 115.04 122.63 187.03 0.0840
345.76 371.33 197.64 216.88 0.0836
368.53 145.24 190.78 219.11 0.0763
21.39 566.13 65.28 54.15 0.0702
515.72 69.08 216.85 177.33 0.0689
806.08 449.11 98.07 150.07 0.0643
0.00 182.86 115.80 135.81 0.0643
693.17 385.41 122.90 180.59 0.0616
522.74 131.28 122.96 116.97 0.0610
120.86 148.86 136.35 147.66 0.0592
204.10 423.65 59.64 68.38 0.0582
976.61 630.66 46.22 98.80 0.0570
137.50 450.27 79.77 104.89 0.0566
904.56 511.76 106.94 133.97 0.0561
587.48 414.59 72.25 103.08 0.0522
