13_Interview_Interview_Sequences_13_134
52
341.16 90.38 202.09 298.11 0.7617
392.45 56.06 188.94 189.48 0.1783
774.44 171.49 58.22 54.59 0.1545
761.87 121.89 115.74 140.59 0.1105
695.19 101.23 267.99 346.47 0.1095
373.13 294.94 206.41 255.16 0.0961
805.24 111.50 157.16 164.29 0.0955
629.29 231.59 139.86 162.80 0.0843
658.81 9.39 36.11 34.28 0.0832
448.37 108.80 157.13 177.55 0.0813
142.24 109.52 88.62 139.51 0.0785
684.37 42.14 42.73 42.54 0.0777
683.49 58.32 44.29 51.70 0.0724
88.78 168.53 69.35 54.26 0.0723
526.03 52.73 67.26 61.59 0.0722
476.29 83.46 120.56 124.71 0.0717
494.56 48.43 73.46 58.58 0.0715
624.75 81.08 82.04 66.84 0.0702
580.29 33.49 43.86 37.65 0.0699
418.81 0.00 75.37 57.93 0.0699
659.84 28.57 46.29 42.99 0.0690
593.95 440.43 59.51 66.35 0.0685
691.43 88.48 37.38 54.53 0.0660
782.58 179.12 189.47 193.52 0.0653
36.64 197.14 29.91 33.91 0.0640
108.67 175.00 133.49 120.60 0.0638
583.00 487.70 85.82 66.09 0.0638
647.41 176.87 41.14 52.10 0.0637
479.69 40.41 62.41 53.98 0.0635
601.39 29.94 61.30 41.53 0.0623
451.65 0.00 74.75 53.46 0.0619
328.02 136.09 134.33 141.30 0.0603
151.68 374.97 93.57 121.43 0.0597
610.53 0.64 54.82 35.39 0.0595
820.21 89.04 112.80 103.23 0.0588
577.84 13.25 55.70 42.49 0.0580
544.66 390.96 84.22 107.96 0.0575
65.18 0.00 198.20 203.46 0.0571
616.12 69.51 59.40 52.48 0.0565
619.01 50.77 52.05 44.16 0.0539
638.36 144.20 55.40 51.73 0.0538
715.50 56.72 185.40 145.64 0.0537
576.74 329.95 201.24 153.60 0.0535
131.82 422.06 68.00 71.46 0.0534
86.66 218.34 179.44 153.56 0.0517
498.06 348.34 125.62 173.97 0.0515
33.83 207.89 39.93 44.91 0.0515
47.75 251.93 254.78 242.88 0.0513
906.58 0.00 64.41 48.19 0.0506
746.51 31.40 98.10 68.81 0.0504
74.27 192.76 100.34 79.79 0.0501
389.71 27.22 144.53 111.49 0.0501
