52_Photographers_photographertakingphoto_52_316
14
609.60 257.77 414.40 341.89 0.5016
599.82 144.91 424.18 257.49 0.2646
640.17 40.01 383.83 169.12 0.0888
632.63 520.12 391.37 263.88 0.0716
0.00 487.32 115.40 296.68 0.0504
474.43 320.47 449.30 369.45 0.0444
661.62 0.00 362.38 118.88 0.0394
0.00 3.55 107.33 224.55 0.0354
457.29 197.34 482.69 305.11 0.0317
0.00 100.03 131.87 341.85 0.0282
0.00 262.12 132.32 330.89 0.0271
153.52 253.36 355.73 367.49 0.0263
0.00 351.97 397.63 317.29 0.0214
64.84 43.97 94.70 152.93 0.0210
