14_Traffic_Traffic_14_380
200
272.02 214.59 80.18 104.28 0.6620
613.27 446.85 46.59 41.74 0.5546
188.47 163.63 23.81 29.24 0.4176
108.40 149.40 31.38 40.94 0.3930
46.72 168.35 23.14 27.15 0.3547
450.68 161.45 26.22 37.38 0.3527
902.59 291.05 58.66 81.38 0.3429
699.07 594.39 63.48 83.47 0.3354
311.22 223.16 88.62 90.19 0.3342
548.73 191.74 29.66 35.04 0.3329
764.15 115.74 26.74 28.24 0.3168
642.48 195.97 38.17 44.58 0.2931
991.07 220.39 32.93 60.57 0.2920
620.80 163.47 33.22 33.78 0.2829
443.73 169.07 35.48 62.11 0.2529
108.70 218.45 27.74 38.37 0.2524
723.17 466.20 42.40 44.73 0.2393
406.61 164.41 23.86 36.67 0.2361
441.66 183.86 45.35 86.40 0.2345
186.18 203.99 49.56 75.91 0.2315
800.26 589.30 123.96 132.29 0.2291
224.68 150.61 31.70 47.66 0.2203
475.31 188.30 31.04 52.80 0.2182
200.61 177.09 49.18 61.46 0.2180
721.10 234.43 39.30 47.12 0.2166
43.97 176.81 24.18 37.33 0.2127
409.43 176.12 24.84 45.65 0.2105
521.88 165.13 26.54 34.95 0.2094
376.98 145.64 21.80 28.95 0.2037
187.30 173.67 41.65 56.93 0.2035
892.87 343.56 49.33 91.62 0.1933
924.24 136.50 43.64 54.90 0.1924
700.89 571.60 175.95 137.50 0.1894
517.72 182.95 26.11 38.67 0.1856
559.32 139.73 20.16 24.82 0.1731
139.58 161.49 36.63 34.77 0.1721
498.74 565.43 49.24 42.20 0.1697
554.14 167.57 28.01 43.53 0.1672
7.87 185.45 25.03 36.25 0.1659
483.37 395.46 60.10 55.75 0.1615
509.00 212.30 35.41 48.74 0.1600
395.94 193.71 43.91 91.18 0.1588
619.60 408.29 48.83 57.69 0.1567
500.74 481.66 40.05 43.34 0.1565
736.27 210.86 66.13 71.51 0.1553
455.52 187.97 70.06 103.12 0.1537
641.25 165.52 46.09 50.89 0.1533
232.20 129.94 31.85 40.46 0.1512
412.17 144.11 20.78 27.49 0.1495
5.57 167.05 22.11 26.39 0.1492
470.67 161.36 29.56 39.72 0.1487
592.77 139.30 19.76 23.32 0.1479
929.54 223.54 65.20 86.96 0.1476
112.30 173.22 30.85 45.87 0.1472
903.64 295.74 93.43 119.37 0.1455
588.56 459.37 55.75 63.69 0.1417
473.99 458.80 64.06 64.98 0.1416
701.11 157.47 34.21 39.93 0.1372
436.16 355.36 83.79 67.23 0.1366
533.46 659.21 40.70 59.25 0.1366
811.32 149.03 27.90 38.25 0.1358
135.75 137.60 34.35 36.41 0.1331
4.50 204.21 30.56 42.73 0.1319
912.75 170.58 40.17 52.77 0.1311
240.27 119.73 49.66 80.94 0.1301
519.90 144.17 25.90 37.11 0.1298
605.19 489.91 62.54 70.62 0.1289
807.47 191.25 40.82 46.35 0.1279
848.74 134.44 22.99 37.27 0.1279
438.00 392.46 86.26 66.83 0.1265
12.33 266.55 27.66 34.21 0.1262
981.91 176.08 42.09 82.89 0.1257
746.54 238.59 59.26 67.57 0.1255
705.22 131.66 32.28 30.04 0.1248
254.34 172.14 72.29 125.94 0.1242
740.55 112.50 33.02 33.19 0.1238
27.19 264.72 30.35 32.37 0.1237
79.47 160.41 24.77 30.31 0.1223
368.11 175.63 35.52 72.31 0.1220
614.03 199.84 188.33 273.07 0.1218
579.64 184.91 36.69 47.70 0.1202
502.59 417.47 49.76 57.75 0.1195
142.83 194.22 64.97 73.44 0.1186
519.15 570.73 61.33 58.36 0.1175
467.87 572.48 43.05 42.39 0.1174
932.47 154.90 52.13 67.86 0.1165
590.01 164.45 31.01 37.91 0.1163
350.66 209.65 95.07 124.76 0.1147
944.00 304.24 72.30 92.43 0.1145
791.21 201.03 55.60 66.43 0.1138
556.22 410.84 35.31 30.84 0.1117
906.16 205.56 45.97 70.61 0.1107
197.08 215.14 69.37 99.12 0.1099
620.41 213.83 41.20 58.15 0.1094
133.52 171.95 54.14 61.19 0.1087
742.47 184.53 63.41 64.79 0.1076
192.13 145.43 27.87 40.34 0.1071
649.14 142.56 35.56 28.38 0.1059
331.20 250.58 77.40 91.97 0.1043
704.74 462.38 43.66 47.97 0.1042
757.40 479.70 49.26 38.99 0.1042
943.86 107.91 44.44 60.23 0.1034
532.48 617.51 44.87 54.32 0.1032
625.57 420.70 70.31 62.81 0.1028
882.73 256.18 71.62 101.20 0.1024
994.64 120.10 29.36 59.09 0.0997
762.67 487.71 167.37 225.62 0.0987
755.05 144.12 45.19 54.42 0.0978
841.38 153.53 29.74 39.63 0.0972
505.29 607.82 58.95 64.04 0.0963
80.41 187.50 26.36 35.33 0.0958
548.68 430.99 40.32 41.20 0.0952
584.86 407.63 57.62 50.35 0.0947
436.78 412.91 59.71 63.90 0.0942
623.87 145.34 38.53 44.10 0.0941
334.68 135.97 24.83 34.64 0.0939
793.69 479.48 119.25 129.22 0.0935
700.45 243.29 78.37 104.96 0.0927
41.06 353.71 21.59 30.46 0.0907
768.12 219.57 68.19 81.90 0.0901
528.72 548.18 57.86 61.33 0.0882
635.06 621.00 95.59 114.05 0.0879
637.98 382.70 58.74 64.38 0.0871
482.52 142.58 24.64 36.35 0.0863
659.26 363.54 69.90 84.29 0.0859
294.38 127.69 28.68 44.19 0.0858
704.44 113.50 26.19 33.23 0.0845
880.21 134.43 33.66 44.47 0.0845
577.19 205.21 41.09 55.34 0.0836
291.80 97.78 34.42 60.88 0.0831
82.51 209.00 37.42 40.97 0.0827
559.43 528.27 60.89 67.07 0.0824
412.90 212.66 86.67 111.41 0.0820
326.81 150.83 39.50 62.77 0.0809
628.33 483.66 62.30 56.34 0.0808
40.08 372.36 24.99 35.99 0.0806
539.90 456.36 48.49 46.46 0.0797
5.94 145.06 19.03 30.59 0.0793
83.56 143.53 22.06 30.86 0.0788
724.73 496.15 46.27 53.02 0.0782
538.98 483.89 47.20 49.34 0.0771
43.50 331.47 20.04 27.48 0.0770
698.27 183.42 46.28 65.71 0.0767
118.95 117.37 24.59 50.91 0.0751
886.90 219.17 63.93 89.74 0.0746
114.58 270.76 26.08 34.61 0.0745
641.21 573.19 93.59 109.01 0.0742
942.19 403.07 45.53 46.71 0.0740
717.54 364.09 49.19 64.71 0.0737
368.11 283.58 77.76 83.51 0.0736
431.43 543.24 45.23 51.27 0.0727
400.39 343.66 56.49 78.83 0.0725
755.58 88.89 38.17 48.51 0.0722
144.51 270.21 43.04 49.24 0.0720
784.53 478.46 88.42 53.12 0.0700
35.15 204.37 29.20 39.71 0.0699
319.64 89.82 40.67 54.28 0.0697
851.72 113.88 26.04 37.10 0.0696
668.54 646.77 101.21 102.98 0.0691
610.55 227.95 68.24 104.23 0.0689
979.39 354.20 38.71 68.17 0.0688
646.31 212.30 48.10 65.88 0.0683
735.76 507.33 102.72 120.60 0.0671
491.92 224.23 59.48 82.47 0.0671
752.89 10.55 48.54 43.68 0.0668
544.65 505.42 40.79 45.03 0.0667
500.46 724.91 44.32 41.75 0.0666
473.60 484.87 54.66 61.81 0.0665
475.32 729.13 54.79 38.87 0.0659
500.67 686.29 53.03 69.40 0.0656
7.86 295.47 21.11 35.65 0.0655
431.16 568.62 45.19 49.84 0.0653
538.46 210.33 48.66 71.45 0.0652
481.37 646.75 62.23 79.92 0.0652
639.48 222.16 112.10 155.55 0.0651
724.40 144.91 46.38 53.49 0.0640
819.59 176.14 52.97 58.12 0.0633
45.61 146.22 22.75 40.00 0.0627
981.24 402.04 32.35 50.37 0.0627
760.13 481.91 67.94 68.37 0.0624
146.11 295.66 35.43 35.52 0.0623
75.36 231.88 40.62 41.72 0.0623
885.03 181.33 62.69 77.09 0.0618
618.45 624.56 46.59 62.09 0.0617
207.72 235.77 98.82 112.89 0.0615
7.81 321.09 19.30 32.72 0.0609
444.27 481.95 37.12 44.55 0.0605
432.37 511.82 46.71 54.83 0.0596
102.45 330.97 30.81 29.69 0.0589
638.97 310.96 116.32 150.90 0.0588
383.59 314.58 66.89 82.97 0.0584
177.77 264.92 55.01 68.55 0.0581
705.34 81.56 29.30 41.66 0.0579
401.85 555.98 56.51 56.42 0.0576
722.16 259.58 99.10 123.38 0.0567
568.74 363.18 100.33 94.59 0.0563
278.60 132.62 57.42 92.64 0.0562
551.60 558.38 60.68 55.23 0.0560
629.10 505.47 77.89 103.54 0.0560
352.26 299.35 59.20 82.68 0.0560
