2_Demonstration_Demonstration_Or_Protest_2_385
200
323.34 449.21 38.20 48.80 0.6583
211.84 466.34 29.30 38.71 0.5706
277.13 529.51 38.84 51.98 0.4892
740.88 457.43 32.47 45.01 0.4760
119.44 499.58 32.75 57.26 0.4677
447.47 397.62 25.51 32.66 0.4607
64.66 446.11 37.81 53.83 0.4545
803.16 433.78 27.02 39.33 0.4511
615.03 499.01 28.86 33.50 0.4187
389.46 522.64 38.81 53.79 0.4114
997.19 460.59 23.76 37.12 0.3824
503.33 533.15 35.03 50.15 0.3803
873.42 468.07 36.37 45.18 0.3714
46.82 286.07 27.86 42.05 0.3710
338.72 394.76 26.53 30.70 0.3605
356.42 445.75 36.64 41.83 0.3518
192.24 525.06 28.35 36.13 0.3514
376.32 327.37 24.31 32.89 0.3431
27.46 475.35 43.90 63.81 0.3316
508.01 512.49 37.96 57.42 0.3246
671.04 462.38 28.97 37.84 0.3223
994.53 404.21 24.23 32.20 0.3203
146.36 395.00 27.10 32.22 0.3057
8.21 557.64 31.85 44.12 0.2873
303.92 128.06 17.29 29.13 0.2848
774.21 383.98 17.97 24.24 0.2737
268.64 346.06 21.24 28.14 0.2735
815.16 383.99 17.60 27.12 0.2735
157.72 355.81 16.72 19.34 0.2722
373.93 339.67 24.54 34.65 0.2717
81.69 391.02 24.58 35.07 0.2690
221.26 354.52 22.46 26.28 0.2676
411.04 350.31 20.25 27.24 0.2673
846.74 325.21 17.54 22.65 0.2632
39.76 453.54 60.39 66.35 0.2596
916.52 454.95 22.58 33.56 0.2595
551.87 406.87 24.00 29.72 0.2587
336.75 346.76 19.67 27.38 0.2584
508.33 479.28 31.33 43.50 0.2573
853.08 454.71 27.21 37.15 0.2446
595.88 377.97 17.14 22.28 0.2435
673.29 563.68 29.55 35.55 0.2424
704.47 377.67 19.04 25.99 0.2390
559.56 346.05 15.47 23.97 0.2384
921.12 426.74 21.96 31.56 0.2378
921.23 409.52 23.54 30.75 0.2375
555.12 421.38 23.58 32.02 0.2357
954.06 423.51 23.81 32.76 0.2330
669.20 345.07 15.58 24.86 0.2320
399.68 397.78 25.79 30.73 0.2310
880.36 433.65 25.76 29.65 0.2276
481.98 432.16 24.16 32.27 0.2273
487.71 302.58 16.48 23.74 0.2268
669.37 383.73 18.93 28.63 0.2241
589.91 450.17 22.36 31.15 0.2230
735.79 409.08 20.39 25.03 0.2227
411.89 327.06 18.41 27.57 0.2219
524.74 379.67 15.26 20.69 0.2213
668.52 397.75 20.96 27.70 0.2206
851.06 429.56 26.19 34.52 0.2192
886.94 381.92 16.48 20.87 0.2180
692.79 465.95 32.10 40.47 0.2171
764.17 458.45 30.65 44.25 0.2136
299.87 395.45 22.58 29.66 0.2121
363.76 455.34 39.81 55.86 0.2112
516.21 460.61 25.10 34.07 0.2111
597.87 329.12 12.96 17.81 0.2108
448.63 380.87 21.68 32.85 0.2105
450.90 356.12 18.08 25.83 0.2099
669.99 331.21 14.05 22.55 0.2094
296.91 348.48 19.78 26.77 0.2088
188.01 322.97 17.53 21.71 0.2087
632.51 328.45 14.99 20.52 0.2071
228.75 317.25 18.30 26.59 0.2064
633.73 348.60 14.55 23.43 0.2059
708.07 326.44 15.90 20.87 0.2058
193.08 352.05 17.60 21.83 0.2054
482.93 381.04 18.29 24.58 0.2052
447.33 302.89 17.31 23.62 0.2049
809.77 326.26 19.01 24.93 0.2039
558.49 331.43 14.65 21.38 0.2038
735.05 431.97 24.96 37.49 0.2025
631.02 408.82 18.91 22.15 0.2024
487.70 320.52 18.95 25.59 0.2018
336.73 329.55 18.38 24.44 0.2008
592.67 406.31 17.93 23.52 0.2007
524.38 301.32 13.69 18.69 0.1991
405.93 433.43 28.08 31.36 0.1987
377.51 482.16 56.38 64.58 0.1982
263.16 379.11 19.06 24.15 0.1963
10.46 485.50 43.77 55.11 0.1952
442.64 450.18 30.68 39.67 0.1949
920.16 329.28 17.67 19.92 0.1948
447.75 318.46 17.26 26.21 0.1925
83.72 325.25 21.01 26.55 0.1918
0.11 423.46 25.33 36.87 0.1915
812.48 403.30 21.59 25.67 0.1909
44.20 299.41 24.77 44.64 0.1908
596.41 353.28 17.23 24.56 0.1907
8.19 338.36 22.30 39.34 0.1880
555.18 383.60 16.99 20.36 0.1869
706.80 352.66 16.35 21.35 0.1867
998.96 329.14 20.26 19.40 0.1856
156.69 382.79 25.27 34.05 0.1846
56.81 474.54 51.72 77.73 0.1842
851.22 471.95 32.01 41.27 0.1836
107.19 447.82 31.53 38.90 0.1827
189.93 382.90 19.43 25.16 0.1825
962.06 303.16 13.67 17.62 0.1823
989.45 486.43 33.35 61.78 0.1819
268.29 328.09 22.26 32.43 0.1816
773.95 391.66 20.30 32.32 0.1813
741.29 324.60 13.04 20.29 0.1807
230.57 304.82 16.98 26.20 0.1799
8.45 453.51 35.87 50.99 0.1776
442.86 422.07 28.06 31.76 0.1767
220.79 369.83 24.78 31.64 0.1757
290.86 320.92 23.67 31.93 0.1753
524.17 327.34 14.68 20.20 0.1742
624.15 430.49 24.97 29.44 0.1741
963.05 350.64 18.98 20.81 0.1730
207.92 477.26 40.68 64.93 0.1727
120.32 398.44 27.41 32.78 0.1721
156.93 322.17 16.19 22.47 0.1717
633.31 380.34 15.81 20.71 0.1717
78.98 524.06 37.63 43.96 0.1684
743.63 300.17 13.86 20.18 0.1672
705.94 401.43 22.31 27.80 0.1667
11.70 367.37 25.22 37.53 0.1662
78.21 296.12 22.43 32.74 0.1660
593.73 433.54 20.39 26.70 0.1659
852.95 380.59 16.24 21.38 0.1659
738.10 377.76 17.20 23.93 0.1657
925.00 302.87 13.44 16.20 0.1655
82.45 344.86 22.45 30.98 0.1654
523.32 353.66 13.94 18.86 0.1651
812.14 301.35 16.37 21.20 0.1651
916.29 348.96 20.73 21.95 0.1643
561.21 300.26 15.06 19.44 0.1643
115.88 352.86 17.35 23.03 0.1639
851.51 405.96 21.04 24.90 0.1635
157.55 302.42 14.52 20.14 0.1618
438.96 530.68 30.96 47.39 0.1610
260.57 395.67 25.12 32.55 0.1607
881.59 401.20 20.59 27.82 0.1605
955.59 408.19 22.47 32.48 0.1592
594.59 485.01 38.48 49.92 0.1585
42.25 203.42 26.96 41.77 0.1580
781.27 300.38 15.57 21.47 0.1566
6.31 402.22 23.63 41.47 0.1565
888.73 352.92 16.14 20.29 0.1565
782.55 326.65 16.44 21.83 0.1559
521.63 431.24 20.57 27.10 0.1554
332.93 262.34 20.81 31.04 0.1549
120.01 300.38 17.18 23.00 0.1548
373.34 403.33 22.86 27.27 0.1546
485.23 352.09 16.86 23.55 0.1536
299.28 380.47 22.71 30.06 0.1535
1.87 228.24 29.23 44.78 0.1529
850.09 305.03 14.22 18.41 0.1526
411.72 302.36 15.68 21.35 0.1521
524.79 405.46 17.99 22.29 0.1509
190.50 303.72 15.16 19.77 0.1506
119.98 322.32 14.59 23.71 0.1501
556.90 449.17 22.60 32.66 0.1480
663.89 433.00 26.63 35.76 0.1466
140.56 421.66 31.66 37.09 0.1465
45.46 347.63 20.38 29.51 0.1465
806.60 448.54 34.11 61.40 0.1451
994.12 347.71 22.72 25.07 0.1450
479.99 396.75 21.88 33.61 0.1445
702.25 431.82 24.95 38.07 0.1444
32.27 510.33 49.41 63.73 0.1443
670.49 303.45 12.49 21.65 0.1443
961.21 324.82 15.39 20.30 0.1439
743.80 275.99 14.52 18.19 0.1427
706.07 303.37 13.71 22.20 0.1425
741.26 355.84 13.41 18.47 0.1416
332.29 531.98 35.72 46.27 0.1414
302.77 187.26 21.32 43.12 0.1413
890.52 329.03 14.62 18.19 0.1404
851.38 349.28 14.59 20.66 0.1401
781.76 353.76 12.20 16.79 0.1399
43.78 427.17 51.81 54.71 0.1396
109.89 431.01 32.74 42.36 0.1392
955.20 471.50 32.64 41.15 0.1383
734.81 468.21 40.37 65.75 0.1381
373.71 368.05 22.71 30.73 0.1368
139.62 543.55 36.79 50.96 0.1359
813.49 351.52 15.55 19.31 0.1345
632.54 302.69 14.53 20.29 0.1344
43.93 184.36 26.45 42.58 0.1341
223.57 645.57 95.89 77.10 0.1337
130.11 501.09 42.65 60.39 0.1330
833.00 607.91 37.46 41.35 0.1319
593.59 301.80 12.87 18.75 0.1318
409.23 377.12 21.01 24.99 0.1316
104.39 518.46 42.10 72.97 0.1315
698.45 162.87 78.13 62.75 0.1311
998.72 300.76 16.75 19.22 0.1305
