2_Demonstration_Political_Rally_2_171
200
848.68 649.33 76.50 107.81 0.6772
613.65 665.81 54.69 70.99 0.4407
443.00 661.08 25.37 36.23 0.3363
407.40 700.27 46.70 67.73 0.2928
95.73 629.75 45.96 56.82 0.2561
536.60 675.56 44.48 56.82 0.2429
119.01 566.82 26.05 35.25 0.2340
1.27 685.48 27.79 44.64 0.2336
996.88 628.52 24.24 33.30 0.2206
306.29 498.79 18.20 27.26 0.2031
753.76 143.18 44.91 33.51 0.1918
732.57 147.25 66.58 47.41 0.1857
301.95 614.36 40.04 46.44 0.1844
70.02 726.63 32.45 37.13 0.1800
990.77 646.33 33.23 53.83 0.1710
289.39 138.83 246.01 130.04 0.1701
592.93 666.20 51.54 77.78 0.1682
135.41 714.57 50.85 49.35 0.1590
133.62 598.54 36.77 47.63 0.1576
530.73 690.68 68.82 77.32 0.1544
402.99 490.06 25.30 35.48 0.1528
952.23 607.90 22.36 27.12 0.1476
375.04 481.58 25.14 40.50 0.1466
254.50 40.41 356.66 260.41 0.1446
41.60 714.00 31.65 44.47 0.1443
42.32 577.15 20.17 27.15 0.1420
305.34 510.17 18.20 31.70 0.1402
324.97 641.42 31.61 42.64 0.1396
915.89 596.15 32.00 46.68 0.1392
329.58 571.24 32.09 47.92 0.1390
314.46 623.77 37.91 46.03 0.1389
82.52 639.35 47.01 70.87 0.1387
470.75 584.82 50.26 55.89 0.1384
692.43 134.70 50.27 42.26 0.1371
324.98 600.01 31.93 43.63 0.1366
508.00 628.27 46.58 69.75 0.1364
521.47 358.88 17.42 24.41 0.1357
584.02 686.16 79.20 81.84 0.1333
519.21 672.03 43.97 57.42 0.1318
334.54 497.19 19.14 27.60 0.1306
403.32 647.38 46.49 67.86 0.1304
997.85 608.73 19.95 25.95 0.1302
109.91 613.65 63.45 75.52 0.1297
938.03 612.17 40.01 53.02 0.1276
302.11 575.38 31.38 45.35 0.1270
432.17 627.60 40.45 64.22 0.1270
372.00 513.20 25.59 33.28 0.1267
230.74 498.96 13.39 19.16 0.1245
327.46 516.64 28.65 33.34 0.1234
119.89 524.83 13.96 21.35 0.1227
520.81 377.76 18.29 31.30 0.1223
230.31 523.38 14.32 19.23 0.1222
329.13 545.54 31.63 50.64 0.1215
435.95 444.35 24.10 36.30 0.1214
588.45 622.26 62.72 89.58 0.1208
532.89 614.55 60.06 84.78 0.1196
704.84 114.65 19.41 18.81 0.1196
140.53 164.57 57.33 34.69 0.1194
843.41 149.50 68.18 45.34 0.1193
300.54 652.86 33.93 36.17 0.1184
83.79 609.60 47.17 64.30 0.1184
469.92 718.15 44.03 49.85 0.1160
644.32 135.41 53.05 53.20 0.1147
550.96 489.18 116.26 199.10 0.1138
892.42 640.29 93.41 120.14 0.1137
194.20 524.80 13.40 18.76 0.1135
885.10 613.85 68.90 111.76 0.1133
303.80 548.66 22.37 29.63 0.1132
359.25 675.44 49.79 71.26 0.1126
720.70 150.16 96.16 77.38 0.1116
231.63 469.91 12.03 18.77 0.1105
268.34 524.20 13.10 19.37 0.1095
704.11 633.39 43.88 52.92 0.1089
860.59 142.51 46.90 31.79 0.1087
232.13 443.63 11.12 18.04 0.1087
469.91 642.61 43.62 59.80 0.1084
361.48 709.23 62.54 58.77 0.1081
409.50 596.76 36.29 47.61 0.1073
121.75 497.30 12.39 20.18 0.1069
158.39 723.37 64.47 44.63 0.1069
433.90 585.47 54.84 70.29 0.1056
358.87 646.95 44.37 67.98 0.1049
194.69 499.24 13.37 19.36 0.1049
925.29 525.01 12.33 18.30 0.1037
44.61 552.50 19.48 28.31 0.1035
406.02 467.04 26.08 39.73 0.1030
810.56 112.01 22.57 21.05 0.1025
923.31 580.10 16.47 22.99 0.1025
946.07 387.63 28.25 41.70 0.1020
192.04 652.99 42.46 45.66 0.1015
960.25 524.37 16.52 21.70 0.1007
377.68 388.40 12.36 19.64 0.1002
972.45 681.73 44.98 57.68 0.1001
485.60 385.26 14.70 22.31 0.1000
265.24 577.63 17.64 24.28 0.0999
924.84 552.75 13.15 19.03 0.0992
444.96 487.10 19.57 33.30 0.0990
80.64 568.84 27.87 40.02 0.0990
351.77 610.77 48.08 68.30 0.0983
717.18 624.91 48.29 70.59 0.0980
267.73 497.46 12.89 19.63 0.0980
472.26 667.04 37.36 58.94 0.0973
451.09 389.50 13.73 19.59 0.0971
156.37 497.80 13.19 19.93 0.0967
766.54 575.63 27.69 38.29 0.0965
773.59 550.65 18.37 27.45 0.0965
794.13 137.43 47.80 36.75 0.0960
913.33 387.95 33.58 53.60 0.0959
877.20 605.51 31.35 46.84 0.0958
2.34 661.09 28.60 50.36 0.0958
261.46 623.50 41.67 41.24 0.0957
121.05 656.66 61.45 85.97 0.0956
924.37 495.64 13.17 21.02 0.0955
740.99 704.08 60.78 63.92 0.0955
121.45 469.38 12.45 20.05 0.0949
488.64 607.69 56.69 80.08 0.0949
736.46 515.08 28.86 43.78 0.0945
486.63 359.93 13.38 20.33 0.0944
889.54 525.97 11.04 18.07 0.0942
913.50 355.81 30.25 45.66 0.0937
193.42 549.48 16.66 25.71 0.0934
413.96 387.93 14.58 18.84 0.0932
889.56 552.89 12.08 18.21 0.0931
296.06 667.05 32.65 48.06 0.0930
82.14 525.93 17.85 23.67 0.0926
408.25 614.40 45.41 67.71 0.0922
450.31 358.42 14.46 20.61 0.0919
921.91 469.54 15.11 23.87 0.0915
781.78 145.47 83.25 64.85 0.0914
773.40 116.10 22.08 21.44 0.0907
304.68 472.66 14.30 22.98 0.0906
359.47 566.40 36.08 47.37 0.0905
352.06 586.53 44.26 59.15 0.0905
887.87 306.66 13.28 18.37 0.0904
153.92 548.91 17.20 27.37 0.0900
522.55 336.78 17.47 24.24 0.0898
960.02 551.43 16.77 21.95 0.0898
229.87 550.11 15.38 22.51 0.0895
45.76 524.13 18.80 27.18 0.0893
35.94 683.24 38.94 57.09 0.0888
449.84 333.05 16.07 20.29 0.0888
267.60 471.16 12.65 19.62 0.0880
332.10 166.44 136.82 82.27 0.0880
267.07 552.10 14.51 21.16 0.0878
226.39 576.22 18.66 26.25 0.0878
43.31 463.48 21.00 28.12 0.0873
958.78 493.40 16.97 25.18 0.0869
889.66 497.91 11.96 19.82 0.0869
377.13 443.15 14.68 21.64 0.0859
42.08 600.75 21.53 25.67 0.0851
259.49 659.02 39.42 42.37 0.0848
522.52 402.30 18.27 32.39 0.0845
262.17 601.01 29.09 38.33 0.0838
555.33 378.57 17.67 28.28 0.0835
673.58 659.70 55.41 68.51 0.0831
726.08 669.41 61.56 85.71 0.0829
329.99 664.98 51.56 75.26 0.0828
367.40 546.03 28.74 36.43 0.0826
736.02 541.28 38.14 61.18 0.0825
0.00 718.02 36.09 49.98 0.0821
43.25 435.85 25.01 36.78 0.0821
471.28 541.87 39.22 49.05 0.0821
850.85 275.87 16.92 23.56 0.0820
156.52 471.41 12.99 19.93 0.0820
339.62 470.16 16.01 21.69 0.0813
852.57 302.91 13.41 21.64 0.0813
156.68 523.78 13.85 21.46 0.0800
376.99 414.56 13.03 19.79 0.0795
117.00 443.83 16.10 25.24 0.0795
809.50 576.72 20.90 29.97 0.0794
801.53 712.46 68.88 55.54 0.0794
888.20 577.74 14.74 20.91 0.0793
796.24 636.47 74.30 97.32 0.0793
267.91 443.05 11.36 18.44 0.0791
961.47 299.40 16.93 27.67 0.0787
514.81 551.42 117.20 166.18 0.0786
886.39 374.61 27.81 45.90 0.0773
192.33 721.05 75.07 46.95 0.0768
378.10 361.37 12.72 18.36 0.0764
44.87 496.95 17.46 22.97 0.0763
82.73 494.06 17.40 23.76 0.0762
591.08 429.15 27.49 48.04 0.0760
206.74 631.41 40.30 50.45 0.0760
888.65 330.67 14.38 23.06 0.0759
294.78 707.81 33.07 40.37 0.0753
889.31 469.31 14.61 23.89 0.0752
305.78 388.62 11.47 18.26 0.0750
444.88 416.52 16.98 22.99 0.0748
415.03 360.79 14.29 18.52 0.0745
812.78 550.89 14.82 21.74 0.0739
406.93 575.46 32.25 45.87 0.0739
552.93 431.11 26.41 38.15 0.0738
959.87 272.14 18.83 28.49 0.0738
90.03 692.10 63.08 72.16 0.0737
737.12 563.42 48.02 66.10 0.0730
555.91 359.96 16.36 23.50 0.0725
240.18 101.79 141.56 122.77 0.0721
735.54 484.78 32.32 52.13 0.0720
887.96 357.45 21.01 33.43 0.0719
740.38 116.18 21.89 19.82 0.0711
