2_Demonstration_Demonstrators_2_518
200
937.98 420.02 59.77 78.95 0.8000
378.81 144.48 58.87 60.28 0.5931
551.06 145.15 31.18 41.31 0.5475
221.02 196.00 47.41 64.29 0.5140
463.01 148.79 46.55 52.92 0.4971
70.80 264.77 64.17 64.81 0.4803
811.30 77.13 44.62 51.55 0.4732
972.10 263.66 51.90 59.09 0.4612
332.71 147.72 52.71 59.71 0.4541
680.55 144.24 42.70 44.73 0.4445
922.37 49.43 36.38 50.17 0.4254
751.74 50.84 40.05 47.91 0.4099
191.82 1.53 30.04 31.93 0.3876
189.88 299.91 34.64 48.78 0.3867
737.62 130.78 35.88 49.67 0.3347
612.34 426.64 48.62 59.10 0.3270
620.01 139.39 24.84 30.55 0.2840
730.99 261.99 78.13 75.04 0.2593
6.26 87.32 23.07 33.58 0.2425
708.20 270.80 89.58 111.44 0.2367
281.28 266.19 44.86 54.77 0.2174
662.71 0.00 43.85 28.54 0.2117
206.80 420.11 70.67 82.04 0.1914
515.97 334.96 50.03 71.99 0.1862
645.20 344.01 63.63 65.86 0.1843
436.25 131.81 74.22 93.41 0.1789
995.97 85.34 25.23 37.49 0.1761
542.11 307.96 45.47 81.92 0.1750
638.64 310.58 62.86 77.91 0.1738
169.81 78.83 35.84 43.63 0.1712
483.41 0.00 33.61 33.95 0.1707
517.59 412.68 32.85 47.48 0.1698
617.53 160.04 33.35 53.07 0.1696
348.77 17.57 64.07 97.99 0.1654
758.82 233.39 60.30 81.41 0.1641
587.72 137.40 38.85 50.35 0.1640
845.03 200.55 44.90 46.20 0.1601
517.23 382.25 38.75 49.37 0.1600
838.43 238.18 42.98 63.00 0.1599
606.76 415.08 89.98 87.59 0.1598
896.13 342.09 48.26 55.58 0.1584
987.24 355.34 36.76 57.66 0.1582
239.71 605.04 84.56 79.96 0.1577
652.34 220.40 34.68 47.95 0.1575
75.91 209.31 74.69 81.67 0.1531
91.23 492.31 94.47 93.33 0.1525
187.36 168.37 66.52 76.82 0.1525
258.16 154.55 43.44 52.06 0.1497
646.71 281.11 37.97 39.83 0.1481
104.84 266.84 69.05 68.94 0.1468
0.00 86.85 30.19 68.53 0.1461
368.56 266.46 30.07 36.29 0.1433
263.43 138.06 52.41 54.07 0.1430
572.11 207.46 49.31 62.07 0.1419
858.91 255.45 45.35 49.91 0.1401
353.97 271.54 48.00 56.04 0.1393
552.82 232.20 33.66 42.14 0.1386
183.19 269.81 46.27 65.54 0.1376
301.15 143.86 69.25 54.74 0.1363
497.65 148.25 48.69 60.01 0.1354
770.09 595.59 46.42 47.63 0.1348
571.96 153.26 62.86 100.63 0.1344
106.58 538.54 74.21 72.05 0.1341
631.06 271.76 32.75 40.60 0.1335
668.65 297.49 123.61 131.68 0.1324
657.20 176.37 42.88 60.53 0.1315
173.99 38.43 46.52 70.94 0.1299
544.53 282.77 39.24 56.40 0.1288
275.93 197.55 81.65 113.53 0.1288
367.36 238.39 38.46 49.12 0.1271
619.75 341.52 54.69 78.97 0.1268
918.02 218.44 27.71 30.10 0.1268
810.34 434.59 28.01 37.20 0.1264
756.02 297.40 75.82 86.75 0.1262
217.19 536.11 90.22 99.06 0.1258
236.73 512.90 74.53 83.68 0.1253
603.92 368.85 64.57 87.59 0.1239
29.30 583.95 39.27 54.90 0.1237
651.70 42.44 47.39 60.68 0.1232
804.93 170.27 36.55 44.94 0.1230
650.66 0.00 57.43 73.88 0.1215
339.53 444.43 56.50 56.14 0.1215
889.18 603.30 21.10 27.58 0.1211
886.24 66.49 31.17 44.04 0.1209
548.57 164.83 50.33 89.78 0.1208
549.86 260.33 31.82 43.38 0.1200
939.83 353.29 52.95 69.51 0.1194
544.98 359.62 43.83 62.12 0.1193
914.93 376.61 60.51 112.92 0.1192
363.20 0.00 30.76 28.98 0.1192
314.06 270.45 79.00 91.94 0.1188
585.99 378.13 58.82 62.99 0.1186
433.12 227.20 45.26 56.15 0.1180
684.30 154.29 49.97 68.85 0.1178
913.79 303.91 40.19 52.17 0.1172
568.89 344.92 58.04 86.58 0.1168
891.04 594.84 19.41 23.89 0.1162
354.23 581.19 51.40 56.19 0.1160
19.73 525.59 51.12 76.71 0.1154
782.53 224.65 59.86 83.45 0.1149
204.61 471.66 70.70 64.32 0.1144
820.05 49.22 50.66 71.22 0.1132
519.30 259.66 40.18 44.85 0.1125
111.33 437.39 82.34 83.86 0.1124
338.41 0.00 29.43 27.35 0.1118
674.87 376.72 103.59 112.57 0.1117
262.51 104.58 60.05 71.56 0.1110
338.08 16.88 40.88 64.98 0.1102
426.63 414.24 47.49 49.99 0.1098
868.93 377.58 67.81 114.03 0.1098
193.16 298.15 58.00 70.97 0.1096
993.09 568.95 20.73 26.74 0.1086
83.61 524.42 66.83 82.37 0.1082
270.95 353.97 64.31 58.95 0.1082
299.24 154.84 87.17 81.21 0.1082
887.29 113.24 28.41 39.09 0.1078
479.14 1.20 49.18 57.85 0.1076
120.89 575.95 61.97 72.73 0.1076
63.92 519.77 57.96 95.70 0.1076
497.75 0.00 42.14 32.63 0.1068
769.77 213.57 54.64 60.47 0.1066
174.65 432.38 79.10 92.54 0.1064
207.91 11.41 40.52 47.35 0.1064
755.45 113.19 49.21 62.01 0.1059
297.70 305.24 91.15 113.53 0.1059
231.90 492.00 75.35 63.90 0.1057
802.47 444.77 39.67 56.39 0.1049
797.22 198.34 51.49 60.58 0.1046
694.42 246.66 47.48 61.88 0.1045
44.03 383.77 45.10 44.28 0.1043
165.52 481.08 76.38 89.12 0.1027
689.14 210.15 44.06 54.94 0.1022
47.20 278.56 70.21 61.61 0.1018
885.62 84.78 30.78 43.92 0.1018
950.75 209.67 33.10 39.49 0.1017
719.38 321.36 107.17 129.91 0.1009
266.12 493.65 63.91 65.71 0.1008
960.73 589.05 19.47 21.56 0.1008
253.40 287.23 65.45 75.44 0.1002
41.03 238.31 54.82 86.59 0.0999
3.61 127.12 31.80 52.05 0.0991
388.42 268.91 58.24 67.80 0.0983
320.07 184.79 59.84 73.69 0.0983
251.62 580.29 64.59 71.83 0.0979
604.65 184.66 53.24 75.87 0.0978
589.40 434.45 78.91 96.65 0.0976
922.43 605.57 20.07 26.60 0.0974
792.60 591.19 33.25 38.04 0.0971
255.43 247.22 65.41 84.93 0.0964
387.13 227.69 50.51 58.20 0.0956
736.26 387.68 78.73 92.23 0.0955
995.68 577.36 20.60 29.67 0.0954
585.80 253.89 35.30 48.89 0.0946
426.84 186.08 72.47 87.90 0.0944
452.81 408.29 54.98 61.12 0.0935
455.38 365.01 68.16 91.34 0.0933
228.55 293.18 82.16 114.51 0.0933
233.38 342.29 93.76 104.36 0.0931
884.47 39.49 49.73 67.70 0.0927
988.36 142.95 35.64 68.59 0.0926
988.71 106.70 33.41 50.18 0.0924
844.12 172.03 41.45 49.56 0.0918
931.56 57.77 49.53 69.47 0.0913
258.86 435.13 72.85 69.66 0.0909
164.36 620.51 110.51 64.49 0.0907
8.49 539.92 37.27 47.79 0.0903
832.89 272.53 45.92 55.35 0.0903
767.46 186.75 45.70 44.22 0.0901
362.97 191.63 65.32 74.64 0.0900
945.71 192.91 34.48 37.46 0.0899
518.20 278.90 45.31 54.99 0.0899
466.81 292.61 87.06 129.71 0.0892
201.76 0.00 43.97 32.44 0.0886
417.18 330.52 69.86 84.92 0.0884
650.35 416.97 84.43 109.72 0.0881
317.63 454.03 64.33 66.33 0.0874
534.65 412.26 42.65 50.30 0.0873
623.64 0.00 62.53 34.82 0.0872
920.44 229.34 36.67 44.28 0.0871
406.54 0.00 39.63 34.03 0.0865
617.80 240.80 40.96 52.87 0.0862
6.84 154.55 37.68 58.21 0.0861
986.25 331.18 37.75 47.51 0.0860
0.00 211.29 50.79 93.12 0.0858
957.50 559.72 20.46 27.19 0.0858
995.43 172.14 28.57 58.40 0.0857
921.28 536.48 21.50 32.50 0.0852
923.20 591.80 17.60 22.03 0.0851
176.09 119.05 52.28 77.06 0.0850
751.49 145.82 50.66 54.49 0.0849
353.02 316.51 101.04 106.94 0.0848
302.01 258.22 65.51 69.30 0.0846
478.93 295.79 55.57 79.18 0.0846
205.86 230.90 60.78 81.63 0.0845
365.17 562.95 40.17 40.80 0.0845
869.64 465.19 47.50 62.65 0.0841
944.12 300.80 51.66 66.81 0.0837
303.68 420.64 66.77 67.08 0.0835
515.41 223.64 57.90 67.42 0.0833
33.20 340.18 49.48 49.09 0.0831
