2_Demonstration_Protesters_2_563
200
96.70 237.30 86.90 106.97 0.8710
829.66 314.02 95.25 119.34 0.8666
401.06 192.77 59.92 75.88 0.8391
732.57 219.98 63.84 100.55 0.8173
880.15 212.89 57.72 73.75 0.7540
671.71 249.97 51.23 65.92 0.6431
299.62 235.78 28.19 27.34 0.6230
667.98 168.07 33.95 46.41 0.6038
562.00 216.32 32.13 45.55 0.5624
811.26 188.29 40.48 38.76 0.5190
622.60 412.94 68.75 54.34 0.4632
498.76 0.00 87.03 170.51 0.4339
234.28 213.68 26.08 32.35 0.4188
226.28 251.86 30.46 45.71 0.3980
633.03 181.56 30.47 43.49 0.3669
550.62 300.60 27.69 38.31 0.3097
689.27 479.25 76.27 69.19 0.3019
553.89 194.93 30.81 41.85 0.2846
131.90 241.72 77.07 84.99 0.2811
481.16 290.45 24.16 34.43 0.2649
512.66 179.29 34.07 43.13 0.2584
378.72 210.82 59.14 63.72 0.2429
659.10 166.34 59.30 78.04 0.2360
25.60 170.79 46.54 90.70 0.2262
586.60 333.75 32.17 43.56 0.2220
368.29 238.19 45.81 57.13 0.2193
546.17 261.53 39.86 60.34 0.2174
1.24 177.50 66.92 151.84 0.2077
608.62 49.70 36.17 59.48 0.2018
671.61 182.20 68.24 102.66 0.1999
567.35 11.46 68.14 131.35 0.1937
291.94 235.94 40.98 64.61 0.1933
320.18 282.39 123.41 187.56 0.1925
509.12 201.51 37.49 44.74 0.1897
715.09 465.59 87.92 84.55 0.1895
958.12 216.21 26.21 41.85 0.1846
376.96 312.22 104.24 179.98 0.1804
978.91 321.96 42.53 63.85 0.1797
163.85 203.02 44.49 53.83 0.1764
653.27 471.68 72.20 69.80 0.1743
358.23 264.32 56.81 67.57 0.1733
537.78 169.39 37.56 47.11 0.1725
435.35 476.58 52.38 70.74 0.1708
585.25 191.69 31.69 41.96 0.1698
481.32 175.55 57.34 80.09 0.1688
658.70 363.21 35.41 35.98 0.1667
773.73 186.59 39.84 51.98 0.1620
522.43 289.82 33.13 39.81 0.1608
940.14 220.98 38.97 53.57 0.1595
252.86 275.66 42.57 59.72 0.1586
321.49 464.45 77.84 115.47 0.1583
479.81 268.55 30.43 49.05 0.1574
421.75 337.60 98.08 144.43 0.1570
304.38 461.41 136.25 176.89 0.1538
112.24 27.88 30.53 47.34 0.1533
272.63 255.17 62.11 98.66 0.1526
110.25 35.36 55.34 77.98 0.1506
373.01 269.43 74.61 120.38 0.1504
53.81 198.71 91.09 137.92 0.1480
403.39 6.12 143.46 170.13 0.1466
500.82 382.42 44.38 74.49 0.1450
760.37 222.92 72.11 93.02 0.1437
518.47 142.87 44.48 63.63 0.1433
120.73 197.34 70.72 77.41 0.1428
626.41 241.04 40.23 55.30 0.1412
122.70 28.67 76.88 102.39 0.1402
269.75 301.30 55.77 90.04 0.1400
470.68 221.63 49.94 61.22 0.1388
143.14 181.37 39.30 50.89 0.1385
836.42 245.99 42.49 65.67 0.1363
472.29 310.86 36.18 63.73 0.1337
149.10 162.09 32.39 48.53 0.1337
589.79 434.72 78.23 78.84 0.1318
738.46 257.68 69.31 95.25 0.1312
351.14 45.63 111.08 113.73 0.1309
87.87 162.37 68.97 84.37 0.1292
333.29 372.78 129.28 174.05 0.1292
889.24 242.50 68.83 101.11 0.1289
590.66 403.93 59.11 53.30 0.1287
472.89 355.92 74.09 132.45 0.1285
699.82 416.06 91.07 105.73 0.1269
417.13 441.53 79.99 118.29 0.1244
653.84 401.17 71.65 66.93 0.1243
516.38 228.74 40.95 45.25 0.1243
358.28 87.44 83.38 102.81 0.1236
372.50 454.71 87.76 131.82 0.1230
519.78 262.81 37.00 48.19 0.1230
908.58 232.45 76.02 85.06 0.1229
617.26 367.16 42.12 48.07 0.1210
191.93 355.76 61.43 64.01 0.1177
616.75 313.56 34.40 36.49 0.1164
936.85 266.27 57.35 74.95 0.1158
720.27 193.09 54.38 84.88 0.1127
959.85 277.05 64.15 91.55 0.1117
227.19 25.32 25.90 35.95 0.1115
328.14 254.45 65.23 75.15 0.1096
514.35 335.43 36.26 61.97 0.1095
551.45 315.42 29.97 47.04 0.1093
724.24 384.07 56.14 76.26 0.1084
73.72 132.88 40.99 52.21 0.1027
216.78 31.50 47.83 84.11 0.1025
242.33 208.36 37.80 44.49 0.1024
212.71 336.04 47.87 58.15 0.1011
34.73 61.98 39.19 58.88 0.1006
48.24 155.23 81.53 114.56 0.1006
726.22 350.25 42.35 57.67 0.1005
620.22 480.76 103.34 116.42 0.0988
642.92 0.00 139.69 106.75 0.0986
702.45 594.83 81.61 87.20 0.0986
873.71 367.35 77.72 97.88 0.0985
71.64 338.00 50.95 51.28 0.0981
24.32 254.65 54.85 96.45 0.0981
858.80 250.84 76.17 106.99 0.0980
670.34 379.09 57.62 59.49 0.0971
823.46 512.17 61.56 68.41 0.0966
292.01 55.85 32.62 43.39 0.0960
239.34 233.27 44.81 45.41 0.0958
496.04 469.62 53.16 67.21 0.0958
40.33 294.87 42.56 55.07 0.0936
247.21 165.58 34.22 42.51 0.0930
564.96 80.42 63.99 104.14 0.0928
280.41 334.22 57.09 97.60 0.0927
472.68 0.00 82.78 115.33 0.0919
824.62 276.28 69.37 96.91 0.0905
683.71 344.24 46.53 57.70 0.0891
984.73 208.06 34.96 45.37 0.0888
226.35 116.79 47.81 65.58 0.0888
415.85 271.62 56.72 71.51 0.0879
954.36 338.71 50.14 74.17 0.0877
609.78 323.59 41.43 48.12 0.0868
926.90 392.51 55.70 78.22 0.0868
631.73 287.33 39.23 39.41 0.0862
516.46 566.97 66.54 77.15 0.0858
663.49 337.88 48.08 51.24 0.0852
204.70 293.70 60.22 85.74 0.0850
247.24 50.70 46.61 57.33 0.0844
759.50 346.86 58.32 77.61 0.0839
580.36 473.78 83.81 95.24 0.0833
472.46 118.48 74.87 114.69 0.0833
569.82 292.76 42.14 43.70 0.0832
899.12 518.84 47.32 60.65 0.0829
28.89 143.54 44.71 73.81 0.0825
782.29 523.88 63.44 57.14 0.0819
686.03 499.59 116.72 106.43 0.0804
548.10 0.00 45.57 64.08 0.0803
1.86 340.05 28.58 38.31 0.0802
43.05 334.81 42.82 45.56 0.0785
166.99 530.07 87.49 106.94 0.0781
730.99 561.85 136.73 118.14 0.0781
756.78 313.54 59.44 74.23 0.0769
740.88 536.85 95.94 72.74 0.0765
75.29 74.27 50.66 58.79 0.0764
288.90 358.38 79.77 119.02 0.0761
219.04 65.41 60.41 90.67 0.0757
559.03 225.52 52.50 70.65 0.0750
614.24 144.44 48.80 72.18 0.0748
369.14 163.47 75.57 82.21 0.0747
225.30 372.17 91.28 111.38 0.0746
318.54 233.09 43.89 41.90 0.0745
673.06 150.65 47.81 61.06 0.0742
516.06 513.44 68.14 85.97 0.0741
174.86 162.92 36.61 51.45 0.0739
248.76 499.35 50.78 84.23 0.0737
805.36 343.90 97.86 129.47 0.0733
532.39 444.54 61.15 85.31 0.0726
530.83 397.39 56.13 61.60 0.0716
750.70 373.70 58.76 75.07 0.0712
596.60 88.78 61.38 83.85 0.0699
856.09 419.34 61.89 59.58 0.0688
761.20 458.48 77.80 79.01 0.0687
171.24 316.54 71.26 77.02 0.0686
980.50 225.22 43.50 64.23 0.0686
0.19 302.07 39.30 60.72 0.0681
719.06 322.11 56.01 65.93 0.0675
838.63 603.41 112.98 80.59 0.0671
412.77 116.68 81.12 120.59 0.0671
685.30 597.09 63.61 65.99 0.0663
859.47 517.21 56.19 57.95 0.0661
506.74 0.00 53.78 64.59 0.0653
186.60 583.96 86.58 99.45 0.0647
658.09 564.46 65.39 75.12 0.0639
480.66 0.00 40.53 35.39 0.0636
979.48 350.48 44.52 76.84 0.0619
67.73 28.24 79.14 98.14 0.0612
600.92 604.47 51.97 72.58 0.0612
157.31 4.81 64.39 76.73 0.0611
955.21 186.84 42.02 65.16 0.0611
836.82 548.39 99.39 89.17 0.0608
902.29 422.99 48.35 56.84 0.0592
795.28 415.29 63.07 90.86 0.0585
230.20 355.80 59.49 73.70 0.0574
0.00 382.77 32.92 64.00 0.0550
31.20 367.57 49.74 65.21 0.0550
220.87 552.55 76.27 96.94 0.0536
132.19 466.99 129.05 160.49 0.0523
32.77 21.56 41.02 65.80 0.0521
840.91 470.29 57.99 71.79 0.0520
298.40 27.85 29.95 39.03 0.0519
335.58 15.97 39.55 43.09 0.0516
248.69 22.34 35.36 41.07 0.0516
