2_Demonstration_Demonstrators_2_486
200
552.75 400.52 73.06 94.83 0.8940
367.67 390.74 103.08 116.64 0.6942
725.08 427.62 39.92 27.80 0.3999
277.17 374.42 44.33 60.97 0.3982
690.97 463.00 38.72 41.35 0.3823
995.96 266.92 25.05 34.53 0.3806
198.20 413.85 24.51 22.49 0.3119
845.26 355.52 29.78 27.14 0.3085
698.30 329.03 34.89 35.58 0.2989
931.86 332.38 53.48 60.72 0.2681
908.86 335.92 48.33 75.10 0.2484
261.75 353.78 66.93 113.52 0.2424
840.54 174.55 27.02 25.73 0.2313
266.11 124.45 22.04 27.11 0.2301
331.31 204.59 22.93 27.46 0.2275
480.23 165.16 25.94 26.88 0.2261
927.59 308.80 42.12 53.72 0.2241
767.19 145.29 35.81 39.58 0.2229
880.76 349.29 65.68 75.72 0.2210
969.70 331.68 52.71 62.09 0.2122
335.14 24.05 33.63 47.61 0.2101
30.72 263.18 26.08 27.97 0.2077
120.33 346.66 19.34 18.22 0.2009
292.03 33.59 31.22 45.97 0.2003
756.72 434.00 42.15 29.24 0.1938
295.67 354.49 105.00 119.03 0.1932
507.03 149.90 28.68 32.93 0.1914
868.08 223.75 29.40 33.38 0.1907
232.55 70.64 25.82 26.73 0.1842
408.73 191.77 31.65 37.55 0.1831
154.57 458.37 40.03 50.85 0.1824
909.50 40.27 45.52 62.25 0.1801
121.05 87.40 19.84 28.69 0.1788
404.72 224.96 28.50 37.57 0.1783
194.38 111.25 22.04 26.22 0.1773
776.49 295.91 29.42 34.98 0.1755
713.53 429.16 60.19 56.60 0.1737
474.20 129.01 26.10 27.19 0.1678
444.38 200.17 21.90 19.21 0.1677
797.86 305.12 33.08 32.07 0.1669
473.73 171.66 27.27 28.88 0.1641
477.03 140.22 28.68 31.11 0.1632
796.54 86.98 69.19 46.05 0.1629
410.40 127.63 15.48 17.02 0.1593
869.74 106.50 43.13 35.01 0.1593
701.93 413.82 54.55 40.90 0.1572
778.14 342.04 28.49 28.72 0.1557
719.49 452.04 66.75 59.96 0.1556
221.44 356.80 28.52 27.99 0.1521
660.38 473.89 65.83 38.11 0.1503
407.55 155.31 22.47 26.10 0.1499
118.95 305.69 21.32 24.77 0.1498
120.61 102.79 19.31 25.99 0.1488
366.61 73.39 25.46 28.11 0.1478
188.72 116.41 21.90 28.53 0.1477
493.08 304.92 83.52 66.89 0.1459
84.51 119.30 21.78 22.67 0.1451
849.90 86.14 70.52 59.18 0.1447
179.52 68.67 25.17 26.99 0.1414
153.40 365.00 20.66 21.70 0.1399
185.71 282.85 23.04 25.49 0.1393
448.01 165.66 17.50 16.79 0.1392
651.38 446.64 59.19 57.57 0.1385
377.29 144.68 17.02 22.02 0.1370
777.37 315.49 37.27 40.84 0.1358
8.24 277.21 44.01 80.87 0.1352
695.23 399.45 43.22 42.06 0.1348
340.86 166.61 19.50 21.11 0.1347
747.20 465.86 54.55 43.21 0.1335
854.07 219.15 34.21 32.26 0.1330
261.37 112.56 21.81 25.96 0.1328
190.25 86.50 19.74 24.79 0.1312
834.01 100.36 65.26 38.33 0.1306
409.88 210.73 32.28 43.70 0.1288
942.32 95.57 41.35 48.77 0.1287
978.57 310.69 40.79 50.77 0.1275
326.43 347.69 51.24 57.11 0.1272
262.18 197.00 22.38 23.58 0.1252
150.48 381.12 22.00 20.53 0.1242
481.37 241.47 19.84 22.37 0.1224
877.76 338.22 52.72 50.51 0.1215
225.45 351.75 19.10 19.30 0.1206
514.65 88.09 29.06 34.67 0.1204
256.66 307.18 23.81 24.85 0.1204
408.67 409.85 94.40 94.88 0.1200
81.66 291.14 22.44 27.77 0.1189
517.53 120.47 22.52 26.46 0.1178
857.33 43.58 76.49 89.29 0.1178
564.69 376.02 64.08 64.39 0.1175
790.31 440.48 58.85 44.89 0.1168
207.95 407.23 37.05 40.47 0.1150
227.67 80.35 26.71 30.18 0.1139
665.53 294.08 37.14 55.51 0.1129
336.01 176.39 23.64 25.75 0.1127
117.47 327.18 25.20 26.29 0.1126
372.63 158.94 19.69 24.46 0.1125
336.58 137.18 17.46 24.19 0.1123
188.79 351.06 20.07 15.58 0.1116
113.32 294.86 23.42 29.18 0.1113
451.28 125.24 28.67 28.49 0.1109
794.44 331.25 41.22 37.78 0.1101
846.51 359.83 72.74 62.01 0.1097
445.62 180.85 23.50 26.70 0.1095
807.90 412.67 48.89 33.27 0.1095
734.35 419.18 63.22 38.26 0.1094
345.50 337.21 44.93 58.82 0.1085
228.41 28.61 26.72 26.41 0.1080
922.30 292.40 31.65 43.82 0.1074
263.49 484.68 37.42 27.32 0.1072
775.79 269.79 31.61 30.82 0.1071
266.24 185.62 21.49 24.40 0.1071
115.33 120.50 21.05 22.36 0.1055
116.14 57.49 24.41 30.67 0.1047
687.58 374.61 43.93 37.61 0.1044
110.66 14.21 27.39 33.27 0.1041
230.42 56.63 24.15 28.14 0.1040
720.09 382.83 44.90 36.54 0.1037
705.70 91.67 49.38 31.52 0.1033
835.67 327.73 41.37 45.05 0.1029
341.44 128.53 15.24 22.02 0.1025
26.25 301.82 34.00 59.58 0.1021
152.91 348.93 22.55 22.94 0.1016
113.13 163.79 22.65 22.20 0.1016
684.88 117.24 54.07 55.78 0.1014
184.43 361.99 24.53 21.58 0.1011
971.17 427.18 50.55 55.02 0.1010
975.13 1.01 48.87 72.05 0.1008
408.84 113.26 16.86 20.88 0.1008
481.44 108.86 24.01 29.45 0.1006
373.31 177.68 20.86 22.76 0.1005
404.10 72.68 23.11 26.97 0.1003
261.05 294.40 20.80 21.98 0.0987
260.84 94.12 18.75 17.57 0.0985
901.22 64.73 52.51 72.70 0.0985
506.28 442.64 66.52 69.36 0.0982
373.83 128.03 17.82 20.56 0.0979
224.16 370.75 41.06 47.29 0.0972
79.25 25.35 21.98 27.46 0.0965
877.40 162.18 33.68 29.46 0.0963
152.75 60.93 24.33 29.61 0.0959
475.21 192.92 26.20 24.30 0.0954
848.73 236.27 38.79 47.45 0.0943
147.09 324.60 26.28 22.48 0.0942
840.58 23.90 73.37 68.78 0.0941
669.14 363.57 38.36 41.35 0.0940
76.76 162.60 24.95 29.53 0.0939
335.79 332.44 111.20 148.51 0.0933
327.41 211.19 33.31 51.23 0.0928
450.14 109.86 25.21 27.10 0.0923
253.09 15.69 31.78 38.10 0.0921
217.26 102.12 30.56 34.00 0.0910
190.34 322.10 26.90 24.33 0.0910
343.26 112.28 16.26 19.45 0.0908
803.13 248.95 26.89 29.58 0.0906
352.21 38.13 41.88 46.57 0.0904
843.22 249.67 40.38 60.08 0.0899
696.34 96.75 42.59 37.21 0.0894
72.75 207.34 27.12 30.78 0.0891
668.80 329.70 51.62 45.50 0.0890
414.70 338.80 74.51 78.04 0.0888
263.34 146.14 23.76 33.09 0.0888
210.67 120.60 33.87 29.19 0.0888
187.95 307.98 30.54 29.00 0.0886
512.09 106.85 28.20 32.44 0.0884
217.74 324.38 25.71 23.15 0.0883
553.23 174.93 34.02 42.03 0.0880
150.02 310.32 23.04 25.24 0.0878
786.97 466.21 57.47 45.50 0.0872
512.52 168.98 27.26 33.14 0.0869
772.80 87.71 55.26 35.67 0.0869
261.58 29.08 29.05 38.70 0.0868
254.86 317.47 29.36 31.28 0.0868
117.73 364.18 23.41 24.18 0.0867
290.92 345.04 49.08 61.85 0.0864
263.36 422.04 47.54 63.20 0.0863
498.06 57.96 56.90 71.83 0.0851
450.59 138.46 25.46 27.93 0.0843
992.67 0.00 31.33 30.80 0.0843
181.25 144.32 25.70 22.07 0.0837
443.67 232.22 26.20 27.84 0.0837
156.03 126.56 25.09 25.43 0.0837
375.26 198.41 29.31 32.33 0.0830
828.88 137.35 70.01 67.02 0.0828
262.49 69.28 20.06 22.19 0.0825
79.49 304.86 21.40 28.23 0.0820
207.85 307.85 35.73 33.21 0.0819
544.53 35.00 78.82 99.80 0.0819
509.76 307.99 48.73 45.84 0.0816
924.67 22.25 70.62 79.36 0.0812
335.83 63.67 28.81 32.20 0.0806
480.74 94.16 26.38 32.93 0.0804
936.85 5.86 46.15 56.58 0.0803
12.00 254.80 35.60 46.24 0.0800
799.34 260.40 38.80 45.87 0.0797
548.84 73.03 49.23 64.69 0.0795
529.33 127.19 55.96 54.21 0.0789
406.11 87.27 19.97 22.75 0.0787
155.76 143.52 27.69 25.47 0.0787
832.05 303.16 43.91 54.85 0.0786
664.91 254.92 39.76 70.73 0.0785
