26_Soldier_Drilling_Soldiers_Drilling_26_886
167
555.16 87.14 468.84 179.97 0.4187
344.74 360.85 279.70 322.15 0.1155
526.25 189.79 339.34 297.73 0.1008
585.25 133.39 438.75 276.17 0.0904
519.00 336.30 328.71 346.70 0.0824
568.63 433.23 115.27 119.51 0.0773
413.39 129.71 428.93 210.33 0.0755
425.45 281.28 363.78 273.25 0.0717
340.37 231.48 302.29 268.76 0.0699
123.72 231.83 272.00 262.38 0.0687
558.47 478.94 115.06 122.01 0.0676
194.55 329.68 297.64 337.14 0.0666
568.19 46.68 123.14 83.07 0.0662
590.33 21.79 164.86 91.84 0.0641
317.67 47.56 421.77 132.31 0.0625
287.96 38.79 116.38 86.95 0.0613
482.56 227.07 126.35 122.98 0.0611
486.90 37.89 456.68 139.71 0.0610
604.18 496.57 97.14 127.60 0.0597
527.08 526.10 138.24 102.50 0.0590
617.08 213.74 127.38 178.95 0.0569
573.01 273.02 450.99 263.32 0.0562
816.09 370.65 96.65 142.61 0.0548
493.51 555.68 140.09 103.84 0.0538
396.95 387.56 183.18 91.02 0.0529
850.47 367.83 117.26 132.49 0.0528
518.73 181.24 102.76 119.66 0.0521
305.08 21.40 189.01 99.15 0.0508
619.27 431.06 115.98 152.95 0.0504
576.92 549.18 125.43 115.05 0.0500
530.07 413.24 103.65 122.84 0.0499
576.58 236.73 119.33 138.61 0.0490
721.28 548.16 112.99 124.35 0.0490
776.12 339.16 178.73 95.71 0.0490
114.59 338.22 193.42 327.25 0.0488
374.02 409.59 105.02 139.31 0.0486
553.00 379.86 121.77 121.92 0.0483
540.26 38.80 83.00 97.58 0.0481
591.36 70.80 103.52 117.33 0.0479
657.05 76.50 117.74 154.41 0.0477
47.25 60.47 379.01 198.44 0.0476
532.67 211.72 148.26 114.66 0.0475
270.61 160.94 291.08 276.42 0.0468
430.97 201.17 128.67 135.05 0.0467
473.60 407.11 118.56 129.00 0.0464
778.25 0.00 245.75 168.81 0.0464
249.52 388.71 121.29 131.99 0.0463
329.44 10.54 100.83 179.98 0.0462
355.56 94.87 267.22 221.18 0.0462
414.05 422.68 129.53 131.40 0.0457
179.04 399.23 118.66 119.94 0.0456
421.05 540.95 142.02 131.68 0.0455
324.53 395.27 109.46 147.46 0.0452
588.19 412.76 140.45 97.74 0.0452
472.54 331.22 105.75 141.85 0.0449
39.62 247.87 189.91 351.12 0.0447
778.61 555.53 110.40 126.47 0.0439
0.00 37.82 211.99 238.69 0.0438
611.76 91.72 101.60 166.60 0.0432
633.48 548.07 144.80 104.61 0.0426
0.00 166.23 214.62 228.90 0.0421
739.78 392.83 175.51 82.05 0.0409
265.53 17.68 155.24 56.83 0.0403
24.93 333.64 87.28 109.59 0.0402
448.24 515.32 162.70 101.99 0.0398
465.15 143.75 120.82 130.25 0.0394
737.75 525.31 163.45 91.48 0.0392
42.00 345.03 83.81 179.84 0.0389
66.61 107.49 231.18 275.92 0.0388
25.87 271.91 67.82 141.41 0.0388
512.03 92.89 116.65 146.08 0.0388
547.52 0.00 130.96 42.88 0.0382
645.81 50.82 189.43 64.97 0.0376
456.02 29.38 154.52 96.08 0.0367
248.30 542.92 128.17 131.52 0.0364
549.23 146.52 111.63 115.72 0.0363
533.94 231.38 91.94 174.41 0.0362
149.77 118.83 347.63 209.39 0.0362
20.27 364.92 69.19 169.70 0.0361
6.38 276.67 65.85 99.09 0.0358
273.38 380.06 144.82 93.82 0.0358
225.31 420.74 107.64 124.86 0.0351
0.00 319.96 65.01 117.24 0.0347
800.34 426.13 106.11 134.31 0.0346
294.09 433.15 97.87 131.36 0.0346
588.51 343.98 105.95 122.89 0.0344
595.68 179.63 100.86 124.00 0.0342
159.72 438.22 130.05 146.18 0.0342
829.94 417.40 183.29 103.38 0.0340
394.47 0.00 314.30 106.06 0.0336
0.00 430.56 198.42 252.44 0.0335
768.39 391.94 100.49 150.86 0.0332
866.56 192.83 126.08 122.64 0.0332
356.29 355.66 114.98 117.48 0.0332
621.87 0.00 106.59 49.62 0.0331
212.96 325.95 116.92 148.70 0.0329
296.94 83.41 112.03 132.37 0.0327
664.51 274.84 99.48 137.79 0.0327
382.85 52.08 111.74 142.62 0.0321
249.00 294.80 116.68 138.08 0.0316
659.86 461.75 111.34 148.78 0.0315
398.42 308.44 121.90 139.64 0.0315
360.18 0.00 140.65 49.43 0.0315
534.86 306.91 120.91 129.99 0.0311
707.02 98.04 128.95 106.08 0.0311
454.66 0.00 165.04 55.33 0.0309
650.64 154.92 127.11 162.31 0.0308
649.50 405.09 124.19 126.77 0.0306
679.49 22.50 97.16 87.92 0.0305
334.39 301.79 128.39 129.81 0.0302
637.40 41.57 84.14 115.83 0.0299
758.33 340.24 91.10 134.58 0.0298
0.00 0.00 66.57 68.35 0.0298
821.61 531.80 92.10 133.30 0.0296
426.81 267.17 118.91 130.06 0.0296
301.13 0.00 154.15 36.83 0.0296
744.25 569.23 218.85 76.50 0.0292
599.66 585.64 160.14 95.03 0.0290
241.29 507.23 119.80 106.72 0.0287
666.57 0.00 100.21 44.64 0.0286
228.83 71.35 353.47 171.86 0.0285
346.87 446.02 141.92 168.55 0.0283
567.91 0.00 116.84 96.88 0.0282
0.00 0.00 199.37 125.66 0.0282
344.07 537.34 141.87 122.84 0.0280
370.88 43.82 79.99 89.90 0.0279
651.36 330.97 117.91 139.45 0.0277
890.39 321.14 113.67 124.74 0.0277
347.68 15.84 173.72 60.27 0.0275
723.13 483.68 102.71 136.17 0.0274
696.53 55.30 161.47 105.97 0.0272
386.50 509.46 130.86 112.25 0.0268
548.93 586.19 123.68 96.81 0.0264
339.15 91.20 107.49 167.88 0.0261
157.60 368.14 94.26 137.45 0.0260
877.04 230.10 111.50 162.71 0.0258
458.81 70.82 136.39 150.04 0.0256
15.34 228.21 59.41 94.31 0.0254
33.70 0.00 350.62 140.42 0.0253
711.29 338.73 95.92 132.19 0.0252
707.79 606.25 159.94 76.75 0.0247
419.53 617.96 189.33 65.04 0.0247
838.73 461.16 123.67 110.82 0.0247
684.48 294.59 155.70 125.92 0.0247
830.35 306.04 188.44 94.88 0.0244
153.29 317.40 158.38 97.66 0.0242
0.00 0.00 240.98 14.14 0.0238
246.24 248.84 131.46 125.42 0.0238
221.20 552.22 91.30 122.37 0.0236
748.79 454.14 101.21 105.46 0.0235
127.60 34.05 236.25 72.18 0.0233
319.43 561.60 114.94 121.40 0.0230
784.59 548.00 239.41 65.89 0.0229
701.38 216.93 79.33 183.81 0.0227
862.11 576.42 82.28 106.58 0.0223
0.00 619.61 148.56 63.39 0.0222
417.71 106.06 140.19 147.83 0.0220
103.94 394.77 105.90 111.59 0.0216
699.87 0.00 135.61 32.18 0.0215
301.48 491.31 128.54 123.27 0.0214
538.50 28.06 485.50 51.95 0.0210
356.43 0.00 217.88 22.12 0.0209
744.10 0.00 185.54 18.70 0.0208
962.31 0.00 61.69 4.78 0.0205
432.59 0.00 117.08 112.53 0.0204
746.26 511.85 277.74 63.43 0.0203
310.50 618.09 188.47 64.91 0.0201
