56_Voter_peoplevoting_56_339
124
240.30 151.44 69.77 69.12 0.256133
278.12 170.22 59.42 62.11 0.225856
43.26 63.11 101.02 109.83 0.197326
380.47 296.18 26.47 28.48 0.194164
366.58 123.98 46.24 26.80 0.162004
367.07 175.77 47.76 43.31 0.150300
336.98 304.02 30.06 30.89 0.140869
307.98 190.99 53.44 44.56 0.139085
990.33 303.72 26.40 28.24 0.132550
939.75 302.89 27.23 27.91 0.130033
619.94 127.77 20.77 23.13 0.129648
661.49 233.35 27.46 31.14 0.124153
920.80 354.56 42.09 44.17 0.123811
715.70 155.83 16.63 21.79 0.121742
876.05 266.08 49.81 35.52 0.118955
2.78 57.83 65.99 103.03 0.118638
257.46 122.02 79.81 83.17 0.117877
479.18 149.79 32.80 33.40 0.114404
137.49 418.09 36.56 33.15 0.113111
98.75 416.09 50.81 35.51 0.111398
385.80 285.49 19.61 23.11 0.111089
293.99 150.13 73.43 73.11 0.110375
936.35 273.33 28.71 30.89 0.108688
993.77 366.17 25.69 29.98 0.106105
518.80 152.85 23.28 25.86 0.104858
59.55 91.44 120.36 123.16 0.104039
991.49 323.10 27.18 37.85 0.103993
524.79 183.80 19.77 22.97 0.101605
103.87 404.09 30.20 25.95 0.101090
896.47 340.26 44.90 52.38 0.100669
473.21 127.40 27.09 27.14 0.098974
339.01 282.50 21.55 22.50 0.096112
713.19 185.42 16.63 23.84 0.095216
411.58 123.35 49.73 33.91 0.095187
373.06 97.22 44.46 27.24 0.094396
833.58 257.33 56.08 44.11 0.092288
990.02 379.88 29.63 38.60 0.090992
574.74 129.04 18.76 23.17 0.090922
140.50 401.76 32.89 29.39 0.090630
832.75 329.69 55.20 62.91 0.089740
618.22 184.48 19.83 26.30 0.089626
886.77 397.57 30.07 31.09 0.088584
595.76 275.16 48.20 44.68 0.088476
573.83 179.54 29.61 32.31 0.088359
889.89 293.12 42.60 36.83 0.088313
864.89 247.04 60.10 45.15 0.087523
617.99 146.67 25.32 29.98 0.086490
940.40 383.38 31.09 33.01 0.086094
430.77 300.55 19.51 24.54 0.085440
282.88 301.76 34.54 35.80 0.085147
310.24 125.34 67.50 61.48 0.082756
336.29 236.63 31.02 32.43 0.082273
407.10 139.93 49.75 55.15 0.082115
659.91 149.27 23.89 31.76 0.082075
474.03 210.11 31.77 31.51 0.080833
711.46 205.06 20.79 31.39 0.079422
288.79 277.96 28.65 28.58 0.078605
527.23 211.47 22.17 21.83 0.077733
519.47 294.18 22.73 33.80 0.077414
660.78 184.12 28.85 33.07 0.077222
789.47 184.21 38.35 39.67 0.076559
477.08 178.13 33.60 35.65 0.076469
187.37 391.76 33.69 30.28 0.075229
572.10 145.95 29.98 39.66 0.075064
276.81 313.42 39.85 47.00 0.073625
236.68 510.79 30.25 28.98 0.072780
381.66 69.67 30.82 24.40 0.071771
325.08 320.44 51.08 49.55 0.070731
978.30 272.33 38.11 36.54 0.070147
839.22 286.28 54.55 54.63 0.068947
427.11 66.48 26.64 21.17 0.068863
573.30 287.77 53.06 48.66 0.067684
57.92 476.68 40.49 30.60 0.067454
612.26 201.73 28.45 35.06 0.067394
292.37 228.71 37.47 38.66 0.066482
433.41 284.29 15.74 16.36 0.066241
711.48 126.39 23.06 29.89 0.066176
194.98 370.95 26.00 27.55 0.065227
788.32 328.44 65.04 68.94 0.065129
839.06 220.27 38.21 35.06 0.065011
789.66 158.22 41.59 45.71 0.064419
709.79 363.20 36.95 45.18 0.063815
570.45 201.17 31.82 32.53 0.063494
269.50 343.94 57.99 60.90 0.062740
518.27 130.91 25.99 27.78 0.062366
735.24 336.70 49.71 57.16 0.062125
247.51 23.68 51.07 52.73 0.061882
364.36 340.03 55.63 51.79 0.061415
409.49 96.37 48.71 28.87 0.061090
82.38 437.18 75.08 46.32 0.060834
237.41 355.65 53.17 50.26 0.060620
381.93 243.46 24.65 21.33 0.060372
16.89 391.64 32.27 34.97 0.060295
648.67 230.14 44.37 67.68 0.059941
172.60 99.01 76.41 118.87 0.059230
48.36 24.66 75.68 98.90 0.059211
326.45 30.45 28.24 28.21 0.057966
753.09 183.05 32.00 34.95 0.057846
476.38 68.64 23.58 21.22 0.057618
525.05 338.81 17.54 21.96 0.057390
785.12 236.90 59.14 44.24 0.056870
666.28 129.19 17.16 25.92 0.056559
871.31 217.36 51.78 32.05 0.056511
788.19 251.25 64.71 50.74 0.056377
515.85 277.95 28.92 35.26 0.056080
2.47 235.23 25.92 52.49 0.055943
196.19 338.24 19.23 22.18 0.055883
54.66 421.39 34.67 32.50 0.055520
433.67 366.85 18.88 20.25 0.055511
190.88 450.31 30.56 30.56 0.055412
433.93 336.84 21.51 26.96 0.055269
146.54 369.74 29.09 28.03 0.055157
247.75 326.98 42.10 38.68 0.054996
68.10 462.11 91.39 63.23 0.054659
278.33 370.35 105.49 91.30 0.054139
397.56 166.55 62.84 55.85 0.053980
749.20 154.69 29.11 33.36 0.052641
53.84 459.00 40.59 33.30 0.052305
795.75 303.35 40.60 36.79 0.052122
226.97 77.91 57.13 71.17 0.052120
16.22 414.91 34.14 36.09 0.051531
399.12 198.79 54.39 38.10 0.051368
332.24 95.57 32.42 23.63 0.051231
172.61 422.51 47.09 38.78 0.050256
