56_Voter_peoplevoting_56_350
264
5.05 381.92 47.59 62.29 0.421564
385.49 402.05 36.39 45.97 0.375491
183.66 402.01 36.22 48.40 0.358047
984.19 306.23 37.75 68.19 0.352124
332.22 395.89 42.31 48.86 0.333818
295.73 467.95 88.91 120.44 0.326317
874.93 252.28 37.75 47.93 0.321186
5.88 507.46 55.01 97.52 0.314246
232.86 419.88 34.85 40.61 0.297170
8.12 494.76 102.26 136.31 0.282584
463.27 378.86 33.56 47.54 0.280919
660.67 284.47 30.75 33.86 0.274063
978.08 222.73 31.62 38.02 0.266416
121.97 55.28 52.67 65.70 0.264026
838.82 302.67 28.94 34.85 0.263752
509.36 580.48 62.61 81.26 0.262336
840.29 273.41 36.52 51.45 0.252897
474.09 125.13 22.29 26.50 0.252822
369.66 511.35 57.31 70.58 0.243830
800.14 300.48 24.77 33.18 0.242235
340.61 375.61 31.61 39.69 0.240658
512.53 510.94 41.87 57.66 0.236887
547.03 197.37 43.60 49.16 0.234208
789.38 361.07 33.22 39.23 0.233013
656.36 294.51 31.73 40.91 0.227732
373.92 473.94 64.64 86.07 0.227731
761.32 344.07 28.67 30.92 0.227481
757.66 307.49 24.92 32.07 0.226771
851.47 242.81 38.97 52.94 0.224293
528.60 312.96 34.40 39.42 0.222828
282.74 90.94 33.24 35.16 0.222612
379.99 344.30 25.72 28.48 0.219382
481.59 461.50 31.31 45.09 0.217593
713.48 300.64 26.63 32.63 0.211008
530.31 199.80 42.88 42.43 0.209855
565.52 392.99 30.08 49.75 0.209274
751.94 285.74 24.80 28.74 0.207576
755.89 362.94 33.31 40.39 0.206502
377.70 377.85 33.09 44.90 0.203832
693.34 506.19 54.62 55.80 0.202215
523.30 329.69 41.88 54.58 0.201198
292.39 516.15 107.73 110.51 0.196338
607.05 274.46 26.68 34.65 0.196329
244.38 369.90 28.33 35.55 0.195844
4.28 305.55 26.81 49.80 0.194163
804.43 288.17 22.07 33.14 0.194075
983.85 272.88 40.15 75.70 0.191917
758.23 217.00 21.21 23.49 0.190940
227.65 521.16 59.80 57.94 0.190722
752.64 189.05 37.99 37.75 0.189111
92.59 433.95 40.49 44.10 0.188916
285.83 395.94 28.17 37.30 0.188783
240.52 85.31 32.30 37.81 0.187631
529.67 156.16 24.00 20.60 0.187554
713.05 250.19 22.63 26.32 0.187473
848.43 219.33 26.81 31.60 0.187254
406.49 487.20 44.26 55.69 0.186980
521.64 546.33 47.58 66.76 0.186378
340.92 97.63 20.61 23.96 0.185258
897.02 193.61 18.73 24.87 0.183705
289.65 421.51 59.09 63.88 0.183025
667.41 191.26 20.17 22.44 0.182980
284.51 112.09 34.11 34.98 0.180600
29.41 374.42 46.64 48.46 0.180240
800.75 224.58 22.22 27.33 0.179469
527.86 284.16 30.74 29.35 0.179024
193.67 65.30 43.51 54.19 0.178507
465.98 569.44 42.43 68.37 0.178264
708.92 363.88 30.29 38.90 0.177128
804.81 243.65 19.56 26.46 0.176684
344.10 347.19 36.21 29.19 0.176346
855.76 192.84 22.27 25.73 0.175999
284.05 374.08 31.85 41.78 0.172629
706.27 405.00 35.05 52.37 0.172526
603.10 361.82 37.79 49.98 0.171494
713.15 283.74 27.29 32.33 0.169807
555.18 307.31 36.95 44.11 0.167905
568.82 279.69 30.28 35.30 0.166710
612.60 339.28 31.10 42.42 0.166197
567.31 561.46 36.76 54.98 0.166050
417.92 586.52 40.49 63.72 0.166007
524.89 133.13 23.07 26.76 0.165427
893.44 300.87 31.27 37.12 0.164534
596.35 546.10 44.79 60.11 0.163433
886.59 363.73 34.26 41.42 0.163098
426.23 373.24 25.68 36.21 0.160636
663.35 344.08 26.75 34.42 0.158982
569.58 157.98 23.09 26.27 0.158793
0.68 40.72 58.06 53.52 0.157608
712.28 192.08 24.30 27.48 0.155983
4.76 324.82 38.22 64.66 0.155101
419.03 399.42 32.67 37.29 0.153773
945.63 272.15 33.20 40.48 0.152861
2.50 269.94 29.70 61.01 0.152165
947.59 214.93 27.29 32.79 0.152046
464.90 556.80 32.13 52.28 0.151943
191.14 382.21 31.35 39.14 0.150532
389.95 128.69 20.37 20.53 0.148555
661.64 250.96 24.76 31.33 0.148274
574.08 129.93 20.35 23.05 0.147436
646.25 400.35 45.84 65.70 0.145702
223.61 472.83 80.20 103.67 0.143981
659.85 367.18 27.94 37.98 0.142751
706.42 217.03 24.93 28.58 0.142432
888.46 217.80 26.40 32.12 0.142283
434.28 99.44 15.21 20.65 0.141777
387.06 101.07 19.88 23.66 0.141611
714.12 483.50 78.97 77.52 0.140367
604.81 253.23 31.71 40.22 0.140292
750.61 393.95 31.73 37.88 0.137035
49.52 459.37 45.06 56.80 0.136732
476.25 157.41 22.04 24.58 0.136022
785.89 179.83 35.15 37.25 0.135532
432.43 129.18 17.54 21.68 0.135143
158.61 402.18 32.23 38.99 0.135086
757.85 250.92 19.05 24.99 0.135065
234.10 101.38 42.31 49.03 0.134520
479.50 182.81 21.90 26.05 0.134291
195.08 518.31 44.15 54.06 0.133984
382.88 61.42 19.16 24.01 0.133848
945.62 246.38 31.60 36.41 0.133334
885.48 330.17 39.56 56.07 0.132115
509.09 453.94 55.12 79.97 0.131764
245.22 33.46 20.94 29.39 0.131660
706.39 348.09 29.71 36.43 0.131650
406.34 530.20 52.08 76.21 0.130905
562.83 331.95 27.71 41.41 0.130270
476.18 346.31 32.38 40.61 0.128734
141.71 468.52 48.00 66.18 0.128026
846.36 325.77 35.31 43.71 0.128019
511.08 59.41 33.40 31.01 0.126655
599.74 382.50 53.55 78.31 0.126167
152.92 415.08 48.29 53.54 0.125605
339.00 38.87 18.57 21.74 0.125153
339.71 66.55 22.33 28.05 0.124952
553.86 228.06 41.64 49.11 0.124502
481.91 433.49 32.13 45.83 0.124258
217.08 128.33 68.05 75.45 0.123301
178.25 431.58 51.19 67.75 0.121017
473.24 102.66 27.29 30.92 0.120895
424.64 345.74 28.68 33.15 0.120275
224.49 536.53 65.23 90.07 0.119826
944.23 197.37 18.18 18.29 0.119549
939.16 298.40 45.20 60.81 0.119541
340.92 122.45 22.57 25.59 0.118800
664.77 215.88 23.90 29.36 0.118506
430.41 159.17 18.34 19.92 0.117242
372.45 313.01 44.25 47.70 0.116619
558.65 409.45 33.55 51.20 0.116434
227.23 433.12 59.23 89.41 0.116278
614.06 305.10 30.06 43.23 0.115139
189.61 477.08 59.25 80.51 0.114395
562.99 370.84 37.32 54.46 0.113676
381.48 40.28 19.86 21.74 0.113312
0.00 450.36 213.41 231.11 0.113063
614.90 217.39 25.92 29.61 0.112871
549.25 441.32 52.74 79.18 0.111692
522.27 385.28 44.57 53.50 0.111182
518.36 95.46 25.13 24.40 0.110882
695.59 459.16 53.37 79.40 0.110332
136.30 578.51 70.70 92.81 0.109601
659.24 158.34 27.36 31.80 0.108424
527.48 564.96 69.03 84.57 0.108176
610.28 190.63 27.43 26.73 0.107446
610.71 155.13 28.69 32.14 0.107037
518.35 420.21 37.06 46.75 0.106808
767.19 147.50 58.22 57.30 0.106435
109.98 68.80 80.95 87.14 0.106226
0.00 441.70 38.70 67.13 0.106207
479.54 240.18 32.86 38.11 0.105265
753.36 156.34 48.57 39.20 0.105191
714.59 155.77 33.15 31.16 0.104845
96.65 477.87 125.25 164.80 0.104628
80.49 454.61 79.36 94.31 0.103826
476.12 220.70 27.88 32.07 0.103584
31.41 402.78 56.95 69.31 0.103527
735.56 492.56 154.15 132.76 0.102971
462.39 520.35 41.66 62.23 0.102950
244.72 352.21 29.09 27.52 0.102860
194.77 107.01 59.22 50.10 0.102381
132.47 89.91 178.71 184.40 0.101929
525.63 215.83 57.67 69.47 0.101674
34.59 50.19 55.08 46.46 0.101049
44.25 33.86 46.90 40.07 0.099442
190.46 37.08 36.84 51.16 0.098713
98.11 403.94 27.63 30.82 0.097809
630.47 438.24 63.44 90.90 0.097738
602.48 479.41 38.29 54.19 0.094563
933.94 360.51 55.33 63.88 0.093838
434.75 70.25 15.20 20.42 0.093350
0.00 1.46 48.36 43.69 0.092747
294.63 348.47 37.58 28.19 0.092594
883.94 389.54 37.35 40.08 0.092473
602.84 433.40 48.42 93.83 0.092379
39.32 3.16 45.90 33.20 0.092173
387.89 157.38 21.95 22.27 0.091060
476.55 273.38 38.55 43.64 0.090439
841.52 398.88 37.63 42.43 0.090126
507.09 42.20 40.39 39.08 0.089997
428.04 185.62 23.19 27.72 0.089428
293.44 34.61 21.93 28.89 0.087321
612.61 125.96 27.82 27.55 0.085479
989.72 195.85 17.69 22.64 0.085255
69.27 557.11 90.63 118.34 0.083921
178.20 608.61 57.84 64.93 0.082902
475.55 301.62 49.22 59.35 0.082546
470.85 606.30 61.54 71.68 0.081267
0.00 102.95 38.87 53.19 0.081125
849.93 355.45 45.57 55.72 0.080858
0.62 65.96 56.90 62.52 0.079555
800.64 382.82 38.63 55.20 0.079462
196.82 349.10 40.30 35.67 0.076771
158.70 380.39 29.96 30.09 0.076470
365.50 574.29 53.78 81.98 0.076335
343.02 154.77 24.42 26.80 0.076232
164.54 100.51 111.02 114.94 0.076190
661.70 527.53 43.37 55.23 0.076019
481.94 64.88 29.74 27.61 0.075636
434.98 222.17 28.82 28.24 0.075462
633.40 560.74 142.32 110.25 0.075331
273.34 130.77 48.33 50.44 0.074962
757.78 120.04 69.88 54.51 0.074247
332.38 306.36 86.69 83.57 0.073028
656.58 484.57 33.69 44.39 0.071423
748.29 20.08 56.70 50.46 0.071403
102.51 1.50 27.27 32.12 0.070171
417.30 307.35 50.61 63.84 0.070025
384.74 186.93 28.61 28.24 0.069876
0.00 207.56 42.02 116.34 0.069589
315.20 556.66 79.45 104.70 0.069466
189.88 555.84 58.07 68.69 0.069064
38.92 351.22 35.71 42.97 0.068828
571.86 102.58 24.18 28.30 0.068788
187.39 643.24 51.21 39.76 0.068211
747.08 429.25 33.76 36.40 0.067932
283.76 589.99 53.38 70.79 0.067873
898.57 163.95 18.72 29.41 0.067115
651.49 128.50 31.43 26.86 0.067083
397.99 411.15 52.64 54.10 0.066873
96.65 380.41 26.93 32.01 0.066139
25.01 62.98 81.49 82.74 0.065400
423.10 634.13 45.58 48.87 0.065294
712.72 130.94 44.22 42.22 0.064730
804.38 423.78 43.27 45.22 0.064617
766.99 488.19 72.13 77.32 0.063482
789.97 453.97 53.21 71.03 0.063450
32.31 53.83 346.23 355.36 0.063156
337.30 7.01 19.08 20.68 0.062434
384.78 215.46 29.75 28.11 0.062216
841.62 155.55 27.64 33.66 0.061415
338.81 177.92 32.52 42.01 0.061291
384.13 5.99 20.08 21.08 0.060670
5.47 56.70 140.74 145.86 0.060470
830.85 418.00 55.01 53.80 0.060255
221.64 132.68 132.84 123.24 0.056807
660.58 17.87 45.34 48.62 0.056798
433.10 36.68 18.93 22.25 0.056333
612.22 103.07 33.20 33.46 0.055740
0.00 541.53 71.57 140.94 0.055598
692.58 15.24 53.25 57.14 0.054387
142.97 5.42 31.97 41.22 0.053465
250.41 289.46 172.98 124.20 0.051966
699.28 5.87 45.10 34.46 0.051165
971.47 377.63 42.54 62.85 0.051008
