22_Picnic_Picnic_22_561
15
328.18 468.18 438.31 510.37 0.3194
415.77 567.95 555.50 535.95 0.1689
418.29 792.17 400.04 511.83 0.1349
609.91 751.59 414.09 453.83 0.1198
631.55 176.11 392.45 307.62 0.1028
137.73 497.07 533.58 679.63 0.0870
616.28 104.29 407.72 218.12 0.0597
0.00 872.61 84.10 431.39 0.0548
0.00 0.00 68.76 139.14 0.0357
148.63 400.29 218.09 681.26 0.0341
638.19 13.37 385.81 117.92 0.0333
218.04 784.48 371.61 519.52 0.0282
80.64 511.51 205.44 675.96 0.0254
10.96 703.00 45.08 558.68 0.0245
646.69 470.02 377.31 524.75 0.0221
