23_Shoppers_Shoppers_23_665
14
319.63 222.16 456.09 314.36 0.1621
240.19 274.52 325.28 326.93 0.1052
0.00 0.00 69.29 77.10 0.0390
678.91 0.00 345.09 95.88 0.0381
624.26 416.09 399.74 262.91 0.0356
457.60 158.49 462.01 317.00 0.0327
656.20 29.98 367.80 150.79 0.0305
2.10 459.40 63.97 219.60 0.0291
606.39 228.43 417.61 298.76 0.0249
0.00 251.26 111.30 248.45 0.0238
634.27 112.42 389.73 259.16 0.0237
0.00 128.20 82.61 221.76 0.0212
12.61 27.07 42.60 153.94 0.0206
382.60 327.04 474.94 351.96 0.0202
