26_Soldier_Drilling_Soldiers_Drilling_26_405
200
927.94 0.00 80.98 86.68 0.1925
50.59 116.96 80.21 86.19 0.1921
50.48 175.52 80.31 86.21 0.1921
50.52 58.36 80.28 86.22 0.1920
50.54 234.06 80.25 86.25 0.1920
928.13 58.29 80.52 86.51 0.1919
928.13 116.87 80.52 86.51 0.1919
928.13 556.15 80.52 86.51 0.1919
50.49 673.26 80.32 86.46 0.1919
50.50 526.89 80.31 86.29 0.1919
50.43 585.37 80.38 86.38 0.1918
269.47 0.00 81.14 86.68 0.1918
708.33 0.00 81.23 86.69 0.1918
928.12 204.73 80.54 86.54 0.1918
744.90 0.00 81.17 86.71 0.1918
50.59 292.68 80.16 86.18 0.1917
50.59 439.11 80.16 86.18 0.1917
232.89 0.00 81.28 86.72 0.1917
671.97 409.43 80.63 86.78 0.1917
196.28 0.00 81.33 86.73 0.1916
50.62 351.29 80.13 86.14 0.1916
671.76 0.00 81.22 86.69 0.1916
891.66 87.65 80.10 86.14 0.1916
159.97 292.35 80.71 86.73 0.1916
196.54 438.78 80.71 86.73 0.1916
928.26 702.70 80.22 86.33 0.1916
928.21 351.29 80.39 86.36 0.1915
306.00 0.00 81.28 86.71 0.1915
781.47 0.00 81.13 86.70 0.1915
818.04 0.00 81.13 86.70 0.1915
854.61 0.00 81.13 86.70 0.1915
123.32 321.54 80.70 86.81 0.1915
891.31 0.00 80.90 86.53 0.1915
891.64 146.19 80.15 86.20 0.1915
196.54 321.54 80.73 86.82 0.1915
196.54 380.11 80.73 86.82 0.1915
708.54 380.11 80.73 86.82 0.1915
928.20 409.77 80.41 86.46 0.1915
489.12 438.81 80.61 86.68 0.1915
123.14 0.00 81.19 86.71 0.1915
159.71 0.00 81.19 86.71 0.1915
159.96 175.11 80.74 86.91 0.1915
525.68 467.97 80.74 86.92 0.1915
562.25 497.26 80.74 86.91 0.1915
50.29 0.00 80.84 86.47 0.1915
233.04 380.11 80.81 86.91 0.1915
745.04 409.40 80.81 86.91 0.1915
489.04 555.83 80.81 86.91 0.1915
123.40 380.15 80.63 86.78 0.1914
635.40 409.43 80.63 86.78 0.1914
452.47 409.43 80.69 86.78 0.1914
415.89 57.98 80.88 86.99 0.1914
452.46 57.98 80.88 86.99 0.1914
928.18 263.30 80.44 86.50 0.1914
891.75 702.70 80.02 86.01 0.1914
489.10 380.23 80.64 86.71 0.1914
13.59 0.00 80.80 86.41 0.1914
891.58 614.72 80.27 86.25 0.1914
86.59 0.00 81.15 86.68 0.1913
635.19 0.00 81.22 86.70 0.1913
342.58 0.00 81.27 86.73 0.1913
159.97 350.92 80.71 86.72 0.1913
562.26 350.92 80.71 86.72 0.1913
598.83 380.21 80.71 86.72 0.1913
562.26 438.78 80.71 86.72 0.1913
928.19 497.58 80.42 86.47 0.1913
818.24 292.28 80.76 86.90 0.1913
86.76 350.83 80.70 86.81 0.1913
123.40 145.83 80.73 86.82 0.1913
123.40 204.40 80.73 86.82 0.1913
159.97 233.68 80.73 86.82 0.1913
123.40 262.97 80.73 86.82 0.1913
196.54 262.97 80.73 86.82 0.1913
233.11 321.54 80.73 86.82 0.1913
598.83 321.54 80.73 86.82 0.1913
635.40 321.54 80.73 86.82 0.1913
671.97 321.54 80.73 86.82 0.1913
269.68 350.83 80.73 86.82 0.1913
525.68 350.83 80.73 86.82 0.1913
342.83 409.40 80.73 86.82 0.1913
379.40 409.40 80.73 86.82 0.1913
415.97 409.40 80.73 86.82 0.1913
123.40 438.68 80.73 86.82 0.1913
233.11 438.68 80.73 86.82 0.1913
306.25 438.68 80.73 86.82 0.1913
598.83 438.68 80.73 86.82 0.1913
415.97 467.97 80.73 86.82 0.1913
598.83 497.26 80.73 86.82 0.1913
635.40 497.26 80.73 86.82 0.1913
342.83 526.54 80.73 86.82 0.1913
379.40 526.54 80.73 86.82 0.1913
415.97 526.54 80.73 86.82 0.1913
598.83 555.83 80.73 86.82 0.1913
635.40 555.83 80.73 86.82 0.1913
415.97 585.11 80.73 86.82 0.1913
452.54 585.11 80.73 86.82 0.1913
562.26 585.11 80.73 86.82 0.1913
854.76 380.11 80.79 86.82 0.1913
269.62 438.68 80.79 86.82 0.1913
818.19 438.68 80.79 86.82 0.1913
86.76 467.97 80.79 86.82 0.1913
159.90 467.97 80.79 86.82 0.1913
452.47 467.97 80.79 86.82 0.1913
123.33 497.26 80.79 86.82 0.1913
196.47 497.26 80.79 86.82 0.1913
269.62 497.26 80.79 86.82 0.1913
489.04 497.26 80.79 86.82 0.1913
525.62 585.11 80.79 86.82 0.1913
489.04 614.40 80.79 86.82 0.1913
928.12 643.99 80.54 86.50 0.1913
196.41 672.95 80.87 86.95 0.1913
525.68 409.55 80.73 86.67 0.1913
123.34 614.38 80.80 86.92 0.1913
452.54 350.83 80.65 86.91 0.1912
196.54 145.83 80.74 86.91 0.1912
196.54 204.40 80.74 86.91 0.1912
233.11 262.97 80.74 86.91 0.1912
745.11 292.26 80.74 86.91 0.1912
781.68 292.26 80.74 86.91 0.1912
781.68 350.83 80.74 86.91 0.1912
159.97 409.40 80.74 86.91 0.1912
781.68 409.40 80.74 86.91 0.1912
342.82 467.97 80.74 86.91 0.1912
379.40 467.97 80.74 86.91 0.1912
306.25 497.26 80.74 86.91 0.1912
525.68 526.54 80.74 86.91 0.1912
379.40 585.12 80.74 86.91 0.1912
342.77 116.55 80.75 86.88 0.1912
86.76 175.12 80.81 86.91 0.1912
86.76 233.69 80.81 86.91 0.1912
854.76 321.54 80.81 86.91 0.1912
745.04 350.83 80.81 86.91 0.1912
86.76 409.40 80.81 86.91 0.1912
708.47 438.69 80.81 86.91 0.1912
854.76 438.69 80.81 86.91 0.1912
671.90 467.97 80.81 86.91 0.1912
745.04 467.97 80.81 86.91 0.1912
818.18 497.26 80.81 86.91 0.1912
159.90 526.54 80.81 86.91 0.1912
233.04 526.54 80.81 86.91 0.1912
452.47 526.54 80.81 86.91 0.1912
671.90 526.54 80.81 86.91 0.1912
123.33 555.83 80.81 86.91 0.1912
306.18 555.83 80.81 86.91 0.1912
671.90 585.12 80.81 86.91 0.1912
379.38 145.86 80.71 86.93 0.1912
562.19 57.96 80.77 86.99 0.1912
598.76 57.96 80.77 86.99 0.1912
818.27 350.85 80.72 86.86 0.1912
379.33 57.96 80.86 86.99 0.1912
342.77 350.85 80.79 86.86 0.1912
379.34 350.85 80.79 86.86 0.1912
269.69 292.25 80.72 86.94 0.1912
708.54 321.54 80.72 86.94 0.1912
196.43 614.29 80.87 87.05 0.1912
781.62 204.40 80.78 86.93 0.1911
745.05 233.68 80.78 86.93 0.1911
671.90 262.97 80.78 86.93 0.1911
306.19 321.54 80.78 86.93 0.1911
306.19 380.11 80.78 86.93 0.1911
598.62 0.00 81.21 86.72 0.1911
891.65 234.04 80.11 86.15 0.1911
159.88 585.10 80.84 86.92 0.1911
269.62 116.60 80.79 86.85 0.1911
708.49 204.41 80.76 86.88 0.1911
13.71 673.37 80.39 86.25 0.1911
415.77 0.00 81.22 86.70 0.1911
488.91 0.00 81.22 86.70 0.1911
525.48 0.00 81.22 86.70 0.1911
13.82 117.05 80.26 86.12 0.1911
854.73 145.83 80.86 86.92 0.1911
13.76 585.49 80.36 86.29 0.1911
598.76 614.40 80.79 86.80 0.1911
160.05 702.46 80.50 86.60 0.1911
379.15 0.00 81.27 86.74 0.1911
598.76 672.98 80.81 86.91 0.1911
452.54 145.95 80.68 86.74 0.1911
489.11 145.95 80.68 86.74 0.1911
854.69 672.92 80.89 87.08 0.1911
635.38 57.97 80.71 86.97 0.1911
525.57 672.99 80.83 86.92 0.1911
159.96 116.57 80.76 86.90 0.1910
598.82 262.99 80.76 86.90 0.1910
562.24 292.28 80.76 86.90 0.1910
781.68 467.98 80.74 86.89 0.1910
818.18 614.43 80.83 86.91 0.1910
854.75 614.43 80.83 86.91 0.1910
306.18 643.71 80.83 86.91 0.1910
525.61 292.28 80.82 86.90 0.1910
489.03 321.57 80.82 86.90 0.1910
708.47 497.26 80.80 86.89 0.1910
86.75 555.85 80.82 86.90 0.1910
233.00 585.12 80.87 86.94 0.1910
342.76 585.12 80.80 86.89 0.1910
269.57 614.41 80.87 86.94 0.1910
745.00 614.41 80.87 86.94 0.1910
86.71 643.70 80.87 86.94 0.1910
708.43 643.70 80.87 86.94 0.1910
342.71 672.98 80.87 86.94 0.1910
379.28 672.98 80.87 86.94 0.1910
