26_Soldier_Drilling_Soldiers_Drilling_26_520
200
50.63 50.56 80.16 74.61 0.1920
927.95 0.00 80.98 75.09 0.1919
50.63 354.86 80.12 74.59 0.1918
50.63 456.29 80.12 74.59 0.1918
123.40 253.16 80.70 75.06 0.1917
50.53 583.01 80.29 74.70 0.1917
50.70 228.12 80.02 74.53 0.1917
928.16 126.56 80.46 74.90 0.1916
50.66 126.68 80.09 74.56 0.1916
50.66 177.40 80.09 74.56 0.1916
50.66 304.18 80.09 74.56 0.1916
50.66 405.61 80.09 74.56 0.1916
50.66 507.04 80.09 74.56 0.1916
489.11 227.77 80.71 75.09 0.1916
928.21 532.38 80.39 74.78 0.1915
525.68 202.33 80.73 75.18 0.1915
525.68 278.41 80.73 75.18 0.1915
123.40 303.76 80.73 75.18 0.1915
489.11 303.76 80.73 75.18 0.1915
562.25 303.76 80.73 75.18 0.1915
123.12 0.00 81.19 75.08 0.1915
50.29 0.00 80.82 74.87 0.1915
928.20 202.66 80.41 74.86 0.1915
928.20 583.01 80.41 74.86 0.1915
598.83 456.02 80.61 75.06 0.1915
635.63 608.32 80.33 74.78 0.1915
891.63 101.19 80.20 74.70 0.1915
159.96 278.41 80.74 75.26 0.1915
598.75 227.69 80.81 75.25 0.1915
781.66 303.82 80.70 75.16 0.1915
745.06 430.56 80.68 75.25 0.1914
781.71 405.24 80.65 75.18 0.1914
781.64 354.52 80.71 75.17 0.1914
635.44 481.40 80.58 75.03 0.1914
781.92 608.32 80.29 74.76 0.1914
818.50 608.32 80.29 74.76 0.1914
745.05 481.28 80.67 75.22 0.1914
781.63 455.92 80.76 75.23 0.1914
452.30 0.00 81.15 75.05 0.1913
488.88 0.00 81.15 75.05 0.1913
562.02 0.00 81.15 75.05 0.1913
598.59 0.00 81.15 75.05 0.1913
635.16 0.00 81.15 75.05 0.1913
671.73 0.00 81.15 75.05 0.1913
708.30 0.00 81.15 75.05 0.1913
744.88 0.00 81.15 75.05 0.1913
854.59 0.00 81.15 75.05 0.1913
379.12 0.00 81.19 75.07 0.1913
781.41 0.00 81.19 75.07 0.1913
86.76 202.42 80.68 75.08 0.1913
86.76 278.49 80.68 75.08 0.1913
123.40 151.70 80.71 75.09 0.1913
635.40 379.92 80.71 75.09 0.1913
635.40 430.63 80.71 75.09 0.1913
671.97 430.63 80.71 75.09 0.1913
489.12 455.99 80.71 75.09 0.1913
452.55 532.06 80.71 75.09 0.1913
196.69 608.22 80.52 74.96 0.1913
854.86 354.50 80.71 75.21 0.1913
854.86 405.21 80.71 75.21 0.1913
928.21 481.67 80.40 74.77 0.1913
159.64 0.00 81.27 75.10 0.1913
525.40 0.00 81.21 75.07 0.1913
525.73 532.01 80.67 75.13 0.1913
598.76 557.34 80.70 75.17 0.1913
196.22 0.00 81.25 75.08 0.1913
305.93 0.00 81.25 75.08 0.1913
159.97 176.98 80.73 75.18 0.1913
415.97 176.98 80.73 75.18 0.1913
489.11 176.98 80.73 75.18 0.1913
123.40 202.34 80.73 75.18 0.1913
452.54 202.34 80.73 75.18 0.1913
562.17 202.36 80.82 75.24 0.1913
159.97 227.69 80.73 75.18 0.1913
598.83 329.12 80.73 75.18 0.1913
123.40 354.48 80.73 75.18 0.1913
489.11 354.48 80.73 75.18 0.1913
562.26 354.48 80.73 75.18 0.1913
525.68 379.84 80.73 75.18 0.1913
598.83 379.84 80.73 75.18 0.1913
671.97 379.84 80.73 75.18 0.1913
489.11 405.19 80.73 75.18 0.1913
562.26 405.19 80.73 75.18 0.1913
525.68 430.55 80.73 75.18 0.1913
562.26 455.91 80.73 75.18 0.1913
708.54 455.91 80.73 75.18 0.1913
708.54 506.62 80.73 75.18 0.1913
489.11 557.34 80.73 75.18 0.1913
562.26 557.34 80.73 75.18 0.1913
891.61 151.88 80.22 74.70 0.1913
562.19 253.05 80.79 75.17 0.1913
818.21 303.81 80.62 75.15 0.1913
159.90 379.84 80.79 75.17 0.1913
452.47 379.84 80.79 75.17 0.1913
123.33 430.55 80.79 75.17 0.1913
452.47 481.26 80.79 75.17 0.1913
598.75 506.76 80.70 75.04 0.1913
635.32 532.11 80.70 75.04 0.1913
818.02 0.00 81.16 75.04 0.1913
671.97 532.11 80.73 75.05 0.1913
891.43 0.00 80.77 74.89 0.1913
928.20 75.87 80.41 74.86 0.1913
13.82 380.29 80.23 74.54 0.1913
928.20 380.16 80.41 74.86 0.1913
818.25 455.91 80.62 75.26 0.1913
708.55 405.19 80.70 75.20 0.1912
452.47 430.55 80.71 75.24 0.1912
86.64 0.00 81.10 75.05 0.1912
86.82 100.91 80.74 75.25 0.1912
123.40 100.91 80.74 75.25 0.1912
86.82 151.62 80.74 75.25 0.1912
196.54 227.70 80.74 75.25 0.1912
415.97 227.70 80.74 75.25 0.1912
452.54 253.05 80.74 75.25 0.1912
196.54 303.77 80.74 75.25 0.1912
86.82 329.12 80.74 75.25 0.1912
159.97 329.12 80.74 75.25 0.1912
525.68 329.12 80.74 75.26 0.1912
745.06 329.15 80.73 75.21 0.1912
196.54 354.48 80.74 75.25 0.1912
708.54 354.48 80.74 75.25 0.1912
745.06 379.86 80.73 75.21 0.1912
86.82 430.55 80.74 75.25 0.1912
86.82 481.27 80.74 75.25 0.1912
86.82 531.98 80.74 75.25 0.1912
13.59 0.00 80.80 74.80 0.1912
342.60 0.00 81.13 75.06 0.1912
415.74 0.00 81.13 75.06 0.1912
196.47 100.91 80.81 75.25 0.1912
452.47 100.91 80.81 75.25 0.1912
233.04 126.27 80.81 75.25 0.1912
489.04 126.27 80.81 75.25 0.1912
196.47 151.62 80.81 75.25 0.1912
635.33 227.70 80.81 75.25 0.1912
598.76 278.41 80.81 75.25 0.1912
452.47 303.77 80.81 75.25 0.1912
818.20 354.49 80.67 75.21 0.1912
415.90 379.84 80.81 75.25 0.1912
818.20 405.21 80.67 75.21 0.1912
123.33 481.27 80.81 75.25 0.1912
415.90 481.27 80.81 75.25 0.1912
123.33 531.98 80.81 75.25 0.1912
379.33 531.98 80.81 75.25 0.1912
415.90 531.98 80.81 75.25 0.1912
233.04 557.34 80.81 75.25 0.1912
306.18 557.34 80.81 75.25 0.1912
123.33 582.70 80.81 75.25 0.1912
342.76 582.70 80.81 75.25 0.1912
379.33 582.70 80.81 75.25 0.1912
415.90 582.70 80.81 75.25 0.1912
452.47 582.70 80.81 75.25 0.1912
525.61 582.70 80.81 75.25 0.1912
854.84 303.78 80.69 75.22 0.1912
415.98 100.93 80.72 75.21 0.1912
452.48 151.64 80.79 75.21 0.1912
415.91 430.57 80.79 75.21 0.1912
745.11 126.26 80.72 75.27 0.1912
745.11 176.98 80.72 75.27 0.1912
708.54 278.41 80.72 75.27 0.1912
671.97 303.76 80.72 75.27 0.1912
196.54 430.55 80.72 75.27 0.1912
708.54 557.33 80.72 75.27 0.1912
232.84 0.00 81.19 75.07 0.1911
269.41 0.00 81.19 75.07 0.1911
159.90 430.55 80.78 75.27 0.1911
379.33 455.91 80.78 75.27 0.1911
745.05 531.98 80.78 75.27 0.1911
160.12 608.21 80.49 75.00 0.1911
233.26 608.21 80.49 75.00 0.1911
672.18 608.28 80.30 74.84 0.1911
525.73 481.40 80.67 75.03 0.1911
672.01 481.40 80.67 75.03 0.1911
599.04 608.31 80.18 74.79 0.1911
708.75 608.28 80.39 74.85 0.1911
745.32 608.28 80.39 74.85 0.1911
489.11 506.73 80.73 75.08 0.1911
233.06 227.71 80.76 75.23 0.1911
635.39 329.14 80.74 75.17 0.1911
781.63 506.64 80.76 75.23 0.1911
233.02 278.36 80.84 75.31 0.1911
854.99 608.28 80.45 74.87 0.1911
525.68 151.73 80.74 75.16 0.1911
562.24 506.65 80.75 75.16 0.1911
891.77 608.50 79.96 74.45 0.1911
379.39 126.29 80.76 75.24 0.1910
635.39 126.29 80.76 75.24 0.1910
562.24 151.64 80.76 75.24 0.1910
598.82 151.64 80.76 75.24 0.1910
379.39 177.00 80.76 75.24 0.1910
671.97 202.34 80.74 75.24 0.1910
342.75 303.79 80.83 75.25 0.1910
854.82 455.91 80.74 75.24 0.1910
159.96 532.00 80.76 75.24 0.1910
196.53 557.36 80.76 75.24 0.1910
269.61 75.56 80.80 75.23 0.1910
13.87 152.12 80.14 74.47 0.1910
269.61 176.98 80.80 75.23 0.1910
635.32 177.00 80.82 75.24 0.1910
13.87 304.26 80.14 74.47 0.1910
342.75 455.93 80.82 75.24 0.1910
