26_Soldier_Drilling_Soldiers_Drilling_26_204
200
927.91 0.00 81.04 44.84 0.1925
50.59 348.20 80.20 44.55 0.1922
50.59 166.48 80.21 44.57 0.1921
50.59 227.05 80.21 44.57 0.1921
50.55 60.47 80.24 44.58 0.1921
50.63 287.62 80.16 44.56 0.1920
50.58 196.75 80.22 44.58 0.1920
50.58 257.32 80.22 44.58 0.1920
50.52 121.03 80.28 44.58 0.1920
928.21 136.20 80.38 44.66 0.1920
50.48 90.74 80.31 44.60 0.1920
50.59 30.17 80.19 44.59 0.1918
928.18 30.15 80.47 44.72 0.1918
50.59 317.91 80.16 44.56 0.1917
598.83 136.04 80.61 44.82 0.1917
635.40 136.04 80.61 44.82 0.1917
708.54 136.04 80.61 44.82 0.1917
745.11 136.04 80.61 44.82 0.1917
635.40 181.47 80.61 44.82 0.1917
671.97 181.47 80.61 44.82 0.1917
818.26 181.47 80.61 44.82 0.1917
671.97 226.90 80.61 44.82 0.1917
635.33 75.47 80.68 44.82 0.1917
854.83 105.75 80.70 44.83 0.1917
854.83 136.04 80.70 44.83 0.1917
854.83 166.32 80.70 44.83 0.1917
452.55 181.47 80.70 44.83 0.1917
708.55 196.61 80.70 44.83 0.1917
928.22 227.06 80.38 44.66 0.1917
452.55 242.04 80.70 44.83 0.1917
598.83 242.04 80.70 44.83 0.1917
708.55 242.04 80.70 44.83 0.1917
635.40 257.18 80.70 44.83 0.1917
671.97 257.18 80.70 44.83 0.1917
928.22 257.35 80.38 44.66 0.1917
379.40 272.32 80.70 44.83 0.1917
708.55 272.32 80.70 44.83 0.1917
745.12 272.32 80.70 44.83 0.1917
781.69 287.47 80.70 44.83 0.1917
928.22 302.78 80.38 44.66 0.1917
854.83 332.90 80.70 44.83 0.1917
928.22 333.06 80.38 44.66 0.1917
50.30 0.00 80.72 44.70 0.1917
635.40 211.70 80.63 44.87 0.1917
489.04 196.56 80.69 44.87 0.1917
671.97 75.42 80.72 44.88 0.1917
928.21 166.44 80.40 44.71 0.1917
854.83 196.56 80.72 44.88 0.1917
452.54 211.70 80.72 44.88 0.1917
745.11 241.99 80.72 44.88 0.1917
415.97 257.13 80.72 44.88 0.1917
489.11 242.04 80.72 44.87 0.1916
342.83 151.17 80.62 44.84 0.1916
489.11 166.31 80.62 44.84 0.1916
745.11 302.59 80.62 44.84 0.1916
672.02 151.18 80.65 44.82 0.1916
562.31 166.33 80.65 44.82 0.1916
525.69 136.02 80.71 44.84 0.1916
415.97 151.17 80.71 44.84 0.1916
415.97 181.45 80.71 44.84 0.1916
562.26 226.88 80.71 44.84 0.1916
708.54 302.59 80.71 44.84 0.1916
818.26 302.59 80.71 44.84 0.1916
854.83 302.59 80.71 44.84 0.1916
635.39 105.69 80.63 44.89 0.1915
928.21 105.93 80.40 44.66 0.1915
306.25 135.97 80.63 44.89 0.1915
928.21 196.79 80.40 44.66 0.1915
562.25 257.12 80.64 44.89 0.1915
781.47 0.00 81.13 44.83 0.1915
818.04 0.00 81.13 44.83 0.1915
854.61 0.00 81.13 44.83 0.1915
708.47 105.69 80.70 44.89 0.1915
891.31 0.00 80.90 44.74 0.1915
525.68 45.12 80.73 44.89 0.1915
196.54 75.40 80.73 44.89 0.1915
598.82 90.54 80.73 44.89 0.1915
562.25 105.69 80.73 44.89 0.1915
818.25 120.91 80.64 44.81 0.1915
452.54 135.97 80.73 44.89 0.1915
379.39 166.34 80.64 44.81 0.1915
708.54 166.26 80.73 44.89 0.1915
745.11 166.26 80.73 44.89 0.1915
781.68 181.40 80.73 44.89 0.1915
562.25 196.54 80.73 44.89 0.1915
781.68 211.69 80.73 44.89 0.1915
781.68 241.97 80.73 44.89 0.1915
233.11 257.12 80.73 44.89 0.1915
818.25 257.12 80.73 44.89 0.1915
854.82 257.12 80.73 44.89 0.1915
159.97 272.26 80.73 44.89 0.1915
452.54 272.26 80.73 44.89 0.1915
415.97 287.40 80.73 44.89 0.1915
489.11 287.40 80.73 44.89 0.1915
525.68 287.40 80.73 44.89 0.1915
562.25 287.40 80.73 44.89 0.1915
598.82 287.40 80.73 44.89 0.1915
635.40 287.40 80.73 44.89 0.1915
379.40 302.54 80.73 44.89 0.1915
452.54 302.54 80.73 44.89 0.1915
489.11 317.69 80.73 44.89 0.1915
379.40 332.83 80.73 44.89 0.1915
452.54 332.83 80.73 44.89 0.1915
598.82 332.83 80.73 44.89 0.1915
635.40 332.83 80.73 44.89 0.1915
233.04 287.40 80.79 44.89 0.1915
233.28 363.23 80.47 44.74 0.1915
525.41 0.00 81.19 44.84 0.1915
306.25 166.34 80.73 44.82 0.1915
525.68 166.34 80.73 44.82 0.1915
415.96 226.91 80.73 44.82 0.1915
781.68 317.77 80.73 44.82 0.1915
928.20 75.59 80.41 44.71 0.1915
598.83 45.18 80.61 44.82 0.1915
745.12 332.90 80.61 44.82 0.1915
818.19 151.18 80.68 44.82 0.1915
525.62 226.90 80.68 44.82 0.1915
854.76 226.90 80.68 44.82 0.1915
781.69 136.04 80.70 44.82 0.1915
379.41 242.04 80.70 44.82 0.1915
489.11 60.26 80.74 44.94 0.1915
233.11 75.40 80.74 44.94 0.1915
123.39 272.26 80.74 44.94 0.1915
415.96 317.69 80.74 44.94 0.1915
415.90 60.26 80.81 44.94 0.1915
452.47 60.26 80.81 44.94 0.1915
562.31 136.03 80.65 44.84 0.1914
562.02 0.00 81.16 44.82 0.1914
598.59 0.00 81.16 44.82 0.1914
671.97 45.13 80.72 44.88 0.1914
598.83 181.42 80.72 44.88 0.1914
818.26 226.85 80.72 44.87 0.1914
745.11 196.61 80.72 44.84 0.1914
13.59 0.00 80.80 44.68 0.1914
635.12 0.00 81.22 44.83 0.1914
379.16 0.00 81.15 44.82 0.1913
744.88 0.00 81.15 44.82 0.1913
489.04 347.99 80.80 44.92 0.1913
86.55 0.00 81.19 44.83 0.1913
196.26 0.00 81.19 44.83 0.1913
232.83 0.00 81.19 44.83 0.1913
269.41 0.00 81.19 44.83 0.1913
305.98 0.00 81.19 44.83 0.1913
342.55 0.00 81.19 44.83 0.1913
415.69 0.00 81.19 44.83 0.1913
452.26 0.00 81.19 44.83 0.1913
488.83 0.00 81.19 44.83 0.1913
306.40 363.22 80.43 44.76 0.1913
269.69 151.17 80.71 44.84 0.1913
233.12 166.31 80.71 44.84 0.1913
525.69 196.60 80.71 44.84 0.1913
233.12 211.74 80.71 44.84 0.1913
342.83 226.88 80.71 44.84 0.1913
123.12 0.00 81.19 44.84 0.1913
269.83 363.22 80.52 44.76 0.1913
525.68 257.12 80.63 44.89 0.1913
854.81 75.41 80.76 44.94 0.1913
781.67 90.56 80.76 44.94 0.1913
672.02 120.85 80.67 44.87 0.1913
306.18 226.83 80.70 44.89 0.1913
159.65 0.00 81.25 44.84 0.1913
123.40 45.12 80.73 44.89 0.1913
159.97 45.12 80.73 44.89 0.1913
196.54 45.12 80.73 44.89 0.1913
562.26 45.12 80.73 44.89 0.1913
635.39 45.20 80.64 44.81 0.1913
159.97 75.40 80.73 44.89 0.1913
233.11 120.83 80.73 44.89 0.1913
269.68 120.83 80.73 44.89 0.1913
342.83 120.83 80.73 44.89 0.1913
379.40 120.83 80.73 44.89 0.1913
489.11 135.97 80.73 44.89 0.1913
269.68 181.40 80.73 44.89 0.1913
306.25 196.55 80.73 44.89 0.1913
342.83 196.55 80.73 44.89 0.1913
269.68 211.69 80.73 44.89 0.1913
598.83 211.69 80.73 44.89 0.1913
269.68 241.97 80.73 44.89 0.1913
196.54 257.12 80.73 44.89 0.1913
342.83 257.12 80.73 44.89 0.1913
196.54 287.40 80.73 44.89 0.1913
342.83 287.40 80.73 44.89 0.1913
671.97 287.40 80.73 44.89 0.1913
123.40 302.55 80.73 44.89 0.1913
159.97 302.55 80.73 44.89 0.1913
562.26 317.69 80.73 44.89 0.1913
671.97 317.69 80.73 44.89 0.1913
123.40 332.83 80.73 44.89 0.1913
708.54 332.83 80.73 44.89 0.1913
306.19 105.69 80.79 44.89 0.1913
379.32 196.63 80.70 44.81 0.1913
525.62 317.69 80.79 44.89 0.1913
415.97 105.74 80.73 44.89 0.1913
818.25 348.05 80.73 44.82 0.1913
269.70 272.27 80.71 44.87 0.1912
671.68 0.00 81.24 44.83 0.1912
233.11 45.12 80.74 44.94 0.1912
525.68 75.40 80.74 44.94 0.1912
562.25 75.40 80.74 44.94 0.1912
708.48 75.40 80.76 44.90 0.1912
