19_Couple_Couple_19_873
18
593.34 420.20 430.66 683.11 0.1599
109.44 832.03 292.57 552.97 0.1552
247.73 769.29 451.47 615.71 0.1373
13.45 851.81 41.96 533.19 0.0767
345.85 208.53 546.04 531.26 0.0716
123.16 214.96 269.43 522.37 0.0694
69.66 107.51 514.50 514.63 0.0688
49.20 812.13 123.56 572.87 0.0659
625.43 83.27 398.57 250.02 0.0585
450.36 760.74 487.67 624.26 0.0563
643.05 7.44 380.95 139.41 0.0445
0.00 0.13 68.09 145.11 0.0333
102.02 144.85 160.99 433.67 0.0317
619.09 221.34 404.91 529.67 0.0268
20.82 636.86 30.47 524.30 0.0241
56.80 229.67 110.80 509.21 0.0235
91.32 250.06 181.54 705.58 0.0224
17.41 245.59 36.68 480.64 0.0214
