12_Group_Large_Group_12_Group_Large_Group_12_495
125
345.72 206.46 67.69 100.07 0.8512
20.96 224.15 80.20 131.85 0.7024
879.92 337.68 116.40 141.85 0.4090
113.84 234.12 58.48 78.34 0.2830
168.07 288.44 43.06 51.88 0.2207
175.90 255.25 46.11 72.94 0.2040
912.20 343.94 76.92 74.25 0.1814
215.17 280.75 48.18 55.56 0.1783
525.71 406.87 25.06 31.67 0.1581
256.22 533.37 28.90 37.78 0.1470
774.68 221.64 18.80 19.76 0.1454
476.86 318.09 29.85 32.93 0.1453
843.97 359.79 41.56 60.46 0.1384
773.55 436.07 26.95 30.02 0.1343
147.55 288.89 51.36 71.80 0.1313
984.86 354.16 34.04 53.02 0.1274
703.31 224.07 17.64 19.65 0.1268
631.17 301.14 30.57 35.91 0.1258
253.92 513.49 31.18 44.04 0.1255
652.20 306.52 27.27 34.10 0.1249
852.41 241.76 20.57 25.66 0.1221
628.30 164.80 49.96 61.38 0.1121
155.92 483.86 28.60 34.40 0.1119
180.03 497.04 33.30 44.55 0.1097
774.70 420.02 28.52 36.20 0.1061
12.15 234.81 123.20 212.95 0.1053
81.10 66.07 18.07 29.02 0.1025
156.66 509.75 21.04 33.31 0.1016
102.59 269.27 60.47 118.87 0.1014
38.23 146.57 48.44 68.59 0.1005
777.39 241.43 22.38 25.16 0.0991
299.72 202.12 86.44 112.67 0.0974
592.79 314.93 22.84 28.84 0.0963
744.90 221.87 19.04 18.71 0.0922
33.25 437.94 32.12 25.26 0.0915
28.19 182.27 59.23 95.00 0.0911
107.43 0.00 41.59 35.15 0.0889
95.12 106.22 47.18 88.95 0.0878
549.83 333.50 30.89 38.76 0.0865
32.92 488.16 89.86 138.45 0.0864
82.16 87.16 34.52 55.13 0.0861
706.23 502.91 24.75 38.91 0.0858
311.53 582.35 73.92 98.66 0.0847
59.24 167.54 57.80 102.33 0.0835
852.94 224.98 20.63 31.02 0.0833
584.32 384.88 24.85 31.20 0.0828
215.96 255.39 81.57 92.11 0.0814
24.99 14.04 38.22 36.43 0.0797
594.94 500.79 28.26 60.55 0.0791
524.01 335.75 34.25 35.27 0.0787
651.31 198.35 33.16 43.39 0.0776
626.80 187.92 39.83 53.69 0.0772
744.03 434.85 27.38 33.37 0.0766
533.74 407.28 41.13 45.11 0.0761
365.57 577.36 48.07 91.29 0.0752
986.87 412.78 33.28 64.27 0.0729
204.83 239.32 51.59 66.89 0.0727
0.00 453.67 99.80 134.69 0.0725
277.25 573.05 78.34 108.95 0.0725
129.80 0.00 49.63 33.16 0.0722
589.65 365.75 21.39 34.69 0.0707
217.53 503.94 44.84 66.17 0.0694
609.12 495.71 38.29 56.00 0.0690
446.80 658.06 25.68 23.94 0.0687
77.87 50.30 21.41 29.32 0.0681
3.65 178.60 53.80 105.25 0.0677
154.54 533.03 18.58 31.19 0.0675
816.71 359.06 32.59 44.52 0.0670
450.91 325.27 40.18 38.90 0.0669
210.97 554.65 109.21 126.09 0.0667
812.01 243.67 27.04 26.76 0.0665
381.31 584.34 70.06 91.18 0.0663
480.58 401.51 39.59 44.29 0.0649
817.98 338.79 35.82 40.06 0.0647
830.91 336.63 74.68 115.81 0.0646
2.55 0.00 49.60 51.99 0.0629
78.88 13.39 32.06 34.44 0.0625
434.23 600.91 49.81 78.53 0.0622
551.95 356.08 31.02 39.90 0.0617
267.69 189.68 36.80 35.20 0.0614
512.61 576.96 31.24 40.77 0.0612
45.27 71.41 20.59 30.69 0.0610
114.79 99.61 71.73 91.85 0.0608
280.55 528.56 36.30 36.48 0.0608
43.21 91.02 22.32 38.63 0.0603
979.63 650.61 39.75 31.39 0.0600
674.28 555.67 42.38 52.90 0.0598
536.51 473.01 49.66 87.45 0.0595
772.77 334.50 36.35 38.18 0.0592
696.95 524.52 28.50 49.99 0.0588
41.60 38.72 24.48 33.77 0.0588
75.91 0.00 38.77 31.51 0.0587
0.00 136.35 30.39 80.91 0.0583
5.42 69.79 19.66 27.69 0.0581
102.17 480.94 46.56 59.14 0.0580
730.31 505.30 33.14 51.39 0.0579
808.71 220.67 26.16 25.88 0.0575
23.65 461.74 47.98 55.98 0.0571
543.77 382.45 35.34 35.07 0.0567
32.93 104.75 33.80 66.33 0.0566
287.27 505.51 27.81 30.54 0.0563
449.87 508.34 33.86 37.86 0.0562
473.59 603.65 45.20 69.77 0.0560
770.62 312.17 35.00 36.85 0.0560
886.77 99.62 15.97 19.52 0.0558
774.87 253.06 34.37 37.74 0.0551
779.29 443.31 53.20 49.45 0.0546
175.03 212.11 43.66 67.91 0.0543
5.86 435.44 32.10 32.69 0.0536
433.62 403.26 31.45 43.59 0.0526
41.54 423.14 66.51 52.85 0.0525
765.46 50.78 26.23 34.66 0.0524
283.80 234.20 74.54 129.05 0.0522
743.10 46.84 19.49 30.50 0.0519
577.39 394.72 33.24 50.02 0.0519
778.29 201.61 16.65 22.06 0.0518
672.22 56.66 30.28 49.47 0.0517
479.52 573.07 39.39 49.25 0.0516
846.06 192.15 19.40 27.59 0.0512
595.98 173.46 31.13 45.31 0.0509
449.62 529.75 25.28 31.16 0.0509
248.06 232.87 63.17 75.05 0.0508
7.18 45.00 22.05 31.26 0.0508
945.42 648.75 45.62 33.25 0.0506
870.51 609.58 56.33 63.15 0.0503
