12_Group_Team_Organized_Group_12_Group_Team_Organized_Group_12_330
68
93.98 72.05 75.97 88.47 0.9199
577.94 77.75 60.33 61.05 0.9030
690.48 133.86 66.40 66.59 0.8781
382.05 112.29 60.22 65.15 0.8276
845.68 79.41 73.05 78.50 0.8251
288.05 107.85 61.00 79.73 0.8080
470.09 87.41 51.60 59.65 0.7936
808.68 49.47 47.53 53.39 0.5714
198.21 440.78 49.10 54.30 0.5137
817.20 58.87 60.27 72.72 0.3419
434.61 83.78 53.14 80.30 0.2376
771.05 126.35 37.87 36.77 0.1695
790.27 115.40 47.06 52.17 0.1612
415.13 128.05 55.92 54.25 0.1599
410.08 214.83 72.80 61.15 0.1592
795.98 78.53 59.08 74.53 0.1513
224.18 178.06 27.54 25.94 0.1406
296.49 143.24 46.28 51.24 0.1258
846.12 53.26 63.81 54.99 0.1186
948.85 147.68 30.25 20.29 0.1106
266.63 116.67 56.06 72.72 0.1105
666.44 127.56 51.02 49.81 0.1055
556.82 92.89 50.99 50.97 0.1048
115.30 235.20 41.13 47.68 0.1028
178.48 104.27 39.61 60.96 0.1016
881.49 241.47 36.09 37.01 0.1015
384.18 142.78 57.15 53.36 0.0994
402.52 232.42 96.18 76.15 0.0994
588.66 109.01 52.89 51.13 0.0993
303.65 67.22 56.95 69.96 0.0980
766.88 147.30 37.60 43.08 0.0921
487.94 71.22 52.13 57.95 0.0906
886.43 122.24 56.74 47.89 0.0906
186.37 168.62 29.68 36.43 0.0888
832.90 123.84 63.84 62.86 0.0858
793.86 153.90 51.57 48.12 0.0812
227.65 444.71 58.17 52.42 0.0798
370.46 88.64 39.40 67.27 0.0796
396.62 65.13 57.78 79.91 0.0791
153.00 460.86 58.51 48.32 0.0786
852.52 236.27 66.71 51.69 0.0783
138.55 134.17 51.41 57.03 0.0776
91.44 123.26 63.01 55.33 0.0765
371.29 161.22 40.43 38.60 0.0714
94.32 14.95 41.83 44.16 0.0710
535.43 149.93 51.89 41.78 0.0705
154.25 172.64 30.39 37.04 0.0700
888.26 237.02 57.91 57.20 0.0694
780.29 53.12 33.90 36.63 0.0675
218.24 162.45 33.06 33.70 0.0667
425.87 170.06 52.55 35.87 0.0650
251.75 170.21 38.01 37.44 0.0644
459.55 147.43 50.57 35.76 0.0638
803.86 173.32 37.02 38.57 0.0609
456.93 207.67 95.16 105.62 0.0606
355.52 64.44 52.37 70.19 0.0600
222.57 137.72 36.52 39.06 0.0599
278.74 233.07 86.07 108.16 0.0596
499.27 137.22 44.71 37.98 0.0586
534.09 210.01 122.54 133.33 0.0580
166.21 320.38 128.92 155.93 0.0565
427.99 193.73 92.15 90.86 0.0551
170.12 396.07 85.68 104.14 0.0546
732.61 111.11 35.40 43.11 0.0534
163.12 75.36 48.00 77.49 0.0524
0.00 300.45 156.58 164.29 0.0507
355.39 237.70 70.93 96.00 0.0507
84.80 253.13 40.22 34.75 0.0507
