12_Group_Group_12_Group_Group_12_59
137
805.91 150.61 32.95 38.03 0.6960
591.66 120.01 28.11 32.45 0.6441
265.10 84.70 30.65 34.27 0.6069
519.29 88.92 33.71 40.50 0.5966
112.20 87.30 26.46 28.92 0.4216
425.85 179.61 78.32 63.33 0.3395
179.97 102.59 34.69 46.76 0.3369
481.99 100.90 29.25 37.14 0.3115
397.03 117.71 31.91 37.09 0.3105
158.59 113.09 31.92 38.90 0.3093
769.41 174.78 32.99 39.66 0.3010
265.84 101.22 40.78 57.91 0.2976
305.94 158.86 27.07 30.35 0.2854
421.68 148.35 68.84 69.91 0.2674
409.41 85.93 21.45 27.15 0.2645
993.82 260.53 26.95 48.95 0.2642
380.16 108.93 31.71 37.83 0.2621
378.53 88.11 30.34 35.37 0.2532
440.67 93.35 23.76 24.82 0.2435
444.60 105.45 24.31 30.85 0.2188
293.62 122.70 29.37 40.83 0.2128
826.09 355.75 67.04 45.09 0.2087
516.96 119.58 37.26 44.11 0.2053
304.45 250.35 82.63 95.45 0.2038
327.30 227.83 59.13 60.39 0.1974
185.28 279.10 33.56 42.28 0.1963
426.49 135.92 49.85 43.72 0.1938
351.74 288.40 181.45 204.46 0.1901
801.01 188.60 46.89 70.84 0.1811
254.94 149.22 36.69 48.40 0.1786
470.29 111.68 45.99 58.51 0.1782
397.81 379.37 124.22 107.48 0.1719
195.15 167.63 70.44 68.29 0.1651
438.38 486.78 44.72 59.52 0.1650
225.40 240.40 57.76 58.91 0.1636
835.20 370.45 70.81 64.45 0.1634
157.25 94.60 33.85 41.85 0.1634
180.09 223.23 66.08 84.85 0.1627
536.30 134.04 38.68 36.58 0.1627
291.61 278.31 99.71 121.77 0.1494
672.08 209.54 57.12 51.39 0.1493
798.66 364.67 78.48 63.61 0.1464
583.54 494.55 33.44 50.99 0.1439
584.22 128.69 37.71 52.32 0.1388
192.99 195.13 66.20 74.68 0.1370
947.85 316.53 29.34 26.93 0.1339
324.58 518.14 84.77 119.06 0.1288
492.93 476.61 45.41 59.18 0.1280
5.58 373.49 76.65 70.91 0.1273
590.18 450.85 41.84 55.53 0.1271
120.77 122.43 30.00 35.36 0.1254
469.44 415.60 73.86 76.07 0.1241
200.66 109.42 50.25 66.50 0.1219
545.29 169.10 45.50 51.07 0.1214
613.79 224.82 49.02 41.57 0.1213
569.58 170.88 50.29 46.18 0.1194
180.57 117.83 80.88 105.22 0.1181
145.17 256.93 40.25 67.13 0.1170
235.96 160.53 56.55 65.10 0.1164
654.51 216.97 50.82 44.99 0.1162
535.40 108.93 37.34 31.02 0.1161
270.97 88.77 43.67 42.65 0.1160
745.48 173.92 28.70 30.67 0.1145
69.60 382.55 31.50 36.91 0.1139
3.57 280.61 52.89 64.44 0.1103
616.85 174.04 32.57 33.06 0.1100
759.78 182.14 66.33 79.14 0.1099
611.44 438.21 37.26 48.37 0.1093
89.23 91.31 23.53 24.28 0.1079
593.66 435.49 34.40 46.06 0.1060
31.95 362.01 45.16 48.79 0.1055
892.11 302.81 51.54 40.75 0.1039
875.78 368.38 77.16 65.20 0.1030
191.74 75.30 20.56 29.11 0.1028
439.61 336.89 123.70 123.35 0.0976
472.20 475.35 48.98 72.68 0.0963
487.10 72.80 29.07 46.60 0.0956
828.43 310.64 68.22 75.73 0.0948
29.06 285.76 37.79 53.54 0.0924
997.28 298.27 26.54 45.43 0.0902
505.48 167.03 57.54 70.32 0.0887
552.71 478.56 62.84 75.79 0.0875
328.70 215.85 126.44 119.30 0.0874
5.61 402.84 89.70 96.53 0.0850
45.93 381.93 54.80 52.62 0.0847
26.24 445.02 59.49 72.42 0.0831
324.52 442.53 46.05 69.80 0.0827
572.65 189.61 55.15 48.81 0.0816
373.29 464.30 85.29 112.40 0.0814
555.91 449.55 51.71 66.99 0.0798
39.90 341.25 31.71 37.50 0.0795
586.34 241.32 92.45 57.90 0.0773
861.55 296.42 64.18 53.22 0.0764
609.85 200.36 46.94 46.30 0.0757
503.58 367.65 79.97 83.12 0.0750
220.48 87.08 33.88 37.35 0.0738
648.75 239.72 55.46 49.60 0.0735
0.00 321.22 35.31 49.60 0.0729
151.13 382.40 39.76 51.62 0.0718
480.97 470.44 73.99 91.69 0.0717
344.20 435.12 58.76 62.89 0.0706
3.44 251.33 40.79 49.73 0.0702
884.04 297.90 40.69 29.81 0.0700
350.65 380.51 88.23 95.96 0.0695
318.45 207.85 50.36 60.34 0.0689
767.06 379.88 76.75 63.81 0.0685
547.07 186.34 54.30 54.99 0.0685
369.07 511.34 189.94 129.66 0.0681
996.92 358.21 26.65 36.84 0.0681
614.27 115.99 30.16 28.56 0.0680
623.12 130.36 26.17 37.43 0.0675
618.64 152.95 32.97 42.42 0.0672
535.31 397.48 52.96 72.46 0.0670
874.67 330.67 74.71 73.30 0.0665
258.40 416.32 96.13 127.55 0.0665
905.41 385.53 85.64 68.43 0.0652
295.26 324.03 145.49 118.87 0.0646
665.06 220.81 88.24 72.67 0.0640
140.96 365.82 88.91 91.93 0.0633
732.43 174.93 49.15 55.47 0.0618
982.93 546.92 41.07 77.37 0.0611
643.73 113.98 46.41 43.63 0.0609
3.37 351.85 54.73 69.78 0.0608
291.69 195.20 54.39 53.80 0.0604
526.85 492.38 94.16 100.38 0.0599
309.74 169.58 49.04 44.64 0.0597
211.11 247.40 136.04 143.16 0.0596
155.81 75.14 25.23 29.71 0.0596
593.20 98.74 25.46 39.49 0.0583
305.43 443.66 73.44 131.64 0.0563
152.17 294.45 33.22 56.05 0.0562
577.92 451.26 77.06 99.14 0.0547
895.88 458.96 86.86 106.83 0.0542
475.27 184.76 81.79 73.33 0.0533
339.40 195.08 221.81 198.75 0.0532
87.19 108.67 22.12 29.65 0.0525
219.51 443.48 121.47 176.89 0.0515
