12_Group_Group_12_Group_Group_12_411
95
742.13 148.63 109.39 151.09 0.7343
539.03 126.01 88.02 125.01 0.7163
338.00 157.38 93.54 118.53 0.4628
180.41 120.02 88.08 110.54 0.3803
678.33 766.64 130.54 120.02 0.3083
170.60 95.76 180.20 138.56 0.2152
498.86 309.85 210.89 300.57 0.1860
406.01 702.49 54.58 95.12 0.1841
420.56 156.67 75.69 129.91 0.1645
494.60 45.41 230.70 249.72 0.1529
874.68 392.22 81.37 152.39 0.1303
738.12 71.17 85.56 103.99 0.1282
428.45 208.93 56.25 115.06 0.1192
762.18 245.10 90.73 196.68 0.1181
435.89 116.74 119.72 196.24 0.1177
896.35 186.26 52.56 73.76 0.1177
260.43 691.46 76.03 82.32 0.1172
918.22 254.95 77.90 127.52 0.1130
646.55 651.68 79.08 76.57 0.1114
869.67 171.36 93.95 136.41 0.1090
595.08 379.58 145.30 213.73 0.1069
892.83 324.94 84.17 166.55 0.1066
370.90 109.72 78.01 128.30 0.1041
601.68 594.54 101.55 87.93 0.1016
27.13 677.11 93.11 103.36 0.0999
209.06 173.65 113.65 105.75 0.0994
824.10 301.12 158.96 250.22 0.0979
435.97 203.36 93.89 160.25 0.0971
918.47 201.92 75.36 93.69 0.0963
564.74 204.90 67.02 123.11 0.0926
423.67 583.14 106.91 163.07 0.0923
948.22 648.95 30.11 57.07 0.0873
146.42 656.25 35.83 65.56 0.0870
421.92 288.10 200.32 308.21 0.0835
291.03 82.25 97.43 84.13 0.0826
729.97 709.57 252.07 247.39 0.0820
136.54 676.37 48.62 82.67 0.0814
629.36 194.56 173.61 303.97 0.0794
62.07 674.74 99.90 122.26 0.0792
248.28 243.24 92.33 94.87 0.0792
911.59 598.51 32.04 55.92 0.0791
865.92 120.15 43.53 52.03 0.0789
648.00 127.44 124.82 176.77 0.0779
671.78 683.20 89.77 88.44 0.0772
944.86 156.19 40.08 47.87 0.0767
766.83 601.16 95.11 78.43 0.0764
173.88 155.76 76.18 132.39 0.0733
135.41 175.17 55.14 143.39 0.0729
632.47 717.27 214.17 186.95 0.0727
436.12 264.35 55.85 110.79 0.0723
899.91 157.71 53.16 69.96 0.0723
7.68 669.74 63.07 127.17 0.0722
935.35 174.22 55.60 75.62 0.0721
644.48 585.21 96.71 83.95 0.0717
716.38 200.56 110.17 211.36 0.0716
127.30 99.45 74.40 109.17 0.0715
921.35 638.58 32.91 57.48 0.0715
153.59 703.51 80.29 102.29 0.0713
84.42 650.67 131.76 178.75 0.0710
973.06 584.25 42.31 86.75 0.0709
869.33 148.68 51.13 76.29 0.0706
612.65 6.98 203.01 313.34 0.0706
384.40 271.08 51.96 98.68 0.0704
252.96 625.40 124.20 134.87 0.0700
390.23 614.97 76.53 122.03 0.0692
366.40 761.12 197.85 166.87 0.0691
953.40 606.76 34.03 68.34 0.0669
770.94 98.07 101.90 133.35 0.0665
814.09 390.13 108.12 182.05 0.0660
571.67 860.78 73.89 64.82 0.0653
638.08 190.49 99.45 143.90 0.0621
828.94 718.72 60.21 53.54 0.0620
879.75 583.52 46.93 62.77 0.0615
29.25 63.16 120.40 130.40 0.0610
951.24 667.90 32.42 61.84 0.0610
973.18 630.71 41.32 86.14 0.0601
969.22 253.92 47.48 109.64 0.0596
455.06 241.49 111.34 162.02 0.0581
184.49 686.58 135.41 114.34 0.0581
204.88 761.00 171.39 190.07 0.0579
346.84 265.36 61.10 107.62 0.0578
917.53 664.07 37.91 65.92 0.0574
530.97 64.69 99.42 115.36 0.0571
721.31 990.94 58.79 71.64 0.0570
747.72 328.24 158.12 260.60 0.0568
568.39 837.64 74.35 55.72 0.0561
770.86 1026.72 43.31 45.28 0.0561
344.77 568.70 105.66 200.15 0.0554
639.39 809.42 93.77 115.39 0.0539
972.38 530.18 47.27 98.19 0.0539
716.79 584.09 87.18 78.03 0.0533
908.62 382.74 86.25 154.43 0.0529
348.79 662.74 87.23 142.66 0.0523
229.08 52.81 158.92 135.85 0.0519
967.89 208.16 50.74 95.87 0.0508
