5_Car_Accident_Accident_5_668
164
512.83 185.91 50.24 44.05 0.5793
877.86 241.44 26.22 27.99 0.4116
922.16 223.06 18.53 22.58 0.2961
814.87 190.60 35.86 36.90 0.2790
836.78 191.44 38.86 38.07 0.2605
865.33 176.97 39.56 35.73 0.2562
878.89 223.31 27.70 29.74 0.2466
732.44 191.89 31.17 37.68 0.2426
733.67 175.47 26.21 26.84 0.2395
735.71 204.62 33.93 42.50 0.2304
668.94 185.36 28.05 34.21 0.2105
845.76 240.13 29.97 31.50 0.2073
740.84 540.31 25.73 20.47 0.1989
578.76 397.86 44.92 44.30 0.1981
925.17 238.18 19.59 26.01 0.1981
876.76 249.21 31.31 40.59 0.1969
758.49 246.73 42.84 56.49 0.1946
941.48 321.55 33.44 35.44 0.1912
743.11 229.77 42.59 52.32 0.1890
996.68 247.93 19.47 25.97 0.1868
615.22 218.99 34.48 43.16 0.1834
991.19 291.41 23.99 29.69 0.1739
791.40 265.66 39.37 43.28 0.1728
999.03 213.09 19.10 28.20 0.1703
990.70 262.86 23.62 27.73 0.1695
808.45 226.29 32.94 42.73 0.1694
286.74 153.24 149.45 209.49 0.1693
770.98 264.78 42.83 50.73 0.1672
845.68 257.57 32.36 36.43 0.1638
962.41 272.39 21.61 23.08 0.1630
761.44 213.96 36.55 35.61 0.1611
670.15 175.63 26.74 25.02 0.1596
583.43 215.73 32.63 39.79 0.1596
480.54 179.70 65.33 52.14 0.1583
611.18 438.59 32.79 30.14 0.1573
621.11 197.54 27.00 27.63 0.1571
916.74 285.25 25.13 27.23 0.1552
694.02 189.68 44.21 55.83 0.1546
542.31 397.02 58.10 50.72 0.1538
958.24 288.79 23.97 26.65 0.1517
478.06 400.35 44.83 41.07 0.1489
921.56 273.50 21.17 25.60 0.1473
998.72 190.45 20.41 32.83 0.1442
586.09 421.41 50.94 51.75 0.1397
814.74 563.61 67.47 39.34 0.1352
523.60 398.88 87.19 84.25 0.1340
659.69 190.94 43.74 55.82 0.1262
737.56 364.01 32.93 40.61 0.1248
739.72 379.26 37.53 45.91 0.1244
960.86 248.62 20.91 22.70 0.1224
309.66 140.07 103.18 137.93 0.1195
500.69 394.62 82.62 65.07 0.1172
694.60 174.71 27.02 31.29 0.1146
585.80 196.29 35.05 41.99 0.1113
919.85 317.22 35.19 37.21 0.1098
662.49 285.46 63.45 67.51 0.1095
457.75 407.15 78.93 87.55 0.1094
719.10 430.79 48.52 55.58 0.1094
884.39 277.24 25.98 35.35 0.1081
528.16 278.07 50.01 46.93 0.1066
734.49 557.33 26.27 23.93 0.1056
958.31 192.59 23.23 30.75 0.1055
433.78 180.10 50.88 54.81 0.1050
844.82 273.61 33.59 42.87 0.1044
515.08 248.64 71.60 66.22 0.1032
535.55 369.23 49.01 49.28 0.1014
705.30 502.14 29.21 29.79 0.0998
313.27 238.29 140.54 187.05 0.0978
436.47 427.50 82.28 92.74 0.0972
687.14 218.40 53.78 69.34 0.0970
706.17 487.22 35.51 36.82 0.0965
813.29 383.24 28.32 41.59 0.0951
438.23 408.45 38.88 39.27 0.0945
504.94 193.44 71.37 82.56 0.0925
958.34 213.41 25.36 29.59 0.0923
993.55 498.30 25.61 34.95 0.0914
910.84 195.01 31.74 38.69 0.0897
733.83 265.91 39.33 60.74 0.0890
425.98 427.07 54.46 61.79 0.0889
638.83 209.37 74.79 79.93 0.0882
608.04 377.18 59.25 62.99 0.0854
349.49 197.86 90.65 143.28 0.0850
901.79 170.70 37.83 33.19 0.0847
366.42 164.99 70.53 103.26 0.0844
913.62 561.29 28.52 31.39 0.0841
737.65 513.09 29.29 29.99 0.0841
885.66 535.64 30.35 27.43 0.0837
678.78 322.29 51.63 49.37 0.0819
670.46 584.48 71.54 34.52 0.0809
994.67 171.32 22.53 43.76 0.0796
869.65 556.69 49.94 39.29 0.0783
756.79 361.10 45.39 54.41 0.0781
479.67 267.27 31.42 43.58 0.0777
707.51 433.20 38.85 40.68 0.0777
665.42 461.09 23.37 26.94 0.0776
330.08 431.19 61.20 46.76 0.0774
874.94 152.76 33.58 32.53 0.0771
760.64 536.47 34.35 22.51 0.0769
642.40 357.65 47.60 47.18 0.0765
708.03 459.05 41.66 52.71 0.0762
807.66 487.59 26.06 29.71 0.0762
698.76 409.58 36.14 52.92 0.0757
570.77 367.17 43.95 46.90 0.0748
634.42 391.31 53.94 62.82 0.0748
482.89 234.38 37.63 40.92 0.0746
619.54 537.42 36.61 27.33 0.0743
621.12 364.81 43.73 45.60 0.0732
693.36 349.63 38.11 45.12 0.0732
673.11 649.87 64.16 33.58 0.0731
556.15 242.86 58.60 52.83 0.0727
732.07 298.85 32.44 45.33 0.0716
959.48 174.46 24.40 33.43 0.0716
688.40 374.23 44.39 56.09 0.0714
446.73 389.24 25.88 31.91 0.0713
889.66 482.71 36.17 39.31 0.0712
701.40 536.99 33.26 22.51 0.0707
830.33 539.26 49.69 35.99 0.0701
736.85 339.13 30.16 37.59 0.0693
537.92 336.40 44.84 43.37 0.0683
762.50 511.46 36.20 28.16 0.0681
886.30 318.76 25.29 32.21 0.0678
577.94 310.17 35.10 36.31 0.0676
918.30 384.02 42.16 39.11 0.0671
515.19 365.44 53.07 61.35 0.0666
891.09 507.82 39.02 31.21 0.0665
694.12 565.94 43.21 28.80 0.0662
740.31 378.52 62.99 68.46 0.0654
903.41 500.33 46.36 39.25 0.0645
120.38 0.00 63.09 40.93 0.0643
723.20 473.10 42.24 43.93 0.0642
963.98 553.97 53.00 55.03 0.0642
912.40 651.41 53.31 32.59 0.0633
705.17 583.38 52.88 24.95 0.0632
989.23 331.36 28.81 34.92 0.0608
614.47 234.67 67.14 70.46 0.0606
770.67 581.25 50.24 27.95 0.0605
652.60 432.44 35.27 39.51 0.0603
771.48 565.28 34.65 26.76 0.0601
762.42 278.72 44.09 61.36 0.0598
843.16 310.97 33.14 39.52 0.0594
886.44 332.35 29.65 34.47 0.0590
910.20 534.42 38.22 39.33 0.0589
849.51 373.67 55.36 56.08 0.0587
719.80 654.14 45.81 27.82 0.0586
579.19 549.58 52.88 35.40 0.0580
973.97 652.78 50.03 31.22 0.0575
435.51 360.11 33.96 56.29 0.0575
397.80 425.01 61.22 87.73 0.0574
581.03 334.46 32.19 34.77 0.0572
977.21 533.65 42.19 49.13 0.0569
566.11 288.27 46.10 40.51 0.0560
801.55 296.20 37.66 50.38 0.0545
803.05 371.38 43.68 74.65 0.0545
617.83 292.65 80.81 68.54 0.0535
995.69 363.71 26.07 33.56 0.0534
439.18 539.44 47.59 52.51 0.0530
824.23 368.39 57.08 61.60 0.0530
746.19 451.87 60.40 62.99 0.0529
762.01 340.00 44.97 56.52 0.0529
773.05 170.74 38.35 33.74 0.0519
429.58 232.15 50.42 54.85 0.0517
824.77 591.56 76.71 44.91 0.0510
857.20 357.29 51.77 47.08 0.0508
801.29 537.11 49.19 36.41 0.0500
