5_Car_Accident_Car_Crash_5_38
200
314.37 105.71 76.18 83.46 0.2900
697.92 92.30 153.97 111.55 0.2713
873.94 126.09 59.85 50.76 0.2602
356.65 112.79 39.60 46.81 0.2584
264.01 97.53 110.17 116.35 0.2539
449.45 149.31 19.42 21.83 0.2534
6.97 365.06 43.22 64.71 0.2396
888.09 233.81 14.64 17.37 0.2195
852.59 280.32 20.66 21.19 0.2181
273.02 149.74 68.25 74.76 0.2178
557.47 448.10 17.04 23.15 0.2167
906.38 346.50 85.84 90.92 0.2079
164.21 310.97 117.71 72.99 0.1978
850.48 291.86 24.41 29.03 0.1912
507.49 146.70 36.32 30.97 0.1897
410.72 146.38 21.70 27.45 0.1882
595.24 447.63 18.07 21.36 0.1856
485.57 126.60 13.63 17.44 0.1800
545.80 116.67 115.97 114.17 0.1788
485.77 151.40 17.41 18.92 0.1775
244.16 123.95 81.83 83.68 0.1758
959.17 236.50 16.73 15.91 0.1752
926.66 240.08 13.10 14.75 0.1724
363.16 141.09 41.27 58.14 0.1717
721.03 445.96 98.88 91.16 0.1710
70.45 150.47 37.05 28.91 0.1704
5.95 237.50 20.71 24.60 0.1696
514.62 172.72 57.22 56.18 0.1676
19.83 118.95 54.84 31.68 0.1584
823.20 399.85 67.01 68.10 0.1573
3.17 246.70 23.69 28.77 0.1567
3.59 408.48 28.46 40.96 0.1561
310.26 81.13 64.59 51.58 0.1538
648.73 101.35 86.82 38.38 0.1526
449.42 130.13 17.39 20.41 0.1500
888.09 220.35 14.30 18.12 0.1482
882.20 104.43 42.93 36.14 0.1469
854.13 218.40 12.31 13.26 0.1469
97.96 121.35 124.80 95.94 0.1453
734.41 214.59 23.13 25.34 0.1451
408.50 121.86 25.93 33.45 0.1450
32.56 143.87 49.71 36.52 0.1449
632.09 438.90 27.95 32.96 0.1433
485.97 112.56 13.54 17.41 0.1430
402.93 105.88 28.28 32.23 0.1414
446.39 449.72 34.16 38.56 0.1405
922.77 276.84 17.29 18.22 0.1394
867.28 349.65 86.74 95.76 0.1394
111.06 147.55 54.63 37.07 0.1385
649.79 89.27 135.13 89.65 0.1381
778.59 238.02 15.04 17.86 0.1377
951.95 193.41 24.81 22.05 0.1374
291.81 164.52 75.70 81.50 0.1364
739.26 229.97 18.20 23.04 0.1361
884.79 115.90 79.34 71.45 0.1359
221.49 113.08 44.27 48.62 0.1356
519.12 129.04 31.22 28.68 0.1347
848.73 237.36 16.40 16.21 0.1332
2.25 150.84 38.74 37.63 0.1326
448.70 110.08 16.21 18.41 0.1314
556.06 461.70 18.98 24.66 0.1311
959.68 278.78 16.83 15.36 0.1301
407.61 163.36 25.84 32.70 0.1301
803.93 296.62 23.95 22.01 0.1284
836.38 433.93 56.98 61.08 0.1271
527.56 166.16 103.59 106.34 0.1270
40.41 255.28 24.51 27.20 0.1265
404.93 186.08 31.80 39.98 0.1236
351.38 261.68 57.91 66.24 0.1230
94.23 178.96 62.33 49.90 0.1223
397.35 280.49 50.08 74.80 0.1217
104.60 114.07 63.05 37.38 0.1211
7.32 272.38 30.10 34.40 0.1202
819.34 238.24 15.99 14.07 0.1195
128.66 165.74 86.60 62.34 0.1195
40.41 232.62 26.35 29.46 0.1192
54.87 141.77 60.96 57.22 0.1191
158.21 278.50 98.75 83.77 0.1186
957.95 300.72 20.47 18.44 0.1184
558.37 428.64 20.06 29.52 0.1177
924.17 259.11 15.24 17.33 0.1172
798.58 399.14 66.02 88.00 0.1170
57.36 124.16 57.80 33.37 0.1170
521.96 464.94 22.32 25.34 0.1168
7.04 564.72 36.19 27.97 0.1162
850.35 257.50 18.65 21.60 0.1150
836.65 354.24 55.24 62.72 0.1132
217.52 318.43 103.13 66.03 0.1125
36.64 271.06 29.39 32.93 0.1123
880.68 300.82 23.45 28.62 0.1119
959.22 257.79 17.73 16.56 0.1117
158.28 107.30 154.51 132.83 0.1114
885.41 275.34 20.84 22.93 0.1093
468.22 415.66 33.99 41.18 0.1089
441.32 408.35 46.58 55.30 0.1083
922.74 190.16 25.46 26.35 0.1080
439.83 156.01 31.63 37.23 0.1076
116.57 231.31 26.63 26.80 0.1069
811.56 281.32 17.28 20.15 0.1063
361.98 160.20 49.23 69.93 0.1060
383.59 266.50 49.62 64.43 0.1050
472.71 179.18 38.18 51.19 0.1047
593.54 422.88 21.11 28.68 0.1040
957.26 214.03 18.92 18.03 0.1034
323.17 66.66 44.72 39.61 0.1033
260.76 277.83 55.48 48.59 0.1028
878.10 318.62 59.08 73.92 0.1019
0.00 317.25 52.99 77.45 0.1013
874.97 309.62 32.05 37.59 0.1008
703.79 211.23 24.52 29.68 0.1005
532.85 129.71 90.10 68.39 0.1002
909.80 137.44 75.55 68.66 0.0977
62.66 413.37 42.82 45.95 0.0970
749.95 417.00 69.79 87.51 0.0968
69.17 223.14 36.99 35.97 0.0962
917.84 318.34 34.65 32.74 0.0960
920.86 299.08 21.84 23.01 0.0956
851.41 390.89 64.04 69.57 0.0942
997.57 235.16 15.97 20.49 0.0939
163.59 102.98 62.73 60.01 0.0932
775.95 255.03 18.74 23.58 0.0921
700.45 230.52 22.60 27.30 0.0912
880.90 552.60 60.10 39.76 0.0899
807.92 316.46 26.56 34.06 0.0897
474.21 159.92 34.38 42.39 0.0893
146.80 252.40 83.67 72.12 0.0890
774.66 213.19 24.51 28.03 0.0888
648.64 436.63 38.26 38.45 0.0883
265.80 327.88 78.02 60.04 0.0879
400.87 192.57 59.21 76.45 0.0879
816.87 216.61 17.56 17.06 0.0878
589.83 400.01 22.65 31.67 0.0870
687.74 427.99 80.29 87.22 0.0865
809.41 328.22 32.75 43.49 0.0862
357.66 219.57 43.88 56.49 0.0859
583.29 356.28 35.49 58.73 0.0855
237.56 278.82 92.55 91.96 0.0853
106.56 193.94 40.87 46.39 0.0853
949.81 310.83 35.67 33.34 0.0852
427.05 324.79 41.26 48.85 0.0848
273.15 362.56 54.65 42.59 0.0837
644.99 125.57 83.58 81.52 0.0836
7.49 438.72 23.01 31.63 0.0835
834.75 116.23 61.74 70.13 0.0833
3.98 106.61 57.13 33.90 0.0833
515.98 105.58 41.11 39.90 0.0830
996.25 256.33 16.37 19.31 0.0825
927.03 213.24 16.08 17.58 0.0825
418.82 173.96 51.65 47.85 0.0824
995.84 277.71 17.88 20.45 0.0823
79.40 255.02 24.68 25.23 0.0823
150.52 350.02 176.58 112.45 0.0814
404.37 409.38 50.74 59.98 0.0809
520.13 446.87 29.18 34.44 0.0795
697.68 246.85 28.33 37.75 0.0793
815.62 257.86 16.36 19.82 0.0791
780.26 293.58 27.33 30.24 0.0786
305.19 66.73 38.35 27.23 0.0785
724.97 153.14 65.37 66.62 0.0784
778.18 274.80 20.89 25.61 0.0784
515.19 201.48 57.60 66.23 0.0782
474.86 459.10 31.57 34.72 0.0779
629.14 454.33 25.10 32.53 0.0776
539.65 212.61 52.63 55.90 0.0775
34.79 410.26 42.35 51.82 0.0774
688.19 254.48 46.94 54.95 0.0773
740.67 251.23 22.76 29.45 0.0767
887.59 255.06 19.83 21.47 0.0767
40.54 445.45 38.45 37.83 0.0764
835.64 330.43 47.21 61.93 0.0763
108.56 329.03 29.57 45.63 0.0762
807.73 341.42 52.95 69.33 0.0760
624.64 99.43 99.38 70.51 0.0752
591.67 463.25 21.49 25.09 0.0751
34.33 168.85 67.55 59.44 0.0751
597.48 153.17 67.47 89.12 0.0737
6.99 456.91 27.55 38.50 0.0734
403.47 333.13 41.18 57.30 0.0731
73.12 272.49 33.69 33.14 0.0727
145.71 224.88 51.62 42.81 0.0727
171.40 229.36 76.11 69.00 0.0715
992.19 570.42 25.17 26.58 0.0715
414.34 293.33 60.44 75.29 0.0712
3.62 288.80 46.33 70.42 0.0711
0.00 206.24 33.25 45.23 0.0710
321.99 270.28 57.76 56.26 0.0704
220.83 350.54 100.55 66.79 0.0703
735.85 265.19 30.15 37.52 0.0702
695.20 164.79 59.42 65.32 0.0699
776.27 303.16 31.51 43.43 0.0697
576.95 319.95 63.14 95.65 0.0690
592.38 235.51 168.07 191.56 0.0687
67.52 322.83 47.98 57.64 0.0676
104.49 273.98 35.05 38.18 0.0667
573.86 215.55 44.49 50.71 0.0660
394.89 352.15 43.04 57.46 0.0658
579.21 258.68 95.77 129.85 0.0654
428.75 355.13 51.74 65.68 0.0651
830.90 101.99 40.58 40.21 0.0650
751.74 343.15 77.02 128.82 0.0642
