34_Baseball_Baseball_34_350
173
503.59 90.79 375.18 165.44 0.4939
170.56 101.25 411.15 161.28 0.3337
523.55 143.79 345.13 303.89 0.2996
166.53 134.93 186.98 313.17 0.2985
413.37 144.49 277.51 292.49 0.1699
206.65 144.21 348.08 302.84 0.1648
376.66 109.92 355.41 167.29 0.1646
430.13 48.52 368.19 158.84 0.1383
46.45 55.62 155.31 80.71 0.1216
115.19 54.70 163.17 80.04 0.1163
52.58 55.64 80.19 149.30 0.1070
499.13 60.39 144.82 84.82 0.1042
94.79 128.72 167.96 271.07 0.1030
442.58 244.46 374.88 302.00 0.0935
494.91 324.10 529.09 278.05 0.0900
535.06 388.05 299.33 379.95 0.0863
151.66 356.51 209.09 391.95 0.0844
547.94 34.32 476.06 166.18 0.0821
259.06 58.83 142.87 78.67 0.0804
633.20 207.53 390.80 250.92 0.0758
398.05 372.49 303.63 360.48 0.0756
183.74 62.11 165.58 74.49 0.0735
329.40 57.59 159.16 79.17 0.0725
400.54 51.66 152.79 81.61 0.0712
166.74 38.59 225.68 193.53 0.0706
594.62 61.12 159.36 76.69 0.0706
223.15 339.33 351.51 275.92 0.0699
335.89 251.15 290.47 304.09 0.0697
305.71 28.71 169.00 61.50 0.0682
29.24 51.07 62.49 149.01 0.0677
500.71 32.04 151.48 62.25 0.0673
43.04 30.63 159.74 66.47 0.0662
138.77 231.97 270.36 311.94 0.0650
821.45 55.87 151.45 82.14 0.0648
843.44 85.80 105.15 155.46 0.0645
1.65 36.06 86.76 95.69 0.0630
25.90 320.45 198.55 419.26 0.0627
729.65 53.58 161.57 85.75 0.0623
103.06 26.68 183.57 73.40 0.0604
509.69 77.95 105.44 166.37 0.0591
572.16 412.79 107.68 145.58 0.0585
216.20 75.94 150.12 108.70 0.0581
553.51 100.02 98.45 171.58 0.0579
39.86 13.08 94.56 69.64 0.0578
796.68 128.66 116.14 138.81 0.0578
95.31 63.62 143.22 123.91 0.0576
661.82 58.39 161.31 74.56 0.0569
761.65 89.81 116.20 136.33 0.0556
475.39 55.89 110.39 150.11 0.0549
397.20 87.70 107.55 138.81 0.0534
650.96 91.80 114.31 140.25 0.0531
7.12 0.00 81.15 61.27 0.0525
447.21 136.71 101.62 164.59 0.0522
588.87 35.47 172.12 63.08 0.0518
224.67 29.22 158.86 65.09 0.0517
48.64 6.90 233.77 271.87 0.0515
620.52 112.99 110.24 157.09 0.0512
37.77 106.68 57.28 171.89 0.0502
459.05 15.18 126.54 64.82 0.0496
559.60 186.03 81.69 164.30 0.0492
833.89 164.57 112.06 146.07 0.0486
553.51 337.25 98.96 162.36 0.0486
484.49 0.00 168.03 57.14 0.0485
692.34 103.67 111.29 167.23 0.0485
173.66 91.98 117.77 135.02 0.0483
567.05 67.37 143.31 130.90 0.0483
764.69 174.82 124.12 143.27 0.0477
716.60 31.62 142.15 70.33 0.0475
579.77 137.38 98.21 177.03 0.0469
288.75 65.78 111.03 175.95 0.0462
4.32 63.73 62.02 134.93 0.0461
72.19 84.83 107.07 169.30 0.0460
619.02 336.42 112.89 170.59 0.0459
255.30 419.14 277.46 348.86 0.0458
408.99 459.14 102.92 149.96 0.0456
613.54 263.08 127.44 166.54 0.0443
657.82 152.93 106.62 167.28 0.0442
793.93 57.34 120.26 138.64 0.0441
822.99 29.19 151.71 67.31 0.0440
382.63 15.04 137.55 67.44 0.0429
417.18 189.98 101.92 170.27 0.0428
517.37 0.00 82.37 117.38 0.0427
665.37 247.85 134.67 126.54 0.0427
270.82 0.00 163.75 51.99 0.0422
522.06 389.50 103.78 140.05 0.0420
561.42 14.92 127.26 102.28 0.0412
339.34 0.00 84.18 122.31 0.0410
586.48 239.43 103.18 150.13 0.0408
672.72 397.14 103.72 174.19 0.0408
0.00 41.25 36.21 121.07 0.0406
826.24 0.00 164.83 48.28 0.0406
412.87 0.00 183.23 46.05 0.0398
666.94 3.89 156.96 73.83 0.0395
494.80 170.59 137.70 109.86 0.0394
301.20 0.00 85.56 121.90 0.0388
696.12 175.86 150.34 117.43 0.0386
334.58 0.00 175.99 56.72 0.0383
621.38 192.56 112.77 163.56 0.0381
684.49 334.11 117.97 164.63 0.0374
733.12 8.98 166.95 72.69 0.0373
337.04 89.63 117.55 161.87 0.0373
375.41 0.00 91.05 116.17 0.0373
525.12 309.23 99.12 140.93 0.0373
43.74 0.00 162.94 57.94 0.0373
201.02 0.45 124.35 78.17 0.0373
79.09 0.00 84.80 112.99 0.0366
626.12 407.23 105.46 189.77 0.0365
217.71 114.15 108.04 148.67 0.0365
489.24 195.11 96.38 152.18 0.0362
55.75 114.94 69.97 189.39 0.0361
545.51 454.05 102.56 131.89 0.0359
559.33 0.00 167.14 57.23 0.0358
115.11 0.00 89.33 114.97 0.0358
126.67 0.00 153.01 63.85 0.0357
0.00 125.33 201.04 234.94 0.0354
129.12 114.15 111.43 138.45 0.0352
204.53 0.00 378.70 212.39 0.0349
580.34 322.42 125.42 129.29 0.0348
476.31 348.31 109.14 151.35 0.0346
547.71 282.70 111.54 127.99 0.0345
460.90 509.36 121.64 129.30 0.0335
579.98 492.63 107.83 108.79 0.0326
364.02 456.39 112.04 114.05 0.0320
500.51 275.26 104.32 126.09 0.0318
863.24 71.17 160.76 99.92 0.0317
882.68 111.53 117.94 142.81 0.0313
465.37 428.18 119.47 135.81 0.0311
720.85 426.36 123.22 144.82 0.0306
27.57 364.46 66.99 145.68 0.0295
430.90 337.84 111.15 142.27 0.0294
300.68 447.10 118.65 103.34 0.0293
445.72 545.23 104.21 178.28 0.0288
58.78 328.10 82.22 184.89 0.0287
317.93 472.86 133.57 129.23 0.0282
363.73 165.06 119.30 128.14 0.0280
0.85 114.16 71.12 149.55 0.0280
512.07 495.18 124.02 147.89 0.0280
0.00 276.54 229.88 235.42 0.0273
634.62 0.00 90.24 116.70 0.0272
0.00 672.62 49.17 95.38 0.0271
643.05 485.08 100.72 147.62 0.0267
776.77 229.24 107.42 165.61 0.0266
399.79 563.79 114.69 137.02 0.0265
374.70 331.01 108.20 161.69 0.0265
948.85 0.00 75.15 94.71 0.0264
10.43 316.39 69.40 115.09 0.0264
29.16 525.39 69.37 128.73 0.0258
439.47 248.97 108.97 180.45 0.0255
17.54 465.59 72.06 118.20 0.0250
478.45 578.66 107.32 178.72 0.0246
101.42 153.90 79.79 124.40 0.0244
808.84 431.91 103.59 119.01 0.0242
752.43 0.00 271.57 150.04 0.0239
405.29 397.60 152.74 123.64 0.0238
245.63 145.81 160.57 122.59 0.0236
882.67 0.00 96.97 159.77 0.0236
115.84 439.98 109.00 173.03 0.0230
248.27 474.63 134.98 142.56 0.0227
876.07 137.33 147.93 336.75 0.0223
385.69 253.66 110.22 154.98 0.0213
67.04 455.26 112.18 119.84 0.0212
3.14 603.34 84.24 144.81 0.0211
44.83 422.94 87.93 187.81 0.0211
840.17 417.33 114.77 156.02 0.0210
146.62 431.31 108.06 123.08 0.0209
771.55 385.76 113.33 156.95 0.0207
876.05 449.38 130.88 170.96 0.0205
0.00 110.74 38.80 117.68 0.0205
873.83 190.83 114.85 166.40 0.0203
716.69 264.74 124.44 157.26 0.0201
190.87 453.78 112.04 155.37 0.0201
852.80 233.61 103.31 163.92 0.0201
778.36 453.66 112.30 155.87 0.0200
