14_Traffic_Traffic_14_654
17
451.89 234.35 572.11 452.61 0.3462
200.23 258.52 380.90 361.86 0.1578
500.28 348.98 378.31 579.30 0.0971
154.08 632.89 341.44 665.64 0.0840
78.93 629.05 188.89 736.95 0.0809
135.09 323.12 224.39 502.07 0.0782
288.14 426.27 378.21 493.04 0.0657
157.02 468.34 341.46 475.68 0.0577
68.93 247.65 108.30 228.33 0.0563
67.18 156.75 117.51 171.65 0.0347
53.44 729.74 81.09 247.68 0.0295
138.83 639.93 134.60 224.02 0.0294
87.03 755.27 125.80 216.59 0.0260
164.29 727.89 119.74 248.16 0.0240
96.22 551.57 129.36 235.96 0.0213
153.49 180.81 236.95 367.36 0.0211
304.11 125.81 138.17 185.68 0.0202
