14_Traffic_Traffic_14_644
26
479.07 121.17 347.22 176.87 0.9985
401.54 149.45 344.81 235.93 0.8830
505.16 68.49 518.84 155.42 0.6686
512.10 150.84 511.90 218.22 0.2703
351.16 126.32 270.73 183.73 0.1297
98.19 303.18 185.46 379.82 0.0880
229.19 292.66 302.50 357.55 0.0740
250.36 94.65 335.91 122.91 0.0703
292.58 224.65 377.73 218.63 0.0575
532.60 303.35 332.03 379.65 0.0550
254.58 47.87 152.82 70.90 0.0470
406.49 17.52 160.65 70.35 0.0428
435.72 51.54 134.35 71.00 0.0415
433.23 83.80 142.30 77.75 0.0382
358.88 292.27 356.91 354.26 0.0325
156.05 131.27 378.78 150.99 0.0292
153.03 245.34 338.70 241.14 0.0288
302.17 54.99 142.31 97.28 0.0284
238.10 27.64 159.74 61.05 0.0272
378.27 43.95 145.61 70.38 0.0254
158.54 64.43 145.89 89.72 0.0239
70.67 48.22 119.01 67.45 0.0234
635.06 212.78 129.57 116.76 0.0223
649.57 71.88 128.88 116.20 0.0217
792.60 121.64 122.13 125.80 0.0215
109.80 49.52 166.41 75.30 0.0201
