14_Traffic_Traffic_14_443
37
475.55 134.71 548.45 211.83 0.9903
358.26 200.93 391.68 192.63 0.3463
149.74 326.80 203.55 249.20 0.2588
75.80 374.97 98.35 123.69 0.1454
321.55 243.42 304.11 259.00 0.1130
384.00 129.91 358.57 136.76 0.1064
243.77 312.70 284.73 263.30 0.1018
509.16 221.47 352.75 264.29 0.0853
46.54 394.98 83.46 101.63 0.0841
139.23 241.09 348.32 259.36 0.0521
377.64 257.40 123.95 98.78 0.0391
87.41 396.19 158.52 74.38 0.0390
71.15 337.97 107.29 105.04 0.0358
280.77 195.76 121.52 110.56 0.0339
234.66 368.13 130.26 111.98 0.0332
169.57 308.68 127.55 97.21 0.0315
284.68 330.69 125.69 98.20 0.0310
39.54 337.15 86.23 97.61 0.0305
136.09 322.68 123.24 127.77 0.0282
241.60 308.27 123.10 111.52 0.0277
31.28 370.70 65.95 103.24 0.0264
390.78 135.59 116.22 119.53 0.0263
284.37 172.18 282.19 200.30 0.0261
485.65 38.78 162.08 58.16 0.0261
91.90 314.14 126.67 98.39 0.0250
155.41 387.09 152.02 85.70 0.0249
765.76 63.53 159.89 81.88 0.0244
624.56 44.41 161.46 57.91 0.0240
456.85 279.24 277.08 296.76 0.0234
456.25 58.86 147.19 68.05 0.0233
771.28 47.83 163.29 56.75 0.0228
488.50 61.29 535.50 139.81 0.0227
390.08 194.28 121.92 115.59 0.0226
591.14 23.31 167.81 46.61 0.0217
39.44 294.46 200.65 281.54 0.0217
403.60 37.66 177.70 56.47 0.0206
722.56 54.14 126.73 79.64 0.0204
