43_Row_Boat_Canoe_43_942
200
927.95 0.00 80.99 81.22 0.1922
50.59 219.26 80.21 80.72 0.1921
50.53 411.16 80.27 80.84 0.1921
50.54 328.88 80.25 80.81 0.1920
50.51 520.94 80.28 80.76 0.1920
928.13 520.88 80.52 81.02 0.1919
928.13 575.74 80.52 81.02 0.1919
928.13 630.60 80.52 81.02 0.1919
50.25 0.00 80.91 81.07 0.1919
50.52 466.00 80.27 80.82 0.1918
928.14 438.64 80.47 80.96 0.1918
891.66 438.65 80.14 80.70 0.1918
50.55 630.67 80.27 80.74 0.1918
50.63 136.99 80.12 80.68 0.1918
159.76 0.00 81.26 81.22 0.1917
196.33 0.00 81.26 81.22 0.1917
50.58 575.80 80.22 80.76 0.1917
452.55 81.84 80.70 81.19 0.1917
928.14 301.46 80.51 81.02 0.1917
50.51 54.57 80.30 80.84 0.1917
86.62 0.00 81.20 81.19 0.1916
50.52 274.00 80.27 80.81 0.1916
488.83 0.00 81.22 81.20 0.1916
489.11 81.72 80.63 81.31 0.1915
232.90 0.00 81.13 81.20 0.1915
269.47 0.00 81.13 81.20 0.1915
525.68 109.15 80.73 81.32 0.1915
489.11 136.58 80.73 81.32 0.1915
891.59 328.88 80.23 80.76 0.1915
415.73 0.00 81.16 81.20 0.1915
562.01 0.00 81.19 81.22 0.1915
598.58 0.00 81.19 81.22 0.1915
415.96 109.29 80.73 81.18 0.1915
891.65 630.62 80.19 80.76 0.1915
452.55 191.56 80.61 81.19 0.1915
379.41 136.70 80.70 81.19 0.1915
489.12 218.98 80.70 81.19 0.1915
928.15 383.77 80.45 80.93 0.1915
854.82 191.44 80.74 81.40 0.1915
13.53 0.00 80.83 80.83 0.1914
562.26 81.75 80.63 81.28 0.1914
233.31 657.96 80.44 80.99 0.1914
123.19 0.00 81.08 81.17 0.1914
452.31 0.00 81.16 81.19 0.1914
525.45 0.00 81.16 81.19 0.1914
635.16 0.00 81.16 81.19 0.1914
671.73 0.00 81.16 81.19 0.1914
708.31 0.00 81.16 81.19 0.1914
781.45 0.00 81.16 81.19 0.1914
818.02 0.00 81.16 81.19 0.1914
891.61 383.80 80.18 80.75 0.1914
891.64 493.50 80.13 80.68 0.1914
342.59 0.00 81.15 81.19 0.1913
379.16 0.00 81.15 81.19 0.1913
452.54 246.38 80.62 81.22 0.1913
342.76 164.10 80.68 81.22 0.1913
818.26 81.81 80.71 81.22 0.1913
415.97 164.10 80.71 81.22 0.1913
306.26 218.95 80.71 81.22 0.1913
415.97 246.38 80.71 81.22 0.1913
562.19 164.10 80.77 81.22 0.1913
196.72 657.99 80.36 80.97 0.1913
928.21 191.87 80.39 80.89 0.1913
305.97 0.00 81.21 81.20 0.1913
671.96 81.87 80.64 81.17 0.1913
745.11 81.87 80.64 81.17 0.1913
635.40 109.15 80.73 81.32 0.1913
708.54 109.15 80.73 81.32 0.1913
452.54 136.58 80.73 81.32 0.1913
306.25 164.01 80.73 81.32 0.1913
525.68 164.01 80.73 81.32 0.1913
818.26 164.01 80.73 81.32 0.1913
379.39 191.58 80.64 81.17 0.1913
671.97 191.44 80.73 81.32 0.1913
525.68 218.87 80.73 81.32 0.1913
854.63 0.00 81.13 81.16 0.1913
598.76 109.15 80.79 81.31 0.1913
891.61 575.72 80.22 80.81 0.1913
708.75 658.00 80.38 80.93 0.1913
744.88 0.00 81.16 81.17 0.1913
781.69 109.24 80.73 81.31 0.1913
781.69 191.53 80.73 81.31 0.1913
891.43 0.00 80.77 81.00 0.1913
928.20 54.64 80.41 80.98 0.1913
13.82 82.22 80.23 80.63 0.1913
928.20 109.50 80.41 80.98 0.1913
196.54 136.63 80.74 81.27 0.1913
342.83 109.31 80.62 81.12 0.1912
562.45 657.97 80.34 80.98 0.1912
635.60 657.97 80.43 80.99 0.1912
672.17 657.97 80.43 80.99 0.1912
745.31 657.97 80.43 80.99 0.1912
745.11 164.01 80.74 81.40 0.1912
671.90 136.58 80.81 81.40 0.1912
13.81 164.47 80.28 80.69 0.1912
708.47 164.01 80.81 81.40 0.1912
13.81 548.41 80.25 80.72 0.1912
13.81 603.27 80.25 80.72 0.1912
599.03 657.95 80.43 80.99 0.1912
159.96 136.69 80.63 81.21 0.1912
379.40 246.40 80.72 81.21 0.1912
379.39 81.89 80.65 81.16 0.1911
635.39 191.46 80.74 81.31 0.1911
781.62 328.64 80.79 81.34 0.1911
86.76 438.35 80.79 81.34 0.1911
525.88 657.93 80.48 81.05 0.1911
562.19 246.30 80.79 81.29 0.1911
416.12 657.92 80.51 81.08 0.1911
452.70 657.92 80.51 81.08 0.1911
488.98 630.28 80.89 81.44 0.1911
854.69 630.28 80.89 81.44 0.1911
269.91 658.01 80.40 80.95 0.1911
489.12 273.74 80.70 81.25 0.1911
123.40 136.72 80.72 81.18 0.1911
160.20 657.99 80.40 80.96 0.1911
854.82 136.60 80.76 81.39 0.1910
86.75 301.18 80.83 81.40 0.1910
562.18 383.46 80.83 81.40 0.1910
598.75 383.46 80.83 81.40 0.1910
708.47 520.60 80.83 81.40 0.1910
745.04 548.03 80.83 81.40 0.1910
233.11 164.01 80.73 81.32 0.1910
269.68 164.01 80.73 81.32 0.1910
598.75 164.03 80.82 81.39 0.1910
13.81 246.70 80.25 80.70 0.1910
343.00 657.94 80.37 81.09 0.1910
525.69 273.75 80.72 81.34 0.1910
891.69 274.08 80.06 80.64 0.1910
269.70 218.89 80.71 81.27 0.1910
781.88 657.97 80.43 80.99 0.1910
818.46 657.97 80.43 80.99 0.1910
928.22 246.65 80.38 80.94 0.1910
13.83 301.56 80.22 80.67 0.1910
13.83 356.42 80.22 80.67 0.1910
379.58 657.96 80.48 81.04 0.1910
13.76 411.27 80.28 80.67 0.1910
13.76 466.13 80.28 80.67 0.1910
123.58 657.94 80.38 81.04 0.1910
854.82 81.75 80.74 81.29 0.1909
342.81 219.03 80.65 81.14 0.1909
745.03 328.62 80.81 81.35 0.1909
86.74 356.05 80.81 81.35 0.1909
781.60 383.47 80.81 81.35 0.1909
452.46 410.90 80.81 81.35 0.1909
196.46 548.05 80.81 81.35 0.1909
671.92 328.58 80.80 81.38 0.1909
781.64 520.58 80.80 81.38 0.1909
342.77 356.07 80.78 81.34 0.1909
379.34 356.07 80.78 81.34 0.1909
415.91 356.07 80.78 81.34 0.1909
818.20 356.07 80.78 81.34 0.1909
854.77 383.50 80.78 81.34 0.1909
86.72 520.57 80.88 81.46 0.1909
671.88 520.57 80.84 81.41 0.1909
635.31 548.00 80.84 81.41 0.1909
196.56 191.55 80.69 81.16 0.1909
928.39 685.70 80.05 81.02 0.1909
598.75 218.89 80.80 81.30 0.1909
708.45 328.58 80.86 81.41 0.1909
489.02 356.01 80.86 81.41 0.1909
525.59 356.01 80.86 81.41 0.1909
635.30 356.01 80.86 81.41 0.1909
671.88 410.87 80.86 81.41 0.1909
745.02 410.87 80.86 81.41 0.1909
671.88 575.44 80.86 81.41 0.1909
708.45 575.44 80.86 81.41 0.1909
781.59 575.44 80.86 81.41 0.1909
818.16 575.44 80.86 81.41 0.1909
854.73 575.44 80.86 81.41 0.1909
745.02 602.87 80.86 81.41 0.1909
635.40 54.34 80.74 81.33 0.1908
415.90 54.34 80.80 81.32 0.1908
708.48 54.34 80.80 81.32 0.1908
854.76 301.18 80.82 81.40 0.1908
452.48 356.04 80.82 81.40 0.1908
233.10 465.80 80.73 81.28 0.1908
781.67 465.80 80.73 81.28 0.1908
196.53 493.23 80.73 81.28 0.1908
233.12 109.28 80.72 81.25 0.1908
306.18 630.31 80.79 81.39 0.1908
379.34 465.80 80.78 81.31 0.1908
159.91 493.23 80.78 81.31 0.1908
159.91 548.09 80.78 81.31 0.1908
781.70 246.31 80.68 81.27 0.1908
342.87 465.77 80.71 81.35 0.1908
818.20 246.31 80.74 81.27 0.1908
489.09 410.91 80.77 81.34 0.1908
525.66 410.91 80.77 81.34 0.1908
123.38 493.20 80.77 81.34 0.1908
123.32 54.32 80.85 81.42 0.1908
269.66 383.48 80.75 81.31 0.1908
233.08 548.05 80.72 81.29 0.1907
854.76 246.34 80.78 81.34 0.1907
87.02 657.95 80.37 81.04 0.1907
159.90 54.34 80.83 81.37 0.1907
196.47 54.34 80.83 81.37 0.1907
233.04 54.34 80.83 81.37 0.1907
123.33 301.20 80.83 81.37 0.1907
708.47 383.48 80.83 81.37 0.1907
635.33 410.91 80.83 81.37 0.1907
