43_Row_Boat_Rowboat_43_688
200
927.91 0.00 81.03 62.82 0.1923
928.12 487.73 80.55 62.69 0.1922
50.59 296.87 80.21 62.43 0.1921
50.63 424.16 80.16 62.42 0.1920
708.33 0.00 81.26 62.83 0.1919
744.90 0.00 81.26 62.83 0.1919
928.18 148.30 80.44 62.66 0.1919
50.53 190.72 80.27 62.52 0.1919
50.53 233.15 80.27 62.52 0.1919
50.50 42.22 80.38 62.61 0.1918
50.66 466.62 80.13 62.39 0.1918
196.33 0.00 81.23 62.80 0.1918
306.04 0.00 81.23 62.80 0.1918
342.61 0.00 81.23 62.80 0.1918
525.47 0.00 81.23 62.80 0.1918
50.54 148.29 80.34 62.54 0.1918
123.14 0.00 81.29 62.81 0.1918
928.20 233.19 80.41 62.63 0.1917
50.54 105.87 80.35 62.61 0.1917
379.18 0.00 81.28 62.82 0.1917
562.04 0.00 81.28 62.82 0.1917
635.18 0.00 81.28 62.82 0.1917
671.75 0.00 81.28 62.82 0.1917
928.13 42.24 80.49 62.65 0.1917
415.70 0.00 81.33 62.83 0.1916
452.28 0.00 81.33 62.83 0.1916
488.85 0.00 81.33 62.83 0.1916
598.56 0.00 81.33 62.83 0.1916
928.18 105.87 80.44 62.66 0.1916
928.18 296.80 80.44 62.66 0.1916
928.18 339.23 80.44 62.66 0.1916
50.28 0.00 80.89 62.71 0.1916
50.66 339.34 80.09 62.37 0.1916
159.76 0.00 81.22 62.80 0.1916
232.91 0.00 81.22 62.80 0.1916
269.48 0.00 81.22 62.80 0.1916
525.69 360.27 80.71 62.82 0.1916
50.61 381.76 80.15 62.40 0.1916
781.47 0.00 81.13 62.80 0.1915
891.38 0.00 80.83 62.68 0.1915
562.25 360.21 80.73 62.89 0.1915
598.82 360.21 80.73 62.89 0.1915
269.68 381.42 80.73 62.89 0.1915
489.11 381.42 80.73 62.89 0.1915
233.11 402.63 80.73 62.89 0.1915
415.97 402.63 80.73 62.89 0.1915
489.04 317.78 80.79 62.89 0.1915
671.90 360.21 80.79 62.89 0.1915
708.47 360.21 80.79 62.89 0.1915
708.47 423.85 80.79 62.89 0.1915
671.97 423.92 80.73 62.89 0.1915
928.20 190.76 80.41 62.63 0.1915
928.20 445.33 80.41 62.63 0.1915
818.26 445.16 80.61 62.79 0.1915
854.56 0.00 81.19 62.81 0.1915
13.78 42.29 80.32 62.40 0.1915
635.39 254.14 80.74 62.96 0.1915
379.39 402.64 80.74 62.96 0.1915
525.68 402.64 80.74 62.96 0.1915
269.68 423.85 80.74 62.96 0.1915
635.39 423.85 80.74 62.96 0.1915
745.11 423.85 80.74 62.96 0.1915
708.47 254.14 80.81 62.96 0.1915
452.47 402.64 80.81 62.96 0.1915
489.04 423.85 80.81 62.96 0.1915
86.62 0.00 81.21 62.82 0.1914
781.69 423.92 80.71 62.82 0.1913
854.83 423.92 80.71 62.82 0.1913
635.33 317.85 80.77 62.82 0.1913
562.43 508.91 80.36 62.63 0.1913
599.00 508.91 80.36 62.63 0.1913
708.72 508.91 80.36 62.63 0.1913
745.29 508.91 80.36 62.63 0.1913
781.86 508.91 80.36 62.63 0.1913
817.97 0.00 81.21 62.80 0.1913
818.26 275.35 80.73 62.89 0.1913
781.68 296.56 80.73 62.89 0.1913
671.97 317.78 80.73 62.89 0.1913
818.26 317.78 80.73 62.89 0.1913
415.97 338.99 80.73 62.89 0.1913
452.54 338.99 80.73 62.89 0.1913
745.11 338.99 80.73 62.89 0.1913
781.68 338.99 80.73 62.89 0.1913
306.25 360.21 80.73 62.89 0.1913
342.83 360.21 80.73 62.89 0.1913
818.26 360.21 80.73 62.89 0.1913
196.54 381.42 80.73 62.89 0.1913
635.40 381.42 80.73 62.89 0.1913
745.11 381.42 80.73 62.89 0.1913
781.68 381.42 80.73 62.89 0.1913
342.83 402.64 80.73 62.89 0.1913
562.26 402.64 80.73 62.89 0.1913
598.83 402.64 80.73 62.89 0.1913
233.04 445.07 80.80 62.94 0.1913
342.83 466.28 80.73 62.89 0.1913
635.40 466.28 80.73 62.89 0.1913
671.97 466.28 80.73 62.89 0.1913
708.54 466.28 80.73 62.89 0.1913
745.11 466.28 80.73 62.89 0.1913
854.83 466.28 80.73 62.89 0.1913
196.41 63.20 80.87 62.99 0.1913
123.27 105.62 80.87 62.99 0.1913
159.84 105.62 80.87 62.99 0.1913
562.19 296.56 80.79 62.89 0.1913
525.62 317.78 80.79 62.89 0.1913
598.76 317.78 80.79 62.89 0.1913
708.47 317.78 80.79 62.89 0.1913
379.33 338.99 80.79 62.89 0.1913
854.76 338.99 80.79 62.89 0.1913
159.90 402.64 80.79 62.89 0.1913
306.19 402.64 80.79 62.89 0.1913
489.04 466.28 80.79 62.89 0.1913
928.20 381.69 80.41 62.63 0.1913
854.98 508.88 80.38 62.66 0.1912
781.68 190.49 80.74 62.96 0.1912
818.25 190.49 80.74 62.96 0.1912
671.97 232.92 80.74 62.96 0.1912
745.11 232.92 80.74 62.96 0.1912
781.68 232.92 80.74 62.96 0.1912
525.68 254.14 80.74 62.96 0.1912
562.25 254.14 80.74 62.96 0.1912
415.97 275.35 80.74 62.96 0.1912
452.54 275.35 80.74 62.96 0.1912
489.11 275.35 80.74 62.96 0.1912
745.11 275.35 80.74 62.96 0.1912
818.25 402.64 80.74 62.96 0.1912
415.97 445.07 80.74 62.96 0.1912
13.86 466.66 80.22 62.37 0.1912
452.54 466.28 80.74 62.96 0.1912
671.90 275.35 80.81 62.95 0.1912
342.76 296.57 80.81 62.95 0.1912
854.76 296.57 80.81 62.95 0.1912
854.76 381.42 80.81 62.95 0.1912
123.33 402.64 80.81 62.95 0.1912
13.81 424.21 80.28 62.41 0.1912
159.90 445.07 80.81 62.95 0.1912
562.18 445.07 80.81 62.95 0.1912
123.33 466.28 80.81 62.95 0.1912
379.33 466.28 80.81 62.95 0.1912
415.90 487.49 80.81 62.95 0.1912
50.71 509.09 79.99 62.27 0.1912
123.57 508.89 80.40 62.68 0.1912
818.26 232.92 80.72 62.98 0.1912
13.85 84.75 80.20 62.39 0.1911
891.65 42.25 80.11 62.41 0.1911
891.65 84.68 80.11 62.41 0.1911
598.76 42.04 80.79 62.91 0.1911
233.04 126.83 80.81 62.98 0.1911
123.39 360.22 80.74 62.88 0.1911
233.10 360.22 80.74 62.88 0.1911
306.25 466.29 80.74 62.88 0.1911
159.88 296.57 80.86 62.97 0.1911
196.45 296.57 80.86 62.97 0.1911
86.75 381.44 80.80 62.88 0.1911
598.75 445.08 80.80 62.88 0.1911
415.83 148.06 80.88 62.96 0.1911
160.13 508.84 80.41 62.71 0.1911
672.15 508.92 80.35 62.63 0.1911
818.44 508.92 80.35 62.63 0.1911
13.85 296.93 80.23 62.40 0.1911
635.58 508.92 80.44 62.63 0.1911
123.26 41.96 80.89 63.08 0.1911
159.84 41.96 80.89 63.08 0.1911
452.46 84.41 80.84 62.98 0.1911
13.50 0.00 80.91 62.61 0.1911
891.77 509.08 79.96 62.29 0.1911
342.75 42.01 80.83 62.96 0.1910
562.18 42.01 80.83 62.96 0.1910
306.18 63.23 80.83 62.96 0.1910
269.61 84.44 80.83 62.96 0.1910
342.75 84.44 80.83 62.96 0.1910
306.18 105.66 80.83 62.96 0.1910
818.24 105.65 80.76 62.95 0.1910
269.61 126.87 80.83 62.96 0.1910
233.04 169.30 80.83 62.96 0.1910
196.47 190.51 80.83 62.96 0.1910
159.90 211.73 80.83 62.96 0.1910
525.67 211.72 80.76 62.95 0.1910
708.53 211.72 80.76 62.95 0.1910
196.47 232.94 80.83 62.96 0.1910
159.90 254.16 80.83 62.96 0.1910
379.39 254.15 80.76 62.95 0.1910
598.82 254.15 80.76 62.95 0.1910
379.39 296.58 80.76 62.95 0.1910
269.67 317.80 80.76 62.95 0.1910
269.67 466.30 80.76 62.95 0.1910
818.18 148.08 80.82 62.95 0.1910
415.89 190.51 80.82 62.95 0.1910
13.81 212.02 80.25 62.42 0.1910
13.81 254.45 80.25 62.42 0.1910
342.75 254.15 80.82 62.95 0.1910
196.47 423.85 80.80 62.94 0.1910
525.61 445.08 80.82 62.95 0.1910
196.46 466.30 80.82 62.95 0.1910
781.69 466.28 80.73 62.89 0.1910
86.71 84.40 80.85 62.99 0.1910
196.43 105.61 80.85 62.99 0.1910
13.84 148.38 80.21 62.45 0.1910
379.26 148.05 80.89 63.00 0.1910
781.69 105.67 80.74 62.91 0.1910
