53_Raid_policeraid_53_574
170
125.40 67.71 484.85 123.31 0.5055
299.74 50.73 419.99 177.33 0.2322
99.04 85.11 192.73 270.37 0.1603
114.09 68.20 217.92 147.82 0.1422
231.24 243.36 340.86 220.37 0.1225
420.98 275.25 325.28 278.19 0.1185
128.74 157.93 270.47 247.75 0.1105
276.42 173.69 432.15 242.22 0.0961
172.76 39.89 150.38 65.92 0.0849
614.48 258.90 409.52 196.76 0.0845
157.60 282.64 224.09 293.36 0.0808
35.14 415.74 95.18 128.46 0.0802
400.66 127.86 370.25 210.39 0.0772
174.39 97.33 426.29 263.70 0.0746
286.69 328.84 245.77 247.16 0.0715
356.39 30.91 124.30 92.44 0.0686
185.68 27.82 189.92 52.06 0.0663
155.78 6.26 142.90 52.32 0.0654
48.66 371.35 83.27 113.93 0.0645
471.41 209.86 381.08 189.28 0.0611
34.50 14.80 203.89 228.67 0.0602
138.49 31.80 116.38 79.79 0.0596
15.98 262.65 176.90 311.16 0.0588
56.08 189.77 73.60 136.19 0.0575
49.43 150.24 177.76 284.96 0.0552
511.67 50.45 431.48 182.83 0.0541
300.83 22.91 354.10 61.91 0.0537
106.04 217.07 193.55 259.54 0.0529
547.91 339.94 269.84 236.06 0.0529
233.52 0.00 132.10 55.60 0.0527
19.75 359.70 75.89 133.05 0.0525
255.99 405.99 124.80 137.60 0.0523
337.33 52.69 126.89 128.76 0.0520
53.95 440.17 135.12 83.92 0.0508
263.69 18.83 97.03 81.87 0.0504
111.71 453.33 103.44 115.78 0.0497
17.14 443.92 71.50 123.99 0.0490
178.16 196.90 111.51 117.46 0.0490
132.98 132.02 125.29 127.18 0.0484
65.64 141.42 74.53 112.52 0.0480
300.06 14.17 144.01 57.10 0.0480
263.32 377.25 129.64 93.68 0.0477
216.34 230.71 120.44 114.93 0.0476
105.34 160.61 111.29 119.58 0.0468
834.28 272.37 123.04 99.10 0.0467
454.90 272.46 119.93 106.04 0.0465
101.06 342.25 103.41 91.18 0.0460
594.22 141.51 429.78 200.62 0.0457
553.14 395.78 118.50 95.11 0.0457
319.76 103.10 126.12 127.37 0.0455
439.62 381.51 116.02 118.79 0.0451
288.12 282.87 114.07 147.99 0.0443
181.70 248.02 101.31 123.28 0.0440
353.97 150.49 112.05 95.57 0.0436
47.66 256.36 80.92 130.01 0.0431
251.14 100.11 125.01 115.91 0.0425
108.45 384.17 111.53 119.46 0.0422
58.02 341.60 85.68 91.32 0.0420
136.31 253.56 108.54 103.80 0.0420
116.27 309.21 117.43 85.52 0.0419
249.29 207.42 128.61 112.13 0.0416
258.50 0.00 154.46 32.90 0.0416
557.97 330.80 153.57 101.15 0.0414
379.75 270.01 138.99 99.51 0.0411
444.44 331.51 146.14 94.20 0.0408
0.00 360.87 61.80 112.79 0.0408
142.90 436.91 123.29 105.51 0.0408
22.05 330.38 73.36 93.86 0.0405
75.72 134.65 128.34 97.00 0.0403
339.53 0.00 137.16 31.88 0.0400
392.72 0.00 101.09 64.70 0.0395
68.06 377.73 119.28 86.61 0.0394
207.12 373.84 115.70 109.51 0.0390
112.90 333.77 170.03 242.23 0.0389
0.00 424.85 65.01 106.26 0.0383
143.49 62.73 137.61 100.82 0.0378
792.92 34.53 142.91 73.86 0.0378
325.18 284.27 115.74 107.77 0.0371
804.14 239.42 166.24 79.88 0.0368
810.37 446.09 110.39 115.85 0.0368
281.60 158.33 115.78 104.84 0.0365
170.06 401.61 129.42 109.73 0.0364
265.02 63.19 118.18 103.15 0.0362
832.40 347.03 121.66 115.03 0.0362
0.00 501.20 41.08 74.80 0.0360
25.38 197.09 65.32 131.58 0.0358
211.17 135.15 126.01 132.65 0.0358
145.38 0.00 380.74 118.21 0.0357
211.43 432.57 124.39 129.90 0.0356
23.05 270.46 72.81 93.11 0.0355
0.00 0.00 65.44 55.06 0.0352
332.56 245.44 178.35 72.67 0.0351
447.60 248.46 164.42 75.36 0.0348
411.46 0.00 403.93 125.06 0.0342
63.57 212.71 135.32 85.53 0.0341
59.88 285.24 133.34 127.84 0.0337
0.00 24.29 96.09 76.92 0.0329
779.45 422.45 111.03 110.89 0.0328
71.43 16.97 138.86 75.02 0.0325
20.69 124.67 140.34 84.85 0.0323
478.86 361.53 194.75 71.99 0.0319
0.00 0.00 182.62 28.78 0.0317
23.60 153.81 81.48 105.30 0.0315
781.98 76.73 124.86 98.31 0.0315
506.04 384.35 121.20 116.76 0.0311
347.25 87.85 229.08 90.28 0.0311
211.52 314.96 111.58 105.52 0.0309
777.70 22.68 246.30 53.12 0.0309
308.01 445.10 129.20 117.73 0.0308
392.70 177.16 139.59 124.93 0.0307
760.05 258.04 131.56 96.07 0.0306
443.05 424.24 109.60 151.61 0.0302
0.00 311.89 61.88 100.77 0.0302
335.71 53.01 254.47 85.49 0.0300
166.19 312.29 115.18 89.97 0.0298
761.60 375.87 126.70 100.55 0.0298
69.22 487.89 95.74 88.11 0.0298
808.99 386.13 114.68 124.73 0.0295
0.03 120.61 83.20 99.95 0.0295
776.35 4.63 135.96 50.12 0.0294
793.30 287.14 121.37 95.36 0.0293
882.49 0.00 141.51 34.09 0.0292
67.12 0.00 83.13 76.90 0.0292
102.09 91.77 128.22 103.30 0.0291
942.43 0.00 81.57 62.66 0.0289
943.40 0.00 80.60 17.38 0.0288
289.12 43.25 149.99 78.87 0.0285
710.29 28.61 142.57 82.06 0.0277
451.50 211.58 210.07 69.33 0.0276
109.67 0.00 148.09 34.12 0.0274
636.97 313.71 151.69 107.15 0.0274
369.47 420.24 107.79 128.08 0.0273
796.26 94.97 227.74 73.91 0.0273
590.07 368.49 147.96 101.57 0.0272
136.90 0.00 94.60 82.54 0.0271
247.58 475.49 111.41 100.51 0.0271
695.92 298.76 137.32 110.77 0.0266
146.35 345.85 114.18 116.43 0.0266
397.77 121.74 121.70 118.73 0.0264
470.84 322.59 185.80 74.39 0.0262
427.82 273.97 243.72 70.13 0.0261
412.46 0.00 211.66 24.56 0.0257
285.24 216.23 169.32 91.46 0.0255
823.79 0.00 114.61 81.77 0.0254
856.02 294.75 139.75 115.43 0.0252
181.53 520.79 171.25 55.21 0.0248
271.62 423.92 244.81 90.32 0.0246
0.00 230.16 67.74 107.55 0.0246
848.61 422.35 107.34 123.22 0.0241
68.70 0.00 244.12 139.49 0.0238
866.73 269.00 157.27 77.88 0.0238
742.29 45.61 158.64 87.65 0.0237
740.99 207.81 187.55 86.83 0.0237
816.90 51.18 148.95 94.65 0.0237
845.78 32.09 178.22 79.76 0.0235
92.74 33.70 125.23 122.11 0.0231
290.51 118.56 465.70 46.05 0.0231
722.24 0.00 140.65 49.22 0.0230
857.38 145.56 166.62 93.69 0.0225
889.15 210.23 109.00 113.80 0.0225
616.98 0.00 334.46 118.54 0.0223
863.65 159.95 89.08 118.10 0.0223
891.18 0.00 108.65 85.32 0.0222
322.70 387.02 130.49 117.89 0.0221
366.33 157.45 275.15 59.58 0.0218
730.42 502.95 115.24 73.05 0.0213
769.11 304.48 115.15 124.09 0.0210
458.82 160.21 93.21 93.96 0.0208
0.00 522.76 87.73 53.24 0.0207
746.10 118.71 121.64 137.31 0.0200
