53_Raid_policeraid_53_107
200
198.94 86.23 435.59 151.83 0.7067
133.52 126.16 413.13 175.03 0.4026
150.64 134.79 229.29 277.06 0.2417
150.04 79.07 245.87 183.03 0.1877
516.45 228.33 348.47 267.38 0.1873
266.83 153.23 397.71 249.47 0.1564
315.68 353.13 309.63 329.87 0.1534
354.43 284.59 370.11 275.09 0.1432
448.66 350.07 335.37 332.93 0.1376
153.40 356.45 201.26 326.55 0.1361
674.72 292.26 349.28 248.43 0.1292
571.58 144.40 452.42 184.60 0.1193
154.47 293.79 365.15 251.53 0.1108
50.69 341.60 80.92 142.41 0.1000
99.06 177.13 189.25 298.30 0.0801
446.56 151.44 355.37 194.56 0.0758
40.66 63.51 189.02 247.54 0.0728
47.76 268.28 81.56 152.18 0.0715
215.56 98.18 125.78 110.86 0.0686
45.01 113.61 84.59 150.74 0.0673
477.80 99.28 410.77 166.70 0.0661
46.60 303.10 165.96 359.36 0.0658
268.20 86.45 146.44 104.75 0.0627
29.10 357.45 70.38 157.05 0.0622
64.28 95.10 86.71 118.36 0.0598
39.80 201.31 80.80 156.75 0.0595
183.73 408.72 109.38 122.32 0.0583
631.35 416.89 158.51 99.93 0.0583
317.21 385.24 144.07 102.54 0.0574
613.33 439.19 128.80 133.00 0.0573
536.08 224.73 136.18 117.59 0.0569
138.92 168.18 115.21 146.90 0.0561
847.97 281.57 113.90 127.60 0.0561
600.20 385.65 138.87 114.64 0.0556
147.50 505.58 112.04 129.25 0.0555
24.12 72.53 66.50 138.00 0.0552
571.23 352.19 146.79 96.72 0.0548
534.07 191.43 145.01 91.90 0.0546
272.41 217.84 136.14 126.28 0.0544
219.58 337.70 105.13 139.84 0.0543
582.71 250.38 117.91 123.14 0.0543
77.84 99.82 155.74 91.08 0.0541
393.25 372.32 137.99 130.68 0.0536
315.02 53.77 426.42 146.09 0.0531
419.05 323.31 157.28 95.68 0.0529
361.25 349.04 133.94 118.16 0.0524
248.25 312.18 119.75 124.30 0.0522
732.32 287.14 107.54 130.60 0.0519
375.58 214.28 100.48 122.59 0.0519
774.73 282.94 113.77 114.85 0.0518
676.16 445.38 134.10 115.53 0.0514
184.82 104.32 111.23 142.52 0.0513
68.17 373.75 110.30 131.81 0.0511
266.63 185.42 158.01 92.77 0.0509
342.81 291.75 147.80 94.87 0.0504
319.45 109.43 113.53 139.94 0.0503
341.21 96.48 149.45 90.25 0.0502
475.28 157.81 105.78 124.07 0.0502
152.91 437.48 117.73 132.22 0.0502
50.70 417.53 81.85 154.32 0.0502
143.16 383.64 107.59 125.57 0.0497
247.47 412.82 135.62 119.74 0.0496
501.00 251.89 130.72 126.07 0.0495
617.62 287.34 112.14 120.98 0.0494
497.14 165.66 156.70 83.59 0.0492
461.60 369.67 133.24 126.78 0.0492
431.37 253.94 120.65 123.66 0.0491
474.64 232.07 108.31 115.61 0.0489
799.45 81.57 103.87 138.58 0.0484
292.84 67.45 161.67 85.90 0.0483
618.70 491.69 112.75 147.92 0.0481
27.37 131.50 66.04 150.17 0.0481
504.58 81.73 106.56 138.06 0.0480
312.25 330.10 145.53 97.46 0.0479
618.53 150.92 104.48 132.55 0.0478
290.19 348.45 124.20 115.66 0.0477
581.13 465.32 115.11 133.98 0.0474
122.31 65.00 143.48 85.87 0.0474
0.00 341.72 63.97 121.07 0.0474
432.34 51.60 108.22 137.34 0.0473
103.38 416.13 113.22 124.11 0.0471
615.05 50.01 105.29 138.56 0.0470
287.74 285.08 122.33 125.38 0.0469
578.86 86.48 106.51 136.19 0.0467
43.72 71.07 165.05 86.00 0.0467
651.30 82.56 106.07 138.07 0.0465
102.68 347.04 105.39 117.23 0.0465
69.65 307.53 110.80 129.07 0.0465
404.37 189.01 101.81 122.13 0.0463
213.85 438.74 124.41 124.41 0.0463
762.94 114.98 104.07 137.80 0.0462
542.42 53.06 106.48 137.09 0.0461
847.98 96.00 110.29 116.79 0.0461
524.08 384.43 143.42 113.96 0.0461
655.06 247.49 104.83 133.68 0.0461
163.45 211.84 144.63 113.32 0.0460
689.11 116.70 106.01 138.11 0.0460
347.26 414.90 132.76 112.68 0.0458
257.78 124.28 108.63 148.57 0.0458
762.74 40.86 106.80 146.49 0.0458
689.10 45.24 106.71 142.28 0.0458
55.05 170.89 92.82 137.85 0.0456
545.63 536.39 111.14 130.72 0.0453
791.64 260.04 137.10 99.65 0.0453
707.60 266.87 156.17 85.19 0.0452
725.21 148.59 106.84 137.81 0.0451
653.39 179.40 106.10 137.83 0.0450
689.21 213.67 107.65 133.45 0.0449
403.62 43.62 171.51 65.46 0.0448
434.25 111.68 109.51 134.93 0.0447
725.93 81.89 106.51 138.94 0.0446
514.57 491.00 103.30 144.05 0.0444
26.55 320.82 71.22 104.01 0.0444
797.23 138.42 110.19 141.90 0.0441
110.31 215.68 114.71 118.22 0.0441
191.58 192.75 159.33 92.92 0.0438
214.30 547.35 115.82 120.47 0.0437
117.67 467.07 104.58 126.62 0.0434
652.86 318.18 109.45 124.93 0.0434
616.68 229.31 115.93 109.64 0.0434
180.25 257.06 136.00 103.86 0.0434
473.89 66.93 110.29 110.66 0.0434
542.83 427.69 116.68 135.65 0.0432
855.44 535.96 96.17 134.99 0.0431
807.33 439.10 103.41 153.98 0.0430
435.39 449.74 113.33 140.61 0.0430
541.15 275.36 122.98 136.84 0.0430
0.00 87.08 62.42 120.70 0.0429
383.20 435.31 129.15 130.81 0.0429
113.88 39.85 176.17 74.04 0.0429
654.45 475.69 114.11 125.71 0.0428
143.82 247.12 112.93 153.26 0.0427
365.83 159.36 113.22 115.88 0.0426
495.13 343.18 130.09 112.15 0.0425
201.62 516.45 146.54 97.78 0.0422
52.53 254.33 140.43 106.63 0.0420
116.63 129.00 109.71 143.26 0.0420
29.11 431.86 65.21 152.59 0.0418
186.49 312.79 113.02 126.62 0.0417
287.80 502.95 119.94 127.52 0.0417
39.15 37.28 93.72 93.14 0.0416
196.75 69.10 91.28 111.68 0.0415
64.43 480.91 74.56 162.20 0.0415
473.13 419.67 111.52 144.89 0.0413
351.17 33.98 117.31 94.57 0.0412
845.18 456.62 108.92 127.82 0.0411
0.00 0.00 82.98 59.54 0.0408
550.64 417.28 473.36 265.72 0.0408
320.75 437.13 122.16 127.42 0.0404
458.22 295.34 141.37 93.74 0.0404
784.63 65.09 151.16 90.77 0.0403
130.35 358.22 141.45 93.17 0.0400
760.83 173.64 107.49 135.73 0.0399
820.21 543.64 91.50 139.36 0.0397
250.38 469.81 121.72 128.11 0.0394
799.79 44.37 172.49 69.26 0.0393
476.40 43.06 176.82 64.14 0.0392
846.19 216.65 107.77 136.09 0.0389
7.90 20.64 81.26 108.17 0.0387
622.48 43.20 174.14 66.37 0.0384
476.11 544.01 120.63 121.60 0.0383
233.52 47.86 186.50 69.38 0.0383
701.76 415.42 147.88 105.70 0.0381
704.72 42.89 150.34 81.86 0.0380
365.29 1.66 137.48 68.43 0.0378
366.20 481.26 102.20 163.06 0.0377
565.21 43.87 147.77 82.33 0.0375
689.20 341.63 108.89 137.31 0.0369
620.31 5.50 144.37 64.83 0.0369
840.15 149.44 116.46 125.01 0.0367
106.35 284.45 112.15 115.47 0.0365
546.21 3.46 142.79 65.55 0.0361
648.00 528.68 114.48 154.32 0.0360
405.23 495.15 109.81 144.00 0.0358
17.32 3.82 112.08 73.71 0.0356
0.00 209.84 60.66 127.19 0.0355
73.01 28.41 137.77 82.97 0.0352
0.00 273.46 57.93 130.12 0.0352
0.00 389.61 65.95 141.03 0.0350
687.88 4.53 156.27 63.30 0.0344
797.91 6.81 174.68 59.84 0.0342
70.84 0.00 132.85 66.44 0.0341
884.81 287.08 139.19 311.73 0.0341
434.33 1.87 142.43 64.84 0.0338
775.75 464.55 95.42 117.69 0.0336
201.94 50.06 126.70 79.96 0.0334
88.87 506.86 106.27 139.82 0.0331
824.76 514.54 123.70 96.23 0.0327
770.39 547.20 103.19 132.35 0.0326
321.19 535.57 118.47 127.71 0.0326
694.05 500.45 113.02 150.35 0.0325
290.24 0.00 143.66 71.59 0.0324
438.95 532.67 101.76 140.10 0.0322
8.76 512.39 108.98 101.30 0.0316
773.18 384.10 102.30 154.06 0.0307
726.59 617.64 212.69 65.36 0.0304
813.62 380.57 136.87 140.35 0.0299
0.00 194.66 227.74 202.96 0.0296
735.62 481.40 104.60 111.81 0.0296
74.89 35.61 254.42 172.51 0.0295
