3_Riot_Riot_3_521
200
868.73 181.05 136.20 179.22 0.9267
561.37 187.52 116.07 143.19 0.9131
155.64 232.22 69.86 75.86 0.8074
382.91 251.78 63.86 81.91 0.7854
271.10 204.44 64.90 96.48 0.7294
747.46 572.46 105.36 114.19 0.6921
44.13 244.74 68.88 69.14 0.5100
485.90 306.04 45.01 69.32 0.3364
369.09 359.98 43.13 70.73 0.3309
477.91 403.51 22.65 35.16 0.3152
444.04 549.50 36.71 64.72 0.3080
389.57 207.13 62.25 75.39 0.3061
706.12 584.95 66.61 71.80 0.3053
405.14 181.34 43.93 62.53 0.2688
314.21 181.40 49.51 85.41 0.2681
417.86 304.07 50.03 71.14 0.2665
288.97 234.98 58.89 88.88 0.2649
553.30 489.56 33.34 46.79 0.2509
553.51 439.44 25.63 36.11 0.2486
710.14 145.15 56.29 79.54 0.2364
777.29 305.76 46.50 65.70 0.2242
977.68 445.54 45.74 87.39 0.2238
485.82 599.09 41.73 54.51 0.2234
550.66 446.88 35.23 53.57 0.2128
340.53 401.80 31.12 45.56 0.2124
525.26 246.77 80.75 111.21 0.2081
560.19 409.46 23.00 32.00 0.2045
95.28 213.55 55.46 65.75 0.2017
365.17 271.12 74.10 98.04 0.2016
497.82 288.37 68.32 92.20 0.1980
530.43 92.08 80.16 87.41 0.1944
450.55 408.54 26.20 39.84 0.1879
744.96 468.86 47.76 53.88 0.1813
448.94 478.29 18.87 45.39 0.1802
378.13 343.50 53.55 73.23 0.1743
350.44 437.11 51.74 92.53 0.1680
652.31 305.83 71.03 82.76 0.1627
628.60 37.91 72.90 76.02 0.1621
586.92 240.27 111.54 152.46 0.1566
332.07 300.61 52.35 80.60 0.1561
469.95 258.44 59.84 107.50 0.1531
476.35 160.35 119.39 177.87 0.1491
463.51 560.76 48.91 89.44 0.1491
475.06 173.70 55.83 86.65 0.1490
868.85 416.04 35.75 73.32 0.1471
442.66 621.94 26.46 43.60 0.1464
593.57 367.65 35.55 45.95 0.1459
998.63 623.84 24.41 46.47 0.1430
599.09 353.41 56.78 73.50 0.1425
0.00 235.48 41.11 82.05 0.1390
141.42 270.99 74.26 94.19 0.1383
68.97 235.41 75.92 83.08 0.1375
265.88 574.81 17.19 22.68 0.1371
807.96 540.13 62.72 97.89 0.1359
612.16 313.36 77.33 103.29 0.1343
448.75 419.26 21.32 47.10 0.1322
955.31 464.23 56.42 94.33 0.1314
356.02 181.66 46.45 72.61 0.1298
547.06 60.99 103.43 88.04 0.1289
440.69 521.41 64.19 100.61 0.1259
570.44 38.25 94.94 75.59 0.1252
573.11 37.57 135.52 141.75 0.1247
476.44 416.74 25.74 45.52 0.1213
938.61 111.75 45.91 49.99 0.1203
446.80 493.03 37.47 92.71 0.1198
874.48 541.90 38.88 62.05 0.1190
588.46 392.35 31.46 47.77 0.1175
724.57 434.82 68.89 97.47 0.1175
445.81 384.63 32.79 54.25 0.1167
981.72 522.00 42.28 79.07 0.1149
224.25 399.65 86.41 113.62 0.1143
481.10 150.44 42.73 52.17 0.1138
340.65 371.50 54.72 84.95 0.1133
610.71 421.20 41.57 62.61 0.1112
766.10 656.67 56.60 81.89 0.1107
655.30 365.18 77.36 103.86 0.1095
58.63 316.34 66.03 78.78 0.1091
62.03 170.95 61.24 95.62 0.1063
911.29 562.53 32.14 44.29 0.1061
265.17 607.70 16.90 22.56 0.1061
523.98 318.11 62.37 84.91 0.1059
207.28 185.63 62.41 99.11 0.1049
396.47 558.39 32.03 53.93 0.1041
554.07 378.56 30.86 47.49 0.1038
333.76 714.10 25.76 39.72 0.1029
499.97 51.04 145.20 151.50 0.1024
663.16 443.53 96.72 100.19 0.1024
185.60 578.40 27.07 27.98 0.1016
274.85 320.44 48.10 70.00 0.1007
915.49 738.57 31.17 29.39 0.1003
274.47 164.64 58.63 96.44 0.0996
712.87 168.69 80.27 97.18 0.0996
580.38 106.06 124.08 174.39 0.0994
498.36 334.62 43.91 71.18 0.0976
475.48 456.93 27.96 47.91 0.0962
703.73 513.15 110.99 103.53 0.0957
803.45 507.10 68.59 87.03 0.0956
466.72 201.61 66.64 103.52 0.0956
515.56 412.26 26.61 34.58 0.0945
399.53 703.96 29.44 43.01 0.0938
227.01 605.11 19.46 27.53 0.0931
978.58 122.28 45.22 65.89 0.0930
302.97 547.74 23.74 33.74 0.0927
359.65 384.48 78.99 121.76 0.0921
156.35 576.15 42.18 33.72 0.0920
329.06 731.45 29.29 33.35 0.0919
580.94 561.71 38.60 46.90 0.0915
395.54 653.92 31.06 43.41 0.0907
165.68 343.44 130.63 161.56 0.0897
957.14 584.89 39.35 60.58 0.0892
954.02 563.89 37.67 55.20 0.0886
258.82 337.85 49.82 92.69 0.0881
379.81 602.65 26.25 31.92 0.0862
690.38 0.00 38.41 34.52 0.0861
516.34 436.49 26.44 38.73 0.0853
576.83 543.88 37.11 43.93 0.0850
80.32 299.16 65.58 82.90 0.0840
507.43 678.53 31.76 43.98 0.0833
511.39 472.21 40.05 63.71 0.0823
679.16 679.33 71.49 70.93 0.0822
626.20 0.00 82.01 62.77 0.0820
263.40 447.90 56.32 65.90 0.0820
296.40 736.03 24.49 27.59 0.0815
542.84 687.60 64.82 75.53 0.0812
710.60 658.54 68.40 90.09 0.0808
264.70 737.82 25.04 25.70 0.0801
318.65 133.79 34.68 42.57 0.0798
899.75 402.89 110.98 147.13 0.0794
260.47 656.24 26.56 33.34 0.0792
683.94 23.20 46.87 72.53 0.0786
197.02 433.92 90.63 86.93 0.0773
952.27 525.76 50.80 79.55 0.0769
684.37 80.39 64.33 97.00 0.0768
777.77 456.31 95.09 88.84 0.0758
580.03 425.68 34.37 50.17 0.0757
366.96 525.13 37.65 65.83 0.0753
900.85 506.51 56.74 78.79 0.0752
869.42 446.81 42.32 76.10 0.0747
130.43 353.84 85.01 125.84 0.0743
584.40 593.41 37.67 48.96 0.0735
261.95 630.35 21.32 28.26 0.0733
699.45 373.92 81.44 116.16 0.0730
567.74 680.61 72.99 84.56 0.0730
878.49 514.47 41.83 61.24 0.0728
553.52 525.09 39.99 58.44 0.0719
690.98 479.20 79.51 77.34 0.0716
297.16 709.95 23.88 39.28 0.0712
258.73 544.84 30.34 36.72 0.0712
226.10 628.35 22.36 32.05 0.0710
381.22 665.08 35.24 52.75 0.0710
336.69 606.57 18.12 24.59 0.0699
379.27 700.02 34.31 52.93 0.0699
181.35 276.09 67.97 88.20 0.0689
484.00 530.80 58.30 72.61 0.0686
264.92 707.81 27.51 35.71 0.0682
251.59 370.75 73.89 103.83 0.0675
836.78 674.77 35.91 70.14 0.0659
377.44 735.18 26.70 32.82 0.0657
717.78 102.94 50.33 61.59 0.0657
147.20 183.33 73.65 97.98 0.0651
429.97 159.65 44.10 60.23 0.0647
552.08 600.75 34.28 46.71 0.0645
224.65 579.23 22.48 25.97 0.0645
477.08 678.85 34.01 55.04 0.0635
941.24 273.87 75.05 107.08 0.0633
187.85 598.91 24.41 33.44 0.0632
558.31 450.76 52.49 66.83 0.0628
997.32 694.26 25.92 59.97 0.0623
292.97 678.58 28.80 54.30 0.0622
548.70 567.73 37.43 48.35 0.0622
186.03 659.24 22.04 29.60 0.0621
478.25 624.72 39.86 59.52 0.0620
516.52 729.30 29.38 35.44 0.0620
442.66 702.80 34.67 54.24 0.0619
302.17 607.19 17.63 23.32 0.0617
724.64 259.76 52.26 74.96 0.0617
995.38 651.30 27.50 85.42 0.0613
371.90 427.75 80.44 121.50 0.0610
654.19 695.77 70.92 65.59 0.0609
678.62 138.80 93.47 139.52 0.0609
562.84 508.87 47.93 56.79 0.0609
653.22 597.74 38.77 48.40 0.0608
883.55 685.99 50.91 70.99 0.0603
997.49 726.89 21.18 39.45 0.0603
953.95 163.66 65.19 111.54 0.0594
660.77 647.23 43.95 49.58 0.0591
497.53 636.96 42.39 56.91 0.0588
188.07 737.92 21.63 22.61 0.0586
640.73 224.74 105.18 138.83 0.0584
189.13 628.74 22.71 32.40 0.0581
153.62 735.87 24.34 25.03 0.0581
917.50 376.44 44.30 65.20 0.0580
723.64 326.46 62.27 66.67 0.0579
61.15 723.02 53.43 42.51 0.0579
222.86 704.29 27.62 37.58 0.0575
0.00 301.16 32.45 75.19 0.0570
933.45 379.07 67.69 87.28 0.0565
398.90 728.65 29.52 38.48 0.0564
299.02 127.53 38.35 53.14 0.0564
404.34 134.74 34.47 50.85 0.0562
