2_Demonstration_Protesters_2_779
200
4.60 347.46 108.00 147.92 0.8940
979.21 423.55 39.52 52.73 0.5993
409.19 337.62 45.12 51.66 0.5145
547.16 360.61 39.27 57.55 0.4552
850.35 423.38 28.29 36.16 0.3663
109.95 396.03 57.59 97.30 0.3480
940.91 487.93 39.73 54.49 0.3368
960.88 397.93 25.47 34.62 0.3194
891.88 395.09 29.86 39.01 0.3091
615.28 227.53 29.40 41.39 0.3086
617.42 358.47 30.76 42.52 0.2839
753.68 440.49 63.00 66.89 0.2590
396.73 222.38 47.22 56.45 0.2588
382.24 422.04 69.50 115.02 0.2542
394.09 346.37 64.18 83.52 0.2478
849.47 345.03 29.65 35.06 0.2249
583.03 347.65 37.43 52.89 0.2173
704.29 266.74 27.36 37.28 0.2105
264.12 379.53 25.46 27.49 0.2057
753.54 428.37 98.98 126.38 0.1977
681.76 417.01 43.94 62.15 0.1938
476.88 339.42 32.38 49.81 0.1882
923.25 477.74 44.14 58.99 0.1813
748.25 404.05 59.12 75.10 0.1795
410.32 410.36 61.29 113.23 0.1791
845.15 381.12 43.78 65.40 0.1735
423.39 228.91 37.10 46.15 0.1696
814.83 268.27 19.04 27.49 0.1581
925.85 216.93 13.13 17.65 0.1570
611.18 146.69 44.18 91.27 0.1568
217.67 401.86 41.15 57.35 0.1545
257.42 385.04 37.90 41.06 0.1544
809.96 287.39 28.29 38.12 0.1526
787.90 444.03 101.22 156.52 0.1514
912.48 440.74 36.86 51.85 0.1506
894.94 404.11 45.08 59.03 0.1498
737.73 320.12 27.09 53.74 0.1495
770.61 247.02 30.54 43.36 0.1477
499.82 462.68 52.68 77.21 0.1430
555.53 315.65 31.84 56.03 0.1394
247.83 426.99 68.38 66.55 0.1391
848.61 289.96 19.91 30.08 0.1382
616.87 130.80 33.39 61.54 0.1381
814.69 336.89 37.50 44.26 0.1373
775.96 236.12 28.81 37.04 0.1371
595.63 201.44 48.67 66.94 0.1344
655.62 423.42 64.41 91.28 0.1323
578.28 371.95 41.55 56.69 0.1316
873.39 471.37 53.76 90.23 0.1313
288.80 375.07 34.92 35.06 0.1305
813.44 159.29 15.30 23.05 0.1297
577.91 122.84 72.05 148.83 0.1295
668.32 400.16 34.80 40.72 0.1288
685.41 398.21 39.01 53.60 0.1263
64.90 351.73 78.25 130.36 0.1260
557.72 295.10 25.07 39.57 0.1260
518.62 446.69 29.02 51.95 0.1255
997.41 686.03 21.47 32.39 0.1254
370.46 260.79 27.70 38.60 0.1247
927.28 191.82 13.37 19.08 0.1233
925.08 270.61 15.88 24.04 0.1218
402.97 283.92 48.37 63.51 0.1203
367.20 354.66 60.39 71.23 0.1199
697.62 315.06 34.73 67.42 0.1186
852.49 270.18 15.92 25.87 0.1173
757.98 316.04 41.75 58.30 0.1160
882.13 420.90 36.94 57.71 0.1155
442.90 581.47 50.04 66.92 0.1147
551.52 442.04 56.24 72.10 0.1144
511.71 310.97 38.19 61.42 0.1137
889.10 220.24 12.58 16.60 0.1135
702.55 137.84 21.39 33.50 0.1134
328.85 369.51 42.71 49.02 0.1122
925.24 241.97 14.07 19.17 0.1121
231.07 375.43 31.19 36.86 0.1113
516.59 337.10 45.91 80.69 0.1108
736.55 616.03 25.78 56.89 0.1107
959.51 185.67 17.22 21.81 0.1106
484.77 470.60 46.20 62.02 0.1092
950.97 379.75 26.67 42.55 0.1091
545.51 380.27 49.20 76.73 0.1087
887.66 666.80 17.49 20.89 0.1085
703.79 351.27 32.06 45.78 0.1084
664.69 362.62 26.26 38.40 0.1076
887.02 243.57 14.07 18.85 0.1071
812.48 215.87 19.62 31.89 0.1071
701.25 65.88 23.01 46.13 0.1063
79.78 202.91 23.61 33.08 0.1061
618.15 316.39 34.69 62.04 0.1053
809.29 132.29 18.96 26.62 0.1048
337.23 294.41 19.65 24.26 0.1045
783.48 407.60 49.33 61.75 0.1045
282.44 407.47 68.48 86.50 0.1045
82.92 190.72 23.86 33.96 0.1040
891.23 192.28 13.18 16.18 0.1034
196.98 428.58 67.51 64.11 0.1033
734.42 339.06 36.21 54.58 0.1033
912.19 505.60 47.22 81.34 0.1033
1000.57 264.94 18.65 24.29 0.1026
924.94 282.59 19.76 31.08 0.1023
542.90 429.50 86.32 120.05 0.1010
596.42 235.81 36.29 50.18 0.1004
814.99 187.80 15.29 23.36 0.0998
663.91 342.48 25.68 41.72 0.0997
812.40 232.96 19.39 31.71 0.0990
270.79 161.95 65.90 63.48 0.0989
699.94 143.84 30.30 45.82 0.0978
923.24 670.30 16.49 20.38 0.0978
791.27 372.26 49.44 77.11 0.0978
854.00 218.62 14.13 19.82 0.0967
616.12 435.91 47.69 74.32 0.0962
372.61 276.31 35.59 46.29 0.0958
223.10 265.68 28.61 35.33 0.0953
778.08 122.23 22.89 34.80 0.0951
666.81 316.37 30.07 54.73 0.0942
2.88 293.44 87.97 93.22 0.0940
885.89 265.76 17.31 26.89 0.0928
259.90 273.21 22.15 26.13 0.0927
961.29 216.49 15.15 18.59 0.0925
479.71 467.99 101.53 128.82 0.0916
960.63 468.45 62.26 96.25 0.0898
371.74 231.67 33.01 46.49 0.0892
188.43 262.93 32.63 36.23 0.0884
571.05 403.97 53.50 77.52 0.0872
165.70 415.30 51.57 62.65 0.0863
961.67 245.29 15.47 19.73 0.0863
620.80 409.56 45.50 66.98 0.0859
700.39 229.37 33.36 44.10 0.0850
627.77 281.49 27.79 47.64 0.0836
665.59 281.57 32.84 44.88 0.0834
117.99 190.51 25.23 31.75 0.0833
773.01 153.32 24.80 35.76 0.0829
912.69 571.17 34.15 45.69 0.0824
956.36 694.37 23.29 30.60 0.0818
477.29 287.14 28.55 50.36 0.0813
94.30 341.44 46.84 68.53 0.0812
689.68 202.99 38.99 49.41 0.0805
882.43 522.26 56.35 86.20 0.0802
611.82 106.45 34.84 42.33 0.0794
307.88 364.69 78.47 98.53 0.0793
751.80 351.41 48.53 49.04 0.0790
999.31 214.14 15.58 21.34 0.0783
517.12 417.47 35.76 62.59 0.0778
591.58 112.07 47.14 69.03 0.0777
773.62 76.80 22.91 37.54 0.0775
478.11 382.53 34.06 54.50 0.0774
256.20 282.17 28.55 34.89 0.0764
424.29 275.27 45.98 64.14 0.0762
118.76 205.93 32.82 40.65 0.0759
575.25 69.59 44.74 44.81 0.0759
885.39 577.27 38.30 56.39 0.0758
957.02 167.30 19.62 21.62 0.0758
948.31 573.63 36.00 43.91 0.0755
4.32 208.22 21.80 39.20 0.0753
338.96 272.32 23.79 28.71 0.0748
987.71 706.41 27.96 33.89 0.0746
769.82 286.00 32.98 44.67 0.0744
956.16 264.44 20.63 24.38 0.0723
993.14 637.08 26.29 48.49 0.0723
842.25 660.52 32.26 38.08 0.0720
583.33 289.68 32.56 54.80 0.0715
996.14 662.59 23.24 45.09 0.0709
739.23 63.30 27.03 42.41 0.0707
312.89 416.40 76.09 116.54 0.0705
775.85 177.77 24.53 34.48 0.0703
588.00 92.94 37.52 46.20 0.0697
732.91 288.54 26.10 44.24 0.0691
736.18 40.34 31.06 45.66 0.0686
988.41 559.88 35.59 59.90 0.0685
954.21 288.42 24.63 29.81 0.0680
852.64 189.37 13.12 19.27 0.0678
897.00 372.59 44.82 60.20 0.0674
302.74 181.42 59.80 61.42 0.0673
473.16 438.48 48.82 84.77 0.0672
703.05 86.39 22.29 47.02 0.0668
695.18 167.46 39.13 59.72 0.0664
854.52 242.38 17.65 23.81 0.0662
805.49 109.75 23.14 34.32 0.0659
658.39 185.73 47.00 64.85 0.0654
243.22 15.54 52.86 50.79 0.0652
730.60 150.26 29.43 42.59 0.0651
262.16 117.49 94.52 96.00 0.0650
661.13 231.59 37.37 43.90 0.0649
722.48 259.04 33.55 41.51 0.0641
159.06 436.29 64.94 81.38 0.0636
984.85 368.02 39.15 77.04 0.0634
550.29 179.12 85.37 101.01 0.0632
929.84 166.87 12.81 17.35 0.0630
922.69 338.69 27.37 39.39 0.0627
107.77 299.44 33.87 49.59 0.0625
380.23 481.92 67.92 77.65 0.0622
226.61 244.63 30.79 33.87 0.0620
136.92 150.49 36.19 44.70 0.0619
883.15 284.79 22.76 35.60 0.0616
432.10 484.37 167.08 212.36 0.0615
303.40 273.62 18.32 23.95 0.0613
661.23 258.46 36.09 45.57 0.0609
336.34 658.05 90.47 81.22 0.0608
466.16 405.40 42.53 62.27 0.0607
911.29 609.95 26.20 28.12 0.0607
