2_Demonstration_Protesters_2_65
180
557.29 249.21 66.45 92.43 0.9062
737.27 216.22 70.84 101.03 0.7853
315.19 286.55 50.28 61.41 0.7507
173.25 276.32 39.36 51.70 0.6316
938.85 324.67 49.46 78.61 0.5311
267.54 283.01 39.91 56.42 0.4909
76.53 296.83 28.72 46.52 0.3703
297.42 282.89 45.66 65.22 0.3309
120.76 294.97 24.82 37.66 0.2765
2.06 293.66 32.18 58.72 0.2707
453.79 285.26 49.60 67.04 0.2675
154.82 296.43 36.23 45.01 0.2582
74.13 265.86 30.37 59.38 0.2546
861.40 325.05 42.02 46.75 0.2525
413.67 333.40 31.13 36.13 0.2272
633.34 1.79 21.91 22.42 0.2271
558.55 2.19 17.84 20.36 0.2188
980.28 356.69 39.13 68.26 0.2076
922.19 292.64 31.45 52.18 0.2072
873.95 350.06 39.89 48.67 0.1948
37.59 275.63 32.88 60.67 0.1930
908.64 341.85 59.83 81.56 0.1888
187.95 380.81 53.00 77.45 0.1820
595.13 0.00 21.12 20.79 0.1771
731.99 122.98 27.60 52.47 0.1767
510.35 235.44 46.94 103.36 0.1737
950.69 308.32 64.81 80.84 0.1675
607.96 72.11 69.41 112.10 0.1618
463.87 404.37 36.90 43.55 0.1585
521.31 2.15 18.43 19.38 0.1553
842.83 349.00 41.58 49.66 0.1545
71.03 241.00 29.80 54.68 0.1533
699.65 29.25 24.74 35.56 0.1498
546.35 206.70 59.08 83.64 0.1492
442.27 304.27 41.24 61.75 0.1479
661.56 0.00 22.16 21.07 0.1436
111.80 315.50 34.26 55.64 0.1434
153.33 327.71 30.55 44.41 0.1429
919.21 264.56 26.28 35.00 0.1418
488.16 3.10 14.77 17.53 0.1385
941.43 290.33 46.30 58.70 0.1356
986.02 281.52 30.93 40.98 0.1352
685.98 212.55 85.53 128.55 0.1347
694.12 41.90 29.95 43.23 0.1336
110.89 267.25 30.76 59.98 0.1315
801.22 354.64 66.46 64.62 0.1271
147.18 341.20 37.46 58.14 0.1268
339.69 300.82 52.01 48.75 0.1262
249.87 244.36 35.82 53.74 0.1254
112.46 348.98 42.25 71.67 0.1239
891.22 368.84 60.97 85.48 0.1236
1.57 223.37 32.75 51.86 0.1232
766.97 356.58 56.08 53.64 0.1228
679.78 317.84 51.98 76.87 0.1208
30.52 226.41 47.26 66.27 0.1207
3.38 262.20 29.72 52.82 0.1206
12.98 169.26 51.44 78.53 0.1203
520.68 24.40 19.99 22.49 0.1178
860.56 380.29 62.11 76.82 0.1156
685.76 34.24 42.30 81.89 0.1137
946.30 360.77 52.61 80.38 0.1134
229.15 262.28 28.76 42.54 0.1094
923.78 251.18 19.85 27.33 0.1092
615.99 58.50 40.12 58.98 0.1092
651.56 255.20 92.47 122.10 0.1088
559.05 21.73 18.40 24.85 0.1085
229.44 314.57 28.37 36.91 0.1070
176.73 355.00 45.75 65.79 0.1069
486.91 23.27 16.75 22.12 0.1069
254.11 399.93 34.88 54.31 0.1061
991.30 268.33 23.10 34.06 0.1053
652.06 327.76 66.65 89.47 0.1050
568.86 197.40 81.57 110.44 0.1037
724.70 85.99 34.96 73.05 0.1035
32.80 299.09 40.02 68.73 0.1011
595.71 24.11 21.80 28.23 0.1006
223.30 334.50 34.99 43.84 0.0991
629.85 17.01 26.31 34.74 0.0978
215.14 345.60 50.22 63.70 0.0960
658.95 23.92 25.78 31.56 0.0949
190.51 246.63 29.03 41.18 0.0937
641.64 353.73 65.67 100.47 0.0932
553.06 82.39 41.69 58.70 0.0930
351.50 323.01 40.43 43.88 0.0927
482.75 232.43 44.12 54.02 0.0925
704.12 0.00 20.98 19.53 0.0922
726.96 278.77 51.50 66.59 0.0903
489.78 305.43 60.44 76.78 0.0880
191.78 601.33 45.05 67.51 0.0866
546.75 107.40 63.14 82.12 0.0864
824.79 390.93 57.18 62.64 0.0858
411.05 510.02 22.44 34.48 0.0854
958.01 498.30 28.48 47.54 0.0848
446.80 388.16 46.08 57.82 0.0847
833.26 407.37 89.55 113.84 0.0843
886.04 440.77 58.48 87.89 0.0834
817.52 529.23 54.18 70.66 0.0830
133.22 350.54 64.97 92.69 0.0828
444.40 346.76 38.62 52.12 0.0823
222.03 242.34 24.22 35.25 0.0822
642.12 50.98 48.87 81.60 0.0818
118.03 247.38 26.81 40.97 0.0808
496.24 206.52 52.48 71.45 0.0806
579.86 368.68 99.19 100.07 0.0802
954.63 271.40 28.14 30.45 0.0802
721.87 57.23 35.24 60.61 0.0801
703.56 542.32 86.07 96.51 0.0797
282.26 230.22 45.67 63.75 0.0778
1.84 88.89 56.57 125.70 0.0775
588.47 45.08 44.14 66.89 0.0773
841.23 490.51 53.39 90.77 0.0769
581.37 142.78 73.73 110.50 0.0760
224.84 280.57 32.85 54.00 0.0753
251.82 434.86 50.68 69.24 0.0749
62.56 205.01 35.85 53.11 0.0725
545.45 380.16 53.66 69.49 0.0725
881.51 524.96 34.53 54.16 0.0724
326.62 268.94 63.21 66.88 0.0720
516.98 39.26 24.70 34.86 0.0718
545.39 156.48 82.29 120.37 0.0718
151.80 247.97 24.82 44.33 0.0716
548.39 58.62 36.85 56.18 0.0713
469.16 348.64 39.29 53.69 0.0711
217.85 429.18 35.39 55.92 0.0709
180.29 333.22 37.22 48.16 0.0708
625.01 43.45 25.66 37.52 0.0707
951.70 454.23 35.51 51.85 0.0707
811.78 337.18 62.45 55.55 0.0706
869.70 469.85 53.04 93.22 0.0705
138.40 360.91 96.24 118.24 0.0703
115.39 385.92 34.14 60.96 0.0702
482.14 44.82 27.37 36.92 0.0663
592.32 40.33 24.68 40.19 0.0662
219.93 222.85 24.28 28.12 0.0658
880.07 292.59 31.15 57.85 0.0658
397.57 415.87 46.09 80.75 0.0651
998.57 247.17 16.84 24.01 0.0648
713.38 339.74 51.46 65.98 0.0648
496.22 409.78 41.14 41.72 0.0646
789.18 263.97 42.65 59.95 0.0627
149.22 593.40 29.48 47.65 0.0618
670.94 66.11 60.48 118.93 0.0611
360.06 352.16 34.75 45.02 0.0608
330.78 346.30 34.90 48.83 0.0607
543.00 457.17 168.69 177.63 0.0597
484.64 427.86 52.58 54.21 0.0597
404.17 289.43 38.66 52.03 0.0596
512.78 80.93 32.43 43.19 0.0591
551.41 38.70 27.84 44.39 0.0591
499.06 337.65 45.21 60.34 0.0590
669.42 366.34 59.31 84.49 0.0590
948.75 428.50 44.53 62.15 0.0588
650.88 194.27 77.45 118.46 0.0583
263.97 533.89 26.77 35.17 0.0578
255.88 336.94 50.61 63.96 0.0576
52.59 85.11 49.78 70.48 0.0575
516.43 134.04 25.99 40.20 0.0564
890.41 513.36 58.20 73.71 0.0563
975.87 506.01 38.70 66.58 0.0562
27.46 102.05 41.33 69.23 0.0562
9.40 599.14 87.10 78.35 0.0561
753.23 52.93 47.84 54.94 0.0560
483.28 211.87 29.77 41.86 0.0552
254.85 463.74 60.85 80.30 0.0551
724.39 586.50 108.68 94.11 0.0532
23.72 331.07 77.89 125.69 0.0531
246.55 208.39 42.36 50.21 0.0531
509.08 59.09 37.94 49.35 0.0530
147.94 77.63 43.34 75.05 0.0526
148.10 530.85 44.88 62.47 0.0524
847.49 291.81 42.15 64.20 0.0522
322.86 402.77 33.33 38.81 0.0521
797.07 387.17 61.14 60.60 0.0520
298.08 401.87 37.81 48.12 0.0518
339.45 20.53 19.65 24.67 0.0508
590.67 289.19 88.31 112.07 0.0507
517.67 119.60 25.37 33.31 0.0506
0.00 54.45 28.52 63.95 0.0505
657.12 36.33 32.33 45.16 0.0505
0.00 332.89 45.24 105.93 0.0504
