2_Demonstration_Demonstration_Or_Protest_2_615
122
114.64 254.29 34.91 35.56 0.6570
39.48 251.36 30.63 32.16 0.6069
432.81 251.93 32.84 34.04 0.5880
946.69 243.79 35.89 37.33 0.5574
474.25 223.72 41.96 39.90 0.4413
504.08 274.42 39.44 34.10 0.4093
558.00 242.40 35.48 29.10 0.3848
7.41 272.41 26.70 32.17 0.3668
884.97 245.91 35.65 37.42 0.3573
182.23 248.20 33.00 33.68 0.3416
920.47 243.86 30.83 35.08 0.3082
222.47 241.12 24.96 25.63 0.3065
549.73 248.47 34.73 35.57 0.3025
839.72 257.17 27.16 29.91 0.2859
268.40 257.46 24.93 23.62 0.2822
323.51 164.34 43.30 41.80 0.2714
292.09 224.06 25.51 24.65 0.2681
441.58 214.05 27.07 28.53 0.2643
484.42 257.95 45.48 35.51 0.2557
589.31 253.68 40.96 37.81 0.2542
512.84 233.66 33.24 28.86 0.2479
335.24 241.78 21.17 22.72 0.2443
446.16 200.83 23.62 25.70 0.2406
619.71 255.84 36.24 34.80 0.2392
217.30 249.81 32.38 34.65 0.2351
593.20 264.81 47.61 41.73 0.2335
378.16 238.40 26.51 26.94 0.2306
409.55 243.14 33.78 37.30 0.2226
768.37 261.24 25.71 26.44 0.2170
408.86 197.50 21.33 23.48 0.2038
140.20 256.10 33.36 32.36 0.2014
376.65 211.85 25.29 29.86 0.1997
268.29 245.20 27.81 24.34 0.1994
476.52 199.32 41.57 41.65 0.1985
361.43 271.67 30.84 32.49 0.1889
651.92 265.87 31.60 25.65 0.1863
284.48 251.07 33.55 30.86 0.1850
810.69 257.97 27.76 31.28 0.1843
339.71 257.38 25.70 31.57 0.1830
413.48 256.94 37.94 38.13 0.1812
529.57 277.93 45.64 32.11 0.1808
500.66 217.79 41.81 38.13 0.1803
703.82 268.72 20.82 24.35 0.1803
375.10 194.94 27.44 33.28 0.1793
739.72 264.61 26.12 24.06 0.1764
405.06 215.59 29.65 28.87 0.1631
994.53 247.65 29.47 37.24 0.1624
6.84 241.76 25.69 33.92 0.1606
872.68 267.64 35.66 35.70 0.1527
374.16 170.27 28.03 36.22 0.1518
552.63 221.97 36.79 35.43 0.1473
303.49 191.24 34.38 30.29 0.1470
333.90 219.47 25.61 29.28 0.1469
807.68 240.64 27.96 37.26 0.1448
70.33 316.04 30.65 31.28 0.1411
192.00 226.44 34.91 38.57 0.1365
8.36 223.36 24.12 28.75 0.1364
340.82 270.56 38.49 35.05 0.1350
29.86 221.12 32.73 29.51 0.1346
996.68 220.23 21.04 28.84 0.1319
475.19 171.13 28.32 26.65 0.1284
704.45 277.49 26.39 23.35 0.1253
844.75 270.74 29.84 34.91 0.1240
488.35 197.19 50.35 36.03 0.1218
805.12 213.76 26.38 32.98 0.1203
771.97 240.87 26.46 34.42 0.1193
654.47 245.66 32.76 35.99 0.1119
848.63 222.38 22.89 32.56 0.1117
364.56 149.55 34.79 48.05 0.1076
79.54 262.52 28.03 26.89 0.1063
911.09 273.43 40.65 36.37 0.1026
778.58 214.98 27.29 33.32 0.1014
877.46 223.43 29.96 39.49 0.0998
77.57 245.00 30.12 27.19 0.0995
403.06 173.47 27.99 32.16 0.0979
267.37 223.21 29.36 22.60 0.0942
811.05 195.08 25.25 36.02 0.0911
483.69 158.22 22.52 23.37 0.0898
447.15 175.63 28.28 32.07 0.0897
184.27 245.70 51.18 56.36 0.0884
364.90 104.83 34.16 34.53 0.0883
280.03 265.50 54.60 48.09 0.0874
212.23 261.70 41.22 42.25 0.0870
550.13 201.35 27.72 29.56 0.0848
5.69 282.22 25.10 46.96 0.0837
849.32 293.55 32.95 37.68 0.0821
806.23 173.10 30.36 34.14 0.0815
699.98 246.58 21.98 25.05 0.0783
918.40 288.80 37.33 42.56 0.0770
431.94 148.81 31.57 27.05 0.0766
989.82 304.06 34.18 56.84 0.0763
48.01 136.95 12.82 10.56 0.0761
48.12 313.82 35.37 37.08 0.0756
738.29 243.62 35.17 36.45 0.0746
364.19 123.94 40.28 52.79 0.0745
988.77 272.42 34.28 41.86 0.0718
137.10 290.33 337.13 169.80 0.0713
1.91 409.28 25.41 52.74 0.0712
410.41 152.39 31.61 32.53 0.0709
333.33 92.37 38.88 43.63 0.0709
311.65 128.38 59.95 74.34 0.0695
257.39 258.61 52.46 47.69 0.0684
8.27 203.15 20.07 23.13 0.0677
77.03 283.30 28.23 28.49 0.0675
116.68 225.12 26.81 35.04 0.0657
521.56 116.28 18.82 17.45 0.0647
512.40 262.61 91.15 69.10 0.0636
223.96 250.59 174.69 127.92 0.0629
515.05 154.90 25.72 20.08 0.0606
961.01 171.97 26.92 29.04 0.0596
504.86 173.97 35.55 29.03 0.0587
835.57 193.37 31.16 32.33 0.0583
862.53 290.50 41.96 40.21 0.0576
898.63 132.46 48.87 53.79 0.0567
657.17 219.40 30.84 24.36 0.0560
957.86 190.07 25.50 30.93 0.0559
147.78 592.61 39.37 22.39 0.0553
34.22 203.99 28.71 22.33 0.0545
47.34 116.98 12.22 11.17 0.0539
436.68 135.18 28.62 29.86 0.0538
952.09 294.97 46.50 47.81 0.0518
858.49 130.54 73.68 59.31 0.0518
