2_Demonstration_Demonstrators_2_518
200
945.50 424.88 48.47 72.04 0.7995
387.75 150.36 49.74 47.54 0.6735
549.27 146.00 30.63 36.30 0.5978
834.43 82.04 33.84 45.29 0.5613
218.33 196.51 45.83 54.54 0.5375
321.20 166.90 49.29 56.49 0.5275
676.55 145.36 42.17 43.79 0.4571
970.20 254.29 52.49 69.16 0.4505
77.91 256.03 71.09 78.00 0.4347
733.85 126.43 41.43 46.19 0.4315
914.54 59.31 33.45 39.72 0.3963
477.08 156.26 43.51 42.99 0.3657
741.58 242.36 69.45 90.26 0.3427
189.56 302.04 37.21 45.18 0.3401
191.60 2.33 35.41 31.28 0.3385
755.56 52.27 33.83 41.28 0.3342
619.98 143.74 29.88 33.96 0.3310
613.07 435.93 48.14 50.51 0.3250
836.13 242.69 42.27 59.32 0.2753
922.57 225.19 28.76 42.66 0.2355
486.99 0.28 36.41 35.37 0.1974
585.33 117.62 36.27 53.28 0.1843
740.28 82.24 40.02 41.93 0.1804
942.43 52.01 33.20 38.68 0.1768
787.06 228.27 56.44 86.38 0.1754
118.96 271.40 71.27 82.09 0.1729
519.08 66.92 48.79 63.36 0.1637
109.24 497.09 74.32 112.80 0.1596
175.53 460.32 104.95 164.59 0.1571
864.16 253.00 39.14 48.55 0.1511
191.36 200.11 68.24 74.40 0.1477
474.18 157.06 68.15 69.91 0.1468
351.01 254.31 64.17 118.97 0.1465
807.77 86.32 41.15 58.08 0.1458
365.45 148.67 54.25 68.98 0.1444
655.98 419.68 40.92 49.98 0.1429
458.63 611.58 65.74 55.36 0.1423
430.05 143.36 44.32 56.72 0.1407
365.85 240.05 36.96 60.24 0.1391
340.56 571.95 65.39 67.41 0.1385
504.41 145.06 38.50 50.67 0.1380
997.73 71.11 23.72 41.01 0.1371
995.70 115.78 25.55 46.64 0.1366
657.72 174.07 39.92 56.85 0.1356
514.97 110.88 34.65 54.21 0.1353
62.47 512.96 71.32 92.98 0.1333
769.24 298.27 64.43 84.02 0.1329
593.73 409.08 62.16 65.98 0.1318
231.16 203.15 54.89 67.82 0.1310
290.85 280.03 39.68 54.70 0.1295
490.13 611.98 54.58 46.98 0.1283
645.74 204.37 40.20 56.25 0.1276
919.47 25.51 38.33 58.99 0.1272
749.52 65.95 44.84 54.13 0.1228
592.34 560.96 32.35 50.18 0.1212
182.80 240.79 65.47 74.94 0.1203
916.31 114.49 25.27 35.65 0.1202
843.38 197.56 51.85 75.64 0.1183
669.18 149.58 56.98 76.84 0.1171
442.01 177.77 42.38 53.65 0.1169
186.43 30.39 46.76 56.51 0.1155
188.13 467.27 66.85 93.38 0.1155
300.19 176.33 56.42 69.18 0.1142
171.49 77.50 38.27 49.16 0.1130
327.37 260.17 61.32 98.68 0.1126
438.90 407.62 40.33 46.64 0.1126
673.82 406.32 61.28 50.77 0.1117
142.53 295.62 63.69 73.06 0.1109
848.89 178.05 40.51 52.08 0.1102
185.31 294.83 65.52 79.83 0.1095
533.58 181.13 47.02 57.74 0.1090
972.10 364.53 46.85 80.18 0.1086
876.64 273.84 30.55 41.19 0.1082
403.48 224.85 40.85 63.83 0.1078
34.95 505.56 65.20 93.40 0.1076
536.87 204.42 37.27 49.62 0.1074
522.71 259.87 29.92 39.43 0.1074
23.72 570.74 57.17 78.26 0.1064
223.74 520.01 94.58 141.55 0.1061
788.37 409.67 52.80 69.00 0.1060
129.17 409.30 79.00 105.27 0.1055
996.96 175.05 27.04 54.83 0.1045
321.75 424.08 35.53 50.91 0.1044
367.79 441.68 30.17 45.86 0.1036
405.90 406.43 28.65 40.73 0.1036
283.69 444.08 39.60 75.20 0.1031
628.78 554.08 40.56 64.09 0.1030
742.70 142.29 58.13 66.77 0.1026
770.13 430.16 53.72 78.09 0.1015
108.92 233.19 73.70 79.62 0.1001
516.82 229.65 42.32 54.04 0.0998
509.31 412.25 34.52 49.07 0.0998
0.00 398.78 33.81 73.68 0.0997
993.74 139.92 30.26 71.82 0.0997
802.34 129.35 32.64 44.93 0.0988
2.98 44.63 19.78 33.76 0.0974
804.42 432.22 69.07 112.33 0.0961
953.00 115.34 37.49 41.83 0.0960
51.98 262.47 65.02 64.92 0.0957
251.65 243.14 54.36 75.38 0.0950
188.85 0.00 57.32 59.79 0.0948
507.17 185.60 54.11 79.44 0.0945
203.78 433.71 93.07 114.22 0.0929
2.91 517.05 48.37 73.97 0.0924
987.21 332.14 35.37 65.10 0.0923
954.98 91.19 32.51 39.26 0.0918
413.17 0.13 32.32 32.84 0.0895
574.26 142.46 46.47 55.15 0.0895
292.78 430.09 45.92 67.04 0.0893
192.90 171.91 44.90 52.95 0.0886
653.00 215.17 40.38 74.91 0.0883
174.52 443.67 62.70 86.25 0.0880
94.72 284.38 61.46 84.87 0.0879
166.55 90.79 46.13 66.29 0.0878
616.25 421.17 83.51 77.79 0.0878
718.69 277.98 84.68 111.65 0.0877
890.74 592.41 16.52 18.84 0.0877
731.93 655.94 38.47 29.06 0.0876
3.02 117.30 35.06 87.34 0.0875
841.54 144.72 35.17 50.99 0.0867
244.46 169.71 45.62 54.48 0.0866
348.62 17.35 45.77 70.90 0.0865
948.91 211.44 39.89 54.67 0.0861
625.34 174.64 37.52 54.82 0.0850
914.27 238.81 43.70 60.87 0.0850
948.66 180.42 37.07 53.31 0.0849
884.73 134.74 35.26 47.54 0.0844
47.26 404.13 71.36 100.90 0.0838
643.94 260.60 46.01 79.81 0.0834
587.48 369.17 55.30 66.59 0.0832
881.80 111.26 33.36 42.92 0.0817
876.48 86.76 38.18 45.00 0.0810
959.73 586.80 19.02 22.37 0.0808
695.70 376.31 71.51 72.21 0.0804
913.96 361.67 55.83 111.27 0.0799
919.86 587.71 19.87 18.78 0.0798
255.66 564.40 63.48 84.74 0.0789
439.30 165.48 81.57 105.46 0.0788
259.71 277.96 46.15 58.80 0.0784
991.59 45.54 30.22 50.52 0.0781
178.27 131.53 38.70 41.96 0.0780
551.77 429.47 36.19 40.59 0.0777
122.82 499.59 153.40 185.41 0.0772
904.19 187.44 44.92 69.63 0.0769
285.64 220.50 51.49 76.79 0.0761
540.16 226.30 34.11 46.28 0.0760
678.97 214.52 62.76 90.90 0.0757
411.87 0.75 43.51 59.94 0.0754
419.98 190.21 65.42 111.90 0.0749
692.82 312.00 88.75 109.31 0.0744
414.49 248.33 77.82 129.34 0.0740
630.84 587.60 33.15 49.08 0.0739
200.42 575.40 102.21 109.60 0.0738
293.39 315.58 44.09 70.18 0.0727
882.29 59.83 50.26 50.93 0.0726
7.27 581.91 50.98 76.11 0.0722
0.00 446.19 29.53 54.62 0.0719
544.58 262.70 29.81 42.92 0.0717
385.31 246.63 62.02 108.41 0.0710
905.66 122.47 36.42 52.06 0.0706
764.45 391.99 59.35 77.82 0.0702
468.39 589.00 39.89 30.18 0.0702
478.26 311.86 36.90 64.18 0.0697
896.43 331.13 61.68 103.19 0.0693
691.34 406.56 83.10 88.86 0.0681
754.04 163.11 58.48 97.20 0.0681
404.86 418.26 36.79 52.78 0.0676
714.52 158.66 73.62 101.03 0.0670
357.97 557.89 70.21 65.44 0.0668
426.68 28.69 51.88 79.45 0.0663
471.68 69.27 52.80 68.61 0.0661
803.55 171.24 40.98 75.90 0.0655
321.87 297.33 52.57 83.95 0.0648
72.93 385.51 92.85 123.26 0.0648
644.32 413.38 97.77 94.20 0.0646
750.44 615.94 71.31 63.86 0.0645
876.92 335.57 49.70 87.18 0.0644
670.66 246.64 76.63 108.04 0.0641
956.59 612.49 21.21 22.74 0.0641
244.73 311.63 54.37 74.29 0.0640
996.42 561.09 18.42 30.04 0.0637
64.97 434.52 102.46 132.88 0.0634
260.17 477.94 60.68 92.57 0.0630
914.03 274.75 48.11 55.59 0.0628
135.35 210.33 52.06 55.23 0.0627
40.08 391.55 50.51 82.07 0.0618
617.78 494.34 52.09 54.91 0.0618
264.00 140.79 38.41 42.25 0.0618
468.05 41.05 48.81 72.43 0.0615
644.18 63.90 41.94 41.03 0.0613
831.18 307.53 50.35 60.47 0.0613
372.06 294.21 66.36 101.52 0.0612
293.84 356.85 34.77 46.43 0.0611
324.43 225.19 66.29 86.14 0.0611
986.55 12.66 34.63 48.20 0.0608
775.77 468.39 55.47 76.16 0.0607
550.08 278.59 30.82 42.15 0.0603
210.85 144.14 43.64 43.54 0.0603
741.60 27.65 53.60 69.61 0.0603
694.33 625.76 33.72 46.81 0.0603
