2_Demonstration_Protesters_2_561
200
332.73 305.53 28.68 31.56 0.5296
257.61 385.77 26.12 33.59 0.4663
694.79 314.28 25.07 32.91 0.4293
150.16 295.43 24.76 30.81 0.3881
888.28 190.60 18.31 25.40 0.3863
923.91 229.45 25.03 35.36 0.3667
255.17 288.92 25.71 26.94 0.3665
915.12 482.61 25.55 30.01 0.3651
378.57 394.15 22.55 25.82 0.3543
230.21 291.20 24.55 28.00 0.3517
486.59 126.82 19.21 23.72 0.3453
43.20 403.84 23.02 32.18 0.3370
7.55 380.39 24.26 37.43 0.3328
632.78 466.43 25.72 29.50 0.3294
806.23 491.12 22.10 23.13 0.3276
304.05 387.58 27.52 32.97 0.3268
704.56 481.26 18.74 23.76 0.3267
852.54 513.99 27.55 32.70 0.3219
182.35 355.79 28.65 33.23 0.3205
629.34 439.14 21.29 25.64 0.3138
37.51 386.83 26.09 35.92 0.3128
704.51 237.48 18.33 25.21 0.3125
488.51 482.58 21.83 24.62 0.3115
704.70 468.37 19.84 25.99 0.3111
341.45 442.82 19.74 26.35 0.3110
776.16 463.35 18.23 22.39 0.3077
769.22 223.57 26.05 29.88 0.3022
81.95 317.49 27.76 31.25 0.2983
777.23 407.04 17.15 25.71 0.2962
995.63 464.72 18.79 23.50 0.2945
742.88 464.56 19.19 22.52 0.2940
447.55 458.83 18.93 24.21 0.2939
3.71 402.54 23.15 36.61 0.2877
301.68 408.24 21.12 27.94 0.2825
104.28 378.77 30.63 37.30 0.2823
773.90 233.50 23.40 33.99 0.2792
84.61 486.90 23.91 29.11 0.2792
70.14 326.61 29.82 36.28 0.2782
378.15 317.88 23.80 26.74 0.2773
404.53 317.37 23.86 31.59 0.2765
815.24 266.74 18.34 23.13 0.2736
510.61 350.74 26.56 38.69 0.2731
83.72 296.45 21.72 23.97 0.2726
998.02 482.23 24.09 33.00 0.2724
921.31 470.33 19.68 30.06 0.2718
525.52 442.70 21.25 26.16 0.2713
195.17 77.88 26.17 33.99 0.2709
158.18 417.22 21.50 26.65 0.2700
8.83 249.12 17.95 27.75 0.2670
741.76 510.83 21.49 24.72 0.2664
42.74 298.06 18.68 22.49 0.2647
961.97 68.86 43.45 54.56 0.2637
38.06 312.08 24.30 28.66 0.2591
365.47 529.95 25.11 27.06 0.2580
766.68 525.87 23.80 27.63 0.2558
195.20 316.34 19.83 24.28 0.2517
223.05 308.52 29.42 34.84 0.2512
847.41 461.06 19.40 22.56 0.2499
37.88 369.08 29.10 40.47 0.2481
407.33 330.44 21.75 32.99 0.2458
332.99 98.63 20.47 30.23 0.2446
298.94 483.42 27.07 38.03 0.2442
484.06 318.80 25.87 31.42 0.2441
585.24 459.02 26.53 26.82 0.2422
999.05 504.56 23.85 31.29 0.2415
338.13 451.54 18.86 30.24 0.2405
853.69 348.55 16.31 27.77 0.2399
414.88 535.19 23.85 26.85 0.2384
191.46 344.97 23.44 32.24 0.2377
194.44 268.19 17.78 21.40 0.2377
669.32 268.30 23.93 26.68 0.2372
193.56 295.08 18.39 23.96 0.2369
409.73 293.97 21.02 25.77 0.2363
888.21 466.43 16.99 22.48 0.2358
546.36 554.82 23.61 23.23 0.2351
2.67 433.58 21.88 31.10 0.2347
851.80 491.42 23.56 29.16 0.2346
410.23 464.95 16.81 21.32 0.2339
108.51 410.72 31.96 38.20 0.2339
740.43 487.62 19.08 22.84 0.2338
118.77 294.61 18.67 20.69 0.2331
628.68 474.73 21.31 28.81 0.2328
549.97 294.19 25.00 30.29 0.2326
631.61 561.22 17.97 26.65 0.2322
547.71 136.67 25.45 31.04 0.2321
153.29 430.11 23.19 32.83 0.2319
596.37 489.94 19.11 18.92 0.2311
338.94 514.59 23.80 32.55 0.2299
888.00 486.37 17.32 22.95 0.2282
813.02 465.72 16.53 19.83 0.2272
589.10 440.15 26.29 27.74 0.2247
299.02 312.99 24.37 30.93 0.2231
407.87 389.71 19.85 24.53 0.2231
918.17 498.48 22.68 30.97 0.2220
119.24 270.43 16.92 19.20 0.2219
447.89 128.62 19.06 28.40 0.2217
958.91 533.61 21.28 30.46 0.2206
223.10 420.08 23.03 30.17 0.2199
846.17 415.22 18.50 21.01 0.2174
668.02 491.47 15.84 18.16 0.2161
741.61 442.71 19.52 23.25 0.2154
86.23 434.69 22.31 28.78 0.2149
850.24 442.50 17.19 21.04 0.2147
689.32 433.99 28.32 28.10 0.2147
688.63 419.41 29.15 29.82 0.2135
781.21 315.03 19.59 28.84 0.2133
410.24 367.66 20.22 26.98 0.2132
740.63 391.81 17.61 21.51 0.2128
671.46 427.15 31.62 32.79 0.2114
80.29 270.12 19.02 21.23 0.2102
996.50 528.83 22.58 34.11 0.2084
184.60 379.44 28.27 35.48 0.2083
157.89 388.74 24.79 31.11 0.2064
411.24 125.90 17.33 25.44 0.2050
84.31 407.81 27.43 37.71 0.2047
446.73 367.03 18.93 25.04 0.2047
551.84 491.34 19.77 17.24 0.2042
47.31 245.83 16.67 22.92 0.2038
445.38 287.99 21.12 27.46 0.2009
108.75 315.77 26.48 30.10 0.2002
117.68 201.01 21.07 20.33 0.1992
556.87 461.95 18.53 23.02 0.1982
633.37 544.21 17.87 25.86 0.1982
740.73 223.62 22.35 30.42 0.1979
9.85 319.72 20.31 26.40 0.1972
227.99 271.57 20.65 27.44 0.1971
331.53 389.42 25.45 31.08 0.1969
814.64 444.44 13.58 16.68 0.1968
408.81 484.36 19.11 23.96 0.1953
523.70 456.43 16.88 25.03 0.1948
927.91 615.39 25.82 31.74 0.1945
444.68 170.90 33.82 58.75 0.1945
631.23 419.90 19.23 26.15 0.1922
732.61 237.00 26.18 34.01 0.1915
293.79 90.36 26.62 34.12 0.1906
634.56 219.90 20.70 22.64 0.1894
86.71 387.51 34.63 38.24 0.1892
870.60 639.24 36.86 36.43 0.1891
290.72 495.23 29.07 38.18 0.1888
484.96 469.67 19.26 27.24 0.1888
917.74 418.45 18.69 19.61 0.1884
411.55 516.42 21.53 28.98 0.1874
117.05 245.00 19.20 23.39 0.1874
518.54 315.08 23.65 27.70 0.1871
960.02 487.81 21.43 28.56 0.1868
190.72 455.88 27.80 36.04 0.1866
299.79 463.49 25.19 33.83 0.1860
377.79 266.43 26.44 24.40 0.1858
663.28 393.07 18.82 21.01 0.1853
156.51 274.79 17.57 22.28 0.1852
191.01 110.43 44.12 50.57 0.1850
153.04 317.44 25.93 43.30 0.1847
78.41 243.02 21.20 24.51 0.1846
741.73 568.55 16.94 29.83 0.1846
411.88 444.13 17.67 23.94 0.1840
962.46 464.66 16.36 21.51 0.1839
590.41 415.91 21.58 25.80 0.1833
849.41 598.44 23.80 30.60 0.1833
702.08 540.85 21.55 26.68 0.1826
227.70 246.63 20.00 24.75 0.1800
850.46 264.12 21.18 28.34 0.1800
396.39 267.41 27.60 23.48 0.1782
260.75 301.48 27.03 35.90 0.1782
194.76 246.47 18.36 23.46 0.1780
819.08 391.05 17.11 21.89 0.1774
777.56 485.41 20.13 23.47 0.1771
773.27 585.93 20.56 22.38 0.1771
876.45 512.44 24.32 25.02 0.1767
486.25 331.69 32.10 40.72 0.1765
519.59 489.76 16.52 18.20 0.1763
79.96 362.30 29.57 37.34 0.1750
42.88 215.45 20.57 24.46 0.1749
153.58 237.89 19.95 25.72 0.1738
301.59 298.78 23.06 32.97 0.1738
338.33 411.75 22.60 28.99 0.1735
553.86 438.69 23.06 28.98 0.1731
805.44 499.98 25.06 31.34 0.1729
991.32 247.51 21.80 34.71 0.1729
375.78 486.14 18.82 22.37 0.1726
214.33 450.54 36.60 44.86 0.1722
46.14 269.84 16.67 21.68 0.1722
378.45 125.88 15.95 23.16 0.1719
738.54 414.10 19.61 22.60 0.1706
634.87 389.22 19.44 21.71 0.1694
594.24 392.17 16.85 21.16 0.1693
222.35 324.80 27.18 38.16 0.1691
815.33 369.06 15.52 22.44 0.1690
592.54 285.47 23.14 30.22 0.1674
305.17 371.65 29.66 33.06 0.1671
778.33 443.94 16.24 19.11 0.1671
7.73 329.24 23.69 34.25 0.1663
704.03 260.09 26.20 32.94 0.1651
9.41 295.09 17.26 20.82 0.1637
705.18 394.20 18.13 19.97 0.1630
79.64 222.39 22.29 25.94 0.1625
376.58 467.06 17.82 22.44 0.1625
44.74 332.41 25.86 34.33 0.1623
886.68 442.23 17.77 21.86 0.1619
631.51 236.99 20.91 29.94 0.1618
665.85 465.85 19.38 24.44 0.1617
