2_Demonstration_Protesters_2_1033
127
113.59 44.80 92.25 103.12 0.8938
318.14 210.33 45.00 56.57 0.7399
269.66 412.92 49.23 46.16 0.4506
364.12 275.59 28.98 36.02 0.4149
485.84 346.99 33.82 36.60 0.2968
622.58 175.36 37.43 54.89 0.2307
461.04 385.45 58.29 60.29 0.2159
411.97 478.97 87.53 62.38 0.2151
21.19 360.56 88.02 65.98 0.2017
413.41 320.02 33.80 40.15 0.1926
221.32 371.00 29.41 26.62 0.1890
691.56 181.07 58.58 86.34 0.1863
441.54 401.80 58.60 50.71 0.1829
295.83 218.38 56.21 69.56 0.1808
615.16 148.67 89.37 103.91 0.1756
73.91 35.23 56.02 98.37 0.1736
35.02 22.73 37.91 60.00 0.1715
0.40 19.02 38.07 68.59 0.1689
646.11 239.12 42.10 50.71 0.1678
415.65 404.20 34.27 32.88 0.1613
57.84 0.00 54.39 65.88 0.1569
881.98 406.77 40.36 28.16 0.1541
403.89 258.85 32.72 38.97 0.1521
219.66 407.57 108.43 115.35 0.1502
179.52 246.90 32.56 43.69 0.1385
591.15 181.90 46.23 50.88 0.1374
435.17 336.15 65.06 67.78 0.1316
838.66 243.45 29.36 30.85 0.1304
690.67 216.82 46.51 67.28 0.1282
439.02 434.54 67.21 56.45 0.1235
425.43 330.82 47.12 54.25 0.1220
200.39 455.55 99.91 88.47 0.1212
380.47 468.15 86.76 49.32 0.1198
122.18 231.96 57.47 38.53 0.1178
398.63 272.97 42.06 53.54 0.1160
224.82 401.20 68.94 61.33 0.1142
100.17 360.73 52.39 55.15 0.1121
138.37 374.10 40.03 48.49 0.1113
261.59 225.09 48.71 58.33 0.1089
375.24 472.55 100.81 97.61 0.1070
621.27 197.49 58.50 78.99 0.1060
339.25 277.66 46.78 48.75 0.1052
408.78 347.62 33.51 44.64 0.1015
151.29 386.05 45.00 51.98 0.1003
480.77 324.30 56.69 61.29 0.0993
503.09 407.04 38.03 38.09 0.0988
590.16 432.70 24.43 23.95 0.0987
811.47 224.90 22.28 27.97 0.0937
0.00 0.00 32.83 38.82 0.0885
551.38 414.61 21.45 22.49 0.0873
812.74 241.12 27.28 34.50 0.0870
585.75 210.55 42.56 44.55 0.0869
710.46 217.70 52.86 64.36 0.0869
251.01 270.94 39.04 44.47 0.0867
1.90 101.42 33.79 63.46 0.0865
84.00 214.48 42.89 31.25 0.0851
373.75 340.82 40.33 37.53 0.0843
362.13 303.21 44.92 56.75 0.0827
812.03 412.24 26.51 28.63 0.0825
656.20 141.76 76.93 100.73 0.0813
491.29 299.92 51.49 63.78 0.0802
844.62 410.44 28.63 28.03 0.0793
845.44 227.20 23.78 30.49 0.0781
101.44 337.45 42.87 41.66 0.0776
556.60 239.93 25.88 34.27 0.0776
513.41 448.48 41.71 46.85 0.0771
764.11 220.32 31.78 37.20 0.0757
339.75 230.00 51.25 46.91 0.0754
505.18 239.89 31.16 32.11 0.0743
260.67 83.12 41.11 45.89 0.0734
170.57 399.33 49.68 65.89 0.0726
364.50 458.60 64.33 45.10 0.0725
37.69 0.00 41.55 29.95 0.0711
845.58 393.80 30.12 35.95 0.0704
764.77 237.16 31.71 39.05 0.0699
0.00 62.27 30.02 56.77 0.0673
805.44 253.12 32.66 46.52 0.0669
319.69 69.17 61.27 57.32 0.0658
75.77 322.32 43.99 52.93 0.0656
327.70 343.06 31.54 35.08 0.0654
728.10 2.21 125.53 78.87 0.0654
771.76 257.83 27.71 38.33 0.0648
546.16 422.14 30.26 29.39 0.0642
556.82 223.16 34.23 42.04 0.0642
90.05 0.41 98.13 103.14 0.0638
295.28 179.20 54.48 79.52 0.0638
24.51 321.37 63.03 76.19 0.0628
308.18 431.96 79.38 66.84 0.0621
246.79 361.62 54.99 53.61 0.0619
335.29 312.75 34.24 42.80 0.0617
243.80 54.08 51.70 68.49 0.0616
79.31 279.57 39.60 37.43 0.0609
403.67 243.54 26.38 32.19 0.0606
329.12 354.34 35.55 42.58 0.0596
283.49 358.48 49.67 56.96 0.0589
167.55 227.37 44.05 49.41 0.0586
691.43 430.80 30.24 26.70 0.0577
279.73 485.87 60.23 70.85 0.0575
464.13 295.48 58.95 63.82 0.0574
296.13 413.85 69.92 57.86 0.0572
962.93 364.58 28.39 31.34 0.0571
986.63 349.21 35.37 48.40 0.0567
423.84 274.67 47.55 66.68 0.0560
892.94 410.78 48.07 41.29 0.0560
476.78 225.35 33.41 42.66 0.0559
829.54 240.70 41.32 64.55 0.0550
311.27 397.28 51.20 49.39 0.0546
451.23 0.00 282.73 271.99 0.0537
458.11 38.66 64.76 56.86 0.0537
118.64 163.03 39.94 46.16 0.0535
768.27 359.09 35.62 45.20 0.0533
307.02 494.42 77.13 81.58 0.0532
769.53 278.94 30.15 37.23 0.0530
630.50 349.36 35.64 50.58 0.0525
369.48 424.66 51.84 45.92 0.0522
232.98 482.91 61.59 72.63 0.0522
535.53 353.28 49.99 54.80 0.0518
630.77 388.51 23.95 39.32 0.0516
254.66 299.98 32.37 37.11 0.0514
552.16 318.74 50.08 61.63 0.0507
1.01 133.76 33.58 58.87 0.0504
654.52 323.54 55.65 65.48 0.0503
921.09 538.56 82.83 37.44 0.0502
529.46 446.53 47.71 37.61 0.0502
985.50 368.42 35.13 51.04 0.0500
757.66 200.09 40.29 43.17 0.0500
986.98 300.45 37.02 51.04 0.0500
