2_Demonstration_Protesters_2_268
181
70.90 204.64 45.20 61.03 0.7570
174.20 226.91 34.95 44.36 0.6882
835.14 218.19 47.91 46.45 0.5950
984.53 245.60 36.24 44.14 0.5246
211.46 297.37 35.17 39.87 0.4306
410.45 292.49 25.45 31.28 0.4115
286.69 245.48 28.50 34.60 0.3899
290.40 308.11 26.27 31.41 0.3745
401.87 244.86 25.89 29.10 0.3362
230.99 237.99 30.18 32.79 0.3253
772.87 218.13 26.83 31.87 0.3241
705.14 241.49 19.60 23.19 0.3133
690.29 187.61 25.90 32.28 0.3120
337.86 224.44 18.24 19.29 0.3024
596.05 222.33 18.96 23.82 0.3001
264.69 254.28 33.23 36.41 0.2961
524.21 265.04 24.63 23.26 0.2860
657.02 236.37 23.47 24.44 0.2762
294.57 222.56 23.10 22.48 0.2734
337.07 270.25 18.40 22.68 0.2731
411.87 196.84 13.94 15.41 0.2717
811.39 296.46 76.15 88.83 0.2700
739.44 223.70 26.09 30.55 0.2667
378.53 247.27 24.72 28.64 0.2652
401.52 254.34 30.68 40.35 0.2633
262.89 196.83 19.68 21.82 0.2577
546.61 261.13 23.31 23.99 0.2550
556.06 251.87 15.54 19.99 0.2521
483.38 224.88 17.26 18.20 0.2497
337.96 242.04 20.23 24.76 0.2440
550.36 313.86 25.46 27.90 0.2433
594.80 232.47 19.66 28.02 0.2396
515.83 315.00 23.98 26.13 0.2323
694.08 211.72 27.87 33.32 0.2248
487.86 294.53 22.49 27.68 0.2153
450.65 243.80 15.00 21.53 0.2149
377.56 226.14 16.64 17.25 0.2132
450.16 225.25 14.00 15.93 0.2129
265.03 219.88 25.63 32.88 0.2062
521.58 249.57 19.09 21.73 0.2053
303.56 201.43 14.65 19.00 0.1990
269.08 312.49 37.54 32.73 0.1984
484.37 243.21 18.94 20.77 0.1904
900.57 267.66 42.28 45.90 0.1893
335.11 287.92 21.97 27.10 0.1893
945.27 330.54 53.51 74.96 0.1866
485.72 270.56 19.76 24.00 0.1839
449.36 197.69 13.60 15.45 0.1820
339.86 201.21 15.39 15.60 0.1801
856.11 283.62 65.87 76.66 0.1797
335.24 313.73 21.86 26.35 0.1788
626.73 272.15 20.68 21.47 0.1781
373.76 315.60 23.00 26.84 0.1740
521.11 222.48 18.91 21.32 0.1731
379.28 200.11 13.86 13.10 0.1725
515.15 290.98 25.83 30.82 0.1722
633.60 244.55 17.87 20.08 0.1722
868.61 257.64 49.43 60.68 0.1701
446.10 266.80 20.10 26.59 0.1696
809.12 165.39 55.06 53.31 0.1679
812.28 186.73 61.66 52.83 0.1650
411.81 226.24 17.44 18.60 0.1629
508.51 332.74 29.24 31.23 0.1619
264.19 284.71 29.52 39.63 0.1617
7.12 239.00 26.26 34.13 0.1614
833.64 166.53 50.80 66.31 0.1591
488.54 310.46 28.15 33.68 0.1583
224.85 257.07 31.59 35.98 0.1544
557.43 223.82 16.17 18.93 0.1534
999.23 157.72 22.58 35.07 0.1473
957.88 222.83 28.97 31.15 0.1468
863.23 321.37 52.77 77.08 0.1437
847.80 226.23 56.95 45.22 0.1427
914.01 165.87 24.55 28.46 0.1413
32.78 233.72 38.24 45.45 0.1409
523.18 194.27 20.60 21.66 0.1404
953.47 363.24 40.71 65.06 0.1400
999.26 185.95 22.23 30.97 0.1370
374.51 289.33 28.34 34.79 0.1365
704.28 265.58 19.78 25.66 0.1341
595.43 270.37 20.23 20.28 0.1340
593.31 200.23 19.58 23.94 0.1286
812.95 229.10 71.25 75.84 0.1282
960.20 238.95 40.90 52.51 0.1276
488.10 329.08 31.20 35.24 0.1272
914.17 239.72 34.45 35.56 0.1253
630.80 223.65 19.21 24.24 0.1226
966.91 316.06 53.06 81.04 0.1225
553.09 294.23 25.47 39.05 0.1221
910.61 336.66 64.91 72.92 0.1185
440.51 287.93 24.00 30.86 0.1175
0.12 213.43 25.50 42.26 0.1161
879.55 126.70 25.66 24.71 0.1140
287.46 317.88 32.27 42.86 0.1138
847.83 125.49 36.90 28.10 0.1132
913.80 126.90 26.04 32.34 0.1115
157.05 196.50 30.70 30.97 0.1088
551.88 193.79 23.26 26.43 0.1081
999.32 119.35 17.26 28.40 0.1065
439.93 311.70 28.34 34.68 0.1056
227.81 195.23 27.34 30.87 0.1052
911.01 142.88 29.10 35.58 0.1043
484.94 201.93 17.97 18.49 0.1034
266.80 327.90 27.72 36.55 0.1030
918.28 221.66 31.72 36.82 0.0993
842.88 133.88 47.88 39.26 0.0987
184.01 201.18 32.71 49.04 0.0945
905.34 365.61 66.33 84.13 0.0903
5.20 632.00 90.42 45.37 0.0892
286.83 346.12 35.58 49.20 0.0889
652.66 307.81 32.72 39.25 0.0882
522.92 175.94 23.52 23.99 0.0882
305.04 177.14 12.54 12.82 0.0879
621.71 281.70 31.52 35.80 0.0873
265.81 177.61 15.75 16.60 0.0848
227.21 174.13 20.25 19.32 0.0847
953.25 271.76 50.41 53.94 0.0847
578.61 167.12 29.11 25.65 0.0834
266.93 347.35 26.37 41.34 0.0816
369.15 328.66 27.98 37.14 0.0815
879.30 374.61 40.85 72.23 0.0810
811.62 140.12 66.51 47.08 0.0808
588.63 284.86 28.51 34.96 0.0804
963.39 557.94 11.97 20.55 0.0800
987.27 360.15 33.95 66.27 0.0796
113.63 419.78 137.44 256.47 0.0794
550.17 171.03 25.81 27.40 0.0780
335.00 386.86 21.45 35.57 0.0772
338.43 361.22 22.13 35.53 0.0771
217.97 353.28 33.01 45.08 0.0769
378.95 177.96 14.59 13.13 0.0769
506.55 357.78 32.37 37.34 0.0752
159.12 237.14 46.00 49.58 0.0747
663.00 265.38 23.33 29.27 0.0747
75.92 230.05 57.88 43.99 0.0745
337.08 336.07 25.62 34.10 0.0740
586.12 306.55 44.35 44.07 0.0733
902.14 299.04 51.46 68.57 0.0724
413.81 180.42 16.16 16.95 0.0721
999.81 97.30 16.89 29.65 0.0721
659.76 293.79 25.46 36.17 0.0699
46.15 202.99 51.45 63.99 0.0698
601.26 303.27 61.38 60.59 0.0690
407.70 332.64 29.44 45.79 0.0671
756.97 231.65 61.50 77.52 0.0670
699.93 272.97 26.37 40.15 0.0669
735.43 257.19 32.93 42.00 0.0667
445.35 179.08 18.39 14.77 0.0664
553.46 149.25 22.44 21.88 0.0660
163.70 432.42 125.88 189.91 0.0655
796.21 488.54 31.00 43.03 0.0648
340.57 177.17 15.12 14.05 0.0645
98.42 254.13 44.17 41.63 0.0626
920.34 185.77 22.89 30.90 0.0625
760.41 497.73 45.78 93.23 0.0614
960.15 543.73 13.56 20.70 0.0611
180.64 288.89 64.40 84.07 0.0601
813.03 117.22 43.00 43.61 0.0598
881.84 406.70 34.46 59.53 0.0597
735.13 281.11 42.08 58.11 0.0594
749.77 268.21 76.52 103.30 0.0592
954.68 490.31 21.25 30.66 0.0588
581.21 316.55 58.47 66.08 0.0586
834.81 362.20 41.89 54.04 0.0586
951.78 410.54 41.17 63.29 0.0584
975.66 651.94 42.74 31.06 0.0581
871.79 130.39 36.44 43.82 0.0578
738.41 546.41 37.38 48.04 0.0575
114.80 301.44 89.72 96.41 0.0563
846.88 187.97 56.57 52.14 0.0554
998.98 584.25 18.31 28.57 0.0550
990.26 637.29 29.72 35.24 0.0549
863.97 153.41 45.85 60.69 0.0545
433.92 324.09 37.19 48.79 0.0538
83.95 374.26 29.87 44.31 0.0533
409.73 356.20 27.31 44.12 0.0532
949.12 126.19 26.36 26.39 0.0524
650.14 309.45 43.02 70.49 0.0521
368.97 357.58 29.59 38.06 0.0516
118.11 170.77 25.94 25.95 0.0516
625.89 503.88 23.88 37.60 0.0503
