59_peopledrivingcar_peopledrivingcar_59_789
85
262.99 250.20 248.28 283.18 0.7535
298.98 166.55 58.04 57.55 0.2528
333.85 160.34 37.29 45.88 0.2335
282.76 183.42 94.43 86.21 0.2008
502.41 808.16 72.83 72.84 0.2005
498.01 189.43 80.36 103.24 0.1960
438.95 696.85 41.78 65.96 0.1701
245.49 188.34 47.81 57.30 0.1589
138.02 721.30 82.35 138.76 0.1569
175.28 688.16 118.80 156.90 0.1521
495.57 686.37 62.41 65.91 0.1466
547.52 692.38 48.12 57.09 0.1446
240.90 177.36 81.19 92.07 0.1442
396.80 112.26 44.75 49.36 0.1383
259.66 204.40 144.19 179.91 0.1382
452.69 692.57 62.49 83.13 0.1359
409.45 692.84 39.94 51.70 0.1351
433.94 129.58 97.73 83.34 0.1319
334.55 131.24 28.06 43.07 0.1309
445.52 122.85 73.13 52.35 0.1273
394.73 146.43 153.43 126.38 0.1249
409.56 715.96 40.35 49.77 0.1245
402.11 144.04 69.71 65.64 0.1219
395.55 96.50 38.71 45.57 0.1189
38.09 666.04 22.96 35.22 0.1114
666.15 701.21 16.95 28.39 0.1098
359.38 172.16 67.79 62.20 0.1087
604.96 378.78 66.47 70.52 0.1083
368.60 151.60 48.07 56.42 0.1038
333.49 202.82 113.57 112.69 0.0996
68.47 521.39 30.58 43.85 0.0954
553.89 720.74 31.55 39.73 0.0948
562.91 365.69 90.06 111.88 0.0930
435.63 655.90 46.65 55.35 0.0902
406.12 765.60 39.38 58.75 0.0887
253.15 163.58 49.50 61.09 0.0856
399.36 651.58 52.03 65.68 0.0847
569.36 797.52 89.24 83.48 0.0837
408.65 731.51 45.99 63.85 0.0834
4.95 628.90 19.54 37.34 0.0826
517.64 412.99 70.68 140.31 0.0823
276.35 671.13 52.99 69.85 0.0821
461.63 381.05 130.54 192.94 0.0770
162.52 645.63 119.37 128.45 0.0770
336.57 326.12 255.52 277.00 0.0747
12.70 441.77 28.11 36.02 0.0714
697.74 572.07 109.70 135.37 0.0714
498.71 93.94 103.86 134.47 0.0711
622.05 356.73 63.21 62.36 0.0690
300.37 132.39 43.94 59.29 0.0685
739.41 800.41 46.93 69.70 0.0685
45.39 287.33 17.76 29.60 0.0661
665.44 720.71 16.96 27.82 0.0649
544.46 722.81 55.62 69.85 0.0646
39.28 465.70 38.24 47.49 0.0641
444.00 93.58 56.41 65.99 0.0639
328.61 196.49 194.71 217.20 0.0638
105.30 655.02 51.55 56.03 0.0637
6.27 642.13 21.80 47.65 0.0628
334.04 102.40 24.43 39.66 0.0619
9.85 457.84 32.01 50.61 0.0606
368.82 684.01 33.16 48.87 0.0602
708.72 542.98 168.35 194.77 0.0598
43.03 635.10 20.28 27.91 0.0598
531.59 157.83 94.57 117.45 0.0597
47.23 254.47 19.33 31.26 0.0594
606.37 336.37 57.88 69.36 0.0592
47.46 519.30 41.15 48.87 0.0588
42.39 414.67 21.09 27.93 0.0580
607.54 690.59 49.73 56.73 0.0560
317.30 647.70 56.06 69.86 0.0555
499.71 733.89 67.45 75.36 0.0550
570.30 683.70 65.52 84.07 0.0549
9.63 536.78 21.02 40.24 0.0549
79.86 663.72 25.08 34.16 0.0545
312.10 679.28 50.22 65.07 0.0537
104.82 472.41 31.80 37.81 0.0535
10.13 409.37 23.69 39.51 0.0534
4.97 597.05 20.99 44.61 0.0532
41.23 445.25 26.91 34.04 0.0527
699.92 679.00 52.16 59.08 0.0525
137.86 473.72 43.38 41.32 0.0523
578.05 733.19 67.41 87.61 0.0516
9.01 553.06 18.37 40.14 0.0511
223.37 399.95 39.36 55.71 0.0504
