59_peopledrivingcar_peopledrivingcar_59_1038
52
196.45 41.53 607.56 994.96 0.4617
497.30 160.14 358.81 600.91 0.3698
797.32 781.34 42.49 141.90 0.2061
507.26 181.24 241.65 314.81 0.1637
0.00 1035.61 137.94 587.76 0.1569
353.99 958.16 423.44 767.81 0.1547
36.88 1053.65 70.71 166.37 0.1491
865.20 1669.58 87.04 163.42 0.1282
370.24 421.94 409.37 543.71 0.1243
858.71 1105.00 68.54 240.99 0.1175
366.85 10.10 409.49 584.66 0.1103
741.11 626.80 89.68 254.85 0.1092
773.80 738.53 75.61 249.78 0.1085
815.07 1694.14 103.64 138.86 0.1071
833.23 972.61 97.46 337.30 0.1067
647.00 416.79 184.47 387.19 0.0967
846.21 763.82 106.47 249.55 0.0955
11.27 1468.24 80.52 269.30 0.0952
891.56 474.14 68.34 203.77 0.0950
710.98 521.40 96.55 248.63 0.0939
554.17 1023.71 291.03 808.64 0.0903
144.31 329.28 402.80 825.46 0.0891
816.45 793.76 62.69 173.09 0.0826
764.79 1666.87 92.15 161.64 0.0797
15.68 1017.01 103.13 293.79 0.0775
918.33 1151.63 32.62 133.86 0.0757
978.16 1137.33 41.78 158.23 0.0755
67.54 684.58 297.70 801.64 0.0743
914.90 1254.05 38.19 152.08 0.0725
951.03 1189.65 43.77 194.23 0.0706
722.63 231.79 210.14 579.21 0.0670
6.65 1087.96 62.83 166.16 0.0647
68.06 508.96 46.36 194.71 0.0642
817.99 837.02 134.70 350.83 0.0636
929.49 460.76 54.26 210.44 0.0575
83.89 1237.58 104.16 314.61 0.0575
61.71 902.57 153.44 434.94 0.0573
69.92 208.13 73.64 207.00 0.0569
178.89 1168.94 95.19 307.38 0.0568
171.41 1072.23 160.38 483.41 0.0561
23.89 773.05 48.52 200.67 0.0561
845.91 1606.66 72.28 173.92 0.0552
0.52 463.43 26.82 162.05 0.0543
711.14 1718.06 106.73 114.94 0.0527
854.92 628.74 86.31 270.66 0.0527
23.80 475.31 53.91 230.25 0.0524
607.29 1675.31 155.78 157.69 0.0519
823.62 695.93 66.66 226.54 0.0519
979.23 494.71 44.77 238.30 0.0517
871.20 538.32 70.76 209.26 0.0514
975.59 1366.99 45.68 199.61 0.0510
967.45 1227.40 53.08 210.13 0.0505
