32_Worker_Laborer_Worker_Laborer_32_357
186
177.17 160.09 452.13 307.07 0.7300
151.31 185.44 246.29 389.95 0.2607
634.54 324.40 389.46 294.74 0.1973
294.47 307.27 438.13 309.80 0.1558
127.67 328.69 407.85 380.76 0.1353
108.63 354.57 175.35 509.54 0.1341
558.26 436.21 280.79 443.79 0.1026
157.03 501.56 205.07 378.44 0.0916
75.76 254.85 242.36 382.15 0.0823
452.75 194.70 321.78 334.99 0.0798
328.03 408.13 369.97 437.32 0.0796
55.93 378.53 74.11 193.14 0.0765
287.72 74.02 436.02 262.62 0.0749
53.08 517.06 80.84 179.06 0.0725
91.72 123.18 262.16 296.81 0.0714
39.11 354.74 161.26 524.34 0.0695
812.43 284.92 133.95 155.23 0.0691
526.72 144.79 473.97 291.62 0.0679
148.34 430.38 118.37 165.76 0.0635
56.44 295.27 78.44 190.12 0.0631
267.45 528.38 260.27 351.62 0.0619
19.82 54.06 202.07 353.98 0.0610
465.13 387.29 304.47 340.76 0.0591
735.71 432.41 110.21 181.80 0.0582
854.98 283.97 169.02 119.67 0.0579
178.60 172.09 121.91 192.37 0.0571
114.61 391.07 113.22 165.78 0.0562
778.41 594.55 97.90 201.77 0.0559
96.24 72.63 425.05 171.89 0.0558
105.17 517.26 112.54 176.65 0.0551
149.82 338.11 111.01 179.80 0.0548
277.74 310.44 120.28 157.04 0.0548
797.27 246.73 226.73 90.82 0.0547
840.99 270.77 78.19 116.04 0.0544
183.37 562.83 108.39 170.66 0.0540
212.85 441.08 125.90 152.84 0.0538
80.38 552.23 101.60 180.05 0.0537
852.15 523.69 128.88 132.09 0.0535
55.40 24.93 272.45 247.99 0.0532
25.27 504.70 64.40 205.56 0.0532
41.61 202.66 81.02 211.79 0.0521
101.78 314.13 128.45 164.55 0.0518
62.96 411.11 127.71 133.02 0.0516
164.16 404.65 163.02 140.17 0.0510
56.85 37.89 112.32 158.53 0.0503
147.78 526.61 119.47 155.01 0.0502
815.83 604.63 89.90 148.00 0.0502
29.95 374.97 64.86 201.74 0.0501
80.45 465.54 96.66 185.08 0.0500
13.95 172.57 75.72 199.42 0.0500
179.23 479.68 114.63 166.65 0.0499
247.54 339.36 123.18 196.18 0.0497
56.18 623.80 74.27 192.67 0.0497
234.77 554.36 134.60 184.13 0.0495
280.32 647.38 121.72 167.16 0.0490
324.45 706.39 125.71 148.29 0.0485
166.76 297.07 134.50 170.23 0.0476
577.41 448.85 76.77 144.49 0.0475
115.86 593.29 102.71 176.45 0.0468
418.13 709.39 156.82 133.39 0.0467
610.89 616.07 117.37 173.78 0.0457
874.68 265.24 80.67 125.44 0.0453
59.84 707.86 93.43 156.11 0.0451
155.78 681.29 103.44 159.53 0.0450
837.13 342.81 113.41 207.63 0.0445
32.03 171.30 168.07 442.08 0.0444
760.90 302.65 130.63 177.90 0.0444
155.76 241.18 101.97 186.92 0.0440
504.72 468.57 112.74 144.32 0.0435
708.58 594.33 113.93 201.52 0.0433
74.64 657.35 112.89 153.14 0.0430
852.28 588.81 134.80 147.81 0.0429
218.41 632.20 110.58 199.38 0.0426
764.30 496.23 129.11 209.97 0.0425
137.88 16.79 95.96 167.99 0.0421
872.84 330.50 123.01 161.96 0.0419
550.77 488.49 114.81 175.12 0.0419
273.56 465.82 135.23 184.76 0.0406
318.13 642.01 149.17 146.05 0.0402
64.19 258.71 123.07 182.15 0.0401
25.59 265.78 65.72 185.03 0.0393
71.73 208.98 162.61 128.19 0.0392
59.20 119.93 75.71 151.53 0.0389
398.21 728.81 96.78 148.81 0.0387
173.18 28.30 103.65 147.14 0.0384
663.62 590.31 107.82 193.15 0.0384
510.42 690.27 115.53 175.25 0.0381
248.28 693.10 119.95 167.50 0.0379
680.62 719.38 122.08 147.82 0.0379
306.01 558.52 143.15 158.38 0.0379
814.08 420.26 116.19 174.55 0.0379
721.19 348.22 118.25 193.36 0.0378
8.33 33.48 86.50 138.31 0.0375
407.24 23.46 407.55 238.67 0.0375
0.00 483.49 63.99 165.53 0.0372
529.05 462.74 192.23 124.14 0.0372
15.22 130.28 68.81 137.20 0.0368
619.46 558.84 112.89 150.16 0.0365
23.16 611.22 71.45 148.11 0.0356
711.50 548.40 146.85 114.14 0.0354
103.09 7.23 143.54 83.60 0.0354
304.77 350.69 132.32 146.12 0.0354
701.24 271.85 175.72 135.22 0.0353
0.00 0.00 63.44 78.83 0.0349
603.77 699.50 178.68 137.44 0.0344
24.63 718.66 80.85 133.39 0.0343
73.62 124.47 137.36 135.44 0.0338
764.57 697.00 142.76 130.21 0.0335
193.97 147.21 164.59 152.43 0.0333
28.91 0.00 121.47 74.22 0.0328
207.14 0.00 93.42 94.41 0.0328
0.00 388.84 62.36 170.04 0.0327
104.94 709.88 88.85 170.12 0.0326
702.79 484.76 114.21 152.49 0.0322
120.59 167.52 128.95 135.24 0.0321
201.46 700.57 90.06 179.43 0.0319
268.63 183.12 122.99 212.33 0.0318
463.32 761.46 141.94 118.54 0.0317
0.00 770.52 45.35 109.48 0.0316
749.89 0.00 274.11 213.60 0.0316
857.40 422.00 125.80 147.44 0.0313
335.56 492.59 113.47 149.80 0.0311
642.91 466.90 91.59 179.81 0.0309
497.24 413.80 185.95 108.70 0.0309
223.29 22.27 93.00 146.26 0.0309
372.03 372.12 105.69 171.00 0.0307
393.33 662.29 122.84 161.62 0.0305
0.00 319.12 64.39 153.59 0.0304
461.63 489.86 100.77 126.61 0.0304
264.02 0.00 119.27 65.95 0.0303
610.82 423.32 85.74 157.89 0.0298
306.48 424.18 128.60 169.25 0.0297
44.17 169.93 124.77 155.72 0.0291
0.00 563.67 59.69 162.57 0.0290
237.55 0.00 114.78 110.78 0.0290
423.31 480.85 116.92 206.81 0.0288
751.81 230.40 173.17 141.85 0.0288
0.00 228.09 66.97 174.16 0.0287
146.65 757.97 99.65 122.03 0.0285
336.59 0.00 127.82 47.61 0.0285
353.66 792.48 175.82 87.52 0.0281
486.36 651.94 104.89 166.51 0.0280
138.90 0.00 286.14 165.83 0.0280
733.35 795.07 184.89 84.93 0.0278
0.00 138.81 38.34 135.70 0.0273
913.46 0.00 110.54 232.53 0.0272
234.55 223.41 119.50 214.34 0.0270
366.78 518.91 111.78 184.15 0.0267
542.31 753.10 163.92 125.31 0.0265
0.00 792.83 105.75 87.17 0.0262
748.62 181.43 275.38 64.83 0.0255
305.76 765.43 116.51 114.57 0.0255
0.00 63.43 62.20 170.55 0.0254
0.00 693.46 63.33 153.04 0.0254
757.62 716.21 91.97 163.79 0.0251
295.52 125.25 108.09 186.74 0.0251
342.00 464.26 157.06 118.79 0.0250
676.47 402.24 130.11 168.49 0.0249
885.49 460.70 135.46 184.65 0.0248
342.77 405.01 278.13 106.48 0.0247
416.91 0.00 171.36 41.26 0.0247
341.56 258.99 108.97 178.57 0.0245
332.44 157.85 109.15 191.18 0.0243
320.56 33.91 187.45 125.61 0.0242
549.55 646.41 110.75 168.08 0.0241
582.02 703.91 96.86 152.29 0.0241
254.42 33.65 112.79 147.16 0.0236
309.50 0.00 119.48 121.75 0.0235
392.89 502.48 107.95 125.11 0.0235
0.00 0.00 191.80 138.58 0.0234
62.02 785.66 117.01 94.34 0.0233
0.00 24.75 50.04 136.80 0.0232
459.63 521.30 128.91 198.90 0.0230
373.51 600.02 131.92 165.68 0.0229
429.46 358.73 85.93 181.36 0.0228
598.23 0.00 196.76 41.94 0.0226
911.03 325.82 107.38 103.47 0.0222
458.86 600.20 98.37 179.81 0.0220
763.25 357.28 260.75 79.59 0.0216
0.00 548.88 115.90 116.47 0.0211
288.26 0.00 389.48 188.73 0.0209
417.53 425.66 162.26 131.88 0.0209
518.32 567.36 148.43 137.07 0.0207
817.41 727.03 89.43 152.97 0.0207
811.71 399.19 212.29 79.38 0.0204
163.16 131.58 115.54 144.08 0.0201
