32_Worker_Laborer_Worker_Laborer_32_512
200
479.18 148.80 449.92 362.29 0.3114
238.23 562.72 318.83 541.34 0.1994
472.05 294.48 407.45 525.10 0.1742
390.86 429.96 336.33 556.35 0.1498
169.03 471.75 209.04 543.63 0.1424
500.97 563.57 398.98 523.93 0.1279
174.28 351.33 320.93 506.15 0.0826
371.25 65.09 376.74 307.43 0.0812
439.29 83.76 161.60 150.93 0.0796
403.18 700.03 276.98 665.98 0.0744
818.29 837.42 122.17 227.61 0.0614
142.34 261.51 254.16 442.24 0.0602
414.72 447.23 97.14 298.99 0.0585
50.12 489.82 79.77 272.93 0.0583
829.31 941.06 126.01 277.51 0.0581
295.73 253.45 381.33 391.67 0.0581
763.56 820.19 110.29 251.80 0.0579
113.05 299.13 184.68 633.55 0.0569
278.96 506.15 132.95 225.74 0.0569
619.10 674.28 109.57 257.51 0.0562
547.33 601.13 104.11 273.10 0.0558
377.89 66.40 154.75 158.87 0.0556
849.78 489.08 101.54 269.96 0.0548
682.04 861.94 127.78 260.28 0.0539
22.32 103.63 214.53 536.83 0.0537
455.84 465.66 134.34 251.71 0.0536
89.16 459.31 146.73 190.05 0.0535
214.72 523.60 124.74 227.71 0.0527
663.24 753.36 111.93 240.03 0.0527
429.68 534.89 125.50 256.01 0.0525
28.57 504.23 63.38 269.96 0.0522
445.44 188.37 154.52 180.08 0.0521
839.95 595.11 97.93 255.82 0.0521
716.16 939.25 124.80 264.32 0.0520
512.78 547.18 109.82 253.24 0.0516
508.56 93.94 178.56 129.32 0.0512
654.24 956.31 121.27 236.03 0.0509
272.40 814.73 270.84 551.27 0.0504
534.60 810.02 293.85 555.98 0.0500
879.47 910.68 110.38 245.98 0.0499
541.43 486.65 124.59 264.36 0.0497
423.09 99.45 104.20 266.60 0.0491
563.52 130.58 162.86 198.25 0.0490
439.03 336.93 112.57 298.18 0.0488
567.80 562.86 136.53 252.27 0.0486
472.81 630.47 118.06 243.63 0.0481
544.79 191.02 135.93 228.58 0.0475
256.14 581.03 108.43 229.43 0.0472
636.16 231.38 128.54 256.46 0.0468
481.79 127.07 155.13 185.92 0.0467
586.60 777.88 126.26 227.32 0.0463
826.87 453.18 146.26 178.65 0.0462
53.58 370.54 73.99 265.09 0.0460
314.84 555.51 131.88 239.90 0.0460
719.84 722.68 111.60 277.88 0.0457
48.42 157.12 80.80 293.82 0.0453
213.16 476.06 172.48 163.11 0.0450
187.27 438.77 101.72 254.46 0.0446
515.03 0.00 355.86 245.63 0.0446
262.10 18.77 101.84 351.33 0.0445
395.15 2.25 173.78 135.17 0.0444
183.25 554.93 100.13 230.19 0.0443
626.54 820.98 123.03 241.25 0.0442
689.30 124.89 135.84 271.85 0.0440
772.69 901.31 136.65 266.24 0.0440
37.80 537.26 185.02 147.64 0.0439
327.17 438.76 110.53 257.11 0.0437
656.55 620.64 116.60 236.90 0.0431
368.52 348.64 102.09 275.92 0.0430
867.42 853.15 125.66 185.63 0.0426
377.76 510.53 104.38 280.17 0.0424
117.37 200.55 402.24 311.81 0.0423
245.59 242.16 108.53 208.75 0.0423
499.80 410.50 127.91 264.51 0.0423
176.25 799.62 196.13 566.38 0.0422
500.32 238.02 133.81 231.15 0.0421
539.11 75.93 484.89 297.38 0.0421
1.82 0.00 86.07 131.42 0.0421
463.90 294.00 130.47 245.48 0.0421
405.46 632.16 115.82 250.23 0.0419
674.74 84.58 146.08 165.30 0.0412
597.22 92.30 164.04 166.61 0.0409
645.05 1084.31 130.29 261.25 0.0406
616.88 1016.48 121.02 248.28 0.0405
220.42 108.01 109.80 266.92 0.0404
189.60 72.78 135.28 179.89 0.0403
149.59 365.41 105.39 254.92 0.0399
846.79 1068.11 104.92 297.89 0.0398
412.36 198.42 109.23 294.53 0.0397
620.28 479.28 107.55 277.79 0.0395
853.30 775.47 108.56 208.59 0.0395
440.23 1083.81 93.56 263.17 0.0394
146.07 489.93 110.66 226.55 0.0394
773.82 528.20 113.01 282.73 0.0392
368.92 657.76 102.30 278.18 0.0391
566.94 1061.53 131.92 281.07 0.0386
7.79 63.09 78.85 213.00 0.0385
522.69 674.21 100.38 261.14 0.0384
24.15 397.09 70.30 191.70 0.0381
0.00 495.15 64.93 245.62 0.0380
342.77 1043.31 103.58 272.85 0.0379
300.37 375.07 101.87 265.24 0.0376
172.36 156.74 111.59 232.88 0.0376
113.23 569.54 179.26 731.65 0.0375
339.08 43.75 138.24 146.55 0.0375
703.70 1061.95 106.15 263.80 0.0375
310.59 81.73 143.34 164.46 0.0374
310.28 0.00 330.10 218.50 0.0372
708.74 244.67 124.15 238.51 0.0370
69.46 0.00 235.50 467.77 0.0367
157.45 259.12 148.65 189.04 0.0367
730.82 603.66 114.43 272.31 0.0365
159.37 11.26 141.56 129.89 0.0364
642.19 51.04 142.87 142.17 0.0364
478.00 1052.32 112.35 292.00 0.0363
801.56 686.91 112.18 241.94 0.0362
445.83 874.20 112.17 268.28 0.0359
257.99 389.32 106.70 217.75 0.0358
108.89 143.41 107.04 291.78 0.0357
337.44 305.88 94.54 263.24 0.0357
130.29 569.74 124.14 289.00 0.0355
35.09 53.96 93.39 198.21 0.0354
348.70 158.97 113.36 222.42 0.0353
285.12 269.72 181.64 187.17 0.0353
711.05 47.75 166.69 142.67 0.0352
568.74 876.98 129.39 227.22 0.0351
20.06 174.01 68.14 285.76 0.0351
732.21 124.98 112.45 169.48 0.0350
615.61 322.53 117.97 300.00 0.0350
546.84 6.05 150.30 136.08 0.0348
766.61 413.40 120.93 276.44 0.0348
242.88 336.63 152.29 186.62 0.0347
67.91 247.90 109.22 229.97 0.0347
215.56 58.51 380.99 276.89 0.0346
0.00 354.05 253.94 702.52 0.0343
678.62 481.46 119.63 245.53 0.0341
576.71 422.60 123.41 265.86 0.0341
487.82 0.00 107.10 160.57 0.0341
145.16 29.48 104.08 321.91 0.0337
225.30 52.82 158.67 137.18 0.0336
42.29 312.16 105.56 207.26 0.0335
758.51 1048.58 113.56 289.33 0.0334
216.02 271.31 117.73 292.41 0.0332
734.19 462.68 113.33 280.56 0.0331
407.35 798.45 111.89 269.28 0.0328
327.24 0.00 166.82 111.72 0.0327
786.66 387.10 147.34 198.30 0.0325
533.28 351.48 129.41 259.43 0.0320
100.33 318.82 110.64 225.51 0.0315
476.61 838.41 130.94 239.66 0.0314
291.29 123.43 111.36 224.65 0.0313
585.42 251.05 113.39 309.98 0.0310
322.05 961.53 137.06 237.47 0.0310
402.84 1234.31 157.00 131.69 0.0309
871.17 1027.59 126.78 231.09 0.0307
362.88 888.16 126.32 256.09 0.0307
631.10 0.00 211.43 69.06 0.0305
447.41 735.55 104.90 258.61 0.0304
71.25 53.63 107.58 307.97 0.0303
66.55 0.00 139.35 111.58 0.0303
745.64 0.00 278.36 251.43 0.0302
516.08 786.28 123.59 231.22 0.0299
8.48 913.41 70.38 239.05 0.0293
392.50 1089.45 91.05 276.56 0.0292
406.90 0.00 87.06 203.63 0.0291
408.25 989.90 112.03 268.50 0.0289
569.93 26.24 100.83 228.52 0.0289
102.15 54.96 114.40 196.67 0.0286
207.88 0.00 172.87 92.81 0.0285
724.60 341.06 118.79 291.82 0.0281
44.70 836.36 119.62 370.22 0.0280
779.02 269.07 109.29 269.00 0.0277
767.46 0.00 154.07 97.46 0.0277
0.00 365.03 61.21 231.56 0.0273
332.44 757.38 123.99 235.95 0.0272
0.00 1201.24 46.52 164.76 0.0271
138.08 0.00 224.73 291.50 0.0271
871.52 546.34 137.96 278.15 0.0267
476.64 936.45 118.18 263.81 0.0267
0.00 1232.15 119.90 133.85 0.0266
288.77 1090.94 121.86 248.55 0.0265
76.50 552.83 94.13 312.00 0.0264
0.00 848.24 230.25 517.76 0.0261
498.37 0.00 167.66 90.33 0.0259
780.81 47.66 94.58 301.30 0.0258
119.50 0.00 109.00 174.44 0.0257
678.83 336.36 115.75 240.97 0.0256
208.30 607.79 124.55 280.04 0.0255
846.86 266.92 106.17 287.58 0.0252
311.61 0.00 105.80 189.44 0.0251
301.59 656.47 112.19 251.84 0.0250
514.90 1140.10 109.54 225.90 0.0249
626.23 0.00 97.06 174.49 0.0241
941.43 0.00 82.57 175.55 0.0241
0.00 243.86 65.30 244.35 0.0237
0.00 1205.96 212.85 117.46 0.0230
4.21 1109.33 75.35 256.67 0.0229
350.79 1205.14 107.43 160.86 0.0225
590.69 606.33 415.02 759.12 0.0221
539.18 984.28 125.92 274.75 0.0220
