24_Soldier_Firing_Soldier_Firing_24_133
118
657.84 402.04 32.20 42.62 0.4126
475.03 302.39 52.86 62.07 0.3779
494.14 281.80 42.58 67.19 0.3460
546.60 433.86 31.26 39.01 0.2952
592.23 399.84 31.81 38.89 0.2904
441.22 307.03 48.18 51.01 0.2701
558.83 306.37 25.31 36.70 0.2572
74.99 435.74 32.57 28.95 0.2378
461.00 360.43 46.01 54.33 0.2093
513.12 389.15 35.65 46.91 0.2062
342.01 162.87 27.33 30.83 0.1996
411.75 458.08 25.69 33.54 0.1968
244.29 312.94 83.55 58.52 0.1950
371.65 335.61 51.16 33.27 0.1931
25.10 269.05 61.63 87.90 0.1830
551.45 383.58 26.29 37.62 0.1819
541.03 393.77 37.50 48.77 0.1784
191.89 290.27 148.29 87.71 0.1736
6.79 209.41 107.51 165.54 0.1686
457.23 378.37 55.93 71.45 0.1684
512.40 423.46 41.89 69.24 0.1666
719.60 414.53 48.37 44.92 0.1657
409.10 311.91 58.77 49.61 0.1564
406.99 432.48 34.27 53.76 0.1560
112.95 158.73 77.66 72.96 0.1535
494.40 345.73 56.16 86.62 0.1533
340.64 141.02 20.37 23.45 0.1495
703.75 131.02 308.99 317.91 0.1488
52.65 274.20 284.33 198.19 0.1487
614.55 399.71 36.99 45.30 0.1458
266.16 141.01 21.87 24.16 0.1456
262.78 160.13 26.60 31.50 0.1432
157.58 182.45 69.94 54.92 0.1419
439.80 409.16 66.03 83.63 0.1393
263.82 322.21 93.56 100.87 0.1392
295.35 374.88 66.31 73.04 0.1378
303.73 179.24 31.06 37.99 0.1374
199.89 245.35 102.43 72.42 0.1351
334.77 368.32 76.69 93.73 0.1344
691.22 215.44 111.83 69.36 0.1344
617.74 410.08 47.65 58.88 0.1336
544.31 328.09 34.90 54.28 0.1302
693.22 413.32 62.60 56.79 0.1264
359.40 328.27 71.32 73.95 0.1254
198.04 348.94 95.70 87.43 0.1253
423.59 486.61 50.69 51.86 0.1245
264.18 192.24 35.99 31.79 0.1238
589.76 437.50 45.54 70.93 0.1236
588.52 290.44 50.13 76.67 0.1228
374.14 111.42 19.71 26.00 0.1213
466.10 406.42 67.91 100.65 0.1177
337.55 116.52 19.91 24.11 0.1176
370.05 480.53 50.77 45.07 0.1175
301.43 164.72 26.90 40.73 0.1165
319.22 316.95 46.03 41.64 0.1156
60.15 415.70 58.50 48.16 0.1134
712.91 208.12 137.41 112.94 0.1111
389.45 472.45 58.28 69.56 0.1057
657.52 339.87 322.89 288.94 0.1053
29.89 50.89 199.39 135.42 0.1042
373.37 96.03 21.70 30.31 0.1038
47.55 304.35 81.38 70.39 0.1028
307.74 340.61 78.20 76.20 0.1022
351.18 156.69 40.12 46.84 0.1020
433.57 517.47 37.82 39.22 0.1006
312.09 392.04 66.73 77.68 0.0977
123.01 366.41 131.25 98.43 0.0972
671.24 218.15 63.13 38.96 0.0969
607.79 263.68 44.46 84.65 0.0958
397.46 331.96 55.02 66.05 0.0930
249.47 396.32 48.32 43.15 0.0919
362.11 134.69 30.55 32.65 0.0910
55.10 266.06 129.88 118.45 0.0904
150.30 416.59 111.11 82.29 0.0899
357.48 445.00 60.28 65.97 0.0876
98.41 171.18 57.88 70.18 0.0862
259.57 112.49 40.93 40.79 0.0861
600.95 404.80 71.17 132.09 0.0846
693.61 291.89 235.00 200.40 0.0838
690.43 392.51 123.95 101.87 0.0832
237.19 199.01 84.83 78.61 0.0811
396.98 377.62 52.58 58.59 0.0800
200.79 407.35 88.16 66.69 0.0773
274.58 168.65 84.49 101.06 0.0771
328.74 165.74 49.97 69.28 0.0766
609.95 348.35 44.70 60.00 0.0763
642.57 356.06 48.16 71.60 0.0757
588.05 358.33 41.66 62.10 0.0755
1.59 285.04 48.93 65.41 0.0753
53.82 377.85 139.18 110.61 0.0750
252.83 418.79 45.09 40.36 0.0747
66.56 429.15 80.18 55.81 0.0742
686.18 377.27 56.00 57.84 0.0733
196.38 178.29 63.12 43.49 0.0706
331.44 91.79 35.20 38.99 0.0697
82.46 297.39 87.80 64.84 0.0678
445.19 466.81 71.61 81.89 0.0656
336.28 474.18 34.76 30.28 0.0653
306.05 293.24 69.53 69.79 0.0647
91.82 445.34 71.98 47.55 0.0634
977.91 399.48 46.09 117.70 0.0625
397.27 106.39 53.64 58.03 0.0614
601.36 294.90 60.10 107.06 0.0614
623.25 246.01 36.37 68.76 0.0593
115.24 442.39 102.62 67.12 0.0586
476.88 253.76 46.64 57.21 0.0565
0.00 63.89 124.87 154.22 0.0559
331.47 441.13 45.47 49.04 0.0557
702.81 178.34 97.30 80.76 0.0555
500.13 443.08 52.95 92.21 0.0553
42.44 429.20 59.12 43.22 0.0538
456.17 505.88 48.38 52.67 0.0537
14.28 193.60 96.67 92.77 0.0533
384.14 79.41 71.94 68.16 0.0526
361.77 294.30 73.25 70.00 0.0517
295.87 213.26 131.46 149.75 0.0514
397.19 267.69 76.66 80.54 0.0512
228.80 233.50 149.78 134.67 0.0505
