53_Raid_policeraid_53_489
170
483.66 343.61 28.80 33.94 0.3214
575.41 104.25 56.99 97.81 0.3178
439.89 272.32 22.28 28.16 0.3165
580.49 252.30 30.17 35.56 0.2996
329.28 266.72 28.23 36.44 0.2940
729.44 121.53 40.24 29.25 0.2919
73.34 131.62 31.82 49.64 0.2675
407.57 313.11 36.65 40.67 0.2361
50.48 147.86 35.33 47.00 0.2204
3.19 328.47 20.00 39.16 0.2088
746.85 119.51 50.13 35.51 0.2054
493.28 385.99 79.19 99.43 0.1972
184.23 280.51 24.67 35.42 0.1942
86.59 332.48 31.81 33.96 0.1871
104.86 278.27 39.14 48.83 0.1844
377.38 363.71 27.96 34.22 0.1785
102.44 332.35 29.31 31.66 0.1782
427.88 317.08 35.24 38.03 0.1782
508.05 334.92 48.27 67.95 0.1744
505.30 323.37 124.89 161.77 0.1725
3.79 96.15 32.63 55.96 0.1707
40.58 119.50 38.96 64.60 0.1700
662.18 162.29 35.75 40.46 0.1656
884.58 303.49 28.60 38.94 0.1588
154.05 119.05 18.88 29.29 0.1538
293.59 370.36 24.80 28.29 0.1484
66.83 218.57 34.01 40.17 0.1462
1.27 239.55 22.67 34.56 0.1416
340.33 169.27 18.19 20.75 0.1412
686.49 154.54 54.92 68.36 0.1346
410.45 289.58 32.66 33.61 0.1338
627.66 236.54 63.67 59.32 0.1335
385.95 396.06 47.96 67.90 0.1331
561.00 249.47 42.36 42.54 0.1317
997.96 29.03 21.32 24.24 0.1306
591.20 88.34 70.42 76.27 0.1267
888.43 337.33 28.58 31.27 0.1249
396.47 344.07 43.34 54.83 0.1241
411.11 268.51 28.29 32.52 0.1226
911.61 48.47 30.17 31.34 0.1208
721.44 147.07 59.82 64.79 0.1203
701.23 100.69 68.71 55.95 0.1201
991.56 310.12 26.49 37.72 0.1201
0.00 121.64 30.17 55.16 0.1201
667.88 172.19 74.25 85.81 0.1196
601.18 132.26 62.96 82.94 0.1196
566.69 241.58 63.32 87.05 0.1176
536.69 319.27 74.93 94.38 0.1130
712.41 181.45 63.27 67.04 0.1121
249.41 340.17 35.60 46.28 0.1119
325.55 243.28 40.12 55.73 0.1117
323.41 365.11 38.58 39.93 0.1114
480.76 266.55 20.07 23.46 0.1104
48.87 168.46 33.95 48.49 0.1084
96.95 209.73 41.59 46.44 0.1079
22.09 95.25 48.61 74.56 0.1073
81.21 284.24 43.39 47.06 0.1070
998.69 37.83 23.69 32.66 0.1068
41.38 317.09 23.56 28.49 0.1059
51.43 218.65 34.84 40.28 0.1057
989.52 295.77 26.32 35.44 0.1056
917.60 297.86 24.10 27.62 0.1055
75.15 183.49 33.75 41.08 0.1042
374.00 341.89 29.01 36.29 0.1040
657.30 183.16 52.26 61.67 0.1038
42.79 339.46 22.66 31.60 0.1037
372.18 284.57 23.13 30.60 0.1023
606.62 252.32 101.51 110.06 0.1011
0.47 188.40 28.03 45.15 0.1002
572.76 31.13 71.06 75.35 0.0997
0.00 289.74 27.09 52.60 0.0976
883.03 47.72 39.00 30.39 0.0975
336.08 152.05 23.40 33.34 0.0968
694.00 125.22 66.35 75.26 0.0964
0.00 150.09 29.20 50.06 0.0963
699.15 213.69 82.43 88.74 0.0959
153.25 101.57 22.87 39.48 0.0958
993.40 116.21 30.60 56.13 0.0954
714.86 71.79 58.42 62.08 0.0953
298.50 338.72 25.78 28.86 0.0952
546.27 271.43 65.79 68.99 0.0950
961.66 296.29 24.47 27.33 0.0944
920.28 312.32 24.29 30.72 0.0944
643.36 217.84 83.05 81.04 0.0942
154.38 341.81 27.03 42.18 0.0935
413.60 364.78 55.73 87.88 0.0926
89.83 182.13 47.00 54.78 0.0913
694.65 72.59 51.00 50.40 0.0911
82.45 113.93 53.44 68.60 0.0890
646.66 95.52 41.56 53.84 0.0885
0.00 215.19 28.12 48.59 0.0880
675.52 253.92 83.39 88.44 0.0875
114.83 171.19 64.60 77.03 0.0868
516.11 262.44 32.75 40.28 0.0861
948.74 46.28 27.53 30.86 0.0851
219.12 336.60 43.79 62.36 0.0851
476.37 316.01 35.42 51.66 0.0831
299.28 313.23 27.68 34.41 0.0820
86.19 158.24 48.40 48.58 0.0815
699.14 335.98 67.50 83.43 0.0799
243.03 315.70 41.81 54.78 0.0794
250.78 289.96 32.35 37.34 0.0791
100.60 228.72 43.98 54.74 0.0778
148.76 116.01 29.69 57.34 0.0764
335.68 487.41 27.00 46.36 0.0763
364.99 261.47 29.66 39.62 0.0759
124.74 260.13 48.81 53.33 0.0754
836.22 90.75 103.78 115.44 0.0753
373.52 312.75 28.63 33.45 0.0744
442.24 250.96 24.93 38.51 0.0742
326.18 333.57 36.57 35.72 0.0738
780.76 88.09 83.15 94.56 0.0738
807.51 0.00 33.23 24.46 0.0737
2.88 410.33 25.00 58.41 0.0731
416.04 338.95 54.91 73.39 0.0730
84.44 346.81 26.73 39.10 0.0729
843.38 334.01 34.19 41.99 0.0727
578.67 575.31 34.09 30.99 0.0719
154.39 315.72 24.23 34.17 0.0710
181.15 287.78 34.74 56.04 0.0701
5.63 385.83 21.05 35.54 0.0697
415.39 407.14 56.71 69.40 0.0691
332.22 310.21 34.05 37.87 0.0688
57.17 96.15 55.53 91.69 0.0687
849.46 313.13 31.32 38.12 0.0674
870.65 165.58 61.12 46.70 0.0671
146.81 287.20 30.46 43.97 0.0670
508.79 236.98 31.13 39.71 0.0670
292.66 400.27 36.94 53.38 0.0658
0.00 30.96 23.70 46.19 0.0644
736.70 67.64 64.25 60.64 0.0642
471.22 281.23 33.89 42.42 0.0630
687.43 307.55 55.06 67.44 0.0629
615.73 167.39 60.39 78.83 0.0618
530.34 277.22 122.75 147.22 0.0615
3.50 438.72 30.20 67.90 0.0613
0.24 66.50 30.50 45.96 0.0610
542.34 28.14 65.68 57.55 0.0609
367.41 408.25 51.98 63.82 0.0605
995.12 98.62 28.88 41.36 0.0602
32.34 349.16 31.40 44.26 0.0598
847.54 34.81 51.94 41.55 0.0596
390.54 234.07 48.68 69.77 0.0596
0.00 0.80 31.32 33.11 0.0595
767.51 129.52 117.78 132.40 0.0590
473.65 247.91 28.44 41.47 0.0589
302.86 287.89 33.09 36.12 0.0588
337.54 224.38 58.31 80.98 0.0582
40.48 262.46 28.49 45.57 0.0573
543.76 67.77 91.82 117.16 0.0568
997.55 64.89 26.45 33.34 0.0566
952.83 56.45 28.61 36.34 0.0557
513.07 266.33 55.02 75.01 0.0555
845.80 292.36 35.18 39.65 0.0554
918.76 389.76 23.45 31.06 0.0550
639.68 66.15 49.15 48.04 0.0548
317.07 387.08 57.91 75.31 0.0546
577.39 221.28 45.09 67.82 0.0544
955.48 306.88 27.23 37.51 0.0542
750.03 323.53 43.87 61.92 0.0536
180.04 94.95 26.45 34.74 0.0531
911.23 364.53 27.59 33.83 0.0528
287.86 567.95 32.36 34.90 0.0523
608.48 321.56 102.27 128.16 0.0521
76.77 45.29 31.29 35.63 0.0519
561.21 419.15 65.51 78.37 0.0519
37.36 285.51 29.94 42.86 0.0515
174.38 59.25 35.35 47.46 0.0512
260.23 371.05 35.06 43.60 0.0505
106.22 344.62 32.07 44.56 0.0501
