53_Raid_policeraid_53_829
136
47.42 277.38 26.79 27.65 0.2588
204.81 197.71 39.49 51.28 0.2332
110.46 295.49 25.90 25.12 0.2265
198.77 105.11 58.15 117.06 0.2141
193.27 265.06 66.26 103.78 0.2117
99.84 336.11 38.23 37.46 0.2071
142.79 178.48 29.28 30.20 0.1968
40.72 288.72 28.07 31.49 0.1936
453.86 217.26 52.47 52.00 0.1886
119.89 255.48 24.85 24.25 0.1658
355.87 202.16 35.84 65.13 0.1545
445.32 152.26 75.43 91.99 0.1530
339.28 102.69 40.42 58.73 0.1528
121.60 138.26 21.65 18.35 0.1398
589.80 349.32 97.05 96.68 0.1391
102.50 297.31 39.13 43.55 0.1375
40.99 307.83 25.60 26.78 0.1365
333.09 40.03 37.69 58.39 0.1324
702.62 26.85 125.33 154.93 0.1322
644.30 43.75 102.51 119.46 0.1271
469.12 219.33 72.96 68.69 0.1245
130.73 139.90 50.54 58.87 0.1242
80.89 162.91 21.17 23.10 0.1236
466.92 254.31 41.60 44.48 0.1228
336.40 189.00 40.91 58.47 0.1203
144.65 93.00 31.89 40.82 0.1203
483.16 183.89 58.64 73.51 0.1173
191.40 63.98 55.51 119.65 0.1165
114.13 167.56 45.92 37.52 0.1147
139.15 253.44 40.36 45.90 0.1132
297.85 192.44 38.46 56.21 0.1127
147.07 247.11 27.99 33.89 0.1067
334.32 219.34 37.04 54.12 0.1061
179.73 392.80 49.32 50.60 0.1053
475.35 57.62 33.19 38.66 0.1025
347.50 111.61 50.06 85.13 0.1019
336.71 58.51 40.88 63.64 0.0987
5.34 280.63 25.73 26.80 0.0971
625.20 354.01 41.00 47.76 0.0960
0.04 312.14 28.17 34.99 0.0958
152.91 270.06 45.10 49.27 0.0954
217.80 293.85 66.09 90.59 0.0948
619.68 117.12 94.00 111.94 0.0942
661.01 52.68 61.60 69.76 0.0927
495.44 56.36 53.97 61.46 0.0921
203.19 217.32 51.86 87.22 0.0920
450.08 113.49 70.22 83.44 0.0916
294.62 61.21 45.27 61.75 0.0891
387.54 185.61 60.45 82.63 0.0879
466.95 75.34 43.37 55.01 0.0879
75.13 307.19 41.03 43.08 0.0872
337.19 292.89 37.81 62.55 0.0872
2.96 294.01 25.88 31.41 0.0863
142.62 404.82 44.49 37.23 0.0854
2.57 334.31 27.59 35.19 0.0848
296.72 213.29 41.38 67.18 0.0845
359.00 314.31 29.92 57.73 0.0835
140.24 116.85 36.00 33.94 0.0835
290.79 138.72 46.44 71.85 0.0835
347.72 80.96 45.48 67.59 0.0822
622.31 313.98 78.23 99.50 0.0820
334.78 150.02 38.57 65.76 0.0819
512.89 26.27 46.41 61.79 0.0790
330.50 318.84 43.59 78.81 0.0778
442.13 244.73 51.53 57.05 0.0776
578.01 189.39 73.12 76.57 0.0775
243.42 227.97 37.37 45.29 0.0774
38.38 255.73 23.60 22.03 0.0767
142.69 295.24 53.63 67.47 0.0767
353.01 151.87 41.57 73.03 0.0763
10.27 172.06 20.60 19.64 0.0760
288.39 99.96 48.94 70.74 0.0756
34.03 168.43 25.07 23.88 0.0752
543.13 26.63 65.08 76.79 0.0747
206.12 373.75 43.81 62.31 0.0746
216.20 348.40 41.85 70.43 0.0744
154.38 231.23 27.78 31.52 0.0740
7.18 267.95 24.70 23.20 0.0738
153.32 213.68 30.46 32.69 0.0736
571.49 0.00 172.18 102.34 0.0730
42.47 324.50 22.98 25.38 0.0726
8.91 203.55 17.41 19.70 0.0718
33.98 370.92 29.50 29.99 0.0712
612.42 177.13 55.98 59.22 0.0696
9.62 160.43 18.60 17.78 0.0688
111.89 398.55 35.80 35.41 0.0687
469.73 82.84 76.66 82.15 0.0685
138.55 346.11 41.43 40.67 0.0681
85.78 237.03 20.76 22.96 0.0681
117.20 190.75 28.12 29.87 0.0680
8.76 128.37 16.45 15.27 0.0676
413.21 225.19 39.92 44.19 0.0671
205.30 166.83 76.94 85.66 0.0665
329.71 0.00 32.85 19.82 0.0663
41.50 361.70 23.76 24.61 0.0659
354.28 228.14 41.06 78.37 0.0658
66.68 274.77 36.72 35.58 0.0657
216.54 230.66 68.35 100.48 0.0657
111.40 240.45 27.82 36.46 0.0645
357.10 286.15 32.14 58.42 0.0640
44.68 347.74 23.90 29.93 0.0631
77.59 294.29 34.19 33.52 0.0629
144.48 49.74 39.01 44.62 0.0628
81.45 176.43 26.90 27.84 0.0627
119.47 102.97 30.94 30.21 0.0627
332.35 246.37 40.50 73.22 0.0623
298.46 27.38 46.91 70.61 0.0618
9.06 188.99 18.82 19.64 0.0608
9.67 253.55 20.68 19.56 0.0607
441.86 95.15 65.75 68.10 0.0599
179.91 39.05 59.44 87.86 0.0599
538.90 181.84 78.19 94.33 0.0597
564.37 39.34 89.35 104.11 0.0594
659.34 129.32 79.62 109.46 0.0592
278.64 260.62 67.13 98.10 0.0587
143.84 366.08 50.22 56.58 0.0580
35.95 184.94 24.81 21.93 0.0579
292.77 322.03 59.58 82.55 0.0567
511.90 0.21 50.12 60.59 0.0560
5.19 140.97 18.76 16.96 0.0558
83.41 222.78 20.51 20.05 0.0557
598.92 0.00 122.37 41.17 0.0549
7.46 8.40 25.47 24.94 0.0548
38.56 202.91 21.82 21.38 0.0546
437.73 50.72 46.53 50.39 0.0539
113.07 372.94 37.32 35.53 0.0539
396.43 82.93 65.39 72.61 0.0538
584.76 295.91 87.78 115.63 0.0525
577.87 133.80 104.85 100.63 0.0525
643.55 82.75 157.49 200.71 0.0521
37.26 222.85 22.13 21.78 0.0517
393.66 147.16 64.61 88.25 0.0512
468.42 327.44 34.74 38.19 0.0510
80.18 343.84 35.14 37.91 0.0508
208.42 54.71 76.72 86.38 0.0507
83.04 250.08 23.06 23.25 0.0504
