10_People_Marching_People_Marching_10_People_Marching_People_Marching_10_People_Marching_People_Marching_10_1020
42
693.51 103.34 32.16 46.21 0.5362
266.85 378.87 138.14 117.86 0.3067
434.32 339.06 173.44 174.46 0.2361
668.73 98.06 47.70 51.93 0.2310
852.38 183.27 25.17 30.61 0.2063
624.57 354.38 27.08 46.06 0.1909
419.71 356.53 97.62 109.41 0.1617
584.89 349.67 58.57 65.83 0.1551
544.76 347.04 55.10 60.59 0.1537
873.68 249.07 55.91 49.81 0.1296
716.21 421.68 75.75 137.74 0.1292
576.16 125.71 113.98 99.37 0.1262
628.22 315.89 33.25 53.67 0.1071
507.33 335.10 115.31 130.30 0.1068
655.61 288.01 41.21 62.54 0.1034
614.79 109.37 69.03 62.49 0.0954
588.79 325.24 37.14 58.51 0.0906
491.67 340.22 67.92 62.37 0.0906
339.78 346.82 144.80 127.72 0.0900
654.15 373.71 114.56 156.30 0.0862
518.40 443.35 134.53 103.90 0.0853
545.60 322.79 36.16 45.18 0.0850
641.47 327.55 55.23 75.44 0.0796
848.50 237.93 62.69 62.89 0.0746
628.85 279.27 48.37 56.86 0.0719
635.53 481.07 74.32 101.01 0.0716
500.71 316.88 51.89 46.19 0.0705
867.37 200.63 48.78 67.10 0.0699
602.12 477.71 74.80 88.38 0.0692
899.41 271.51 47.99 53.57 0.0654
671.03 267.38 61.83 66.33 0.0644
677.76 327.18 63.33 85.02 0.0637
583.13 335.35 84.30 121.48 0.0631
677.70 444.58 76.05 121.64 0.0623
196.06 385.12 121.86 140.19 0.0615
674.71 301.60 51.99 57.03 0.0589
706.84 265.91 70.08 59.81 0.0559
215.10 369.27 75.51 98.28 0.0558
0.00 403.53 216.26 324.68 0.0557
638.05 253.10 73.37 87.09 0.0516
682.37 86.23 94.92 111.49 0.0515
702.80 292.32 124.16 261.16 0.0513
