10_People_Marching_People_Marching_2_40
200
668.35 206.13 35.38 39.40 0.7492
99.16 465.13 63.19 94.73 0.6933
719.73 274.29 48.54 53.68 0.6880
834.96 250.67 51.86 59.69 0.6559
688.77 254.38 34.57 41.01 0.6136
613.07 277.56 46.69 48.17 0.5162
518.62 88.26 21.53 27.10 0.5132
46.25 134.20 36.09 44.71 0.5031
269.05 121.23 22.58 26.24 0.4952
585.97 280.35 41.64 41.04 0.4652
922.57 379.10 37.11 47.11 0.4611
376.22 90.96 20.03 26.68 0.4599
532.58 545.05 70.50 54.07 0.4558
989.15 356.68 33.52 47.55 0.4529
712.95 378.24 45.42 52.94 0.4523
356.09 584.07 46.62 68.09 0.4355
979.87 290.92 37.42 41.92 0.4268
951.62 328.35 27.67 36.46 0.4250
231.54 94.86 22.38 24.50 0.4205
1.04 485.10 33.66 42.15 0.4128
877.94 93.47 25.99 30.45 0.3914
415.87 98.99 21.27 24.51 0.3847
777.82 205.60 37.38 41.03 0.3793
74.40 131.06 42.87 48.37 0.3766
925.95 257.78 29.09 35.94 0.3755
1.25 66.68 26.39 38.72 0.3702
808.23 240.78 43.51 56.26 0.3689
704.37 93.81 16.62 21.96 0.3640
410.61 43.60 16.82 24.56 0.3579
689.87 263.48 51.56 55.91 0.3533
219.49 187.72 38.18 49.70 0.3490
404.18 159.10 23.83 31.67 0.3452
86.12 93.50 27.09 27.61 0.3426
156.76 45.86 17.99 22.44 0.3395
668.72 100.09 18.55 21.64 0.3330
4.63 48.33 22.73 30.94 0.3289
155.75 225.44 42.14 46.86 0.3238
629.82 101.22 17.55 22.41 0.3217
742.44 116.36 24.81 31.74 0.3210
193.16 75.52 22.28 28.34 0.3141
669.29 119.31 19.79 24.49 0.3067
852.44 53.36 16.28 22.19 0.3022
623.81 122.49 22.57 24.94 0.3007
452.70 42.92 17.40 26.00 0.2993
812.14 50.14 17.21 22.99 0.2977
366.41 222.54 30.44 40.71 0.2893
95.31 138.15 36.07 37.83 0.2866
949.33 195.73 26.31 30.05 0.2865
776.33 115.92 21.27 28.98 0.2849
689.11 548.04 60.34 90.51 0.2846
302.77 97.36 18.59 21.53 0.2841
184.91 83.63 27.02 34.19 0.2808
48.83 73.33 24.73 28.06 0.2808
535.26 300.97 64.47 42.56 0.2807
742.40 102.18 22.18 29.20 0.2778
518.14 39.78 17.26 25.35 0.2772
806.38 114.33 22.50 27.40 0.2759
135.12 390.17 38.56 47.12 0.2740
707.14 52.04 13.32 15.90 0.2700
3.17 382.73 33.23 66.77 0.2663
854.28 101.15 20.85 27.23 0.2655
334.61 141.86 22.89 31.41 0.2650
373.77 79.56 17.89 26.85 0.2627
76.45 351.90 26.04 34.57 0.2613
338.51 101.21 17.02 21.72 0.2603
360.37 133.50 29.70 32.38 0.2589
447.41 98.98 18.34 25.90 0.2583
338.81 76.30 14.82 17.29 0.2579
266.44 70.75 18.01 22.38 0.2565
149.10 75.37 22.81 30.19 0.2564
341.55 124.94 21.29 22.46 0.2561
704.09 139.51 19.88 26.60 0.2548
635.03 49.39 12.32 18.03 0.2533
743.06 54.22 13.20 17.71 0.2526
852.92 113.25 21.72 28.95 0.2521
395.68 575.27 31.94 48.36 0.2516
561.98 52.74 15.14 22.42 0.2513
574.34 195.65 35.02 43.62 0.2494
836.09 192.01 29.40 29.68 0.2489
742.03 74.38 15.69 18.44 0.2482
4.90 333.78 23.63 39.04 0.2463
150.22 149.01 26.84 27.86 0.2459
140.75 86.49 28.61 31.89 0.2430
777.19 101.84 19.29 25.99 0.2418
669.30 53.80 11.87 13.87 0.2410
809.51 103.51 19.60 27.92 0.2409
305.19 146.65 29.11 32.26 0.2394
954.07 281.08 49.19 55.52 0.2338
876.27 103.33 29.59 39.43 0.2338
480.29 94.23 21.18 27.13 0.2337
0.00 450.04 34.81 64.21 0.2330
587.23 126.88 22.00 30.65 0.2321
157.45 33.20 15.61 22.44 0.2312
86.65 44.93 20.50 22.48 0.2302
563.51 97.74 22.77 24.53 0.2299
338.18 49.41 15.28 20.32 0.2287
588.75 98.25 19.92 23.41 0.2284
453.06 28.52 17.73 28.51 0.2277
705.26 79.16 17.69 22.06 0.2269
224.47 149.34 32.36 36.02 0.2262
551.96 262.81 40.80 33.18 0.2261
554.14 245.32 31.57 28.13 0.2260
47.83 48.29 17.86 24.27 0.2258
193.30 51.74 15.68 18.91 0.2257
487.49 79.40 15.05 21.38 0.2247
704.46 124.67 18.36 25.40 0.2246
121.70 76.59 22.26 28.29 0.2246
303.65 78.45 16.28 21.19 0.2240
851.66 72.83 17.77 21.05 0.2237
780.13 53.23 13.54 18.89 0.2228
229.56 79.32 18.55 25.71 0.2222
593.91 52.27 14.08 18.91 0.2220
751.42 278.96 47.47 48.65 0.2194
736.60 133.61 24.40 32.28 0.2185
0.00 409.59 32.47 60.94 0.2181
669.00 79.35 14.07 17.00 0.2180
446.66 184.63 27.07 32.49 0.2177
487.16 146.86 28.59 31.48 0.2163
945.29 202.71 33.20 41.65 0.2149
120.19 51.33 14.43 19.01 0.2148
818.35 155.35 26.42 34.85 0.2118
814.10 30.65 14.88 22.06 0.2109
265.36 102.76 22.26 31.00 0.2107
779.48 76.45 15.70 17.34 0.2103
620.46 133.77 26.49 31.61 0.2102
948.65 259.66 39.12 39.99 0.2100
0.95 351.22 31.55 63.23 0.2095
754.56 381.13 164.35 182.70 0.2086
521.07 247.40 33.34 27.56 0.2061
266.52 55.18 14.78 20.44 0.2058
767.45 437.86 176.09 208.99 0.2045
517.18 281.60 63.36 48.20 0.2037
117.88 89.12 21.98 28.96 0.2032
805.98 221.42 30.81 37.50 0.2020
922.42 259.52 42.27 57.77 0.2019
82.89 77.96 23.39 35.41 0.2016
46.36 436.23 25.21 44.21 0.2005
848.82 289.11 45.30 56.23 0.1987
189.60 139.09 26.34 32.55 0.1951
411.60 116.92 22.79 28.32 0.1946
298.16 213.66 20.71 28.72 0.1932
654.03 393.38 128.76 173.57 0.1921
633.58 78.67 15.08 19.99 0.1889
561.54 145.15 23.19 23.74 0.1888
999.58 213.31 24.42 37.54 0.1888
835.44 212.29 35.39 36.97 0.1850
5.94 30.79 21.29 35.55 0.1841
304.43 48.15 14.33 19.67 0.1834
300.30 123.95 20.07 25.53 0.1831
809.46 70.01 19.40 22.33 0.1802
254.34 218.42 29.48 37.61 0.1800
349.66 519.88 49.36 79.51 0.1800
231.35 51.34 14.98 16.95 0.1796
99.42 443.08 53.26 74.77 0.1788
104.76 406.84 71.94 90.83 0.1773
195.34 32.21 12.24 15.63 0.1770
119.62 31.13 12.23 16.26 0.1765
731.10 246.18 48.89 59.54 0.1748
919.77 98.94 18.73 28.93 0.1743
304.74 28.58 13.88 19.89 0.1740
85.89 29.60 18.60 22.93 0.1734
300.80 195.54 22.54 32.18 0.1730
83.61 266.92 29.65 30.28 0.1725
706.09 30.78 12.67 17.86 0.1715
327.80 155.47 29.56 40.71 0.1711
515.48 257.98 50.07 37.06 0.1699
336.54 187.14 27.92 36.54 0.1693
47.34 28.87 17.72 24.10 0.1692
918.65 117.52 20.73 28.79 0.1688
377.73 52.82 14.42 21.30 0.1686
408.06 215.26 24.63 29.32 0.1673
660.94 490.43 94.29 113.91 0.1672
560.86 72.55 15.94 21.96 0.1671
667.20 173.03 26.67 33.43 0.1664
488.52 51.54 13.65 21.02 0.1655
780.72 30.75 10.79 14.95 0.1630
554.03 217.39 35.03 35.88 0.1621
335.51 29.33 17.53 23.83 0.1619
794.87 396.58 91.73 113.63 0.1598
672.61 32.09 10.96 15.04 0.1592
594.35 75.56 16.18 20.62 0.1589
369.19 162.47 27.76 35.46 0.1573
447.11 114.61 21.15 28.67 0.1572
190.91 185.06 40.83 59.98 0.1572
997.94 196.41 22.51 36.67 0.1568
771.19 139.13 25.33 29.69 0.1557
41.38 87.64 34.84 41.79 0.1534
40.96 443.44 37.51 62.41 0.1529
226.87 111.76 30.06 32.38 0.1527
569.60 242.76 45.50 43.79 0.1523
925.58 209.70 38.29 41.31 0.1512
992.81 221.57 31.19 53.85 0.1506
589.22 171.04 22.49 26.53 0.1504
482.38 115.08 25.03 30.37 0.1503
631.35 31.93 11.87 16.05 0.1498
850.88 0.23 21.57 25.43 0.1495
220.28 215.62 44.50 54.39 0.1489
746.02 31.19 10.35 14.68 0.1489
415.32 75.10 19.42 23.12 0.1477
850.52 318.39 49.43 60.84 0.1475
