39_Ice_Skating_iceskiing_39_908
16
585.47 192.71 438.53 243.17 0.2958
574.32 101.65 449.68 203.12 0.1874
572.90 279.41 451.10 296.59 0.1827
411.64 192.42 416.69 241.60 0.1026
433.82 351.56 374.20 224.44 0.0734
570.51 43.86 453.49 91.02 0.0653
5.65 356.57 66.38 219.43 0.0588
609.97 6.14 414.03 55.21 0.0491
99.01 346.64 164.73 229.36 0.0485
242.23 342.45 324.16 233.55 0.0429
166.18 352.45 182.56 223.55 0.0396
55.80 335.94 112.53 240.06 0.0393
587.93 16.69 436.07 22.56 0.0282
416.88 101.13 403.48 211.90 0.0249
265.85 137.08 436.25 259.91 0.0219
23.29 353.67 23.17 222.33 0.0204
