23_Shoppers_Shoppers_23_880
41
211.43 121.88 65.19 116.07 0.258364
417.91 110.66 107.76 195.73 0.238637
0.00 374.84 274.71 524.99 0.237770
199.57 50.47 67.03 136.37 0.190469
269.76 52.65 50.78 86.10 0.157529
720.52 108.53 162.31 482.70 0.150032
231.70 172.77 92.20 88.33 0.147966
367.33 42.14 95.22 197.06 0.137073
219.95 230.33 159.97 144.00 0.134484
110.79 433.31 253.65 385.74 0.112956
198.34 11.64 31.35 68.51 0.111058
228.03 578.74 114.77 199.17 0.110135
0.00 370.91 193.02 206.42 0.109096
442.11 181.79 83.99 183.79 0.108440
155.66 64.64 37.56 75.27 0.099819
319.25 67.17 50.80 101.55 0.099318
174.95 256.10 74.30 101.42 0.099137
338.79 181.45 133.71 198.37 0.093738
988.20 1307.63 25.69 56.37 0.093665
235.95 5.73 42.33 55.03 0.093081
0.00 417.15 96.61 283.72 0.088886
470.02 599.18 542.59 764.82 0.085758
155.57 89.95 45.39 85.01 0.081147
267.15 7.26 58.24 87.16 0.074215
943.69 1315.92 27.45 47.55 0.073801
268.82 297.52 106.35 123.38 0.072381
47.37 379.41 95.31 95.05 0.070145
146.86 1.56 27.83 59.07 0.070018
279.21 105.01 90.73 129.06 0.067034
380.02 743.57 78.30 118.84 0.064589
678.35 149.97 301.12 576.95 0.062727
307.90 693.35 98.84 167.50 0.060539
239.10 462.31 129.13 165.26 0.056791
326.31 309.56 100.54 128.92 0.056203
152.39 275.62 105.53 145.59 0.056113
400.67 647.56 70.52 100.15 0.055628
86.35 375.15 242.69 216.92 0.054413
371.76 4.97 44.93 89.34 0.054114
425.34 617.72 58.73 69.60 0.053242
364.17 477.97 55.43 83.61 0.052091
416.71 676.66 86.92 133.94 0.050940
