23_Shoppers_Shoppers_23_665
57
337.56 157.79 179.45 211.23 0.694895
748.30 223.26 76.93 72.41 0.176882
980.42 495.58 40.42 63.96 0.159534
585.69 13.37 73.58 73.04 0.149987
221.15 50.91 110.07 149.60 0.146385
496.90 11.72 116.24 116.76 0.115243
546.59 123.04 65.90 116.33 0.106440
501.40 52.94 126.52 139.86 0.105213
702.05 145.80 84.42 85.08 0.101445
181.22 417.19 89.74 109.97 0.097703
786.85 324.10 70.97 67.01 0.097081
108.42 371.51 223.34 264.51 0.096718
277.11 36.73 173.57 166.58 0.094408
136.41 493.01 54.16 65.94 0.094204
432.30 71.68 170.70 256.79 0.093137
879.57 239.70 63.93 70.65 0.091519
773.03 271.37 79.94 103.02 0.087142
866.36 260.94 91.43 142.89 0.085350
927.48 505.68 87.42 127.95 0.083332
697.65 203.14 61.88 97.16 0.082772
935.91 456.21 72.05 103.49 0.077408
922.79 192.03 64.56 53.10 0.076974
206.38 409.81 65.58 69.78 0.076808
327.60 94.84 191.63 164.09 0.076371
880.94 199.08 80.16 59.92 0.074779
571.38 56.31 84.69 119.16 0.073134
964.39 416.45 59.16 149.25 0.072996
158.31 322.73 33.67 46.89 0.070341
349.14 265.72 156.33 157.91 0.069047
634.31 73.01 82.74 107.86 0.067776
220.05 292.98 92.17 110.29 0.067596
157.43 305.40 31.84 44.57 0.067366
689.93 86.26 107.77 95.33 0.067222
879.59 459.39 46.18 81.18 0.064355
651.29 628.56 75.25 50.44 0.061233
627.93 161.03 98.06 162.53 0.061080
888.64 173.40 68.86 46.73 0.060909
154.80 415.46 78.25 74.26 0.059188
831.86 182.53 97.22 97.82 0.058017
611.20 79.21 124.96 185.16 0.055670
953.59 263.85 70.41 75.77 0.055454
179.87 293.81 53.34 78.56 0.055219
896.32 153.00 78.78 47.34 0.055204
837.79 315.87 70.47 84.95 0.054862
924.82 576.59 77.69 93.35 0.054525
184.38 263.05 45.05 68.73 0.054138
561.44 95.57 101.93 160.30 0.053792
776.31 166.22 81.76 82.16 0.053668
776.19 139.14 75.04 70.97 0.053201
687.19 30.40 169.98 136.60 0.052866
909.42 314.56 76.70 100.97 0.052825
687.56 271.05 62.66 91.02 0.052803
971.29 295.53 51.16 63.11 0.052488
835.92 213.72 111.25 121.19 0.052449
374.16 1.74 43.81 41.98 0.052346
104.83 528.21 62.67 62.55 0.051212
920.34 230.36 56.27 55.09 0.050374
