26_Soldier_Drilling_Soldiers_Drilling_26_934
167
483.60 69.12 88.74 116.95 0.8363
673.38 211.76 74.49 93.66 0.6607
142.42 389.27 75.75 104.06 0.5036
683.41 161.93 89.13 123.97 0.4835
77.19 167.29 30.02 58.49 0.4761
795.49 578.24 87.73 124.31 0.4074
758.18 645.70 117.33 118.28 0.3815
458.54 588.57 300.95 263.16 0.3667
723.07 160.90 75.44 104.91 0.3527
4.46 69.92 39.97 82.60 0.3275
961.65 210.39 40.62 55.54 0.3139
153.21 127.03 43.14 64.70 0.3032
336.69 705.04 114.64 83.61 0.2817
18.25 64.76 46.22 80.55 0.2724
146.49 232.36 29.49 41.58 0.2408
793.50 730.67 168.94 198.09 0.2284
625.36 645.21 124.57 137.69 0.2167
707.55 634.05 143.78 172.91 0.1953
921.17 231.83 28.14 42.22 0.1817
557.23 434.79 58.85 147.64 0.1789
118.62 212.05 68.43 156.87 0.1753
88.13 326.36 99.54 168.69 0.1732
722.17 615.53 88.94 97.27 0.1712
538.25 89.12 90.22 130.88 0.1705
172.12 708.67 66.80 68.90 0.1644
736.37 607.55 44.56 55.62 0.1581
134.84 226.05 43.30 90.45 0.1570
607.21 251.59 51.68 68.53 0.1543
834.11 615.19 75.41 90.78 0.1535
880.65 204.32 41.40 65.77 0.1506
749.42 676.98 170.35 143.09 0.1492
750.34 231.38 61.32 84.06 0.1485
859.17 171.31 67.69 93.85 0.1481
607.84 164.09 54.14 85.96 0.1439
910.37 187.11 40.91 64.87 0.1409
732.11 405.34 37.40 43.28 0.1325
117.90 197.10 44.26 64.83 0.1301
973.18 213.90 48.95 110.30 0.1288
62.06 230.15 107.06 192.07 0.1257
767.67 191.09 74.38 96.29 0.1215
152.02 346.79 103.17 137.73 0.1210
412.86 501.29 113.41 146.75 0.1203
801.31 200.58 83.71 118.87 0.1198
778.28 479.84 149.77 219.48 0.1177
0.00 143.52 31.94 76.37 0.1168
548.87 442.55 115.40 180.92 0.1152
744.55 804.64 104.13 141.36 0.1145
152.00 659.13 97.70 83.81 0.1141
849.05 620.98 125.57 167.84 0.1137
584.28 105.94 78.97 116.74 0.1121
890.80 634.01 54.33 60.86 0.1111
913.80 232.13 41.39 96.60 0.1081
735.87 868.19 56.91 73.97 0.1078
167.61 170.91 57.79 107.60 0.1075
915.66 252.98 65.00 174.10 0.1072
68.67 284.97 43.59 73.78 0.1069
247.82 650.48 54.23 76.95 0.1043
63.82 324.59 72.40 133.67 0.1041
1.69 318.86 41.28 81.68 0.1027
634.43 105.16 72.49 107.20 0.1002
0.00 185.45 28.21 61.24 0.1000
72.90 213.88 37.49 75.12 0.0986
689.13 311.47 277.20 400.41 0.0984
0.00 228.25 36.65 90.22 0.0965
445.64 472.99 70.12 104.76 0.0964
565.27 403.16 44.41 80.48 0.0962
713.66 369.94 172.48 253.20 0.0961
715.03 767.06 92.38 133.06 0.0954
383.42 642.37 109.84 113.15 0.0939
994.07 590.91 29.93 83.43 0.0927
112.20 162.13 41.14 78.96 0.0924
204.11 127.92 46.28 68.74 0.0924
881.51 148.89 76.61 104.60 0.0920
691.54 389.44 40.83 52.32 0.0916
748.46 126.41 91.59 132.81 0.0909
40.25 230.76 54.16 104.95 0.0905
954.97 364.59 69.03 196.00 0.0904
466.15 464.64 47.71 64.89 0.0895
44.09 522.11 88.92 186.01 0.0887
517.04 635.58 154.93 128.49 0.0880
973.14 252.92 50.86 140.49 0.0871
242.51 191.45 54.59 124.35 0.0870
689.82 812.78 56.89 85.25 0.0864
884.66 657.10 68.13 81.29 0.0864
976.71 600.42 47.29 124.45 0.0848
794.27 265.87 93.81 130.25 0.0840
31.74 41.49 34.15 70.37 0.0840
731.24 404.54 60.98 79.77 0.0840
651.06 726.80 108.19 143.19 0.0838
667.27 606.06 73.08 82.06 0.0838
7.77 842.53 24.06 42.80 0.0824
872.76 821.82 89.28 123.63 0.0822
756.18 357.86 116.31 105.39 0.0820
0.00 421.96 31.95 101.63 0.0812
994.56 555.84 29.39 69.81 0.0804
71.23 502.43 45.99 65.72 0.0802
101.92 476.72 55.89 79.01 0.0799
697.77 862.04 50.67 66.93 0.0790
37.82 178.35 44.33 71.07 0.0782
31.56 608.62 56.86 112.37 0.0777
760.12 270.45 76.06 99.32 0.0777
183.46 319.34 72.83 118.21 0.0776
910.14 616.72 84.05 110.58 0.0776
0.00 462.93 34.71 117.51 0.0776
131.25 216.14 105.44 193.69 0.0758
866.21 718.07 105.08 121.24 0.0756
581.02 215.56 58.50 90.40 0.0745
946.85 143.42 59.28 97.56 0.0738
982.04 137.92 41.96 106.52 0.0735
649.22 902.91 45.31 41.65 0.0727
801.60 122.24 111.59 150.11 0.0726
35.11 292.84 57.41 114.92 0.0724
0.00 361.50 37.39 81.16 0.0722
425.79 597.27 86.65 88.52 0.0716
609.24 466.80 90.87 117.17 0.0704
496.66 415.59 69.21 117.55 0.0702
700.67 905.55 48.42 40.45 0.0699
710.17 369.89 69.28 84.87 0.0695
20.20 353.69 48.08 89.92 0.0688
190.73 491.48 67.76 98.28 0.0684
306.65 618.06 126.23 124.21 0.0684
164.70 419.10 81.87 98.76 0.0679
547.05 194.92 51.49 81.42 0.0665
32.64 147.56 43.04 76.47 0.0652
955.33 647.29 64.77 108.16 0.0651
189.48 180.41 72.16 124.67 0.0651
67.37 413.51 78.51 109.83 0.0646
884.12 243.74 44.42 77.97 0.0646
313.79 139.84 52.42 87.60 0.0642
371.57 583.48 121.25 123.65 0.0638
536.45 224.98 64.40 89.22 0.0637
352.46 465.25 73.44 137.13 0.0636
5.74 793.93 23.16 49.24 0.0633
634.23 603.72 68.73 71.55 0.0623
280.27 180.47 52.62 110.04 0.0618
430.83 460.06 64.08 75.52 0.0617
453.22 571.23 65.48 76.16 0.0611
598.31 274.02 71.23 102.41 0.0609
878.25 89.89 90.08 123.19 0.0606
399.47 459.66 62.32 87.31 0.0606
907.65 767.24 69.24 84.79 0.0605
268.58 646.81 77.82 94.58 0.0602
654.80 389.89 48.88 73.83 0.0601
472.63 700.61 76.17 74.19 0.0600
63.49 588.18 133.33 177.50 0.0599
223.36 73.55 95.80 187.34 0.0597
552.38 551.18 55.29 94.51 0.0588
982.67 505.83 38.92 86.21 0.0587
116.60 129.80 40.22 54.10 0.0587
724.02 563.48 63.00 95.37 0.0586
478.97 696.27 148.94 119.39 0.0586
586.38 406.67 74.04 152.13 0.0584
537.36 358.27 49.30 59.42 0.0571
924.38 301.72 78.91 183.93 0.0563
577.30 294.55 57.41 85.08 0.0557
869.56 251.74 61.67 136.37 0.0555
0.00 698.67 25.39 56.62 0.0551
901.67 895.61 50.40 50.39 0.0549
936.39 434.44 73.49 153.89 0.0536
681.11 293.96 64.21 94.17 0.0532
447.00 46.96 95.38 118.40 0.0523
485.67 496.91 77.67 150.85 0.0519
19.86 421.55 50.22 107.46 0.0517
154.50 603.81 130.72 128.61 0.0510
398.47 165.59 48.37 70.51 0.0506
2.60 899.55 33.84 46.45 0.0504
79.68 480.10 72.57 134.59 0.0503
