26_Soldier_Drilling_Soldiers_Drilling_26_192
137
69.88 296.82 31.23 38.13 0.4057
231.81 333.53 26.84 41.47 0.3793
509.81 301.19 30.07 37.01 0.3027
404.00 262.16 28.01 34.98 0.2983
654.45 293.56 26.32 36.15 0.2750
639.52 337.14 48.62 68.79 0.2664
79.10 576.59 30.51 29.66 0.2478
555.38 309.02 21.91 28.43 0.2266
39.53 561.11 25.64 31.72 0.2092
239.81 328.95 38.64 46.47 0.2058
408.09 107.49 118.11 175.36 0.2040
145.45 318.33 24.58 38.59 0.1970
876.05 423.72 61.08 59.43 0.1945
476.48 285.91 34.55 45.17 0.1826
634.89 298.78 32.63 38.26 0.1758
43.69 375.51 28.72 46.35 0.1731
108.31 346.25 32.70 50.93 0.1683
578.29 340.35 33.39 50.95 0.1618
143.49 558.07 29.72 25.83 0.1518
101.93 389.07 32.05 44.27 0.1515
401.56 228.95 54.91 71.43 0.1482
369.07 83.99 121.19 151.98 0.1448
6.18 578.21 22.27 27.77 0.1427
78.32 489.96 39.79 37.21 0.1382
80.50 395.45 33.40 40.25 0.1380
38.61 504.48 25.29 29.58 0.1356
593.83 316.27 23.70 29.84 0.1354
8.74 502.23 22.87 28.39 0.1326
10.61 479.65 19.53 22.75 0.1294
442.80 257.32 41.75 47.89 0.1280
43.42 524.52 21.89 28.26 0.1267
49.88 296.24 35.19 43.16 0.1267
3.93 361.49 27.29 41.56 0.1219
105.78 306.46 34.06 47.05 0.1199
422.06 205.34 69.48 82.63 0.1166
841.01 447.66 39.62 39.39 0.1153
446.73 296.09 69.03 69.94 0.1148
191.83 408.99 35.58 52.75 0.1146
464.86 263.42 42.09 53.13 0.1122
780.58 446.11 69.52 54.53 0.1101
118.00 557.39 29.89 27.53 0.1091
107.97 287.69 30.97 41.58 0.1082
2.91 382.57 28.72 49.64 0.1042
112.22 172.97 30.79 57.97 0.1040
469.20 326.45 49.32 79.93 0.1025
114.35 253.75 30.03 44.57 0.1000
70.26 318.37 46.86 70.47 0.0995
37.99 339.05 35.00 66.01 0.0985
375.50 126.11 39.35 61.58 0.0963
43.91 480.62 21.91 26.59 0.0956
128.39 161.69 49.21 75.16 0.0952
438.91 533.86 83.06 50.48 0.0931
7.53 525.10 23.39 26.96 0.0909
150.79 293.80 23.15 38.79 0.0900
408.21 310.96 47.19 66.57 0.0887
118.81 232.63 29.26 50.71 0.0879
504.99 523.64 45.42 31.16 0.0877
72.07 359.00 42.72 54.61 0.0876
560.52 336.12 38.00 44.36 0.0865
179.26 553.16 45.63 32.40 0.0855
44.11 402.29 27.60 42.28 0.0847
505.35 609.38 39.26 23.65 0.0837
366.02 316.52 47.52 55.90 0.0835
878.77 401.74 46.61 33.68 0.0831
475.74 520.73 78.22 64.02 0.0825
508.33 305.54 41.25 65.85 0.0802
657.31 348.06 66.04 60.19 0.0787
725.82 451.44 56.95 51.86 0.0774
825.87 528.10 55.03 40.08 0.0769
4.80 310.17 24.03 35.78 0.0763
217.34 553.50 52.22 27.85 0.0760
186.96 308.88 26.73 38.56 0.0758
3.17 253.63 22.55 37.91 0.0753
401.84 601.43 81.73 36.43 0.0746
847.73 417.86 57.70 49.21 0.0742
49.06 270.23 32.37 49.11 0.0739
102.68 569.09 40.94 37.91 0.0738
215.87 374.16 42.93 67.99 0.0736
677.71 336.29 48.11 50.88 0.0735
432.24 569.30 91.24 48.52 0.0726
78.87 518.92 31.91 32.72 0.0716
9.08 559.35 25.98 31.74 0.0715
438.52 604.71 68.22 33.70 0.0713
187.63 294.19 21.47 31.46 0.0705
991.56 406.99 32.44 53.24 0.0701
0.00 408.57 27.43 43.39 0.0683
493.28 572.73 64.00 49.44 0.0682
490.37 328.46 74.87 100.49 0.0681
992.25 371.03 31.75 62.37 0.0679
537.81 541.05 46.56 40.89 0.0678
334.62 328.92 34.61 49.96 0.0677
167.31 424.18 81.64 107.67 0.0676
265.69 382.96 85.63 119.37 0.0672
4.40 287.14 22.75 34.61 0.0663
147.48 530.63 35.70 40.99 0.0657
933.63 409.71 48.40 48.25 0.0656
137.29 260.20 33.27 39.19 0.0646
74.72 449.38 36.28 37.26 0.0645
540.89 530.60 38.18 32.33 0.0644
813.73 542.09 67.94 64.15 0.0637
367.10 285.69 37.31 56.98 0.0634
83.06 171.52 25.56 45.38 0.0633
176.97 156.79 31.20 42.84 0.0632
145.17 497.95 58.81 52.77 0.0625
760.36 572.64 100.87 59.24 0.0623
605.86 581.65 56.66 26.37 0.0619
462.83 522.35 56.80 37.09 0.0613
437.93 328.32 111.70 121.25 0.0609
358.69 494.91 81.95 48.02 0.0601
569.07 344.43 64.11 98.75 0.0599
593.54 293.99 23.13 33.62 0.0598
168.49 517.35 52.36 52.65 0.0593
635.38 374.08 62.28 86.55 0.0593
84.59 159.97 21.59 36.92 0.0585
100.37 505.93 39.92 52.74 0.0584
748.32 464.88 71.47 42.28 0.0584
741.66 483.70 73.54 45.31 0.0582
988.19 311.37 35.81 99.50 0.0574
920.28 442.94 61.62 61.41 0.0565
360.32 518.62 91.89 48.76 0.0561
78.34 232.94 32.93 46.23 0.0557
317.71 369.65 63.84 114.92 0.0554
987.98 435.35 36.02 62.76 0.0554
187.19 327.98 32.32 52.31 0.0551
865.80 452.38 83.39 79.83 0.0541
134.55 217.23 38.01 55.09 0.0534
531.49 332.33 77.80 118.10 0.0532
142.07 347.09 34.11 56.30 0.0528
707.53 317.94 110.51 92.33 0.0527
297.25 344.05 31.61 53.68 0.0523
224.72 390.04 73.29 107.34 0.0522
752.43 519.70 72.03 43.08 0.0521
228.32 518.87 89.14 65.18 0.0514
326.50 351.10 45.10 69.95 0.0506
250.83 284.69 32.00 51.41 0.0505
185.36 264.99 21.73 27.71 0.0505
575.69 531.67 43.24 34.03 0.0504
