26_Soldier_Drilling_Soldiers_Drilling_26_390
200
205.96 145.46 75.13 45.66 0.4303
302.92 307.70 79.07 53.05 0.3557
22.59 321.06 61.93 57.05 0.3421
53.86 331.41 49.26 48.26 0.3000
267.18 158.66 83.93 49.01 0.2935
145.23 138.88 99.59 51.46 0.2609
58.18 200.36 107.58 67.14 0.2607
471.75 475.79 64.16 57.96 0.2479
505.04 277.32 119.03 107.73 0.2476
473.43 185.88 56.99 32.29 0.2311
370.06 508.13 46.20 39.77 0.2311
668.61 489.44 27.89 34.15 0.2116
550.07 31.53 73.57 45.11 0.2006
139.21 286.08 182.21 105.45 0.1987
461.24 134.92 58.53 41.55 0.1847
623.28 236.06 68.86 68.88 0.1827
394.94 497.66 41.48 37.61 0.1785
290.90 290.98 142.74 108.13 0.1753
81.12 416.72 30.55 35.66 0.1709
466.16 148.38 69.92 46.38 0.1707
70.48 301.85 86.00 58.60 0.1687
499.38 323.50 87.53 72.97 0.1674
445.39 485.38 64.63 46.47 0.1670
552.53 244.26 119.07 105.79 0.1665
401.66 157.13 44.36 30.14 0.1664
246.92 466.34 35.93 34.54 0.1651
110.47 162.02 103.88 55.62 0.1611
389.81 391.99 92.15 60.91 0.1599
309.71 37.72 107.07 55.02 0.1577
336.57 335.73 154.32 120.01 0.1576
441.72 128.72 46.09 39.22 0.1571
493.97 194.85 55.00 36.67 0.1565
150.73 481.91 37.38 36.91 0.1510
115.75 143.94 42.28 25.11 0.1504
538.44 463.75 50.37 28.68 0.1500
361.40 162.92 38.41 29.33 0.1499
240.29 297.53 98.84 63.86 0.1483
424.24 70.20 46.00 33.62 0.1451
432.94 135.41 65.19 54.86 0.1420
106.59 148.39 75.00 44.36 0.1381
544.30 40.91 92.96 69.62 0.1380
479.00 507.54 66.96 64.56 0.1377
305.87 449.92 53.88 52.31 0.1365
517.24 203.98 62.64 32.64 0.1341
33.35 420.65 31.21 35.68 0.1333
505.07 234.65 55.96 32.69 0.1313
96.87 348.61 50.61 36.82 0.1292
332.63 162.80 74.85 51.65 0.1291
68.02 226.11 129.48 70.57 0.1288
164.71 105.96 196.45 99.78 0.1287
623.78 163.59 25.96 21.99 0.1265
61.83 157.21 57.06 34.85 0.1252
594.03 499.17 52.07 51.76 0.1251
32.35 439.16 32.82 40.11 0.1239
287.20 488.44 66.05 73.40 0.1230
513.29 25.19 43.31 31.62 0.1206
501.43 471.53 84.04 58.88 0.1197
4.57 361.36 34.13 37.40 0.1197
3.29 170.76 38.32 44.10 0.1196
376.93 288.85 87.04 72.32 0.1188
311.51 477.50 70.98 79.22 0.1183
513.96 69.66 64.29 52.44 0.1174
32.33 192.35 82.55 58.53 0.1170
617.19 486.88 40.73 43.14 0.1159
25.53 180.36 54.35 54.11 0.1159
153.40 423.63 23.56 26.91 0.1158
625.37 471.38 34.91 38.26 0.1136
153.03 439.96 31.16 34.92 0.1134
77.25 363.09 30.30 29.87 0.1131
78.08 400.71 30.45 39.33 0.1121
40.45 350.85 37.22 41.96 0.1120
378.94 57.14 71.78 45.41 0.1111
0.00 195.61 67.89 79.23 0.1108
564.57 453.66 52.89 42.04 0.1104
412.03 313.34 84.97 65.46 0.1101
462.79 324.27 81.72 78.56 0.1090
175.79 482.36 56.47 45.71 0.1088
4.76 411.35 25.07 34.54 0.1087
106.97 400.90 30.07 27.31 0.1086
421.17 79.53 50.94 47.40 0.1083
366.08 461.50 48.81 46.35 0.1080
31.98 242.37 98.76 83.17 0.1080
434.63 167.67 70.53 53.42 0.1064
527.59 489.28 63.04 60.80 0.1059
503.17 446.97 55.80 44.72 0.1058
58.97 124.36 44.90 37.33 0.1056
84.65 471.27 22.98 32.61 0.1053
30.37 164.63 38.83 29.74 0.1030
250.15 35.91 116.96 46.66 0.1028
469.73 230.26 60.52 39.63 0.1028
550.13 126.24 58.40 46.39 0.1027
397.61 355.34 101.06 74.68 0.1026
108.30 413.66 29.60 32.67 0.1025
223.28 471.44 47.64 44.82 0.1024
380.47 162.82 80.70 73.28 0.1023
8.54 397.92 22.33 29.89 0.1020
196.76 23.59 213.10 109.90 0.1013
501.38 241.58 88.75 58.79 0.1003
446.31 21.19 40.43 25.85 0.1002
733.63 484.78 34.37 32.14 0.1001
187.57 387.88 41.36 31.89 0.1000
622.79 370.68 37.61 37.11 0.0996
120.57 213.86 117.15 73.88 0.0986
584.12 237.20 84.38 59.68 0.0980
500.26 106.44 60.09 48.60 0.0978
388.48 71.94 68.33 54.97 0.0978
535.99 444.87 56.29 38.52 0.0968
565.50 442.21 49.78 33.81 0.0959
622.55 177.05 31.43 28.44 0.0950
510.72 33.41 80.75 54.28 0.0947
442.68 36.01 48.72 37.23 0.0925
839.22 208.89 27.57 26.97 0.0921
619.91 97.16 36.38 29.26 0.0916
204.91 340.83 109.23 76.09 0.0910
245.38 132.64 150.84 116.03 0.0899
169.48 332.90 103.38 75.16 0.0899
344.36 61.91 95.62 68.84 0.0894
733.76 233.30 29.07 26.96 0.0882
533.20 517.76 50.67 48.95 0.0872
444.55 6.02 33.22 24.28 0.0870
459.67 31.99 73.65 63.74 0.0864
701.24 253.68 31.22 38.80 0.0864
282.25 282.05 65.97 65.18 0.0863
365.52 209.23 85.57 81.52 0.0863
211.33 187.43 137.55 108.92 0.0860
575.89 210.57 45.23 32.38 0.0859
628.14 112.73 27.28 22.05 0.0858
390.71 46.61 50.64 38.32 0.0856
471.69 23.49 43.69 29.24 0.0852
443.82 225.36 50.90 45.28 0.0850
462.44 438.85 50.42 41.93 0.0844
6.45 450.58 38.30 53.04 0.0839
732.32 473.22 29.22 26.47 0.0835
41.60 397.94 27.03 31.64 0.0834
583.64 155.19 38.78 30.34 0.0829
456.39 84.62 65.80 53.67 0.0825
381.31 488.74 81.79 80.95 0.0804
437.33 195.15 69.01 53.27 0.0798
533.94 423.69 56.27 39.52 0.0794
589.76 379.02 41.28 41.16 0.0792
303.39 347.17 106.32 93.38 0.0791
701.81 467.14 33.81 33.90 0.0790
576.49 421.66 39.50 26.85 0.0787
698.55 481.64 30.81 39.20 0.0772
105.13 464.90 36.14 37.43 0.0769
111.45 440.10 27.61 26.67 0.0768
587.30 184.31 41.42 27.57 0.0767
617.13 342.76 51.49 56.10 0.0757
925.97 216.40 19.34 16.87 0.0756
427.44 481.83 92.84 96.91 0.0754
255.61 382.22 59.09 44.45 0.0752
693.49 234.90 37.69 43.78 0.0750
257.46 400.86 47.61 44.78 0.0749
602.42 70.91 54.22 34.72 0.0743
0.00 264.67 116.02 108.22 0.0735
513.83 424.39 47.73 40.92 0.0727
498.02 355.24 71.36 74.85 0.0718
284.86 402.00 53.98 52.94 0.0717
62.37 95.07 40.10 35.19 0.0715
222.74 234.16 121.90 104.38 0.0712
661.93 45.67 46.52 31.26 0.0711
579.09 75.94 59.61 49.17 0.0706
173.86 439.11 48.06 54.95 0.0699
307.19 406.04 65.77 53.65 0.0692
584.55 359.90 48.54 42.07 0.0688
311.22 150.16 144.79 122.48 0.0687
654.90 70.18 36.29 30.53 0.0685
5.25 135.44 36.97 37.99 0.0684
19.47 461.32 46.24 66.27 0.0681
262.38 191.95 132.96 126.40 0.0673
621.87 410.42 36.91 32.23 0.0671
772.06 471.14 27.69 21.23 0.0670
221.61 378.77 53.07 43.38 0.0669
319.32 500.19 92.78 88.22 0.0668
389.66 461.18 52.00 49.15 0.0660
657.24 350.38 28.67 28.44 0.0656
664.74 89.51 31.80 29.43 0.0654
183.37 411.61 37.08 37.33 0.0651
591.10 43.96 64.15 34.93 0.0647
36.92 122.62 45.96 42.71 0.0643
106.50 366.69 41.56 31.11 0.0643
396.32 21.88 40.76 30.15 0.0631
4.85 206.83 167.37 139.39 0.0629
381.40 249.53 77.24 76.32 0.0625
477.42 5.88 37.27 24.58 0.0625
147.77 182.12 98.05 84.99 0.0624
663.78 398.09 28.44 28.44 0.0618
991.28 280.35 22.96 35.80 0.0613
582.76 138.03 46.96 39.09 0.0609
841.54 217.36 27.52 34.58 0.0601
307.80 248.67 75.82 81.78 0.0601
707.54 45.42 50.27 32.88 0.0600
41.76 92.78 36.76 34.84 0.0591
107.15 484.97 41.01 37.11 0.0589
652.46 370.24 35.31 38.40 0.0581
618.86 143.64 29.82 29.40 0.0577
364.61 0.96 37.12 20.70 0.0577
621.81 443.29 33.08 27.32 0.0576
135.70 346.81 65.33 51.62 0.0575
460.73 533.41 107.03 87.32 0.0568
