26_Soldier_Drilling_Soldiers_Drilling_26_149
151
758.59 247.99 96.84 100.94 0.9180
465.34 195.54 97.72 110.77 0.8975
224.30 220.93 102.67 121.67 0.8550
695.17 352.63 52.10 63.85 0.2680
5.34 522.19 67.24 70.79 0.2492
585.25 311.84 48.64 51.03 0.1915
0.72 474.30 31.25 38.17 0.1784
324.41 603.06 36.24 61.07 0.1613
45.35 460.35 22.24 21.07 0.1593
950.43 416.89 23.73 32.86 0.1567
22.94 543.89 63.39 70.15 0.1537
35.66 385.98 26.55 26.54 0.1500
406.98 485.82 159.38 112.94 0.1444
26.61 481.14 42.03 46.56 0.1289
438.85 454.98 82.65 62.57 0.1287
363.40 463.38 32.46 45.59 0.1277
53.27 564.95 74.49 72.36 0.1268
99.31 588.53 78.32 48.26 0.1153
110.04 616.79 79.63 56.64 0.1123
609.55 454.16 92.92 96.76 0.1101
868.61 399.97 42.43 43.40 0.1049
604.31 294.72 51.15 65.45 0.1037
442.51 407.02 112.87 107.38 0.1037
249.71 606.48 41.56 48.03 0.1017
772.18 551.60 27.46 28.61 0.0980
880.17 433.33 39.85 55.12 0.0973
104.21 556.32 52.09 33.11 0.0966
73.11 478.93 32.69 30.79 0.0941
293.90 625.10 47.65 55.90 0.0934
162.31 625.70 57.30 39.14 0.0928
510.27 480.11 80.75 60.92 0.0927
481.83 634.81 65.15 44.74 0.0920
41.58 441.99 25.83 29.74 0.0907
400.52 468.83 73.27 74.30 0.0901
720.21 317.21 70.07 95.82 0.0888
902.16 378.85 36.21 42.55 0.0887
952.43 507.79 30.02 44.77 0.0875
365.21 391.73 35.78 30.98 0.0874
851.18 495.26 51.06 47.74 0.0871
75.85 464.19 27.13 23.99 0.0871
79.42 413.92 23.88 22.69 0.0868
468.15 449.62 109.44 94.71 0.0867
99.94 523.16 56.88 56.60 0.0865
316.42 487.46 46.26 69.18 0.0860
402.95 451.63 42.79 46.99 0.0857
601.12 496.97 106.98 85.58 0.0837
323.74 361.97 41.88 49.51 0.0828
72.68 388.45 28.76 27.49 0.0826
291.84 593.03 38.26 72.17 0.0823
32.55 407.21 32.12 29.75 0.0822
430.11 416.62 85.07 68.22 0.0822
218.66 174.70 104.24 103.19 0.0821
521.41 500.35 102.24 71.31 0.0816
409.95 322.64 200.81 190.96 0.0803
119.82 389.06 29.71 25.07 0.0802
244.03 574.70 48.82 59.61 0.0792
396.79 436.32 37.86 37.07 0.0786
140.06 558.23 45.99 25.40 0.0782
307.07 437.92 48.22 46.10 0.0776
593.45 339.47 61.63 69.06 0.0774
657.06 373.72 59.27 79.08 0.0762
214.56 603.94 44.92 46.86 0.0756
566.62 482.92 88.54 69.36 0.0754
523.92 433.14 77.84 81.00 0.0752
114.32 409.83 32.03 29.08 0.0747
32.78 524.92 74.92 66.88 0.0740
367.58 481.28 55.16 80.17 0.0739
282.35 532.97 52.00 70.31 0.0727
294.26 442.07 64.95 75.77 0.0723
340.67 598.35 56.85 76.73 0.0722
77.20 437.66 26.02 23.61 0.0715
658.93 335.31 94.79 103.07 0.0714
74.32 589.24 84.10 74.63 0.0708
623.67 311.73 96.84 101.52 0.0705
5.88 437.22 31.17 43.60 0.0699
365.92 433.21 39.38 44.99 0.0689
811.83 557.54 22.87 27.35 0.0688
134.30 640.94 73.04 40.06 0.0687
874.64 585.71 25.00 30.23 0.0685
566.17 425.08 90.58 108.00 0.0681
141.59 383.59 35.33 31.53 0.0679
733.22 533.70 32.54 42.97 0.0676
846.42 516.01 33.61 41.55 0.0676
286.31 499.98 44.56 55.63 0.0675
892.20 388.75 49.66 63.06 0.0674
111.08 475.77 49.39 39.37 0.0666
240.34 461.99 76.69 70.71 0.0665
250.55 384.98 52.22 50.73 0.0664
294.98 374.76 45.53 44.65 0.0657
147.70 535.14 40.39 28.67 0.0656
282.33 470.12 55.70 69.80 0.0655
174.79 582.36 46.36 30.11 0.0647
669.38 462.63 62.52 93.18 0.0642
316.43 522.19 62.03 101.37 0.0641
9.66 409.64 27.91 30.02 0.0634
181.32 515.91 31.08 22.54 0.0632
214.15 477.36 50.56 46.71 0.0630
200.57 582.49 56.62 54.13 0.0630
147.15 435.32 28.91 28.25 0.0629
190.39 405.93 50.77 48.62 0.0627
604.54 51.50 273.42 269.95 0.0617
405.44 647.37 45.45 33.63 0.0615
869.70 504.30 37.77 52.31 0.0614
729.38 581.22 30.18 38.70 0.0613
101.48 500.68 58.92 49.44 0.0609
182.83 379.03 38.12 40.41 0.0608
532.14 321.72 96.20 87.86 0.0607
0.00 572.19 54.34 72.48 0.0605
599.71 374.86 71.75 94.63 0.0601
139.97 404.43 37.69 39.06 0.0600
993.10 422.57 30.36 51.02 0.0598
811.45 540.78 26.68 29.55 0.0597
638.63 555.50 50.01 35.87 0.0597
598.43 422.83 73.47 75.35 0.0588
862.10 359.80 51.12 43.22 0.0588
522.21 353.08 116.14 125.19 0.0583
756.86 339.83 66.06 83.84 0.0582
450.56 546.89 88.22 60.43 0.0577
220.79 410.79 55.07 57.91 0.0576
12.48 390.61 28.52 26.91 0.0573
325.85 410.73 34.34 30.03 0.0568
993.39 395.79 30.61 57.61 0.0566
50.62 491.34 60.15 56.94 0.0560
646.62 424.64 61.20 85.00 0.0553
439.74 642.44 56.97 38.56 0.0545
482.59 557.42 87.59 56.91 0.0544
843.66 561.35 24.97 25.00 0.0544
345.66 538.72 73.23 132.44 0.0542
991.93 451.25 29.91 52.27 0.0539
192.29 422.57 66.42 58.60 0.0539
285.18 433.81 51.20 53.13 0.0537
221.52 498.84 40.97 34.76 0.0535
353.66 355.15 55.63 50.34 0.0533
239.75 541.53 56.52 63.91 0.0532
289.55 407.85 46.58 38.22 0.0531
836.69 406.00 49.12 46.11 0.0531
249.60 498.70 53.84 45.05 0.0530
529.21 628.10 86.30 50.72 0.0530
247.29 425.80 61.66 62.83 0.0529
112.93 433.16 31.32 27.94 0.0523
133.84 251.27 87.11 98.93 0.0522
600.96 548.06 76.47 50.57 0.0519
507.27 158.92 75.55 101.10 0.0511
895.01 455.42 45.47 71.00 0.0510
310.88 326.39 76.65 88.10 0.0509
354.62 648.84 51.59 32.16 0.0507
259.98 289.38 79.44 81.34 0.0507
609.02 567.96 56.67 47.31 0.0506
510.49 607.89 77.02 51.91 0.0505
906.83 493.54 32.60 48.40 0.0502
397.55 399.03 37.90 38.24 0.0500
