26_Soldier_Drilling_Soldiers_Drilling_26_606
35
216.72 82.72 131.62 149.51 0.8653
636.68 109.23 131.69 185.45 0.7948
448.17 60.26 54.06 63.46 0.1822
439.06 45.14 47.62 59.00 0.1518
687.92 217.97 200.91 204.30 0.1207
638.87 42.38 224.81 217.63 0.1186
408.06 73.06 41.59 46.74 0.1046
111.06 15.60 195.90 109.80 0.0990
903.60 26.40 31.61 30.11 0.0959
676.63 253.36 121.92 150.41 0.0958
843.24 19.81 39.59 32.29 0.0843
516.82 364.57 81.10 120.25 0.0841
691.83 339.59 26.82 45.33 0.0821
450.04 26.95 51.79 48.02 0.0791
884.22 20.58 28.78 28.27 0.0784
396.54 63.58 65.50 95.51 0.0772
446.54 103.59 56.09 86.04 0.0729
430.38 58.54 63.67 116.32 0.0722
543.91 68.35 211.44 251.23 0.0715
570.50 183.62 199.39 175.01 0.0681
393.05 44.55 60.16 54.93 0.0680
226.35 217.27 140.29 142.22 0.0656
426.36 20.76 44.25 35.10 0.0636
537.51 302.34 53.61 97.62 0.0616
837.07 331.60 63.63 74.12 0.0598
776.22 174.56 141.38 181.30 0.0587
819.58 270.82 97.98 135.08 0.0560
661.38 374.25 38.19 66.07 0.0553
590.82 19.08 211.29 160.37 0.0552
706.94 131.74 146.88 181.50 0.0550
667.88 212.23 94.98 92.40 0.0546
222.91 0.00 204.58 96.96 0.0521
905.14 38.12 34.31 48.98 0.0517
995.13 21.49 28.87 57.79 0.0508
197.25 137.14 258.12 266.65 0.0501
