26_Soldier_Drilling_Soldiers_Drilling_26_259
30
413.15 344.38 110.53 150.51 0.7579
798.74 520.74 83.05 349.02 0.3355
797.66 447.47 48.69 164.32 0.1214
812.56 333.46 55.79 243.79 0.1086
741.87 899.59 40.89 48.84 0.0788
849.94 501.07 55.80 200.57 0.0774
103.61 522.93 78.62 313.31 0.0728
387.71 236.28 155.31 225.66 0.0724
176.51 139.99 283.98 508.48 0.0709
144.16 468.36 32.04 122.41 0.0706
727.14 129.75 49.88 52.87 0.0644
737.05 169.93 32.02 41.90 0.0624
120.07 196.54 81.81 271.32 0.0613
839.11 149.66 38.20 91.32 0.0603
356.85 300.53 110.29 166.78 0.0581
822.01 233.28 45.63 208.78 0.0578
905.15 307.71 42.40 172.87 0.0569
813.02 695.04 54.48 167.68 0.0553
120.97 146.39 155.16 374.19 0.0548
687.59 131.66 47.59 45.90 0.0546
836.99 794.16 29.58 96.18 0.0544
790.78 203.29 75.78 319.32 0.0538
201.46 119.03 62.26 60.64 0.0523
409.03 858.16 215.21 155.13 0.0522
313.84 763.88 226.42 223.41 0.0520
839.98 330.07 70.54 227.20 0.0519
133.30 623.59 46.16 212.50 0.0510
56.93 46.79 52.90 112.83 0.0503
903.52 754.74 53.30 195.37 0.0502
109.29 425.81 50.82 203.48 0.0501
