26_Soldier_Drilling_Soldiers_Drilling_26_359
48
621.67 855.78 73.65 206.20 0.2116
461.37 648.36 118.90 214.59 0.1597
472.11 854.18 141.60 238.62 0.1454
808.93 165.82 51.12 94.17 0.1312
11.43 1422.32 38.18 99.78 0.1301
591.49 871.04 55.15 167.07 0.1253
483.54 751.19 99.61 170.28 0.1193
97.40 1436.73 40.01 94.81 0.1184
479.62 529.03 115.57 227.64 0.1126
470.31 471.37 103.23 189.57 0.1124
765.29 181.32 71.40 138.85 0.1054
343.87 598.08 133.34 207.49 0.1047
805.39 152.07 82.36 150.88 0.1031
531.30 703.73 88.08 184.32 0.0979
566.91 1135.70 129.02 229.55 0.0952
429.60 712.83 94.86 189.22 0.0926
526.73 479.15 63.70 159.63 0.0883
444.99 881.34 209.08 447.32 0.0852
492.99 1127.26 196.90 375.94 0.0839
570.36 860.41 140.93 336.69 0.0838
690.23 321.70 51.64 147.36 0.0832
618.21 529.52 46.49 159.71 0.0831
666.58 321.92 52.99 145.07 0.0828
639.67 899.00 86.39 220.70 0.0806
536.81 514.01 83.45 188.80 0.0783
56.71 1144.05 56.36 194.14 0.0781
438.74 821.90 104.42 207.60 0.0753
566.30 473.42 59.06 164.58 0.0732
221.66 1351.06 23.89 63.99 0.0713
66.17 1432.31 52.89 115.92 0.0708
192.25 1346.34 29.64 79.16 0.0707
382.73 995.28 92.58 194.31 0.0705
260.57 1502.20 22.56 73.60 0.0660
562.72 1265.56 136.70 213.95 0.0655
137.26 1413.09 38.71 102.22 0.0644
403.59 887.20 154.36 327.52 0.0637
51.10 1043.35 80.23 236.37 0.0620
717.63 181.52 88.36 171.43 0.0592
617.89 600.30 56.30 155.72 0.0589
190.53 1391.29 33.69 101.93 0.0588
680.95 196.15 116.83 253.54 0.0585
219.94 1280.16 24.67 63.83 0.0559
135.96 1480.37 44.06 133.98 0.0540
110.00 984.82 44.98 200.41 0.0535
194.78 1269.27 32.64 76.53 0.0524
601.91 424.17 54.98 182.01 0.0519
194.26 1207.23 24.53 73.73 0.0512
117.49 1521.69 61.89 170.43 0.0504
