36_Football_americanfootball_ball_36_162
200
927.82 0.00 81.20 72.34 0.1921
50.48 48.61 80.36 72.07 0.1920
50.48 268.47 80.36 72.07 0.1920
50.55 512.79 80.22 71.99 0.1920
928.12 463.91 80.55 72.19 0.1920
50.52 561.63 80.25 71.95 0.1920
50.54 146.34 80.35 72.05 0.1919
50.51 439.51 80.24 72.04 0.1919
50.51 390.65 80.33 72.04 0.1919
50.49 195.20 80.41 72.08 0.1919
928.16 512.77 80.49 72.17 0.1919
50.50 97.48 80.38 72.10 0.1918
50.49 341.76 80.35 72.07 0.1918
928.10 561.61 80.60 72.22 0.1918
928.14 415.06 80.51 72.16 0.1917
891.63 439.47 80.23 71.98 0.1917
13.79 244.19 80.22 71.75 0.1916
50.28 0.00 80.89 72.21 0.1916
13.79 97.58 80.27 71.81 0.1915
342.99 585.97 80.47 72.18 0.1915
13.81 293.05 80.16 71.74 0.1915
13.82 439.65 80.13 71.70 0.1915
928.15 73.08 80.45 72.07 0.1915
891.32 0.00 80.91 72.13 0.1915
13.82 341.92 80.14 71.70 0.1915
525.60 48.36 80.79 72.56 0.1914
781.60 243.79 80.79 72.56 0.1914
781.60 317.08 80.79 72.56 0.1914
928.10 121.94 80.50 72.10 0.1914
928.10 317.37 80.50 72.10 0.1914
928.10 366.23 80.50 72.10 0.1914
196.46 48.36 80.88 72.56 0.1914
233.03 48.36 80.88 72.56 0.1914
269.61 48.36 80.88 72.56 0.1914
306.18 48.36 80.88 72.56 0.1914
13.82 48.78 80.16 71.78 0.1914
928.11 170.79 80.52 72.10 0.1914
159.84 48.36 80.93 72.59 0.1914
86.70 48.34 80.93 72.59 0.1914
123.27 48.34 80.93 72.59 0.1914
818.05 0.00 81.22 72.32 0.1913
854.62 0.00 81.22 72.32 0.1913
123.28 194.94 80.82 72.48 0.1913
13.78 488.47 80.17 71.75 0.1913
489.04 72.82 80.78 72.52 0.1913
13.98 586.32 79.92 71.56 0.1913
928.10 244.08 80.54 72.18 0.1913
306.40 585.95 80.52 72.21 0.1913
379.55 585.95 80.52 72.21 0.1913
525.83 585.95 80.52 72.21 0.1913
598.97 585.95 80.52 72.21 0.1913
635.55 585.95 80.52 72.21 0.1913
708.69 585.95 80.52 72.21 0.1913
745.26 585.95 80.52 72.21 0.1913
781.83 585.95 80.52 72.21 0.1913
854.97 585.95 80.52 72.21 0.1913
13.78 146.40 80.29 71.90 0.1913
452.47 390.36 80.70 72.41 0.1913
13.82 390.77 80.12 71.74 0.1913
489.11 390.36 80.73 72.42 0.1913
415.97 439.21 80.73 72.42 0.1913
818.13 72.80 80.84 72.55 0.1913
891.61 488.32 80.22 71.97 0.1913
86.81 463.67 80.69 72.44 0.1913
708.47 146.08 80.77 72.48 0.1913
818.18 146.08 80.77 72.48 0.1913
891.60 73.08 80.29 71.95 0.1912
13.85 537.30 80.15 71.81 0.1912
525.62 414.78 80.76 72.44 0.1912
452.48 439.21 80.76 72.44 0.1912
891.48 219.54 80.43 72.10 0.1912
671.90 536.93 80.81 72.49 0.1912
708.47 536.93 80.81 72.49 0.1912
781.61 536.93 80.81 72.49 0.1912
818.18 561.36 80.81 72.49 0.1912
854.71 121.63 80.83 72.51 0.1912
13.52 0.00 80.87 72.03 0.1912
342.76 48.35 80.77 72.56 0.1912
562.18 48.36 80.79 72.55 0.1912
708.46 48.36 80.79 72.55 0.1912
745.03 48.36 80.79 72.55 0.1912
854.75 48.36 80.79 72.55 0.1912
196.46 97.22 80.79 72.55 0.1912
233.03 97.22 80.79 72.55 0.1912
269.61 97.22 80.79 72.55 0.1912
525.61 97.22 80.79 72.55 0.1912
562.18 97.22 80.79 72.55 0.1912
708.46 97.22 80.79 72.55 0.1912
745.03 97.22 80.79 72.55 0.1912
159.89 121.65 80.79 72.55 0.1912
781.61 121.65 80.79 72.55 0.1912
196.46 146.08 80.79 72.55 0.1912
233.03 146.08 80.79 72.55 0.1912
745.03 146.08 80.79 72.55 0.1912
781.61 170.51 80.79 72.55 0.1912
233.03 194.94 80.79 72.55 0.1912
745.03 194.94 80.79 72.55 0.1912
818.18 194.94 80.79 72.55 0.1912
196.46 219.36 80.79 72.55 0.1912
854.75 219.36 80.79 72.55 0.1912
233.03 243.79 80.79 72.55 0.1912
196.46 268.22 80.79 72.55 0.1912
818.18 268.22 80.79 72.55 0.1912
854.75 268.22 80.79 72.55 0.1912
745.05 292.64 80.77 72.56 0.1912
818.18 317.08 80.79 72.55 0.1912
854.75 317.08 80.79 72.55 0.1912
196.46 341.51 80.79 72.55 0.1912
159.89 390.36 80.79 72.55 0.1912
416.19 586.02 80.39 72.10 0.1912
671.89 48.36 80.88 72.56 0.1912
781.61 48.36 80.88 72.56 0.1912
159.89 341.51 80.88 72.56 0.1912
525.69 365.92 80.72 72.52 0.1912
489.30 585.95 80.46 72.23 0.1912
562.19 365.92 80.78 72.51 0.1911
342.76 536.92 80.78 72.51 0.1911
379.33 536.92 80.78 72.51 0.1911
233.26 585.94 80.49 72.26 0.1911
269.83 585.94 80.49 72.26 0.1911
562.40 585.94 80.49 72.26 0.1911
159.77 0.00 81.21 72.34 0.1911
196.34 0.00 81.21 72.34 0.1911
232.91 0.00 81.21 72.34 0.1911
269.48 0.00 81.21 72.34 0.1911
306.05 0.00 81.21 72.34 0.1911
342.62 0.00 81.21 72.34 0.1911
379.19 0.00 81.21 72.34 0.1911
415.77 0.00 81.21 72.34 0.1911
452.34 0.00 81.21 72.34 0.1911
488.91 0.00 81.21 72.34 0.1911
525.48 0.00 81.21 72.34 0.1911
562.05 0.00 81.21 72.34 0.1911
598.62 0.00 81.21 72.34 0.1911
635.19 0.00 81.21 72.34 0.1911
671.77 0.00 81.21 72.34 0.1911
708.34 0.00 81.21 72.34 0.1911
744.91 0.00 81.21 72.34 0.1911
123.27 97.20 80.84 72.58 0.1911
159.85 170.49 80.84 72.58 0.1911
854.70 170.49 80.84 72.58 0.1911
86.70 219.35 80.84 72.58 0.1911
159.85 219.35 80.84 72.58 0.1911
123.27 243.77 80.84 72.58 0.1911
745.00 243.76 80.83 72.59 0.1911
159.85 268.20 80.84 72.58 0.1911
123.27 292.63 80.84 72.58 0.1911
123.27 365.92 80.84 72.58 0.1911
86.72 414.76 80.83 72.59 0.1911
708.53 488.10 80.73 72.45 0.1911
891.55 292.86 80.35 72.04 0.1911
86.71 317.06 80.94 72.59 0.1911
269.62 365.98 80.79 72.44 0.1911
123.59 585.97 80.48 72.19 0.1911
708.44 243.79 80.81 72.48 0.1911
123.15 0.00 81.27 72.35 0.1911
452.73 585.97 80.49 72.19 0.1911
123.32 146.06 80.77 72.49 0.1911
671.94 97.23 80.73 72.54 0.1911
891.56 170.71 80.32 72.06 0.1911
928.39 610.72 80.09 72.20 0.1911
489.05 439.21 80.76 72.42 0.1910
306.24 536.95 80.76 72.49 0.1910
745.03 512.52 80.82 72.48 0.1910
196.46 536.95 80.82 72.48 0.1910
233.03 536.95 80.82 72.48 0.1910
635.32 536.95 80.82 72.48 0.1910
159.89 561.38 80.82 72.48 0.1910
891.61 121.94 80.28 71.95 0.1910
891.61 341.80 80.28 71.95 0.1910
891.61 390.66 80.28 71.95 0.1910
891.62 537.18 80.22 71.96 0.1910
379.39 72.81 80.69 72.44 0.1910
415.96 72.81 80.69 72.44 0.1910
452.53 97.24 80.69 72.44 0.1910
452.53 146.10 80.69 72.44 0.1910
489.10 146.10 80.69 72.44 0.1910
306.24 170.53 80.69 72.44 0.1910
598.82 170.53 80.69 72.44 0.1910
671.96 243.81 80.69 72.44 0.1910
745.10 365.95 80.69 72.44 0.1910
598.85 390.40 80.65 72.40 0.1910
196.53 414.81 80.69 72.44 0.1910
269.62 194.92 80.75 72.48 0.1910
489.05 194.92 80.75 72.48 0.1910
671.92 292.73 80.73 72.39 0.1910
818.20 390.44 80.73 72.39 0.1910
854.78 390.44 80.73 72.39 0.1910
781.63 414.87 80.73 72.39 0.1910
671.95 439.25 80.77 72.44 0.1910
672.14 585.98 80.46 72.22 0.1910
635.32 72.78 80.79 72.57 0.1910
562.19 414.78 80.78 72.50 0.1910
452.48 488.07 80.78 72.50 0.1910
379.40 463.65 80.74 72.50 0.1910
342.77 121.65 80.75 72.47 0.1910
379.34 121.65 80.75 72.47 0.1910
635.34 170.51 80.75 72.47 0.1910
671.91 170.51 80.75 72.47 0.1910
452.49 194.94 80.75 72.47 0.1910
