29_Students_Schoolkids_Students_Schoolkids_29_436
168
330.00 112.98 439.77 248.47 0.1829
317.99 200.40 332.98 315.63 0.1317
145.76 299.62 251.40 302.98 0.1021
458.06 243.85 422.88 235.98 0.0981
211.97 280.84 361.39 295.04 0.0872
473.71 334.16 383.90 318.72 0.0852
466.17 85.12 419.28 175.90 0.0806
556.39 146.46 467.61 201.46 0.0804
30.13 328.98 186.42 379.45 0.0730
310.01 357.12 312.80 355.88 0.0715
276.28 32.17 408.98 157.14 0.0650
156.72 422.13 206.44 290.87 0.0638
539.48 304.55 484.52 238.99 0.0634
122.62 186.04 268.39 275.34 0.0599
707.00 511.65 101.29 160.86 0.0514
239.72 87.13 385.55 193.51 0.0482
43.01 145.96 165.19 361.44 0.0481
718.40 492.33 146.99 116.08 0.0471
395.29 242.00 142.29 181.31 0.0464
606.30 481.71 127.19 138.96 0.0454
62.39 542.77 83.91 169.42 0.0447
380.14 175.65 130.86 144.43 0.0447
756.47 530.06 116.23 132.66 0.0445
408.10 401.03 126.76 150.52 0.0445
836.82 479.41 109.53 151.18 0.0435
359.90 262.41 114.96 151.03 0.0421
842.01 557.63 99.30 143.34 0.0415
653.49 518.75 115.40 155.46 0.0410
460.95 497.56 124.08 126.80 0.0410
147.25 539.79 106.35 159.55 0.0408
208.03 377.30 126.29 152.06 0.0408
159.32 133.17 369.97 230.27 0.0399
303.79 106.94 148.20 156.71 0.0396
361.28 328.80 125.75 132.86 0.0393
0.00 0.00 62.14 64.05 0.0386
432.67 532.08 127.07 145.97 0.0383
291.77 171.45 126.70 148.42 0.0382
516.39 508.89 104.63 150.85 0.0376
59.56 416.03 79.16 162.64 0.0366
64.56 330.32 72.08 156.99 0.0364
114.30 568.96 98.39 122.31 0.0363
182.42 428.15 116.25 131.25 0.0359
36.40 510.96 67.55 169.23 0.0353
662.44 35.86 129.04 115.40 0.0345
426.74 204.26 126.21 138.34 0.0344
478.51 431.19 106.59 124.14 0.0343
505.61 137.84 99.66 125.99 0.0342
0.00 0.00 179.90 30.21 0.0341
667.72 483.65 106.61 115.29 0.0341
794.58 465.60 117.11 137.48 0.0341
96.85 105.95 196.58 298.83 0.0337
788.02 32.03 110.34 126.73 0.0337
157.81 384.90 103.70 141.18 0.0336
507.25 193.34 123.52 148.02 0.0333
353.87 85.75 130.31 133.37 0.0332
156.64 469.36 105.04 171.89 0.0327
0.00 73.58 235.57 200.12 0.0326
687.18 0.00 139.61 46.88 0.0323
459.42 25.15 97.59 94.95 0.0321
714.53 352.73 95.28 151.51 0.0319
107.60 69.72 323.24 206.08 0.0319
408.27 26.60 101.97 117.32 0.0319
611.71 550.97 108.97 144.94 0.0317
349.21 217.95 125.36 126.02 0.0311
255.61 0.00 325.76 119.32 0.0309
309.49 245.93 117.08 153.33 0.0308
680.27 289.83 127.42 122.09 0.0306
821.06 54.39 132.18 98.55 0.0305
95.12 340.09 132.67 140.54 0.0300
214.67 199.66 143.53 147.79 0.0299
0.00 620.49 45.21 92.51 0.0299
868.18 14.36 106.93 123.87 0.0298
443.98 318.34 105.76 169.05 0.0298
303.19 311.25 108.91 147.85 0.0297
846.95 430.96 110.78 128.59 0.0295
486.12 39.03 152.27 112.83 0.0292
197.26 531.63 98.03 155.95 0.0292
751.22 421.28 103.78 153.35 0.0291
768.83 0.00 133.57 47.39 0.0291
532.58 0.00 330.65 129.62 0.0291
742.62 326.51 104.31 140.81 0.0289
67.43 387.43 138.08 143.60 0.0288
726.40 21.69 99.67 121.95 0.0288
240.02 153.08 166.68 104.74 0.0287
347.16 430.48 144.85 122.15 0.0284
851.46 0.00 142.04 56.42 0.0283
536.75 478.03 135.10 127.58 0.0283
214.90 324.53 160.49 107.25 0.0282
941.04 0.00 82.96 76.63 0.0281
677.42 336.72 104.89 119.67 0.0278
177.15 364.55 122.08 111.17 0.0277
363.46 23.40 96.73 129.02 0.0276
222.89 439.83 110.87 149.96 0.0275
303.51 0.00 134.46 49.86 0.0273
106.36 431.40 123.82 126.46 0.0272
584.87 438.28 150.57 122.96 0.0271
199.01 35.86 133.28 114.20 0.0270
769.89 0.00 254.11 125.44 0.0268
548.30 174.20 118.42 133.20 0.0267
664.65 407.62 107.55 142.78 0.0265
545.75 535.02 118.25 154.06 0.0265
0.00 13.11 147.41 97.64 0.0265
411.31 158.05 180.18 123.86 0.0263
0.00 490.57 61.03 135.01 0.0262
259.35 29.50 135.24 122.98 0.0261
75.31 478.60 117.76 154.50 0.0260
521.52 75.94 94.96 153.61 0.0260
457.57 119.85 114.94 116.76 0.0259
28.48 427.50 73.76 152.80 0.0258
75.41 0.00 85.58 91.01 0.0257
392.18 122.91 125.54 140.18 0.0256
385.80 508.54 122.50 138.40 0.0255
811.26 593.79 81.95 99.46 0.0254
0.00 544.45 70.36 130.80 0.0253
423.28 0.59 147.17 69.17 0.0253
887.61 383.18 117.22 156.74 0.0253
292.36 409.93 110.33 149.05 0.0250
107.56 0.00 177.23 31.59 0.0248
30.72 282.81 99.03 138.79 0.0244
588.34 31.42 162.51 101.39 0.0243
188.43 294.92 110.97 126.21 0.0243
26.58 622.20 104.72 90.80 0.0242
867.16 519.32 118.90 157.54 0.0241
885.15 479.93 118.62 122.69 0.0238
217.18 0.00 175.73 35.17 0.0237
485.21 0.00 137.56 33.44 0.0236
416.20 573.51 86.31 130.12 0.0236
899.45 579.63 110.14 123.51 0.0235
618.01 345.39 99.45 203.71 0.0234
0.00 193.74 86.62 147.97 0.0233
933.77 0.00 90.23 24.19 0.0231
761.40 293.25 113.31 114.89 0.0229
4.75 23.37 59.61 96.98 0.0229
787.53 619.14 145.96 91.32 0.0229
248.25 546.18 89.41 140.13 0.0229
323.06 645.97 168.30 67.03 0.0229
774.91 85.70 111.04 147.10 0.0227
300.06 0.00 102.71 103.50 0.0227
518.90 135.47 185.07 100.60 0.0226
321.40 372.42 124.66 148.71 0.0226
612.57 284.66 117.61 123.17 0.0222
149.29 0.00 252.47 105.25 0.0222
822.78 142.24 98.29 145.50 0.0221
521.97 0.00 173.23 19.79 0.0218
22.28 150.88 106.98 189.07 0.0217
441.10 69.98 103.43 136.94 0.0215
466.12 6.44 185.55 76.41 0.0215
527.25 429.54 103.61 129.58 0.0214
759.97 0.00 102.43 100.33 0.0213
60.93 296.25 145.23 137.20 0.0211
831.12 0.00 106.56 96.77 0.0210
786.22 390.73 94.80 147.06 0.0209
801.06 392.76 178.12 118.39 0.0209
783.91 189.30 117.83 117.05 0.0208
122.47 0.00 86.16 107.84 0.0208
772.68 588.67 80.34 106.11 0.0207
713.65 62.63 150.59 120.19 0.0207
589.84 437.24 434.16 275.76 0.0207
641.97 90.26 150.91 130.87 0.0206
674.75 0.00 116.24 94.98 0.0206
535.86 49.82 469.23 140.75 0.0205
112.84 253.18 181.96 110.62 0.0204
0.00 648.49 93.73 64.51 0.0204
135.47 288.75 108.95 150.26 0.0204
583.25 249.35 134.01 114.61 0.0203
729.20 146.09 122.09 107.76 0.0203
365.62 574.38 87.22 127.70 0.0202
662.60 161.54 171.72 125.54 0.0202
