37_Soccer_Soccer_37_3
32
842.19 92.37 56.99 81.44 0.9310
304.77 127.64 61.60 89.18 0.8096
188.67 299.05 46.02 48.96 0.2781
194.32 290.73 78.72 79.08 0.1955
211.27 298.59 94.64 99.86 0.1858
768.18 245.82 54.92 65.56 0.1834
290.16 526.54 86.66 158.03 0.1716
305.88 345.37 49.71 74.71 0.1494
134.38 547.09 39.91 55.88 0.1453
281.38 334.16 81.33 118.74 0.1388
198.94 295.18 154.93 165.23 0.1364
787.46 234.90 100.16 112.68 0.1121
721.87 429.60 90.05 73.31 0.1040
269.12 114.83 53.39 69.50 0.0754
465.33 741.03 72.24 70.19 0.0742
36.75 663.78 35.75 51.31 0.0717
196.28 528.90 162.28 178.86 0.0688
672.06 444.87 89.87 76.43 0.0664
667.19 460.99 48.10 38.39 0.0663
214.66 388.55 104.80 108.92 0.0650
441.08 656.64 106.45 95.50 0.0648
270.09 151.12 75.61 70.69 0.0646
40.55 647.80 29.32 42.34 0.0643
260.25 277.65 82.59 123.51 0.0618
339.09 322.14 61.84 85.87 0.0595
656.67 438.79 207.60 159.60 0.0553
845.19 401.80 47.57 69.87 0.0540
661.48 464.56 66.10 72.40 0.0537
201.83 232.05 62.98 78.03 0.0531
162.79 301.41 112.80 156.84 0.0523
771.32 214.70 77.19 108.98 0.0522
878.95 434.15 30.39 54.18 0.0513
