37_Soccer_Soccer_37_415
163
901.13 243.02 57.11 80.60 0.3997
627.65 239.59 53.04 75.90 0.3719
598.55 245.02 117.65 174.73 0.2515
827.20 242.26 75.12 108.67 0.2409
11.83 300.40 60.06 98.40 0.2392
564.11 408.47 65.73 89.67 0.1820
229.45 87.96 19.15 23.80 0.1711
266.74 190.10 20.50 35.91 0.1710
847.99 242.93 102.47 141.28 0.1642
74.24 227.84 31.51 48.79 0.1606
536.22 191.91 74.06 122.18 0.1589
498.22 246.22 137.03 161.37 0.1422
765.11 31.07 30.84 27.34 0.1399
68.04 318.10 33.31 61.86 0.1341
554.85 184.63 99.89 152.74 0.1335
38.63 231.09 32.42 46.61 0.1324
716.45 301.16 79.49 100.49 0.1274
583.80 600.48 86.63 60.42 0.1254
577.59 160.65 147.94 152.79 0.1225
803.71 372.07 115.21 126.09 0.1206
983.25 245.01 36.41 84.04 0.1206
150.41 90.36 21.95 23.37 0.1192
745.00 344.16 151.35 190.38 0.1189
665.37 87.08 21.26 32.24 0.1183
142.25 101.66 42.49 44.42 0.1163
924.38 89.70 15.03 24.17 0.1157
31.14 252.75 39.21 56.56 0.1132
771.75 6.74 30.09 31.97 0.1124
410.45 90.78 17.53 24.78 0.1120
541.38 31.42 41.25 47.98 0.1112
164.89 479.94 43.25 49.65 0.1111
858.83 152.36 78.33 158.39 0.1089
814.80 86.40 15.02 23.19 0.1089
740.36 88.32 15.93 20.59 0.1079
151.05 202.98 77.70 123.55 0.1077
778.96 83.19 16.36 22.93 0.1073
120.53 131.57 92.32 73.41 0.1073
852.64 109.22 14.78 21.99 0.1071
406.74 99.59 21.43 29.89 0.1064
265.95 90.19 17.10 22.05 0.1060
795.97 261.13 115.77 140.46 0.1046
473.01 296.15 105.22 120.77 0.1043
7.12 246.05 34.48 63.54 0.1041
497.48 355.91 101.06 125.66 0.1022
154.44 466.01 32.99 48.24 0.1016
138.26 516.84 35.02 55.64 0.1012
59.98 350.13 45.24 67.10 0.1011
7.93 238.56 23.38 42.43 0.1004
772.82 38.51 23.15 36.20 0.1002
958.39 101.85 21.61 30.47 0.0995
705.08 89.79 16.28 26.10 0.0991
890.59 88.08 12.35 20.05 0.0972
190.62 87.29 23.87 28.44 0.0969
508.10 434.32 84.38 127.86 0.0964
479.97 394.24 73.10 69.65 0.0962
920.22 101.42 20.87 34.52 0.0961
230.41 63.45 18.23 22.10 0.0954
181.09 443.22 50.29 65.21 0.0953
372.47 88.97 17.36 21.97 0.0941
500.58 319.63 435.78 444.23 0.0923
492.65 153.32 102.03 167.59 0.0922
447.90 85.40 24.98 25.87 0.0921
221.27 96.33 29.36 36.97 0.0920
763.13 381.78 69.09 108.83 0.0911
178.95 105.44 41.80 44.56 0.0902
660.54 0.00 30.70 26.54 0.0899
206.34 388.19 55.40 95.39 0.0893
325.69 503.19 80.76 67.86 0.0885
374.86 64.74 17.83 23.83 0.0877
200.15 426.29 52.05 75.39 0.0872
301.10 91.12 17.91 21.86 0.0854
264.33 195.27 29.72 73.04 0.0847
289.99 514.04 38.83 47.54 0.0842
924.16 196.58 65.22 120.48 0.0837
701.85 2.66 33.87 26.62 0.0827
947.46 168.95 44.85 77.63 0.0817
816.25 104.91 17.73 25.86 0.0808
628.67 87.08 27.82 36.55 0.0802
791.29 28.53 35.42 25.74 0.0801
853.10 89.43 13.40 19.69 0.0799
783.74 1.35 44.39 28.39 0.0799
988.96 200.05 32.78 76.18 0.0799
516.10 45.26 50.49 46.32 0.0781
77.67 402.25 29.36 44.35 0.0772
890.51 107.18 18.80 31.56 0.0771
888.13 121.80 29.15 44.03 0.0767
106.36 211.54 76.46 106.28 0.0767
727.90 2.54 39.03 31.74 0.0764
488.00 50.46 24.50 26.08 0.0756
223.99 228.08 127.09 211.45 0.0754
849.67 131.67 24.54 34.33 0.0750
112.65 272.25 58.33 89.67 0.0740
994.86 174.64 26.49 57.50 0.0740
319.43 236.51 85.70 127.12 0.0734
960.71 90.42 18.40 24.94 0.0732
264.96 101.93 23.32 28.14 0.0730
802.65 51.13 25.76 28.83 0.0715
245.94 511.07 40.07 46.72 0.0706
123.11 87.23 22.54 20.57 0.0705
272.38 194.93 47.07 72.54 0.0704
633.19 629.89 62.80 62.49 0.0704
919.47 0.15 24.55 27.68 0.0700
339.03 90.54 19.62 25.17 0.0699
327.54 534.02 55.55 61.02 0.0699
899.52 254.73 99.16 142.73 0.0688
273.38 567.54 90.97 82.12 0.0686
548.56 549.77 154.02 143.37 0.0684
56.74 278.79 49.37 112.70 0.0680
350.06 564.99 58.38 66.04 0.0675
271.95 298.49 63.11 101.03 0.0664
111.20 396.72 36.30 56.23 0.0664
511.74 517.43 52.42 81.88 0.0655
584.80 336.70 251.39 288.98 0.0654
774.83 106.29 18.61 24.32 0.0649
447.53 93.50 42.78 47.02 0.0646
542.35 67.57 41.25 72.73 0.0640
263.58 458.04 96.89 108.36 0.0636
921.88 30.26 20.00 26.40 0.0635
703.20 103.58 19.41 26.97 0.0633
662.53 25.75 35.90 30.24 0.0632
575.82 89.61 36.31 46.35 0.0627
658.84 101.15 27.90 34.54 0.0625
235.26 328.15 83.23 143.95 0.0619
128.62 210.66 128.47 230.59 0.0615
675.18 644.12 51.78 46.05 0.0601
251.78 568.81 70.80 68.26 0.0597
262.96 62.86 17.08 19.78 0.0596
140.12 546.53 33.52 55.34 0.0591
716.83 345.06 267.09 315.59 0.0586
958.62 135.10 24.18 30.93 0.0584
104.99 351.05 53.35 87.55 0.0583
183.27 153.51 78.36 91.00 0.0581
336.50 63.40 20.15 22.55 0.0573
310.15 490.88 143.24 103.00 0.0571
204.97 504.66 48.40 58.18 0.0571
916.71 605.43 55.74 61.25 0.0570
996.07 149.48 23.48 51.58 0.0564
302.73 204.79 85.71 108.22 0.0563
751.31 136.20 43.50 42.90 0.0560
637.00 571.63 115.40 121.67 0.0556
486.62 73.39 67.57 75.37 0.0551
555.47 287.05 130.08 193.22 0.0550
547.50 132.72 42.70 80.49 0.0548
241.40 209.70 54.93 121.12 0.0547
40.29 434.80 21.63 39.02 0.0544
697.85 22.27 43.19 33.46 0.0541
37.30 403.12 29.14 53.63 0.0540
408.10 64.02 19.92 20.33 0.0539
652.72 544.33 191.70 161.88 0.0537
513.36 410.12 166.75 297.52 0.0537
145.99 421.92 63.49 82.88 0.0532
338.51 102.48 24.25 29.43 0.0531
541.24 0.93 40.97 43.09 0.0531
986.21 293.86 36.19 83.71 0.0525
347.03 538.79 60.86 63.68 0.0520
473.13 532.33 68.47 107.42 0.0519
875.38 0.00 34.50 28.08 0.0516
121.26 64.30 17.27 18.24 0.0509
810.12 125.60 30.82 41.06 0.0508
311.40 299.87 110.86 143.13 0.0507
740.44 54.12 22.28 24.39 0.0505
8.34 410.08 20.02 44.67 0.0504
483.16 76.57 38.51 39.03 0.0502
