37_Soccer_soccer_ball_37_114
148
369.28 165.11 23.73 28.72 0.8019
294.67 167.62 25.44 34.51 0.7966
742.49 157.30 24.07 35.04 0.7838
522.74 155.99 23.01 31.93 0.7326
776.34 253.63 27.33 36.66 0.7123
759.13 365.49 33.22 40.21 0.7055
503.45 342.96 38.02 51.27 0.6872
443.45 153.79 25.59 31.34 0.6821
328.71 245.24 29.98 37.63 0.6664
589.72 265.69 41.55 42.11 0.6578
134.90 364.94 36.41 46.29 0.6571
75.65 258.92 23.12 31.23 0.6474
124.31 151.16 28.29 36.18 0.6275
831.89 156.12 30.59 38.87 0.6275
260.17 367.08 32.37 37.58 0.6252
161.75 256.66 32.63 38.55 0.6005
214.98 170.79 29.81 38.28 0.5818
688.23 258.11 30.17 39.64 0.5530
672.77 153.49 31.19 44.61 0.5157
885.03 251.20 36.40 43.02 0.5140
413.27 248.78 25.59 33.79 0.5115
644.90 361.06 33.24 42.25 0.4941
412.85 308.93 21.95 28.17 0.4040
611.52 150.00 30.47 36.71 0.3677
499.09 233.34 33.01 35.38 0.3669
233.05 254.76 36.18 41.29 0.3526
373.05 364.96 27.69 35.95 0.3462
396.64 357.79 30.38 35.80 0.3395
73.24 346.42 40.77 44.95 0.3259
553.09 346.00 27.66 43.22 0.3227
815.20 354.49 33.09 34.66 0.2715
453.74 359.19 26.93 31.30 0.2689
837.86 360.48 28.61 31.24 0.2685
195.86 381.39 35.64 37.96 0.2577
329.31 388.95 24.74 23.46 0.2545
303.25 380.33 21.28 30.32 0.2459
920.66 363.37 25.85 34.11 0.2364
667.67 169.58 32.53 49.88 0.2087
589.39 362.36 28.86 36.09 0.1986
672.14 251.16 37.05 42.40 0.1963
338.58 370.02 20.21 26.55 0.1846
399.40 375.11 27.16 32.95 0.1725
294.70 365.17 21.99 33.22 0.1705
290.42 443.35 26.65 28.06 0.1603
677.24 179.99 41.41 41.18 0.1589
485.95 342.06 36.89 53.08 0.1567
340.52 487.44 43.74 42.06 0.1553
204.43 385.22 39.19 49.15 0.1519
213.74 365.19 33.35 38.81 0.1511
222.40 455.59 32.42 39.95 0.1413
50.80 354.41 32.59 36.79 0.1404
702.24 386.10 25.92 28.86 0.1374
847.47 434.57 28.15 36.78 0.1345
436.02 260.21 29.68 31.70 0.1330
341.89 461.97 30.83 30.58 0.1305
878.97 354.88 37.67 41.87 0.1296
450.97 384.05 26.48 31.86 0.1290
926.68 430.72 35.70 49.14 0.1278
477.33 358.76 32.88 51.10 0.1274
282.76 346.45 33.07 39.73 0.1267
450.21 318.89 25.51 29.34 0.1248
248.10 480.61 35.73 34.05 0.1226
417.83 444.47 24.38 28.74 0.1207
883.24 374.83 31.15 36.73 0.1204
701.13 366.83 32.17 33.75 0.1192
477.95 320.44 26.63 43.65 0.1136
334.37 343.82 20.92 25.61 0.1126
216.49 443.53 32.17 39.63 0.1090
51.90 332.55 35.98 45.33 0.1085
849.14 369.27 26.54 39.23 0.1075
703.04 462.08 20.55 25.61 0.1066
68.12 320.07 44.07 55.79 0.1034
339.27 443.43 25.81 34.06 0.1026
290.40 454.87 27.25 29.91 0.1023
603.91 248.67 47.09 55.65 0.0990
226.55 472.19 31.43 41.71 0.0980
582.95 416.95 34.95 50.85 0.0965
448.31 400.28 20.87 34.62 0.0964
937.47 415.91 36.00 52.88 0.0962
253.69 463.57 37.81 44.28 0.0912
136.42 488.52 46.95 45.66 0.0902
110.78 368.03 52.82 67.62 0.0898
104.75 344.34 33.36 52.99 0.0892
298.60 485.64 24.50 28.26 0.0890
548.53 319.59 34.28 48.57 0.0880
402.91 490.29 36.66 47.89 0.0877
810.03 448.34 44.21 43.73 0.0871
331.49 266.54 27.44 43.60 0.0861
558.15 261.57 29.21 35.79 0.0853
810.62 370.61 31.71 41.59 0.0852
408.50 479.15 27.35 38.17 0.0834
83.28 448.99 42.40 39.50 0.0831
198.42 171.03 25.99 32.18 0.0808
475.74 406.06 30.48 45.54 0.0801
488.54 236.79 34.86 49.92 0.0801
553.51 409.29 33.94 49.84 0.0798
547.30 368.21 32.85 50.10 0.0782
302.33 410.19 25.32 30.85 0.0781
47.68 385.18 29.32 32.37 0.0774
703.78 434.91 26.03 31.59 0.0770
100.10 477.68 58.31 57.31 0.0758
326.06 401.32 28.75 32.51 0.0749
703.88 408.19 28.43 38.37 0.0748
434.28 486.73 36.70 44.42 0.0735
740.53 286.94 24.61 29.76 0.0734
948.64 156.95 32.63 43.48 0.0699
789.76 254.01 37.72 38.83 0.0694
261.32 384.84 32.48 49.81 0.0693
613.87 167.51 37.44 45.44 0.0691
753.35 370.15 46.61 63.21 0.0688
1.56 392.89 22.00 31.39 0.0682
667.97 196.87 29.70 45.40 0.0680
482.21 427.78 24.46 36.55 0.0664
443.05 285.86 28.79 34.35 0.0661
368.34 263.92 28.52 30.32 0.0660
368.27 291.72 28.92 32.32 0.0656
789.79 452.77 62.27 65.38 0.0649
556.41 245.89 36.47 36.97 0.0648
353.78 462.48 38.01 37.46 0.0648
4.27 114.70 20.98 53.70 0.0642
303.44 246.48 44.20 44.80 0.0638
365.23 308.02 30.61 32.64 0.0633
331.01 317.09 25.36 30.87 0.0627
475.75 460.48 29.87 38.16 0.0626
95.55 457.13 44.75 41.69 0.0620
664.01 465.96 23.04 30.84 0.0612
188.36 344.69 31.37 55.94 0.0602
661.05 271.88 25.54 39.82 0.0594
509.48 399.83 37.62 48.60 0.0590
187.09 431.99 39.18 43.42 0.0589
434.10 436.40 29.72 30.83 0.0582
744.48 350.56 32.85 50.97 0.0581
73.50 394.86 43.72 48.11 0.0577
875.76 220.02 36.17 71.64 0.0565
263.67 437.60 34.74 35.64 0.0559
294.61 487.02 43.41 45.85 0.0558
445.22 170.76 24.81 42.61 0.0557
774.71 62.62 27.69 34.40 0.0548
558.93 270.98 37.86 46.27 0.0544
90.49 314.03 41.95 57.11 0.0532
185.32 449.52 45.08 49.69 0.0531
137.07 461.90 58.15 51.22 0.0524
730.85 451.98 34.34 40.50 0.0520
162.21 483.81 62.70 63.90 0.0519
516.02 431.26 26.83 35.65 0.0510
410.01 224.77 26.93 49.34 0.0507
893.29 44.15 63.66 74.41 0.0504
552.70 456.78 56.34 59.41 0.0502
