58_Hockey_icehockey_puck_58_245
193
436.40 99.28 377.07 131.67 0.9963
382.07 114.34 337.97 219.76 0.9871
216.85 116.77 376.90 126.55 0.9775
150.45 124.60 346.19 206.86 0.9579
290.47 173.86 353.37 216.63 0.9055
481.48 63.92 514.17 118.69 0.8458
449.10 178.57 360.41 211.96 0.8229
174.89 221.16 330.73 222.29 0.7974
470.62 117.47 529.24 203.89 0.7911
166.54 132.90 212.21 128.24 0.6225
140.69 105.48 151.58 217.54 0.5164
552.97 327.83 286.40 219.17 0.4158
397.25 237.39 308.51 270.86 0.3640
171.09 283.88 189.27 263.12 0.2499
127.48 213.72 174.93 240.77 0.2383
247.88 282.26 315.10 264.74 0.1867
538.67 239.51 485.33 187.60 0.1458
858.94 45.18 164.26 64.13 0.0865
818.01 33.45 132.71 73.14 0.0659
115.99 92.48 114.38 89.54 0.0659
688.57 49.38 155.43 52.41 0.0636
851.60 10.79 137.88 42.10 0.0617
53.67 184.37 82.04 127.43 0.0601
152.51 79.37 154.22 81.24 0.0590
255.06 80.48 124.21 96.64 0.0552
76.68 167.34 105.65 110.92 0.0547
754.89 305.87 146.02 91.84 0.0545
258.36 61.21 390.81 79.37 0.0540
620.38 47.35 103.26 130.13 0.0529
832.79 187.91 116.06 115.60 0.0529
368.49 284.81 106.63 115.46 0.0519
210.96 112.37 109.29 120.60 0.0518
216.46 217.10 109.23 112.13 0.0517
255.43 190.07 111.65 117.42 0.0515
768.86 39.32 114.49 55.87 0.0513
268.03 54.91 169.21 73.45 0.0510
548.44 361.61 101.84 124.44 0.0504
434.67 299.15 124.41 100.59 0.0501
320.87 192.39 116.10 117.25 0.0500
469.97 322.89 130.24 98.26 0.0497
413.87 196.63 151.61 87.52 0.0492
251.06 299.46 128.98 104.63 0.0491
438.97 383.19 113.79 118.18 0.0490
49.36 94.21 144.64 272.97 0.0489
607.00 185.47 114.02 115.90 0.0485
797.05 160.71 113.41 110.02 0.0484
354.10 229.74 125.97 111.10 0.0483
579.09 70.87 110.58 101.07 0.0481
658.46 39.97 101.41 62.49 0.0480
134.19 59.13 154.02 66.91 0.0475
321.14 259.88 124.73 110.74 0.0473
793.02 208.30 123.58 119.78 0.0473
728.06 94.00 110.69 125.17 0.0473
387.73 268.56 135.83 98.45 0.0471
91.66 210.84 135.13 95.63 0.0471
45.42 238.87 160.24 300.28 0.0470
716.06 272.66 125.08 102.06 0.0468
612.42 110.65 127.85 107.49 0.0467
467.90 167.26 122.44 96.73 0.0466
395.28 334.29 132.59 79.80 0.0463
464.22 270.94 132.65 102.82 0.0462
616.60 353.52 114.36 105.01 0.0461
243.84 343.01 130.83 99.42 0.0461
204.94 317.51 126.45 108.69 0.0460
755.28 188.10 125.41 99.07 0.0460
538.65 99.69 101.72 121.04 0.0458
685.74 283.88 115.54 128.10 0.0457
612.81 239.02 117.77 96.29 0.0455
780.16 283.83 157.19 78.55 0.0454
832.85 105.11 123.34 116.15 0.0453
624.83 280.28 107.90 126.43 0.0453
331.45 389.60 107.96 125.04 0.0452
548.89 226.34 117.22 128.50 0.0451
758.89 257.53 136.43 80.66 0.0449
351.40 157.57 130.74 110.65 0.0449
654.05 122.42 119.75 130.03 0.0448
423.02 238.25 129.19 99.87 0.0448
278.66 174.84 125.36 96.05 0.0447
640.37 312.68 383.63 206.80 0.0446
764.18 130.66 113.62 118.02 0.0446
178.65 248.20 114.13 127.13 0.0445
556.16 409.59 106.39 137.41 0.0445
680.06 350.06 135.33 104.02 0.0445
755.67 350.26 131.89 93.80 0.0438
677.25 179.87 144.22 83.33 0.0437
442.34 434.35 144.11 87.09 0.0437
400.59 98.16 122.39 84.24 0.0437
823.50 232.74 136.34 121.35 0.0436
274.74 393.43 136.14 74.06 0.0433
357.33 365.98 140.74 81.52 0.0432
590.79 381.74 100.50 131.54 0.0430
0.00 30.10 218.19 163.13 0.0430
332.49 329.69 116.69 96.45 0.0430
657.31 236.85 116.95 114.55 0.0429
503.63 393.81 119.24 107.07 0.0428
273.90 237.22 132.85 105.44 0.0427
626.50 207.48 158.65 74.66 0.0425
757.66 62.19 117.09 120.59 0.0424
541.02 304.42 123.97 85.98 0.0424
137.19 171.96 123.28 92.26 0.0424
588.54 46.75 118.63 59.53 0.0423
319.21 71.47 88.44 77.78 0.0421
286.70 100.32 106.57 124.27 0.0419
469.53 203.74 118.54 118.12 0.0419
407.35 431.45 110.89 111.70 0.0419
115.23 35.40 218.22 57.92 0.0418
95.02 131.63 127.31 108.69 0.0418
721.36 314.89 128.16 109.65 0.0417
812.49 55.00 130.83 127.95 0.0416
582.31 133.20 110.91 110.69 0.0412
185.76 183.49 112.92 108.45 0.0406
685.83 62.65 109.36 137.70 0.0399
727.63 214.22 122.16 101.09 0.0398
531.30 187.00 135.07 103.99 0.0396
141.55 303.21 118.30 134.27 0.0396
86.57 252.81 149.25 87.28 0.0395
435.91 111.01 115.07 132.83 0.0394
831.43 317.49 137.60 105.41 0.0391
654.80 407.23 160.87 88.71 0.0390
48.92 252.00 80.59 90.44 0.0389
428.39 362.25 132.65 81.91 0.0382
586.96 264.48 110.11 94.30 0.0380
800.53 21.14 122.91 56.14 0.0380
149.12 384.36 129.86 91.58 0.0377
593.55 328.41 98.89 100.60 0.0376
284.48 427.52 116.74 90.19 0.0376
200.49 371.56 140.96 101.90 0.0372
862.12 171.60 138.51 95.29 0.0369
508.65 127.95 108.42 122.68 0.0366
516.98 337.63 144.45 81.85 0.0365
368.31 102.61 100.62 130.84 0.0365
224.06 415.09 145.10 78.08 0.0356
831.62 374.64 132.12 121.54 0.0355
457.71 102.02 134.53 83.73 0.0355
757.86 5.73 123.99 56.48 0.0353
478.22 83.62 170.53 70.80 0.0347
309.35 90.68 140.87 98.08 0.0347
67.70 94.17 79.76 126.13 0.0337
851.32 119.74 172.68 226.19 0.0336
711.95 0.00 116.81 52.13 0.0333
24.78 240.55 66.86 116.17 0.0330
243.84 28.34 269.32 57.02 0.0327
238.93 64.35 103.72 75.66 0.0325
864.08 78.15 133.43 101.96 0.0324
767.75 389.78 146.62 86.34 0.0324
446.12 73.31 83.06 80.43 0.0319
654.53 0.00 106.22 46.95 0.0312
91.79 285.51 138.33 101.22 0.0309
921.23 0.00 102.77 55.50 0.0308
401.57 59.45 167.17 70.34 0.0305
804.72 0.00 113.07 52.44 0.0305
629.09 419.77 92.84 127.23 0.0300
206.76 446.66 147.33 86.18 0.0299
0.00 282.43 67.25 102.54 0.0297
934.72 0.00 89.28 21.05 0.0296
370.92 67.79 101.53 81.06 0.0285
0.00 492.87 97.12 54.13 0.0281
715.74 60.38 124.60 81.38 0.0276
54.29 149.05 75.18 93.20 0.0270
16.37 195.26 70.70 85.38 0.0264
33.02 274.93 137.16 98.51 0.0261
867.09 345.37 132.40 106.74 0.0260
496.29 51.89 200.35 75.21 0.0260
166.68 78.18 324.03 85.73 0.0259
775.56 427.50 101.13 119.50 0.0257
97.45 394.08 123.28 110.56 0.0256
746.76 32.96 277.24 43.45 0.0254
178.25 407.89 90.85 111.66 0.0252
573.20 0.00 121.22 40.71 0.0249
528.89 471.87 96.11 75.13 0.0249
888.06 427.58 93.09 119.42 0.0247
22.22 445.31 58.18 101.69 0.0245
104.79 346.72 117.71 98.56 0.0241
661.17 443.13 100.63 103.87 0.0237
0.00 245.47 47.89 91.31 0.0235
0.00 0.00 67.55 51.99 0.0235
822.38 445.50 99.98 101.50 0.0234
35.40 109.07 64.34 136.29 0.0234
894.33 332.62 129.67 214.38 0.0234
36.80 421.97 75.26 104.93 0.0225
479.42 468.12 104.94 78.88 0.0225
725.09 456.32 113.87 90.68 0.0224
871.01 290.77 130.84 104.50 0.0223
738.14 0.00 285.86 111.95 0.0223
960.41 77.89 63.59 98.82 0.0222
349.18 441.89 100.82 105.11 0.0218
790.93 7.16 233.07 27.49 0.0209
31.06 304.71 73.36 118.70 0.0208
611.99 0.00 115.37 65.14 0.0207
906.19 59.71 115.12 87.87 0.0207
217.22 0.00 213.38 15.81 0.0205
579.82 478.08 113.17 68.92 0.0200
7.28 224.08 108.50 90.33 0.0200
