22_Picnic_Picnic_22_241
200
347.44 77.08 440.54 174.34 0.4919
500.57 282.28 372.25 266.11 0.2854
635.20 320.63 388.80 208.40 0.1751
212.85 287.18 384.51 257.22 0.1431
376.59 214.12 356.33 277.12 0.1431
154.15 231.36 266.58 260.64 0.1130
143.68 311.94 222.61 351.14 0.1107
227.35 108.01 389.61 217.47 0.1101
468.10 180.90 415.30 241.68 0.0833
564.71 141.48 459.29 191.62 0.0775
18.17 54.77 211.74 254.84 0.0661
138.61 122.11 254.71 259.71 0.0651
455.84 247.20 136.48 121.37 0.0640
467.37 368.78 290.80 313.22 0.0617
610.79 262.36 135.01 124.46 0.0612
194.73 51.37 424.49 145.45 0.0599
444.32 51.42 440.52 136.11 0.0595
384.33 89.29 139.03 121.09 0.0592
793.88 328.64 138.99 116.58 0.0591
495.41 270.07 132.61 132.21 0.0591
51.60 494.30 77.89 143.24 0.0588
397.40 281.52 114.62 125.88 0.0580
292.28 353.45 349.37 328.55 0.0572
834.60 468.03 111.30 136.75 0.0555
272.35 280.53 133.62 122.22 0.0547
39.48 441.78 76.58 143.18 0.0547
773.17 353.16 99.93 145.02 0.0533
355.57 114.59 124.07 126.53 0.0521
414.31 224.09 148.89 104.07 0.0514
543.55 253.71 117.79 119.59 0.0509
205.77 273.70 128.44 131.19 0.0506
44.63 372.10 77.95 148.88 0.0505
751.62 330.22 89.64 133.20 0.0496
136.93 181.83 119.97 121.44 0.0491
834.19 304.21 121.98 104.53 0.0471
821.66 367.63 131.32 124.00 0.0470
795.42 380.84 114.41 156.71 0.0468
45.16 309.48 82.88 141.69 0.0467
407.47 443.37 107.36 132.04 0.0467
28.37 312.04 188.74 369.96 0.0466
367.84 235.00 110.24 126.60 0.0466
316.26 46.06 151.89 66.87 0.0462
470.05 296.39 111.40 132.43 0.0459
144.63 284.45 119.46 110.62 0.0458
381.49 33.29 141.64 98.17 0.0454
398.47 168.92 116.77 142.56 0.0449
731.32 283.93 102.50 122.17 0.0441
49.17 248.29 79.45 139.11 0.0438
71.42 340.92 102.24 152.03 0.0437
829.43 528.07 114.47 140.70 0.0435
180.45 313.72 121.71 114.30 0.0426
178.88 140.62 110.80 141.24 0.0424
414.97 144.52 140.70 110.48 0.0421
102.23 309.40 114.96 117.35 0.0417
249.05 0.00 337.02 122.77 0.0416
34.66 200.20 206.79 325.04 0.0415
106.36 219.84 109.34 112.31 0.0415
68.31 12.19 239.32 224.50 0.0410
699.06 253.20 104.37 118.49 0.0409
99.90 152.18 108.88 108.90 0.0407
22.18 511.76 59.35 147.98 0.0407
330.17 314.81 111.84 125.38 0.0406
262.77 335.99 112.44 130.50 0.0406
162.25 251.10 138.72 107.37 0.0404
79.62 499.51 103.66 132.01 0.0401
613.82 228.45 180.46 86.38 0.0397
583.49 287.86 115.24 140.49 0.0396
229.19 43.08 156.49 73.68 0.0396
48.49 178.61 80.33 143.49 0.0395
290.01 518.26 120.51 159.89 0.0394
83.54 267.74 144.51 89.77 0.0388
731.55 532.24 103.66 140.83 0.0387
328.53 66.67 125.30 109.42 0.0386
138.73 126.54 109.73 116.33 0.0383
398.58 506.91 112.96 157.42 0.0381
365.89 467.27 104.71 146.41 0.0380
219.82 485.64 111.49 155.45 0.0378
224.55 197.90 106.50 144.57 0.0377
0.00 0.00 78.19 57.97 0.0375
446.53 117.04 148.08 103.22 0.0374
777.45 501.68 103.62 133.94 0.0374
38.08 23.11 94.29 101.37 0.0373
464.86 157.28 124.79 124.95 0.0373
49.61 112.02 80.49 144.13 0.0370
580.31 233.27 123.33 100.93 0.0368
446.08 418.30 104.49 137.05 0.0367
67.59 277.56 105.46 137.61 0.0366
8.25 35.79 79.07 105.35 0.0365
663.64 298.37 104.06 144.23 0.0364
770.69 294.09 106.15 121.93 0.0364
21.83 445.91 65.75 104.36 0.0363
329.38 496.33 109.24 143.31 0.0362
319.19 126.59 129.63 167.33 0.0361
18.77 352.94 69.37 103.70 0.0361
257.68 65.52 159.80 92.13 0.0361
442.23 39.01 152.57 77.73 0.0360
287.15 0.00 137.22 63.07 0.0359
101.74 364.58 120.45 150.25 0.0356
469.34 516.57 118.60 159.48 0.0353
383.94 0.00 358.23 134.08 0.0352
829.97 188.49 114.45 115.93 0.0351
59.73 424.62 138.34 112.87 0.0346
521.45 320.38 103.75 133.00 0.0344
172.77 84.22 113.45 122.29 0.0343
325.47 210.37 113.85 134.63 0.0342
281.93 96.92 145.80 110.41 0.0341
704.60 499.23 99.91 136.52 0.0340
655.82 533.12 108.64 141.00 0.0333
717.89 227.95 121.15 110.78 0.0333
738.19 408.80 99.57 128.06 0.0333
486.77 373.64 104.97 130.02 0.0333
499.91 190.70 118.96 131.29 0.0332
240.35 252.17 160.87 98.16 0.0332
17.89 288.11 70.36 106.59 0.0329
206.96 60.73 114.08 111.37 0.0327
772.96 439.76 107.36 135.09 0.0326
210.18 0.00 129.89 54.54 0.0326
801.07 28.56 116.30 95.68 0.0323
793.15 154.53 111.37 113.34 0.0320
568.67 362.67 95.79 132.92 0.0319
718.16 356.94 87.14 129.41 0.0319
485.41 456.40 104.90 149.50 0.0319
538.63 0.00 339.14 112.56 0.0318
546.29 537.74 111.17 144.26 0.0317
522.26 401.29 100.58 142.61 0.0316
798.44 0.00 128.30 54.51 0.0312
866.94 327.20 139.30 112.11 0.0310
119.31 488.14 139.86 139.91 0.0310
752.76 189.54 116.48 112.77 0.0310
792.83 263.97 112.23 112.27 0.0309
366.96 0.00 139.52 68.92 0.0308
829.69 120.08 110.65 110.27 0.0308
420.43 370.31 97.32 135.90 0.0307
250.35 86.17 112.32 137.84 0.0307
142.26 336.11 109.31 135.64 0.0306
667.09 197.05 154.18 87.88 0.0306
815.49 235.42 149.59 99.65 0.0303
179.23 27.06 115.81 97.76 0.0302
646.44 459.87 93.19 137.12 0.0302
15.18 91.89 69.54 105.39 0.0302
14.08 221.89 71.40 105.71 0.0300
13.24 157.04 71.17 104.88 0.0298
72.28 27.04 117.25 93.87 0.0296
22.89 1.08 99.21 67.80 0.0296
633.22 321.73 101.23 152.34 0.0296
196.93 422.18 137.62 156.17 0.0295
153.60 415.27 118.86 167.31 0.0295
735.74 479.73 106.83 120.05 0.0295
508.87 121.47 111.68 135.25 0.0294
601.67 502.02 101.34 135.64 0.0292
460.18 64.32 118.30 106.76 0.0292
880.48 517.67 121.38 120.00 0.0291
634.08 162.18 138.59 107.47 0.0289
127.72 0.00 269.26 124.99 0.0289
437.87 475.91 110.63 151.47 0.0288
68.73 0.00 127.64 56.13 0.0287
718.90 153.07 114.98 114.15 0.0286
726.81 27.23 112.09 101.13 0.0283
334.20 433.44 111.37 136.57 0.0281
373.89 393.27 104.65 150.09 0.0280
141.35 0.00 129.93 55.43 0.0280
702.89 415.21 91.29 122.70 0.0279
777.21 0.00 246.79 119.67 0.0278
582.87 24.99 113.56 99.41 0.0277
93.35 81.29 114.55 108.94 0.0276
436.15 0.00 127.28 63.07 0.0274
563.27 469.10 104.41 134.47 0.0274
257.10 435.04 114.65 135.22 0.0274
51.85 552.15 60.34 115.86 0.0271
97.84 453.96 116.47 142.41 0.0270
850.48 484.62 173.52 93.46 0.0269
0.00 606.78 41.47 75.22 0.0269
753.23 119.11 113.62 110.53 0.0268
728.23 0.00 123.18 51.71 0.0268
658.58 376.25 105.54 128.10 0.0268
440.26 338.50 105.25 130.31 0.0268
947.20 0.00 76.80 78.35 0.0267
849.61 325.06 174.39 316.82 0.0267
120.85 28.90 135.02 81.46 0.0266
830.09 54.93 108.92 106.75 0.0264
381.30 312.79 95.71 144.16 0.0264
548.07 0.00 120.12 54.81 0.0264
654.34 26.29 113.88 99.53 0.0261
298.29 619.92 168.92 62.08 0.0259
854.59 403.56 129.70 147.37 0.0257
260.89 134.56 131.75 134.21 0.0257
620.89 0.00 123.57 54.70 0.0254
790.56 85.80 109.98 108.12 0.0252
269.71 191.76 108.74 135.73 0.0248
539.26 150.69 118.34 129.95 0.0247
606.46 116.02 114.11 114.16 0.0247
609.72 392.64 90.26 134.88 0.0245
0.00 483.92 65.08 116.63 0.0244
670.53 127.56 139.81 103.87 0.0243
445.02 619.88 169.30 62.12 0.0243
0.00 418.23 66.40 116.96 0.0241
479.92 0.00 149.81 42.35 0.0241
701.92 618.21 169.80 63.79 0.0241
197.16 353.04 131.36 152.98 0.0239
856.33 0.00 104.63 79.80 0.0239
