22_Picnic_Picnic_22_594
200
479.68 279.91 325.50 275.44 0.2208
99.10 358.53 186.17 329.47 0.1836
457.44 76.52 453.95 172.13 0.1593
140.64 124.33 387.59 200.63 0.1574
382.45 220.17 318.49 285.39 0.1385
442.57 152.91 376.51 271.01 0.1288
578.17 301.26 445.83 238.58 0.1155
133.69 347.47 360.63 340.53 0.1147
65.91 62.48 257.98 243.95 0.0961
542.94 398.35 267.10 289.65 0.0833
48.37 391.60 83.36 122.61 0.0821
440.59 53.51 172.05 72.06 0.0818
497.28 129.21 521.80 201.26 0.0811
373.89 40.18 149.20 75.36 0.0809
43.86 136.55 183.32 323.18 0.0791
117.33 216.91 268.97 282.03 0.0786
309.76 312.58 318.03 344.54 0.0776
292.33 45.45 169.43 71.99 0.0757
345.65 26.96 402.05 148.15 0.0700
264.81 94.99 403.07 167.33 0.0689
231.79 38.19 157.17 83.96 0.0677
510.15 26.24 464.03 154.83 0.0675
635.21 42.20 154.49 75.11 0.0667
61.08 74.32 75.48 133.44 0.0661
21.89 274.30 182.93 355.46 0.0651
33.47 427.22 66.80 116.56 0.0627
300.51 4.51 150.53 65.76 0.0626
553.69 40.34 153.69 76.64 0.0615
537.69 262.39 132.37 113.71 0.0611
473.72 272.83 110.51 130.21 0.0598
293.83 226.46 113.04 121.99 0.0592
356.60 38.57 112.57 143.62 0.0587
481.65 458.64 101.60 147.05 0.0577
428.46 45.81 119.93 131.18 0.0575
614.86 314.79 109.74 120.65 0.0574
4.36 380.12 63.44 120.23 0.0573
107.01 21.54 418.91 163.68 0.0571
475.23 78.51 107.74 137.30 0.0568
86.18 403.79 129.65 129.31 0.0558
478.14 171.06 105.48 138.07 0.0555
515.87 21.55 169.48 60.21 0.0550
166.79 402.35 115.82 150.00 0.0550
175.03 109.42 130.83 141.27 0.0549
249.69 215.31 111.32 138.08 0.0543
693.67 319.04 113.61 132.21 0.0542
732.71 352.78 109.22 158.09 0.0539
220.06 9.05 155.85 62.46 0.0539
146.70 91.76 108.53 123.80 0.0536
567.81 413.17 119.81 122.99 0.0536
106.95 114.00 112.49 133.34 0.0534
352.14 170.95 116.87 132.30 0.0530
368.62 14.94 153.34 66.34 0.0524
498.33 55.81 132.39 127.04 0.0522
414.64 255.26 152.18 97.37 0.0521
729.50 322.21 134.06 103.39 0.0520
0.00 47.21 217.75 200.98 0.0519
33.19 328.92 64.29 137.72 0.0517
33.04 39.88 66.12 134.05 0.0517
793.15 473.03 121.35 138.83 0.0515
618.29 241.81 107.95 131.15 0.0515
498.86 299.53 118.24 142.54 0.0513
73.31 41.95 106.99 140.35 0.0510
578.45 55.56 122.42 119.40 0.0509
844.42 452.26 111.17 123.00 0.0508
362.43 246.70 120.07 147.47 0.0502
546.24 306.12 128.03 122.30 0.0501
153.98 42.85 146.20 70.90 0.0497
40.53 35.52 117.47 88.63 0.0497
219.06 73.10 110.18 133.23 0.0496
517.76 220.58 96.07 126.13 0.0493
36.52 102.91 67.68 136.35 0.0489
215.02 147.06 109.40 138.45 0.0487
658.58 56.61 123.99 124.02 0.0484
439.41 94.84 105.15 157.73 0.0484
845.68 552.22 113.37 114.87 0.0482
406.75 78.57 102.98 137.53 0.0481
683.11 290.73 143.32 93.03 0.0481
278.85 443.29 115.22 117.10 0.0478
374.13 216.24 148.33 108.68 0.0476
32.37 245.58 68.03 136.06 0.0475
352.53 130.03 121.95 112.46 0.0472
500.34 131.66 115.19 139.46 0.0470
56.67 303.33 77.93 146.58 0.0470
659.07 278.60 108.91 131.38 0.0468
588.40 338.99 102.44 141.49 0.0467
583.10 184.53 117.08 122.60 0.0467
541.29 537.36 130.39 147.91 0.0465
536.28 441.36 119.10 134.69 0.0463
327.22 80.80 110.82 124.40 0.0462
690.91 392.11 114.88 152.83 0.0462
355.93 450.38 106.29 105.33 0.0460
256.16 112.28 104.06 133.06 0.0456
789.20 393.96 121.52 146.62 0.0456
612.38 74.18 118.22 141.89 0.0455
825.84 515.27 143.08 99.09 0.0453
73.07 350.23 105.40 141.70 0.0453
62.03 521.97 81.38 148.89 0.0453
791.06 549.11 128.83 131.06 0.0452
615.36 555.38 130.52 119.41 0.0451
709.59 69.30 133.10 142.12 0.0450
760.34 106.20 123.04 138.14 0.0448
398.85 447.06 115.79 116.26 0.0446
535.44 87.29 127.50 122.95 0.0446
134.57 380.05 118.23 120.04 0.0446
443.50 15.30 151.13 62.35 0.0444
451.59 305.27 98.78 136.60 0.0443
637.84 6.97 147.01 64.95 0.0443
391.96 156.56 127.19 121.47 0.0441
303.21 115.70 102.99 127.05 0.0441
194.28 203.33 97.21 140.36 0.0438
277.14 56.64 129.82 102.75 0.0437
621.22 364.27 103.60 138.05 0.0434
0.00 0.00 99.15 60.09 0.0434
580.49 98.90 110.48 151.53 0.0434
60.44 128.84 73.13 142.85 0.0433
678.30 22.89 165.56 69.69 0.0431
160.99 65.69 140.85 95.24 0.0430
59.03 449.13 71.14 149.52 0.0430
0.00 402.50 38.46 110.22 0.0427
244.72 270.07 120.76 148.15 0.0425
474.37 537.58 107.73 133.86 0.0424
656.81 106.43 111.02 138.95 0.0424
53.13 203.48 78.68 150.13 0.0420
616.13 148.02 118.61 127.38 0.0419
837.07 285.20 105.91 154.68 0.0418
808.47 152.64 103.23 140.97 0.0417
151.36 141.02 106.24 129.52 0.0414
580.64 472.06 120.31 134.99 0.0414
505.74 498.84 126.31 141.19 0.0414
27.69 529.49 74.62 144.82 0.0412
314.13 492.29 156.50 107.75 0.0411
837.99 365.68 121.37 148.23 0.0410
682.32 480.41 126.67 133.58 0.0410
177.64 464.58 110.93 143.41 0.0410
510.58 193.35 150.98 103.37 0.0408
728.43 44.16 116.68 75.13 0.0405
104.29 49.69 115.30 73.38 0.0401
204.17 432.36 125.18 137.35 0.0400
767.10 19.28 148.78 79.52 0.0397
777.36 327.43 124.14 127.22 0.0396
453.25 479.63 92.46 152.91 0.0395
620.24 445.06 103.11 122.70 0.0394
0.00 304.75 63.96 134.69 0.0394
663.60 433.36 105.43 142.50 0.0393
114.71 457.18 109.19 143.01 0.0391
43.45 1.15 139.89 66.22 0.0390
727.86 436.20 129.38 135.86 0.0389
731.54 136.22 111.77 145.79 0.0389
32.88 167.60 67.67 139.74 0.0387
0.00 535.27 67.53 136.84 0.0383
645.45 174.50 123.30 133.44 0.0383
195.51 380.99 135.86 130.59 0.0382
464.05 0.00 348.66 123.98 0.0382
480.37 409.85 119.28 129.53 0.0382
11.32 7.89 71.27 122.14 0.0381
0.98 73.59 67.92 135.55 0.0380
633.61 0.00 373.75 125.11 0.0378
0.00 595.90 49.15 92.10 0.0378
144.82 3.26 154.47 62.10 0.0378
0.00 236.48 67.53 139.28 0.0376
653.41 343.12 106.44 123.23 0.0373
82.39 246.08 101.70 126.62 0.0373
178.05 340.02 107.51 143.73 0.0373
520.29 356.05 142.93 103.10 0.0372
264.37 0.00 88.93 109.67 0.0370
599.11 0.00 110.22 89.29 0.0366
309.06 397.75 119.24 128.80 0.0363
768.08 44.19 116.72 140.10 0.0361
681.85 537.07 125.83 144.81 0.0357
754.28 167.19 126.24 163.67 0.0355
554.70 0.00 93.28 103.20 0.0353
412.38 0.00 169.72 48.75 0.0351
437.54 413.55 113.05 113.94 0.0350
83.06 170.85 99.27 136.08 0.0350
853.70 254.71 139.83 147.66 0.0347
147.98 217.39 102.71 122.41 0.0345
393.87 303.87 107.09 132.39 0.0343
497.36 0.00 158.80 52.76 0.0339
118.84 317.72 102.66 130.00 0.0339
255.38 472.07 107.82 124.36 0.0338
859.46 143.41 99.56 121.14 0.0335
0.00 169.74 65.33 138.70 0.0332
90.29 486.44 99.03 148.94 0.0331
217.02 308.22 109.74 149.60 0.0329
816.17 94.02 105.81 120.02 0.0327
183.61 268.80 101.46 135.76 0.0325
814.62 7.12 123.51 59.64 0.0323
368.30 370.45 114.47 143.53 0.0321
724.38 503.63 130.80 132.31 0.0318
677.96 0.00 168.96 47.83 0.0315
856.75 23.48 119.36 103.35 0.0313
896.57 556.69 92.79 131.31 0.0312
187.58 526.05 106.76 136.44 0.0311
216.66 498.88 113.09 137.00 0.0310
247.86 399.45 125.98 135.71 0.0308
172.84 0.00 166.14 39.26 0.0307
601.64 0.00 174.61 41.03 0.0303
762.93 0.00 166.43 42.47 0.0301
952.31 0.00 71.69 75.30 0.0300
385.26 532.32 113.44 118.43 0.0296
