35_Basketball_basketballgame_ball_35_309
200
388.19 96.20 401.77 157.01 0.6410
538.38 132.55 485.62 207.45 0.2500
144.48 90.25 286.63 197.64 0.2428
240.44 64.81 433.31 149.73 0.2397
142.72 325.90 371.28 291.98 0.2299
88.97 347.40 179.93 393.80 0.2189
376.34 148.10 344.74 305.60 0.1745
458.36 301.40 356.17 304.27 0.1622
160.33 360.75 198.42 384.25 0.1567
138.06 144.61 237.94 300.77 0.1389
360.97 331.09 344.99 378.57 0.1370
233.56 51.26 160.44 72.99 0.1323
218.87 150.94 340.59 293.58 0.1244
553.98 365.67 291.52 379.33 0.1149
90.88 73.75 217.48 266.98 0.1125
500.41 239.11 493.07 290.30 0.1035
232.79 26.84 181.68 61.00 0.0846
53.63 520.91 76.26 151.20 0.0772
22.26 307.34 77.41 139.99 0.0766
54.26 355.92 77.48 152.65 0.0765
250.07 414.80 280.69 330.20 0.0749
171.17 39.51 129.05 87.46 0.0749
96.20 211.91 199.21 351.31 0.0739
673.01 46.35 155.30 79.31 0.0734
55.70 275.10 73.13 140.30 0.0724
55.69 88.48 80.62 147.89 0.0686
43.71 158.58 167.01 349.75 0.0668
396.90 85.04 118.86 151.20 0.0649
492.77 21.37 494.93 176.93 0.0644
54.33 433.31 70.79 169.18 0.0612
747.96 48.74 153.10 78.82 0.0598
29.21 551.15 72.70 148.32 0.0594
80.69 110.27 96.60 170.42 0.0592
451.03 324.96 95.48 158.62 0.0589
433.38 581.71 114.97 136.22 0.0588
52.80 142.66 74.33 166.08 0.0587
174.73 77.06 113.94 153.80 0.0582
71.24 509.30 108.76 143.83 0.0569
99.54 383.76 112.93 163.25 0.0569
448.90 572.49 161.33 94.14 0.0567
251.47 76.81 114.67 147.94 0.0564
493.00 577.15 139.38 161.03 0.0557
287.87 352.31 151.20 107.64 0.0555
720.87 56.51 132.39 146.85 0.0554
0.00 300.50 63.67 136.54 0.0553
710.04 156.49 135.91 132.87 0.0550
481.78 317.88 125.85 144.10 0.0545
835.22 442.64 125.41 136.82 0.0544
406.76 76.72 184.40 94.10 0.0536
105.91 102.20 135.08 119.78 0.0536
584.83 408.19 111.35 143.99 0.0532
218.89 240.67 107.19 127.33 0.0531
78.91 420.86 95.25 165.01 0.0530
815.86 44.62 159.03 85.67 0.0529
808.46 403.16 107.88 153.35 0.0526
428.64 523.88 129.34 123.90 0.0525
305.36 90.50 140.11 123.77 0.0517
784.44 473.97 117.02 145.83 0.0516
210.01 47.12 128.48 145.34 0.0509
699.29 25.53 155.59 73.17 0.0509
507.42 54.57 132.19 147.38 0.0506
295.99 56.75 155.98 74.48 0.0506
655.75 137.33 116.19 170.51 0.0505
577.69 336.08 107.86 136.26 0.0505
41.39 41.48 86.81 93.63 0.0504
695.57 88.45 113.76 147.08 0.0501
61.83 45.27 170.58 85.25 0.0493
291.08 540.38 109.09 155.23 0.0491
462.46 231.39 125.33 128.42 0.0487
245.99 362.76 143.76 140.41 0.0486
0.00 66.91 219.68 195.43 0.0483
75.53 54.79 109.16 138.40 0.0482
544.95 234.79 133.04 137.78 0.0480
374.86 579.01 104.83 144.72 0.0479
25.22 467.65 71.35 164.87 0.0477
238.39 553.86 125.94 129.82 0.0477
718.48 410.37 134.26 129.84 0.0476
291.73 456.52 105.19 159.77 0.0476
30.15 83.95 66.58 164.61 0.0474
633.20 17.95 142.11 84.11 0.0473
536.86 559.32 140.19 122.18 0.0472
108.34 547.33 112.79 141.53 0.0470
321.11 593.25 120.53 137.85 0.0462
354.95 318.37 127.68 113.98 0.0461
177.05 268.23 121.95 153.46 0.0458
151.35 212.35 113.22 155.26 0.0457
358.02 108.85 121.84 159.65 0.0456
30.01 378.46 68.64 116.24 0.0456
27.21 221.28 70.56 148.91 0.0456
678.63 432.82 132.10 153.10 0.0453
63.09 235.69 118.49 139.42 0.0452
274.29 0.00 78.88 112.08 0.0451
497.11 185.76 135.55 146.18 0.0450
328.50 509.61 104.95 149.44 0.0446
732.54 115.82 171.15 121.84 0.0444
280.32 116.82 119.98 139.24 0.0444
97.92 33.30 266.59 182.69 0.0442
151.39 575.35 97.20 147.32 0.0440
307.72 166.53 139.09 120.51 0.0437
109.93 145.60 119.56 140.21 0.0437
457.95 98.99 119.21 129.67 0.0434
184.68 546.18 109.70 157.14 0.0433
251.69 414.24 112.81 157.17 0.0433
164.85 15.96 125.98 65.73 0.0430
132.71 28.38 119.14 81.25 0.0428
489.81 110.31 136.93 164.64 0.0427
546.78 431.56 112.69 152.14 0.0427
183.67 407.79 105.74 174.21 0.0427
479.91 493.43 109.16 126.87 0.0426
102.73 475.99 123.35 142.76 0.0425
791.25 149.06 127.22 150.26 0.0424
420.79 47.16 136.64 89.12 0.0424
163.13 0.00 152.33 49.35 0.0423
839.60 373.36 126.19 145.43 0.0422
401.96 172.21 113.93 150.75 0.0422
279.50 256.15 124.19 139.34 0.0419
508.66 406.13 110.49 149.93 0.0419
865.63 169.84 126.11 145.93 0.0419
223.32 1.13 154.74 66.82 0.0417
474.22 41.16 150.31 84.41 0.0417
152.98 378.48 160.08 119.23 0.0415
372.36 525.93 114.16 124.42 0.0415
768.91 375.20 103.87 137.45 0.0415
64.14 587.01 123.90 146.53 0.0414
334.06 24.78 153.21 78.57 0.0413
645.14 408.99 116.98 154.62 0.0412
219.42 460.16 108.53 165.61 0.0411
568.24 209.52 139.21 113.03 0.0411
585.60 467.47 99.53 159.12 0.0410
347.71 351.55 118.12 165.55 0.0409
333.96 267.73 109.01 142.20 0.0408
786.03 57.69 134.01 148.72 0.0408
693.66 209.33 116.64 150.66 0.0408
637.02 344.22 134.96 141.65 0.0407
205.16 340.22 136.66 137.94 0.0406
229.25 0.00 73.04 113.56 0.0403
126.99 529.55 148.91 102.61 0.0399
486.31 274.00 143.70 120.89 0.0396
250.96 297.01 122.45 152.91 0.0390
665.54 54.53 110.31 147.54 0.0388
62.96 311.99 113.32 141.49 0.0388
729.56 477.16 124.35 138.72 0.0388
414.92 246.30 93.02 170.76 0.0387
619.74 164.06 110.66 129.78 0.0386
12.95 28.33 78.48 105.91 0.0386
99.84 341.15 125.46 127.51 0.0385
541.15 391.28 126.86 105.65 0.0384
0.37 226.58 66.62 134.14 0.0383
110.45 273.30 106.47 129.27 0.0382
463.50 399.95 117.81 130.22 0.0380
395.92 0.00 347.69 147.08 0.0380
0.00 574.34 63.44 147.86 0.0379
847.59 80.35 109.71 151.77 0.0378
476.61 12.32 167.18 69.82 0.0377
697.10 347.43 131.35 141.58 0.0371
812.15 326.75 95.65 148.98 0.0371
770.35 6.00 156.63 80.08 0.0369
658.92 353.45 365.08 321.21 0.0368
607.28 309.74 180.17 101.11 0.0368
0.00 0.00 63.89 74.72 0.0368
631.87 473.84 138.86 135.88 0.0364
806.30 528.88 108.83 162.88 0.0362
0.00 505.02 63.34 140.97 0.0360
677.79 0.00 170.29 53.99 0.0352
846.95 234.91 104.22 139.13 0.0351
731.40 0.00 292.60 142.75 0.0348
214.01 106.01 123.50 155.03 0.0347
284.23 187.04 115.56 150.12 0.0346
238.42 0.00 339.60 151.66 0.0346
358.31 216.71 113.63 148.49 0.0345
773.81 287.06 105.66 161.96 0.0344
538.57 158.68 120.29 134.20 0.0344
837.87 581.58 121.87 156.77 0.0344
317.85 409.78 119.23 178.61 0.0340
350.26 69.59 129.81 117.66 0.0340
696.15 295.03 116.35 136.55 0.0339
315.84 0.00 92.61 105.14 0.0337
514.91 322.10 161.37 105.85 0.0334
394.39 364.36 121.48 151.70 0.0333
79.52 0.00 126.28 72.29 0.0332
0.00 341.74 208.82 237.11 0.0332
38.67 3.72 110.95 76.38 0.0331
426.24 429.54 121.03 146.79 0.0331
172.27 139.02 120.20 168.03 0.0331
698.32 511.88 116.21 152.99 0.0330
414.15 0.00 146.54 80.62 0.0330
537.09 23.12 165.62 79.12 0.0329
810.05 260.87 103.98 154.38 0.0326
342.19 0.00 185.46 45.14 0.0320
591.03 249.93 158.37 112.41 0.0320
0.00 643.31 40.28 101.69 0.0318
841.73 294.98 110.48 140.89 0.0316
397.14 470.64 124.25 152.66 0.0314
0.00 60.03 118.06 123.25 0.0311
582.88 585.62 138.79 123.00 0.0309
735.57 246.92 109.01 152.84 0.0309
240.95 180.05 126.47 106.20 0.0309
0.00 93.10 66.03 135.21 0.0307
124.38 440.79 142.05 115.50 0.0306
127.46 610.27 86.25 134.73 0.0306
