35_Basketball_Basketball_35_209
200
164.81 206.57 337.96 224.84 0.8987
444.46 242.72 376.19 224.42 0.8021
294.48 236.68 358.58 220.33 0.7749
128.23 237.54 148.75 244.78 0.6095
171.72 262.42 175.04 274.90 0.5638
441.26 108.99 390.75 156.79 0.5247
553.28 212.31 470.72 206.78 0.4327
164.81 155.64 190.52 217.67 0.3412
207.79 74.12 409.01 122.69 0.3322
285.63 147.77 359.47 210.68 0.2721
607.47 120.87 416.53 153.26 0.2546
253.01 340.55 283.36 235.45 0.1806
99.02 331.63 176.89 244.37 0.1516
456.94 138.55 508.52 209.05 0.1412
365.17 44.77 405.37 126.12 0.1222
55.39 208.03 75.03 116.79 0.1163
405.46 303.89 294.48 272.11 0.1148
48.36 380.79 80.99 104.48 0.1025
59.80 251.45 68.71 137.07 0.0931
58.67 63.25 73.38 119.80 0.0766
22.02 378.49 74.58 128.61 0.0743
173.94 131.01 352.15 134.38 0.0743
72.90 194.50 88.30 76.86 0.0717
34.69 194.32 58.62 97.19 0.0700
55.65 411.86 78.92 136.68 0.0674
546.76 317.60 290.62 258.40 0.0662
36.44 252.07 56.95 124.27 0.0662
189.23 188.38 115.38 105.30 0.0655
239.47 83.84 152.53 77.96 0.0638
812.54 172.24 211.46 192.80 0.0632
58.50 51.25 140.87 84.40 0.0622
202.58 55.84 154.97 78.28 0.0614
518.41 43.93 159.29 58.87 0.0613
590.73 267.66 100.03 127.13 0.0607
128.20 58.54 154.31 82.56 0.0601
372.47 74.53 105.30 112.84 0.0598
820.26 143.92 139.87 76.39 0.0597
176.96 82.02 112.64 100.14 0.0595
67.06 205.91 146.63 237.89 0.0595
744.15 144.78 146.45 72.26 0.0594
848.16 220.59 99.40 125.25 0.0590
41.94 41.10 85.76 68.54 0.0587
596.75 130.91 148.46 80.50 0.0584
210.46 369.17 133.48 107.17 0.0581
539.05 43.63 350.55 155.27 0.0577
582.37 151.97 114.11 101.48 0.0573
615.32 406.56 116.80 112.97 0.0573
117.65 40.56 162.36 57.26 0.0571
112.30 66.40 104.23 110.78 0.0561
62.79 392.07 122.74 109.58 0.0557
387.42 58.34 148.77 79.35 0.0553
763.37 114.25 136.03 72.81 0.0553
153.13 67.30 229.62 147.90 0.0552
30.49 37.17 62.46 120.30 0.0550
221.93 168.66 166.56 76.26 0.0546
652.16 381.45 144.27 82.97 0.0545
497.76 244.90 117.21 128.53 0.0544
307.98 225.91 153.18 81.67 0.0541
801.80 152.62 108.66 108.82 0.0541
430.65 116.75 116.03 115.38 0.0541
141.87 212.87 120.51 91.83 0.0540
671.75 218.95 151.20 79.30 0.0536
582.40 36.15 166.74 61.79 0.0533
3.38 417.10 61.72 122.37 0.0530
694.36 126.10 110.38 112.29 0.0527
348.79 42.25 154.67 60.00 0.0527
365.61 356.93 105.18 123.84 0.0526
215.39 90.09 110.27 119.55 0.0525
496.61 110.86 119.20 122.00 0.0525
4.85 204.74 67.30 101.84 0.0521
188.28 385.49 104.31 119.18 0.0518
277.40 221.27 109.77 100.35 0.0515
576.21 88.98 125.70 112.75 0.0514
139.18 253.39 130.50 106.65 0.0513
837.07 181.13 114.14 99.42 0.0511
625.72 335.79 106.39 115.14 0.0510
0.00 375.43 63.96 99.06 0.0507
215.11 41.55 165.37 56.03 0.0506
333.21 49.68 103.24 99.68 0.0505
273.49 370.79 141.19 89.33 0.0505
98.17 205.37 111.10 84.42 0.0501
239.53 255.03 131.50 103.48 0.0497
60.55 343.65 100.07 96.29 0.0495
661.08 102.02 107.90 100.91 0.0492
330.37 99.24 112.10 99.57 0.0491
0.00 435.11 32.51 99.61 0.0490
389.74 211.96 137.66 106.54 0.0487
729.20 192.22 121.11 89.40 0.0486
280.16 195.30 135.14 83.01 0.0485
474.31 301.67 111.07 121.47 0.0485
573.85 198.33 145.01 75.57 0.0483
501.86 64.98 131.23 118.55 0.0482
371.50 172.06 107.54 117.94 0.0481
427.35 370.39 119.50 114.23 0.0478
612.44 230.95 126.85 121.71 0.0476
404.46 140.34 104.72 122.65 0.0475
143.25 426.78 125.77 103.04 0.0470
407.90 82.58 155.91 84.68 0.0468
28.49 446.86 87.01 121.27 0.0467
210.64 412.66 110.19 134.42 0.0466
360.28 135.85 123.42 80.44 0.0459
0.00 189.55 35.02 96.98 0.0459
292.95 109.98 109.54 120.27 0.0458
841.56 86.48 110.19 93.50 0.0457
508.68 209.88 124.28 107.34 0.0457
551.87 19.79 151.01 58.45 0.0457
149.76 358.28 114.10 119.06 0.0455
737.72 82.20 96.78 102.44 0.0453
451.79 42.20 145.73 60.61 0.0452
643.55 270.15 132.74 116.39 0.0451
280.83 418.68 125.42 118.04 0.0450
644.08 424.23 137.67 131.65 0.0448
340.41 146.47 97.44 115.80 0.0448
204.14 216.70 118.32 127.84 0.0447
425.82 257.65 136.26 107.17 0.0446
90.89 231.44 125.60 112.88 0.0444
367.05 420.43 104.21 125.94 0.0444
653.56 185.60 117.37 91.14 0.0442
545.93 181.91 111.37 101.64 0.0441
243.48 304.14 128.20 132.33 0.0439
799.07 202.83 115.85 103.40 0.0436
432.85 175.77 128.70 108.05 0.0435
585.34 373.44 123.00 105.56 0.0431
399.33 338.98 121.71 115.36 0.0430
590.19 215.83 105.92 105.64 0.0428
0.00 309.45 61.26 114.70 0.0427
66.53 174.10 155.07 71.96 0.0426
98.57 300.29 119.94 117.32 0.0426
30.83 321.06 62.24 93.72 0.0424
194.40 277.03 142.76 116.89 0.0424
806.99 255.76 109.45 101.40 0.0423
721.61 232.41 112.69 139.70 0.0422
393.28 389.79 121.06 131.73 0.0421
508.59 343.83 123.68 104.42 0.0419
548.57 296.29 115.67 116.95 0.0419
688.97 82.12 107.55 88.83 0.0418
35.44 291.66 157.37 95.50 0.0411
225.35 508.12 142.82 67.88 0.0411
71.11 13.75 218.72 189.40 0.0409
305.60 467.68 97.79 108.32 0.0407
7.26 249.87 62.64 116.52 0.0406
320.06 399.38 126.96 102.41 0.0406
93.56 431.88 127.91 115.34 0.0404
663.06 36.01 166.84 56.94 0.0403
324.64 341.88 112.51 100.35 0.0401
2.38 0.68 101.24 56.83 0.0396
516.10 5.48 150.21 52.58 0.0396
161.90 157.63 88.47 116.23 0.0395
368.19 282.86 111.87 135.88 0.0394
853.02 294.51 96.49 126.96 0.0389
618.06 41.99 115.98 108.03 0.0388
28.13 169.57 57.47 76.63 0.0388
27.37 15.89 126.82 61.92 0.0381
347.91 254.71 122.89 102.16 0.0379
770.00 46.36 105.82 106.03 0.0379
0.00 37.28 66.31 109.65 0.0378
40.58 123.13 82.53 107.38 0.0378
178.65 330.73 121.36 113.42 0.0376
561.88 416.61 121.58 95.11 0.0374
333.92 0.76 136.13 63.74 0.0370
33.94 91.14 63.30 97.92 0.0366
619.95 6.39 146.83 55.75 0.0366
774.23 37.47 164.86 58.80 0.0366
5.22 353.18 90.04 88.96 0.0365
122.25 106.99 89.81 132.85 0.0364
507.84 387.18 116.80 136.44 0.0359
7.28 158.44 57.39 96.46 0.0359
457.92 63.02 143.70 77.61 0.0357
53.40 107.57 140.30 91.92 0.0356
701.47 299.54 103.25 119.99 0.0355
814.04 57.60 159.91 77.36 0.0354
0.00 273.53 25.69 103.21 0.0349
185.04 6.66 138.92 63.12 0.0347
688.00 0.00 138.29 54.17 0.0343
89.85 18.86 135.92 69.42 0.0343
758.22 312.21 109.83 109.73 0.0339
674.43 56.88 150.50 74.85 0.0339
116.24 1.01 139.21 62.25 0.0337
800.30 0.00 141.91 57.40 0.0334
390.03 26.85 161.23 64.39 0.0331
737.70 21.44 128.80 69.28 0.0328
457.40 413.51 113.99 114.43 0.0324
874.37 156.03 149.63 45.28 0.0324
346.97 0.00 183.99 33.45 0.0320
188.23 503.57 107.35 72.43 0.0317
576.45 0.00 368.22 101.17 0.0317
310.56 3.56 103.42 98.93 0.0311
175.53 142.90 137.31 76.53 0.0311
254.68 2.40 139.97 59.67 0.0310
415.12 0.00 107.41 69.73 0.0308
0.00 479.58 40.32 96.42 0.0306
574.17 0.00 150.65 42.23 0.0306
664.97 346.78 190.60 78.03 0.0305
854.35 348.36 125.02 107.06 0.0302
395.13 0.00 349.57 105.25 0.0300
862.31 176.87 161.69 51.16 0.0300
0.00 17.69 49.94 83.12 0.0297
711.56 457.16 82.83 118.84 0.0297
591.02 445.99 132.90 125.49 0.0295
792.33 324.75 138.89 82.13 0.0294
