35_Basketball_Basketball_35_635
120
305.20 324.95 331.01 295.07 0.9756
510.31 288.08 399.35 277.97 0.9506
421.92 368.79 361.23 343.09 0.5986
220.60 289.98 268.21 279.77 0.4325
293.13 393.90 251.46 374.10 0.2455
554.91 447.18 273.85 320.82 0.1299
504.63 224.11 519.37 217.96 0.1161
730.12 327.09 293.88 250.31 0.1070
169.66 347.48 236.24 366.51 0.0888
539.45 359.36 483.89 347.47 0.0886
452.69 253.15 322.95 235.47 0.0840
107.62 238.28 201.57 351.40 0.0818
281.69 248.81 369.42 213.78 0.0682
288.70 313.04 112.55 146.59 0.0598
545.44 571.11 113.20 150.69 0.0596
585.45 601.92 107.31 144.52 0.0572
427.03 328.08 150.23 108.67 0.0561
575.58 279.60 132.61 135.81 0.0550
530.08 458.53 146.36 118.85 0.0542
504.90 313.20 113.67 145.72 0.0540
506.58 471.13 111.30 174.80 0.0539
596.54 581.20 147.00 103.19 0.0538
334.53 439.35 113.63 162.38 0.0537
794.54 328.52 139.96 138.37 0.0534
390.98 326.72 116.89 134.35 0.0532
324.91 331.80 110.80 164.46 0.0531
205.37 322.24 135.48 122.96 0.0525
367.59 422.87 154.72 120.91 0.0517
719.82 327.84 135.06 127.98 0.0513
59.24 372.48 247.51 339.83 0.0504
691.30 592.52 104.48 139.36 0.0502
473.23 451.89 106.36 152.45 0.0500
282.85 401.42 121.38 161.48 0.0498
599.64 262.83 156.01 103.59 0.0496
609.81 318.51 113.22 171.24 0.0489
473.37 559.03 108.34 173.45 0.0483
579.51 480.06 110.15 151.04 0.0482
224.56 300.72 161.62 103.25 0.0476
653.33 328.40 113.20 181.11 0.0468
22.16 67.90 383.76 215.79 0.0462
245.21 344.01 126.07 142.69 0.0462
627.68 616.89 137.67 124.86 0.0461
444.53 382.44 116.98 136.14 0.0460
833.63 292.69 149.35 118.18 0.0459
728.55 288.36 155.01 119.05 0.0459
364.97 544.79 108.25 176.95 0.0457
421.99 552.03 143.49 111.26 0.0452
0.00 122.27 232.05 238.26 0.0449
543.61 322.73 120.65 171.19 0.0448
363.56 296.72 158.33 110.49 0.0439
381.21 488.35 125.66 147.27 0.0438
652.68 293.47 165.08 108.54 0.0434
491.57 81.45 522.21 198.75 0.0434
244.79 443.13 122.69 164.13 0.0427
0.00 465.62 210.95 302.38 0.0426
606.55 414.35 127.25 140.97 0.0425
109.20 141.10 289.60 230.40 0.0424
696.47 396.74 110.85 172.64 0.0422
731.45 602.80 107.40 149.48 0.0421
697.88 547.49 116.17 119.88 0.0415
762.31 0.00 261.69 194.07 0.0414
227.34 69.95 401.99 206.83 0.0414
796.55 537.45 138.25 174.97 0.0412
158.81 291.53 144.25 111.33 0.0411
579.47 680.25 157.37 87.75 0.0411
295.40 286.89 157.02 116.85 0.0406
416.10 41.54 264.20 280.61 0.0402
561.76 636.37 89.58 131.63 0.0392
0.00 265.15 254.39 269.06 0.0391
298.71 15.60 443.80 195.92 0.0388
409.15 467.78 143.49 115.91 0.0388
760.96 355.07 116.03 173.77 0.0386
524.53 630.99 89.21 137.01 0.0383
651.03 502.08 119.21 128.25 0.0380
77.02 14.75 442.78 198.19 0.0379
283.43 464.70 126.02 178.15 0.0377
323.96 512.67 122.34 161.65 0.0377
727.77 475.30 111.23 179.82 0.0367
0.00 0.00 63.35 78.30 0.0360
329.39 598.63 109.32 154.10 0.0352
109.68 291.75 127.58 127.83 0.0342
767.02 496.25 119.49 145.09 0.0341
452.69 262.08 172.21 113.15 0.0331
740.99 579.16 151.03 115.47 0.0326
503.11 0.00 395.78 163.46 0.0325
206.93 391.39 126.95 144.90 0.0324
430.65 596.74 106.64 130.86 0.0319
224.37 176.75 351.14 191.61 0.0317
192.15 0.00 245.99 154.48 0.0314
338.24 0.00 246.58 158.18 0.0313
497.39 372.66 120.34 146.72 0.0309
298.08 555.17 110.47 158.05 0.0309
813.45 521.80 183.90 102.86 0.0306
134.65 339.18 119.53 115.13 0.0299
0.00 0.00 222.09 24.26 0.0296
365.87 183.40 366.37 182.87 0.0286
837.41 254.97 186.59 96.16 0.0286
718.74 261.23 93.34 119.50 0.0281
55.15 0.00 227.67 148.75 0.0279
386.45 615.65 117.28 140.25 0.0273
428.10 687.68 166.36 80.32 0.0269
239.36 542.98 132.76 115.88 0.0268
17.34 219.57 70.18 182.63 0.0267
763.00 256.85 179.58 110.46 0.0261
646.62 675.70 154.93 92.30 0.0259
174.11 362.47 115.57 151.59 0.0251
571.85 230.37 209.72 91.57 0.0248
172.45 249.52 181.86 125.64 0.0247
60.46 238.44 73.76 161.41 0.0241
521.99 163.81 314.81 225.03 0.0236
489.12 629.07 76.97 122.07 0.0232
0.00 0.00 165.75 157.41 0.0230
276.19 621.64 118.44 123.51 0.0227
823.09 642.16 99.40 125.84 0.0226
302.40 683.73 181.85 84.27 0.0222
809.77 385.61 132.74 158.67 0.0219
957.16 0.00 66.84 6.35 0.0216
3.94 189.35 64.76 113.15 0.0214
79.65 276.62 94.77 146.68 0.0211
851.18 488.98 151.63 224.42 0.0209
