35_Basketball_playingbasketball_35_876
200
459.06 86.16 462.61 210.59 0.4225
480.92 151.03 402.81 322.76 0.1290
411.58 108.91 310.46 295.95 0.1103
412.23 288.06 389.06 334.44 0.1091
307.87 256.07 334.52 315.51 0.1052
351.66 51.37 403.24 172.57 0.0970
555.24 335.89 468.76 273.30 0.0965
343.04 372.39 284.35 395.61 0.0869
551.66 374.54 287.10 393.46 0.0793
145.47 191.06 238.35 312.84 0.0768
131.58 321.39 275.02 306.85 0.0729
108.23 338.90 176.20 424.63 0.0692
26.16 333.42 179.02 434.58 0.0676
129.86 151.75 383.35 227.16 0.0658
34.79 51.75 203.27 319.26 0.0615
432.42 101.14 123.50 158.98 0.0569
200.23 104.29 397.52 190.10 0.0564
191.96 402.53 276.43 365.47 0.0547
313.52 248.71 133.39 142.36 0.0544
361.92 596.78 103.75 142.59 0.0532
401.84 603.57 123.31 137.10 0.0509
232.26 363.69 93.83 168.82 0.0504
52.00 597.52 75.08 162.09 0.0503
45.30 205.49 78.02 161.06 0.0502
50.55 481.21 76.02 170.19 0.0498
469.78 150.17 117.58 165.31 0.0486
46.68 230.04 202.45 369.92 0.0484
295.74 598.39 102.98 148.06 0.0478
371.12 55.70 96.59 147.99 0.0478
507.16 366.27 113.00 165.59 0.0472
489.73 94.24 146.34 140.14 0.0472
48.99 130.15 79.11 155.77 0.0466
51.82 48.04 76.07 161.12 0.0465
311.96 320.27 139.38 113.52 0.0463
521.07 135.32 144.07 135.53 0.0463
359.18 512.24 115.75 171.14 0.0460
803.18 490.52 105.20 149.47 0.0457
254.67 413.24 102.53 161.20 0.0456
501.72 202.74 115.83 142.20 0.0453
240.23 581.73 151.90 103.75 0.0452
314.55 576.27 131.85 117.73 0.0451
804.36 614.25 131.81 145.71 0.0451
844.67 526.44 106.04 142.30 0.0451
544.52 382.17 130.23 136.05 0.0450
552.32 195.85 110.95 146.91 0.0442
808.44 23.39 166.17 74.72 0.0442
654.18 531.11 110.54 144.96 0.0440
729.54 530.42 108.52 145.36 0.0437
647.44 610.09 115.45 147.41 0.0436
330.87 42.02 174.26 85.76 0.0435
264.18 193.43 133.22 133.72 0.0434
220.06 605.68 103.71 143.83 0.0434
325.13 0.00 334.78 130.89 0.0429
622.43 566.28 108.41 146.74 0.0429
836.41 456.70 110.83 145.46 0.0427
227.50 223.34 131.57 130.81 0.0426
7.43 3.04 104.31 81.52 0.0426
220.61 531.79 104.44 146.75 0.0426
771.07 572.33 105.97 138.72 0.0425
388.90 289.47 129.08 174.69 0.0423
606.34 207.18 137.58 152.08 0.0420
476.48 583.40 143.40 165.43 0.0420
511.33 306.76 113.48 145.68 0.0419
190.47 41.48 415.90 160.78 0.0419
183.61 562.55 101.53 153.56 0.0417
692.89 575.12 112.59 137.88 0.0417
335.85 90.73 101.76 145.58 0.0416
580.38 96.16 112.13 143.05 0.0414
180.07 497.90 107.04 145.40 0.0414
115.02 561.14 97.31 151.33 0.0414
111.87 490.32 101.84 148.40 0.0414
335.28 471.56 104.86 162.94 0.0413
95.92 122.83 203.68 309.12 0.0413
691.73 487.13 110.34 152.80 0.0413
545.58 43.17 109.54 151.66 0.0413
253.87 492.63 103.50 146.91 0.0412
769.07 458.49 107.32 149.66 0.0412
580.44 606.77 115.40 140.07 0.0411
672.42 343.07 146.27 160.72 0.0411
732.34 603.80 104.64 154.45 0.0410
618.36 479.01 121.97 158.55 0.0408
405.39 66.77 116.33 128.62 0.0408
444.42 207.70 121.52 156.15 0.0407
16.93 25.34 77.11 116.67 0.0407
263.80 135.23 105.37 140.18 0.0407
604.65 390.48 146.80 146.50 0.0403
61.25 180.37 96.50 145.93 0.0403
803.43 423.41 108.51 144.85 0.0403
262.11 327.02 105.91 174.59 0.0402
405.47 191.05 126.62 125.58 0.0401
77.44 524.42 105.03 146.23 0.0400
837.63 389.77 111.60 139.22 0.0399
149.70 601.96 99.87 143.30 0.0399
555.14 22.38 164.09 72.79 0.0399
146.67 525.60 103.87 152.32 0.0398
767.97 381.50 106.93 146.43 0.0396
216.81 272.98 125.26 142.91 0.0396
578.76 440.65 118.66 166.07 0.0392
115.87 50.07 94.85 146.76 0.0391
223.97 453.98 98.41 143.77 0.0391
77.21 604.54 107.24 137.62 0.0391
182.01 213.34 104.98 142.88 0.0390
176.34 395.91 108.86 126.37 0.0388
224.00 47.98 97.31 148.28 0.0388
55.90 436.45 92.37 141.69 0.0388
300.87 50.50 97.71 148.61 0.0387
296.10 151.10 132.03 136.16 0.0386
624.79 23.92 165.81 75.63 0.0385
544.11 259.86 123.15 158.92 0.0385
338.91 5.68 147.13 79.09 0.0383
189.58 118.06 102.54 153.40 0.0383
286.61 378.05 117.10 166.03 0.0381
77.31 91.05 101.07 145.58 0.0378
81.89 42.76 178.76 75.55 0.0378
473.57 0.00 342.90 149.10 0.0378
570.90 343.09 139.28 139.35 0.0378
192.55 42.75 175.55 75.56 0.0378
152.10 85.99 98.14 148.11 0.0378
25.14 159.08 67.96 165.50 0.0376
604.23 169.28 153.63 115.56 0.0374
38.52 35.83 136.07 83.67 0.0373
77.97 149.69 120.88 133.36 0.0373
82.07 4.68 230.20 278.37 0.0372
654.09 446.86 118.15 157.69 0.0372
150.35 161.43 102.84 148.38 0.0371
24.19 230.52 68.84 173.82 0.0371
836.81 313.49 112.33 147.36 0.0369
143.40 242.73 104.33 148.85 0.0369
26.24 602.39 66.83 162.07 0.0368
146.91 459.60 101.69 145.85 0.0368
347.23 209.67 138.69 128.67 0.0367
471.32 39.53 152.00 109.18 0.0365
590.76 516.65 103.18 155.95 0.0365
466.82 262.24 118.75 151.61 0.0364
227.18 105.65 119.12 137.00 0.0364
322.10 416.95 113.80 150.72 0.0363
405.54 355.90 102.99 199.26 0.0360
388.31 125.72 94.58 140.97 0.0360
135.03 69.73 156.69 96.52 0.0359
275.40 23.26 142.37 83.79 0.0359
727.62 429.52 119.65 135.96 0.0359
157.81 6.55 147.62 80.46 0.0356
25.20 84.54 67.60 160.32 0.0356
800.55 351.33 112.36 145.60 0.0355
854.80 38.57 103.26 167.85 0.0355
24.55 451.56 70.21 167.71 0.0354
73.22 238.27 111.05 150.22 0.0353
431.23 47.07 117.79 100.22 0.0353
771.24 319.81 106.46 142.34 0.0349
413.73 22.37 141.03 80.44 0.0348
695.99 264.43 130.97 129.04 0.0348
230.85 8.49 146.06 80.78 0.0348
47.11 6.68 147.36 80.25 0.0346
841.32 204.17 104.47 148.14 0.0345
635.06 46.49 142.15 100.08 0.0344
27.35 520.76 67.41 170.84 0.0344
185.17 310.06 106.74 156.46 0.0344
662.91 0.00 166.22 79.99 0.0342
628.53 89.27 104.12 146.49 0.0342
699.19 159.85 101.99 149.46 0.0340
292.25 502.55 113.08 142.49 0.0340
437.06 352.52 144.50 114.94 0.0340
106.80 210.07 107.87 140.63 0.0340
365.03 415.76 112.32 189.33 0.0339
771.35 161.98 104.48 150.72 0.0339
44.55 392.94 119.63 112.98 0.0339
91.58 434.98 166.18 96.82 0.0339
817.12 0.00 192.92 46.78 0.0336
733.60 203.96 105.87 144.70 0.0336
767.83 245.51 107.74 141.04 0.0336
804.12 281.65 110.52 136.24 0.0334
704.08 74.12 97.60 159.34 0.0334
739.28 119.95 98.89 152.23 0.0332
305.90 0.00 203.37 41.79 0.0331
740.93 0.00 165.88 79.43 0.0331
531.62 0.00 172.54 48.31 0.0328
639.96 301.79 148.16 124.92 0.0325
485.97 7.47 167.46 81.05 0.0324
849.15 122.47 100.09 153.96 0.0322
453.07 401.63 137.89 106.91 0.0321
600.95 0.00 183.78 45.91 0.0321
407.42 547.04 169.88 165.02 0.0320
22.49 0.00 181.14 41.59 0.0318
741.48 34.47 97.89 163.66 0.0316
193.23 0.00 206.82 40.23 0.0314
423.79 0.00 174.78 46.57 0.0309
133.27 10.54 95.01 136.43 0.0307
640.76 140.95 155.47 105.96 0.0307
601.40 141.17 422.60 245.92 0.0306
701.43 26.68 168.12 77.13 0.0306
40.71 287.40 87.62 176.94 0.0305
758.16 0.00 265.84 141.08 0.0304
777.04 66.09 100.12 166.34 0.0304
533.36 577.51 124.21 133.79 0.0302
393.79 233.02 119.13 137.66 0.0299
948.01 0.00 75.99 91.72 0.0299
156.95 335.76 98.57 167.15 0.0296
19.42 383.69 77.11 160.14 0.0290
397.55 488.37 126.47 139.17 0.0289
508.58 431.13 114.03 183.69 0.0288
