35_Basketball_playingbasketball_35_156
141
180.68 121.57 443.83 221.30 0.3460
451.37 281.66 349.54 320.32 0.2522
134.28 122.02 235.24 346.05 0.1392
671.50 240.04 352.50 256.62 0.1350
38.57 25.78 192.21 329.09 0.0901
117.55 52.14 313.25 227.30 0.0897
528.72 404.30 287.94 311.70 0.0822
457.96 188.23 419.59 245.83 0.0783
287.98 75.22 439.81 206.95 0.0755
118.75 398.75 235.62 317.25 0.0740
517.54 121.85 451.85 229.95 0.0697
70.70 257.46 235.41 346.60 0.0688
217.15 43.11 442.96 153.83 0.0656
402.13 398.18 282.02 317.82 0.0651
792.57 278.32 131.60 125.65 0.0615
204.82 134.20 112.71 140.79 0.0568
421.64 346.03 122.30 155.06 0.0558
831.11 383.86 126.63 151.53 0.0548
184.34 207.39 409.72 274.14 0.0537
143.37 179.78 123.08 135.62 0.0533
501.98 492.03 114.05 151.80 0.0531
56.14 75.60 75.09 146.80 0.0513
517.87 554.06 105.75 151.28 0.0505
819.50 356.53 122.74 104.27 0.0503
168.92 86.40 109.67 120.36 0.0500
18.09 11.13 80.29 122.56 0.0495
176.32 18.39 147.35 127.26 0.0488
48.52 33.70 101.70 95.02 0.0488
630.10 556.03 97.68 123.89 0.0473
830.14 455.22 116.15 140.32 0.0467
761.17 239.04 123.57 141.93 0.0466
565.87 544.96 128.10 148.14 0.0465
825.05 310.71 147.44 117.05 0.0463
272.98 422.72 258.74 293.28 0.0462
51.86 150.64 82.87 147.10 0.0458
364.38 147.20 320.72 276.99 0.0458
60.35 568.36 71.30 122.26 0.0450
0.00 0.00 75.08 28.43 0.0450
516.67 410.81 105.44 112.89 0.0440
264.61 132.72 100.79 124.64 0.0434
120.41 35.35 127.66 107.77 0.0429
925.51 432.21 98.49 283.79 0.0427
413.59 409.29 147.12 158.15 0.0426
226.83 91.26 89.67 124.30 0.0422
754.49 0.00 269.51 181.16 0.0419
763.09 297.32 116.44 143.43 0.0418
415.91 285.68 106.07 146.63 0.0416
424.32 495.53 126.12 141.67 0.0414
429.46 552.13 129.88 148.89 0.0410
882.77 365.72 117.72 140.82 0.0410
381.80 468.27 112.09 134.55 0.0404
33.51 117.78 69.11 148.60 0.0403
0.00 0.00 90.49 71.87 0.0399
373.19 518.48 108.81 137.33 0.0398
534.28 512.01 127.42 93.41 0.0396
450.10 461.17 147.43 137.11 0.0395
20.89 582.77 81.95 119.54 0.0391
79.90 164.84 110.58 138.77 0.0388
462.51 316.92 136.23 156.72 0.0383
139.69 122.96 109.55 118.85 0.0377
0.00 180.58 236.34 253.34 0.0370
703.37 564.85 77.43 119.23 0.0368
86.11 70.44 122.86 144.06 0.0362
340.09 586.63 97.62 129.37 0.0361
557.54 480.10 90.00 96.18 0.0356
349.01 0.00 413.98 156.61 0.0355
0.00 0.00 194.24 112.59 0.0355
24.98 51.06 72.13 153.98 0.0354
595.64 603.59 134.43 112.41 0.0353
290.86 582.55 96.03 114.23 0.0350
904.97 313.23 92.07 122.88 0.0350
483.49 16.91 483.17 175.51 0.0344
33.51 0.00 124.74 53.08 0.0342
784.77 429.25 122.20 138.27 0.0335
495.14 472.27 201.61 87.90 0.0331
93.73 577.87 96.81 107.23 0.0330
276.57 645.08 195.22 70.92 0.0329
775.62 390.54 118.55 119.67 0.0329
0.00 89.41 65.28 132.61 0.0328
388.72 235.63 123.20 117.15 0.0325
547.02 616.74 120.05 99.26 0.0321
866.55 442.52 143.98 140.83 0.0320
0.00 573.80 68.82 110.00 0.0318
219.10 603.42 103.08 112.58 0.0317
364.01 177.84 96.14 127.40 0.0315
608.81 462.15 82.35 133.02 0.0310
799.54 252.27 224.46 69.34 0.0306
915.23 0.00 108.77 185.91 0.0305
574.11 415.14 86.67 136.96 0.0305
132.87 647.51 182.67 68.49 0.0304
666.51 582.11 83.61 130.04 0.0300
149.56 586.21 93.65 123.85 0.0299
436.69 248.93 127.94 133.34 0.0297
114.07 0.00 318.12 133.29 0.0297
855.65 230.50 90.30 150.44 0.0295
0.00 629.46 39.77 86.54 0.0293
781.10 183.69 147.17 109.51 0.0292
0.00 277.61 183.63 317.68 0.0288
424.54 647.14 175.90 68.86 0.0288
144.04 15.69 136.10 65.58 0.0286
0.00 21.90 44.63 110.43 0.0282
569.89 329.18 431.56 316.09 0.0281
382.81 191.41 200.29 99.70 0.0280
21.60 514.65 64.78 152.06 0.0280
417.31 187.98 81.84 101.87 0.0277
30.50 197.88 59.91 124.91 0.0277
97.31 0.00 106.35 91.03 0.0277
398.69 594.23 109.81 121.77 0.0277
311.58 545.22 139.66 101.95 0.0276
313.46 117.32 80.69 142.17 0.0273
182.57 92.86 244.98 87.62 0.0269
825.03 568.38 150.39 137.19 0.0269
234.36 0.00 150.82 31.87 0.0263
370.75 400.82 137.36 133.56 0.0262
0.00 415.95 233.40 300.05 0.0260
847.15 520.66 127.91 131.05 0.0259
489.70 282.98 148.97 109.00 0.0258
363.18 113.70 85.45 147.55 0.0258
0.00 143.56 72.25 156.37 0.0258
622.29 570.34 223.59 97.13 0.0257
596.94 502.69 192.52 87.31 0.0251
54.40 613.00 158.81 96.47 0.0251
318.38 0.00 177.58 32.10 0.0249
188.86 0.00 129.33 41.13 0.0248
17.65 521.69 180.21 103.64 0.0247
645.84 635.18 178.87 80.82 0.0246
570.20 460.18 331.92 77.13 0.0243
2.16 526.39 66.39 99.19 0.0242
331.76 260.07 144.73 132.32 0.0238
125.44 0.00 135.28 39.54 0.0237
9.31 54.69 288.01 159.21 0.0237
0.00 647.73 94.95 68.27 0.0228
134.11 574.36 177.18 102.29 0.0225
0.00 134.30 39.02 120.54 0.0222
310.14 161.48 113.60 148.20 0.0221
314.99 499.52 152.88 108.77 0.0221
232.01 192.82 100.69 137.19 0.0219
338.48 334.15 157.69 120.33 0.0212
735.68 405.07 288.32 310.93 0.0210
758.46 505.93 161.53 111.29 0.0204
740.72 349.23 283.28 55.46 0.0202
