9_Press_Conference_Press_Conference_9_60
134
258.64 388.65 38.89 57.68 0.5984
764.73 390.14 27.41 39.31 0.5752
444.74 280.94 49.44 59.68 0.5078
549.92 316.49 35.10 45.24 0.4029
547.74 362.01 35.64 47.04 0.3869
942.24 456.79 38.70 58.29 0.3701
120.24 386.58 28.43 34.86 0.2987
392.21 384.45 33.70 38.42 0.2833
672.51 385.03 33.02 42.93 0.2768
857.96 398.17 29.33 33.26 0.2735
773.26 524.32 39.25 55.08 0.2649
515.74 422.74 36.87 58.33 0.2573
527.98 436.43 54.12 68.27 0.2493
629.65 388.15 28.90 35.88 0.2481
0.00 698.74 37.23 69.26 0.2024
535.77 406.26 45.50 51.01 0.1961
786.27 494.25 48.24 60.90 0.1800
583.70 430.63 50.63 75.36 0.1759
956.79 429.11 58.84 88.68 0.1740
540.37 536.59 35.27 41.88 0.1739
668.79 358.31 24.84 31.87 0.1726
786.11 514.78 59.67 71.11 0.1575
975.44 607.97 48.56 99.97 0.1475
308.37 459.40 58.34 48.26 0.1361
862.51 401.00 37.65 61.17 0.1326
519.80 371.81 51.05 55.42 0.1303
769.72 517.17 109.53 107.87 0.1274
695.86 359.04 21.84 32.31 0.1257
761.47 526.71 66.10 77.57 0.1212
804.58 438.12 29.33 34.47 0.1209
522.04 337.86 49.62 55.82 0.1168
223.13 382.35 57.03 76.68 0.1125
847.97 581.76 75.71 84.88 0.1123
791.60 557.85 109.02 90.99 0.1107
219.95 440.77 48.89 57.33 0.1083
290.69 440.25 44.84 50.01 0.1055
627.73 350.57 26.79 40.60 0.1047
682.72 415.26 38.99 51.57 0.1032
582.33 373.41 30.99 38.56 0.1023
694.72 466.85 33.38 43.73 0.1014
587.94 348.56 25.26 38.31 0.1000
471.77 577.08 36.95 34.28 0.0990
474.88 430.72 37.18 48.13 0.0968
799.41 461.02 36.72 51.58 0.0961
622.99 545.60 40.25 44.76 0.0933
941.59 458.01 64.18 91.73 0.0913
4.53 658.47 19.95 33.18 0.0909
771.06 425.62 33.39 42.62 0.0907
747.77 392.92 37.37 41.59 0.0888
484.41 690.86 89.07 57.06 0.0888
585.95 409.15 45.77 53.76 0.0879
375.26 390.49 42.35 49.93 0.0877
816.17 509.80 51.68 57.41 0.0872
249.19 425.45 41.97 62.78 0.0870
445.29 251.78 65.85 75.13 0.0869
662.53 331.93 29.13 49.04 0.0866
760.64 180.35 131.52 206.93 0.0859
590.76 465.11 59.34 65.56 0.0843
436.16 460.92 38.99 50.48 0.0833
432.58 432.05 47.21 56.38 0.0832
716.17 522.04 68.15 85.37 0.0831
474.90 452.26 38.97 46.57 0.0792
514.87 517.86 46.06 52.41 0.0785
84.38 607.94 13.64 18.55 0.0778
430.94 344.64 52.44 50.42 0.0772
495.42 560.84 45.84 43.23 0.0770
443.54 603.96 78.60 66.31 0.0766
463.25 588.51 48.96 52.76 0.0754
865.55 543.16 52.72 43.09 0.0751
48.83 607.36 12.27 18.56 0.0747
511.99 538.76 39.41 51.49 0.0747
216.96 347.48 53.60 85.65 0.0746
638.32 556.12 52.83 49.36 0.0746
811.39 409.36 24.57 33.47 0.0744
741.10 434.86 27.04 38.05 0.0740
694.76 333.06 25.30 45.60 0.0733
641.54 524.56 57.54 69.28 0.0730
469.49 405.97 43.50 54.58 0.0722
308.21 476.19 63.73 79.99 0.0716
666.82 396.97 43.34 67.51 0.0712
83.61 579.44 15.89 20.36 0.0711
778.16 463.28 37.76 42.17 0.0706
917.20 494.69 59.06 61.26 0.0699
616.74 494.69 41.64 61.90 0.0689
177.23 423.53 52.70 72.32 0.0680
356.31 580.79 45.17 49.38 0.0673
975.44 473.44 48.56 81.21 0.0661
948.01 590.31 42.10 61.57 0.0658
465.22 478.50 44.52 48.63 0.0651
571.33 489.94 56.49 66.12 0.0642
572.51 528.97 52.73 53.00 0.0632
725.66 481.08 42.83 54.06 0.0629
721.19 569.04 56.03 54.71 0.0616
143.93 395.92 28.87 41.78 0.0609
182.42 379.34 64.96 85.13 0.0603
349.74 436.19 46.71 47.70 0.0601
184.39 340.84 48.54 85.23 0.0601
396.59 420.78 47.16 55.28 0.0599
472.92 547.07 38.20 43.76 0.0599
394.28 599.47 37.71 36.88 0.0597
834.90 442.51 38.52 52.51 0.0584
355.93 484.83 43.15 44.73 0.0581
402.43 316.38 39.43 41.27 0.0579
48.63 632.39 12.51 18.88 0.0576
650.65 481.38 46.18 58.95 0.0573
443.21 572.46 40.30 43.33 0.0572
868.57 452.69 40.62 43.82 0.0569
448.53 328.95 60.65 73.01 0.0568
890.62 587.14 54.79 63.32 0.0563
694.52 566.06 53.49 53.11 0.0560
7.28 631.60 15.87 23.74 0.0558
517.95 304.17 41.94 53.56 0.0553
430.67 390.79 61.40 68.39 0.0551
8.03 605.43 16.40 24.87 0.0550
572.38 556.66 58.81 50.60 0.0546
199.98 313.05 62.43 80.20 0.0542
404.71 483.47 36.74 46.62 0.0538
299.87 515.56 55.19 60.54 0.0537
432.18 509.42 40.10 49.18 0.0537
391.06 557.01 38.42 47.88 0.0534
982.46 528.48 41.54 56.52 0.0531
897.56 530.73 57.25 48.69 0.0525
670.62 508.58 73.26 96.94 0.0522
341.66 495.07 60.60 67.09 0.0521
874.57 505.99 60.11 63.34 0.0520
911.70 378.65 28.52 41.13 0.0520
411.11 289.84 51.98 46.05 0.0519
463.62 651.26 76.76 67.56 0.0519
424.92 367.75 58.94 55.72 0.0515
462.39 512.77 47.79 55.36 0.0514
873.34 481.55 53.81 61.58 0.0513
451.41 371.00 58.82 63.03 0.0510
401.76 605.89 46.10 52.18 0.0507
623.11 326.27 36.75 52.62 0.0503
