9_Press_Conference_Press_Conference_9_257
39
268.05 200.47 153.11 207.92 0.9621
687.17 346.76 128.74 180.46 0.9173
653.81 512.44 265.72 579.54 0.3246
547.46 626.05 465.83 841.55 0.2178
428.58 831.31 71.71 99.03 0.2007
6.24 169.46 124.76 203.40 0.1928
803.11 252.16 175.83 386.51 0.1686
967.26 757.40 56.74 199.02 0.1493
976.05 1222.89 47.31 192.17 0.1255
0.00 493.45 362.42 888.04 0.1222
65.58 1002.04 42.08 78.25 0.1161
976.05 845.28 47.95 182.53 0.0993
944.80 686.03 63.33 313.01 0.0961
353.93 439.62 184.07 484.15 0.0903
992.66 955.63 31.34 129.19 0.0834
610.96 0.00 390.77 639.35 0.0834
530.95 930.03 198.64 597.75 0.0831
918.19 768.25 75.06 268.81 0.0779
850.46 1428.93 44.40 77.44 0.0754
417.46 717.92 122.24 237.96 0.0740
26.30 295.81 130.39 266.94 0.0735
651.90 502.57 128.38 470.44 0.0732
62.52 982.98 76.72 115.40 0.0726
794.42 551.11 186.04 560.75 0.0668
860.62 367.96 140.08 424.69 0.0644
56.61 277.56 179.36 383.39 0.0625
540.20 430.23 285.43 743.22 0.0612
412.42 851.38 78.54 131.61 0.0611
687.17 426.96 111.04 201.29 0.0595
41.27 998.12 46.51 88.43 0.0579
61.91 841.17 127.67 287.22 0.0556
541.51 0.00 285.58 453.58 0.0554
647.95 179.53 206.41 331.24 0.0549
0.00 1083.45 27.61 95.45 0.0544
4.81 931.42 27.36 90.08 0.0540
2.24 1127.77 23.19 83.70 0.0537
75.41 314.30 306.88 688.34 0.0529
923.74 341.45 100.26 272.55 0.0529
1.50 971.57 30.15 79.09 0.0512
