9_Press_Conference_Press_Conference_9_431
20
302.12 282.27 336.81 450.81 0.8858
755.99 285.98 158.32 227.19 0.1376
146.36 202.43 232.03 235.39 0.1366
777.77 394.56 117.73 150.80 0.1267
791.47 480.65 88.40 96.76 0.1265
823.21 767.33 125.63 146.87 0.1225
775.58 200.87 163.50 198.02 0.1223
783.47 160.34 106.97 110.89 0.0904
791.00 525.42 178.77 239.64 0.0831
707.30 648.25 111.93 218.38 0.0760
140.18 790.59 195.89 268.11 0.0736
774.44 450.81 150.15 237.79 0.0719
722.18 709.50 158.58 247.55 0.0679
193.73 149.73 182.88 185.22 0.0639
829.39 504.07 110.88 128.75 0.0632
727.62 0.00 99.05 104.34 0.0613
864.51 609.96 100.78 156.79 0.0602
783.69 636.52 207.31 269.75 0.0561
435.54 90.45 240.76 252.61 0.0558
592.58 422.30 151.75 239.21 0.0523
