49_Greeting_peoplegreeting_49_207
104
237.43 118.07 373.55 196.90 0.6455
361.41 99.44 452.31 162.52 0.5216
375.82 137.08 398.59 267.75 0.1556
224.01 163.77 330.07 315.62 0.1531
525.80 253.83 330.45 307.40 0.1525
278.87 388.44 253.97 294.56 0.1391
95.65 139.13 329.00 254.39 0.1114
351.06 31.47 422.78 144.81 0.1049
403.51 243.93 300.62 295.97 0.0908
574.98 372.27 256.36 310.73 0.0756
456.16 131.65 555.55 197.24 0.0645
73.17 378.29 216.13 304.71 0.0568
389.13 377.87 306.33 305.13 0.0556
0.00 36.09 226.33 241.58 0.0544
648.75 296.41 375.25 229.65 0.0542
375.57 82.50 136.37 136.21 0.0540
467.36 95.80 107.16 124.37 0.0514
220.32 65.29 129.69 115.47 0.0482
262.97 498.32 115.07 89.66 0.0482
394.90 75.61 198.50 87.39 0.0467
186.79 298.13 321.36 258.56 0.0467
603.68 543.05 147.39 112.29 0.0449
275.22 106.52 93.62 141.34 0.0445
272.14 453.43 112.41 101.74 0.0444
550.29 548.19 130.62 116.87 0.0424
293.18 488.67 111.66 152.02 0.0416
434.99 104.03 240.47 89.33 0.0408
0.00 156.30 228.14 254.23 0.0405
0.00 290.73 219.50 252.09 0.0404
217.57 140.19 140.60 86.72 0.0394
593.77 475.08 116.57 138.31 0.0387
501.05 271.11 172.15 121.95 0.0379
297.23 62.22 143.17 90.20 0.0373
761.71 0.00 262.29 174.70 0.0372
0.00 574.98 45.42 108.02 0.0370
464.40 70.36 82.70 87.40 0.0366
83.52 542.24 53.84 117.94 0.0363
362.50 42.98 226.80 81.56 0.0361
251.24 394.08 121.89 135.11 0.0359
43.40 581.00 113.22 102.00 0.0353
700.03 554.52 93.99 128.48 0.0351
434.81 29.71 85.38 76.98 0.0350
278.45 200.82 90.12 166.08 0.0349
130.96 605.63 240.09 67.64 0.0344
0.00 0.00 196.45 127.39 0.0342
574.02 303.01 132.46 142.58 0.0325
29.27 526.59 180.17 112.24 0.0324
925.28 0.00 98.72 181.00 0.0319
33.68 549.34 55.16 121.05 0.0317
632.10 48.86 391.90 226.01 0.0311
161.11 60.95 354.62 128.92 0.0305
302.76 439.07 138.12 152.46 0.0303
247.48 32.50 173.87 85.99 0.0299
309.68 85.95 86.83 127.19 0.0299
45.07 0.00 340.65 139.62 0.0296
648.86 579.18 114.76 103.82 0.0294
470.34 359.32 553.66 245.86 0.0291
558.13 0.00 407.91 148.90 0.0287
389.64 18.19 96.25 83.80 0.0281
253.03 285.13 127.49 147.34 0.0280
61.29 491.73 56.98 114.92 0.0275
742.24 582.65 95.33 100.35 0.0275
538.61 78.90 71.83 93.40 0.0275
581.90 440.45 143.27 109.63 0.0272
0.00 424.56 159.15 258.44 0.0270
795.72 177.01 228.28 267.03 0.0269
206.45 116.47 189.93 78.95 0.0265
599.87 372.87 119.88 134.71 0.0262
510.15 109.75 103.39 103.50 0.0261
422.77 0.00 132.60 40.87 0.0258
471.68 135.32 227.85 91.23 0.0256
375.07 242.41 185.87 134.17 0.0251
444.85 137.77 114.65 143.84 0.0249
0.00 0.00 65.60 71.07 0.0247
326.81 0.00 127.20 113.45 0.0246
314.00 232.59 81.49 156.50 0.0243
174.23 370.43 133.78 149.45 0.0241
470.93 219.48 132.08 118.50 0.0237
203.09 577.38 85.08 105.62 0.0236
227.11 0.00 162.65 64.63 0.0235
502.85 57.62 80.28 94.84 0.0233
222.13 463.89 374.98 74.06 0.0228
578.38 103.29 77.13 98.33 0.0226
277.46 424.92 189.80 86.73 0.0225
209.85 150.18 135.62 221.56 0.0223
234.41 576.55 103.23 106.45 0.0222
915.06 186.66 108.94 359.23 0.0220
15.29 485.54 56.15 95.56 0.0220
496.93 535.30 98.46 143.66 0.0219
643.21 600.55 290.55 75.76 0.0219
550.72 152.23 130.90 105.49 0.0218
481.48 508.79 190.66 86.02 0.0217
635.53 466.00 121.98 131.12 0.0216
263.10 0.00 174.48 37.37 0.0215
629.23 299.43 120.52 129.83 0.0214
691.33 536.15 201.72 101.06 0.0211
76.62 37.25 239.44 183.01 0.0210
134.68 536.91 74.82 107.02 0.0210
370.16 0.00 130.55 38.02 0.0207
532.87 220.78 173.05 107.44 0.0207
605.36 251.48 140.80 130.66 0.0204
229.92 137.76 286.48 101.63 0.0203
107.65 402.10 265.02 97.36 0.0203
156.66 568.51 81.00 114.49 0.0202
