49_Greeting_peoplegreeting_49_903
200
479.91 131.95 462.40 308.40 0.4897
109.04 569.17 306.45 555.46 0.1211
362.48 101.57 404.04 283.81 0.1109
240.58 430.29 328.60 566.77 0.1037
510.10 266.27 363.32 544.34 0.0992
379.34 629.94 315.17 671.81 0.0984
125.32 347.31 296.36 513.17 0.0860
33.68 586.18 178.69 779.82 0.0858
219.05 260.12 380.27 426.34 0.0794
553.11 118.14 169.99 201.61 0.0763
161.12 789.13 198.64 576.87 0.0740
234.54 676.46 320.43 689.54 0.0737
546.81 612.00 307.30 695.48 0.0726
273.50 172.41 411.50 319.31 0.0700
383.39 418.65 315.11 549.75 0.0653
559.11 451.99 464.89 506.82 0.0628
546.56 151.72 113.83 256.29 0.0600
53.93 910.32 74.65 313.44 0.0588
590.68 73.99 152.48 155.73 0.0587
188.19 387.40 104.49 250.81 0.0582
22.73 105.99 206.73 534.22 0.0577
844.31 663.56 138.59 243.98 0.0573
120.96 188.80 398.15 335.71 0.0553
330.82 487.46 108.85 250.33 0.0552
837.86 592.21 117.47 188.88 0.0547
745.88 326.91 152.17 177.93 0.0528
46.94 1057.50 77.34 292.13 0.0527
60.84 475.22 75.57 262.67 0.0527
521.84 81.46 154.82 148.31 0.0524
166.52 324.63 165.59 170.05 0.0521
288.46 723.28 112.77 295.62 0.0520
761.85 390.64 119.29 226.93 0.0518
396.14 91.75 158.12 129.04 0.0516
679.81 116.37 95.08 194.22 0.0514
48.56 97.11 78.82 284.31 0.0513
51.29 812.44 80.36 262.95 0.0512
50.69 357.30 77.24 283.85 0.0509
308.29 407.82 115.33 218.12 0.0509
49.02 228.21 78.48 284.85 0.0504
109.06 351.54 104.55 275.89 0.0500
805.59 534.77 165.61 165.62 0.0499
290.11 891.51 113.01 239.87 0.0495
318.08 614.54 116.36 265.57 0.0493
315.83 1091.00 151.23 181.04 0.0492
150.13 303.22 101.07 263.86 0.0491
245.32 802.92 116.64 253.50 0.0489
764.48 898.76 109.85 305.82 0.0488
297.42 82.79 168.24 144.64 0.0487
371.03 105.03 108.83 266.83 0.0487
290.00 1080.32 112.14 256.04 0.0487
288.34 101.96 102.26 271.59 0.0485
39.18 292.86 186.76 695.50 0.0480
91.33 208.29 230.03 494.71 0.0479
683.11 763.69 124.23 313.11 0.0477
312.35 226.79 153.24 172.78 0.0476
253.99 1015.93 112.17 266.16 0.0470
436.18 98.37 115.10 279.80 0.0467
320.08 934.19 112.99 269.84 0.0467
503.37 216.78 122.70 239.51 0.0466
808.23 462.30 106.92 198.25 0.0464
270.28 505.82 132.86 203.69 0.0463
554.57 37.44 144.02 132.67 0.0460
324.19 818.81 112.95 270.49 0.0459
377.73 246.78 93.87 288.13 0.0459
405.37 1065.71 103.62 253.26 0.0457
111.96 910.58 101.80 288.44 0.0456
72.91 975.58 101.50 302.21 0.0455
243.48 405.25 135.07 249.69 0.0452
371.18 419.57 103.36 298.58 0.0452
745.11 489.11 140.87 237.05 0.0451
309.97 764.96 152.08 184.06 0.0450
793.19 628.74 134.77 272.48 0.0449
117.30 508.35 123.09 221.21 0.0448
223.53 87.81 169.27 132.27 0.0447
216.87 861.69 115.55 286.89 0.0443
603.28 184.74 131.15 258.65 0.0440
423.37 195.32 102.95 285.95 0.0437
78.13 456.97 112.96 205.14 0.0434
354.36 568.34 126.21 244.54 0.0433
51.95 332.39 150.92 173.85 0.0433
728.10 961.00 107.38 305.63 0.0431
379.98 233.44 364.53 419.05 0.0429
175.41 924.23 117.16 289.49 0.0428
0.00 0.00 89.67 132.90 0.0427
439.15 1111.26 115.98 235.84 0.0425
399.40 755.74 106.39 263.01 0.0423
10.46 50.29 78.18 216.59 0.0423
32.94 61.50 122.10 155.02 0.0422
24.76 726.51 66.22 308.40 0.0421
329.04 307.82 101.85 217.62 0.0421
26.91 527.22 80.95 221.78 0.0420
694.35 1071.53 120.32 262.04 0.0419
256.32 320.86 111.68 236.47 0.0418
358.59 883.85 108.93 263.30 0.0416
245.28 675.67 136.40 246.61 0.0415
701.07 263.68 170.35 163.09 0.0414
106.48 100.19 107.12 271.84 0.0413
828.50 942.29 124.59 293.60 0.0412
635.43 868.21 132.03 241.27 0.0411
104.36 1050.81 106.70 288.83 0.0410
891.87 646.12 125.25 192.81 0.0410
705.20 333.46 138.03 230.27 0.0409
64.06 570.14 102.22 272.84 0.0409
150.62 85.00 161.99 135.87 0.0408
77.59 84.95 161.97 136.02 0.0408
69.59 163.47 107.67 270.77 0.0408
666.02 661.19 112.23 281.14 0.0407
123.92 263.57 160.90 188.94 0.0407
147.09 965.47 100.87 320.09 0.0404
180.76 100.19 106.13 274.42 0.0403
22.58 998.98 65.38 290.17 0.0403
55.97 895.57 138.85 209.52 0.0401
31.27 617.06 67.91 277.38 0.0399
177.43 1048.05 105.93 289.27 0.0398
353.54 1038.82 145.00 188.41 0.0397
216.15 0.00 136.23 132.23 0.0396
28.27 860.06 62.83 301.04 0.0395
389.40 0.00 335.60 257.62 0.0395
432.62 795.67 107.30 291.44 0.0395
660.84 960.52 150.62 205.40 0.0393
506.94 17.13 139.11 136.16 0.0390
202.05 263.93 152.76 183.06 0.0386
655.25 307.34 111.04 255.22 0.0385
24.82 8.56 111.62 146.22 0.0384
664.34 191.37 105.24 220.65 0.0382
707.83 660.47 153.65 278.03 0.0380
22.38 368.03 67.19 284.90 0.0380
21.82 236.87 67.62 287.58 0.0376
143.92 0.89 138.41 136.23 0.0374
547.31 1001.64 111.18 284.09 0.0373
70.88 0.56 138.40 137.07 0.0372
136.45 870.46 125.52 259.41 0.0371
468.43 65.28 119.97 168.44 0.0371
764.42 1069.24 109.26 275.97 0.0369
494.05 125.55 135.00 228.51 0.0369
225.73 1096.05 115.94 240.15 0.0367
720.13 109.47 92.84 243.09 0.0366
257.04 183.65 106.88 224.62 0.0363
387.02 966.25 142.51 203.63 0.0361
591.42 260.80 112.41 281.37 0.0361
418.58 1029.33 144.06 198.44 0.0357
33.81 756.10 115.39 208.06 0.0353
661.96 72.65 139.85 161.47 0.0352
513.62 1094.44 110.02 234.08 0.0352
588.53 959.10 115.03 218.46 0.0348
75.63 16.62 236.74 458.76 0.0343
458.75 271.75 107.84 297.09 0.0343
541.93 275.09 118.89 243.80 0.0340
418.48 637.33 116.24 316.67 0.0334
339.92 699.92 148.86 193.14 0.0332
502.88 999.75 108.50 215.20 0.0332
575.76 0.00 179.01 79.27 0.0329
821.34 789.39 144.57 323.54 0.0329
853.59 450.60 97.64 229.08 0.0328
323.15 6.15 143.52 120.37 0.0327
840.61 450.32 183.39 128.02 0.0324
200.69 82.85 402.13 281.95 0.0322
878.66 474.33 107.62 278.86 0.0320
276.08 19.77 97.41 234.06 0.0319
395.25 0.00 144.15 100.96 0.0318
719.53 552.35 137.85 265.02 0.0314
238.75 0.00 184.37 75.72 0.0312
472.52 858.69 107.05 266.20 0.0311
663.46 0.00 182.52 63.69 0.0308
233.17 545.44 142.18 254.34 0.0308
726.54 831.63 124.08 232.77 0.0308
0.00 615.75 63.23 263.48 0.0307
198.71 743.06 135.64 271.08 0.0307
808.30 1099.11 103.43 229.12 0.0306
604.92 678.25 125.94 237.79 0.0304
416.55 300.33 105.92 365.29 0.0304
733.72 189.62 206.09 159.84 0.0304
0.00 0.00 172.50 83.26 0.0300
943.67 0.00 80.33 129.43 0.0298
345.71 1122.73 89.51 228.73 0.0297
701.93 409.10 113.55 281.65 0.0295
91.61 642.87 126.56 260.28 0.0294
754.76 721.31 132.84 293.04 0.0293
0.00 180.55 109.03 223.39 0.0293
71.87 743.35 128.79 266.04 0.0291
541.90 0.00 442.66 283.93 0.0290
455.57 770.48 140.53 220.37 0.0288
814.87 361.61 168.72 245.45 0.0288
654.49 0.00 106.78 169.22 0.0285
333.19 355.21 159.92 258.85 0.0285
752.47 0.00 200.45 49.65 0.0283
257.17 0.00 317.72 206.10 0.0282
744.35 254.70 257.85 136.62 0.0280
469.30 0.00 140.62 105.12 0.0279
858.11 0.00 165.89 41.14 0.0276
0.00 491.06 66.71 246.11 0.0269
511.85 828.07 114.43 319.38 0.0268
682.33 37.92 147.14 123.57 0.0267
0.00 1214.12 42.96 151.88 0.0267
0.00 1079.72 63.23 234.74 0.0267
615.29 823.24 107.55 226.68 0.0264
625.31 371.73 108.27 232.94 0.0264
0.00 802.63 66.28 265.26 0.0254
662.66 547.80 110.50 257.22 0.0254
431.71 20.03 94.05 237.45 0.0252
