49_Greeting_peoplegreeting_49_353
200
315.69 391.25 311.82 367.11 0.5960
535.00 350.04 489.00 262.29 0.3148
445.13 377.11 320.88 368.02 0.3037
217.80 405.72 261.00 362.28 0.2206
326.85 87.26 420.55 201.68 0.1377
134.53 272.90 378.90 272.02 0.1328
152.20 325.06 213.75 305.75 0.1270
413.24 142.68 350.85 250.05 0.1059
489.93 212.57 390.24 266.97 0.1018
201.07 132.79 405.97 244.95 0.0943
140.70 178.66 224.72 305.19 0.0894
541.17 154.66 482.83 216.29 0.0822
363.57 268.30 375.14 262.08 0.0776
100.25 229.89 179.23 341.06 0.0769
102.87 96.99 304.51 194.64 0.0732
50.79 260.48 80.24 163.85 0.0732
119.42 375.55 175.71 392.45 0.0686
275.49 23.14 399.08 157.69 0.0651
28.27 231.82 67.11 164.12 0.0638
287.05 427.56 111.93 128.85 0.0631
37.39 183.96 90.23 182.58 0.0619
31.75 163.68 171.51 385.94 0.0609
355.74 430.57 128.98 131.37 0.0598
548.40 404.42 98.91 164.42 0.0596
255.62 535.43 107.16 147.20 0.0579
263.49 445.40 101.91 168.19 0.0567
53.12 332.08 72.43 176.05 0.0564
619.89 379.50 107.87 159.69 0.0563
33.14 319.22 177.30 426.48 0.0562
58.80 506.63 94.24 129.73 0.0561
18.84 576.71 110.93 142.66 0.0560
549.50 488.95 105.37 162.29 0.0549
356.80 41.09 79.43 121.70 0.0534
43.62 408.18 82.25 172.65 0.0532
577.32 452.80 112.69 138.53 0.0529
279.12 544.40 150.76 99.36 0.0520
220.97 427.81 100.90 175.91 0.0513
361.87 500.20 112.03 149.25 0.0508
660.78 360.85 156.78 112.82 0.0499
289.71 570.12 119.27 152.38 0.0494
577.15 364.40 122.83 129.80 0.0494
0.00 58.64 219.20 226.52 0.0492
180.03 403.30 122.04 122.65 0.0486
63.14 562.55 119.11 110.95 0.0486
370.77 406.16 156.45 103.72 0.0479
252.95 279.96 110.34 141.14 0.0476
147.24 381.42 102.80 153.47 0.0470
736.43 510.98 184.34 85.14 0.0467
177.56 457.46 105.53 134.47 0.0467
620.63 509.23 116.98 139.36 0.0465
66.71 45.06 344.13 138.73 0.0465
719.97 371.02 119.64 168.03 0.0463
515.99 459.28 111.74 131.81 0.0460
693.75 510.16 106.63 139.81 0.0457
63.90 287.45 117.70 176.28 0.0455
11.79 169.29 70.52 148.32 0.0452
381.10 551.14 160.63 97.80 0.0451
183.16 535.48 103.49 147.24 0.0450
214.84 250.77 138.78 110.50 0.0446
515.25 399.72 101.20 125.03 0.0445
663.54 453.83 101.33 156.67 0.0444
306.80 459.57 139.90 125.10 0.0444
433.26 264.05 111.08 165.46 0.0443
104.90 349.41 110.67 147.31 0.0442
176.87 277.43 115.53 145.57 0.0441
29.96 616.36 68.21 140.73 0.0438
813.82 476.02 155.67 103.41 0.0436
428.46 435.65 102.34 131.57 0.0436
510.64 308.80 107.72 163.15 0.0435
165.98 360.31 149.38 112.79 0.0435
482.15 487.56 102.91 151.33 0.0433
315.95 44.98 178.68 92.45 0.0426
206.89 511.37 134.93 117.94 0.0426
102.70 491.75 117.27 124.63 0.0425
577.93 536.79 116.53 149.14 0.0425
322.99 275.95 110.92 143.89 0.0422
138.49 306.66 119.08 160.18 0.0420
65.14 237.58 131.03 146.50 0.0417
207.35 579.01 126.23 117.40 0.0416
233.81 409.56 150.91 105.51 0.0416
186.12 192.83 111.25 153.95 0.0412
471.13 411.17 102.03 163.70 0.0412
130.62 252.50 129.20 128.26 0.0411
718.44 331.15 125.44 122.87 0.0408
437.81 345.50 99.60 156.77 0.0406
61.85 209.34 91.43 117.74 0.0405
152.09 474.23 93.62 161.17 0.0403
217.23 296.42 108.55 157.14 0.0403
71.01 385.67 108.20 150.01 0.0402
653.49 537.02 117.89 151.85 0.0400
26.28 382.06 63.44 171.67 0.0398
20.81 489.65 72.07 159.95 0.0397
0.00 240.30 64.08 137.22 0.0396
501.50 548.46 134.54 113.71 0.0396
741.01 546.53 101.22 132.68 0.0395
846.61 526.46 116.93 121.93 0.0392
356.86 77.11 125.36 171.24 0.0391
113.78 422.51 101.07 130.88 0.0389
305.69 75.48 117.04 138.58 0.0388
368.36 569.66 109.51 154.19 0.0388
469.63 230.01 113.82 150.59 0.0388
113.29 542.37 110.36 137.04 0.0387
405.16 223.50 102.59 152.19 0.0384
706.69 475.38 158.58 101.18 0.0383
430.34 513.36 124.68 110.99 0.0382
276.79 255.73 154.23 97.87 0.0380
0.00 0.00 65.75 77.73 0.0372
736.51 0.00 142.33 69.67 0.0371
546.69 577.46 111.81 175.57 0.0371
774.18 27.26 135.12 89.08 0.0370
651.21 32.43 177.55 92.50 0.0367
402.57 23.46 68.41 124.18 0.0365
682.45 400.70 109.72 153.03 0.0361
751.37 363.10 121.96 120.63 0.0357
59.22 455.08 115.81 130.75 0.0355
235.64 618.73 142.42 108.56 0.0352
326.92 395.58 118.91 138.17 0.0350
367.57 190.92 103.44 167.48 0.0350
26.39 313.06 65.54 128.44 0.0349
501.47 197.23 113.01 141.08 0.0349
403.62 145.48 117.36 136.47 0.0348
291.69 309.97 112.72 161.28 0.0348
364.75 363.11 107.61 126.26 0.0347
634.58 327.67 94.10 141.98 0.0344
469.37 566.58 122.57 179.34 0.0338
253.12 356.35 104.94 123.12 0.0338
213.54 139.51 142.10 147.82 0.0336
689.96 273.92 118.16 162.15 0.0336
690.59 201.42 113.67 159.37 0.0332
846.05 608.42 114.99 135.44 0.0330
88.74 615.53 108.60 152.47 0.0327
542.95 275.71 107.94 152.81 0.0326
438.19 77.18 70.06 114.40 0.0326
783.72 433.38 128.40 132.02 0.0325
127.61 586.45 106.98 153.37 0.0324
834.22 176.86 112.04 121.43 0.0321
248.00 37.41 161.62 101.24 0.0317
596.29 597.07 106.06 154.79 0.0317
792.44 143.18 117.57 123.99 0.0312
773.71 548.07 142.47 118.23 0.0309
816.13 0.00 107.26 93.55 0.0307
4.88 196.29 190.74 110.57 0.0304
727.07 160.44 110.98 159.48 0.0301
427.79 176.22 127.44 148.90 0.0300
115.29 204.31 103.51 147.69 0.0294
680.05 141.45 116.17 128.65 0.0293
0.00 0.00 183.00 35.57 0.0293
536.72 441.34 436.79 326.67 0.0291
142.91 0.00 366.27 138.58 0.0289
810.76 42.50 145.74 93.46 0.0288
642.61 207.93 120.72 130.81 0.0284
826.92 93.54 115.71 136.41 0.0282
831.06 383.45 116.32 135.34 0.0282
720.63 238.92 118.89 155.94 0.0280
33.82 113.51 88.46 129.27 0.0279
625.14 0.00 177.75 48.55 0.0276
500.99 136.07 81.68 137.39 0.0274
121.58 170.19 159.44 113.79 0.0274
730.17 42.77 103.76 132.17 0.0273
312.00 206.92 133.25 119.40 0.0269
0.00 305.01 65.31 150.13 0.0269
0.00 386.03 66.64 141.35 0.0267
178.17 91.90 188.30 117.08 0.0267
253.74 106.36 93.18 122.75 0.0267
660.71 625.40 111.55 124.77 0.0266
0.00 198.19 46.28 121.31 0.0264
751.05 94.77 119.85 137.03 0.0264
410.85 596.12 103.70 153.62 0.0263
350.92 0.00 154.06 34.22 0.0262
715.76 582.39 99.50 134.23 0.0262
200.47 55.00 304.92 202.01 0.0262
449.68 0.00 354.63 149.82 0.0258
759.68 279.22 117.27 157.98 0.0257
830.17 0.00 165.91 46.44 0.0255
765.55 182.25 107.85 167.14 0.0253
946.66 0.00 77.34 86.06 0.0252
887.29 0.00 136.71 188.65 0.0251
0.00 674.47 46.46 93.53 0.0248
342.05 605.64 106.93 162.36 0.0248
613.30 273.47 109.54 138.59 0.0243
332.27 114.03 106.04 158.96 0.0241
253.51 0.00 216.29 78.97 0.0238
176.62 605.48 112.95 127.41 0.0236
0.00 544.65 68.58 127.07 0.0235
794.35 314.74 115.87 153.70 0.0235
264.89 690.59 157.39 77.41 0.0231
525.88 685.38 191.81 82.62 0.0230
778.55 63.18 131.33 135.99 0.0230
538.72 132.67 84.44 142.08 0.0227
0.00 606.28 66.36 138.72 0.0225
0.00 122.09 61.21 140.15 0.0224
8.90 0.00 123.85 94.28 0.0223
655.60 105.66 165.56 106.95 0.0223
402.04 95.27 216.30 109.10 0.0218
549.18 179.28 102.36 139.92 0.0216
0.00 462.87 64.52 138.11 0.0214
0.00 687.56 123.64 80.44 0.0212
490.06 73.66 70.10 117.72 0.0209
573.49 227.67 111.81 142.18 0.0207
121.06 118.29 185.43 121.10 0.0206
