1_Handshaking_Handshaking_1_107
25
392.13 168.89 176.13 270.71 0.9219
639.17 817.60 126.95 160.78 0.4902
176.14 549.89 49.36 145.10 0.2324
189.29 673.47 82.58 282.57 0.2234
653.15 663.25 103.57 257.94 0.1926
758.72 562.09 77.03 141.36 0.1744
651.90 603.26 38.28 77.12 0.1551
756.97 651.63 74.75 124.09 0.1431
660.47 669.25 72.00 133.73 0.1429
720.22 656.48 59.78 132.59 0.1273
690.92 642.03 102.22 243.12 0.1187
230.60 737.46 87.41 241.27 0.1073
669.46 690.52 166.50 294.68 0.0993
745.72 467.44 141.64 296.71 0.0944
632.52 785.36 80.31 159.13 0.0885
177.81 581.43 72.66 203.75 0.0873
241.94 679.01 159.20 309.60 0.0846
750.46 633.25 119.01 214.47 0.0770
542.88 816.66 35.92 108.08 0.0625
655.23 579.81 79.89 129.09 0.0619
633.98 622.58 56.87 95.19 0.0594
644.72 545.39 59.82 135.64 0.0588
147.46 491.65 106.40 204.06 0.0587
172.81 451.90 155.11 308.86 0.0573
548.47 974.50 68.43 95.55 0.0532
