1_Handshaking_Handshaking_1_766
17
372.06 83.97 263.01 384.67 0.7935
572.92 897.93 95.42 120.72 0.2278
630.72 924.68 84.05 99.32 0.1286
717.39 548.22 57.84 92.13 0.1122
768.84 731.77 59.49 124.62 0.0929
694.70 954.76 52.84 66.68 0.0842
541.89 832.46 103.36 153.84 0.0648
329.74 464.12 249.49 444.44 0.0644
690.00 712.39 84.14 182.12 0.0641
608.49 438.44 116.55 253.66 0.0621
795.26 726.87 55.40 120.50 0.0617
669.86 486.01 106.32 188.22 0.0605
251.79 539.31 44.95 80.19 0.0584
443.65 879.89 97.00 121.62 0.0541
271.85 520.86 56.85 77.08 0.0505
211.15 564.44 58.54 80.73 0.0504
593.39 818.63 111.55 169.59 0.0500
