1_Handshaking_Handshaking_1_781
60
727.44 348.95 155.47 239.05 0.8976
399.83 214.42 192.54 233.65 0.8375
947.85 770.21 76.15 121.76 0.4281
574.99 1253.32 89.94 171.32 0.3447
12.43 303.14 121.70 157.32 0.3246
258.20 351.74 53.02 90.77 0.3115
59.17 1368.63 44.60 126.82 0.2060
174.61 592.99 160.69 168.16 0.1778
575.02 669.02 42.76 141.92 0.1518
264.48 282.77 78.57 127.66 0.1518
616.09 490.21 40.57 109.69 0.1317
680.07 428.69 104.78 198.76 0.1141
480.48 608.77 22.05 67.88 0.1117
1.34 172.62 154.71 261.50 0.1114
449.80 292.99 123.51 194.51 0.1085
279.85 609.79 83.01 102.53 0.1081
231.65 541.97 127.45 146.20 0.1074
549.58 620.86 46.27 183.30 0.1063
315.40 334.21 83.01 118.41 0.1018
395.54 339.10 111.99 190.31 0.0959
328.99 411.67 53.20 90.73 0.0839
448.15 648.58 25.89 72.79 0.0838
372.38 641.81 34.03 69.13 0.0836
798.58 353.05 119.30 199.29 0.0833
286.41 525.30 84.11 104.00 0.0825
159.33 465.39 143.98 239.48 0.0825
320.53 479.73 56.58 85.45 0.0817
457.76 142.22 145.18 172.71 0.0816
638.73 471.07 77.82 144.90 0.0739
364.12 323.13 98.76 145.59 0.0731
213.64 293.07 128.69 180.75 0.0700
495.13 426.05 84.09 169.65 0.0696
356.67 425.88 88.76 164.36 0.0683
0.00 36.89 291.46 488.29 0.0678
0.00 870.28 41.72 233.78 0.0678
540.59 1317.44 111.01 214.56 0.0666
135.06 594.38 126.57 147.56 0.0633
532.11 577.18 48.31 121.43 0.0626
514.99 610.15 59.69 151.29 0.0623
0.00 1323.05 39.55 192.71 0.0615
281.80 270.79 122.20 147.19 0.0601
360.62 187.82 142.38 170.47 0.0601
217.37 160.43 144.22 232.92 0.0599
596.51 1369.37 163.21 162.63 0.0588
468.03 509.16 49.84 130.00 0.0587
692.53 402.97 139.47 157.41 0.0587
175.32 396.68 125.76 151.03 0.0584
443.55 586.68 29.71 81.90 0.0578
430.65 489.23 51.73 139.35 0.0560
583.28 527.28 47.74 94.97 0.0545
857.65 1444.74 112.20 87.26 0.0544
583.99 640.36 67.26 170.63 0.0544
621.40 440.60 53.34 108.44 0.0537
370.69 723.99 42.81 103.79 0.0537
419.60 2.56 200.83 233.32 0.0533
964.95 1454.91 55.99 77.09 0.0529
403.72 643.40 27.61 69.34 0.0526
354.50 488.41 61.86 144.79 0.0516
573.67 581.32 46.75 96.77 0.0505
442.09 676.72 29.00 95.91 0.0503
