29_Students_Schoolkids_Students_Schoolkids_29_900
63
288.39 93.61 206.20 279.36 0.8694
555.55 682.49 160.97 195.11 0.5225
611.26 397.29 114.06 156.60 0.3335
570.15 353.58 144.96 153.19 0.2153
530.48 623.56 247.61 325.72 0.1770
542.83 334.82 102.89 96.73 0.1669
729.32 874.18 40.95 70.47 0.1595
676.01 617.31 213.16 364.69 0.1524
837.60 872.07 39.51 75.14 0.1382
617.54 476.08 98.56 101.88 0.1347
364.48 485.45 118.00 150.05 0.1342
538.79 308.83 93.05 82.41 0.1251
516.27 468.17 226.03 336.42 0.1230
640.55 372.93 93.37 115.57 0.1067
702.54 785.93 122.96 196.07 0.1033
599.66 337.62 93.83 88.20 0.1009
765.55 368.94 219.71 386.59 0.1007
77.38 617.88 72.39 129.02 0.0994
807.29 843.55 72.38 128.20 0.0959
805.05 912.58 51.08 68.88 0.0919
514.99 603.77 97.21 88.43 0.0905
490.77 313.78 98.40 137.57 0.0888
713.89 494.30 61.83 107.05 0.0852
571.74 507.93 113.48 167.80 0.0849
595.74 534.09 79.37 94.62 0.0847
516.73 593.40 152.40 166.95 0.0833
185.12 404.82 87.56 130.31 0.0833
622.86 446.26 124.76 197.16 0.0818
748.22 837.38 66.97 133.06 0.0803
190.16 703.90 277.18 206.18 0.0791
765.16 936.55 35.36 45.45 0.0752
480.17 84.81 389.71 367.26 0.0748
177.01 514.43 127.56 137.07 0.0738
324.42 387.42 205.36 291.49 0.0726
528.33 558.25 70.26 60.89 0.0723
831.99 501.02 133.66 193.92 0.0711
508.16 284.14 72.71 113.46 0.0700
599.67 749.28 164.30 230.42 0.0691
502.30 549.39 70.84 62.14 0.0690
378.50 197.15 120.79 177.92 0.0663
887.22 611.27 71.58 91.59 0.0659
185.13 490.22 96.84 90.46 0.0649
559.72 269.82 110.46 119.14 0.0627
598.28 250.33 126.99 137.54 0.0627
463.88 315.78 199.11 318.80 0.0617
223.12 524.96 139.46 147.90 0.0614
719.74 906.38 58.07 75.62 0.0610
393.57 547.37 91.50 127.56 0.0595
433.23 637.39 128.93 203.24 0.0595
23.55 492.61 62.75 110.11 0.0588
559.81 564.51 77.06 96.92 0.0588
693.62 443.14 74.34 114.84 0.0562
92.31 596.01 132.99 163.07 0.0562
457.50 449.31 150.38 207.42 0.0561
154.97 466.20 73.89 92.87 0.0547
608.67 307.16 81.03 75.98 0.0547
639.59 197.97 194.44 197.60 0.0541
474.82 618.39 119.13 165.52 0.0536
828.90 711.71 128.72 251.47 0.0525
761.00 514.76 66.15 137.54 0.0521
672.56 300.61 72.66 85.49 0.0517
222.83 183.38 95.77 143.50 0.0509
842.03 812.82 73.57 154.98 0.0503
