29_Students_Schoolkids_Students_Schoolkids_29_66
200
401.29 112.26 32.62 38.06 0.7168
329.08 112.85 33.48 41.19 0.6599
650.70 125.36 33.64 41.09 0.5308
478.83 121.49 36.76 40.29 0.3683
309.97 189.93 44.55 53.13 0.3345
302.99 113.07 28.96 35.80 0.3026
115.23 132.49 31.45 34.93 0.2953
742.45 142.64 33.91 45.37 0.2933
185.96 101.54 39.65 47.44 0.2906
632.65 230.98 27.68 30.25 0.2804
31.34 248.38 35.43 61.15 0.2721
0.08 316.71 30.01 60.40 0.2562
873.34 171.54 37.42 47.94 0.2504
493.69 117.74 45.93 48.79 0.2448
807.81 140.78 37.24 55.33 0.2398
228.07 414.43 26.59 37.93 0.2315
28.48 220.50 36.90 60.06 0.2298
693.45 192.76 39.14 48.16 0.2275
837.20 156.37 46.52 59.79 0.2270
593.72 294.49 40.35 90.14 0.2237
667.64 295.38 24.46 32.06 0.2217
938.22 159.05 37.81 56.69 0.2162
535.99 123.12 54.23 63.54 0.2150
29.83 141.10 36.59 40.46 0.2128
449.51 164.69 29.43 39.02 0.2113
734.54 286.96 23.17 32.73 0.2053
251.73 290.60 28.92 37.18 0.2015
4.26 163.80 33.06 56.96 0.2003
183.70 121.55 51.28 60.77 0.1953
215.53 135.44 47.15 55.98 0.1934
762.12 135.31 37.73 54.68 0.1882
212.10 112.85 45.38 49.88 0.1808
506.09 98.63 39.53 48.29 0.1777
588.46 115.07 35.58 38.16 0.1776
547.84 89.63 44.38 45.91 0.1743
585.52 214.69 32.01 36.41 0.1734
249.27 146.44 51.52 60.55 0.1704
559.35 265.35 28.35 44.35 0.1666
296.43 123.43 44.65 51.73 0.1631
194.46 434.21 33.83 39.75 0.1627
690.45 166.04 39.79 52.29 0.1580
444.22 300.11 28.23 45.54 0.1577
262.67 337.56 34.11 36.88 0.1573
434.02 210.59 31.80 45.32 0.1571
327.27 414.80 25.64 30.66 0.1545
256.78 95.70 34.14 37.49 0.1517
148.22 149.66 50.20 51.97 0.1494
366.64 230.29 34.24 48.11 0.1472
365.27 306.85 38.85 60.17 0.1462
115.82 420.15 22.96 30.39 0.1456
105.72 223.86 35.61 51.02 0.1450
917.11 149.30 47.20 63.79 0.1445
804.96 143.78 67.73 86.73 0.1419
110.24 289.74 34.74 50.63 0.1410
255.03 111.91 34.96 42.27 0.1408
33.13 155.10 38.33 53.57 0.1398
993.90 146.49 27.27 42.57 0.1391
470.66 140.85 41.39 59.28 0.1383
292.62 362.90 29.92 45.01 0.1375
700.97 325.03 43.69 77.27 0.1348
517.72 492.81 21.94 23.84 0.1346
384.38 299.23 50.19 66.72 0.1338
81.27 421.91 18.48 23.99 0.1334
510.77 130.93 60.76 79.03 0.1324
160.01 74.34 32.20 39.22 0.1319
465.95 274.14 40.64 58.75 0.1315
448.40 545.01 212.54 91.58 0.1296
728.16 173.04 36.91 52.25 0.1292
405.64 270.14 24.03 36.90 0.1288
4.00 277.65 47.41 87.01 0.1279
443.03 461.62 21.13 22.98 0.1272
77.95 431.90 24.01 29.54 0.1244
85.88 194.14 64.73 86.55 0.1226
72.93 129.14 40.95 42.64 0.1218
457.07 288.02 58.20 92.85 0.1218
239.58 271.04 47.11 55.04 0.1206
472.95 264.22 27.89 35.92 0.1200
579.97 73.12 35.01 41.87 0.1195
654.76 482.83 39.35 32.97 0.1194
645.24 126.32 48.51 70.11 0.1175
402.81 408.31 23.80 32.57 0.1172
981.50 168.62 40.20 64.86 0.1169
366.49 361.60 32.77 39.44 0.1143
28.72 185.91 43.73 71.84 0.1137
832.35 192.37 54.07 68.09 0.1126
3.55 186.68 38.89 69.53 0.1117
92.98 149.86 63.40 74.28 0.1102
704.74 224.07 54.80 56.41 0.1085
443.46 116.71 38.56 43.49 0.1084
143.33 286.08 28.47 41.10 0.1084
728.43 290.85 35.16 61.27 0.1083
881.49 276.89 23.68 36.92 0.1076
105.38 244.85 37.00 55.98 0.1070
366.19 176.97 45.32 64.56 0.1059
660.36 185.24 48.49 55.84 0.1042
715.85 327.44 47.44 91.26 0.1040
863.35 189.43 56.41 67.03 0.1031
53.13 193.29 63.19 85.59 0.1031
546.00 273.51 63.43 105.88 0.1023
54.28 240.65 46.50 69.06 0.1020
626.97 485.48 47.67 39.05 0.1018
873.12 122.03 38.08 59.21 0.1013
736.94 490.01 21.21 19.93 0.1009
374.21 113.54 40.06 45.46 0.1007
694.60 516.16 28.80 26.83 0.1005
390.60 339.17 45.64 64.07 0.1005
769.18 263.30 30.67 39.38 0.1003
322.09 391.85 32.20 43.19 0.1000
566.47 176.34 59.49 64.79 0.0989
769.57 204.29 57.37 89.77 0.0988
725.58 264.19 35.25 47.12 0.0984
142.08 304.19 31.59 47.31 0.0983
38.37 383.47 22.74 32.37 0.0976
568.55 130.61 66.92 90.14 0.0969
288.95 340.41 31.44 41.43 0.0960
207.39 246.71 66.50 80.93 0.0952
769.44 162.72 72.22 94.39 0.0951
582.98 495.62 65.85 54.09 0.0949
682.50 284.24 47.43 59.83 0.0940
211.09 162.28 67.81 81.52 0.0937
607.50 282.14 45.55 66.98 0.0932
695.06 485.77 31.10 32.92 0.0931
795.14 172.58 82.48 110.14 0.0927
806.50 438.70 22.93 22.19 0.0911
503.37 287.58 47.58 79.56 0.0905
824.18 221.55 50.18 65.92 0.0902
582.48 227.81 36.84 43.87 0.0895
146.41 116.78 48.85 64.26 0.0895
225.65 314.57 31.11 30.99 0.0884
807.45 491.19 23.02 19.56 0.0882
146.05 440.56 26.31 31.29 0.0879
101.41 101.35 40.31 55.68 0.0878
768.31 280.56 37.09 54.87 0.0876
458.91 161.83 46.73 61.25 0.0875
330.81 281.36 49.98 64.18 0.0869
223.59 340.38 26.56 28.46 0.0868
397.45 154.93 45.53 56.45 0.0863
531.71 512.28 130.71 94.18 0.0851
471.84 350.26 33.85 52.22 0.0849
150.69 458.11 28.83 28.03 0.0849
797.56 293.98 41.12 75.96 0.0848
593.37 490.85 30.23 23.69 0.0843
692.96 530.44 35.12 29.63 0.0840
683.42 144.98 41.31 49.86 0.0840
272.85 462.87 46.84 39.10 0.0840
209.47 349.22 44.84 66.13 0.0839
209.88 427.23 48.32 60.81 0.0836
193.84 180.44 95.15 134.70 0.0835
772.76 492.45 20.22 17.95 0.0833
476.87 431.16 22.10 31.48 0.0821
8.47 248.91 47.56 71.34 0.0820
329.92 362.75 38.32 44.71 0.0810
379.85 502.76 248.88 160.72 0.0808
143.42 253.38 35.30 50.04 0.0807
238.46 203.67 89.66 109.71 0.0806
921.67 441.70 17.31 17.84 0.0806
870.62 220.82 50.86 69.56 0.0802
334.46 302.08 59.63 75.91 0.0795
621.77 186.05 45.77 52.81 0.0795
698.32 442.63 28.77 29.78 0.0788
696.12 459.00 32.21 30.12 0.0787
403.81 210.23 38.21 66.53 0.0786
655.37 210.04 58.22 62.21 0.0779
371.24 419.01 24.26 28.79 0.0767
250.06 383.77 46.09 58.19 0.0765
625.13 101.70 55.77 63.58 0.0764
252.23 409.02 37.05 49.56 0.0761
585.78 258.07 33.94 59.11 0.0760
176.99 166.62 76.93 82.85 0.0759
64.20 453.99 35.01 34.04 0.0758
132.22 160.35 73.67 92.14 0.0755
647.34 323.39 46.32 79.10 0.0755
796.60 486.92 110.31 65.11 0.0748
799.94 255.95 41.67 65.99 0.0734
954.61 482.25 22.62 25.57 0.0734
224.54 285.05 38.48 41.88 0.0732
842.75 276.31 28.02 45.90 0.0732
365.97 133.41 36.74 35.66 0.0731
366.04 433.40 27.93 29.04 0.0730
733.87 330.76 73.01 106.57 0.0729
22.70 270.94 55.47 98.14 0.0726
77.17 98.02 34.29 37.13 0.0725
731.66 511.25 29.90 23.99 0.0720
481.44 488.89 28.14 24.86 0.0719
624.65 245.42 35.47 55.72 0.0716
543.15 488.62 31.28 27.36 0.0712
294.36 412.24 37.56 52.99 0.0710
957.70 468.27 19.34 25.69 0.0708
834.90 121.65 48.72 61.19 0.0703
779.56 493.15 73.63 47.83 0.0701
100.30 522.05 72.10 46.58 0.0697
253.81 457.24 45.03 38.07 0.0697
81.49 364.47 21.69 31.58 0.0695
402.76 420.52 28.43 39.01 0.0695
932.04 181.61 63.12 85.48 0.0694
175.85 79.08 40.24 60.39 0.0690
323.88 76.19 40.72 67.22 0.0687
434.90 312.03 37.06 62.25 0.0684
660.51 259.49 49.69 76.41 0.0684
188.55 357.59 25.83 40.27 0.0683
