29_Students_Schoolkids_Students_Schoolkids_29_310
95
653.24 191.46 52.87 70.94 0.8991
275.49 195.02 62.91 78.63 0.8669
837.75 212.16 58.86 80.01 0.8542
471.88 200.43 53.39 72.34 0.8509
97.03 205.50 58.90 81.09 0.8397
83.19 392.95 55.46 45.45 0.2038
400.59 188.93 41.72 49.87 0.1865
17.82 395.85 45.58 43.19 0.1613
60.53 382.25 51.29 46.97 0.1596
789.08 455.97 52.39 52.74 0.1562
655.73 380.71 31.94 30.14 0.1445
501.47 305.36 44.27 38.68 0.1399
543.25 351.58 37.50 40.55 0.1397
797.44 405.42 94.59 103.49 0.1388
34.68 381.48 52.86 49.57 0.1384
139.80 421.82 36.21 30.82 0.1360
3.75 21.02 25.12 34.19 0.1121
0.00 286.90 31.28 64.71 0.1076
5.72 378.70 42.63 62.44 0.1001
402.95 357.44 28.24 33.99 0.0998
260.46 445.45 32.77 24.89 0.0970
471.52 301.47 47.23 47.95 0.0961
512.02 423.07 28.34 31.99 0.0946
105.45 410.13 47.60 48.89 0.0928
619.15 112.72 121.84 98.57 0.0912
123.23 373.60 60.99 52.48 0.0910
752.60 387.84 60.50 68.27 0.0901
134.75 327.04 71.74 68.22 0.0888
455.18 401.71 53.76 50.50 0.0881
481.54 35.34 312.91 153.17 0.0870
347.15 369.87 54.61 55.33 0.0857
336.49 395.04 46.19 41.85 0.0852
651.37 412.01 39.83 38.93 0.0850
78.57 342.32 84.63 74.93 0.0841
495.64 317.72 57.73 59.85 0.0820
836.39 357.53 77.69 123.57 0.0816
52.72 298.92 53.53 54.04 0.0797
0.00 267.93 28.09 52.57 0.0793
324.12 313.85 53.49 85.68 0.0787
41.99 196.07 70.49 91.81 0.0781
575.30 190.99 52.27 60.15 0.0780
71.32 411.32 55.70 55.74 0.0762
467.57 327.02 47.51 63.45 0.0759
358.18 344.06 48.11 54.67 0.0755
415.37 421.57 36.67 35.36 0.0745
1000.75 200.35 23.25 83.77 0.0736
456.69 359.39 51.91 46.17 0.0710
997.88 423.18 26.12 46.37 0.0709
563.89 324.93 57.37 70.83 0.0709
652.96 356.64 43.96 47.79 0.0702
0.00 329.22 30.72 69.22 0.0700
482.11 253.94 42.30 44.25 0.0677
433.60 414.62 57.80 48.03 0.0675
36.08 294.71 40.13 54.04 0.0664
38.19 2.36 25.71 19.65 0.0657
752.11 366.96 46.72 45.05 0.0656
856.61 334.80 93.76 108.19 0.0652
617.30 345.94 50.13 58.17 0.0648
630.57 374.33 35.18 33.68 0.0646
0.00 119.59 25.16 47.54 0.0643
88.71 310.98 80.98 75.18 0.0630
449.81 227.15 78.10 60.48 0.0623
210.66 431.73 41.03 34.25 0.0616
368.08 248.34 44.64 44.59 0.0603
832.13 279.09 55.96 76.46 0.0597
864.10 489.22 43.16 32.66 0.0597
106.57 183.51 44.61 52.67 0.0589
2.50 73.52 22.54 39.10 0.0588
797.55 366.13 71.53 77.91 0.0587
0.00 137.27 28.98 52.77 0.0586
216.86 184.76 59.73 70.46 0.0578
405.48 394.91 30.46 35.96 0.0577
208.73 422.31 40.52 25.46 0.0576
4.68 1.39 29.51 26.10 0.0574
151.74 312.59 68.29 59.75 0.0574
160.20 409.27 59.43 40.43 0.0570
608.88 304.26 46.84 53.24 0.0564
586.55 302.13 48.49 62.41 0.0564
75.19 241.46 55.68 69.56 0.0562
861.18 195.03 47.91 58.84 0.0557
837.04 335.96 53.73 68.14 0.0556
413.40 418.17 60.26 59.21 0.0547
287.23 305.29 81.01 128.69 0.0541
345.01 301.74 51.88 74.44 0.0537
356.81 275.28 43.96 38.77 0.0536
19.87 398.99 65.13 67.17 0.0536
368.26 204.22 50.01 69.34 0.0527
168.93 265.55 53.07 43.67 0.0526
124.28 179.14 52.85 54.68 0.0523
627.65 414.43 40.95 41.95 0.0522
43.54 258.28 52.62 56.60 0.0514
630.93 386.01 51.96 47.90 0.0511
442.90 52.37 205.71 106.30 0.0508
1.74 40.65 26.15 42.58 0.0503
1.21 418.22 38.49 49.74 0.0502
