39_Ice_Skating_Ice_Skating_39_388
140
457.59 322.42 391.96 452.47 0.8278
126.62 315.21 405.38 470.12 0.7710
284.12 342.88 360.35 553.84 0.6336
564.08 384.96 459.92 498.08 0.4401
114.39 367.88 168.91 660.30 0.4243
508.98 246.42 396.83 333.30 0.1586
384.67 466.62 341.23 565.73 0.1369
47.90 314.86 92.35 304.77 0.1288
289.50 224.83 403.02 360.98 0.1159
472.98 658.77 521.95 499.54 0.1010
369.91 710.40 342.18 805.60 0.1006
220.42 629.44 367.85 598.07 0.0804
403.23 322.98 115.92 294.25 0.0740
11.93 297.66 80.63 294.89 0.0729
21.80 206.24 183.16 691.42 0.0644
268.34 354.25 137.00 230.39 0.0637
843.11 410.75 180.89 512.50 0.0630
135.65 523.90 261.20 626.52 0.0627
204.13 350.14 135.65 266.91 0.0613
629.62 367.10 214.80 207.00 0.0611
505.68 561.91 124.94 304.39 0.0608
94.70 211.67 224.64 492.72 0.0601
264.63 882.70 271.09 633.30 0.0599
795.93 387.77 122.64 257.05 0.0598
392.33 828.97 126.21 287.49 0.0593
475.94 350.22 157.94 218.56 0.0582
375.67 373.47 95.32 378.87 0.0576
566.59 315.43 132.09 311.29 0.0568
611.66 390.60 116.66 264.12 0.0567
0.00 312.99 38.15 238.36 0.0549
472.53 811.76 109.85 336.37 0.0548
53.48 288.33 150.33 199.07 0.0544
517.06 759.79 318.34 756.21 0.0534
320.91 397.07 112.00 266.35 0.0523
170.78 418.45 102.92 331.26 0.0520
689.95 385.33 116.17 309.10 0.0516
478.61 698.57 123.55 297.11 0.0513
552.20 397.74 106.02 318.79 0.0511
27.54 419.71 66.11 255.14 0.0510
443.57 512.08 111.01 309.47 0.0505
575.74 285.23 204.10 219.51 0.0502
281.51 717.16 160.85 188.50 0.0499
324.11 545.02 116.36 276.45 0.0499
249.31 554.21 110.18 285.56 0.0493
470.31 415.78 125.03 347.11 0.0489
176.98 551.54 142.88 269.80 0.0486
332.22 766.18 108.72 265.22 0.0485
88.06 319.16 130.93 296.44 0.0481
337.38 876.05 119.30 258.31 0.0475
842.03 343.95 146.16 238.18 0.0469
56.35 744.30 230.43 703.99 0.0466
5.47 208.37 65.56 241.45 0.0457
390.47 475.07 134.95 229.59 0.0454
79.03 258.55 57.95 215.84 0.0451
436.41 254.06 167.08 241.05 0.0442
285.40 415.03 102.70 331.05 0.0436
596.31 447.04 80.98 322.65 0.0432
347.47 585.22 161.36 185.68 0.0430
779.76 436.80 88.96 380.70 0.0424
209.49 252.41 146.19 250.78 0.0422
653.23 311.16 77.60 198.76 0.0422
294.22 1045.40 101.48 252.08 0.0421
221.91 474.18 144.64 225.83 0.0403
0.00 53.31 250.02 498.86 0.0399
735.34 549.89 111.87 263.81 0.0382
251.10 785.14 132.78 286.18 0.0380
327.12 1056.21 101.27 348.15 0.0376
302.58 942.57 113.51 274.80 0.0368
0.00 0.00 65.60 152.80 0.0361
0.00 920.85 206.25 595.15 0.0358
675.58 122.35 348.42 439.64 0.0357
327.66 289.29 151.55 231.14 0.0354
0.00 459.33 70.65 321.15 0.0352
826.33 491.17 109.76 330.79 0.0336
539.73 205.81 226.69 191.29 0.0333
20.95 233.08 220.25 178.68 0.0333
447.66 962.46 128.49 277.79 0.0330
35.57 218.09 76.37 311.51 0.0330
522.42 924.95 100.72 353.32 0.0326
294.95 1157.49 103.22 255.73 0.0326
555.54 0.00 418.81 302.11 0.0325
143.01 894.39 230.53 621.61 0.0319
656.07 240.19 248.13 207.91 0.0313
9.78 64.58 57.98 222.33 0.0312
142.79 325.89 125.84 240.13 0.0311
655.63 557.55 135.33 264.27 0.0311
103.28 430.69 109.32 350.06 0.0310
376.59 620.91 104.58 288.80 0.0309
694.43 301.54 87.96 226.92 0.0308
855.94 1042.77 168.06 181.06 0.0304
423.03 88.37 447.48 277.30 0.0302
429.06 718.56 129.52 209.48 0.0300
0.00 0.00 227.60 46.84 0.0299
899.83 1080.07 92.16 300.21 0.0298
31.73 39.49 64.82 297.64 0.0297
472.03 1080.32 123.61 286.52 0.0289
613.55 1081.63 116.26 325.12 0.0285
0.00 520.95 215.57 539.05 0.0282
56.50 413.91 97.47 376.10 0.0282
626.98 984.13 154.42 306.97 0.0282
11.62 189.62 117.08 203.58 0.0279
541.33 661.58 103.32 323.94 0.0278
210.34 707.36 160.51 223.59 0.0267
820.98 1364.24 203.02 122.77 0.0266
770.85 289.82 174.98 206.04 0.0266
528.58 1214.57 128.29 299.12 0.0265
557.12 210.85 76.98 219.59 0.0263
44.02 69.15 374.79 274.87 0.0260
789.09 592.08 101.52 360.86 0.0259
885.55 1251.93 111.05 264.07 0.0258
602.56 200.98 65.23 213.72 0.0257
233.70 70.07 440.77 259.10 0.0248
550.88 1112.58 113.34 283.23 0.0245
859.19 275.54 156.69 219.62 0.0245
274.35 194.26 208.95 236.14 0.0243
965.63 1261.44 58.37 254.56 0.0243
730.20 311.71 90.85 244.85 0.0240
31.08 541.68 59.72 268.03 0.0238
859.91 579.19 164.09 689.40 0.0238
377.08 954.08 110.95 333.66 0.0237
0.00 0.00 178.79 260.87 0.0236
894.77 371.39 129.23 279.56 0.0233
39.19 94.29 124.25 237.82 0.0233
332.49 1217.73 99.86 298.27 0.0229
780.10 952.02 243.90 123.75 0.0229
852.05 983.58 86.72 228.62 0.0227
897.12 0.00 126.88 363.30 0.0221
0.00 1374.63 146.66 141.37 0.0220
137.95 561.68 106.72 291.93 0.0219
512.94 670.42 228.39 198.41 0.0217
761.45 333.81 112.55 239.44 0.0216
532.06 1036.03 198.42 233.67 0.0213
577.78 913.78 253.56 186.20 0.0211
216.25 898.78 161.78 330.64 0.0210
270.88 1261.32 119.38 253.68 0.0210
370.53 204.56 185.41 235.22 0.0209
640.81 178.48 71.53 210.36 0.0207
0.00 1298.39 43.71 167.65 0.0206
599.00 583.38 99.24 270.01 0.0201
890.70 493.00 118.42 249.56 0.0201
