39_Ice_Skating_Ice_Skating_39_794
152
139.30 673.85 382.74 575.21 0.2082
495.76 271.20 527.61 451.98 0.1623
336.67 878.35 265.02 654.65 0.1434
442.23 647.63 368.15 613.13 0.1426
165.10 772.11 201.13 760.89 0.1423
547.66 793.28 290.73 739.72 0.1135
112.65 632.87 180.64 664.18 0.1121
581.56 682.61 442.44 521.43 0.1038
468.24 331.66 332.55 626.63 0.0890
53.57 990.85 80.38 318.14 0.0815
428.53 190.89 416.29 410.68 0.0774
86.00 433.26 334.73 487.00 0.0772
59.01 740.84 72.56 306.71 0.0746
33.91 646.19 157.32 821.13 0.0746
56.97 1170.67 79.13 350.16 0.0743
119.44 938.46 164.78 594.54 0.0737
459.26 50.46 425.35 357.48 0.0660
28.22 975.25 61.93 320.67 0.0609
282.60 553.78 359.60 539.27 0.0607
27.36 110.52 401.72 506.54 0.0596
802.19 620.21 111.46 292.96 0.0594
678.60 949.87 183.82 175.58 0.0594
140.09 704.33 110.30 295.23 0.0587
173.58 1136.55 140.51 308.17 0.0580
31.68 682.44 65.55 298.86 0.0571
65.32 1015.60 138.53 210.30 0.0569
657.53 954.33 131.29 273.04 0.0559
138.15 827.35 117.16 309.68 0.0546
737.07 588.48 101.97 307.20 0.0525
369.35 898.36 116.41 312.36 0.0524
505.26 577.62 138.34 274.59 0.0524
275.93 123.44 378.96 459.43 0.0523
131.57 1197.83 123.96 316.08 0.0521
777.05 963.78 160.85 184.92 0.0515
217.91 686.02 110.23 314.74 0.0500
88.94 1164.86 148.84 228.15 0.0497
465.14 596.54 114.81 337.67 0.0496
71.33 699.81 113.29 284.52 0.0496
183.72 759.64 111.06 279.26 0.0492
68.36 845.08 119.69 281.58 0.0488
547.62 503.33 128.38 273.95 0.0488
591.68 875.89 168.10 189.48 0.0482
404.87 726.47 106.01 319.82 0.0479
512.75 331.04 113.65 278.91 0.0477
0.00 95.88 199.18 523.73 0.0474
331.51 1002.67 121.64 283.56 0.0469
246.45 841.36 112.87 323.17 0.0468
609.77 459.67 115.32 306.63 0.0463
765.97 917.97 102.13 290.38 0.0463
841.16 841.15 100.37 295.96 0.0457
181.21 242.67 367.10 498.77 0.0451
842.36 645.33 107.09 326.03 0.0450
24.54 1176.36 64.87 335.42 0.0450
664.52 876.19 170.51 189.94 0.0450
30.21 795.90 57.59 334.03 0.0449
473.68 823.91 108.76 320.06 0.0444
696.77 514.34 103.53 330.54 0.0443
569.05 396.31 123.48 296.67 0.0443
555.87 858.57 97.22 283.33 0.0442
0.00 986.95 63.38 265.10 0.0437
485.15 500.62 152.41 218.73 0.0436
791.94 537.25 156.41 267.79 0.0433
64.51 1236.88 141.59 230.94 0.0432
572.98 959.38 131.12 192.40 0.0432
847.87 984.12 114.47 243.60 0.0430
0.00 377.18 218.86 499.69 0.0428
745.17 1033.22 164.42 226.67 0.0425
395.39 640.34 125.45 246.55 0.0421
725.76 978.26 102.73 239.87 0.0418
492.96 266.46 145.36 222.72 0.0415
286.04 859.92 124.17 265.76 0.0414
53.04 627.56 92.62 297.18 0.0412
757.49 0.00 266.51 389.01 0.0408
338.39 754.35 105.07 296.05 0.0407
734.69 741.12 101.15 316.69 0.0405
139.24 970.55 105.45 301.31 0.0398
769.94 688.06 100.93 293.13 0.0397
612.01 288.69 110.19 283.97 0.0396
797.58 753.50 109.07 289.87 0.0394
493.42 119.88 158.53 179.19 0.0387
648.28 535.86 108.13 286.68 0.0385
209.70 1113.05 155.22 209.73 0.0379
506.82 711.06 118.54 324.73 0.0379
656.54 383.54 117.05 293.17 0.0374
12.36 937.18 92.71 217.58 0.0372
161.31 630.61 143.17 309.12 0.0372
125.24 632.60 99.19 268.77 0.0366
475.57 977.84 166.07 194.65 0.0362
241.34 1006.49 122.61 247.93 0.0361
303.23 693.12 101.86 283.72 0.0353
825.49 787.09 151.72 227.56 0.0352
392.10 1001.46 118.95 312.31 0.0351
430.44 929.70 112.39 288.49 0.0347
0.00 1113.43 65.01 294.76 0.0344
373.93 567.23 165.70 220.70 0.0344
698.92 666.55 100.06 303.04 0.0343
619.45 983.89 115.53 296.53 0.0343
522.59 71.09 173.06 180.10 0.0342
450.22 174.49 169.35 226.49 0.0341
260.08 648.22 106.61 277.92 0.0340
536.15 152.31 117.88 265.00 0.0339
177.47 1021.80 103.35 235.21 0.0337
0.54 636.27 67.65 293.56 0.0333
142.32 0.00 379.88 324.66 0.0332
22.59 540.79 65.35 322.41 0.0326
0.00 825.46 63.84 313.52 0.0325
321.55 0.00 353.85 316.11 0.0324
441.84 65.09 162.54 211.09 0.0323
585.74 563.80 110.67 344.64 0.0320
186.58 863.64 104.31 329.53 0.0320
635.87 803.53 159.24 213.23 0.0313
604.03 101.34 94.08 300.31 0.0311
324.80 628.98 123.92 276.33 0.0309
720.54 379.66 80.04 252.01 0.0305
0.00 0.00 203.56 285.22 0.0298
0.00 0.00 67.03 164.73 0.0295
19.12 1330.98 109.16 202.02 0.0289
727.51 481.80 179.86 248.33 0.0287
238.43 1153.22 89.49 379.78 0.0282
0.00 1348.11 40.73 184.89 0.0280
0.00 1111.38 33.65 229.05 0.0274
874.96 948.53 149.04 197.50 0.0265
557.64 770.96 159.67 247.20 0.0261
167.41 1286.87 129.47 246.13 0.0261
0.00 737.45 37.24 253.30 0.0254
694.11 396.74 227.54 227.81 0.0254
284.37 1054.11 125.40 338.32 0.0254
459.78 0.09 190.67 158.91 0.0253
209.14 579.90 95.80 245.99 0.0252
541.73 1012.42 127.30 297.06 0.0251
606.10 701.00 141.45 254.96 0.0251
816.74 1102.37 123.19 271.95 0.0251
182.24 1377.34 233.05 155.66 0.0250
652.39 197.07 117.05 303.61 0.0247
216.08 568.39 209.99 207.21 0.0245
0.00 0.00 216.05 48.51 0.0244
592.39 0.00 144.40 72.86 0.0237
0.00 1201.67 38.62 237.16 0.0235
33.96 1383.00 213.97 150.00 0.0233
897.44 1016.76 121.62 278.99 0.0232
31.99 412.94 59.14 324.84 0.0229
37.13 582.02 181.77 227.12 0.0227
879.89 497.14 78.23 262.62 0.0226
587.77 142.53 231.37 178.42 0.0226
672.62 1074.35 115.47 258.89 0.0223
810.90 1351.97 169.19 181.03 0.0222
522.74 0.00 135.36 84.46 0.0216
458.84 1025.40 139.70 277.50 0.0214
868.92 575.06 143.24 305.74 0.0209
772.14 1001.61 251.86 531.39 0.0208
654.18 1376.61 246.13 148.96 0.0205
863.20 1078.14 134.35 338.87 0.0201
