39_Ice_Skating_Ice_Skating_39_103
148
440.02 181.48 393.66 307.42 0.5909
222.75 183.04 384.84 295.17 0.4444
173.93 156.56 210.38 329.02 0.2665
524.50 280.14 499.50 243.50 0.1666
383.36 289.21 332.88 321.70 0.1369
349.14 108.69 386.65 196.23 0.1197
97.28 230.43 204.61 351.69 0.0909
547.93 162.17 476.07 206.85 0.0886
339.65 401.83 270.49 366.17 0.0832
108.07 123.50 211.23 266.46 0.0790
143.43 296.46 348.75 325.38 0.0729
484.72 376.51 406.54 309.71 0.0707
525.90 188.26 163.04 107.39 0.0682
146.54 117.71 377.14 183.90 0.0678
131.01 463.22 247.60 304.78 0.0636
584.83 223.20 103.88 142.71 0.0591
364.53 266.65 115.20 167.91 0.0577
543.03 144.01 120.68 108.58 0.0563
177.69 213.94 125.32 141.47 0.0520
660.23 27.91 135.19 99.52 0.0517
491.66 221.40 144.29 140.87 0.0517
327.77 97.14 103.46 152.91 0.0517
53.02 42.43 78.19 161.41 0.0513
418.13 182.44 151.75 106.77 0.0508
640.46 235.64 102.08 140.54 0.0504
395.10 220.99 117.51 159.69 0.0503
27.20 39.64 214.86 309.45 0.0503
398.01 330.02 115.81 190.99 0.0502
325.60 47.71 111.24 104.07 0.0501
616.09 32.02 111.06 111.40 0.0465
424.75 474.45 361.90 293.55 0.0457
551.11 59.85 106.91 152.76 0.0455
41.68 41.91 149.26 91.28 0.0454
327.54 159.18 110.29 158.02 0.0451
81.53 9.39 163.62 83.01 0.0446
698.86 255.10 113.88 143.04 0.0446
666.78 0.00 122.31 35.08 0.0442
518.30 50.86 178.95 77.48 0.0431
344.80 68.40 141.71 120.68 0.0428
437.87 277.95 116.45 142.84 0.0426
517.89 91.06 104.59 151.23 0.0425
817.62 220.05 160.38 91.12 0.0418
97.64 36.82 115.87 169.55 0.0418
644.87 168.54 92.31 138.34 0.0417
728.01 0.00 126.82 60.39 0.0414
119.74 38.51 149.64 93.78 0.0412
333.41 26.72 143.40 82.12 0.0408
401.67 144.88 115.93 123.41 0.0401
705.47 225.97 169.65 93.01 0.0398
29.14 17.95 123.31 79.31 0.0397
447.09 143.29 153.10 115.21 0.0397
41.72 108.33 148.43 103.34 0.0397
473.27 26.61 152.58 82.19 0.0395
346.84 338.99 121.36 138.61 0.0395
17.38 33.18 75.38 114.89 0.0395
804.95 28.75 155.53 77.94 0.0395
0.00 333.38 234.21 284.02 0.0394
0.00 0.00 65.28 75.98 0.0391
196.79 191.71 169.85 98.34 0.0387
357.30 48.39 168.56 88.76 0.0387
591.24 74.56 152.82 101.70 0.0387
803.92 226.34 110.35 144.97 0.0382
79.23 0.00 215.52 250.23 0.0382
631.78 7.70 142.72 62.32 0.0382
311.88 1.97 132.31 75.59 0.0381
690.72 184.51 106.33 109.86 0.0372
28.41 94.65 62.81 165.16 0.0369
0.00 468.84 216.97 299.16 0.0368
438.22 10.29 152.15 74.16 0.0363
588.95 502.25 155.84 111.80 0.0362
79.57 141.81 138.21 120.60 0.0360
248.59 42.33 113.39 96.60 0.0359
296.85 67.01 108.46 132.21 0.0357
780.97 184.36 162.61 102.59 0.0355
460.61 46.05 123.12 102.27 0.0355
50.15 118.65 75.93 154.27 0.0348
762.19 0.16 164.14 77.93 0.0346
399.72 28.91 152.93 77.15 0.0344
607.73 448.80 145.91 123.85 0.0343
342.06 40.80 401.26 170.32 0.0343
733.61 41.06 86.96 126.47 0.0341
0.00 0.00 148.37 52.10 0.0341
645.26 513.71 153.61 151.61 0.0338
56.71 0.00 175.83 46.18 0.0332
519.34 7.85 150.46 76.80 0.0331
337.86 229.54 108.66 156.34 0.0330
585.90 98.89 117.56 146.05 0.0330
139.54 175.18 125.95 117.85 0.0329
258.83 151.92 156.85 107.80 0.0325
645.13 385.49 378.87 354.58 0.0322
573.58 281.43 161.71 123.26 0.0320
171.34 45.47 122.71 162.16 0.0317
194.70 11.18 142.78 72.76 0.0316
0.00 203.50 258.28 262.72 0.0314
132.69 0.00 159.79 53.59 0.0311
762.41 47.84 109.89 130.16 0.0306
19.04 186.89 62.04 118.87 0.0302
8.07 242.14 63.55 140.94 0.0298
145.56 0.00 222.62 164.58 0.0297
139.87 97.59 112.92 133.45 0.0296
838.45 44.54 119.12 153.23 0.0295
947.75 0.00 76.25 84.10 0.0294
225.78 155.10 110.10 108.18 0.0293
205.92 66.82 150.20 121.21 0.0293
184.95 156.18 97.94 99.17 0.0293
460.66 0.00 179.30 46.83 0.0292
826.69 134.63 120.86 109.59 0.0291
641.30 80.24 122.30 178.99 0.0291
822.81 0.00 187.16 46.30 0.0290
435.33 103.90 116.29 127.41 0.0284
859.75 0.00 113.00 92.37 0.0282
46.66 171.81 91.18 180.34 0.0282
682.46 76.98 160.58 116.83 0.0279
234.90 217.34 168.19 119.58 0.0278
772.37 0.00 251.63 140.19 0.0276
351.76 0.00 168.73 53.12 0.0276
865.43 120.48 120.17 155.65 0.0275
761.59 126.69 119.11 157.61 0.0273
599.74 0.00 346.72 125.13 0.0272
477.84 269.64 187.95 146.86 0.0269
277.06 0.00 112.42 104.28 0.0267
209.96 0.00 180.80 45.40 0.0260
523.75 0.00 202.65 39.22 0.0258
490.08 41.76 486.72 158.98 0.0255
604.88 0.00 103.93 100.82 0.0254
582.26 540.36 128.45 145.20 0.0250
292.34 313.22 135.21 148.94 0.0250
756.71 244.59 106.58 138.07 0.0249
697.35 458.74 109.62 159.37 0.0248
786.96 97.59 120.02 126.77 0.0246
405.84 0.00 326.69 128.78 0.0246
591.12 400.87 193.30 124.30 0.0239
170.94 293.18 144.75 119.81 0.0238
280.02 256.54 132.09 150.56 0.0236
920.86 0.00 103.14 24.10 0.0231
862.85 229.12 136.03 143.72 0.0230
820.59 57.03 203.41 64.41 0.0228
777.48 0.00 147.68 34.00 0.0227
900.39 341.78 123.61 385.75 0.0227
0.00 22.39 53.90 107.51 0.0227
0.00 54.03 63.75 143.45 0.0224
245.38 0.00 334.21 119.10 0.0223
694.36 391.03 99.60 159.99 0.0219
54.41 182.15 125.38 95.57 0.0215
233.01 300.47 109.20 148.03 0.0210
618.10 387.00 239.70 85.79 0.0208
0.00 696.18 150.58 71.82 0.0207
850.72 87.39 173.28 89.52 0.0202
