58_Hockey_icehockey_puck_58_940
200
927.89 0.00 81.03 81.22 0.1924
50.53 82.02 80.27 80.84 0.1921
50.48 575.72 80.36 80.93 0.1920
928.21 136.90 80.40 80.99 0.1919
50.48 466.01 80.36 80.91 0.1919
50.48 520.87 80.36 80.91 0.1919
50.59 136.98 80.21 80.72 0.1919
50.50 383.74 80.34 80.86 0.1918
671.76 0.00 81.26 81.22 0.1917
50.50 219.14 80.31 80.84 0.1917
928.14 219.17 80.51 81.02 0.1917
13.80 630.78 80.18 80.50 0.1917
50.49 328.87 80.35 80.91 0.1917
928.17 54.61 80.48 81.04 0.1916
13.79 274.18 80.22 80.56 0.1916
50.49 630.59 80.36 80.91 0.1916
635.19 0.00 81.13 81.19 0.1916
928.28 658.15 80.20 80.84 0.1916
525.48 0.00 81.22 81.20 0.1916
598.62 0.00 81.22 81.20 0.1916
50.50 274.02 80.38 80.94 0.1916
928.10 301.50 80.53 80.91 0.1916
50.29 0.00 80.86 81.05 0.1915
708.32 0.00 81.13 81.20 0.1915
854.61 0.00 81.13 81.20 0.1915
891.31 0.00 80.90 81.04 0.1915
891.61 274.08 80.16 80.66 0.1915
13.81 466.18 80.16 80.55 0.1915
13.81 548.47 80.16 80.55 0.1915
13.82 383.91 80.14 80.51 0.1915
13.53 0.00 80.83 80.83 0.1914
891.61 328.94 80.18 80.75 0.1914
269.60 438.30 80.79 81.47 0.1914
13.80 329.01 80.21 80.61 0.1914
196.46 493.16 80.88 81.47 0.1914
233.03 493.16 80.88 81.47 0.1914
342.62 0.00 81.22 81.20 0.1913
379.19 0.00 81.22 81.20 0.1913
415.76 0.00 81.22 81.20 0.1913
452.33 0.00 81.22 81.20 0.1913
488.91 0.00 81.22 81.20 0.1913
562.05 0.00 81.22 81.20 0.1913
744.88 0.00 81.15 81.19 0.1913
781.45 0.00 81.15 81.19 0.1913
818.02 0.00 81.15 81.19 0.1913
13.78 54.74 80.17 80.56 0.1913
745.12 164.10 80.71 81.22 0.1913
306.18 630.33 80.78 81.43 0.1913
928.10 356.34 80.54 81.04 0.1913
928.10 411.19 80.54 81.04 0.1913
928.10 466.05 80.54 81.04 0.1913
928.10 520.91 80.54 81.04 0.1913
928.10 575.77 80.54 81.04 0.1913
818.25 136.58 80.63 81.31 0.1913
781.68 164.01 80.63 81.31 0.1913
818.25 191.44 80.63 81.31 0.1913
708.54 136.58 80.73 81.32 0.1913
452.45 246.29 80.86 81.43 0.1913
342.71 630.31 80.84 81.46 0.1913
415.85 630.31 80.84 81.46 0.1913
744.99 630.31 80.84 81.46 0.1913
818.13 630.31 80.84 81.46 0.1913
13.82 137.07 80.23 80.63 0.1913
745.04 356.01 80.69 81.40 0.1912
781.68 109.15 80.74 81.40 0.1912
671.97 136.58 80.74 81.40 0.1912
13.81 191.84 80.25 80.72 0.1912
196.42 273.71 80.83 81.41 0.1912
306.23 328.63 80.73 81.41 0.1912
306.18 383.45 80.79 81.46 0.1912
269.61 493.16 80.79 81.46 0.1912
196.46 548.02 80.79 81.46 0.1912
196.46 602.88 80.79 81.46 0.1912
233.03 630.30 80.79 81.46 0.1912
269.61 630.30 80.79 81.46 0.1912
818.27 81.74 80.72 81.35 0.1912
342.81 356.09 80.73 81.31 0.1912
891.61 383.80 80.27 80.75 0.1912
159.89 493.16 80.88 81.47 0.1912
159.89 630.30 80.88 81.47 0.1912
123.33 81.78 80.79 81.34 0.1912
818.19 246.29 80.78 81.42 0.1911
818.19 301.15 80.78 81.42 0.1911
86.62 0.00 81.21 81.22 0.1911
123.19 0.00 81.21 81.22 0.1911
159.77 0.00 81.21 81.22 0.1911
196.34 0.00 81.21 81.22 0.1911
232.91 0.00 81.21 81.22 0.1911
269.48 0.00 81.21 81.22 0.1911
306.05 0.00 81.21 81.22 0.1911
891.65 54.63 80.11 80.69 0.1911
854.77 383.50 80.78 81.34 0.1911
562.18 630.32 80.78 81.45 0.1911
159.84 273.68 80.87 81.47 0.1911
232.99 301.14 80.84 81.50 0.1911
269.56 301.14 80.84 81.50 0.1911
196.42 328.57 80.84 81.50 0.1911
269.56 356.00 80.84 81.50 0.1911
123.27 493.14 80.84 81.50 0.1911
123.27 548.00 80.84 81.50 0.1911
123.27 602.85 80.84 81.50 0.1911
781.56 630.28 80.84 81.50 0.1911
854.76 328.60 80.78 81.36 0.1911
854.83 136.58 80.72 81.30 0.1911
159.85 328.57 80.94 81.50 0.1911
123.28 410.85 80.94 81.50 0.1911
379.33 465.78 80.79 81.34 0.1911
159.85 548.00 80.94 81.50 0.1911
891.55 548.25 80.35 80.89 0.1911
891.55 603.11 80.35 80.89 0.1911
854.71 630.28 80.94 81.50 0.1911
525.58 218.91 80.82 81.37 0.1911
708.44 520.62 80.82 81.37 0.1911
233.05 438.30 80.85 81.43 0.1911
818.15 575.44 80.81 81.38 0.1911
489.01 630.30 80.81 81.38 0.1911
525.58 630.30 80.81 81.38 0.1911
635.29 630.30 80.81 81.38 0.1911
671.87 630.30 80.81 81.38 0.1911
708.44 630.30 80.81 81.38 0.1911
123.48 657.92 80.50 81.11 0.1911
196.63 657.92 80.50 81.11 0.1911
598.91 657.92 80.50 81.11 0.1911
745.05 218.89 80.68 81.24 0.1911
891.67 219.22 80.09 80.67 0.1911
781.70 218.89 80.70 81.25 0.1911
86.69 273.68 80.89 81.56 0.1911
123.26 273.68 80.89 81.56 0.1911
598.81 328.67 80.69 81.26 0.1911
233.00 356.00 80.82 81.46 0.1911
891.56 465.96 80.32 80.91 0.1911
415.90 109.18 80.83 81.40 0.1910
745.10 109.17 80.76 81.39 0.1910
781.68 273.73 80.74 81.38 0.1910
671.90 493.18 80.83 81.40 0.1910
854.71 547.98 80.85 81.44 0.1910
379.29 630.30 80.82 81.47 0.1910
342.82 520.61 80.69 81.33 0.1910
306.24 575.47 80.69 81.33 0.1910
891.76 658.21 79.97 80.49 0.1910
159.92 81.82 80.73 81.28 0.1910
196.49 81.82 80.73 81.28 0.1910
233.06 81.82 80.73 81.28 0.1910
269.63 81.82 80.73 81.28 0.1910
452.49 81.82 80.73 81.28 0.1910
489.06 81.82 80.73 81.28 0.1910
306.19 493.15 80.75 81.38 0.1910
818.20 520.68 80.73 81.28 0.1910
379.35 548.11 80.73 81.28 0.1910
452.49 548.11 80.73 81.28 0.1910
781.63 548.11 80.73 81.28 0.1910
269.62 575.43 80.75 81.38 0.1910
489.06 575.54 80.73 81.28 0.1910
598.78 575.54 80.73 81.28 0.1910
745.04 273.72 80.69 81.40 0.1910
854.71 54.31 80.88 81.45 0.1910
781.69 383.44 80.71 81.41 0.1910
671.93 54.35 80.75 81.31 0.1910
854.76 191.44 80.78 81.40 0.1910
342.80 410.82 80.75 81.43 0.1910
818.22 438.33 80.76 81.32 0.1910
306.20 81.73 80.75 81.37 0.1910
342.77 81.73 80.75 81.37 0.1910
415.91 548.02 80.75 81.37 0.1910
525.63 548.02 80.75 81.37 0.1910
562.20 548.02 80.75 81.37 0.1910
342.77 575.45 80.75 81.37 0.1910
745.06 575.45 80.75 81.37 0.1910
452.49 630.30 80.75 81.37 0.1910
818.27 356.03 80.69 81.36 0.1910
379.33 54.29 80.77 81.46 0.1909
415.91 54.29 80.77 81.46 0.1909
86.77 81.79 80.78 81.34 0.1909
159.96 218.93 80.72 81.31 0.1909
745.06 410.88 80.76 81.35 0.1909
306.19 438.29 80.77 81.46 0.1909
489.17 438.32 80.70 81.36 0.1909
708.49 438.31 80.76 81.35 0.1909
233.05 548.01 80.77 81.46 0.1909
671.98 191.46 80.72 81.35 0.1909
854.71 246.30 80.83 81.43 0.1909
269.63 218.92 80.73 81.31 0.1909
123.28 355.97 80.83 81.55 0.1909
525.56 328.60 80.84 81.38 0.1909
744.99 493.17 80.84 81.38 0.1909
708.48 273.72 80.78 81.42 0.1909
525.63 81.79 80.78 81.34 0.1909
123.34 218.93 80.78 81.34 0.1909
306.20 246.36 80.78 81.34 0.1909
489.01 246.28 80.88 81.46 0.1909
562.20 273.79 80.78 81.34 0.1909
598.77 273.79 80.78 81.34 0.1909
342.77 301.21 80.78 81.34 0.1909
562.20 356.07 80.78 81.34 0.1909
525.63 410.93 80.78 81.34 0.1909
562.20 410.93 80.78 81.34 0.1909
598.77 438.36 80.78 81.34 0.1909
525.63 465.79 80.78 81.34 0.1909
562.20 465.79 80.78 81.34 0.1909
489.06 493.21 80.78 81.34 0.1909
