12_Group_Group_12_Group_Group_12_728
27
571.57 129.38 452.43 258.78 0.7356
122.27 140.66 412.88 240.95 0.4413
330.72 160.79 436.26 338.18 0.4403
118.81 144.51 121.86 220.62 0.4392
589.44 212.58 434.56 370.89 0.4218
65.06 141.10 92.63 228.37 0.3862
171.16 148.11 167.82 216.90 0.3645
12.79 138.48 53.35 236.32 0.2718
601.33 46.84 422.67 141.54 0.2428
22.16 115.76 37.59 146.47 0.2317
334.24 108.44 422.92 159.29 0.1999
343.97 47.66 406.46 141.29 0.1259
160.30 206.26 482.63 367.06 0.1220
1.57 62.45 73.69 104.05 0.1014
238.89 411.89 473.46 328.11 0.0931
79.66 210.05 208.21 363.66 0.0867
49.15 74.99 118.06 90.22 0.0860
596.07 25.37 427.93 44.43 0.0791
146.24 115.30 72.16 153.53 0.0675
101.71 67.78 150.70 117.80 0.0539
11.45 10.02 44.39 73.70 0.0515
414.88 28.93 418.32 40.70 0.0432
611.96 441.13 412.04 298.87 0.0405
0.76 221.77 73.75 350.75 0.0383
117.76 50.13 423.44 159.30 0.0334
38.13 67.90 1.02 93.21 0.0247
26.41 32.12 25.16 13.23 0.0211
