12_Group_Large_Group_12_Group_Large_Group_12_15
15
608.35 348.80 415.65 333.04 0.6203
622.24 250.85 401.76 265.70 0.4135
296.73 236.76 355.71 274.79 0.3975
505.36 309.87 375.65 273.55 0.2819
220.04 331.90 361.66 353.10 0.2591
531.09 432.35 329.39 252.65 0.2437
114.01 434.49 137.55 250.51 0.2342
188.45 233.82 283.44 295.08 0.1502
175.74 302.47 163.81 290.60 0.1475
356.06 372.29 386.57 312.71 0.1374
407.96 178.85 425.00 302.59 0.1210
64.91 422.09 98.10 262.91 0.0799
10.02 434.63 61.61 250.37 0.0663
602.27 154.10 421.73 199.85 0.0459
624.48 91.41 399.52 168.00 0.0204
