12_Group_Group_12_Group_Group_12_823
16
271.47 290.56 404.54 376.29 0.3158
673.56 288.10 350.44 336.12 0.2332
632.59 501.44 391.41 346.56 0.1726
230.14 322.04 198.84 313.60 0.1675
424.82 30.88 396.14 44.02 0.0868
403.32 355.02 436.27 370.40 0.0850
496.86 94.97 391.74 51.96 0.0845
146.64 365.77 236.84 367.53 0.0798
349.07 478.21 398.30 369.79 0.0742
238.89 398.02 330.38 449.98 0.0632
401.52 75.11 301.37 88.08 0.0468
559.63 76.59 464.37 117.59 0.0361
562.95 32.58 398.82 53.57 0.0323
479.09 135.07 424.49 128.15 0.0293
319.52 16.91 324.21 60.84 0.0241
420.17 217.76 552.17 373.56 0.0226
