12_Group_Group_12_Group_Group_12_112
25
616.99 165.67 407.01 205.07 0.8581
583.76 267.60 440.24 301.96 0.7885
605.42 373.05 418.58 393.28 0.6082
498.31 204.98 390.62 279.99 0.5874
354.80 166.50 385.42 200.77 0.4963
359.37 268.39 376.99 310.17 0.4239
216.75 325.65 370.05 336.32 0.3990
233.95 156.00 334.44 224.60 0.3908
232.00 112.42 490.76 181.33 0.3884
438.26 482.98 366.65 285.02 0.3627
219.73 490.13 362.62 277.87 0.3570
120.84 323.30 128.84 343.48 0.2381
113.65 481.18 141.01 286.82 0.2350
169.78 328.26 173.96 334.16 0.1841
191.25 198.69 129.31 295.74 0.1590
107.36 210.16 163.90 288.09 0.1201
489.73 141.04 406.64 159.56 0.1145
631.85 83.59 392.15 113.15 0.0974
170.14 489.20 175.22 278.80 0.0879
67.25 321.17 106.82 346.78 0.0593
10.80 500.54 59.45 267.46 0.0383
251.41 88.45 442.93 102.78 0.0368
143.16 119.08 238.85 184.49 0.0317
80.34 217.94 75.23 272.55 0.0228
53.34 475.03 118.74 292.97 0.0207
