12_Group_Team_Organized_Group_12_Group_Team_Organized_Group_12_418
40
349.72 251.81 395.50 252.45 0.6411
229.97 188.14 342.46 243.57 0.5921
641.14 173.61 382.86 277.93 0.5914
231.50 328.38 340.29 359.62 0.5596
280.37 155.23 388.78 174.90 0.4764
360.95 397.31 374.57 290.69 0.4366
124.33 180.30 117.42 263.96 0.4352
193.31 57.47 418.56 96.47 0.4010
485.79 304.65 417.27 273.85 0.3811
175.24 185.80 161.98 252.65 0.3710
282.28 107.66 382.65 120.91 0.3557
506.55 455.00 374.08 233.00 0.3430
621.18 342.99 402.82 345.01 0.3245
181.70 152.20 296.97 184.48 0.2919
192.89 335.39 130.02 352.61 0.2787
482.46 168.83 420.85 165.62 0.2278
81.25 174.76 71.40 274.71 0.2196
197.62 107.13 267.86 123.87 0.2059
116.38 295.64 143.54 287.66 0.1729
207.27 460.18 244.68 227.82 0.1299
215.75 32.87 374.56 29.04 0.1165
170.22 60.31 183.39 94.46 0.1137
483.27 117.21 415.77 111.31 0.1060
128.31 108.86 117.05 145.04 0.0822
17.55 181.19 44.17 262.99 0.0746
108.61 442.83 157.09 245.17 0.0630
439.21 71.92 359.63 76.01 0.0528
82.46 314.76 70.24 247.67 0.0515
171.79 31.65 328.71 15.45 0.0507
161.02 24.33 197.17 36.33 0.0494
192.17 122.13 131.11 94.94 0.0463
357.66 28.79 373.74 41.13 0.0371
40.78 185.04 1.02 257.23 0.0342
82.87 127.38 59.82 104.49 0.0289
108.65 61.32 156.37 87.18 0.0286
41.42 233.84 1.02 279.95 0.0259
0.00 95.86 79.24 160.04 0.0220
24.82 456.07 29.99 231.93 0.0218
266.74 36.95 422.19 2.90 0.0214
15.06 7.56 28.39 64.94 0.0212
