17_Ceremony_Ceremony_17_415
17
94.21 69.58 471.31 391.96 0.9976
483.25 63.68 427.62 411.39 0.9733
22.94 62.89 247.59 565.58 0.7506
330.74 775.83 276.43 664.17 0.2778
90.14 0.00 230.78 405.69 0.1043
356.37 155.32 389.21 322.78 0.1008
146.86 649.58 216.53 734.24 0.0463
343.38 616.81 397.62 610.92 0.0409
486.73 273.53 311.59 533.38 0.0379
109.47 195.60 239.31 556.93 0.0341
206.60 590.45 348.95 618.97 0.0332
48.58 256.67 235.25 736.98 0.0281
530.42 13.62 133.90 172.74 0.0266
0.00 11.34 220.84 369.08 0.0221
514.15 621.57 347.11 745.56 0.0215
540.02 79.84 197.86 159.45 0.0208
45.49 0.00 78.60 77.79 0.0205
