52_Photographers_taketouristphotos_52_51
50
442.41 928.39 43.45 89.41 0.3864
441.32 832.61 34.80 67.66 0.2797
323.33 747.44 37.04 71.10 0.2679
388.60 746.21 48.75 70.95 0.2285
404.98 1003.01 42.76 101.41 0.1779
205.07 283.89 346.20 314.07 0.1599
412.79 954.85 39.73 80.40 0.1452
399.67 1031.71 56.49 133.86 0.1412
303.22 715.65 52.73 84.61 0.1368
475.29 1060.54 54.72 104.78 0.1296
489.95 1094.95 48.14 85.87 0.1283
840.42 705.43 29.77 47.50 0.1139
412.13 907.67 46.13 72.83 0.1134
373.67 765.34 38.95 91.87 0.1130
406.98 710.25 66.40 94.71 0.1124
297.64 858.16 32.69 75.09 0.1100
118.64 61.49 559.93 659.47 0.1084
791.42 612.72 45.36 74.24 0.1071
430.46 755.33 39.44 59.80 0.1062
309.11 594.57 168.53 162.93 0.1014
311.82 651.39 63.99 71.57 0.0940
464.90 703.11 59.47 97.99 0.0930
919.53 709.56 19.72 52.36 0.0895
888.15 709.70 23.25 48.75 0.0893
477.42 1173.92 30.69 85.98 0.0881
177.62 833.16 92.15 196.04 0.0855
463.20 790.16 53.08 119.77 0.0826
775.31 642.00 42.61 80.21 0.0811
831.22 653.21 37.74 59.45 0.0809
770.19 1276.37 30.42 80.73 0.0778
451.85 834.89 54.82 103.33 0.0772
404.75 836.74 41.37 78.87 0.0731
484.25 978.98 59.98 104.73 0.0729
302.48 786.31 38.67 91.33 0.0728
818.78 613.85 49.57 72.48 0.0702
284.92 599.47 114.60 97.74 0.0701
0.67 5.51 43.57 111.77 0.0670
332.56 565.47 219.00 253.57 0.0649
432.42 1118.28 57.75 115.66 0.0635
185.05 823.43 229.87 537.61 0.0597
800.19 704.53 48.07 57.63 0.0597
438.96 1219.00 39.58 93.80 0.0594
331.12 853.20 38.68 85.92 0.0585
960.22 617.56 42.39 101.11 0.0583
1000.88 499.88 16.22 58.24 0.0565
962.62 605.18 32.20 68.77 0.0557
431.61 616.64 137.94 216.60 0.0555
476.29 740.91 39.21 68.91 0.0553
844.36 743.56 27.81 58.97 0.0545
517.27 266.00 148.21 266.44 0.0508
