10_People_Marching_People_Marching_2_404
35
220.42 235.08 370.66 236.02 0.9977
365.19 273.38 332.61 319.33 0.9942
522.47 234.42 366.63 226.82 0.9928
172.99 219.34 218.45 251.96 0.9879
131.98 279.30 368.90 313.47 0.8612
112.19 272.12 177.13 322.62 0.8368
376.16 195.22 331.89 241.37 0.3309
173.09 317.12 180.67 354.88 0.2769
49.95 255.98 82.41 124.72 0.1387
528.79 165.57 495.21 217.99 0.1254
69.93 270.16 103.44 135.54 0.0570
25.69 222.23 67.01 129.31 0.0501
54.22 203.13 80.67 118.11 0.0451
459.85 231.55 140.08 98.80 0.0393
531.50 207.81 129.32 115.11 0.0352
263.30 178.22 377.31 169.58 0.0322
683.92 269.07 128.03 123.86 0.0319
313.61 375.13 295.79 296.87 0.0317
346.70 276.93 136.52 109.21 0.0306
265.64 276.66 139.01 117.61 0.0296
83.63 185.06 101.99 141.65 0.0295
610.39 213.21 129.93 113.49 0.0281
449.74 265.82 130.46 117.00 0.0268
684.91 200.84 130.78 120.24 0.0245
133.28 266.95 132.83 126.11 0.0241
44.74 391.40 83.50 150.19 0.0235
276.71 235.87 131.96 109.35 0.0233
397.09 197.71 131.08 118.91 0.0232
798.33 189.57 127.53 129.59 0.0228
769.63 266.05 147.64 118.56 0.0218
318.11 204.96 124.44 109.77 0.0212
467.67 380.39 268.06 291.61 0.0211
836.70 161.37 122.16 111.81 0.0205
38.15 326.30 88.89 120.71 0.0205
816.89 50.02 158.45 68.93 0.0202
