10_People_Marching_People_Marching_2_316
22
55.86 143.24 240.43 355.29 0.2622
0.00 43.05 332.70 299.67 0.1872
350.48 74.92 432.02 186.40 0.1822
530.10 257.60 340.97 349.06 0.1769
184.66 89.75 412.24 176.74 0.1062
145.60 264.95 228.71 339.62 0.0932
119.39 222.13 409.44 284.81 0.0799
494.12 115.08 529.88 198.77 0.0512
274.20 268.69 372.27 351.31 0.0503
416.92 153.67 378.80 277.79 0.0491
131.23 121.98 359.71 228.55 0.0476
517.79 37.29 506.21 183.60 0.0459
47.88 406.07 96.46 161.22 0.0422
297.62 113.01 367.43 245.41 0.0398
819.55 14.78 182.50 73.67 0.0390
53.19 272.22 211.25 434.78 0.0360
49.70 166.37 93.79 125.57 0.0341
0.00 21.09 179.31 179.74 0.0321
24.99 229.11 73.67 145.78 0.0274
71.70 33.34 333.32 180.12 0.0268
475.21 49.43 158.48 87.00 0.0208
679.23 50.77 189.67 83.91 0.0205
