21_Festival_Festival_21_378
181
510.99 260.87 358.76 293.65 0.9098
238.94 226.73 350.02 264.19 0.9037
381.87 249.09 328.89 286.61 0.8718
154.36 253.77 197.71 313.22 0.7947
537.86 204.87 486.14 245.77 0.5314
358.14 175.02 372.08 214.54 0.3015
139.25 173.13 361.29 218.10 0.2375
402.87 346.63 287.57 375.90 0.1211
630.12 354.45 393.88 259.99 0.1205
50.05 233.01 76.40 160.53 0.1157
252.66 360.73 280.14 383.80 0.1096
120.87 306.79 169.95 390.64 0.1063
68.30 234.01 150.38 368.81 0.1055
858.26 275.29 165.74 303.09 0.0854
162.30 409.14 202.79 358.86 0.0739
535.87 475.92 305.56 292.08 0.0738
28.15 255.64 67.06 172.75 0.0737
33.01 208.81 60.97 134.85 0.0700
44.95 227.29 157.53 99.58 0.0666
54.02 187.58 84.47 115.75 0.0661
615.33 211.61 118.64 127.51 0.0619
252.41 215.96 118.94 124.10 0.0610
405.82 223.89 104.22 166.51 0.0593
134.10 217.61 132.61 118.09 0.0581
643.46 243.26 132.90 129.67 0.0580
746.83 236.92 134.74 130.37 0.0575
530.31 223.48 161.07 113.00 0.0568
817.04 241.57 140.18 125.48 0.0568
20.27 59.81 68.34 139.82 0.0565
317.82 232.36 111.50 151.02 0.0564
116.25 165.58 170.58 287.84 0.0563
688.67 229.33 125.26 111.52 0.0543
428.42 215.72 129.62 126.02 0.0543
3.79 240.49 62.70 131.75 0.0542
539.51 521.67 118.10 153.34 0.0529
495.69 241.42 143.85 143.49 0.0528
259.24 522.70 111.66 161.62 0.0525
332.26 224.64 154.81 101.54 0.0517
200.88 233.59 130.29 151.03 0.0513
56.34 17.08 71.47 153.02 0.0500
576.76 486.07 114.72 156.91 0.0494
22.62 113.05 65.01 166.53 0.0490
63.98 292.58 72.06 154.83 0.0485
225.34 497.38 113.90 145.90 0.0477
434.53 256.76 107.81 173.92 0.0476
783.21 270.66 136.19 132.13 0.0476
648.38 293.69 119.23 157.51 0.0475
356.10 268.49 124.84 137.30 0.0475
473.36 529.12 112.87 141.02 0.0471
281.02 495.94 153.61 121.11 0.0470
607.80 541.17 120.35 142.90 0.0469
124.89 260.36 126.60 145.33 0.0469
711.71 270.67 135.46 133.41 0.0463
0.00 225.21 37.37 123.03 0.0454
57.82 266.04 136.07 143.67 0.0454
490.84 193.59 148.31 99.23 0.0451
48.62 114.88 80.99 150.50 0.0450
834.71 290.89 113.20 156.61 0.0431
1.63 172.53 60.37 128.21 0.0431
510.13 290.58 108.83 186.02 0.0430
631.65 189.61 158.50 102.67 0.0430
587.52 360.54 106.45 176.13 0.0429
760.64 292.60 109.92 152.44 0.0429
855.41 460.31 91.66 164.74 0.0422
581.53 246.73 121.08 179.25 0.0421
273.73 277.82 130.51 121.25 0.0417
0.00 6.65 70.58 124.58 0.0413
422.17 140.86 122.45 128.89 0.0410
812.07 476.93 99.42 140.64 0.0408
833.38 416.60 113.59 129.13 0.0405
487.83 494.21 154.05 134.28 0.0405
325.95 292.46 98.16 150.96 0.0404
83.82 185.59 167.03 104.99 0.0402
805.65 320.71 102.20 162.84 0.0398
789.15 583.59 127.86 180.09 0.0394
440.46 495.50 114.48 145.34 0.0392
618.26 439.38 114.32 167.45 0.0390
251.90 189.21 163.42 101.86 0.0386
684.40 529.61 120.16 165.91 0.0385
599.92 126.85 114.08 135.83 0.0385
171.66 495.88 128.19 116.86 0.0381
256.13 293.59 98.48 154.11 0.0381
183.05 270.85 105.78 179.03 0.0380
648.82 569.53 115.23 149.29 0.0378
614.72 330.40 119.52 160.81 0.0377
374.09 443.72 99.09 143.56 0.0373
353.03 496.75 125.74 142.33 0.0372
0.00 84.19 234.18 198.60 0.0365
753.30 566.49 121.43 146.71 0.0363
717.46 594.11 118.35 170.22 0.0362
548.51 330.49 109.22 169.11 0.0357
647.85 489.48 120.20 151.12 0.0354
780.42 523.34 110.43 113.71 0.0351
764.26 376.36 123.11 131.89 0.0350
207.03 197.48 124.59 112.28 0.0347
217.79 321.32 110.22 174.45 0.0347
134.74 117.27 374.83 164.19 0.0345
398.67 534.08 112.06 129.83 0.0343
54.84 16.51 114.64 71.95 0.0342
479.25 144.72 104.07 131.98 0.0340
732.89 329.51 105.95 146.29 0.0339
414.45 452.60 99.99 146.15 0.0337
69.73 0.00 136.28 42.49 0.0336
425.66 141.16 385.15 161.13 0.0335
32.22 38.89 217.74 81.72 0.0333
43.15 343.30 193.72 424.70 0.0330
558.84 400.40 101.07 168.06 0.0328
0.00 76.63 59.30 156.70 0.0328
0.00 0.00 125.22 51.96 0.0328
582.85 582.31 108.92 177.40 0.0326
839.09 559.58 114.58 135.53 0.0326
415.33 73.57 189.72 101.65 0.0323
331.97 150.52 167.64 103.20 0.0320
374.33 328.07 139.76 108.93 0.0319
723.66 192.44 166.45 110.85 0.0318
286.47 582.93 118.23 172.24 0.0317
559.84 138.27 93.34 148.81 0.0316
118.49 510.48 108.05 125.81 0.0314
446.48 91.23 120.59 135.35 0.0309
190.24 529.95 115.10 146.44 0.0300
78.89 552.80 154.49 120.16 0.0299
646.74 398.26 123.37 165.64 0.0298
705.50 145.05 100.50 128.98 0.0296
660.35 360.65 157.60 104.95 0.0294
514.28 375.69 113.28 177.58 0.0291
322.67 551.35 124.97 163.67 0.0287
716.78 514.34 108.47 122.18 0.0286
305.26 347.06 95.59 145.11 0.0285
399.78 43.18 168.27 96.75 0.0284
180.58 376.00 117.92 160.79 0.0283
237.27 364.15 146.86 102.96 0.0282
329.74 413.58 113.55 112.51 0.0278
849.42 216.17 152.96 104.12 0.0274
0.00 684.82 46.86 83.18 0.0269
29.52 341.38 54.89 140.67 0.0267
633.20 124.55 154.58 109.71 0.0266
460.87 348.49 137.82 143.06 0.0266
406.28 583.11 99.58 170.68 0.0265
86.63 320.67 136.22 116.53 0.0263
210.91 430.76 108.46 127.58 0.0263
406.38 374.04 105.62 163.59 0.0261
102.33 0.00 95.24 119.59 0.0261
29.57 143.51 170.47 107.44 0.0260
225.02 574.08 110.37 193.92 0.0260
742.10 0.00 281.90 168.55 0.0259
734.93 395.80 117.16 185.88 0.0259
254.98 435.09 131.56 150.07 0.0258
750.64 133.51 84.94 135.01 0.0258
0.00 292.53 36.39 122.39 0.0258
444.99 563.17 101.10 197.14 0.0251
22.69 606.64 66.53 161.36 0.0245
904.88 0.00 119.12 208.24 0.0244
42.57 63.28 122.19 158.20 0.0244
455.26 409.35 102.60 156.80 0.0240
0.00 589.15 70.54 139.42 0.0240
527.09 88.12 98.56 153.34 0.0237
922.26 225.39 101.74 160.12 0.0236
345.00 605.63 122.29 157.33 0.0235
854.83 615.00 91.69 153.00 0.0235
510.72 589.09 115.03 172.34 0.0234
339.28 360.15 136.77 121.97 0.0233
136.87 332.68 109.34 143.51 0.0232
594.99 70.42 224.60 87.92 0.0229
649.31 57.25 86.59 132.93 0.0226
452.85 0.00 181.31 30.67 0.0225
100.58 0.00 219.25 18.50 0.0224
20.88 387.56 70.86 153.17 0.0220
775.39 696.61 168.42 71.39 0.0220
880.36 319.85 107.48 160.17 0.0220
0.00 684.26 117.79 83.74 0.0220
533.59 113.99 490.41 176.42 0.0220
945.58 0.00 78.42 14.50 0.0219
639.94 625.20 91.26 142.80 0.0213
21.33 525.38 85.56 131.30 0.0212
697.21 699.07 178.87 68.93 0.0212
852.58 279.12 171.42 67.98 0.0211
154.73 533.92 103.66 193.31 0.0210
487.33 36.25 90.18 150.91 0.0209
330.92 690.83 182.70 77.17 0.0205
958.12 0.00 65.88 85.91 0.0203
550.98 693.42 170.36 74.58 0.0203
