57_Angler_peoplefishing_57_1012
49
631.31 189.98 127.32 155.40 0.8448
399.39 171.20 89.06 90.18 0.7729
216.41 310.34 67.97 76.93 0.6324
687.99 655.05 35.42 34.24 0.2048
735.11 428.94 40.93 60.76 0.1943
551.80 628.53 73.67 45.88 0.1838
382.11 506.67 62.25 80.27 0.1727
275.86 567.15 46.83 60.08 0.1454
210.28 261.05 86.69 106.82 0.1364
403.39 115.04 98.98 123.67 0.1344
216.69 400.97 116.87 192.02 0.1257
551.10 511.61 36.94 42.62 0.1158
518.65 516.38 57.69 71.35 0.1035
737.12 414.73 65.38 101.82 0.1020
540.24 529.80 52.01 62.24 0.0984
467.60 406.05 58.31 92.43 0.0972
348.16 444.55 103.02 156.79 0.0796
555.25 511.24 58.67 62.20 0.0791
702.13 428.45 44.47 63.52 0.0781
773.71 422.62 76.16 141.15 0.0760
450.15 208.35 71.26 103.11 0.0759
762.23 394.09 44.64 73.00 0.0756
774.72 377.60 41.11 52.83 0.0746
585.13 249.38 74.71 86.78 0.0736
847.74 236.96 32.58 33.84 0.0695
521.95 488.76 48.83 49.42 0.0684
510.53 617.13 82.43 59.54 0.0662
842.34 206.82 58.36 55.01 0.0640
669.14 658.45 48.67 44.44 0.0637
389.25 569.63 92.83 79.29 0.0632
513.00 249.66 42.07 64.53 0.0588
886.22 506.21 35.74 62.76 0.0584
506.67 446.22 44.64 66.59 0.0581
881.72 536.92 33.02 58.00 0.0579
697.37 428.33 72.49 117.66 0.0575
308.19 498.83 109.47 132.67 0.0567
403.99 476.61 64.17 93.49 0.0563
809.88 442.94 60.44 99.46 0.0558
686.91 711.64 46.73 47.06 0.0555
360.67 549.20 79.52 95.40 0.0547
284.57 402.67 124.81 191.62 0.0543
944.43 450.42 36.43 61.52 0.0541
320.20 226.85 78.62 86.42 0.0531
304.84 571.95 54.81 65.05 0.0525
916.34 299.09 29.87 40.29 0.0523
160.70 177.74 127.09 92.77 0.0521
502.87 216.86 55.29 67.95 0.0516
899.87 113.87 70.85 70.45 0.0503
261.92 343.50 82.54 100.29 0.0500
