57_Angler_peoplefishing_57_15
77
685.99 158.73 30.56 31.45 0.1832
480.56 283.24 18.42 27.66 0.1714
671.54 163.73 31.89 34.36 0.1708
432.05 160.25 32.68 29.74 0.1600
414.07 149.35 28.70 25.37 0.1563
472.19 381.19 24.25 23.46 0.1499
670.60 174.71 37.66 53.68 0.1376
579.88 288.71 26.80 26.98 0.1363
147.82 328.29 144.53 62.65 0.1251
452.94 488.61 34.25 36.24 0.1159
208.44 339.16 79.57 45.46 0.1156
586.57 381.95 26.29 32.36 0.1133
664.28 246.83 25.36 46.55 0.1025
560.50 382.70 24.83 30.78 0.1021
594.02 365.12 18.74 24.58 0.0995
450.28 452.74 19.54 20.58 0.0993
698.89 403.81 26.40 30.27 0.0964
581.34 303.43 25.93 27.62 0.0953
447.95 437.22 18.31 20.27 0.0949
426.93 180.17 42.73 60.97 0.0936
511.19 458.88 40.70 49.57 0.0925
505.90 475.87 43.44 54.57 0.0901
668.88 224.94 30.66 50.05 0.0899
578.36 390.92 32.35 38.09 0.0892
480.92 456.16 30.23 29.49 0.0873
561.77 390.00 36.91 37.80 0.0845
705.04 466.96 19.22 34.11 0.0838
557.67 428.24 23.71 25.85 0.0808
594.18 332.42 16.67 23.74 0.0793
548.06 452.96 29.70 33.24 0.0783
623.07 262.63 37.96 45.88 0.0763
84.15 416.29 147.21 93.93 0.0742
589.28 268.32 24.28 35.13 0.0731
457.24 156.62 46.33 31.12 0.0728
448.84 501.94 42.84 41.56 0.0718
439.82 275.20 30.06 41.12 0.0716
696.94 454.04 24.81 40.80 0.0715
686.85 421.45 33.71 37.15 0.0710
21.90 412.95 91.60 83.89 0.0709
632.96 479.33 25.51 25.81 0.0704
405.64 459.78 23.63 19.64 0.0696
518.39 359.95 25.19 26.77 0.0665
668.01 426.74 38.50 45.91 0.0664
588.20 453.48 34.17 38.86 0.0657
556.80 555.03 18.32 16.12 0.0657
405.03 521.64 34.38 25.23 0.0652
408.19 241.17 21.46 32.45 0.0646
446.72 555.42 20.09 13.52 0.0645
697.96 244.04 29.80 48.49 0.0633
564.30 284.36 30.41 25.74 0.0621
450.47 384.23 25.42 23.67 0.0620
701.63 275.51 23.04 35.11 0.0619
559.40 331.22 20.95 29.08 0.0619
559.32 360.05 23.84 28.38 0.0612
433.51 124.61 49.06 48.28 0.0606
721.77 470.91 33.20 35.94 0.0606
362.29 527.10 46.25 30.18 0.0606
516.28 379.94 29.34 28.12 0.0604
188.34 425.35 95.89 73.92 0.0599
679.44 189.80 48.08 80.64 0.0590
120.69 421.19 85.48 61.98 0.0579
426.77 218.62 47.30 61.67 0.0567
759.53 395.82 57.22 50.15 0.0566
550.47 517.21 27.69 27.30 0.0563
512.95 510.93 31.85 34.59 0.0562
414.84 179.64 35.76 40.81 0.0560
464.47 142.70 42.85 26.02 0.0555
580.17 415.65 33.60 38.83 0.0552
638.36 0.00 151.13 53.86 0.0551
431.89 247.52 44.46 64.76 0.0532
610.62 374.80 40.91 43.34 0.0523
541.51 491.81 34.73 36.96 0.0521
46.57 340.80 129.02 57.20 0.0518
706.88 483.23 24.72 40.21 0.0517
79.30 329.68 151.91 58.79 0.0505
752.55 423.46 107.60 91.39 0.0505
562.96 269.37 23.21 30.74 0.0501
