39_Ice_Skating_iceskiing_39_351
200
927.93 0.00 81.01 66.62 0.1923
50.52 202.36 80.27 66.21 0.1921
50.63 67.37 80.16 66.21 0.1920
50.63 314.87 80.16 66.21 0.1920
50.58 112.34 80.22 66.25 0.1920
50.52 247.34 80.28 66.24 0.1920
50.43 157.31 80.37 66.29 0.1919
891.66 404.83 80.14 66.20 0.1918
50.63 359.87 80.12 66.19 0.1918
50.63 517.37 80.12 66.19 0.1918
818.26 67.13 80.61 66.60 0.1917
781.68 89.56 80.63 66.68 0.1917
379.40 67.06 80.72 66.68 0.1917
928.15 404.81 80.49 66.42 0.1917
50.30 0.00 80.83 66.43 0.1916
928.18 44.78 80.47 66.48 0.1916
50.66 404.91 80.09 66.15 0.1916
50.66 449.91 80.09 66.15 0.1916
928.21 494.90 80.39 66.35 0.1915
928.14 202.29 80.51 66.45 0.1915
525.45 0.00 81.16 66.61 0.1915
379.33 157.04 80.79 66.70 0.1915
86.55 0.00 81.19 66.62 0.1915
598.55 0.00 81.19 66.62 0.1915
708.29 0.00 81.19 66.62 0.1915
891.43 0.00 80.77 66.45 0.1915
13.61 0.00 80.80 66.33 0.1915
781.61 44.54 80.72 66.77 0.1915
379.39 112.04 80.74 66.78 0.1915
928.09 247.30 80.52 66.45 0.1915
415.65 0.00 81.25 66.63 0.1915
671.68 0.00 81.24 66.64 0.1915
159.73 0.00 81.16 66.60 0.1914
196.31 0.00 81.16 66.60 0.1914
232.88 0.00 81.16 66.60 0.1914
415.90 67.06 80.69 66.67 0.1914
781.60 292.04 80.79 66.83 0.1914
818.18 292.04 80.88 66.83 0.1914
854.75 314.54 80.88 66.83 0.1914
379.17 0.00 81.13 66.61 0.1914
744.89 0.00 81.16 66.63 0.1914
928.10 337.32 80.52 66.48 0.1914
488.88 0.00 81.15 66.60 0.1913
562.02 0.00 81.15 66.60 0.1913
269.69 89.61 80.62 66.63 0.1913
598.83 202.11 80.62 66.63 0.1913
635.12 0.00 81.19 66.61 0.1913
562.19 179.61 80.68 66.62 0.1913
342.83 89.61 80.71 66.63 0.1913
562.26 134.61 80.71 66.63 0.1913
306.26 179.61 80.71 66.63 0.1913
489.12 179.61 80.71 66.63 0.1913
342.83 202.11 80.71 66.63 0.1913
123.12 0.00 81.19 66.62 0.1913
928.21 112.40 80.40 66.35 0.1913
269.47 0.00 81.13 66.60 0.1913
342.62 0.00 81.13 66.60 0.1913
415.90 134.54 80.70 66.70 0.1913
452.22 0.00 81.25 66.62 0.1913
635.40 67.04 80.73 66.70 0.1913
671.97 67.04 80.73 66.70 0.1913
745.11 67.16 80.64 66.59 0.1913
671.97 112.04 80.73 66.70 0.1913
708.54 112.04 80.73 66.70 0.1913
306.25 134.54 80.73 66.70 0.1913
342.83 157.04 80.73 66.70 0.1913
598.83 157.04 80.73 66.70 0.1913
635.40 157.04 80.73 66.70 0.1913
525.68 179.54 80.73 66.70 0.1913
379.40 202.04 80.73 66.70 0.1913
415.97 202.04 80.73 66.70 0.1913
269.68 224.54 80.73 66.70 0.1913
306.25 224.54 80.73 66.70 0.1913
854.63 0.00 81.13 66.58 0.1913
562.19 89.54 80.79 66.70 0.1913
269.62 179.61 80.70 66.69 0.1913
123.33 404.54 80.79 66.70 0.1913
781.48 0.00 81.12 66.59 0.1913
891.67 179.84 80.08 66.15 0.1913
13.82 314.94 80.23 66.14 0.1913
306.05 0.00 81.10 66.62 0.1912
306.27 67.17 80.71 66.55 0.1912
781.88 539.74 80.43 66.44 0.1912
489.11 67.04 80.74 66.77 0.1912
452.54 89.54 80.74 66.77 0.1912
598.82 89.54 80.74 66.77 0.1912
489.11 112.04 80.74 66.77 0.1912
525.68 112.04 80.74 66.77 0.1912
635.40 112.04 80.74 66.77 0.1912
452.54 134.54 80.74 66.77 0.1912
635.40 202.04 80.74 66.77 0.1912
86.82 382.04 80.74 66.77 0.1912
159.91 404.53 80.76 66.72 0.1912
342.76 44.54 80.81 66.77 0.1912
525.61 67.04 80.81 66.77 0.1912
891.59 224.74 80.30 66.34 0.1912
854.82 67.05 80.74 66.68 0.1912
854.75 247.05 80.88 66.83 0.1912
671.86 247.03 80.86 66.82 0.1912
123.40 337.04 80.72 66.79 0.1912
671.90 157.04 80.78 66.79 0.1911
306.19 269.54 80.78 66.79 0.1911
891.49 269.70 80.41 66.43 0.1911
159.90 337.04 80.78 66.79 0.1911
123.33 449.54 80.78 66.79 0.1911
891.65 449.81 80.11 66.19 0.1911
781.56 224.53 80.84 66.85 0.1911
818.13 224.53 80.84 66.85 0.1911
818.05 0.00 81.13 66.59 0.1911
13.87 269.95 80.18 66.13 0.1911
123.39 292.06 80.73 66.73 0.1911
123.63 539.73 80.33 66.42 0.1911
452.48 292.09 80.79 66.72 0.1911
671.91 449.59 80.79 66.72 0.1911
269.62 494.59 80.79 66.72 0.1911
306.19 494.59 80.79 66.72 0.1911
525.62 494.59 80.79 66.72 0.1911
562.19 494.59 80.79 66.72 0.1911
598.76 494.59 80.79 66.72 0.1911
671.91 494.59 80.79 66.72 0.1911
269.68 44.57 80.64 66.71 0.1911
928.10 292.22 80.53 66.59 0.1911
598.72 337.07 80.82 66.75 0.1911
708.44 517.07 80.82 66.75 0.1911
159.94 494.56 80.78 66.75 0.1911
196.52 494.56 80.78 66.75 0.1911
13.86 224.87 80.19 66.20 0.1911
489.04 314.51 80.80 66.80 0.1911
342.76 517.01 80.80 66.80 0.1911
745.11 112.04 80.63 66.70 0.1911
562.15 337.00 80.84 66.82 0.1911
781.67 337.04 80.71 66.82 0.1911
891.56 337.23 80.32 66.37 0.1911
708.53 44.56 80.76 66.77 0.1910
233.10 202.06 80.76 66.77 0.1910
342.76 247.04 80.76 66.70 0.1910
233.04 494.56 80.83 66.78 0.1910
452.54 179.54 80.73 66.70 0.1910
196.47 404.54 80.80 66.76 0.1910
928.21 449.83 80.40 66.43 0.1910
818.24 382.06 80.69 66.72 0.1910
854.82 382.06 80.69 66.72 0.1910
781.64 134.58 80.71 66.68 0.1910
708.49 224.62 80.73 66.67 0.1910
708.49 337.12 80.73 66.67 0.1910
489.06 359.62 80.73 66.67 0.1910
708.49 382.12 80.73 66.67 0.1910
745.06 382.12 80.73 66.67 0.1910
233.12 89.55 80.71 66.67 0.1910
635.40 247.04 80.71 66.78 0.1910
452.42 516.97 80.88 66.87 0.1910
708.48 157.04 80.78 66.77 0.1910
452.48 224.54 80.78 66.77 0.1910
598.76 247.04 80.78 66.77 0.1910
196.48 337.04 80.78 66.77 0.1910
854.79 427.09 80.75 66.70 0.1910
123.33 67.04 80.76 66.72 0.1910
708.47 472.09 80.76 66.68 0.1910
13.82 112.41 80.26 66.19 0.1910
269.61 134.54 80.81 66.77 0.1910
928.22 157.33 80.38 66.40 0.1910
745.06 224.55 80.75 66.75 0.1910
708.49 269.55 80.75 66.75 0.1910
745.06 269.55 80.75 66.75 0.1910
306.19 314.53 80.81 66.79 0.1910
452.49 359.55 80.75 66.75 0.1910
781.63 382.05 80.75 66.75 0.1910
489.06 224.55 80.76 66.74 0.1909
379.35 247.05 80.76 66.74 0.1909
233.06 314.55 80.76 66.74 0.1909
818.19 337.04 80.77 66.83 0.1909
525.62 382.09 80.78 66.72 0.1909
708.50 427.11 80.73 66.67 0.1909
745.27 539.77 80.40 66.36 0.1909
415.96 269.56 80.76 66.73 0.1909
854.82 112.13 80.74 66.68 0.1909
123.31 224.57 80.81 66.73 0.1909
306.17 359.57 80.81 66.73 0.1909
598.74 427.07 80.81 66.73 0.1909
635.31 472.07 80.81 66.73 0.1909
86.76 112.04 80.78 66.79 0.1909
13.78 157.39 80.32 66.22 0.1909
379.47 539.69 80.48 66.55 0.1909
745.06 179.59 80.78 66.72 0.1909
781.63 179.59 80.78 66.72 0.1909
818.20 179.59 80.78 66.72 0.1909
525.63 314.59 80.78 66.72 0.1909
635.31 314.53 80.84 66.78 0.1909
671.91 314.59 80.78 66.72 0.1909
342.77 337.09 80.78 66.72 0.1909
379.34 337.09 80.78 66.72 0.1909
415.90 359.52 80.80 66.80 0.1909
635.34 359.59 80.78 66.72 0.1909
598.77 382.09 80.78 66.72 0.1909
671.91 382.09 80.78 66.72 0.1909
635.34 404.59 80.78 66.72 0.1909
489.06 494.59 80.78 66.72 0.1909
13.88 359.94 80.16 66.13 0.1909
14.04 540.01 79.91 65.93 0.1909
489.27 539.70 80.40 66.52 0.1909
