3_Riot_Riot_3_542
22
150.82 275.77 353.63 292.29 0.5256
67.68 215.14 77.33 272.72 0.4902
174.32 297.04 160.90 251.12 0.4778
25.42 210.15 28.34 277.16 0.4159
115.77 209.68 129.81 283.48 0.4075
49.80 341.14 123.11 290.84 0.3550
311.90 259.53 467.05 329.03 0.3126
115.14 344.74 133.56 285.43 0.2825
425.34 354.90 392.64 413.10 0.2736
10.82 265.50 56.94 318.98 0.2193
126.77 189.93 255.08 203.06 0.1200
237.52 435.73 331.30 332.27 0.1071
560.47 192.05 463.53 311.46 0.0978
584.62 337.66 357.57 321.63 0.0596
96.20 348.81 39.55 271.11 0.0556
39.20 317.76 1.02 337.17 0.0481
31.61 195.19 1.02 177.27 0.0437
0.04 108.71 76.66 184.11 0.0390
158.38 341.44 209.68 426.56 0.0382
565.54 125.28 458.46 155.54 0.0335
11.46 396.83 52.45 338.04 0.0234
266.61 182.01 407.32 228.67 0.0233
