54_Rescue_rescuepeople_54_143
40
246.15 140.61 44.09 59.12 0.7068
391.29 65.35 47.14 71.44 0.3559
367.91 71.06 59.43 87.85 0.3508
826.77 478.29 96.54 56.83 0.2869
429.35 85.87 32.80 39.94 0.2259
786.11 501.74 84.82 38.70 0.1986
320.78 116.93 56.72 91.94 0.1530
366.12 121.83 56.70 64.71 0.1482
337.87 84.44 36.18 59.07 0.1321
402.77 54.58 32.45 36.70 0.1186
870.45 459.87 95.50 51.19 0.1185
366.78 150.08 41.93 53.87 0.1076
927.34 431.47 93.35 63.86 0.1048
302.26 134.90 44.52 64.54 0.1017
422.21 96.76 42.71 50.04 0.1015
182.67 231.49 91.41 71.13 0.0995
471.45 190.18 25.38 30.54 0.0979
697.83 527.12 112.18 60.49 0.0954
785.75 516.93 78.13 45.92 0.0870
756.29 391.50 241.43 135.60 0.0867
474.24 216.49 25.79 29.62 0.0845
471.03 260.77 51.64 65.54 0.0819
474.46 228.78 34.41 40.82 0.0794
701.22 557.48 105.49 44.15 0.0782
204.88 180.98 95.99 124.66 0.0773
364.60 54.24 48.79 54.52 0.0768
503.39 66.93 63.08 52.02 0.0725
180.93 260.93 64.33 63.58 0.0711
822.84 510.51 94.72 50.24 0.0701
723.98 513.24 99.59 48.53 0.0688
388.47 154.11 49.67 62.50 0.0670
184.97 340.73 26.26 20.16 0.0665
343.30 250.65 73.40 63.73 0.0635
611.42 576.47 58.20 38.66 0.0627
478.53 77.25 26.37 26.19 0.0618
474.62 518.42 42.41 47.21 0.0594
432.92 166.50 42.34 60.95 0.0553
449.29 516.56 46.20 43.43 0.0552
288.30 165.39 41.03 59.29 0.0550
185.52 172.05 63.88 73.84 0.0523
