2_Demonstration_Demonstrators_2_314
23
281.11 282.15 387.73 310.41 0.4819
617.90 345.53 406.10 340.02 0.3940
148.62 272.89 216.48 330.81 0.3375
110.62 218.37 144.23 287.40 0.3374
69.31 438.34 85.48 305.65 0.3285
64.04 273.77 92.57 323.22 0.2995
96.98 347.75 169.42 328.11 0.2631
432.75 349.70 375.90 319.48 0.2597
22.63 362.98 32.19 303.99 0.2545
146.72 424.98 217.38 322.67 0.2226
24.31 221.70 29.49 272.71 0.1532
437.93 225.00 365.27 303.29 0.1463
208.21 404.13 387.18 356.70 0.1201
619.06 103.50 404.94 177.95 0.1057
11.38 474.32 43.60 315.68 0.0889
56.75 188.88 105.89 205.96 0.0634
162.09 200.53 187.60 186.01 0.0627
472.05 474.93 445.71 315.07 0.0625
626.53 186.86 397.47 357.87 0.0563
629.07 8.99 394.93 73.45 0.0421
300.32 202.70 349.96 175.99 0.0370
0.16 1.89 65.43 77.64 0.0334
459.80 203.05 318.79 168.38 0.0218
