2_Demonstration_Demonstration_Or_Protest_2_600
40
588.18 150.37 435.82 190.06 0.8650
590.36 367.87 433.64 320.61 0.6265
567.81 116.80 398.65 128.37 0.5764
67.43 160.56 86.37 301.12 0.5201
273.09 160.08 403.20 167.27 0.5172
278.94 114.34 389.43 128.39 0.5057
577.12 234.33 446.88 286.67 0.4897
115.61 168.00 134.02 285.31 0.4851
153.10 160.36 348.96 297.94 0.4646
165.96 167.71 181.66 152.07 0.4558
17.87 142.13 41.65 208.47 0.4285
531.51 156.66 325.97 298.55 0.3944
70.61 124.06 78.73 116.53 0.3679
594.27 78.83 429.73 81.04 0.3468
114.39 116.03 134.70 128.76 0.3443
168.13 115.83 175.34 128.87 0.3408
65.00 303.42 93.91 295.21 0.2962
21.78 245.05 32.64 276.01 0.2892
111.95 301.10 139.84 303.19 0.2565
168.89 241.85 173.18 275.17 0.2535
451.76 312.03 336.51 283.70 0.2467
211.98 373.40 380.30 301.20 0.2325
107.47 69.39 146.19 82.40 0.2083
223.01 64.04 355.48 98.04 0.2044
160.83 420.58 192.20 279.42 0.1902
161.77 66.56 190.51 89.72 0.1876
64.70 73.72 89.83 72.98 0.1867
455.56 120.47 337.15 112.34 0.1759
21.13 59.23 33.81 98.63 0.1656
20.70 388.05 30.03 266.18 0.1361
374.93 76.44 342.05 87.89 0.1293
368.48 424.92 360.53 275.08 0.1283
21.02 103.72 26.99 148.53 0.1268
459.55 165.22 327.10 150.97 0.1180
293.42 234.18 362.06 292.12 0.0990
2.88 7.18 62.66 62.29 0.0747
630.51 17.56 393.49 37.74 0.0527
35.76 17.57 144.84 40.67 0.0415
87.81 19.24 183.81 44.75 0.0387
151.57 21.05 353.21 48.76 0.0342
