2_Demonstration_Political_Rally_2_609
29
588.81 406.53 435.19 273.47 0.6670
442.53 415.42 355.40 264.58 0.4692
625.90 91.50 398.10 162.39 0.2981
114.92 154.63 427.93 164.12 0.2687
294.75 392.69 360.34 287.31 0.2656
424.74 107.28 394.65 137.06 0.1956
99.25 151.36 169.50 184.42 0.1922
65.38 169.88 91.94 269.43 0.1880
169.26 163.60 176.30 278.97 0.1727
209.48 297.73 381.08 288.04 0.1621
353.16 152.70 391.19 156.98 0.1559
65.23 357.82 89.65 293.66 0.1490
100.35 355.71 166.24 298.30 0.1478
201.23 112.19 400.77 144.63 0.1409
616.74 57.66 407.26 105.29 0.1352
22.95 179.09 29.37 253.37 0.1295
21.46 312.84 32.04 261.24 0.1043
168.77 358.61 175.44 292.38 0.1003
623.91 157.01 400.09 282.71 0.0969
172.14 111.72 172.32 151.11 0.0830
88.56 217.26 189.29 304.11 0.0803
303.41 170.16 341.88 252.66 0.0679
10.10 419.87 49.94 260.13 0.0555
642.56 10.60 381.44 57.26 0.0453
347.99 62.94 400.40 110.48 0.0384
509.12 315.58 374.45 272.52 0.0367
0.31 3.33 64.57 63.42 0.0331
18.90 97.66 33.37 153.45 0.0283
58.51 108.80 102.01 143.08 0.0270
