2_Demonstration_Protesters_2_493
42
591.79 47.91 432.21 71.26 0.8568
595.19 105.00 428.81 194.59 0.8391
600.73 177.51 423.27 266.22 0.7469
377.06 53.88 341.88 59.11 0.6968
158.65 54.65 339.01 60.89 0.6949
616.07 19.18 407.93 37.49 0.6250
125.92 59.68 113.42 51.51 0.6229
436.78 105.32 367.44 190.78 0.6217
77.89 110.66 65.06 181.70 0.6169
143.61 96.95 369.03 207.48 0.6050
125.07 111.51 115.28 181.46 0.5908
221.78 85.08 360.35 113.60 0.5792
283.06 124.87 384.68 258.81 0.5492
155.16 84.93 201.73 113.03 0.5447
361.02 21.34 371.37 28.17 0.5408
79.26 100.20 60.48 91.23 0.5236
510.62 85.89 369.15 114.52 0.5187
143.09 20.31 368.42 29.26 0.5167
78.54 66.49 61.63 46.89 0.5028
16.53 77.10 43.17 138.00 0.4969
182.28 117.70 148.47 268.76 0.4560
87.12 20.03 186.72 28.05 0.4367
20.66 53.15 33.14 71.80 0.3916
448.11 185.33 347.32 248.37 0.3517
382.62 90.15 330.41 103.75 0.3299
130.39 91.11 103.39 101.89 0.2896
22.00 116.25 29.01 269.98 0.2746
42.30 18.12 133.12 25.94 0.2697
605.00 295.66 419.00 262.61 0.2557
2.15 11.06 64.11 41.98 0.2481
525.79 17.69 346.29 24.00 0.2369
171.71 182.18 316.50 254.26 0.2159
126.97 176.63 117.25 254.94 0.1015
279.52 235.41 394.24 259.21 0.0953
10.62 358.95 50.16 217.05 0.0874
105.97 348.67 443.81 227.33 0.0822
79.06 339.72 208.79 236.28 0.0686
74.16 172.91 76.25 264.67 0.0559
34.59 341.11 145.96 234.89 0.0541
180.92 236.69 155.19 252.44 0.0534
423.00 284.47 398.51 275.39 0.0489
20.28 259.48 28.18 227.14 0.0206
