2_Demonstration_Political_Rally_2_823
19
620.36 98.68 403.64 204.46 0.1919
321.26 236.77 454.67 265.17 0.1677
608.37 190.52 415.63 249.54 0.1319
315.34 160.20 456.35 200.76 0.1124
628.11 31.78 395.89 122.28 0.0940
600.47 297.12 423.53 260.01 0.0750
276.64 138.78 402.51 131.41 0.0683
655.94 0.00 368.06 64.19 0.0544
0.00 375.02 139.52 199.98 0.0432
173.68 166.25 320.59 182.96 0.0420
0.00 0.00 70.97 61.93 0.0387
251.12 193.96 309.48 247.85 0.0369
0.00 254.09 138.63 237.36 0.0325
92.09 10.72 326.58 35.00 0.0302
0.00 100.93 108.28 201.44 0.0287
3.02 27.43 61.32 116.46 0.0246
131.84 73.84 397.52 144.94 0.0228
102.20 40.45 312.69 86.77 0.0227
425.63 340.48 390.07 234.52 0.0206
