2_Demonstration_Protesters_2_460
41
587.65 83.36 436.35 115.19 0.8532
599.00 193.43 425.00 246.99 0.8338
601.09 118.04 422.91 163.96 0.6983
594.22 62.06 429.78 75.03 0.6808
74.74 123.92 68.99 156.01 0.5669
169.14 88.67 174.99 106.50 0.5573
80.75 102.08 54.51 89.26 0.5234
129.95 92.27 106.31 101.44 0.5108
21.21 108.91 35.55 185.09 0.4842
200.77 91.19 397.43 100.46 0.4789
124.27 125.26 119.46 152.07 0.4742
172.35 117.78 169.31 164.21 0.4668
205.36 120.27 391.78 159.67 0.3868
535.61 236.82 317.29 267.78 0.3335
158.78 63.12 196.52 73.45 0.3077
119.06 66.30 126.11 65.53 0.3022
206.93 59.47 385.96 75.78 0.2723
444.42 91.06 356.49 110.83 0.2690
72.02 70.65 70.61 55.36 0.2604
74.22 185.44 73.87 248.43 0.2581
20.93 55.66 33.95 74.20 0.2340
21.58 83.64 25.89 121.07 0.2127
112.65 192.48 141.65 235.82 0.2010
24.02 192.66 28.60 240.81 0.1937
342.79 198.35 410.88 240.37 0.1852
599.84 302.40 424.16 242.66 0.1765
178.46 189.55 154.94 240.14 0.1765
624.67 17.38 399.33 34.69 0.1430
207.85 238.73 388.37 267.07 0.1387
438.77 56.19 365.01 78.98 0.1230
519.39 137.74 354.28 237.48 0.1178
0.00 6.76 68.87 49.38 0.0745
107.70 304.83 154.73 248.86 0.0683
22.48 318.74 28.37 225.71 0.0655
63.24 302.31 99.18 254.92 0.0611
172.84 311.74 168.99 264.26 0.0535
261.91 349.42 425.54 226.58 0.0421
202.65 15.83 397.97 37.53 0.0390
120.09 12.75 272.02 34.97 0.0345
28.91 13.53 156.29 30.37 0.0322
371.96 132.04 355.65 130.82 0.0252
