2_Demonstration_Demonstrators_2_414
35
596.64 48.28 427.36 84.98 0.8340
607.78 75.11 416.22 161.65 0.7721
137.79 52.87 383.34 74.03 0.6149
618.20 19.74 405.80 43.29 0.5828
123.64 60.72 118.52 60.80 0.5632
371.71 49.80 353.75 77.36 0.5549
139.25 22.14 230.54 29.77 0.5007
226.96 21.63 348.02 31.62 0.4999
364.98 19.92 364.94 35.37 0.4749
76.82 64.58 67.65 62.56 0.4663
73.21 94.10 75.41 128.29 0.4648
131.57 86.72 395.30 131.65 0.4320
123.20 93.37 121.76 126.53 0.4319
621.38 122.10 402.62 299.65 0.3963
17.72 67.10 42.88 182.35 0.3837
163.35 93.05 184.30 237.82 0.3793
19.89 48.86 36.15 95.58 0.3420
428.72 86.13 387.49 137.03 0.3344
48.10 20.81 123.05 26.54 0.2839
487.63 102.28 416.68 223.21 0.2776
212.45 91.16 377.79 239.11 0.2621
3.82 11.50 61.62 46.14 0.2414
93.19 19.92 183.98 25.65 0.1840
516.21 17.34 364.81 29.46 0.1601
120.70 139.92 124.34 257.82 0.1042
270.36 251.87 404.68 300.65 0.0911
71.24 125.72 84.05 289.27 0.0799
424.29 191.56 391.01 295.98 0.0790
25.86 88.41 22.45 250.60 0.0702
630.71 386.96 393.29 244.04 0.0525
5.84 398.08 57.00 232.92 0.0366
518.01 248.53 505.99 304.18 0.0357
150.59 187.49 360.48 320.30 0.0237
19.88 216.08 28.25 257.03 0.0232
161.79 253.40 197.68 308.51 0.0214
