2_Demonstration_Demonstration_Or_Protest_2_496
35
585.79 84.06 438.21 171.32 0.7063
586.81 60.30 437.19 100.92 0.5179
593.48 147.97 430.52 302.19 0.4005
122.37 50.26 267.16 86.59 0.3815
67.32 61.59 84.52 74.18 0.3320
75.61 20.09 212.61 38.15 0.3143
616.89 281.57 407.11 323.48 0.2729
64.70 99.99 91.31 138.43 0.2600
22.17 46.09 38.31 111.98 0.2517
412.40 100.17 415.40 136.74 0.2442
39.18 19.22 141.22 34.56 0.2439
218.14 51.65 368.24 103.41 0.2434
20.74 73.20 38.86 192.42 0.2224
4.78 10.96 63.68 52.25 0.2196
282.25 137.76 388.07 195.60 0.1916
132.63 89.98 247.08 153.55 0.1887
146.13 18.91 361.79 44.66 0.1749
384.91 64.48 469.10 94.50 0.1504
215.09 98.38 377.98 137.24 0.1503
622.10 17.11 401.90 52.38 0.1181
103.25 119.09 161.31 217.57 0.1087
431.90 288.68 378.33 302.98 0.1023
242.78 335.51 464.90 346.90 0.0793
206.21 206.15 393.84 334.62 0.0731
422.92 143.09 399.60 321.34 0.0595
107.91 219.76 150.07 312.13 0.0509
62.64 226.70 100.61 301.76 0.0490
22.93 244.37 25.64 266.84 0.0459
143.29 288.84 229.46 295.18 0.0386
8.79 434.14 52.40 249.86 0.0370
154.32 152.85 210.75 297.49 0.0334
163.73 409.71 334.16 274.29 0.0321
362.72 17.45 371.86 44.16 0.0252
22.49 376.13 27.30 270.05 0.0248
29.93 110.04 18.46 239.61 0.0223
