2_Demonstration_Demonstrators_2_712
18
598.93 374.70 425.07 270.74 0.8181
588.17 55.26 435.83 98.34 0.7256
601.30 82.89 422.70 165.12 0.7053
108.81 411.21 144.32 271.79 0.4732
160.94 417.30 187.35 265.70 0.4110
598.55 234.67 425.45 295.22 0.3983
65.26 404.09 91.50 278.91 0.3683
611.36 18.95 412.64 50.02 0.3193
219.06 415.08 361.06 267.92 0.3163
10.45 426.25 47.58 256.75 0.3030
426.89 407.96 386.21 275.04 0.2849
515.82 307.46 359.85 280.70 0.0607
148.62 325.04 360.66 243.75 0.0446
557.57 125.14 429.96 235.48 0.0437
117.64 322.47 132.75 241.26 0.0378
324.71 319.03 300.30 271.56 0.0350
0.00 0.00 101.54 89.31 0.0270
19.65 325.83 28.72 238.44 0.0231
