2_Demonstration_Demonstrators_2_545
26
600.23 286.55 423.77 325.39 0.6633
144.92 281.99 367.65 325.16 0.5508
122.72 279.91 120.90 323.06 0.5262
70.97 271.45 78.52 341.84 0.4731
151.05 236.91 208.26 287.70 0.3731
23.32 288.03 31.88 312.83 0.3651
625.68 420.14 398.32 357.62 0.3591
151.45 372.25 208.01 302.13 0.3493
137.03 423.00 384.74 362.14 0.3342
318.69 281.29 467.87 324.84 0.2691
612.33 178.17 411.67 221.66 0.2467
512.06 195.17 363.86 350.03 0.2349
113.41 415.23 146.46 380.33 0.1914
622.82 119.18 401.18 173.47 0.1865
19.20 439.83 33.88 327.33 0.1445
74.12 412.28 75.95 377.56 0.1325
97.37 204.99 170.34 188.06 0.0820
18.39 185.85 35.67 211.52 0.0799
210.24 211.93 381.67 179.28 0.0747
624.77 69.90 399.23 121.31 0.0740
52.96 201.93 113.86 190.78 0.0716
311.53 414.91 472.12 369.46 0.0564
648.01 10.60 375.99 66.92 0.0358
334.94 188.53 438.87 214.85 0.0346
0.00 1.89 67.59 79.42 0.0340
17.20 110.95 33.73 189.36 0.0226
