2_Demonstration_Demonstration_Or_Protest_2_799
25
602.19 286.55 421.81 306.13 0.7810
124.42 240.44 114.53 274.39 0.5973
172.01 242.14 163.72 271.65 0.5960
119.38 243.32 414.08 270.00 0.5616
74.48 233.17 73.64 288.16 0.5511
611.33 179.92 412.67 267.18 0.5487
372.22 231.91 347.75 293.39 0.4055
22.80 235.14 31.54 282.10 0.3541
437.65 168.63 364.70 156.15 0.1692
622.71 100.08 401.29 145.17 0.1336
306.19 160.75 339.12 172.51 0.1215
215.83 320.62 374.65 345.58 0.1133
610.57 49.25 413.43 113.48 0.0800
517.45 232.76 360.65 281.21 0.0590
168.13 165.94 176.74 166.16 0.0562
23.17 351.65 25.28 304.96 0.0555
415.04 316.00 411.49 357.34 0.0504
629.88 4.74 394.12 68.32 0.0503
15.51 153.69 37.36 181.38 0.0498
103.20 162.46 157.13 172.78 0.0470
0.00 0.26 68.34 70.31 0.0387
52.24 159.13 115.68 176.31 0.0365
428.57 117.08 380.65 131.13 0.0356
6.61 430.07 56.71 250.93 0.0280
214.03 112.04 371.43 136.98 0.0235
