2_Demonstration_Demonstrators_2_713
20
351.75 342.16 392.41 305.18 0.4250
500.61 281.10 523.39 301.12 0.3744
261.45 322.51 286.32 346.48 0.1835
635.38 384.57 388.62 365.97 0.1039
123.07 348.55 121.25 295.42 0.0620
174.32 334.98 163.41 321.48 0.0612
296.90 421.14 363.92 346.86 0.0490
344.00 221.63 404.59 294.22 0.0450
0.00 0.00 74.25 82.75 0.0413
60.49 341.12 93.83 308.46 0.0381
270.54 225.59 263.82 279.42 0.0373
17.83 357.24 42.00 281.29 0.0363
147.45 416.09 356.85 351.91 0.0351
7.36 486.18 56.68 281.82 0.0321
641.99 0.00 382.01 85.01 0.0313
452.05 452.56 342.35 315.44 0.0291
626.02 41.83 397.98 153.72 0.0284
634.54 93.84 389.46 202.27 0.0235
14.78 221.80 50.80 254.99 0.0226
17.55 34.51 45.43 157.71 0.0210
