37_Soccer_soccer_ball_37_74
200
927.82 0.00 81.24 153.36 0.1920
50.47 1138.70 80.41 152.91 0.1920
50.48 206.63 80.36 152.76 0.1919
50.48 569.12 80.36 152.76 0.1919
50.50 672.73 80.34 152.67 0.1918
50.50 776.30 80.34 152.67 0.1918
50.50 879.87 80.34 152.67 0.1918
50.50 983.44 80.34 152.67 0.1918
744.86 0.00 81.18 153.31 0.1918
525.47 0.00 81.23 153.29 0.1918
50.47 310.13 80.41 152.87 0.1918
50.47 413.71 80.41 152.87 0.1918
781.43 0.00 81.27 153.32 0.1918
708.28 0.00 81.22 153.36 0.1917
50.49 103.06 80.35 152.75 0.1917
13.79 724.79 80.22 152.11 0.1916
13.80 828.43 80.19 152.15 0.1916
488.90 0.00 81.13 153.29 0.1916
562.04 0.00 81.13 153.30 0.1915
598.61 0.00 81.13 153.30 0.1915
13.80 1190.90 80.22 152.18 0.1915
50.30 0.00 80.84 152.97 0.1915
13.81 1035.52 80.16 152.08 0.1915
635.14 0.00 81.19 153.33 0.1915
671.71 0.00 81.19 153.33 0.1915
13.74 103.34 80.24 152.29 0.1915
928.28 1242.54 80.21 152.68 0.1915
891.30 0.00 80.93 152.92 0.1915
928.12 983.36 80.53 153.17 0.1915
928.12 154.79 80.62 153.17 0.1914
452.46 102.52 80.79 153.81 0.1914
415.89 257.88 80.79 153.81 0.1914
196.46 465.02 80.79 153.81 0.1914
159.89 620.38 80.79 153.81 0.1914
233.03 1086.45 80.79 153.81 0.1914
13.80 206.89 80.21 152.20 0.1914
13.80 310.46 80.21 152.20 0.1914
13.80 414.03 80.21 152.20 0.1914
13.80 517.60 80.21 152.20 0.1914
13.80 621.17 80.21 152.20 0.1914
928.10 672.79 80.50 152.85 0.1914
13.80 931.95 80.18 152.24 0.1914
269.61 361.45 80.88 153.82 0.1914
233.03 413.24 80.88 153.82 0.1914
159.89 516.81 80.88 153.82 0.1914
891.61 621.05 80.27 152.46 0.1914
891.61 828.20 80.27 152.46 0.1914
891.60 724.62 80.19 152.46 0.1914
928.11 828.13 80.52 152.85 0.1914
123.27 723.91 80.84 153.88 0.1914
123.27 827.48 80.84 153.88 0.1914
123.27 568.55 80.93 153.88 0.1914
86.70 879.27 80.93 153.88 0.1914
123.27 931.05 80.93 153.88 0.1914
452.33 0.00 81.22 153.30 0.1913
818.01 0.00 81.27 153.37 0.1913
854.58 0.00 81.27 153.37 0.1913
928.10 517.42 80.54 153.01 0.1913
928.10 258.32 80.65 153.19 0.1913
928.10 361.89 80.65 153.19 0.1913
928.10 1086.89 80.65 153.19 0.1913
854.71 1190.05 80.93 153.81 0.1913
745.05 1034.63 80.81 153.73 0.1912
159.85 827.48 80.83 153.71 0.1912
525.85 1242.23 80.40 153.00 0.1912
562.43 1242.23 80.40 153.00 0.1912
452.46 206.10 80.79 153.80 0.1912
306.19 361.43 80.77 153.82 0.1912
342.76 361.43 80.77 153.82 0.1912
415.90 361.43 80.77 153.82 0.1912
196.46 568.60 80.79 153.80 0.1912
745.02 1190.09 80.80 153.59 0.1912
50.66 1242.66 80.00 152.14 0.1912
379.32 309.67 80.88 153.81 0.1912
196.47 1190.03 80.88 153.81 0.1912
671.97 1034.65 80.72 153.73 0.1912
891.49 102.88 80.41 152.89 0.1911
891.49 206.45 80.41 152.89 0.1911
891.49 310.02 80.41 152.89 0.1911
891.49 1086.81 80.41 152.89 0.1911
635.33 1138.22 80.78 153.72 0.1911
671.90 1138.22 80.78 153.72 0.1911
452.48 1190.00 80.78 153.72 0.1911
781.63 1190.12 80.78 153.57 0.1911
854.70 361.42 80.84 153.87 0.1911
159.85 931.06 80.84 153.87 0.1911
196.42 931.06 80.84 153.87 0.1911
232.99 982.85 80.84 153.87 0.1911
854.70 1086.42 80.84 153.87 0.1911
123.28 464.99 80.94 153.88 0.1911
891.55 465.47 80.35 152.72 0.1911
379.33 672.26 80.79 153.57 0.1911
415.91 672.26 80.79 153.57 0.1911
269.62 724.05 80.79 153.57 0.1911
452.48 724.05 80.79 153.57 0.1911
489.05 775.83 80.79 153.57 0.1911
489.05 931.19 80.79 153.57 0.1911
196.42 1034.63 80.94 153.88 0.1911
123.28 1189.99 80.94 153.88 0.1911
415.77 0.00 81.22 153.30 0.1911
123.15 0.00 81.27 153.38 0.1911
233.03 1189.96 80.83 153.92 0.1911
452.54 413.45 80.68 153.38 0.1911
342.82 465.23 80.68 153.38 0.1911
269.67 465.01 80.71 153.79 0.1911
233.09 516.79 80.71 153.79 0.1911
891.56 983.32 80.32 152.76 0.1911
525.61 775.77 80.83 153.69 0.1910
415.96 1190.05 80.76 153.67 0.1910
671.86 257.88 80.87 153.74 0.1910
86.72 723.92 80.91 153.82 0.1910
379.32 1190.05 80.82 153.66 0.1910
598.75 1190.05 80.82 153.66 0.1910
525.59 1034.66 80.86 153.74 0.1910
818.24 465.07 80.69 153.56 0.1910
708.49 309.84 80.73 153.45 0.1910
745.06 309.84 80.73 153.45 0.1910
269.63 1086.62 80.73 153.45 0.1910
745.11 154.40 80.71 153.48 0.1910
818.14 309.58 80.82 153.80 0.1910
269.82 1242.40 80.41 152.79 0.1910
708.48 1034.65 80.78 153.69 0.1910
708.48 1138.22 80.78 153.69 0.1910
818.20 154.31 80.75 153.62 0.1910
781.63 257.88 80.75 153.62 0.1910
525.63 309.67 80.75 153.62 0.1910
671.91 361.46 80.75 153.62 0.1910
781.63 361.46 80.75 153.62 0.1910
489.06 413.24 80.75 153.62 0.1910
525.63 413.24 80.75 153.62 0.1910
562.20 413.24 80.75 153.62 0.1910
598.77 413.24 80.75 153.62 0.1910
745.06 413.24 80.75 153.62 0.1910
196.49 827.53 80.75 153.62 0.1910
233.06 879.31 80.75 153.62 0.1910
269.63 931.10 80.75 153.62 0.1910
854.77 931.10 80.75 153.62 0.1910
818.20 982.88 80.75 153.62 0.1910
818.20 1086.46 80.75 153.62 0.1910
379.39 413.28 80.71 153.72 0.1910
306.24 465.07 80.71 153.72 0.1910
415.96 465.17 80.72 153.50 0.1910
159.86 723.89 80.81 153.71 0.1910
489.30 1242.21 80.38 153.00 0.1910
415.89 154.32 80.79 153.80 0.1909
745.06 931.11 80.76 153.60 0.1909
342.71 1190.05 80.85 153.76 0.1909
708.74 1242.20 80.36 152.99 0.1909
854.71 206.01 80.83 153.96 0.1909
452.46 516.87 80.81 153.59 0.1909
489.03 516.87 80.81 153.59 0.1909
671.89 516.87 80.81 153.59 0.1909
745.03 516.87 80.81 153.59 0.1909
525.60 568.65 80.81 153.59 0.1909
562.17 568.65 80.81 153.59 0.1909
635.31 568.65 80.81 153.59 0.1909
306.17 672.22 80.81 153.59 0.1909
415.89 775.79 80.81 153.59 0.1909
525.60 931.15 80.81 153.59 0.1909
562.21 102.56 80.80 153.64 0.1909
598.74 102.53 80.83 153.69 0.1909
379.28 154.23 80.92 153.97 0.1909
123.28 206.01 80.92 153.97 0.1909
854.81 516.78 80.74 153.67 0.1909
86.71 620.30 80.92 153.97 0.1909
123.28 1034.58 80.92 153.97 0.1909
159.77 0.00 81.21 153.35 0.1909
196.34 0.00 81.21 153.35 0.1909
232.91 0.00 81.21 153.35 0.1909
269.48 0.00 81.21 153.35 0.1909
306.05 0.00 81.21 153.35 0.1909
342.62 0.00 81.21 153.35 0.1909
379.20 0.00 81.21 153.35 0.1909
525.63 154.41 80.78 153.57 0.1909
781.63 154.41 80.78 153.57 0.1909
562.20 206.20 80.78 153.57 0.1909
708.46 206.05 80.84 153.70 0.1909
562.19 309.61 80.80 153.74 0.1909
635.33 361.39 80.80 153.74 0.1909
708.49 413.34 80.78 153.57 0.1909
635.34 465.13 80.78 153.57 0.1909
781.63 465.13 80.78 153.57 0.1909
269.63 568.70 80.78 153.57 0.1909
233.06 620.48 80.78 153.57 0.1909
854.77 620.48 80.78 153.57 0.1909
562.20 724.06 80.78 153.57 0.1909
269.63 827.63 80.78 153.57 0.1909
306.20 827.63 80.78 153.57 0.1909
342.77 827.63 80.78 153.57 0.1909
452.49 827.63 80.78 153.57 0.1909
306.20 931.20 80.78 153.57 0.1909
306.20 1034.77 80.78 153.57 0.1909
781.63 1086.56 80.78 153.57 0.1909
854.72 102.46 80.83 153.87 0.1909
489.10 206.08 80.70 153.62 0.1909
635.35 1034.68 80.76 153.63 0.1909
86.71 1189.99 80.94 153.87 0.1909
159.85 1189.99 80.94 153.87 0.1909
708.45 516.80 80.86 153.70 0.1909
379.30 568.59 80.86 153.70 0.1909
