61_Street_Battle_streetfight_61_12
134
599.02 155.54 64.54 95.71 0.8942
24.73 149.12 62.70 80.34 0.7228
741.19 100.41 61.91 116.13 0.7008
151.54 248.97 27.80 33.53 0.5988
222.29 259.02 32.48 39.51 0.5909
418.14 206.56 55.87 89.42 0.5252
89.25 232.81 37.60 48.82 0.4057
370.20 308.00 95.53 105.92 0.3625
489.52 208.87 41.83 59.45 0.3048
4.74 160.44 63.05 93.27 0.2827
40.17 233.62 40.01 56.84 0.2715
479.49 287.07 73.68 90.13 0.2668
585.03 400.21 41.94 48.69 0.2644
809.90 100.42 72.50 87.03 0.2483
388.72 233.64 101.69 143.60 0.2478
932.66 463.86 69.22 161.84 0.2331
254.31 269.22 31.34 37.48 0.2319
753.79 86.18 101.18 128.63 0.2314
243.67 244.27 36.84 38.98 0.2264
0.00 199.43 44.09 77.44 0.2244
640.55 256.97 62.69 73.69 0.2129
556.30 409.43 38.46 40.45 0.1996
703.09 459.56 22.78 29.49 0.1941
580.97 365.29 60.45 67.09 0.1935
460.40 239.89 70.72 106.60 0.1928
600.13 182.20 93.77 131.41 0.1530
229.92 223.05 30.06 37.38 0.1499
576.58 453.95 41.55 51.97 0.1480
200.71 326.34 43.20 47.04 0.1436
724.53 381.18 38.59 50.21 0.1433
913.92 97.26 52.44 139.22 0.1399
186.29 234.95 31.42 38.59 0.1357
681.04 190.87 67.83 87.96 0.1290
2.89 235.20 42.20 63.25 0.1290
765.18 148.85 78.98 116.22 0.1266
244.41 220.43 34.72 40.80 0.1222
12.33 632.66 38.67 61.42 0.1218
595.54 247.78 90.94 108.78 0.1213
290.50 232.61 37.81 55.39 0.1198
673.64 68.26 77.51 136.13 0.1187
920.12 587.09 73.57 150.50 0.1186
699.19 155.80 56.39 79.04 0.1165
506.09 274.22 103.57 110.32 0.1155
549.97 362.05 66.30 75.11 0.1148
113.73 312.59 25.80 33.71 0.1095
640.14 89.28 59.47 110.37 0.1079
526.75 329.56 97.08 90.22 0.1051
775.47 100.60 115.69 165.15 0.1036
720.20 174.44 66.52 84.48 0.0993
723.84 217.98 56.77 75.61 0.0979
701.09 434.62 29.38 42.60 0.0967
609.14 101.00 58.03 97.90 0.0956
754.03 218.97 58.34 92.43 0.0947
693.52 540.55 36.67 66.02 0.0942
366.36 177.53 95.94 115.09 0.0903
300.61 127.28 87.48 154.84 0.0884
7.69 279.73 33.81 56.84 0.0876
700.63 392.87 42.20 53.29 0.0874
188.89 222.85 22.39 27.06 0.0854
185.50 260.97 33.65 39.77 0.0853
775.64 270.18 41.41 68.53 0.0849
519.20 474.44 40.55 69.36 0.0844
711.63 31.76 62.39 115.47 0.0830
656.80 232.73 81.70 113.25 0.0829
918.49 177.34 43.67 112.37 0.0821
453.53 703.35 34.39 42.33 0.0820
311.04 72.69 74.61 118.14 0.0808
274.09 259.99 46.03 51.41 0.0793
129.59 337.40 61.44 108.16 0.0776
257.53 324.13 31.54 33.44 0.0772
698.41 459.42 33.49 51.88 0.0769
779.55 238.22 56.49 90.71 0.0760
0.00 691.85 49.44 67.15 0.0754
547.36 257.48 90.02 94.96 0.0745
924.44 77.70 63.09 107.03 0.0738
683.44 32.46 58.72 113.75 0.0735
544.27 425.53 56.82 69.98 0.0735
7.04 311.10 27.38 43.57 0.0710
407.80 27.49 25.45 36.27 0.0700
733.49 372.93 62.42 71.88 0.0686
38.55 277.60 34.22 55.46 0.0673
333.70 282.38 101.38 105.49 0.0669
5.82 471.33 26.31 57.36 0.0669
0.00 38.32 38.47 75.59 0.0664
849.22 98.20 64.40 94.55 0.0657
558.70 571.79 40.68 62.41 0.0657
982.52 152.98 41.48 102.55 0.0653
293.17 200.54 48.50 72.69 0.0650
169.66 340.80 98.19 129.24 0.0645
222.36 574.77 30.76 32.74 0.0642
188.36 333.61 64.05 87.45 0.0625
331.36 384.84 178.68 227.20 0.0625
914.62 674.62 75.38 84.38 0.0623
128.48 629.69 113.59 84.71 0.0622
803.20 194.09 81.02 148.57 0.0619
82.40 271.32 48.80 59.67 0.0618
692.36 352.66 48.79 65.64 0.0618
467.92 673.82 47.40 66.43 0.0616
324.54 216.02 66.13 97.55 0.0612
712.40 260.27 72.05 101.57 0.0609
576.69 486.54 44.95 73.86 0.0602
0.00 2.10 38.81 50.76 0.0601
4.88 444.86 27.16 54.84 0.0591
158.14 574.52 44.22 51.44 0.0589
193.05 296.49 49.73 47.78 0.0589
910.06 234.70 56.88 148.87 0.0584
666.73 280.55 74.33 107.47 0.0584
4.46 495.10 25.37 56.85 0.0582
147.34 224.36 34.03 44.04 0.0577
551.20 132.88 47.57 86.97 0.0561
150.46 596.42 51.63 57.04 0.0555
137.97 347.52 38.77 61.88 0.0550
840.71 248.98 58.36 121.67 0.0549
656.51 447.18 43.08 54.86 0.0547
729.68 408.08 41.05 55.78 0.0546
779.98 381.20 64.86 75.19 0.0538
280.06 395.45 78.56 103.64 0.0535
598.03 475.36 47.82 54.68 0.0530
874.45 215.10 57.82 138.61 0.0530
746.24 404.93 52.19 61.75 0.0530
262.48 283.20 56.37 65.91 0.0529
241.95 420.56 110.33 141.98 0.0527
481.29 677.21 58.59 81.79 0.0527
509.41 220.83 86.52 109.52 0.0524
6.04 595.24 28.53 43.92 0.0514
988.84 113.58 35.16 84.05 0.0512
686.20 677.70 68.66 81.30 0.0512
4.41 419.57 27.51 53.47 0.0511
963.99 703.77 58.84 55.23 0.0511
145.97 277.60 41.06 58.31 0.0510
932.52 206.25 43.98 112.02 0.0510
739.94 486.93 30.83 49.21 0.0506
831.63 401.02 60.20 64.35 0.0502
467.78 388.72 59.15 90.05 0.0501
