40_Gymnastics_Gymnastics_40_609
200
121.10 50.92 326.82 167.07 0.1267
131.17 118.85 275.31 241.42 0.1212
214.53 185.37 352.13 222.70 0.1177
375.91 249.65 335.80 221.01 0.1138
243.78 264.06 314.05 266.55 0.1046
172.01 98.85 429.96 173.64 0.1038
136.91 245.16 295.37 219.06 0.0992
559.48 110.54 464.52 166.68 0.0883
448.30 104.40 344.59 193.64 0.0838
83.90 36.50 218.57 241.27 0.0831
173.21 31.41 434.44 126.54 0.0829
157.28 301.11 209.12 274.89 0.0806
502.99 244.74 379.84 217.34 0.0783
527.32 314.15 297.11 261.85 0.0760
564.81 200.51 459.19 192.20 0.0736
390.81 141.96 311.40 238.51 0.0686
105.34 167.80 197.61 261.30 0.0639
491.74 65.59 422.02 152.84 0.0629
26.56 252.74 190.99 323.26 0.0615
671.99 30.14 145.59 68.92 0.0568
451.98 412.13 103.82 119.95 0.0541
197.28 130.58 148.77 85.48 0.0534
179.85 180.23 117.23 108.91 0.0527
232.35 183.82 155.44 77.01 0.0524
501.09 392.53 138.29 116.66 0.0514
143.00 142.71 112.37 118.03 0.0513
263.29 204.98 109.25 99.01 0.0510
479.39 444.53 109.56 124.99 0.0492
228.84 335.39 103.68 118.37 0.0491
182.92 230.94 106.85 111.35 0.0491
410.55 211.72 104.59 106.05 0.0489
44.19 95.63 187.21 289.13 0.0485
159.36 8.96 157.66 62.46 0.0484
45.28 36.33 81.33 125.48 0.0484
218.29 242.62 132.13 108.50 0.0482
150.11 263.83 99.14 110.88 0.0480
614.79 34.61 148.83 73.68 0.0477
201.10 42.23 127.23 103.55 0.0476
262.34 74.40 108.94 113.52 0.0474
148.65 202.60 104.41 113.74 0.0472
175.01 90.73 121.93 107.45 0.0471
299.72 222.91 125.51 99.48 0.0470
460.89 241.52 147.93 106.68 0.0468
49.52 147.68 79.25 122.77 0.0466
109.99 174.44 103.57 111.21 0.0465
623.99 12.58 168.57 60.15 0.0462
459.04 372.24 132.59 107.01 0.0462
0.00 45.26 233.16 156.46 0.0462
380.93 245.34 118.20 100.86 0.0460
178.40 0.00 342.48 103.92 0.0460
253.10 268.35 139.57 105.77 0.0459
222.05 285.99 102.24 114.28 0.0458
729.77 454.53 96.14 119.77 0.0458
45.88 424.65 83.94 129.40 0.0446
52.93 202.42 77.28 123.04 0.0442
70.68 17.40 180.01 55.35 0.0438
331.61 174.37 112.05 108.80 0.0434
766.68 350.46 103.20 110.52 0.0432
73.31 157.61 109.73 96.16 0.0429
300.92 97.84 101.31 110.39 0.0427
107.31 222.63 110.31 119.78 0.0425
69.15 413.27 110.28 122.75 0.0423
92.52 40.45 168.55 76.28 0.0422
731.34 385.14 113.66 110.02 0.0421
322.29 134.58 110.49 99.92 0.0417
686.55 47.26 127.55 119.74 0.0416
218.37 36.07 154.84 66.58 0.0416
46.49 92.02 77.89 124.47 0.0413
52.88 257.78 78.25 124.02 0.0409
33.77 27.21 131.98 66.02 0.0408
109.38 117.99 104.90 117.44 0.0408
444.74 175.69 105.98 110.59 0.0407
2.01 0.00 99.37 56.58 0.0406
815.40 371.92 98.68 103.50 0.0402
147.25 309.61 103.97 122.41 0.0401
807.91 324.04 102.24 107.93 0.0399
39.36 406.37 112.19 85.26 0.0394
483.03 213.35 115.20 92.70 0.0388
573.39 22.97 122.12 79.56 0.0387
119.13 406.32 136.98 97.07 0.0385
13.20 21.33 80.91 88.80 0.0384
561.45 21.96 462.55 134.23 0.0383
393.03 128.54 114.10 97.36 0.0382
125.66 0.00 192.24 32.76 0.0379
763.30 257.26 117.24 117.93 0.0378
839.13 347.36 119.65 98.61 0.0377
323.38 259.32 119.86 103.66 0.0377
72.32 44.42 119.57 104.72 0.0376
544.25 32.88 109.36 115.56 0.0373
73.09 103.70 106.91 99.74 0.0372
195.78 308.35 95.87 122.28 0.0370
73.04 247.20 109.41 123.93 0.0370
366.97 146.97 107.08 112.38 0.0364
546.10 0.00 323.33 97.53 0.0363
833.25 293.92 109.71 116.47 0.0362
376.94 435.79 145.15 84.07 0.0361
295.05 51.62 107.17 109.85 0.0360
436.56 116.97 110.31 118.34 0.0359
505.32 28.44 111.03 78.15 0.0357
595.58 0.00 201.98 32.55 0.0357
422.93 465.78 124.86 86.51 0.0357
536.14 373.42 154.04 102.97 0.0356
365.92 97.54 105.54 112.90 0.0356
30.05 0.00 176.85 31.47 0.0353
442.06 331.38 114.91 118.73 0.0353
799.64 231.68 110.91 116.42 0.0349
105.41 442.34 114.69 116.68 0.0349
272.01 349.42 103.17 101.25 0.0348
425.59 261.83 133.81 113.37 0.0348
237.59 0.00 110.15 74.11 0.0346
743.93 36.32 151.31 60.29 0.0344
534.20 439.39 124.47 120.11 0.0344
777.11 406.81 101.15 99.03 0.0343
477.25 0.00 135.18 59.31 0.0342
337.87 75.08 100.18 111.66 0.0340
115.17 284.64 104.96 119.89 0.0340
707.74 522.12 217.12 53.88 0.0340
841.35 205.92 106.71 112.82 0.0339
734.54 316.36 120.11 112.62 0.0339
409.50 394.82 124.98 104.80 0.0338
23.26 180.68 70.51 123.31 0.0336
142.80 60.33 116.58 118.95 0.0336
560.30 238.08 125.90 109.46 0.0330
514.73 74.09 106.45 98.64 0.0327
575.39 0.00 140.15 64.58 0.0326
162.48 454.52 176.00 87.33 0.0325
801.93 0.00 134.22 56.45 0.0325
731.70 0.78 135.00 57.20 0.0324
407.80 41.69 103.80 113.99 0.0323
46.09 313.08 85.24 125.53 0.0323
20.53 232.43 72.71 125.59 0.0322
20.78 124.59 71.99 124.17 0.0321
246.34 438.57 160.67 86.24 0.0318
366.22 0.00 134.80 56.44 0.0318
21.30 71.99 72.43 123.77 0.0317
721.71 233.15 123.08 110.92 0.0315
545.34 86.33 108.65 117.42 0.0313
333.78 19.68 120.83 74.82 0.0313
725.71 80.22 129.12 105.39 0.0313
748.57 433.74 134.23 116.22 0.0312
399.87 292.44 118.50 127.15 0.0311
70.20 0.00 258.65 125.77 0.0309
720.21 139.90 123.34 99.65 0.0308
841.99 41.70 104.73 115.17 0.0307
764.05 51.22 108.82 92.19 0.0307
811.92 22.56 127.45 68.80 0.0306
22.36 401.20 75.80 122.10 0.0305
615.98 133.30 129.53 88.15 0.0305
449.22 20.96 121.02 71.44 0.0302
582.47 62.42 121.76 120.87 0.0301
358.04 51.80 107.05 95.58 0.0301
819.14 272.90 151.40 78.09 0.0301
387.21 20.97 324.70 179.47 0.0300
201.43 367.18 96.01 120.22 0.0299
476.59 34.85 108.66 119.22 0.0299
436.99 64.59 108.50 115.66 0.0296
476.26 145.08 112.04 109.66 0.0296
474.47 89.15 110.05 122.64 0.0295
810.35 65.65 105.36 120.51 0.0295
286.65 0.00 134.61 54.65 0.0294
111.86 365.70 106.23 97.85 0.0294
21.49 287.15 72.11 126.12 0.0292
502.23 181.27 118.38 97.93 0.0291
382.94 343.88 110.67 108.73 0.0290
795.10 181.34 112.39 95.66 0.0288
762.18 215.24 116.17 103.13 0.0287
763.58 0.00 260.42 104.55 0.0286
847.46 150.77 100.22 116.86 0.0286
498.70 0.00 178.26 32.49 0.0285
842.95 97.28 106.08 113.49 0.0281
248.24 327.89 170.69 75.33 0.0280
664.99 430.49 128.17 113.60 0.0279
722.78 179.12 129.22 113.67 0.0276
772.90 110.97 107.82 85.94 0.0276
516.38 132.78 106.12 87.55 0.0275
322.68 451.09 121.96 101.53 0.0273
402.49 0.00 334.96 91.51 0.0273
385.44 10.79 96.96 100.46 0.0271
661.93 87.86 114.47 118.33 0.0271
826.49 0.00 183.56 31.91 0.0270
693.05 348.38 114.49 116.22 0.0270
174.21 518.96 190.99 57.04 0.0268
493.88 348.89 130.78 97.81 0.0267
947.87 0.00 76.13 64.88 0.0266
807.69 125.08 102.40 116.54 0.0262
290.38 401.58 170.04 97.82 0.0256
391.72 0.00 178.53 31.09 0.0254
17.53 344.52 77.34 123.68 0.0253
18.16 453.47 78.78 121.51 0.0252
0.00 510.07 41.63 65.93 0.0251
472.81 307.28 121.52 112.88 0.0251
559.91 407.41 123.96 115.33 0.0250
630.94 313.04 393.06 213.75 0.0250
216.97 464.07 87.10 111.93 0.0249
510.19 278.91 121.61 119.85 0.0249
543.67 149.88 108.08 120.60 0.0249
517.11 205.99 153.48 97.66 0.0247
843.80 405.96 129.51 91.14 0.0244
85.65 327.37 100.81 95.65 0.0243
176.15 427.25 135.30 80.50 0.0240
