17_Ceremony_Ceremony_17_406
158
364.50 243.62 86.27 107.45 0.6999
709.18 391.36 55.89 98.18 0.5776
490.95 486.46 124.11 66.35 0.3541
339.83 483.75 104.12 43.32 0.3380
942.45 421.45 76.37 101.19 0.2945
387.24 261.52 102.48 125.44 0.2258
365.38 487.16 126.56 52.74 0.2257
869.34 410.87 39.57 45.56 0.2223
471.92 299.79 49.54 71.07 0.2215
180.64 242.26 123.68 99.20 0.2152
116.29 212.09 20.35 28.07 0.2035
948.83 512.84 54.68 60.36 0.1631
171.88 546.61 43.48 41.41 0.1425
457.81 309.63 86.01 89.73 0.1383
658.47 408.12 66.46 78.93 0.1353
846.45 417.10 46.80 55.64 0.1346
453.25 198.18 66.61 77.98 0.1294
84.00 175.02 16.43 20.40 0.1284
405.70 76.34 62.85 108.76 0.1277
588.26 134.91 22.94 32.88 0.1273
999.34 119.28 20.60 39.68 0.1269
287.63 463.42 172.39 77.64 0.1265
702.89 416.74 84.97 105.88 0.1260
191.18 470.57 20.03 20.13 0.1259
914.63 443.16 76.35 85.22 0.1247
633.94 150.51 21.83 34.12 0.1234
654.16 41.31 36.21 52.46 0.1221
963.26 417.11 51.66 60.53 0.1196
624.46 436.90 98.79 118.75 0.1193
968.70 642.73 49.94 39.69 0.1171
705.88 365.81 50.90 74.90 0.1151
154.10 215.85 23.35 32.79 0.1150
158.11 235.00 32.70 41.55 0.1122
172.91 517.49 44.37 48.56 0.1104
907.42 411.30 70.71 74.34 0.1099
633.80 509.34 126.37 126.37 0.1085
81.13 244.86 18.04 24.13 0.1065
742.65 385.96 101.62 116.78 0.1060
903.35 579.66 69.40 71.22 0.1057
582.64 285.15 29.59 33.52 0.1052
676.83 534.68 55.76 59.70 0.1048
632.48 110.27 25.51 39.21 0.1044
47.82 247.26 15.88 23.11 0.1040
43.99 512.71 18.47 25.28 0.1035
255.33 242.56 142.06 134.71 0.1035
631.97 59.14 37.57 59.07 0.1030
896.35 631.13 84.72 54.87 0.1017
189.97 205.41 55.42 50.72 0.1001
486.41 354.54 60.01 61.00 0.0969
248.07 365.16 174.57 77.17 0.0964
187.13 482.59 28.12 28.29 0.0956
267.17 476.59 104.60 46.93 0.0952
0.86 606.27 35.60 45.37 0.0950
393.08 180.09 109.54 130.83 0.0947
578.63 474.89 79.34 67.12 0.0931
991.93 385.40 27.60 33.60 0.0919
520.81 74.03 56.30 100.87 0.0901
81.20 186.09 18.18 28.71 0.0877
583.94 87.88 34.28 65.32 0.0872
322.28 161.89 132.17 139.49 0.0852
737.21 49.08 23.13 37.41 0.0851
815.96 448.85 77.62 95.55 0.0848
113.57 592.88 35.81 42.93 0.0840
761.73 56.78 38.62 54.27 0.0839
687.84 56.88 39.80 46.19 0.0839
594.27 419.92 64.11 70.76 0.0830
547.26 284.60 44.01 52.39 0.0827
752.28 409.08 123.11 154.65 0.0823
8.38 192.61 16.31 25.37 0.0823
881.71 449.55 52.23 57.56 0.0820
46.72 197.96 17.09 23.28 0.0819
946.07 342.76 36.56 47.90 0.0802
224.74 464.10 61.49 37.83 0.0800
159.71 535.76 46.57 41.59 0.0795
39.16 267.67 21.58 28.75 0.0794
87.06 267.32 25.36 29.71 0.0787
728.12 54.53 42.80 58.24 0.0784
725.81 66.50 77.88 133.29 0.0771
32.21 604.73 35.84 36.38 0.0768
556.58 485.71 113.54 93.73 0.0768
648.25 68.68 46.02 77.52 0.0765
570.84 423.50 55.07 46.52 0.0763
114.44 244.66 19.63 23.35 0.0759
8.83 174.14 16.22 23.90 0.0737
946.46 389.25 41.45 43.58 0.0736
553.37 186.59 35.72 56.47 0.0736
698.89 87.93 52.76 88.69 0.0715
45.51 495.15 15.97 24.03 0.0710
9.34 243.61 16.26 23.09 0.0709
7.31 592.94 30.71 36.91 0.0701
653.51 161.04 29.73 33.25 0.0692
155.48 254.13 48.15 60.57 0.0692
116.00 175.84 21.06 25.97 0.0692
48.13 221.54 14.41 19.53 0.0691
387.72 500.04 122.27 67.37 0.0691
587.20 69.99 29.94 39.99 0.0689
658.92 146.20 24.81 33.74 0.0688
248.09 422.58 208.79 96.43 0.0683
661.97 3.67 27.69 22.80 0.0680
775.27 50.86 24.14 35.86 0.0679
689.32 4.19 33.23 26.86 0.0678
386.95 92.46 106.52 157.50 0.0669
8.13 515.18 21.81 33.29 0.0667
530.71 392.70 55.34 50.79 0.0667
221.39 543.95 84.48 56.67 0.0664
629.84 270.73 22.36 26.10 0.0662
865.31 478.04 64.59 77.95 0.0661
703.51 125.55 38.72 59.89 0.0656
160.02 515.58 37.68 34.36 0.0653
140.81 586.51 39.48 48.81 0.0652
81.13 224.58 17.52 22.26 0.0648
903.37 385.78 55.73 68.38 0.0635
951.69 282.59 30.46 35.93 0.0635
584.00 315.63 37.99 46.84 0.0633
505.95 149.56 39.92 58.06 0.0632
657.94 376.77 48.28 71.64 0.0629
8.83 222.16 15.24 20.53 0.0628
153.94 199.34 21.31 29.00 0.0620
735.40 358.72 78.59 102.67 0.0618
620.20 318.97 24.00 27.36 0.0615
434.37 411.60 150.55 96.97 0.0612
453.10 147.45 62.41 90.33 0.0608
539.39 295.92 57.45 75.68 0.0603
993.60 158.54 30.40 83.25 0.0603
892.44 523.62 73.02 96.76 0.0598
686.03 24.02 33.95 44.69 0.0596
205.75 532.75 60.77 53.23 0.0594
186.26 440.36 27.59 26.98 0.0593
509.90 412.49 102.69 73.24 0.0591
471.74 246.52 77.87 87.86 0.0591
553.67 173.99 26.29 43.71 0.0590
898.08 477.87 75.95 91.15 0.0588
587.19 158.34 32.59 41.80 0.0587
371.63 432.93 133.27 84.59 0.0583
575.91 186.91 43.77 57.94 0.0583
5.95 120.20 19.98 30.63 0.0581
623.91 602.59 110.46 83.41 0.0581
657.69 269.75 27.14 26.51 0.0578
492.65 378.06 69.44 61.93 0.0577
992.65 362.10 30.38 45.42 0.0575
343.19 497.00 109.32 64.12 0.0569
4.36 526.37 26.37 44.08 0.0559
665.53 356.66 27.02 37.75 0.0552
879.93 235.73 31.24 35.97 0.0552
170.37 560.40 51.85 50.33 0.0545
212.75 509.20 60.58 42.35 0.0544
32.28 562.68 31.37 38.88 0.0543
0.00 610.65 58.17 73.15 0.0542
627.56 294.52 20.49 24.39 0.0539
3.62 551.22 28.13 40.28 0.0526
103.80 266.16 29.91 35.33 0.0524
107.17 554.70 49.73 58.88 0.0520
626.26 179.19 28.58 41.45 0.0519
532.91 547.60 113.11 79.45 0.0516
737.73 137.91 45.61 62.14 0.0515
658.77 478.65 85.14 97.33 0.0513
964.16 524.87 52.33 67.04 0.0505
336.41 393.06 165.03 64.62 0.0501
