34_Baseball_Baseball_34_164
40
815.92 276.60 18.20 25.80 0.5251
146.32 383.45 30.40 30.15 0.3577
746.15 305.61 18.82 23.39 0.3551
670.23 282.24 23.33 33.89 0.2548
815.35 283.50 20.76 41.57 0.2493
671.05 297.72 23.26 32.18 0.2385
289.54 356.11 25.72 29.40 0.2286
814.95 319.84 21.80 35.39 0.1506
767.70 349.02 22.67 33.77 0.1431
182.27 440.76 78.84 49.38 0.1240
236.92 407.00 52.60 38.65 0.1239
743.38 318.68 18.92 31.22 0.1132
117.64 476.96 59.49 53.55 0.1080
253.27 386.52 35.08 50.60 0.1027
285.04 380.42 34.40 37.32 0.0996
743.03 283.02 16.85 28.56 0.0987
194.48 414.47 70.17 60.34 0.0943
208.83 182.74 121.08 171.95 0.0926
114.29 378.39 31.95 36.23 0.0917
736.75 359.03 24.12 28.97 0.0907
732.39 376.52 25.98 33.24 0.0882
770.55 299.66 23.28 40.46 0.0875
766.62 373.33 26.86 36.91 0.0823
219.70 531.79 380.59 225.67 0.0773
282.43 334.41 32.79 47.09 0.0746
285.94 209.93 47.63 106.43 0.0738
288.75 402.03 38.84 33.66 0.0698
310.81 125.71 184.10 229.87 0.0669
149.03 430.35 43.08 43.91 0.0647
214.27 388.10 52.61 55.79 0.0642
670.32 319.13 24.83 28.30 0.0602
666.75 256.04 21.61 33.12 0.0594
240.48 455.51 71.04 47.99 0.0586
111.21 394.20 37.26 43.22 0.0582
100.93 437.10 42.34 47.62 0.0569
333.65 112.78 136.26 111.23 0.0568
695.72 297.43 23.36 34.42 0.0548
139.45 458.43 44.47 45.04 0.0533
109.32 361.85 28.89 32.27 0.0525
219.28 427.57 78.47 53.42 0.0514
