34_Baseball_Baseball_34_391
120
572.31 68.72 47.78 63.20 0.5406
725.25 69.99 64.75 75.07 0.4147
546.79 476.78 102.07 60.78 0.3426
556.51 76.33 45.04 60.31 0.2716
67.57 312.06 42.88 66.83 0.2708
52.09 258.56 29.90 35.58 0.2443
566.17 210.90 76.26 80.01 0.2125
552.53 125.34 35.82 43.85 0.2022
686.15 56.60 69.48 98.70 0.1978
619.73 118.87 44.68 51.87 0.1698
47.78 296.05 45.57 47.32 0.1657
83.89 319.98 53.07 67.31 0.1581
5.49 329.36 26.18 41.24 0.1553
511.76 205.86 42.57 61.94 0.1520
475.12 624.24 128.01 92.50 0.1437
66.48 340.85 54.64 66.92 0.1366
572.80 383.75 152.01 107.71 0.1364
597.26 83.81 54.99 60.68 0.1363
688.41 103.46 39.22 63.67 0.1348
40.57 325.13 59.27 77.51 0.1331
744.78 276.63 226.20 202.29 0.1304
4.70 276.58 23.25 31.01 0.1303
653.22 71.81 45.66 75.24 0.1283
751.29 63.11 87.32 87.26 0.1278
367.03 352.83 54.72 58.37 0.1257
734.74 364.11 44.81 42.38 0.1237
145.83 111.91 52.17 50.88 0.1220
472.79 210.90 43.38 82.00 0.1204
547.18 137.51 41.80 57.92 0.1196
400.51 487.21 141.51 169.02 0.1144
644.74 37.23 49.10 75.36 0.1139
667.58 185.72 34.82 43.56 0.1134
513.53 413.91 182.07 116.65 0.1131
392.64 413.76 43.78 53.28 0.1111
549.93 362.94 137.46 68.40 0.1104
599.95 329.56 52.90 33.61 0.1103
438.80 423.83 42.49 53.71 0.1098
423.80 565.55 134.03 137.28 0.1073
650.42 21.10 35.16 36.45 0.1068
3.18 286.64 23.62 39.72 0.1042
653.72 110.42 40.43 59.60 0.1000
479.81 690.36 153.89 77.64 0.0996
705.08 24.33 84.68 93.89 0.0992
594.35 184.39 61.99 74.71 0.0989
622.51 13.38 41.08 48.47 0.0989
724.47 153.41 123.18 166.09 0.0987
142.36 147.75 60.73 51.63 0.0953
429.67 644.72 48.15 55.17 0.0953
435.51 466.67 51.48 66.13 0.0950
57.54 320.30 90.36 102.12 0.0948
399.81 528.68 42.50 63.10 0.0946
627.21 368.62 97.92 55.41 0.0941
532.43 373.25 91.79 55.50 0.0908
66.68 217.64 37.45 43.99 0.0887
167.29 126.80 49.17 43.35 0.0884
543.13 181.13 56.75 58.96 0.0882
228.06 258.75 86.01 56.52 0.0869
128.18 163.95 68.00 58.24 0.0858
576.80 343.58 78.81 45.68 0.0857
509.52 476.59 121.20 98.19 0.0848
525.44 373.27 131.41 112.61 0.0844
406.12 515.44 27.63 37.30 0.0843
572.67 291.50 82.95 52.29 0.0842
500.80 352.93 41.16 37.76 0.0823
865.50 305.76 118.17 121.50 0.0820
654.36 380.10 88.69 66.81 0.0812
38.89 342.73 98.05 134.79 0.0806
432.35 416.44 71.51 96.13 0.0789
369.90 393.63 53.30 49.65 0.0789
755.89 152.88 193.01 200.71 0.0779
695.16 147.05 28.39 48.93 0.0774
734.92 717.65 37.62 40.99 0.0774
1.70 361.77 34.08 53.32 0.0770
703.73 729.05 51.88 37.79 0.0761
627.18 701.85 43.09 57.09 0.0739
452.37 407.84 51.20 55.37 0.0732
779.71 67.97 99.20 101.76 0.0725
35.64 114.20 64.39 81.55 0.0709
540.80 352.89 56.07 37.51 0.0703
394.45 329.52 52.57 58.48 0.0683
610.54 301.41 80.50 59.07 0.0677
569.21 135.01 66.62 77.78 0.0672
810.60 303.45 140.23 86.52 0.0668
663.22 149.88 36.23 59.84 0.0647
116.60 105.75 36.37 41.22 0.0645
727.93 331.76 96.55 91.89 0.0639
14.67 102.95 56.62 85.39 0.0639
671.78 355.88 64.82 61.22 0.0638
598.28 437.77 103.01 70.67 0.0637
100.73 183.01 102.89 79.31 0.0632
149.67 202.69 84.76 58.00 0.0627
422.23 584.78 73.05 96.77 0.0625
212.53 211.90 96.13 58.46 0.0618
618.78 216.27 73.19 70.46 0.0614
394.32 435.95 49.34 65.71 0.0609
781.23 296.99 103.35 99.56 0.0608
541.09 276.56 78.21 61.61 0.0601
837.22 273.17 91.20 61.60 0.0599
630.18 347.44 78.81 52.12 0.0594
353.68 523.81 45.43 67.61 0.0591
903.67 291.62 72.82 64.32 0.0589
12.79 301.13 191.09 216.48 0.0586
251.47 242.69 109.87 77.36 0.0574
27.79 86.71 38.30 53.66 0.0573
48.96 167.80 59.86 76.65 0.0571
692.18 360.65 98.25 87.38 0.0565
396.54 530.13 69.50 101.23 0.0559
693.50 175.71 29.46 48.93 0.0553
316.72 290.88 107.34 122.74 0.0549
409.25 516.13 229.20 230.28 0.0547
372.22 277.96 79.54 85.70 0.0544
401.50 488.20 40.62 61.16 0.0541
309.34 223.22 103.53 96.26 0.0538
497.69 358.67 59.90 57.53 0.0533
591.17 246.87 101.34 76.98 0.0523
117.75 129.14 58.32 65.85 0.0521
7.64 83.90 46.01 68.90 0.0520
981.57 277.59 34.83 60.46 0.0520
3.65 383.36 43.69 65.86 0.0510
424.88 331.27 40.48 36.83 0.0502
