38_Tennis_Tennis_38_452
200
614.65 57.64 41.25 49.16 0.8820
281.25 76.88 38.72 50.78 0.8746
511.58 57.89 40.06 47.54 0.8640
185.58 127.16 39.58 49.24 0.8608
807.61 99.61 40.03 49.71 0.8497
720.30 72.08 41.10 58.39 0.8421
392.00 60.41 45.71 61.08 0.8001
907.62 110.43 38.45 49.31 0.7357
47.30 113.48 44.27 59.08 0.6379
723.99 229.31 34.37 32.84 0.3832
414.45 227.06 31.24 33.03 0.3045
75.73 312.27 25.72 27.14 0.3008
918.49 262.03 26.67 25.97 0.2599
193.79 281.13 35.29 32.03 0.2532
621.95 219.54 27.46 28.11 0.2464
537.20 224.92 33.19 34.60 0.2174
390.35 134.20 38.13 50.73 0.2094
815.16 273.86 33.38 29.61 0.1994
954.91 133.83 27.42 37.62 0.1969
757.14 225.16 33.38 30.39 0.1911
666.05 246.18 25.67 27.48 0.1903
579.70 164.77 36.47 42.47 0.1870
853.38 244.03 31.63 30.00 0.1792
804.45 177.11 32.45 34.28 0.1745
284.86 230.87 31.98 35.15 0.1666
658.25 204.94 28.31 30.80 0.1588
426.66 219.34 37.75 40.30 0.1540
107.55 275.94 25.15 26.74 0.1466
264.76 233.12 31.88 32.76 0.1433
369.79 264.72 34.72 41.58 0.1426
152.61 304.90 22.64 27.16 0.1405
884.34 189.87 32.34 31.36 0.1372
916.97 191.67 24.34 28.99 0.1348
3.19 314.77 25.36 29.38 0.1346
549.51 161.10 49.08 64.21 0.1324
1.57 236.86 31.42 52.77 0.1314
984.28 133.50 38.72 51.20 0.1306
413.60 52.90 50.28 67.59 0.1303
971.41 179.60 47.35 72.03 0.1299
79.70 300.10 27.24 31.59 0.1290
281.45 308.13 42.52 35.26 0.1269
330.38 297.61 34.21 42.67 0.1245
207.07 272.36 39.13 39.09 0.1223
752.00 235.25 42.12 42.43 0.1222
661.80 230.09 28.99 33.44 0.1199
834.45 267.31 35.40 35.86 0.1172
115.65 284.23 22.93 29.83 0.1170
208.47 355.58 34.32 41.78 0.1162
430.27 235.04 36.26 40.13 0.1157
959.03 117.68 30.86 45.37 0.1154
866.65 246.80 34.15 29.92 0.1150
152.65 187.76 32.85 47.03 0.1121
336.31 289.64 26.99 31.60 0.1114
330.48 203.44 27.10 37.02 0.1112
209.04 185.15 49.99 69.79 0.1108
532.05 37.90 46.14 62.12 0.1102
429.51 178.74 39.10 57.15 0.1091
1.36 278.72 26.79 39.32 0.1069
954.64 243.39 29.12 38.49 0.1060
0.00 115.61 37.97 61.66 0.1058
398.17 169.77 38.41 50.63 0.1054
361.30 242.35 44.80 53.57 0.1047
664.32 258.59 30.42 36.99 0.1046
3.88 143.34 38.02 61.57 0.1044
216.46 219.49 37.71 40.17 0.1037
761.65 257.42 36.62 41.08 0.1022
991.45 100.55 30.58 37.82 0.1010
949.74 141.10 36.88 53.58 0.1004
254.13 300.13 37.57 40.44 0.1001
733.78 187.69 43.08 48.20 0.0989
770.50 161.11 40.01 52.98 0.0988
192.80 347.62 37.61 44.50 0.0979
332.20 179.06 29.28 50.90 0.0974
276.89 257.36 43.59 40.68 0.0970
46.70 312.65 25.14 26.79 0.0968
185.71 297.75 32.00 34.83 0.0953
838.05 99.99 33.80 55.50 0.0951
330.48 221.90 29.64 44.38 0.0947
394.67 259.90 39.77 44.62 0.0943
181.78 176.94 51.42 68.27 0.0934
804.77 253.49 38.91 47.65 0.0931
592.44 250.41 32.73 32.04 0.0931
118.97 314.13 26.93 27.13 0.0930
431.06 38.65 43.29 62.70 0.0924
752.90 177.45 46.28 52.02 0.0918
617.86 270.55 35.54 31.29 0.0916
617.99 185.46 47.10 53.10 0.0915
613.29 237.61 39.57 42.28 0.0911
909.57 131.78 39.07 61.24 0.0910
42.38 292.65 26.91 29.12 0.0909
332.45 268.66 32.69 42.13 0.0906
809.73 324.75 37.38 47.92 0.0903
504.61 140.02 39.29 50.97 0.0896
953.07 99.01 34.20 46.55 0.0888
251.19 291.84 34.71 31.15 0.0871
279.12 206.90 43.93 65.29 0.0866
762.42 302.61 35.59 41.92 0.0864
914.63 235.16 36.41 44.27 0.0864
61.57 396.50 42.19 103.73 0.0857
772.88 108.01 36.12 49.61 0.0857
700.20 262.31 43.94 39.48 0.0853
872.94 276.22 35.11 44.37 0.0846
739.08 302.52 34.19 36.10 0.0846
221.70 247.33 37.57 42.52 0.0845
559.59 148.08 47.76 54.20 0.0844
841.69 182.48 34.67 35.39 0.0841
847.97 203.86 29.31 27.93 0.0838
702.15 212.37 47.51 50.17 0.0832
152.34 208.19 37.56 45.68 0.0832
80.09 273.57 36.16 34.44 0.0828
251.47 258.96 37.36 39.75 0.0828
532.54 423.00 46.14 51.84 0.0824
189.94 337.95 29.77 31.86 0.0817
462.81 201.19 48.09 58.48 0.0814
471.80 162.92 45.71 73.39 0.0811
733.39 149.21 35.27 43.08 0.0810
719.62 316.95 54.51 96.58 0.0805
994.50 239.83 27.55 42.35 0.0804
874.59 259.79 34.47 39.86 0.0802
648.62 47.95 38.66 63.61 0.0800
276.77 288.47 45.49 35.18 0.0798
512.83 172.40 46.88 52.60 0.0791
724.52 246.37 43.14 50.99 0.0781
105.51 253.56 32.14 36.82 0.0778
754.68 315.54 49.74 63.73 0.0776
110.86 196.34 38.42 48.70 0.0772
45.38 325.82 30.23 34.42 0.0772
953.21 164.55 49.35 71.16 0.0770
751.39 275.39 49.96 58.07 0.0770
954.80 220.60 39.12 50.71 0.0769
437.75 250.19 39.19 48.77 0.0766
214.52 116.19 30.45 54.49 0.0762
691.48 283.78 37.84 40.20 0.0752
874.14 304.17 38.83 50.77 0.0749
364.54 289.76 40.39 56.48 0.0742
153.90 367.23 25.64 35.43 0.0739
353.79 220.59 45.36 54.75 0.0733
425.35 155.97 39.85 47.63 0.0730
148.10 271.70 36.63 44.95 0.0729
913.43 328.84 30.71 34.94 0.0727
834.29 160.45 46.02 50.66 0.0723
821.29 301.47 59.86 85.65 0.0714
698.75 135.02 39.02 47.80 0.0714
869.56 340.88 47.28 74.18 0.0710
184.36 206.56 56.73 63.45 0.0708
25.50 151.31 47.00 85.18 0.0706
585.22 222.07 46.92 40.87 0.0703
829.68 294.88 38.89 47.59 0.0702
809.25 308.46 33.80 39.11 0.0701
521.93 382.00 62.47 88.29 0.0697
584.19 124.69 40.39 50.84 0.0694
774.11 124.69 51.95 52.02 0.0687
322.76 313.99 44.28 52.26 0.0686
876.63 148.10 58.58 62.86 0.0676
373.16 152.48 30.54 60.09 0.0672
241.15 201.18 47.44 61.34 0.0670
257.18 154.31 34.72 49.43 0.0669
574.25 191.66 49.31 45.66 0.0667
207.22 404.26 44.32 92.86 0.0663
182.68 244.97 44.49 55.57 0.0663
29.06 264.95 40.34 45.78 0.0658
690.36 180.88 50.78 62.19 0.0655
114.52 328.19 28.56 28.98 0.0655
4.00 189.55 37.76 74.70 0.0651
217.98 302.83 30.52 32.78 0.0651
52.02 199.76 47.16 60.09 0.0643
59.90 235.10 48.52 50.45 0.0640
944.04 255.78 37.85 41.92 0.0638
151.41 78.15 61.12 57.40 0.0636
475.35 243.60 39.89 39.16 0.0635
912.62 280.79 33.63 36.91 0.0633
263.05 94.41 28.93 55.25 0.0632
597.99 72.63 59.10 53.26 0.0631
325.40 236.66 40.24 53.77 0.0631
149.04 332.33 24.35 26.42 0.0630
474.97 264.79 33.88 34.22 0.0628
384.31 486.24 66.34 39.65 0.0628
664.91 276.30 34.59 40.38 0.0623
472.21 308.80 40.28 57.52 0.0621
377.65 41.89 64.86 57.29 0.0619
432.73 282.05 45.50 49.78 0.0617
541.25 456.69 37.76 35.56 0.0616
157.14 155.22 38.77 38.16 0.0608
286.19 146.25 35.26 50.60 0.0607
506.28 104.76 45.94 60.84 0.0605
667.27 142.07 33.14 40.84 0.0604
551.01 266.07 30.99 26.78 0.0600
154.73 101.85 43.82 57.56 0.0600
609.49 132.25 40.53 42.08 0.0594
282.20 320.08 46.25 49.61 0.0592
483.65 44.97 46.43 70.70 0.0589
237.43 173.35 51.38 64.77 0.0583
70.52 350.03 38.38 45.81 0.0580
29.59 209.79 41.46 59.98 0.0577
474.23 286.14 33.76 40.60 0.0576
435.44 309.83 45.37 70.86 0.0572
110.75 218.21 34.75 39.86 0.0572
773.26 70.48 49.43 73.45 0.0571
398.14 305.21 43.42 52.18 0.0566
320.14 50.32 41.93 52.26 0.0563
