38_Tennis_Tennis_38_558
42
442.62 151.05 225.67 238.60 0.7999
242.24 261.29 186.86 317.13 0.2339
561.71 228.48 143.92 135.01 0.2233
292.48 661.80 121.17 313.76 0.2206
271.41 611.92 87.13 242.55 0.1723
168.84 314.91 130.95 252.51 0.1510
307.36 845.71 158.17 207.36 0.1443
554.14 321.06 401.99 628.33 0.1245
753.57 876.91 93.90 110.26 0.1235
292.80 517.78 48.97 76.96 0.1151
739.62 845.05 76.89 94.69 0.1138
324.81 680.86 219.31 355.99 0.1136
325.18 898.05 88.13 137.90 0.1047
726.31 880.56 69.10 120.25 0.1042
366.18 179.70 142.26 257.09 0.1005
743.09 95.89 263.66 369.87 0.0938
152.80 239.70 97.37 263.55 0.0937
512.19 239.74 168.60 197.09 0.0883
243.03 226.62 106.50 214.22 0.0854
290.70 504.97 137.99 259.16 0.0848
424.21 116.56 154.99 211.87 0.0846
250.11 520.34 113.13 226.42 0.0756
722.73 825.02 153.63 191.89 0.0729
768.89 981.43 68.82 95.98 0.0724
714.08 184.54 124.50 171.31 0.0723
818.26 309.29 162.93 204.17 0.0721
348.78 209.94 93.94 180.90 0.0684
149.49 389.69 109.37 235.09 0.0666
711.79 318.23 312.21 466.28 0.0656
893.84 1056.10 64.19 66.90 0.0649
926.47 1056.32 68.87 66.68 0.0632
310.83 418.93 79.62 118.25 0.0625
298.16 137.56 231.39 428.90 0.0620
719.05 916.45 54.33 118.15 0.0607
204.94 580.85 165.47 358.78 0.0591
514.88 123.72 293.04 427.87 0.0555
668.25 865.11 126.01 193.19 0.0553
992.52 466.62 31.48 134.39 0.0549
610.12 143.86 101.84 176.18 0.0534
223.19 433.65 123.71 220.89 0.0526
2.73 705.05 286.09 417.95 0.0517
359.54 389.98 87.98 152.44 0.0513
