10_People_Marching_People_Marching_2_401
19
578.78 260.96 445.22 242.07 0.8227
584.13 399.16 439.87 282.84 0.6677
271.80 260.85 405.20 237.87 0.6639
123.82 314.01 407.72 250.98 0.6184
128.78 312.58 101.33 255.97 0.5201
62.44 308.53 92.60 264.28 0.5148
160.27 277.30 190.40 220.11 0.4997
424.68 306.01 391.85 261.07 0.4657
21.87 314.61 34.42 256.38 0.4199
107.36 368.87 147.91 313.13 0.3225
163.67 341.06 183.76 335.44 0.3195
349.49 410.59 396.05 271.41 0.3019
15.04 390.47 45.53 291.53 0.2465
400.40 208.14 442.87 243.30 0.1843
132.49 233.47 393.58 193.99 0.0890
126.77 230.01 107.89 193.79 0.0668
13.87 224.06 51.80 182.54 0.0587
69.91 224.69 79.30 197.40 0.0483
642.10 153.54 381.90 192.90 0.0238
