10_People_Marching_People_Marching_2_944
24
225.76 483.51 350.72 556.68 0.1864
106.91 484.47 153.14 537.82 0.1686
311.70 561.88 469.75 632.22 0.1306
146.39 618.69 221.70 516.16 0.1193
553.57 460.38 470.43 582.47 0.0922
85.14 453.91 58.70 599.21 0.0878
574.26 804.22 449.74 560.78 0.0758
614.26 165.05 409.74 346.53 0.0718
19.05 476.41 40.96 552.75 0.0425
339.65 185.74 418.06 275.30 0.0425
5.01 20.99 56.99 108.94 0.0407
111.44 265.65 144.63 422.26 0.0358
163.09 360.35 186.88 543.58 0.0347
124.48 702.42 121.61 575.49 0.0313
337.27 338.02 419.56 588.17 0.0302
608.01 24.48 415.99 104.07 0.0286
69.97 198.61 83.21 283.50 0.0251
65.13 258.97 94.52 440.26 0.0246
15.60 245.75 45.46 470.52 0.0245
45.81 40.90 130.73 69.81 0.0243
394.32 125.57 455.73 196.42 0.0233
6.34 174.94 62.63 333.04 0.0229
204.15 290.18 395.70 377.58 0.0202
11.02 91.06 49.22 229.99 0.0201
