61_Street_Battle_streetfight_61_936
23
491.74 202.14 300.15 305.47 0.5049
584.79 214.43 439.21 223.51 0.3283
516.00 299.04 325.61 346.36 0.3079
87.98 301.64 193.43 394.82 0.1838
134.82 263.52 227.45 324.13 0.1403
392.73 320.97 316.49 407.71 0.1124
215.16 310.87 333.85 372.63 0.1085
157.48 370.90 209.30 397.10 0.0846
147.93 201.44 349.23 280.23 0.0564
284.98 159.73 373.88 193.82 0.0540
74.36 164.57 220.86 353.85 0.0486
292.14 263.74 361.15 270.46 0.0434
51.95 353.24 89.00 151.02 0.0363
38.43 306.43 88.54 135.07 0.0314
488.60 247.90 136.94 120.04 0.0309
742.52 235.84 121.45 132.71 0.0308
819.97 253.43 137.73 128.38 0.0251
601.70 103.35 422.30 190.85 0.0251
832.89 378.95 123.01 144.36 0.0247
673.97 239.54 122.56 137.95 0.0222
132.84 142.82 236.10 251.63 0.0219
608.88 245.43 123.65 133.99 0.0214
343.08 92.62 142.07 93.01 0.0204
