39_Ice_Skating_Ice_Skating_39_203
22
709.51 51.24 72.21 96.19 0.8913
517.29 105.42 55.71 77.27 0.7516
635.73 227.19 59.45 81.53 0.2178
882.40 87.58 48.84 42.26 0.1797
673.98 254.64 49.13 52.40 0.1390
482.79 110.84 66.71 84.51 0.1007
28.69 166.24 437.69 314.63 0.0989
370.54 190.63 34.28 31.31 0.0882
38.71 380.09 178.01 139.99 0.0843
833.85 92.11 68.80 53.76 0.0843
853.66 78.41 91.60 83.92 0.0805
834.24 62.73 69.88 59.54 0.0799
619.28 186.37 59.70 87.20 0.0772
108.83 331.22 104.45 76.16 0.0730
581.63 232.19 56.13 90.42 0.0697
579.54 153.48 55.22 69.46 0.0596
112.21 367.83 73.19 49.81 0.0587
664.43 239.57 204.67 152.73 0.0586
0.04 335.91 258.19 284.12 0.0581
282.24 429.91 72.69 72.21 0.0577
455.26 302.08 77.35 103.43 0.0551
871.48 62.60 52.93 54.71 0.0518
