39_Ice_Skating_Ice_Skating_39_495
16
268.40 212.00 101.59 159.91 0.7656
219.08 491.21 92.62 183.73 0.2116
349.29 492.44 78.52 94.86 0.1782
270.00 560.34 69.33 128.37 0.1486
269.63 104.57 158.01 225.96 0.1450
266.05 497.04 64.49 97.36 0.1439
322.96 529.63 95.64 122.41 0.1376
577.74 130.74 55.82 161.63 0.1268
352.60 102.92 143.18 191.53 0.1140
367.52 98.41 106.66 97.06 0.1113
329.61 70.45 109.43 143.32 0.0977
136.52 402.90 191.96 390.14 0.0920
316.68 467.67 67.14 81.61 0.0880
344.44 427.16 75.74 125.70 0.0787
254.83 285.46 101.51 138.38 0.0751
230.94 578.64 119.54 182.10 0.0531
