23_Shoppers_Shoppers_23_801
200
927.82 0.00 81.24 162.06 0.1922
50.55 163.68 80.20 161.07 0.1921
50.55 546.68 80.22 161.24 0.1920
50.51 656.18 80.28 161.09 0.1920
50.51 273.10 80.24 161.34 0.1919
50.51 382.53 80.24 161.34 0.1919
928.16 1148.49 80.49 161.65 0.1919
50.52 1258.01 80.32 161.17 0.1919
452.28 0.00 81.20 161.98 0.1918
50.63 875.12 80.12 160.95 0.1918
50.63 1093.98 80.12 160.95 0.1918
50.59 984.52 80.16 161.00 0.1917
891.58 1093.81 80.25 161.09 0.1917
342.83 327.39 80.61 161.96 0.1917
415.71 0.00 81.32 162.04 0.1917
50.21 0.00 80.94 161.74 0.1917
13.82 437.59 80.16 160.49 0.1917
525.47 0.00 81.13 161.96 0.1916
488.86 0.00 81.17 161.98 0.1916
562.05 0.00 81.22 161.97 0.1916
50.63 765.62 80.16 161.06 0.1916
928.09 1039.06 80.54 161.62 0.1916
123.40 929.19 80.71 162.03 0.1916
379.40 1038.62 80.71 162.03 0.1916
744.86 0.00 81.28 162.00 0.1915
928.20 1258.00 80.41 161.54 0.1915
379.14 0.00 81.19 162.00 0.1915
269.61 764.88 80.81 162.37 0.1915
269.58 1257.28 80.85 162.46 0.1915
928.12 163.54 80.62 161.84 0.1914
928.12 272.97 80.62 161.84 0.1914
928.12 382.40 80.62 161.84 0.1914
891.32 0.00 80.91 161.51 0.1914
306.19 764.91 80.79 162.28 0.1914
13.59 0.00 80.82 161.30 0.1914
13.81 546.92 80.17 160.71 0.1914
232.88 0.00 81.15 161.95 0.1913
269.45 0.00 81.15 161.95 0.1913
306.02 0.00 81.15 161.95 0.1913
598.62 0.00 81.22 161.97 0.1913
635.19 0.00 81.22 161.97 0.1913
671.76 0.00 81.22 161.97 0.1913
708.33 0.00 81.22 161.97 0.1913
818.05 0.00 81.22 161.97 0.1913
86.55 0.00 81.19 161.97 0.1913
123.12 0.00 81.19 161.97 0.1913
159.69 0.00 81.19 161.97 0.1913
489.04 929.05 80.79 162.29 0.1913
342.76 983.91 80.68 162.01 0.1913
342.83 217.91 80.71 162.03 0.1913
415.97 272.62 80.71 162.03 0.1913
525.69 382.05 80.71 162.03 0.1913
233.12 983.91 80.71 162.03 0.1913
306.26 983.91 80.71 162.03 0.1913
13.81 273.34 80.14 160.78 0.1913
928.10 929.68 80.54 161.66 0.1913
232.99 1257.28 80.89 162.53 0.1913
269.68 381.88 80.63 162.20 0.1913
306.25 1093.16 80.63 162.20 0.1913
342.54 0.00 81.21 161.98 0.1913
781.43 0.00 81.28 162.00 0.1913
452.47 381.88 80.70 162.19 0.1913
379.40 272.45 80.73 162.21 0.1913
671.97 327.16 80.73 162.21 0.1913
415.97 381.88 80.73 162.21 0.1913
598.83 381.88 80.73 162.21 0.1913
562.26 436.59 80.73 162.21 0.1913
196.54 819.59 80.73 162.21 0.1913
159.97 929.02 80.73 162.21 0.1913
196.54 929.02 80.73 162.21 0.1913
269.68 929.02 80.73 162.21 0.1913
159.97 1038.45 80.73 162.21 0.1913
196.54 1038.45 80.73 162.21 0.1913
269.68 1038.45 80.73 162.21 0.1913
415.97 1038.45 80.73 162.21 0.1913
489.04 327.16 80.79 162.20 0.1913
635.33 381.88 80.79 162.20 0.1913
233.04 436.59 80.79 162.20 0.1913
928.10 601.21 80.55 161.84 0.1913
13.82 711.04 80.20 160.90 0.1913
928.10 710.64 80.55 161.84 0.1913
415.84 764.81 80.87 162.47 0.1913
928.10 491.79 80.65 161.85 0.1913
928.10 820.07 80.65 161.85 0.1913
160.13 1312.47 80.38 161.60 0.1912
123.44 710.20 80.71 162.32 0.1912
306.25 381.88 80.74 162.38 0.1912
196.54 546.02 80.74 162.38 0.1912
269.68 546.02 80.74 162.38 0.1912
159.97 600.74 80.74 162.38 0.1912
196.54 655.45 80.74 162.38 0.1912
159.97 710.17 80.74 162.38 0.1912
233.11 764.88 80.74 162.38 0.1912
123.40 819.60 80.74 162.38 0.1912
233.11 874.31 80.74 162.38 0.1912
379.40 929.02 80.74 162.38 0.1912
452.54 1093.17 80.74 162.38 0.1912
196.31 0.00 81.13 161.95 0.1912
13.79 163.94 80.22 160.78 0.1912
562.18 327.17 80.81 162.37 0.1912
342.76 436.60 80.81 162.37 0.1912
671.86 655.43 80.85 162.46 0.1912
671.90 764.92 80.77 162.30 0.1912
13.81 820.40 80.25 161.02 0.1912
159.90 819.60 80.81 162.37 0.1912
342.76 874.31 80.81 162.37 0.1912
891.48 874.71 80.43 161.50 0.1912
13.81 984.54 80.25 161.02 0.1912
744.99 710.14 80.83 162.40 0.1912
818.18 710.18 80.79 162.50 0.1912
854.75 764.90 80.79 162.50 0.1912
745.03 819.61 80.79 162.50 0.1912
781.61 819.61 80.79 162.50 0.1912
818.18 819.61 80.79 162.50 0.1912
854.75 874.32 80.79 162.50 0.1912
781.61 929.04 80.79 162.50 0.1912
818.18 929.04 80.79 162.50 0.1912
671.95 1147.96 80.78 162.29 0.1912
415.97 929.01 80.72 162.42 0.1912
891.49 108.70 80.41 161.54 0.1911
891.49 218.13 80.41 161.54 0.1911
891.49 327.56 80.41 161.54 0.1911
671.90 436.59 80.78 162.41 0.1911
891.49 436.99 80.41 161.54 0.1911
306.19 491.30 80.78 162.41 0.1911
891.49 546.41 80.41 161.54 0.1911
233.05 600.73 80.78 162.41 0.1911
891.49 765.27 80.41 161.54 0.1911
13.76 1258.19 80.34 161.03 0.1911
854.62 0.00 81.21 162.02 0.1911
818.13 163.00 80.84 162.57 0.1911
818.13 272.43 80.84 162.57 0.1911
123.33 163.14 80.79 162.26 0.1911
708.48 163.14 80.79 162.26 0.1911
745.05 272.56 80.79 162.26 0.1911
489.11 436.88 80.63 161.89 0.1911
415.92 655.48 80.76 162.32 0.1911
781.56 710.14 80.94 162.58 0.1911
708.44 600.82 80.82 162.31 0.1911
342.75 1093.46 80.70 161.88 0.1911
379.32 108.34 80.85 162.36 0.1911
781.58 163.03 80.81 162.34 0.1911
818.15 546.03 80.81 162.34 0.1911
745.03 491.24 80.82 162.41 0.1911
489.04 764.82 80.80 162.44 0.1911
123.42 1148.08 80.66 161.94 0.1911
671.90 217.80 80.83 162.27 0.1911
452.53 272.49 80.76 162.36 0.1910
598.82 272.49 80.76 162.36 0.1910
562.18 655.50 80.83 162.38 0.1910
598.75 710.21 80.83 162.38 0.1910
86.82 929.06 80.76 162.36 0.1910
562.18 983.78 80.83 162.38 0.1910
598.75 983.78 80.83 162.38 0.1910
635.32 983.78 80.83 162.38 0.1910
708.47 1093.21 80.83 162.38 0.1910
745.04 1093.21 80.83 162.38 0.1910
781.61 1093.21 80.83 162.38 0.1910
415.96 1147.92 80.76 162.36 0.1910
635.32 272.49 80.82 162.35 0.1910
379.32 491.35 80.82 162.35 0.1910
379.32 655.49 80.82 162.35 0.1910
635.28 655.47 80.87 162.43 0.1910
306.18 874.35 80.82 162.35 0.1910
86.83 1038.45 80.73 162.21 0.1910
123.40 1038.45 80.73 162.20 0.1910
306.14 1257.32 80.87 162.43 0.1910
342.71 1257.32 80.87 162.43 0.1910
379.28 1257.32 80.87 162.43 0.1910
452.43 1257.32 80.87 162.43 0.1910
123.57 1312.42 80.50 161.73 0.1910
452.41 710.10 80.87 162.47 0.1910
452.41 819.53 80.87 162.47 0.1910
86.78 382.07 80.73 162.13 0.1910
379.39 381.93 80.77 162.35 0.1910
745.09 381.96 80.77 162.26 0.1910
269.69 655.49 80.72 162.25 0.1910
708.49 983.93 80.73 162.13 0.1910
635.62 1312.61 80.27 161.33 0.1910
708.47 764.87 80.79 162.54 0.1910
854.71 436.51 80.82 162.50 0.1910
306.25 655.48 80.73 162.41 0.1910
599.05 1312.61 80.36 161.34 0.1910
708.48 381.88 80.78 162.38 0.1910
635.32 491.34 80.79 162.39 0.1910
452.48 929.02 80.78 162.38 0.1910
891.60 984.23 80.29 161.33 0.1910
745.06 163.04 80.75 162.31 0.1910
86.77 217.75 80.75 162.31 0.1910
269.61 272.46 80.81 162.37 0.1910
306.18 272.46 80.81 162.37 0.1910
781.63 272.47 80.75 162.31 0.1910
818.20 381.90 80.75 162.31 0.1910
781.63 546.04 80.75 162.31 0.1910
745.06 600.75 80.75 162.31 0.1910
489.04 655.49 80.79 162.26 0.1910
671.91 874.32 80.75 162.31 0.1910
708.49 874.32 80.75 162.31 0.1910
745.06 929.04 80.75 162.31 0.1910
635.33 1093.25 80.83 162.32 0.1910
