23_Shoppers_Shoppers_23_294
200
927.92 0.00 81.02 69.37 0.1925
50.52 444.97 80.28 68.97 0.1920
50.63 93.58 80.12 68.92 0.1918
50.63 491.87 80.12 68.92 0.1918
415.97 374.48 80.61 69.35 0.1917
452.54 397.90 80.61 69.35 0.1917
50.58 163.83 80.22 68.98 0.1917
50.58 234.12 80.22 68.98 0.1917
50.58 351.26 80.22 68.98 0.1917
50.58 398.12 80.22 68.98 0.1917
928.22 445.02 80.38 69.10 0.1917
50.58 280.90 80.23 69.06 0.1917
50.30 0.00 80.81 69.17 0.1917
928.21 374.66 80.40 69.18 0.1917
489.11 421.26 80.72 69.43 0.1917
123.40 514.97 80.72 69.43 0.1917
598.76 468.11 80.78 69.43 0.1917
50.63 46.69 80.16 68.97 0.1916
342.76 538.40 80.80 69.50 0.1916
928.28 117.03 80.33 69.09 0.1916
928.21 187.32 80.39 69.09 0.1915
928.21 281.03 80.40 69.09 0.1915
928.21 327.89 80.40 69.09 0.1915
525.68 444.66 80.63 69.46 0.1915
233.11 514.95 80.63 69.46 0.1915
269.68 514.95 80.63 69.46 0.1915
50.56 538.78 80.22 68.88 0.1915
415.90 444.66 80.70 69.45 0.1915
342.82 186.95 80.73 69.46 0.1915
342.82 304.09 80.73 69.46 0.1915
379.40 304.09 80.73 69.46 0.1915
306.25 350.95 80.73 69.46 0.1915
379.39 374.50 80.64 69.34 0.1915
489.11 374.37 80.73 69.46 0.1915
159.97 491.52 80.73 69.46 0.1915
342.82 491.52 80.73 69.46 0.1915
379.40 491.52 80.73 69.46 0.1915
525.68 491.52 80.73 69.46 0.1915
635.40 491.52 80.73 69.46 0.1915
562.18 421.23 80.79 69.46 0.1915
86.55 0.00 81.19 69.37 0.1915
159.64 0.00 81.27 69.37 0.1915
708.26 0.00 81.19 69.37 0.1915
781.41 0.00 81.19 69.37 0.1915
342.83 350.96 80.62 69.42 0.1915
928.16 491.80 80.45 69.19 0.1915
13.61 0.00 80.80 69.07 0.1915
489.12 468.19 80.70 69.35 0.1915
415.96 210.38 80.74 69.53 0.1915
342.82 233.80 80.74 69.53 0.1915
379.39 233.80 80.74 69.53 0.1915
306.25 304.09 80.74 69.53 0.1915
123.07 0.00 81.25 69.38 0.1915
744.79 0.00 81.25 69.38 0.1915
415.90 257.23 80.81 69.53 0.1915
415.90 304.09 80.81 69.53 0.1915
525.45 0.00 81.16 69.35 0.1914
562.02 0.00 81.16 69.35 0.1914
598.59 0.00 81.16 69.35 0.1914
635.16 0.00 81.16 69.35 0.1914
781.62 304.09 80.78 69.55 0.1914
891.33 0.00 80.87 69.23 0.1914
306.17 538.42 80.83 69.49 0.1914
196.26 0.00 81.22 69.36 0.1914
232.83 0.00 81.22 69.36 0.1914
671.69 0.00 81.22 69.36 0.1914
452.53 444.76 80.73 69.37 0.1914
196.49 93.24 80.76 69.51 0.1914
854.82 304.09 80.72 69.45 0.1914
452.30 0.00 81.15 69.35 0.1913
818.02 0.00 81.15 69.35 0.1913
159.90 538.40 80.80 69.50 0.1913
452.48 491.59 80.68 69.37 0.1913
671.97 491.59 80.71 69.38 0.1913
928.21 70.18 80.40 69.09 0.1913
928.21 234.18 80.40 69.09 0.1913
854.54 0.00 81.21 69.36 0.1913
269.68 257.24 80.74 69.52 0.1913
598.76 374.38 80.70 69.45 0.1913
854.81 468.11 80.76 69.52 0.1913
306.25 69.80 80.73 69.46 0.1913
671.97 93.23 80.73 69.46 0.1913
306.25 186.95 80.73 69.46 0.1913
452.54 350.95 80.73 69.46 0.1913
635.40 374.38 80.73 69.46 0.1913
525.68 397.80 80.73 69.46 0.1913
635.40 421.23 80.73 69.46 0.1913
123.40 468.09 80.73 69.46 0.1913
562.26 468.09 80.73 69.46 0.1913
196.54 491.52 80.73 69.46 0.1913
306.25 491.52 80.73 69.46 0.1913
415.97 514.95 80.73 69.46 0.1913
489.11 514.95 80.73 69.46 0.1913
562.26 514.95 80.73 69.46 0.1913
598.83 514.95 80.73 69.46 0.1913
598.76 421.23 80.79 69.45 0.1913
488.88 0.00 81.16 69.33 0.1913
13.82 70.23 80.23 68.87 0.1913
928.17 538.66 80.45 69.19 0.1912
379.39 444.66 80.65 69.53 0.1912
342.82 69.81 80.74 69.53 0.1912
123.40 93.24 80.74 69.53 0.1912
708.54 93.24 80.74 69.53 0.1912
159.97 116.66 80.74 69.53 0.1912
306.25 116.66 80.74 69.53 0.1912
123.40 140.09 80.74 69.53 0.1912
379.40 163.52 80.74 69.53 0.1912
671.97 210.38 80.74 69.53 0.1912
452.54 233.81 80.74 69.53 0.1912
306.25 257.24 80.74 69.53 0.1912
671.97 257.24 80.74 69.53 0.1912
452.54 280.66 80.74 69.53 0.1912
635.40 304.09 80.74 69.53 0.1912
671.97 350.95 80.74 69.53 0.1912
708.54 350.95 80.74 69.53 0.1912
562.25 374.38 80.74 69.53 0.1912
671.97 397.81 80.74 69.53 0.1912
708.54 397.81 80.74 69.53 0.1912
123.40 421.24 80.74 69.53 0.1912
306.25 421.24 80.74 69.53 0.1912
159.97 444.66 80.74 69.53 0.1912
671.97 444.66 80.74 69.53 0.1912
708.54 468.09 80.74 69.53 0.1912
86.82 514.95 80.74 69.53 0.1912
708.54 514.95 80.74 69.53 0.1912
745.11 514.95 80.74 69.53 0.1912
781.68 514.95 80.74 69.53 0.1912
854.82 514.95 80.74 69.53 0.1912
269.61 93.24 80.81 69.53 0.1912
13.81 117.01 80.25 68.95 0.1912
342.76 116.66 80.81 69.53 0.1912
708.47 140.09 80.81 69.53 0.1912
744.99 140.07 80.84 69.56 0.1912
13.81 163.86 80.25 68.95 0.1912
415.90 163.52 80.81 69.53 0.1912
13.81 210.72 80.25 68.95 0.1912
708.47 233.81 80.81 69.53 0.1912
13.81 281.01 80.25 68.95 0.1912
489.04 304.09 80.81 69.53 0.1912
671.90 304.09 80.81 69.53 0.1912
598.76 327.52 80.81 69.53 0.1912
13.81 351.29 80.25 68.95 0.1912
13.81 398.15 80.25 68.95 0.1912
13.81 445.01 80.25 68.95 0.1912
196.47 444.66 80.81 69.53 0.1912
269.61 468.09 80.81 69.53 0.1912
379.33 538.38 80.81 69.53 0.1912
452.47 538.38 80.81 69.53 0.1912
525.61 538.38 80.81 69.53 0.1912
635.33 538.38 80.81 69.53 0.1912
671.90 538.38 80.81 69.53 0.1912
818.18 538.38 80.81 69.53 0.1912
488.99 186.92 80.88 69.59 0.1912
379.12 0.00 81.21 69.36 0.1912
379.41 93.25 80.72 69.49 0.1912
269.69 304.11 80.72 69.49 0.1912
781.64 350.99 80.71 69.45 0.1912
159.98 397.82 80.72 69.49 0.1912
233.04 350.95 80.69 69.54 0.1912
196.48 374.39 80.79 69.49 0.1912
708.54 186.95 80.72 69.55 0.1912
525.69 350.95 80.72 69.55 0.1912
745.05 93.23 80.78 69.54 0.1911
196.48 140.09 80.78 69.54 0.1911
745.05 186.95 80.78 69.54 0.1911
196.48 233.80 80.78 69.54 0.1911
745.05 327.52 80.78 69.54 0.1911
123.33 374.37 80.78 69.54 0.1911
233.05 421.23 80.78 69.54 0.1911
233.05 468.09 80.78 69.54 0.1911
159.98 163.53 80.70 69.51 0.1911
854.81 257.25 80.76 69.51 0.1911
818.26 280.74 80.59 69.38 0.1911
415.92 116.67 80.76 69.50 0.1911
233.06 257.25 80.76 69.50 0.1911
269.44 0.00 81.18 69.34 0.1911
635.33 93.24 80.79 69.44 0.1911
745.01 397.82 80.81 69.53 0.1911
342.63 0.00 81.12 69.35 0.1911
415.78 0.00 81.12 69.35 0.1911
672.01 163.54 80.71 69.49 0.1911
854.86 210.39 80.71 69.49 0.1911
306.02 0.00 81.16 69.36 0.1910
159.97 210.38 80.74 69.52 0.1910
854.82 374.38 80.74 69.52 0.1910
123.33 233.81 80.80 69.51 0.1910
818.18 491.54 80.82 69.52 0.1910
196.50 186.99 80.71 69.44 0.1910
342.81 421.26 80.77 69.52 0.1910
781.64 444.71 80.71 69.44 0.1910
452.48 186.97 80.81 69.50 0.1910
196.46 538.40 80.83 69.51 0.1910
708.54 280.68 80.73 69.54 0.1910
269.68 421.25 80.73 69.54 0.1910
745.11 468.11 80.73 69.54 0.1910
233.05 93.23 80.78 69.53 0.1910
781.62 93.23 80.78 69.53 0.1910
854.76 93.23 80.78 69.53 0.1910
635.33 140.09 80.78 69.53 0.1910
269.62 186.95 80.78 69.53 0.1910
