23_Shoppers_Shoppers_23_665
200
927.91 0.00 81.04 71.81 0.1925
50.55 460.59 80.24 71.39 0.1921
50.63 145.36 80.16 71.36 0.1920
50.63 533.36 80.16 71.36 0.1920
50.63 48.33 80.16 71.38 0.1918
50.63 193.86 80.12 71.33 0.1918
50.63 242.36 80.12 71.33 0.1918
50.63 290.86 80.12 71.33 0.1918
50.63 339.36 80.12 71.33 0.1918
50.63 387.86 80.12 71.33 0.1918
50.59 96.85 80.16 71.36 0.1917
928.20 557.55 80.45 71.62 0.1917
50.30 0.00 80.81 71.59 0.1917
489.11 120.83 80.71 71.81 0.1916
123.12 0.00 81.22 71.79 0.1916
159.69 0.00 81.22 71.79 0.1916
269.40 0.00 81.22 71.79 0.1916
928.21 290.89 80.40 71.51 0.1915
928.21 339.39 80.40 71.51 0.1915
379.40 72.25 80.73 71.90 0.1915
452.54 72.25 80.73 71.90 0.1915
489.11 72.25 80.73 71.90 0.1915
745.11 120.75 80.73 71.90 0.1915
525.68 145.00 80.73 71.90 0.1915
562.25 145.00 80.73 71.90 0.1915
598.82 145.00 80.73 71.90 0.1915
708.54 145.00 80.73 71.90 0.1915
745.11 169.25 80.73 71.90 0.1915
818.25 217.75 80.73 71.90 0.1915
781.61 120.75 80.79 71.89 0.1915
635.33 193.50 80.79 71.89 0.1915
708.47 484.50 80.79 71.89 0.1915
196.26 0.00 81.19 71.80 0.1915
379.12 0.00 81.19 71.80 0.1915
415.69 0.00 81.19 71.80 0.1915
452.26 0.00 81.19 71.80 0.1915
488.83 0.00 81.19 71.80 0.1915
525.41 0.00 81.19 71.80 0.1915
561.98 0.00 81.19 71.80 0.1915
598.55 0.00 81.19 71.80 0.1915
635.12 0.00 81.19 71.80 0.1915
671.69 0.00 81.19 71.80 0.1915
744.83 0.00 81.19 71.80 0.1915
817.98 0.00 81.19 71.80 0.1915
452.54 120.83 80.73 71.89 0.1915
928.20 484.82 80.45 71.61 0.1915
598.82 72.25 80.74 71.97 0.1915
635.39 72.25 80.74 71.97 0.1915
708.54 72.25 80.74 71.97 0.1915
781.68 72.25 80.74 71.97 0.1915
708.54 217.75 80.74 71.97 0.1915
818.25 266.25 80.74 71.97 0.1915
854.82 266.25 80.74 71.97 0.1915
525.68 290.50 80.74 71.97 0.1915
745.11 436.00 80.74 71.97 0.1915
671.96 484.50 80.74 71.97 0.1915
671.96 533.00 80.74 71.97 0.1915
708.54 533.00 80.74 71.97 0.1915
708.22 0.00 81.25 71.81 0.1915
562.18 72.25 80.81 71.97 0.1915
671.90 72.25 80.81 71.97 0.1915
598.75 217.75 80.81 71.97 0.1915
781.61 217.75 80.81 71.97 0.1915
854.75 217.75 80.81 71.97 0.1915
635.32 242.00 80.81 71.97 0.1915
708.47 436.00 80.81 71.97 0.1915
232.88 0.00 81.16 71.78 0.1914
306.02 0.00 81.16 71.78 0.1914
342.59 0.00 81.16 71.78 0.1914
13.59 0.00 80.80 71.55 0.1914
781.41 0.00 81.19 71.79 0.1913
598.97 581.65 80.40 71.74 0.1913
562.40 581.67 80.52 71.68 0.1913
928.21 193.89 80.40 71.51 0.1913
525.61 193.50 80.70 71.88 0.1913
489.04 557.27 80.83 71.97 0.1913
891.79 581.94 79.91 71.09 0.1913
854.50 0.00 81.25 71.80 0.1913
123.40 72.25 80.73 71.89 0.1913
342.83 72.25 80.73 71.89 0.1913
415.97 72.25 80.73 71.89 0.1913
818.26 96.50 80.73 71.89 0.1913
415.97 120.75 80.73 71.89 0.1913
854.83 120.75 80.73 71.89 0.1913
818.26 145.00 80.73 71.89 0.1913
452.54 169.25 80.73 71.89 0.1913
489.11 169.25 80.73 71.89 0.1913
854.83 169.25 80.73 71.89 0.1913
671.97 193.50 80.73 71.89 0.1913
562.26 217.75 80.73 71.89 0.1913
745.11 217.75 80.73 71.89 0.1913
818.26 339.00 80.73 71.89 0.1913
562.26 363.25 80.73 71.89 0.1913
818.26 411.75 80.73 71.89 0.1913
86.76 96.50 80.79 71.89 0.1913
635.33 145.00 80.79 71.89 0.1913
671.90 145.00 80.79 71.89 0.1913
781.62 169.25 80.79 71.89 0.1913
86.76 314.75 80.79 71.89 0.1913
525.62 339.00 80.79 71.89 0.1913
598.76 339.00 80.79 71.89 0.1913
745.04 339.00 80.79 71.89 0.1913
745.04 484.50 80.79 71.89 0.1913
745.11 533.08 80.73 71.89 0.1913
123.27 557.22 80.87 72.01 0.1913
891.43 0.00 80.77 71.62 0.1913
928.20 48.31 80.41 71.59 0.1913
928.21 121.06 80.41 71.59 0.1913
306.25 96.50 80.74 71.97 0.1912
86.82 145.00 80.74 71.97 0.1912
123.40 169.25 80.74 71.97 0.1912
489.11 217.75 80.74 71.97 0.1912
525.68 242.00 80.74 71.97 0.1912
671.97 242.00 80.74 71.97 0.1912
562.25 266.25 80.74 71.97 0.1912
708.54 266.25 80.74 71.97 0.1912
781.68 266.25 80.74 71.97 0.1912
123.40 290.50 80.74 71.97 0.1912
635.40 290.50 80.74 71.97 0.1912
671.97 290.50 80.74 71.97 0.1912
745.11 290.50 80.74 71.97 0.1912
306.25 314.75 80.74 71.97 0.1912
562.25 314.75 80.74 71.97 0.1912
708.54 314.75 80.74 71.97 0.1912
781.68 314.75 80.74 71.97 0.1912
854.82 314.75 80.74 71.97 0.1912
708.54 363.25 80.74 71.97 0.1912
781.68 363.25 80.74 71.97 0.1912
598.82 387.50 80.74 71.97 0.1912
745.11 387.50 80.74 71.97 0.1912
562.25 411.75 80.74 71.97 0.1912
635.40 411.75 80.74 71.97 0.1912
781.68 411.75 80.74 71.97 0.1912
598.82 436.00 80.74 71.97 0.1912
671.97 436.00 80.74 71.97 0.1912
635.40 460.25 80.74 71.97 0.1912
781.68 460.25 80.74 71.97 0.1912
818.25 460.25 80.74 71.97 0.1912
598.82 484.50 80.74 71.97 0.1912
635.40 508.75 80.74 71.97 0.1912
781.68 508.75 80.74 71.97 0.1912
818.25 508.75 80.74 71.97 0.1912
86.60 0.00 81.13 71.78 0.1912
525.61 72.25 80.81 71.96 0.1912
123.33 120.75 80.81 71.96 0.1912
379.33 120.75 80.81 71.96 0.1912
306.18 145.00 80.81 71.96 0.1912
342.76 145.00 80.81 71.96 0.1912
306.18 193.50 80.81 71.96 0.1912
489.04 266.25 80.81 71.96 0.1912
598.76 266.25 80.81 71.96 0.1912
489.04 314.75 80.81 71.96 0.1912
489.04 363.25 80.81 71.96 0.1912
854.76 363.25 80.81 71.96 0.1912
854.76 411.75 80.81 71.96 0.1912
635.33 557.25 80.81 71.96 0.1912
818.18 557.25 80.81 71.96 0.1912
50.71 581.94 79.99 71.19 0.1912
928.22 412.06 80.39 71.57 0.1912
159.91 145.02 80.81 71.95 0.1912
306.26 242.00 80.72 71.99 0.1912
671.97 339.00 80.72 71.99 0.1912
269.62 96.50 80.78 71.98 0.1911
342.76 193.50 80.78 71.98 0.1911
635.33 339.00 80.78 71.98 0.1911
671.90 387.50 80.78 71.98 0.1911
854.76 460.25 80.78 71.98 0.1911
854.76 533.00 80.78 71.98 0.1911
891.65 484.80 80.11 71.34 0.1911
525.89 581.67 80.44 71.66 0.1911
123.30 508.76 80.84 71.98 0.1911
854.82 72.27 80.74 71.88 0.1911
415.97 169.25 80.72 71.88 0.1911
452.49 242.02 80.76 71.94 0.1911
123.40 363.25 80.72 71.88 0.1911
233.05 436.05 80.79 71.91 0.1911
269.62 436.05 80.79 71.91 0.1911
489.05 460.30 80.79 71.91 0.1911
159.91 557.30 80.79 71.91 0.1911
196.44 436.04 80.82 71.94 0.1911
415.87 436.04 80.82 71.94 0.1911
13.83 557.68 80.26 71.31 0.1911
379.37 436.02 80.78 71.94 0.1911
781.84 581.66 80.41 71.68 0.1911
86.82 193.52 80.76 71.96 0.1910
123.40 217.76 80.74 71.95 0.1910
269.67 290.52 80.76 71.96 0.1910
342.82 339.02 80.76 71.96 0.1910
525.68 387.51 80.74 71.95 0.1910
306.18 436.02 80.83 71.97 0.1910
379.32 557.27 80.83 71.97 0.1910
415.90 557.27 80.83 71.97 0.1910
452.47 557.27 80.83 71.97 0.1910
159.89 72.27 80.82 71.95 0.1910
269.61 145.02 80.82 71.95 0.1910
379.33 169.26 80.80 71.95 0.1910
86.75 266.27 80.82 71.95 0.1910
452.46 339.02 80.82 71.95 0.1910
233.01 557.26 80.82 72.03 0.1910
269.58 557.26 80.82 72.03 0.1910
