35_Basketball_playingbasketball_35_156
52
915.69 391.16 42.03 62.39 0.3281
775.33 216.63 77.31 124.92 0.2755
182.84 163.01 42.42 46.35 0.2654
399.86 440.47 100.88 108.33 0.2587
859.43 379.09 53.28 63.10 0.2526
517.69 212.08 18.92 28.58 0.2495
843.62 388.56 64.78 93.85 0.2440
744.78 216.97 76.22 101.82 0.2431
61.33 103.21 119.28 92.14 0.2266
94.10 136.41 106.97 107.29 0.2012
452.54 404.59 67.13 104.80 0.1205
492.23 303.31 57.34 124.76 0.1201
358.64 330.65 88.29 153.91 0.1079
232.45 593.38 11.46 12.52 0.0957
267.98 620.57 12.01 12.14 0.0922
798.81 359.33 106.15 132.71 0.0877
359.57 377.39 123.71 179.96 0.0871
267.54 595.43 12.73 13.13 0.0855
1000.60 402.07 18.86 35.24 0.0809
437.63 413.18 127.19 150.12 0.0795
941.31 416.54 40.51 52.65 0.0787
267.70 569.46 15.10 16.77 0.0775
800.52 259.42 72.31 111.36 0.0762
473.41 334.75 65.71 134.88 0.0746
904.34 422.93 50.97 71.88 0.0743
158.35 595.94 14.23 13.46 0.0732
430.18 375.60 63.06 108.21 0.0698
230.42 570.84 16.18 17.49 0.0672
147.50 166.12 76.33 93.78 0.0649
194.44 619.96 12.44 14.04 0.0647
737.58 135.00 178.76 185.36 0.0636
1000.34 383.00 19.05 35.22 0.0631
116.47 87.64 100.64 71.27 0.0631
193.03 570.58 14.83 14.38 0.0629
121.37 594.64 12.61 13.01 0.0626
305.02 618.30 11.12 14.15 0.0625
232.34 621.27 11.07 12.86 0.0624
119.43 570.68 15.18 17.86 0.0621
157.59 616.05 14.03 15.14 0.0610
542.81 616.48 58.94 46.69 0.0607
44.33 170.09 99.07 103.78 0.0605
36.49 68.54 127.26 94.19 0.0600
158.47 571.70 14.33 14.01 0.0593
893.10 359.02 57.58 80.73 0.0581
340.04 635.61 24.74 30.99 0.0569
996.38 418.32 21.63 45.20 0.0558
85.86 594.74 11.93 13.75 0.0553
193.22 594.52 13.90 13.89 0.0537
787.66 409.54 153.58 109.84 0.0530
341.01 618.12 15.28 18.86 0.0516
514.34 615.59 70.10 63.90 0.0511
231.08 642.65 14.72 20.67 0.0508
