35_Basketball_basketballgame_ball_35_479
200
815.31 582.40 20.55 27.06 0.3237
521.47 536.08 25.61 37.67 0.2563
812.46 592.62 21.73 32.41 0.2562
118.94 438.31 15.53 19.15 0.2293
230.54 466.61 18.24 21.42 0.2213
45.66 464.11 18.88 25.70 0.1995
44.93 413.84 17.93 21.06 0.1962
992.83 270.60 18.81 27.83 0.1952
948.12 604.53 31.93 28.01 0.1908
154.48 444.37 16.80 19.18 0.1892
45.71 383.09 18.70 23.19 0.1882
143.89 467.24 26.77 27.75 0.1731
616.72 551.42 31.14 40.84 0.1725
889.11 87.20 15.02 17.27 0.1719
43.83 440.72 19.63 26.86 0.1710
993.96 255.48 17.17 27.28 0.1653
10.02 412.68 16.82 24.00 0.1638
415.92 229.12 9.02 11.27 0.1598
817.60 254.70 10.09 12.21 0.1591
819.02 310.12 9.26 12.34 0.1584
890.39 226.47 11.92 16.24 0.1582
411.31 573.47 25.20 33.02 0.1575
10.31 390.49 15.34 20.55 0.1537
86.43 444.45 15.68 17.35 0.1535
256.07 497.57 21.90 22.89 0.1527
927.85 198.46 11.23 15.62 0.1526
670.26 281.02 11.96 14.37 0.1517
146.35 483.60 25.61 32.12 0.1513
888.27 144.23 13.35 14.89 0.1510
926.85 281.38 11.22 17.26 0.1508
379.57 228.13 9.31 11.07 0.1497
190.11 521.11 22.71 30.30 0.1495
876.47 629.86 31.73 43.13 0.1486
193.20 468.21 19.75 21.97 0.1484
964.54 226.59 11.51 14.90 0.1477
378.88 170.93 12.90 18.00 0.1473
1000.37 194.09 11.47 17.53 0.1464
414.97 253.92 10.96 11.56 0.1419
121.62 421.70 13.56 19.17 0.1416
744.74 254.30 9.76 11.81 0.1414
927.47 117.37 11.47 15.25 0.1396
47.79 552.44 16.39 19.61 0.1382
708.23 282.40 10.84 13.52 0.1377
708.36 307.24 11.82 14.76 0.1375
853.07 335.05 12.44 16.19 0.1369
451.40 255.70 11.06 10.93 0.1367
890.33 199.35 11.13 13.94 0.1367
854.60 282.31 10.49 14.21 0.1366
378.18 255.44 11.39 12.43 0.1359
854.56 254.50 9.07 12.89 0.1353
698.29 586.85 41.65 69.79 0.1334
229.86 494.45 25.78 27.95 0.1330
854.22 144.67 11.01 12.97 0.1325
308.08 255.08 10.14 11.96 0.1320
84.97 418.09 13.60 16.13 0.1320
926.24 142.33 12.18 17.17 0.1314
9.72 438.64 16.72 25.85 0.1312
782.48 255.77 9.30 12.58 0.1311
558.62 254.95 11.80 12.94 0.1303
520.27 306.20 17.08 18.73 0.1303
338.04 496.63 14.79 19.26 0.1294
342.58 200.00 10.25 15.44 0.1292
374.62 462.91 23.23 28.70 0.1286
489.96 229.10 9.34 11.25 0.1284
379.74 197.09 11.17 14.93 0.1280
447.52 542.82 25.58 36.47 0.1280
451.65 228.15 9.72 10.90 0.1266
854.97 226.85 9.18 13.60 0.1266
781.13 310.18 9.70 13.59 0.1252
514.79 550.03 29.27 52.74 0.1248
962.12 307.37 12.57 19.06 0.1247
422.62 358.91 42.81 37.72 0.1242
719.76 580.51 35.55 51.42 0.1239
646.45 562.47 46.61 54.70 0.1238
855.20 307.73 11.62 13.96 0.1233
555.09 572.61 24.22 34.41 0.1232
961.84 329.02 13.66 20.71 0.1230
190.81 444.75 18.35 23.19 0.1230
671.27 255.16 11.71 13.80 0.1229
253.05 517.21 25.12 28.04 0.1228
854.39 199.29 9.65 14.07 0.1222
568.08 714.34 47.53 43.71 0.1218
122.28 470.76 20.84 25.35 0.1218
770.98 124.26 24.70 30.69 0.1217
337.97 522.54 18.79 25.43 0.1214
376.16 277.63 14.90 15.37 0.1213
196.74 199.59 9.14 11.59 0.1195
587.71 519.09 27.91 37.01 0.1195
557.70 278.25 13.82 15.98 0.1194
551.71 545.09 23.47 35.12 0.1192
457.43 467.47 46.31 52.92 0.1189
812.42 142.65 15.79 15.46 0.1180
516.59 488.71 26.64 37.33 0.1179
326.61 594.30 38.69 46.88 0.1178
301.82 524.08 20.51 26.26 0.1175
744.79 228.79 9.12 11.07 0.1172
85.74 308.31 12.00 13.40 0.1171
744.19 334.50 11.67 14.30 0.1170
343.55 225.39 9.90 12.29 0.1168
874.50 706.86 47.39 53.29 0.1168
927.25 171.18 11.06 14.79 0.1167
888.67 169.17 12.79 15.09 0.1166
553.24 524.11 22.82 34.49 0.1164
254.53 468.06 23.01 22.45 0.1164
818.74 332.20 12.32 16.52 0.1163
122.14 485.64 24.83 31.28 0.1154
998.75 332.99 14.80 22.41 0.1152
962.46 145.19 12.43 16.62 0.1150
854.50 170.69 10.50 13.51 0.1146
483.73 280.90 16.84 16.30 0.1143
448.97 279.91 15.40 15.11 0.1141
745.84 308.72 11.40 14.76 0.1140
1001.03 171.92 11.43 18.19 0.1138
809.16 647.98 24.17 37.63 0.1137
487.06 253.36 11.86 12.68 0.1135
757.06 108.62 40.31 33.33 0.1131
960.42 5.31 20.16 24.30 0.1125
889.87 281.09 11.36 16.27 0.1125
189.44 496.38 23.59 29.53 0.1122
999.26 225.11 13.27 18.19 0.1117
374.74 525.52 19.00 30.52 0.1117
848.24 630.80 25.25 36.99 0.1116
480.09 572.21 32.38 48.12 0.1112
590.51 543.94 32.83 49.28 0.1107
592.39 563.92 33.49 46.49 0.1103
853.83 362.67 14.93 19.21 0.1100
451.32 200.39 10.04 12.09 0.1096
668.53 328.96 16.79 19.66 0.1095
812.91 624.02 21.49 37.96 0.1093
229.84 445.84 21.34 29.54 0.1077
86.34 171.18 12.95 17.98 0.1077
38.61 601.16 27.22 28.04 0.1077
817.28 200.21 10.62 12.82 0.1076
817.45 227.16 11.25 13.34 0.1072
746.11 282.46 10.88 13.33 0.1072
669.15 306.92 13.80 18.39 0.1069
781.66 227.33 9.35 12.15 0.1068
780.37 333.68 11.93 15.67 0.1067
964.98 197.72 11.79 15.34 0.1065
890.24 249.54 12.48 18.62 0.1064
526.86 255.78 11.71 12.23 0.1064
83.56 467.04 17.23 22.02 0.1061
414.32 280.70 14.63 14.00 0.1060
599.06 173.20 9.52 11.65 0.1058
415.14 198.24 9.88 12.65 0.1055
225.85 516.05 28.99 35.30 0.1054
619.44 515.94 34.86 42.40 0.1048
408.10 542.89 24.37 35.94 0.1047
888.57 112.02 14.81 17.93 0.1042
476.26 541.66 29.85 39.61 0.1040
958.12 21.58 24.60 27.87 0.1038
927.75 223.99 11.48 16.53 0.1035
706.92 334.78 14.53 16.29 0.1029
9.12 552.27 15.99 22.88 0.1023
6.90 465.08 19.22 29.11 0.1020
526.31 227.93 8.70 11.15 0.1018
700.82 361.58 22.10 22.03 0.1018
444.19 467.42 37.32 51.86 0.1015
439.21 4.57 30.37 22.18 0.1010
962.99 168.77 12.50 16.89 0.1009
414.57 172.03 11.37 16.74 0.1001
926.32 364.23 12.79 16.70 0.1000
708.00 255.16 11.53 13.53 0.0998
482.30 305.09 22.14 18.85 0.0998
259.39 582.14 38.25 52.86 0.0997
12.90 308.52 11.43 16.38 0.0996
47.33 309.81 12.90 14.61 0.0995
997.07 290.87 17.15 32.59 0.0992
342.82 255.94 9.76 12.23 0.0992
706.54 226.38 10.92 12.29 0.0991
523.64 280.84 15.02 16.62 0.0991
439.85 587.28 41.31 47.17 0.0991
85.38 524.00 17.61 21.20 0.0989
750.35 86.19 51.83 49.02 0.0988
557.14 597.19 29.61 38.12 0.0987
151.19 420.31 20.52 23.55 0.0987
405.73 519.93 25.22 35.74 0.0983
160.75 228.69 8.31 11.98 0.0982
888.58 333.44 13.54 17.81 0.0977
120.06 172.82 12.69 15.54 0.0975
437.62 561.43 36.16 49.21 0.0969
848.37 638.44 34.42 49.15 0.0968
300.05 546.00 26.52 30.56 0.0966
70.94 602.56 29.81 31.61 0.0961
215.52 545.91 31.72 32.05 0.0957
119.44 548.95 18.77 22.45 0.0957
816.10 171.07 11.44 13.23 0.0955
81.39 550.31 17.82 19.62 0.0955
190.64 535.46 31.59 38.82 0.0955
160.64 253.84 8.09 11.55 0.0950
285.34 587.62 60.01 65.24 0.0949
489.85 199.59 8.53 11.16 0.0942
260.85 571.17 27.85 38.62 0.0939
367.95 534.92 24.51 38.69 0.0939
481.03 330.57 26.27 21.71 0.0938
632.81 281.35 16.09 17.99 0.0935
113.12 623.09 25.14 29.86 0.0934
886.94 307.20 13.31 16.02 0.0934
852.57 114.67 14.83 16.55 0.0933
670.67 174.26 11.39 11.49 0.0932
