35_Basketball_playingbasketball_35_113
21
579.27 123.76 62.73 65.95 0.6831
489.90 165.11 51.97 63.13 0.5725
545.53 150.44 53.97 66.45 0.1632
559.10 101.45 63.05 80.15 0.1149
529.73 184.26 60.68 69.45 0.1134
578.17 175.68 68.92 80.30 0.1125
444.45 203.83 54.30 70.69 0.0840
579.28 74.48 63.17 85.66 0.0805
516.17 346.23 76.01 89.24 0.0783
595.28 273.14 95.80 113.73 0.0716
579.64 213.13 50.25 65.61 0.0677
487.62 268.26 66.60 68.21 0.0648
507.74 340.22 59.28 63.39 0.0634
618.26 205.35 43.92 53.32 0.0622
118.04 1.77 21.37 19.04 0.0618
463.18 214.11 85.99 81.70 0.0595
606.63 106.83 94.68 94.23 0.0584
5.18 0.00 25.04 25.86 0.0570
491.45 264.33 108.87 148.21 0.0557
78.10 0.00 25.28 22.45 0.0554
211.50 1.43 42.94 26.58 0.0501
