35_Basketball_Basketball_35_209
200
507.92 125.04 33.82 43.34 0.4029
702.02 252.74 18.67 24.10 0.3218
815.74 168.70 13.77 16.70 0.3010
82.51 288.28 19.22 17.85 0.2988
194.40 185.74 29.49 22.97 0.2936
963.28 219.44 27.53 24.66 0.2906
742.33 224.84 18.38 20.12 0.2896
962.51 168.70 15.67 15.29 0.2879
83.15 231.15 15.54 16.91 0.2828
10.67 229.67 16.98 16.71 0.2808
661.68 240.01 21.98 23.47 0.2792
304.33 86.24 15.16 15.63 0.2686
447.18 237.26 26.17 28.74 0.2676
923.02 166.65 15.94 14.46 0.2657
854.94 167.99 15.43 16.58 0.2635
429.49 106.44 31.24 32.62 0.2631
120.32 188.97 13.70 14.38 0.2479
302.81 207.64 17.59 16.41 0.2477
995.20 162.98 17.76 17.52 0.2467
705.46 126.71 17.62 15.89 0.2456
158.97 190.42 18.92 16.79 0.2391
521.27 52.61 22.99 28.06 0.2349
82.75 189.58 14.06 14.00 0.2349
561.16 32.79 37.23 35.69 0.2326
519.86 238.99 24.01 25.59 0.2313
959.84 181.62 24.85 22.61 0.2305
155.28 230.56 16.56 15.15 0.2285
924.57 150.80 12.58 10.36 0.2280
666.15 64.82 20.36 20.34 0.2261
0.49 351.89 29.85 32.88 0.2260
555.48 48.17 39.00 37.62 0.2255
46.39 231.05 14.37 15.60 0.2244
81.26 244.20 17.30 18.13 0.2233
46.50 250.52 16.28 16.76 0.2223
851.95 109.30 14.17 14.03 0.2214
121.54 250.63 15.87 18.13 0.2196
10.23 186.71 16.38 16.91 0.2192
446.83 153.19 36.07 36.11 0.2183
663.16 125.96 21.39 21.11 0.2178
996.01 149.10 15.45 12.72 0.2173
632.32 229.74 16.80 17.04 0.2152
744.08 209.74 16.25 19.11 0.2147
46.55 208.10 14.66 13.47 0.2144
635.09 210.14 13.89 11.81 0.2138
48.85 190.27 14.93 14.88 0.2136
597.25 248.40 18.12 19.47 0.2134
122.67 228.70 13.59 15.08 0.2109
152.04 268.88 21.50 19.28 0.2107
83.93 209.84 13.64 13.62 0.2082
482.99 228.46 19.51 19.56 0.2078
887.35 188.77 15.46 17.95 0.2077
402.78 55.02 22.34 24.89 0.2065
43.36 266.23 17.74 16.18 0.2062
625.40 244.12 22.03 21.62 0.2031
705.99 209.11 13.58 14.39 0.2023
924.38 186.99 18.41 17.37 0.1986
150.35 283.96 25.70 22.90 0.1983
960.71 205.81 36.62 33.27 0.1974
38.86 345.82 26.58 27.01 0.1970
483.12 243.95 21.25 23.55 0.1949
120.11 209.05 13.44 13.88 0.1936
891.39 149.59 10.38 9.43 0.1923
43.91 291.82 18.97 16.21 0.1923
11.12 270.69 14.84 13.71 0.1913
153.25 248.95 20.02 19.50 0.1911
813.68 182.52 16.36 19.76 0.1908
265.24 225.19 19.20 19.46 0.1900
213.03 187.66 29.58 20.96 0.1896
11.48 207.69 16.46 16.27 0.1894
269.13 67.42 10.24 10.76 0.1888
743.06 127.58 19.02 17.66 0.1881
849.69 123.07 15.82 16.41 0.1860
996.41 126.81 14.67 12.14 0.1845
303.86 67.60 12.02 12.88 0.1840
544.38 93.95 36.12 33.33 0.1838
963.02 149.11 12.60 10.72 0.1832
430.22 138.21 40.44 40.76 0.1831
890.20 169.35 12.08 13.33 0.1818
551.73 67.40 37.40 40.12 0.1817
262.74 189.41 20.37 18.34 0.1816
11.31 66.21 15.87 15.81 0.1816
233.02 68.50 9.63 9.57 0.1816
988.74 220.97 30.72 30.27 0.1799
743.69 140.46 18.00 18.50 0.1796
781.15 107.46 12.86 11.92 0.1783
817.40 204.91 15.81 18.24 0.1779
7.78 245.32 18.21 17.66 0.1772
409.74 78.97 19.31 21.93 0.1765
478.05 264.03 28.96 33.97 0.1765
668.00 207.43 16.22 13.76 0.1756
597.11 231.00 15.67 15.59 0.1746
120.42 265.16 17.62 18.44 0.1742
812.01 149.73 14.95 13.63 0.1737
270.23 47.27 8.69 9.02 0.1733
263.29 207.07 19.79 17.94 0.1732
890.42 128.28 10.74 10.62 0.1724
962.39 129.64 12.14 10.24 0.1724
81.83 273.06 17.97 18.65 0.1723
342.01 85.36 15.03 14.61 0.1716
303.18 223.78 17.48 19.31 0.1715
6.01 291.74 17.88 16.15 0.1714
157.33 201.64 19.57 19.73 0.1698
855.03 181.59 16.66 19.26 0.1695
669.76 190.15 16.45 14.90 0.1691
855.10 148.61 13.72 13.18 0.1684
514.29 103.62 33.03 45.28 0.1681
988.73 202.81 33.55 34.93 0.1680
470.60 267.64 43.59 63.29 0.1674
220.00 192.35 25.93 26.98 0.1670
667.31 72.54 20.56 24.25 0.1666
743.82 84.91 13.28 12.79 0.1666
994.69 186.47 25.21 27.74 0.1664
815.04 108.38 12.53 12.31 0.1657
266.65 86.69 13.54 13.39 0.1651
743.11 187.20 13.97 15.22 0.1643
780.13 147.10 13.20 14.04 0.1643
195.81 68.87 9.40 8.98 0.1639
412.87 113.55 40.58 36.35 0.1623
48.92 48.20 13.54 11.72 0.1617
1000.62 275.95 23.32 30.21 0.1602
707.31 109.47 16.26 13.94 0.1600
704.11 228.22 17.42 19.14 0.1599
1.00 307.77 22.94 21.23 0.1593
577.44 70.96 35.63 37.14 0.1591
191.19 226.30 20.38 21.61 0.1577
300.62 96.43 21.77 20.72 0.1575
949.32 243.79 29.39 28.88 0.1575
743.84 107.92 14.59 12.00 0.1565
214.17 425.45 40.59 25.25 0.1557
890.53 109.46 10.87 10.95 0.1549
481.62 99.06 26.23 32.73 0.1545
446.80 166.35 46.13 44.84 0.1534
817.08 127.60 13.12 12.33 0.1534
923.84 203.24 20.23 20.65 0.1519
303.25 190.73 16.54 16.58 0.1517
817.46 226.23 15.31 19.59 0.1516
927.29 129.63 11.63 9.65 0.1516
586.54 94.00 29.08 32.57 0.1508
119.79 288.72 19.07 19.77 0.1493
628.49 268.41 20.82 23.17 0.1492
159.66 68.36 9.99 8.47 0.1488
624.21 122.19 32.06 30.80 0.1487
160.39 48.05 8.92 7.34 0.1486
405.70 250.14 80.86 112.07 0.1477
852.10 86.74 12.19 10.55 0.1474
340.89 106.35 15.41 13.80 0.1473
42.13 330.21 25.47 24.21 0.1469
850.65 227.67 17.02 19.99 0.1456
340.42 247.38 19.77 16.61 0.1452
538.80 108.84 40.91 39.40 0.1450
743.65 67.85 12.06 13.85 0.1449
197.22 48.31 7.82 7.62 0.1442
306.16 48.01 9.27 10.41 0.1432
665.74 107.90 20.80 21.94 0.1424
952.06 259.06 25.85 27.09 0.1419
884.77 198.47 20.40 23.08 0.1414
889.61 84.27 13.01 12.33 0.1407
557.45 227.54 17.00 18.36 0.1406
446.15 249.11 31.34 37.46 0.1374
589.99 110.50 25.38 32.91 0.1371
927.29 109.30 11.85 10.22 0.1369
887.46 66.35 15.51 14.07 0.1364
232.86 27.03 9.61 10.58 0.1361
342.55 65.24 14.18 15.58 0.1353
232.48 47.60 9.02 8.82 0.1352
269.49 28.33 8.45 11.32 0.1352
479.16 76.56 21.95 26.46 0.1345
195.77 87.54 10.80 9.90 0.1341
520.18 72.42 29.10 34.98 0.1336
777.26 127.21 13.58 13.35 0.1330
300.83 248.14 18.36 17.33 0.1328
741.59 237.04 19.54 26.44 0.1318
851.35 208.60 15.48 18.08 0.1317
184.29 287.31 24.89 23.22 0.1315
10.56 79.72 14.25 15.87 0.1304
780.91 85.98 12.01 11.85 0.1304
446.84 62.39 18.99 24.41 0.1301
407.18 126.96 35.85 38.63 0.1298
707.07 189.59 15.44 14.91 0.1298
46.75 64.56 14.69 12.45 0.1297
231.94 87.02 11.12 10.21 0.1296
378.96 108.05 16.91 17.75 0.1293
620.65 100.94 30.25 28.27 0.1290
996.88 108.16 14.90 12.49 0.1289
781.73 69.06 10.85 12.21 0.1287
158.87 27.15 10.11 10.89 0.1279
554.40 243.89 20.27 22.97 0.1258
44.88 305.84 21.97 21.98 0.1258
87.23 48.72 11.30 9.34 0.1250
634.33 190.36 17.03 15.29 0.1243
463.65 154.67 42.81 48.34 0.1238
123.19 48.28 8.47 7.68 0.1225
852.94 67.29 12.34 11.89 0.1218
10.60 47.28 13.70 13.44 0.1208
338.94 231.43 18.74 18.29 0.1199
188.60 241.33 25.89 25.18 0.1197
190.27 268.75 22.38 24.26 0.1191
444.19 194.50 35.00 35.23 0.1191
77.83 300.30 24.12 25.42 0.1177
591.20 159.34 21.99 22.47 0.1173
