35_Basketball_basketballgame_ball_35_124
138
170.86 57.53 128.49 162.95 0.9338
590.90 38.12 133.19 178.01 0.9321
406.50 22.38 112.09 140.72 0.9209
622.54 282.64 109.16 152.86 0.9030
878.44 46.03 108.16 144.56 0.9000
312.10 294.05 129.62 151.29 0.7569
163.73 663.03 153.30 164.81 0.2482
960.42 276.72 62.21 163.63 0.2289
998.01 625.75 25.99 87.01 0.2105
990.39 169.47 33.61 96.18 0.2012
839.61 53.84 96.65 165.99 0.1937
491.48 112.03 66.76 97.86 0.1884
980.57 40.63 43.43 112.01 0.1832
170.52 811.92 83.31 105.86 0.1778
528.69 151.60 49.86 94.16 0.1659
898.78 152.49 67.22 137.99 0.1646
55.93 152.24 53.05 105.38 0.1523
329.42 1164.09 143.98 129.91 0.1487
839.57 130.15 84.48 137.76 0.1449
246.65 43.07 88.00 135.94 0.1421
58.80 338.49 67.35 130.27 0.1414
783.33 473.21 49.67 160.74 0.1398
956.88 342.09 67.12 246.21 0.1349
44.14 354.06 46.11 122.61 0.1316
57.76 414.95 58.03 131.13 0.1306
346.58 0.00 127.97 142.22 0.1305
961.30 633.99 29.81 86.94 0.1289
607.40 868.75 57.64 99.20 0.1283
661.64 838.30 83.99 157.53 0.1252
622.45 831.23 73.50 154.96 0.1252
980.15 101.62 43.85 112.77 0.1249
399.16 1011.74 46.70 66.76 0.1193
835.17 589.86 41.69 91.79 0.1172
22.13 160.67 58.62 102.32 0.1161
0.00 113.39 62.81 123.53 0.1143
45.95 422.30 42.24 104.01 0.1143
913.91 209.60 43.64 110.25 0.1102
585.57 882.65 40.35 61.68 0.1096
878.59 223.48 47.53 101.38 0.1051
507.83 416.33 66.14 126.63 0.1024
2.24 334.36 27.09 94.08 0.1017
393.48 952.75 96.21 129.55 0.1008
116.51 576.76 100.86 148.65 0.0994
775.07 1035.48 136.24 174.84 0.0991
870.54 713.83 36.91 87.87 0.0969
317.81 1111.92 110.78 116.85 0.0967
226.48 1085.31 86.23 102.55 0.0963
65.82 509.17 46.16 108.69 0.0960
228.15 1088.50 173.46 205.50 0.0951
873.51 317.10 41.46 106.18 0.0948
358.21 59.83 126.61 142.82 0.0943
697.76 251.21 71.58 144.07 0.0936
800.40 41.63 64.00 122.11 0.0935
837.10 621.67 46.78 136.72 0.0934
986.64 481.27 37.36 200.03 0.0933
796.04 1133.81 80.52 93.03 0.0920
717.70 141.58 82.65 145.42 0.0917
594.62 139.82 129.15 170.53 0.0910
82.62 145.63 72.27 109.22 0.0896
10.24 932.53 83.19 159.48 0.0889
710.52 48.81 57.84 87.30 0.0887
879.44 664.86 33.39 100.60 0.0883
841.91 668.55 51.48 133.77 0.0880
980.99 703.10 43.01 144.96 0.0872
3.77 33.82 59.19 117.42 0.0869
882.77 619.32 31.25 95.56 0.0865
146.13 746.53 92.70 136.85 0.0864
883.62 517.61 42.30 144.30 0.0857
2.93 254.80 34.97 96.18 0.0855
657.31 1002.81 106.51 132.98 0.0850
32.97 524.32 48.95 107.60 0.0841
3.46 595.07 40.57 89.66 0.0840
820.51 507.55 64.49 159.90 0.0816
911.64 4.79 79.02 105.40 0.0816
422.90 988.05 84.18 125.65 0.0812
729.91 990.92 86.15 151.52 0.0785
17.18 869.03 96.30 170.03 0.0775
23.59 228.51 63.66 115.72 0.0768
0.00 444.95 27.37 78.68 0.0757
6.68 702.16 48.23 130.05 0.0753
35.29 588.03 43.12 72.03 0.0752
192.57 580.60 232.14 248.43 0.0747
30.54 35.59 72.88 105.03 0.0728
39.88 453.42 55.29 123.65 0.0725
442.50 968.79 132.51 219.10 0.0716
44.64 237.96 94.02 133.42 0.0710
659.61 0.00 73.26 88.12 0.0709
531.29 0.00 70.83 109.98 0.0703
902.81 660.68 44.01 108.33 0.0682
827.58 169.43 67.64 149.35 0.0681
908.99 258.81 62.75 155.15 0.0677
829.42 310.97 60.93 117.56 0.0674
494.23 936.24 59.31 123.42 0.0667
839.95 1123.18 72.16 106.59 0.0659
192.99 788.96 112.39 125.63 0.0659
558.83 885.81 21.74 48.66 0.0653
833.24 0.00 85.53 97.03 0.0635
4.54 546.70 32.63 86.06 0.0632
327.75 23.91 70.18 101.07 0.0632
648.06 923.06 67.56 110.99 0.0631
177.97 855.20 70.27 109.26 0.0623
377.71 1041.04 58.45 67.13 0.0622
140.37 0.00 100.28 83.85 0.0616
749.62 194.46 56.98 123.02 0.0615
22.15 75.79 58.82 86.22 0.0614
235.98 104.87 89.56 131.70 0.0603
894.46 420.51 66.11 157.70 0.0599
62.32 584.51 39.30 79.26 0.0597
936.66 443.78 62.83 228.55 0.0593
788.71 552.63 53.74 160.24 0.0593
760.27 1103.11 81.31 124.84 0.0588
33.09 1113.01 49.53 97.06 0.0587
773.51 1159.14 42.08 83.27 0.0581
424.00 917.67 94.00 144.20 0.0580
399.68 1142.37 137.19 147.16 0.0571
727.92 635.90 102.67 197.26 0.0571
14.05 823.14 78.27 128.36 0.0550
315.73 432.42 121.75 165.90 0.0547
761.07 32.81 73.94 118.69 0.0546
944.80 692.36 63.24 135.06 0.0544
82.23 295.82 94.89 156.21 0.0544
891.42 570.26 58.11 154.10 0.0537
0.00 485.10 29.76 80.43 0.0534
591.92 545.92 58.41 128.27 0.0528
238.54 722.41 111.77 116.23 0.0522
777.02 545.28 42.01 113.46 0.0520
569.94 810.49 56.74 100.42 0.0520
589.38 268.06 72.74 134.79 0.0518
470.86 229.56 125.46 180.81 0.0517
982.33 0.00 41.67 72.14 0.0515
8.21 1096.51 25.90 96.09 0.0513
150.74 524.84 173.38 182.40 0.0512
347.68 1087.95 89.28 93.88 0.0510
844.24 986.52 83.59 190.54 0.0507
896.68 288.27 88.42 228.65 0.0504
801.07 0.00 72.23 82.19 0.0503
693.25 337.26 75.27 146.26 0.0502
30.62 1072.18 83.41 153.24 0.0502
