35_Basketball_playingbasketball_35_511
96
11.99 329.33 26.94 31.92 0.2092
401.44 349.09 29.26 44.41 0.2087
402.41 330.36 29.86 44.22 0.1937
411.26 261.63 24.52 28.27 0.1894
356.03 335.89 36.65 53.65 0.1846
298.34 340.07 30.47 29.09 0.1842
471.75 430.55 133.12 164.55 0.1813
300.40 350.09 35.02 31.13 0.1773
482.80 329.14 22.29 29.85 0.1681
554.39 290.30 20.80 25.66 0.1680
336.89 285.40 21.63 26.15 0.1563
447.68 174.94 23.92 28.79 0.1463
374.66 310.66 35.90 46.42 0.1417
407.18 273.72 28.94 34.38 0.1390
264.13 322.05 37.49 35.85 0.1368
262.40 311.95 29.62 29.74 0.1341
128.69 34.87 59.47 55.63 0.1328
478.59 312.54 23.72 33.20 0.1270
562.31 186.19 31.87 24.46 0.1152
373.44 260.97 28.26 28.78 0.1121
521.44 305.72 22.61 27.66 0.1115
230.64 311.11 22.45 22.34 0.1087
554.48 334.49 24.04 30.83 0.1085
372.82 277.94 32.23 34.08 0.1084
449.44 256.61 20.04 27.00 0.1059
337.88 299.92 22.57 32.80 0.1057
111.49 316.28 24.44 28.42 0.1024
529.79 454.06 64.77 110.78 0.0994
41.76 314.27 22.38 26.15 0.0991
236.32 523.98 69.32 41.52 0.0990
760.39 101.65 263.61 338.95 0.0926
136.00 26.14 260.79 255.40 0.0919
27.21 49.71 57.31 67.95 0.0916
22.35 326.93 38.98 35.42 0.0903
8.97 50.18 25.91 37.61 0.0903
467.00 226.46 34.00 31.28 0.0901
448.37 197.51 32.68 45.75 0.0893
451.30 224.63 33.10 36.78 0.0886
518.03 286.67 23.96 26.54 0.0871
442.30 163.51 26.10 32.08 0.0869
6.19 57.34 37.63 60.38 0.0859
113.01 328.42 24.46 33.60 0.0841
404.97 377.58 29.86 53.40 0.0834
444.19 310.67 20.32 31.95 0.0807
214.49 318.81 46.66 43.68 0.0804
3.58 66.28 109.22 115.48 0.0782
478.16 283.60 24.65 27.33 0.0779
80.50 316.78 23.30 22.59 0.0771
476.04 254.51 26.12 28.55 0.0770
585.37 301.94 38.21 55.09 0.0770
44.54 282.33 18.89 25.26 0.0768
299.82 314.45 22.54 26.38 0.0765
560.82 192.97 39.01 34.71 0.0763
556.31 343.65 31.01 43.04 0.0741
1.85 22.03 27.98 40.31 0.0733
635.42 272.05 98.72 76.26 0.0726
196.92 46.44 140.53 133.79 0.0724
469.29 184.19 30.10 22.94 0.0720
429.88 356.72 32.61 41.16 0.0715
602.76 196.96 77.67 42.52 0.0704
438.99 324.09 26.71 39.96 0.0692
180.43 526.07 136.14 68.39 0.0688
516.88 329.53 25.35 31.22 0.0676
6.76 199.97 21.71 41.20 0.0675
446.10 280.69 19.28 29.49 0.0672
612.99 345.72 68.68 80.29 0.0665
482.14 347.15 27.10 40.23 0.0664
138.43 31.35 91.19 77.76 0.0655
356.48 204.04 45.71 38.86 0.0639
142.19 323.60 38.84 49.64 0.0632
690.67 233.54 83.40 64.08 0.0631
219.74 32.29 74.12 84.94 0.0619
120.17 508.41 140.52 63.06 0.0616
580.03 279.25 43.53 43.36 0.0616
332.40 261.43 31.91 40.51 0.0605
0.00 0.00 29.55 42.86 0.0602
553.87 459.39 59.40 85.02 0.0602
633.75 191.24 100.17 66.12 0.0600
607.73 279.84 101.81 103.75 0.0598
143.68 0.00 71.84 46.96 0.0586
23.37 192.28 47.55 52.49 0.0577
596.80 379.05 72.31 62.81 0.0576
466.89 206.98 34.11 35.03 0.0554
142.58 304.07 31.88 34.52 0.0552
554.89 257.60 26.85 28.67 0.0543
113.22 0.00 64.26 38.58 0.0540
562.88 378.48 240.70 253.28 0.0538
556.08 221.55 33.37 34.31 0.0538
138.78 287.25 32.78 28.32 0.0535
261.64 516.15 78.33 54.73 0.0528
74.49 327.12 32.12 35.13 0.0526
0.00 570.69 31.14 36.31 0.0521
74.39 486.72 118.32 74.24 0.0520
321.45 204.56 71.60 48.33 0.0517
396.45 231.42 41.09 49.75 0.0501
126.07 85.89 161.68 135.70 0.0500
