35_Basketball_Basketball_35_712
200
588.02 242.50 20.67 29.02 0.4959
960.54 251.07 20.74 25.75 0.4500
658.47 251.20 21.45 28.55 0.4065
189.59 267.18 19.33 28.74 0.3280
297.20 240.41 17.64 25.64 0.3091
231.52 242.61 15.75 24.26 0.3053
774.27 272.03 20.84 27.10 0.2860
914.48 268.75 24.23 29.29 0.2837
960.35 257.08 26.34 42.87 0.2751
41.42 249.15 18.77 22.44 0.2686
886.14 250.96 15.85 21.10 0.2574
269.20 292.39 19.66 30.15 0.2559
230.29 273.11 18.40 28.83 0.2547
192.02 256.01 15.11 26.48 0.2422
450.59 277.40 14.26 20.20 0.2390
888.41 272.80 17.55 22.91 0.2340
156.54 244.78 14.58 22.17 0.2335
852.78 252.18 14.07 18.85 0.2334
851.97 273.95 18.27 23.80 0.2328
84.52 268.88 17.21 26.75 0.2320
412.90 279.39 14.06 19.92 0.2266
374.60 246.42 13.11 19.14 0.2235
922.81 253.41 17.40 24.70 0.2203
777.83 253.13 16.73 21.72 0.2190
818.03 252.54 13.70 18.37 0.2183
85.20 57.25 18.27 23.97 0.2149
379.00 280.58 14.30 23.68 0.2098
742.36 277.29 16.57 25.47 0.2040
264.87 491.69 16.69 22.91 0.2032
337.95 279.06 14.76 23.50 0.2030
303.57 273.02 16.86 25.96 0.2026
87.87 252.95 20.90 24.15 0.1998
344.09 254.22 11.39 16.26 0.1991
708.21 275.73 16.93 22.74 0.1972
159.62 228.35 13.14 19.96 0.1964
43.21 262.84 19.67 30.93 0.1954
816.56 277.13 16.13 22.32 0.1893
303.08 230.57 11.29 20.17 0.1884
232.50 229.75 13.11 21.62 0.1856
153.44 277.00 17.50 27.59 0.1812
709.62 254.31 17.80 21.67 0.1761
122.05 277.44 20.53 28.58 0.1740
269.13 249.69 13.66 20.57 0.1704
521.91 274.22 17.55 23.96 0.1676
485.48 279.66 15.12 21.69 0.1673
290.51 309.38 462.09 458.62 0.1644
376.91 294.26 15.70 27.47 0.1613
550.98 274.78 22.89 26.98 0.1538
523.98 246.36 18.10 28.53 0.1533
634.79 56.07 22.34 25.18 0.1521
41.48 55.75 21.70 28.57 0.1519
590.28 253.31 22.50 39.74 0.1517
853.94 226.37 10.47 15.21 0.1498
414.91 297.17 17.79 26.87 0.1495
740.72 254.45 14.54 20.81 0.1486
448.75 254.09 13.66 19.07 0.1474
961.06 271.25 31.60 53.51 0.1462
415.94 254.46 12.63 18.42 0.1446
230.00 466.58 14.26 21.02 0.1397
116.61 243.13 17.86 25.39 0.1382
338.03 296.89 15.28 26.01 0.1374
450.81 297.92 17.32 27.35 0.1373
117.49 227.78 15.17 19.88 0.1356
267.64 474.36 12.81 23.35 0.1333
230.09 446.05 15.47 20.29 0.1327
918.28 294.00 25.00 36.03 0.1262
742.09 296.98 19.14 28.68 0.1259
410.81 53.85 17.56 32.08 0.1251
83.96 74.06 17.33 28.84 0.1249
708.32 468.54 80.54 72.33 0.1212
853.66 298.44 21.18 26.34 0.1194
631.83 276.24 20.49 28.13 0.1175
589.34 55.67 19.84 28.40 0.1154
305.03 486.98 26.02 34.07 0.1136
269.60 228.44 11.00 17.45 0.1117
301.70 296.26 18.46 27.39 0.1117
519.90 299.91 19.24 27.75 0.1116
816.09 299.94 16.01 23.70 0.1110
553.44 246.60 25.86 35.11 0.1092
775.36 295.57 20.40 27.81 0.1091
377.48 229.39 12.30 18.44 0.1086
689.96 432.63 322.25 335.37 0.1078
848.79 53.73 24.83 28.18 0.1044
299.08 74.91 21.74 31.13 0.1043
889.76 229.44 11.75 17.24 0.1028
84.33 37.98 16.96 27.87 0.1019
112.19 121.01 26.89 40.08 0.1014
239.71 429.05 275.13 338.95 0.1000
706.31 300.98 18.24 26.81 0.0968
115.99 110.70 19.29 25.16 0.0966
267.05 441.66 14.95 21.21 0.0965
326.97 486.01 34.07 50.45 0.0961
305.36 473.90 13.74 23.75 0.0954
779.97 228.53 12.39 17.64 0.0952
927.29 472.57 16.14 24.07 0.0950
298.19 58.63 22.32 25.91 0.0944
635.44 249.70 28.16 27.67 0.0941
483.98 297.02 19.38 30.60 0.0930
488.87 252.13 13.84 21.95 0.0927
884.33 471.76 16.99 22.02 0.0927
152.71 298.10 17.95 24.82 0.0925
292.32 112.43 26.87 37.21 0.0919
918.84 318.70 25.32 37.00 0.0908
922.66 227.74 14.84 19.37 0.0893
958.43 327.56 27.37 32.22 0.0893
41.80 38.07 19.78 37.03 0.0889
998.01 277.50 17.07 30.96 0.0888
191.97 470.13 15.13 17.78 0.0885
194.10 447.11 14.18 18.62 0.0884
342.49 227.91 10.99 16.16 0.0873
628.35 79.63 81.54 105.29 0.0857
157.00 472.23 14.30 17.28 0.0836
885.37 299.65 19.43 27.81 0.0835
45.98 230.08 13.79 25.16 0.0829
78.36 121.24 25.91 39.23 0.0819
122.15 297.41 23.25 26.07 0.0815
745.67 58.86 16.16 21.11 0.0812
89.11 228.13 18.08 18.81 0.0809
265.59 410.33 16.90 23.77 0.0798
334.46 435.73 23.95 32.90 0.0794
554.91 290.41 20.71 33.48 0.0784
252.34 505.96 42.18 47.15 0.0783
230.40 414.45 17.31 20.36 0.0783
649.48 54.75 31.46 29.79 0.0779
591.63 293.64 23.82 34.61 0.0776
190.39 291.28 20.47 30.87 0.0773
295.47 494.14 65.62 75.38 0.0759
158.31 415.55 13.49 17.30 0.0742
8.66 273.62 15.59 29.48 0.0738
652.34 69.16 42.02 66.67 0.0737
266.23 473.80 146.42 122.12 0.0737
663.35 229.99 19.16 38.40 0.0734
997.08 292.41 20.60 35.06 0.0732
228.75 282.06 23.96 40.81 0.0727
81.67 108.19 22.68 31.36 0.0724
226.04 490.35 19.89 25.57 0.0720
116.08 472.67 18.82 18.08 0.0718
43.82 126.89 18.72 30.49 0.0716
818.14 226.78 12.81 16.82 0.0710
850.86 201.86 14.66 25.52 0.0705
113.97 57.52 21.88 25.82 0.0704
489.35 27.47 29.68 37.51 0.0701
518.35 44.45 21.79 35.06 0.0691
722.23 578.24 223.59 163.85 0.0679
770.79 329.26 30.03 36.83 0.0676
629.74 291.58 18.42 33.19 0.0675
149.70 490.92 20.24 22.80 0.0674
411.51 60.54 22.83 45.01 0.0672
157.45 444.27 13.27 16.99 0.0668
192.56 228.40 12.92 17.17 0.0663
414.60 227.87 12.72 19.17 0.0662
75.87 473.69 22.26 21.99 0.0661
203.61 504.38 51.69 54.11 0.0647
82.88 298.61 21.12 28.96 0.0647
300.16 442.12 17.61 26.32 0.0643
887.18 329.04 23.70 35.38 0.0635
116.58 35.74 19.68 21.77 0.0628
491.61 429.48 325.90 338.52 0.0626
702.93 317.53 28.38 40.31 0.0625
195.15 542.07 169.23 165.60 0.0624
265.73 80.05 18.75 27.52 0.0624
336.82 467.67 18.12 26.74 0.0622
47.60 472.36 21.06 22.79 0.0621
409.24 111.62 19.31 30.70 0.0621
10.75 249.85 13.89 25.30 0.0618
230.57 60.31 13.20 17.57 0.0617
44.04 300.28 20.98 26.99 0.0616
115.17 80.89 21.18 29.13 0.0615
956.46 349.51 25.11 36.91 0.0611
957.58 468.08 19.06 23.10 0.0610
43.29 713.68 31.43 37.20 0.0606
953.72 55.74 25.44 27.73 0.0604
992.41 471.89 19.06 28.29 0.0603
779.67 59.21 12.60 16.46 0.0598
506.73 29.09 28.95 41.87 0.0596
487.68 3.94 29.67 27.52 0.0596
0.00 698.54 31.44 47.72 0.0594
198.05 60.78 14.31 18.15 0.0592
9.96 50.84 26.14 45.23 0.0582
4.20 300.09 19.27 32.53 0.0582
740.95 316.28 28.05 38.02 0.0579
998.46 247.71 15.48 25.22 0.0577
414.45 316.09 22.19 39.10 0.0573
335.46 328.27 17.72 36.45 0.0572
449.46 317.62 20.89 38.55 0.0565
507.81 2.02 31.41 30.39 0.0561
268.33 59.41 16.68 22.62 0.0561
753.54 461.87 81.15 72.84 0.0560
632.31 68.12 24.74 39.72 0.0559
807.29 58.42 21.14 22.65 0.0555
0.00 723.82 35.37 44.18 0.0551
72.67 733.05 33.64 32.08 0.0549
65.00 485.18 34.07 31.34 0.0544
0.00 0.00 29.26 33.19 0.0538
266.60 112.00 18.61 30.11 0.0538
633.76 36.85 20.67 26.38 0.0533
41.59 733.98 34.48 30.99 0.0533
115.54 494.10 21.19 21.97 0.0531
7.55 30.22 21.62 37.66 0.0530
363.68 156.04 29.54 32.36 0.0523
