35_Basketball_playingbasketball_35_362
200
620.43 371.65 25.64 28.83 0.4116
349.55 4.31 44.12 43.47 0.3193
921.96 431.08 23.90 32.20 0.3190
386.31 159.96 41.33 58.71 0.2972
640.60 31.13 74.36 61.34 0.2916
484.93 416.47 17.54 23.57 0.2517
195.78 471.25 12.01 13.94 0.2441
342.25 493.29 12.22 15.12 0.2429
450.96 445.55 12.09 16.39 0.2418
485.30 230.99 37.76 39.82 0.2381
544.83 417.70 25.65 26.15 0.2358
523.49 493.93 15.08 16.81 0.2341
449.90 466.83 12.83 15.83 0.2315
697.06 487.15 23.92 26.16 0.2290
158.33 495.45 11.61 11.95 0.2261
625.34 419.90 24.23 27.09 0.2248
12.44 518.38 14.03 17.80 0.2237
196.78 493.42 12.63 14.24 0.2199
597.83 417.59 25.61 27.53 0.2191
84.61 521.02 13.52 16.41 0.2154
48.11 517.51 12.75 15.42 0.2153
122.56 520.60 12.24 14.33 0.2021
158.23 519.91 14.73 17.07 0.2015
670.40 0.00 89.11 48.47 0.2007
525.49 470.40 14.34 16.84 0.2007
780.72 495.95 18.29 21.18 0.1958
779.70 2.59 127.97 63.89 0.1958
698.32 541.72 22.67 24.05 0.1916
86.59 494.40 11.84 12.76 0.1903
592.28 540.81 21.64 22.00 0.1899
486.46 494.07 12.49 13.82 0.1897
86.23 472.06 11.17 12.25 0.1883
471.76 67.51 50.30 57.66 0.1874
231.29 496.32 10.86 14.10 0.1870
194.13 519.01 12.88 16.17 0.1858
704.57 469.72 16.33 19.30 0.1857
379.39 492.90 10.30 12.92 0.1843
449.56 495.01 13.47 12.98 0.1843
301.93 494.17 14.47 15.95 0.1843
485.01 397.08 15.68 21.81 0.1842
269.03 471.63 11.00 13.66 0.1832
160.19 472.95 10.29 12.51 0.1816
231.50 518.50 11.87 14.18 0.1800
451.99 419.34 16.52 21.49 0.1790
122.07 467.81 11.02 13.91 0.1788
304.97 472.49 11.18 12.50 0.1785
122.44 496.45 10.94 12.44 0.1761
47.54 495.73 12.81 14.18 0.1753
486.71 436.88 16.38 22.83 0.1752
485.82 470.28 13.28 16.90 0.1723
304.38 518.29 13.38 14.69 0.1716
85.39 537.18 15.05 18.16 0.1716
739.19 494.39 17.06 20.29 0.1706
890.68 422.19 16.28 28.05 0.1698
155.22 540.54 14.91 16.15 0.1685
551.02 431.95 20.83 26.05 0.1654
270.06 521.06 10.55 12.79 0.1650
553.68 470.26 17.33 18.39 0.1644
448.89 519.19 15.80 16.10 0.1617
269.94 494.45 12.02 14.21 0.1613
12.78 495.13 14.14 16.33 0.1605
994.94 469.46 19.11 27.09 0.1601
524.46 418.74 15.93 21.02 0.1601
232.52 471.50 9.83 12.72 0.1589
486.78 519.55 13.75 16.93 0.1587
482.97 252.21 50.35 61.48 0.1584
778.72 503.85 24.09 27.54 0.1543
415.92 496.36 10.66 11.59 0.1541
524.17 544.76 16.32 18.15 0.1537
626.88 459.89 21.34 29.46 0.1527
521.99 513.01 15.32 18.25 0.1503
122.52 447.27 11.45 13.27 0.1497
390.08 53.11 62.42 75.96 0.1474
379.03 521.89 11.06 12.41 0.1457
123.19 540.30 13.25 15.69 0.1436
48.74 472.48 11.71 12.03 0.1420
425.43 0.83 54.79 48.77 0.1415
378.92 473.26 10.88 12.49 0.1413
415.31 520.70 11.45 12.07 0.1405
595.30 432.51 25.50 31.61 0.1400
433.21 58.38 50.14 66.02 0.1388
193.40 540.20 13.24 15.79 0.1382
706.39 447.85 16.96 21.83 0.1365
232.33 543.34 13.71 15.32 0.1356
748.65 12.62 100.87 57.84 0.1346
597.45 518.00 21.90 22.63 0.1327
623.53 435.46 25.98 32.10 0.1317
487.10 539.68 13.17 15.77 0.1317
997.41 441.22 18.37 27.04 0.1312
557.10 399.59 17.49 23.16 0.1308
811.33 494.23 18.88 19.77 0.1299
416.19 471.76 11.08 12.19 0.1297
871.54 1.03 73.16 39.88 0.1297
341.90 474.28 11.67 16.24 0.1280
360.06 17.54 47.12 59.90 0.1274
159.63 445.66 11.28 12.57 0.1273
690.92 2.23 136.08 74.30 0.1272
439.84 230.90 44.14 50.15 0.1246
522.87 441.17 15.92 19.59 0.1241
11.35 468.57 14.15 15.73 0.1233
629.80 483.63 18.49 25.50 0.1231
994.70 480.74 19.34 29.22 0.1224
46.04 542.71 15.45 18.87 0.1222
596.58 460.48 23.18 25.70 0.1220
450.51 539.09 15.74 16.60 0.1209
11.62 536.10 15.58 20.82 0.1202
596.79 388.99 26.48 28.36 0.1202
329.17 24.57 54.67 54.02 0.1198
556.79 516.50 17.00 18.88 0.1196
554.91 491.14 17.66 20.78 0.1192
626.21 516.60 21.97 23.67 0.1185
700.88 557.34 19.49 23.96 0.1173
422.77 15.32 263.33 291.02 0.1168
692.50 500.17 29.26 33.68 0.1166
666.79 563.14 24.80 24.54 0.1151
342.09 517.14 12.57 13.91 0.1143
887.23 467.02 21.87 25.98 0.1141
452.83 395.14 17.00 21.68 0.1138
267.62 539.67 11.93 15.85 0.1129
997.83 416.38 16.63 24.78 0.1123
661.28 537.97 23.59 24.60 0.1118
554.58 542.39 20.43 22.23 0.1101
832.75 39.71 114.13 58.48 0.1100
591.89 555.18 23.95 26.78 0.1085
62.46 297.80 48.64 35.13 0.1080
629.26 533.35 23.60 26.64 0.1072
778.65 469.05 16.18 18.10 0.1068
596.61 492.42 20.61 21.63 0.1062
530.79 210.41 107.27 90.38 0.1036
664.30 513.76 21.95 24.45 0.1031
520.46 394.99 16.17 19.61 0.1021
624.50 193.65 69.58 58.77 0.1019
620.57 0.00 64.97 33.29 0.1017
45.17 556.70 16.47 24.06 0.1013
915.68 397.32 27.19 30.90 0.1013
953.23 436.28 22.75 26.41 0.1011
103.64 299.88 31.08 29.00 0.0995
9.55 292.80 29.14 24.86 0.0994
266.26 449.14 14.89 13.38 0.0985
763.86 27.54 147.77 77.73 0.0982
225.41 298.65 20.70 17.55 0.0976
437.24 85.57 40.47 57.22 0.0971
229.79 448.90 12.18 12.78 0.0970
36.43 291.96 54.01 34.87 0.0959
154.64 565.55 15.75 16.96 0.0954
448.98 0.24 68.80 53.36 0.0949
83.07 566.65 15.36 19.47 0.0949
661.00 441.71 21.61 24.19 0.0946
736.96 505.73 22.57 26.85 0.0943
666.47 486.77 22.92 25.63 0.0933
947.68 0.00 31.25 20.11 0.0924
287.26 10.44 64.48 46.49 0.0921
496.34 48.49 121.70 120.57 0.0917
195.95 449.33 11.38 12.57 0.0911
666.22 465.89 19.03 24.26 0.0904
302.81 448.93 16.32 13.02 0.0894
342.05 542.79 13.62 15.06 0.0886
85.76 446.37 11.59 12.45 0.0882
880.29 479.25 32.36 35.36 0.0876
303.66 539.17 13.98 16.86 0.0876
447.23 63.34 83.60 91.58 0.0874
740.19 467.92 17.56 21.76 0.0874
852.92 491.71 27.71 31.21 0.0866
388.72 98.40 56.66 67.59 0.0862
961.32 489.21 25.67 26.78 0.0850
621.65 568.11 25.76 31.36 0.0848
771.46 532.55 32.69 31.94 0.0843
950.30 420.09 23.79 26.03 0.0841
733.42 537.77 27.57 28.83 0.0839
807.32 508.64 29.40 26.86 0.0823
69.66 274.30 34.96 24.66 0.0816
519.89 559.37 21.99 21.35 0.0811
9.44 564.44 16.35 21.76 0.0809
4.22 591.13 21.98 30.40 0.0806
919.31 442.89 24.97 41.96 0.0805
737.49 441.99 25.30 26.56 0.0779
120.99 567.26 15.15 18.65 0.0772
553.06 561.42 23.59 24.79 0.0764
847.26 502.91 26.60 32.14 0.0763
653.62 414.23 29.02 31.39 0.0757
997.87 392.24 15.95 24.91 0.0755
911.27 490.00 29.69 33.06 0.0754
37.22 274.68 36.90 26.14 0.0748
399.48 4.33 63.58 56.81 0.0746
195.47 299.30 17.11 14.56 0.0738
149.20 298.46 21.36 20.66 0.0714
497.88 176.28 111.49 105.56 0.0713
959.14 464.38 22.62 25.95 0.0711
297.80 325.19 20.23 15.05 0.0706
375.60 538.62 15.95 17.46 0.0698
412.33 541.63 14.29 14.69 0.0696
482.03 350.50 27.83 43.43 0.0695
190.10 324.50 20.56 18.02 0.0688
7.67 301.70 42.99 37.73 0.0688
992.90 0.00 23.86 20.79 0.0686
333.92 347.90 27.52 18.29 0.0674
9.70 445.93 16.16 17.58 0.0673
148.50 322.24 22.99 17.73 0.0667
628.33 48.18 110.78 75.60 0.0664
45.57 446.72 15.89 13.66 0.0658
