11_Meeting_Meeting_11_Meeting_Meeting_11_529
146
674.71 467.99 61.27 76.25 0.8505
848.31 404.57 81.69 100.47 0.8234
831.10 317.33 49.91 62.11 0.7710
536.35 356.69 59.47 84.90 0.6857
633.53 278.57 43.76 60.64 0.6250
461.33 283.58 53.16 55.87 0.6000
15.82 316.00 47.99 59.37 0.4900
421.49 118.06 40.76 47.99 0.4177
731.38 294.25 26.78 29.42 0.4156
65.22 234.84 35.87 41.04 0.4074
169.45 311.06 44.02 50.19 0.3967
117.40 287.33 33.83 36.68 0.3258
473.40 524.92 148.86 158.08 0.3021
371.31 298.11 46.85 61.68 0.3016
287.58 290.64 32.95 32.53 0.2993
485.84 281.55 53.31 60.86 0.2841
365.57 410.88 42.20 52.02 0.2837
18.16 232.97 57.12 58.95 0.2762
152.60 311.56 41.14 50.02 0.2757
45.89 589.17 42.75 53.36 0.2741
777.05 290.23 28.48 34.79 0.2673
188.62 272.83 25.53 26.81 0.2624
178.46 291.52 40.43 51.79 0.2607
820.66 326.31 85.26 117.79 0.2310
955.43 445.22 48.37 77.78 0.2251
500.15 310.80 57.69 87.24 0.2212
263.37 375.18 41.63 64.68 0.2125
388.22 400.58 53.33 64.18 0.1991
528.71 271.43 60.75 73.88 0.1964
10.38 280.90 59.63 72.94 0.1894
264.47 281.51 44.88 36.99 0.1859
33.32 552.76 32.71 38.98 0.1845
222.95 284.00 31.53 37.00 0.1754
278.11 293.71 54.27 73.11 0.1721
265.13 272.82 29.75 32.02 0.1720
762.26 480.43 43.81 50.97 0.1701
698.30 285.21 35.93 47.19 0.1645
597.21 477.85 57.15 68.68 0.1600
742.93 361.34 34.32 36.29 0.1570
252.92 299.49 49.89 67.31 0.1495
226.17 272.95 27.68 29.14 0.1486
667.36 435.29 62.80 82.98 0.1462
765.98 395.83 67.28 89.50 0.1460
160.28 324.07 60.64 75.76 0.1434
323.34 290.59 71.43 82.07 0.1425
574.14 261.46 61.26 77.63 0.1424
712.70 260.97 51.33 52.80 0.1424
104.15 553.86 45.28 58.48 0.1421
475.26 348.25 71.66 106.82 0.1387
348.88 266.15 53.40 58.75 0.1366
72.84 275.92 31.40 48.66 0.1313
8.04 222.72 42.16 60.98 0.1311
933.32 401.28 53.45 96.14 0.1303
800.92 394.29 52.67 101.08 0.1265
577.75 481.28 54.46 88.39 0.1250
776.69 266.15 41.29 49.72 0.1238
206.62 316.48 44.87 55.01 0.1209
362.72 125.10 68.58 100.05 0.1203
730.95 332.04 42.96 60.85 0.1194
329.75 268.45 42.56 34.03 0.1174
359.42 355.81 51.82 68.50 0.1174
528.50 509.87 99.35 101.73 0.1172
331.45 405.00 68.11 78.71 0.1159
682.03 254.93 52.08 59.61 0.1147
807.53 289.96 45.21 67.46 0.1147
897.41 465.73 49.01 72.83 0.1128
387.96 356.13 50.30 58.61 0.1126
694.49 326.84 36.66 49.15 0.1122
611.37 446.84 57.10 78.99 0.1110
117.78 305.52 67.54 69.70 0.1107
978.35 425.95 40.29 73.97 0.1106
318.65 344.65 67.77 86.50 0.1106
759.52 314.14 55.34 63.38 0.1093
431.88 351.65 41.66 71.18 0.1082
7.49 557.47 23.14 36.80 0.1061
823.83 458.87 70.04 89.14 0.1028
330.49 380.75 45.21 61.62 0.1028
406.76 119.95 65.87 80.67 0.1020
790.36 476.35 49.95 73.09 0.1011
104.97 601.68 55.42 64.61 0.1005
945.61 227.81 38.96 54.48 0.0982
433.81 218.87 96.91 130.61 0.0975
376.15 100.84 106.15 162.96 0.0963
757.79 371.19 67.10 79.23 0.0962
59.42 310.90 40.12 49.40 0.0956
724.56 398.25 44.94 78.01 0.0954
149.20 272.66 38.71 53.71 0.0936
0.77 573.48 25.54 44.96 0.0930
752.74 446.35 56.77 76.34 0.0927
200.55 342.18 52.07 77.77 0.0921
543.17 380.52 70.45 90.89 0.0890
653.47 53.85 152.11 291.74 0.0878
385.86 117.66 145.64 244.58 0.0866
275.02 401.27 64.03 91.44 0.0864
946.04 208.34 36.12 49.47 0.0861
435.23 548.71 118.24 97.59 0.0835
748.10 360.72 53.23 54.17 0.0835
93.70 500.49 58.68 95.78 0.0832
852.78 453.06 66.27 90.72 0.0832
667.93 404.83 43.80 63.61 0.0822
908.74 221.54 40.80 82.29 0.0817
857.79 274.84 52.89 71.83 0.0801
51.49 552.34 63.46 74.84 0.0791
683.13 403.34 52.14 77.30 0.0778
57.65 344.33 44.47 55.38 0.0776
577.23 442.86 51.71 87.72 0.0736
364.85 243.45 92.51 111.19 0.0729
158.66 345.44 68.07 113.83 0.0725
247.99 621.54 108.44 61.46 0.0722
698.69 356.56 32.59 40.79 0.0721
496.44 385.11 70.03 100.26 0.0719
993.68 410.23 26.53 51.59 0.0710
127.97 604.37 60.03 64.89 0.0696
3.37 585.95 27.26 55.70 0.0680
114.02 331.78 54.08 74.50 0.0665
859.69 224.12 59.98 88.96 0.0660
122.89 561.59 58.81 55.80 0.0652
906.07 551.51 98.21 131.27 0.0646
668.55 165.32 109.66 146.84 0.0639
656.54 231.28 76.66 103.36 0.0636
363.42 403.64 84.96 95.68 0.0631
823.67 497.95 69.02 89.27 0.0628
997.29 249.82 22.17 47.13 0.0621
58.26 512.44 76.48 91.20 0.0617
900.34 490.87 65.27 110.27 0.0605
892.97 239.32 60.82 106.44 0.0604
208.22 394.50 55.04 91.31 0.0603
689.70 372.88 44.70 64.12 0.0596
237.20 600.92 74.97 65.72 0.0591
246.38 411.51 101.37 125.64 0.0587
440.40 126.51 56.97 45.27 0.0581
923.84 241.04 62.68 102.74 0.0579
759.07 501.09 46.63 61.56 0.0547
408.98 380.86 58.68 73.90 0.0545
921.91 195.72 40.45 76.06 0.0540
612.69 244.72 63.43 81.62 0.0538
834.56 525.63 142.53 157.37 0.0535
975.64 489.74 48.36 97.99 0.0531
887.88 345.01 64.16 95.59 0.0525
793.99 20.42 165.46 233.73 0.0524
576.82 645.29 47.83 37.71 0.0522
939.82 382.62 41.88 65.12 0.0520
990.65 589.76 31.32 65.99 0.0520
93.32 234.55 48.22 52.35 0.0506
123.64 507.94 58.52 85.96 0.0502
480.65 139.13 126.89 123.49 0.0500
