10_People_Marching_People_Marching_10_People_Marching_People_Marching_10_848
20
638.04 51.34 385.96 89.26 0.8202
622.52 168.78 401.48 258.35 0.7886
105.03 218.34 159.12 286.60 0.4269
154.33 183.89 175.10 260.01 0.3501
427.94 176.67 410.45 276.64 0.3383
646.34 89.03 377.66 176.17 0.3032
228.13 227.25 337.49 261.61 0.1772
514.56 109.80 373.09 139.30 0.0987
68.06 232.98 108.05 282.22 0.0955
18.87 415.75 72.67 266.25 0.0785
601.83 268.93 422.17 370.45 0.0551
633.13 30.43 390.87 46.29 0.0549
296.93 422.73 357.28 259.27 0.0483
17.51 234.70 44.62 274.19 0.0452
139.30 431.62 271.43 250.38 0.0332
72.44 319.12 117.44 362.88 0.0321
353.95 279.03 383.47 302.36 0.0234
157.39 279.18 203.62 314.61 0.0231
524.70 372.95 359.82 309.05 0.0213
74.65 141.50 93.76 211.05 0.0201
