42_Car_Racing_Car_Racing_42_939
200
927.93 0.00 81.01 76.35 0.1923
50.51 360.73 80.29 76.00 0.1922
50.59 489.77 80.21 75.89 0.1921
50.59 541.34 80.21 75.89 0.1921
50.55 206.07 80.20 75.91 0.1921
50.48 592.90 80.31 75.91 0.1921
50.58 128.74 80.21 75.92 0.1920
928.21 180.36 80.38 76.06 0.1920
50.52 438.17 80.28 75.91 0.1920
50.56 309.21 80.28 76.01 0.1920
50.51 51.35 80.33 76.04 0.1919
50.55 257.60 80.33 76.07 0.1919
928.14 592.88 80.50 76.05 0.1918
928.20 335.01 80.41 76.13 0.1917
928.14 412.33 80.51 76.17 0.1917
928.18 51.32 80.47 76.19 0.1916
598.62 0.00 81.22 76.33 0.1916
928.10 515.52 80.53 76.06 0.1916
671.76 0.00 81.23 76.33 0.1916
708.33 0.00 81.23 76.33 0.1916
928.21 283.52 80.39 76.04 0.1915
13.80 592.92 80.29 75.91 0.1915
744.90 0.00 81.13 76.33 0.1915
781.47 0.00 81.13 76.33 0.1915
818.04 0.00 81.13 76.33 0.1915
891.31 0.00 80.90 76.19 0.1915
13.80 283.56 80.15 75.73 0.1915
745.11 412.04 80.73 76.45 0.1915
452.54 489.40 80.73 76.45 0.1915
196.54 566.75 80.73 76.45 0.1915
233.04 566.75 80.79 76.44 0.1915
269.61 566.75 80.79 76.44 0.1915
306.18 566.75 80.79 76.44 0.1915
928.20 231.87 80.41 76.13 0.1915
891.58 592.85 80.25 75.91 0.1915
379.32 463.61 80.72 76.52 0.1915
891.66 463.93 80.15 75.89 0.1915
415.96 489.40 80.74 76.53 0.1915
562.17 51.05 80.79 76.59 0.1914
50.25 0.00 80.91 76.21 0.1914
269.61 154.19 80.88 76.59 0.1914
13.52 0.00 80.89 76.01 0.1914
562.05 0.00 81.22 76.33 0.1913
635.19 0.00 81.22 76.33 0.1913
13.81 489.86 80.28 75.83 0.1913
415.90 128.41 80.85 76.56 0.1913
86.57 0.00 81.28 76.35 0.1913
123.15 0.00 81.28 76.35 0.1913
488.86 0.00 81.28 76.35 0.1913
525.43 0.00 81.28 76.35 0.1913
854.54 0.00 81.21 76.34 0.1913
818.18 360.47 80.70 76.44 0.1913
708.54 412.04 80.73 76.45 0.1913
342.83 566.76 80.73 76.45 0.1913
379.40 566.76 80.73 76.45 0.1913
415.97 566.76 80.73 76.45 0.1913
781.62 360.47 80.79 76.44 0.1913
928.12 463.88 80.54 76.16 0.1913
342.76 515.18 80.79 76.44 0.1913
13.78 51.43 80.21 75.79 0.1912
562.46 618.56 80.43 76.14 0.1912
818.25 308.90 80.74 76.53 0.1912
745.11 334.69 80.74 76.53 0.1912
489.11 489.40 80.74 76.53 0.1912
123.40 566.76 80.74 76.53 0.1912
159.97 566.76 80.74 76.53 0.1912
452.54 566.76 80.74 76.53 0.1912
13.79 231.97 80.22 75.77 0.1912
13.81 360.85 80.25 75.89 0.1912
671.90 437.83 80.81 76.52 0.1912
379.33 515.19 80.81 76.52 0.1912
525.61 76.84 80.79 76.58 0.1912
342.76 154.18 80.77 76.59 0.1912
891.68 515.53 80.21 75.92 0.1912
233.04 128.41 80.88 76.59 0.1912
306.18 154.19 80.88 76.59 0.1912
854.83 283.11 80.72 76.55 0.1912
13.80 438.18 80.30 75.94 0.1912
13.81 541.31 80.28 75.95 0.1912
781.62 412.04 80.78 76.54 0.1911
635.33 463.61 80.78 76.54 0.1911
708.48 463.61 80.78 76.54 0.1911
671.90 489.40 80.78 76.54 0.1911
159.77 0.00 81.21 76.36 0.1911
196.34 0.00 81.21 76.36 0.1911
232.91 0.00 81.21 76.36 0.1911
269.48 0.00 81.21 76.36 0.1911
306.05 0.00 81.21 76.36 0.1911
342.62 0.00 81.21 76.36 0.1911
379.19 0.00 81.21 76.36 0.1911
232.99 51.03 80.84 76.61 0.1911
598.70 51.03 80.84 76.61 0.1911
269.56 102.60 80.94 76.62 0.1911
854.83 360.47 80.72 76.43 0.1911
525.63 540.98 80.76 76.50 0.1911
489.05 76.84 80.85 76.56 0.1911
672.13 618.56 80.44 76.14 0.1911
598.82 128.51 80.68 76.37 0.1911
599.04 618.56 80.37 76.13 0.1911
379.38 179.97 80.71 76.58 0.1911
489.04 334.71 80.83 76.53 0.1910
452.47 360.49 80.83 76.53 0.1910
525.61 360.49 80.83 76.53 0.1910
196.47 386.28 80.83 76.53 0.1910
818.18 463.64 80.83 76.53 0.1910
306.24 489.42 80.76 76.52 0.1910
818.18 515.21 80.83 76.53 0.1910
489.11 540.98 80.74 76.51 0.1910
708.47 592.57 80.83 76.53 0.1910
745.04 592.57 80.83 76.53 0.1910
13.81 103.00 80.25 75.87 0.1910
233.03 515.21 80.82 76.51 0.1910
269.61 515.21 80.82 76.51 0.1910
635.28 592.55 80.87 76.55 0.1910
781.57 592.55 80.87 76.55 0.1910
818.14 592.55 80.87 76.55 0.1910
891.63 51.30 80.20 75.97 0.1910
489.03 386.24 80.84 76.54 0.1910
489.10 154.21 80.69 76.46 0.1910
342.82 205.78 80.69 76.46 0.1910
86.78 76.92 80.73 76.41 0.1910
123.35 76.92 80.73 76.41 0.1910
159.92 102.71 80.73 76.41 0.1910
928.21 102.94 80.41 76.12 0.1910
159.92 154.28 80.73 76.41 0.1910
123.35 205.85 80.73 76.41 0.1910
86.78 231.63 80.73 76.41 0.1910
306.20 231.63 80.73 76.41 0.1910
86.78 283.21 80.73 76.41 0.1910
452.54 437.87 80.74 76.47 0.1910
489.07 205.81 80.75 76.44 0.1910
745.05 463.61 80.78 76.53 0.1910
598.75 489.42 80.79 76.53 0.1910
635.34 76.84 80.75 76.49 0.1910
671.91 76.84 80.75 76.49 0.1910
196.49 128.41 80.75 76.49 0.1910
13.83 154.57 80.22 75.84 0.1910
525.63 154.19 80.75 76.49 0.1910
562.20 154.19 80.75 76.49 0.1910
196.49 179.98 80.75 76.49 0.1910
159.91 205.77 80.75 76.49 0.1910
233.06 205.77 80.75 76.49 0.1910
781.61 308.90 80.81 76.52 0.1910
196.53 76.86 80.71 76.54 0.1910
635.39 128.48 80.72 76.43 0.1910
415.96 180.00 80.71 76.54 0.1910
452.53 180.00 80.71 76.54 0.1910
452.48 128.40 80.77 76.58 0.1909
635.35 515.20 80.76 76.48 0.1909
854.77 515.25 80.78 76.47 0.1909
562.20 540.99 80.76 76.48 0.1909
87.01 618.53 80.47 76.19 0.1909
123.31 128.43 80.81 76.48 0.1909
671.89 154.22 80.81 76.48 0.1909
708.46 154.22 80.81 76.48 0.1909
598.74 180.01 80.81 76.48 0.1909
159.89 283.15 80.81 76.48 0.1909
123.31 412.08 80.81 76.48 0.1909
159.89 437.86 80.81 76.48 0.1909
196.46 437.86 80.81 76.48 0.1909
781.63 463.62 80.79 76.50 0.1909
86.70 154.21 80.84 76.50 0.1909
269.64 412.04 80.80 76.50 0.1909
415.77 0.00 81.21 76.36 0.1909
452.34 0.00 81.21 76.36 0.1909
745.06 76.89 80.78 76.47 0.1909
269.63 205.77 80.77 76.57 0.1909
123.34 257.39 80.78 76.47 0.1909
123.34 308.96 80.78 76.47 0.1909
86.77 334.74 80.78 76.47 0.1909
159.91 360.53 80.78 76.47 0.1909
891.66 412.32 80.16 75.93 0.1909
196.52 231.59 80.77 76.49 0.1909
854.75 154.21 80.82 76.49 0.1909
489.03 592.57 80.82 76.49 0.1909
269.52 51.01 80.98 76.70 0.1909
818.16 51.05 80.86 76.53 0.1909
781.59 128.40 80.86 76.53 0.1909
233.02 257.33 80.86 76.53 0.1909
269.59 257.33 80.86 76.53 0.1909
233.02 412.05 80.86 76.53 0.1909
781.59 515.19 80.86 76.53 0.1909
525.85 618.50 80.49 76.22 0.1909
708.48 76.80 80.79 76.55 0.1908
123.34 360.45 80.79 76.55 0.1908
562.12 360.46 80.89 76.56 0.1908
86.69 412.03 80.89 76.56 0.1908
452.53 231.64 80.72 76.41 0.1908
781.62 76.86 80.82 76.52 0.1908
379.29 128.37 80.90 76.64 0.1908
854.76 437.86 80.82 76.52 0.1908
854.76 566.78 80.82 76.52 0.1908
854.82 231.56 80.73 76.52 0.1908
50.85 644.71 79.70 75.95 0.1908
562.24 102.62 80.71 76.57 0.1908
891.65 335.00 80.15 75.90 0.1908
708.53 360.49 80.76 76.52 0.1908
86.82 515.21 80.76 76.52 0.1908
928.38 644.60 80.10 76.23 0.1908
342.72 102.61 80.91 76.59 0.1908
