42_Car_Racing_Car_Racing_42_1045
200
927.94 0.00 80.98 81.19 0.1925
50.55 109.48 80.20 80.75 0.1921
50.63 328.98 80.16 80.71 0.1920
928.13 82.03 80.52 81.02 0.1919
50.59 575.82 80.21 80.74 0.1919
50.51 164.28 80.29 80.85 0.1919
50.47 630.64 80.34 80.79 0.1919
50.53 54.61 80.24 80.84 0.1918
50.63 246.66 80.16 80.74 0.1918
50.66 383.88 80.13 80.67 0.1918
50.66 466.17 80.13 80.67 0.1918
891.64 54.62 80.19 80.76 0.1918
50.25 0.00 80.89 80.98 0.1917
891.67 136.94 80.11 80.67 0.1917
928.14 301.46 80.51 81.02 0.1917
928.12 630.61 80.53 81.03 0.1916
928.18 575.75 80.46 81.00 0.1916
891.59 630.66 80.17 80.67 0.1916
50.61 521.01 80.15 80.68 0.1916
415.75 0.00 81.13 81.20 0.1915
781.47 0.00 81.13 81.20 0.1915
818.04 0.00 81.13 81.20 0.1915
928.20 411.21 80.41 80.98 0.1915
928.20 466.07 80.41 80.98 0.1915
525.69 218.98 80.61 81.19 0.1915
708.46 575.44 80.79 81.47 0.1914
928.09 164.30 80.51 81.07 0.1914
928.10 246.63 80.50 80.96 0.1914
635.23 0.00 81.12 81.19 0.1914
671.74 0.00 81.13 81.20 0.1914
86.59 0.00 81.15 81.19 0.1913
159.73 0.00 81.15 81.19 0.1913
306.02 0.00 81.15 81.19 0.1913
379.16 0.00 81.15 81.19 0.1913
488.88 0.00 81.15 81.19 0.1913
744.88 0.00 81.15 81.19 0.1913
196.26 0.00 81.19 81.20 0.1913
452.26 0.00 81.19 81.20 0.1913
708.26 0.00 81.19 81.20 0.1913
415.85 630.31 80.82 81.38 0.1913
562.26 191.53 80.71 81.22 0.1913
891.67 301.51 80.09 80.68 0.1913
891.67 548.36 80.09 80.68 0.1913
854.62 0.00 81.12 81.20 0.1913
891.38 0.00 80.82 81.05 0.1913
671.91 218.95 80.77 81.22 0.1913
13.61 0.00 80.80 80.85 0.1913
598.69 355.96 80.89 81.50 0.1913
123.12 0.00 81.21 81.20 0.1913
232.79 0.00 81.25 81.21 0.1913
671.97 109.15 80.73 81.32 0.1913
598.83 164.01 80.73 81.32 0.1913
598.83 218.87 80.73 81.32 0.1913
562.26 246.29 80.73 81.32 0.1913
525.68 273.72 80.73 81.32 0.1913
635.33 136.58 80.79 81.31 0.1913
671.90 164.01 80.79 81.31 0.1913
635.33 218.87 80.79 81.31 0.1913
452.47 246.44 80.70 81.17 0.1913
598.73 465.75 80.81 81.38 0.1913
598.59 0.00 81.16 81.17 0.1913
379.41 246.31 80.71 81.27 0.1912
671.91 355.96 80.79 81.44 0.1912
891.59 191.74 80.33 80.84 0.1912
269.49 0.00 81.10 81.18 0.1912
525.49 0.00 81.10 81.18 0.1912
562.07 0.00 81.10 81.18 0.1912
635.40 81.72 80.74 81.40 0.1912
342.82 273.72 80.74 81.40 0.1912
489.11 273.72 80.74 81.40 0.1912
306.25 410.87 80.74 81.40 0.1912
635.29 356.00 80.85 81.44 0.1912
708.47 438.32 80.77 81.36 0.1912
891.61 246.66 80.18 80.75 0.1912
342.54 0.00 81.21 81.21 0.1912
598.84 273.74 80.72 81.35 0.1912
379.36 356.06 80.71 81.31 0.1912
233.28 657.96 80.46 81.10 0.1912
379.40 301.15 80.72 81.42 0.1912
562.26 301.15 80.72 81.42 0.1912
342.83 328.58 80.72 81.42 0.1912
342.83 383.43 80.72 81.42 0.1912
123.27 630.31 80.84 81.38 0.1912
745.05 191.43 80.78 81.42 0.1911
415.90 273.72 80.78 81.42 0.1911
635.33 273.72 80.78 81.42 0.1911
562.19 356.01 80.78 81.42 0.1911
87.08 658.01 80.26 80.87 0.1911
671.91 575.45 80.77 81.46 0.1911
159.91 630.35 80.78 81.34 0.1911
781.77 658.04 80.46 80.94 0.1911
708.54 164.01 80.72 81.30 0.1911
159.91 246.35 80.79 81.34 0.1911
159.91 301.21 80.79 81.34 0.1911
745.05 328.64 80.79 81.34 0.1911
708.48 356.07 80.79 81.34 0.1911
415.91 438.35 80.79 81.34 0.1911
196.48 493.21 80.79 81.34 0.1911
818.19 493.21 80.79 81.34 0.1911
415.91 520.64 80.79 81.34 0.1911
452.48 575.50 80.79 81.34 0.1911
123.29 246.34 80.82 81.37 0.1911
159.87 493.19 80.82 81.37 0.1911
269.58 520.62 80.82 81.37 0.1911
818.23 630.34 80.78 81.37 0.1911
379.48 657.92 80.50 81.11 0.1911
928.22 356.45 80.38 80.89 0.1911
891.64 493.45 80.15 80.75 0.1911
196.48 630.32 80.82 81.40 0.1911
745.20 657.95 80.48 81.03 0.1911
123.29 301.10 80.84 81.46 0.1911
379.39 493.18 80.77 81.41 0.1911
562.24 136.60 80.76 81.39 0.1910
708.53 218.89 80.76 81.39 0.1910
525.67 328.60 80.76 81.39 0.1910
306.24 356.03 80.76 81.39 0.1910
13.81 164.42 80.25 80.70 0.1910
269.61 383.46 80.82 81.39 0.1910
306.14 520.59 80.87 81.43 0.1910
635.60 658.02 80.33 80.98 0.1910
13.84 82.16 80.17 80.61 0.1910
13.82 603.37 80.20 80.61 0.1910
342.72 630.30 80.82 81.47 0.1910
86.70 273.69 80.87 81.45 0.1910
123.27 355.98 80.87 81.45 0.1910
562.12 465.71 80.89 81.45 0.1910
854.99 657.97 80.46 81.08 0.1910
708.55 81.75 80.72 81.34 0.1910
745.05 548.00 80.75 81.38 0.1910
635.35 602.96 80.73 81.28 0.1910
891.68 356.39 80.08 80.65 0.1910
306.25 273.73 80.74 81.40 0.1910
745.06 383.45 80.75 81.37 0.1910
562.13 410.84 80.84 81.44 0.1910
671.91 410.88 80.75 81.37 0.1910
635.34 438.30 80.75 81.37 0.1910
635.34 493.16 80.75 81.37 0.1910
928.22 520.93 80.38 80.94 0.1910
635.34 548.02 80.75 81.37 0.1910
342.77 575.45 80.75 81.37 0.1910
269.63 602.88 80.75 81.37 0.1910
306.20 602.88 80.75 81.37 0.1910
379.34 602.88 80.75 81.37 0.1910
452.49 630.30 80.75 81.37 0.1910
671.91 630.30 80.75 81.37 0.1910
745.13 109.17 80.69 81.36 0.1910
489.10 191.57 80.75 81.20 0.1910
781.67 575.52 80.72 81.30 0.1910
708.53 630.33 80.71 81.42 0.1910
452.49 301.17 80.76 81.35 0.1909
489.06 328.60 80.76 81.35 0.1909
928.39 685.70 80.09 81.05 0.1909
781.60 54.33 80.81 81.35 0.1909
598.77 109.17 80.79 81.35 0.1909
233.03 493.19 80.81 81.35 0.1909
86.70 164.03 80.84 81.38 0.1909
196.42 273.75 80.84 81.38 0.1909
86.71 328.57 80.86 81.46 0.1909
159.85 356.03 80.84 81.38 0.1909
123.27 548.03 80.84 81.38 0.1909
854.77 136.64 80.78 81.34 0.1909
818.20 218.93 80.78 81.34 0.1909
13.93 246.81 80.10 80.54 0.1909
854.77 246.36 80.78 81.34 0.1909
781.63 328.64 80.78 81.34 0.1909
781.63 383.50 80.78 81.34 0.1909
671.91 465.73 80.77 81.45 0.1909
781.63 493.21 80.78 81.34 0.1909
159.91 548.07 80.78 81.34 0.1909
379.34 548.07 80.78 81.34 0.1909
598.77 548.07 80.78 81.34 0.1909
415.91 575.50 80.78 81.34 0.1909
489.06 602.93 80.78 81.34 0.1909
415.89 218.98 80.71 81.20 0.1909
708.42 493.14 80.84 81.49 0.1909
379.30 410.88 80.84 81.41 0.1909
745.10 493.15 80.70 81.36 0.1909
525.67 520.60 80.76 81.37 0.1909
745.10 602.87 80.70 81.36 0.1909
818.23 548.01 80.79 81.42 0.1909
562.20 630.31 80.80 81.40 0.1909
306.34 657.93 80.47 81.08 0.1909
489.20 657.93 80.47 81.08 0.1909
452.45 109.16 80.86 81.41 0.1909
123.30 164.01 80.86 81.41 0.1909
525.61 164.03 80.80 81.30 0.1909
854.73 575.44 80.86 81.41 0.1909
598.69 410.85 80.89 81.44 0.1908
781.62 438.27 80.79 81.43 0.1908
196.48 547.98 80.79 81.43 0.1908
598.83 630.32 80.76 81.40 0.1908
854.76 191.47 80.82 81.40 0.1908
525.72 465.76 80.70 81.37 0.1908
306.20 54.36 80.76 81.31 0.1908
159.92 438.36 80.76 81.31 0.1908
342.82 438.31 80.73 81.40 0.1908
745.05 438.27 80.76 81.40 0.1908
123.35 465.79 80.76 81.31 0.1908
342.72 520.59 80.86 81.43 0.1908
671.90 273.74 80.79 81.39 0.1908
