20_Family_Group_Family_Group_20_636
187
147.67 52.79 27.68 25.11 0.365442
920.91 129.17 51.57 45.99 0.343210
803.66 78.46 29.47 23.54 0.290682
197.83 58.23 35.49 33.34 0.263593
946.16 71.22 31.93 28.38 0.263052
481.18 112.61 22.36 19.55 0.258377
807.18 87.30 28.59 22.90 0.216606
744.02 23.12 33.18 25.53 0.213323
477.72 101.32 33.17 28.16 0.208817
245.95 110.61 30.98 27.01 0.202094
286.54 77.46 24.20 21.02 0.193543
232.90 71.83 30.82 28.64 0.193075
933.32 287.31 63.30 51.57 0.188809
476.39 38.17 22.07 18.46 0.186399
242.39 94.25 35.93 33.77 0.184501
479.43 69.46 38.76 27.36 0.173992
658.97 114.60 25.76 21.77 0.166932
653.93 58.41 31.76 27.00 0.165723
432.51 56.07 28.10 21.55 0.163448
61.79 78.31 24.16 19.98 0.162088
935.24 80.83 41.74 36.99 0.159062
714.21 96.10 31.82 26.76 0.157068
752.42 93.54 26.33 23.30 0.152345
278.92 88.07 29.09 26.79 0.147605
574.70 118.53 25.33 19.48 0.146398
433.95 43.06 27.31 19.68 0.145338
845.90 81.18 20.81 15.64 0.140242
605.59 71.84 29.23 24.64 0.140079
504.00 71.53 38.93 28.53 0.139093
712.81 22.87 27.91 23.74 0.138523
194.69 41.30 37.97 38.43 0.137924
714.00 109.50 31.14 26.59 0.136770
386.47 98.22 27.26 21.19 0.135941
849.34 207.19 27.03 20.88 0.134789
758.73 80.63 24.37 20.58 0.133772
748.26 110.24 29.16 25.71 0.131175
613.13 16.45 25.96 24.93 0.130008
970.61 68.06 35.42 27.78 0.127928
747.01 136.47 29.08 21.50 0.126122
274.30 135.66 544.31 291.34 0.122577
660.92 100.31 25.42 22.16 0.122189
604.72 97.36 29.73 20.66 0.122102
571.49 42.45 21.22 18.90 0.121615
617.04 38.00 21.75 21.68 0.120234
386.62 79.22 20.29 15.92 0.120228
8.36 76.45 37.56 36.28 0.118997
426.73 114.46 23.02 19.89 0.118860
846.36 118.40 26.43 25.68 0.118063
390.57 115.17 25.14 18.76 0.117542
291.00 61.12 28.31 32.45 0.117480
595.77 54.04 43.72 37.46 0.116209
797.31 196.51 34.83 28.05 0.115794
196.91 74.93 36.14 39.96 0.115440
338.62 137.24 21.66 20.57 0.115379
573.93 97.48 28.78 21.86 0.115150
427.64 100.07 26.86 25.15 0.114968
573.28 128.73 26.64 23.35 0.113898
788.10 57.04 33.84 32.63 0.110157
519.74 117.83 22.60 17.14 0.109244
143.36 154.36 44.53 39.52 0.108532
803.66 133.71 28.11 22.97 0.108102
336.47 118.85 22.91 17.85 0.105786
477.32 24.56 22.48 22.45 0.105344
185.89 130.43 27.04 22.80 0.104612
710.33 80.60 29.53 29.46 0.104326
576.55 74.72 36.82 25.33 0.103146
521.16 39.75 29.30 25.92 0.102964
898.09 120.05 37.83 41.12 0.102358
183.60 118.12 34.88 23.44 0.101828
382.93 62.84 23.99 18.93 0.101689
506.49 93.19 37.28 25.48 0.101641
657.43 38.85 29.34 27.24 0.101141
662.00 20.81 26.18 21.21 0.100852
474.81 128.52 27.13 24.41 0.100102
753.99 150.46 24.03 20.64 0.099632
872.09 256.21 114.78 96.53 0.099355
430.73 71.96 28.52 23.17 0.097109
609.58 111.87 25.93 20.40 0.096754
787.68 37.82 31.56 24.83 0.096602
756.52 47.49 33.57 29.12 0.095602
902.64 95.40 25.22 21.18 0.094504
841.78 93.58 27.14 23.40 0.093440
982.47 246.26 36.83 43.71 0.092320
574.25 55.69 32.57 27.93 0.089520
713.39 127.34 29.61 23.86 0.086927
335.48 96.42 32.19 24.44 0.086850
977.28 88.68 31.34 28.00 0.084469
342.63 154.07 17.04 15.71 0.084372
279.40 113.83 29.43 24.12 0.083969
519.80 133.39 27.28 21.96 0.083501
44.62 88.31 46.63 42.68 0.083049
750.68 4.09 26.45 20.76 0.082895
748.22 188.96 36.49 30.80 0.082326
152.07 83.93 32.60 36.12 0.081495
104.58 76.77 24.77 22.01 0.080651
188.08 151.38 27.28 22.98 0.080623
800.43 114.30 41.19 40.23 0.080485
671.37 159.89 24.99 15.05 0.079539
919.71 236.14 84.66 91.63 0.078923
155.32 136.39 32.15 27.56 0.078820
610.87 155.00 24.15 18.59 0.078745
780.51 213.40 201.38 164.16 0.078621
384.61 133.18 27.14 24.84 0.078437
245.55 121.80 29.27 27.65 0.078245
887.82 286.61 76.90 55.72 0.078020
753.33 168.58 27.50 27.32 0.075360
663.49 126.15 26.43 27.56 0.075308
918.67 156.10 59.72 66.37 0.075279
334.43 60.18 29.65 20.97 0.074181
901.01 81.44 22.97 19.23 0.073201
225.24 39.81 41.01 41.33 0.073083
387.76 154.15 20.97 17.81 0.072654
666.84 193.38 28.95 21.72 0.072165
662.01 1.56 23.38 16.50 0.071760
775.33 226.51 83.47 79.65 0.071733
706.87 51.51 33.70 30.05 0.071663
795.90 148.53 31.07 26.19 0.071409
509.67 181.16 38.92 39.87 0.071040
518.42 20.67 36.27 25.60 0.070135
257.19 293.89 71.29 26.80 0.069914
8.14 52.76 28.38 37.45 0.069738
155.86 110.42 33.49 27.66 0.069617
68.87 143.05 62.58 68.39 0.068938
425.44 129.59 25.34 22.98 0.068442
602.28 133.42 35.06 28.48 0.068141
780.34 23.59 38.55 22.50 0.068101
274.75 309.10 47.45 18.27 0.067500
332.08 74.73 28.34 21.21 0.067479
961.85 108.71 53.03 65.13 0.067068
28.96 137.31 87.66 83.94 0.066835
569.25 17.18 34.55 26.88 0.065718
287.07 34.15 33.95 33.65 0.065567
106.99 60.19 21.98 19.99 0.065189
559.01 200.07 39.71 33.36 0.064509
46.49 108.36 54.36 41.59 0.064257
985.08 224.13 34.48 43.58 0.063950
936.81 342.75 37.51 24.26 0.063669
896.30 328.05 39.67 22.38 0.063515
281.01 11.09 42.43 37.61 0.063270
286.34 207.44 283.26 175.14 0.063000
95.50 113.63 36.85 43.68 0.062847
849.73 172.00 24.90 21.91 0.062815
57.33 61.58 27.77 32.62 0.061368
666.94 164.03 37.78 30.41 0.061226
6.64 219.55 26.57 24.40 0.060572
575.89 154.54 22.11 18.02 0.060378
417.87 189.75 30.56 25.46 0.060377
937.73 134.87 72.21 64.28 0.060349
587.83 149.35 247.16 231.08 0.059936
701.48 196.84 28.66 21.03 0.059491
661.38 203.72 30.52 25.72 0.059485
376.03 41.07 31.68 24.23 0.059263
286.80 156.97 22.98 15.62 0.059067
289.75 133.06 24.00 21.55 0.058952
32.28 239.98 76.39 50.72 0.058771
698.07 157.79 32.47 22.39 0.057920
95.32 91.82 39.17 43.10 0.057644
472.80 161.07 32.77 30.87 0.056864
793.83 3.80 27.71 16.48 0.056796
477.59 155.94 21.43 20.45 0.056771
14.90 140.87 61.32 61.44 0.055578
347.76 268.54 158.51 82.06 0.055428
387.90 175.04 73.71 71.40 0.055378
609.81 3.68 28.56 23.62 0.055339
429.89 21.36 30.79 26.36 0.054764
704.20 1.12 34.35 29.53 0.054294
190.87 216.60 26.84 13.48 0.054257
717.01 210.97 95.27 87.88 0.054187
847.45 333.65 39.65 23.94 0.053907
750.62 203.21 41.82 27.77 0.053795
923.01 190.41 56.37 44.61 0.053608
321.47 293.24 67.65 26.77 0.053575
329.48 306.54 48.15 24.51 0.053475
142.84 277.96 185.17 61.05 0.053139
805.99 228.93 101.83 108.18 0.052998
787.68 212.99 51.51 46.53 0.052853
0.00 235.14 42.35 40.19 0.052475
143.36 188.09 34.96 26.24 0.052238
329.40 41.33 35.21 24.19 0.052236
604.32 187.29 30.98 25.23 0.052051
844.76 352.21 34.49 18.02 0.052037
188.73 162.94 29.62 28.92 0.052029
846.90 61.03 26.40 27.90 0.051024
94.04 120.03 54.95 61.60 0.050931
83.44 170.17 39.22 42.18 0.050483
978.36 208.25 38.80 33.98 0.050193
376.48 15.53 35.13 35.26 0.050080
