20_Family_Group_Family_Group_20_72
78
475.44 170.26 50.90 65.24 0.594691
322.86 213.51 47.09 58.52 0.551983
680.28 145.56 124.01 207.04 0.461196
725.45 140.45 69.20 92.15 0.425966
418.98 258.86 45.98 56.58 0.351080
241.46 220.16 58.13 70.24 0.340398
317.52 231.66 60.46 81.61 0.265731
239.23 371.06 36.47 49.04 0.248470
286.01 302.96 38.53 51.50 0.247024
394.19 391.08 74.05 87.75 0.246871
292.58 338.73 34.08 45.00 0.241168
370.10 357.01 45.00 57.97 0.231649
651.79 196.76 108.36 215.97 0.231577
326.31 291.54 40.35 49.94 0.228182
351.00 373.55 91.55 93.22 0.225348
471.32 392.75 40.64 57.89 0.224638
380.45 335.79 36.40 49.22 0.224176
568.23 273.66 52.01 79.03 0.219041
741.56 160.97 85.83 126.98 0.202398
503.48 388.20 52.47 70.18 0.202010
464.50 295.47 38.72 50.06 0.196417
518.35 264.90 47.60 58.68 0.195498
513.04 373.53 40.25 51.61 0.191369
384.00 273.57 28.64 42.35 0.185869
513.25 211.12 41.65 59.66 0.185812
384.74 293.92 44.93 52.54 0.178183
230.10 395.70 51.35 67.24 0.176513
588.02 237.19 63.01 108.89 0.174924
348.07 384.38 141.04 168.12 0.174673
408.13 309.97 58.56 76.85 0.172917
332.17 377.11 45.29 61.65 0.167798
547.02 240.07 49.10 67.23 0.166788
241.57 339.60 38.92 47.77 0.162100
464.96 317.80 39.62 55.52 0.157057
693.99 347.70 37.35 70.59 0.154363
415.89 365.53 44.30 51.88 0.153827
328.03 324.06 34.38 50.45 0.153349
205.06 234.97 48.41 51.57 0.152383
565.15 309.93 63.40 89.60 0.150723
455.50 256.44 47.23 57.38 0.148520
654.38 304.72 62.86 113.06 0.146989
239.61 287.44 58.71 74.67 0.141518
457.61 397.20 59.53 88.46 0.133394
247.17 397.35 64.62 81.15 0.133055
564.25 384.12 44.67 76.06 0.132632
577.45 334.42 83.03 110.08 0.128641
652.44 363.75 54.82 96.03 0.128638
513.66 338.96 43.33 57.06 0.121918
562.55 354.28 57.93 76.01 0.112925
186.32 325.09 74.00 97.73 0.111772
650.40 420.90 54.29 63.94 0.102797
608.07 198.41 42.15 98.68 0.101371
188.38 372.66 76.06 116.80 0.086063
254.68 182.45 58.84 82.91 0.085755
195.01 274.50 69.53 88.02 0.084861
125.72 425.41 54.39 79.86 0.084763
583.87 390.37 71.64 93.55 0.083686
204.35 213.95 74.62 84.75 0.076906
704.75 268.20 75.34 131.26 0.076070
553.72 208.37 39.56 75.29 0.074132
376.64 239.30 31.62 56.03 0.071347
733.15 348.13 41.58 70.66 0.067554
411.85 406.78 98.36 120.83 0.067256
948.82 384.74 27.20 28.90 0.067071
948.32 405.46 28.39 40.78 0.064630
785.31 277.32 48.48 96.02 0.063127
748.89 577.61 24.07 30.02 0.059139
783.48 138.16 45.07 88.96 0.059068
991.53 378.46 21.81 31.34 0.055311
896.96 206.09 21.76 40.94 0.054763
155.52 354.10 52.00 56.94 0.054154
0.49 390.54 41.71 71.36 0.052136
994.23 234.52 23.14 50.03 0.051856
214.89 417.11 64.55 93.82 0.051138
592.28 131.51 59.84 92.33 0.051000
994.73 261.08 20.52 40.86 0.050562
434.11 204.05 31.90 45.80 0.050488
898.69 236.67 26.31 36.53 0.050199
