42_Car_Racing_Car_Racing_42_602
96
211.50 417.87 99.76 98.58 0.2860
953.11 213.57 26.03 33.52 0.2071
776.66 136.84 25.41 34.41 0.1959
8.55 167.89 22.25 36.04 0.1801
777.61 149.18 27.29 38.97 0.1704
57.45 278.23 58.72 69.40 0.1627
883.26 171.25 21.04 22.33 0.1611
874.57 189.87 28.11 31.27 0.1596
993.46 218.63 28.39 40.37 0.1593
34.04 285.81 60.98 81.42 0.1568
44.98 165.62 24.02 29.54 0.1556
806.71 167.51 26.00 28.10 0.1500
168.58 245.78 48.22 71.77 0.1469
551.79 119.20 21.09 24.14 0.1360
73.93 162.84 23.94 25.79 0.1342
592.87 124.47 27.80 37.74 0.1250
702.26 135.28 23.58 31.49 0.1237
223.13 145.43 36.79 45.61 0.1232
652.92 127.57 31.89 36.74 0.1220
114.45 154.28 45.74 46.20 0.1110
39.78 182.83 27.70 33.10 0.1105
918.60 167.39 26.84 25.62 0.1099
844.97 166.32 29.86 28.67 0.1087
848.76 191.46 33.88 44.23 0.1068
140.55 48.97 70.17 74.21 0.1053
910.49 183.64 35.18 39.88 0.1039
117.49 78.96 70.89 67.85 0.1035
4.82 269.69 27.05 46.57 0.1000
700.17 140.89 31.72 49.48 0.0993
757.52 385.00 52.95 53.86 0.0985
5.26 278.87 45.51 84.47 0.0949
766.11 176.67 37.94 57.32 0.0941
40.44 241.41 29.01 34.99 0.0939
548.01 128.70 29.55 30.70 0.0916
221.10 158.25 59.37 71.97 0.0881
520.24 115.39 26.39 26.39 0.0877
38.86 133.50 28.96 37.30 0.0875
662.19 118.71 21.68 25.58 0.0874
36.78 265.39 51.91 64.92 0.0856
751.69 383.40 90.74 89.99 0.0853
831.69 192.18 51.76 90.87 0.0838
805.93 170.28 46.23 61.10 0.0830
905.66 202.99 42.01 57.42 0.0813
112.89 132.67 72.40 76.22 0.0811
798.84 132.13 48.06 42.17 0.0807
714.35 129.02 48.75 44.08 0.0806
948.52 164.16 34.23 28.67 0.0802
635.83 119.68 76.49 90.97 0.0797
570.50 119.20 98.04 98.17 0.0792
3.51 248.64 25.03 36.78 0.0792
205.02 152.29 93.44 150.76 0.0789
129.79 166.11 54.74 57.56 0.0781
770.77 111.53 42.09 51.64 0.0774
847.23 171.06 62.24 91.20 0.0761
694.97 114.93 34.58 42.66 0.0758
0.00 129.11 34.75 50.89 0.0748
284.67 147.41 52.06 58.11 0.0745
539.54 135.22 248.81 201.05 0.0744
73.26 188.64 26.65 32.94 0.0733
989.79 253.04 30.15 63.21 0.0730
59.54 284.75 87.13 102.45 0.0712
267.60 50.59 56.68 85.54 0.0706
841.83 399.62 40.90 51.13 0.0701
156.91 133.77 57.20 64.20 0.0692
470.90 113.85 43.93 41.60 0.0690
793.05 324.10 54.06 58.40 0.0689
766.93 348.36 61.92 51.92 0.0689
253.63 135.25 95.66 129.55 0.0687
494.78 109.02 140.04 127.58 0.0658
234.18 142.67 65.34 62.74 0.0657
992.56 283.21 26.27 53.93 0.0656
148.41 195.57 49.28 64.51 0.0651
6.84 210.91 21.15 35.75 0.0647
70.77 140.08 35.44 50.22 0.0645
74.89 244.14 31.28 47.37 0.0644
179.65 16.58 54.65 75.53 0.0634
41.29 219.73 26.41 38.27 0.0632
726.02 150.33 40.16 44.78 0.0631
150.54 155.69 69.74 83.38 0.0616
907.72 249.12 39.99 59.91 0.0604
210.19 89.89 71.60 90.05 0.0602
860.87 394.57 48.21 55.92 0.0596
598.32 286.78 425.68 466.49 0.0591
827.55 340.92 41.63 41.82 0.0589
769.86 354.93 179.60 190.55 0.0580
120.90 251.29 121.24 139.62 0.0567
206.20 32.05 72.39 96.96 0.0557
71.49 391.27 255.15 253.84 0.0551
635.41 116.03 24.30 26.14 0.0545
980.62 191.88 41.08 71.79 0.0541
945.94 309.50 43.89 53.17 0.0538
210.44 379.95 101.28 72.33 0.0531
875.38 133.25 44.64 41.83 0.0529
918.57 370.64 40.41 45.11 0.0528
75.23 216.62 28.54 39.55 0.0509
498.07 220.63 219.41 145.35 0.0501
