27_Spa_Spa_27_168
16
489.28 395.95 409.02 350.29 0.1184
7.59 473.18 57.63 294.83 0.0391
15.06 149.78 34.47 244.78 0.0383
0.00 0.93 75.08 71.53 0.0379
354.66 358.80 392.94 280.45 0.0374
105.76 173.96 156.55 340.13 0.0365
218.13 33.63 373.84 173.04 0.0349
481.02 16.64 431.61 206.47 0.0314
659.47 0.00 364.53 106.95 0.0309
666.43 363.00 357.57 296.88 0.0300
122.47 99.75 267.10 340.16 0.0299
140.72 363.18 230.41 278.97 0.0298
126.53 405.38 402.67 351.42 0.0281
74.89 135.96 78.55 273.53 0.0235
15.10 379.30 42.04 245.10 0.0211
96.68 400.36 175.17 357.58 0.0209
