20_Family_Group_Family_Group_20_90
20
234.51 281.11 331.01 394.14 0.4651
455.21 75.29 456.48 190.39 0.1201
506.21 293.02 337.73 346.77 0.1129
0.00 14.92 294.37 246.05 0.0879
551.37 118.85 472.63 235.11 0.0732
159.24 59.15 419.93 175.18 0.0593
361.45 327.48 335.73 440.52 0.0521
159.16 325.09 236.97 424.53 0.0399
481.68 237.56 542.32 261.40 0.0375
457.87 50.91 196.58 84.03 0.0325
545.77 56.43 165.16 90.37 0.0320
152.77 83.50 149.88 104.87 0.0280
443.30 26.11 172.91 70.33 0.0271
199.15 210.56 396.27 256.64 0.0259
368.13 170.94 381.70 307.67 0.0245
557.23 29.60 154.54 73.09 0.0243
474.86 75.12 157.31 121.00 0.0231
31.84 320.55 202.28 447.45 0.0228
0.00 135.79 48.23 107.75 0.0214
71.57 135.72 222.54 355.71 0.0206
