42_Car_Racing_Car_Racing_42_600
148
116.73 132.96 416.81 218.93 0.8729
284.03 117.14 394.09 212.27 0.7249
149.36 145.82 209.38 335.91 0.5174
533.94 127.66 490.06 225.71 0.4155
336.02 163.42 376.95 307.61 0.3239
100.96 209.83 178.48 342.58 0.2155
132.30 244.95 389.38 292.32 0.2031
564.83 164.57 291.65 323.60 0.1580
302.40 314.34 360.03 314.41 0.1052
50.30 151.47 81.57 166.90 0.0928
122.19 319.65 265.21 383.06 0.0913
428.12 250.41 375.49 296.02 0.0839
457.70 133.29 310.88 242.69 0.0820
280.92 55.97 403.82 139.74 0.0739
426.35 350.67 338.41 396.50 0.0703
349.23 434.00 236.93 334.00 0.0660
67.67 52.03 62.80 135.78 0.0650
225.62 129.41 107.08 139.91 0.0643
61.85 106.85 64.93 139.37 0.0635
544.69 299.92 434.89 298.50 0.0633
598.05 134.81 159.32 111.71 0.0620
78.43 150.16 108.50 160.54 0.0617
342.38 131.14 129.31 138.73 0.0612
245.97 104.97 141.92 108.24 0.0606
244.37 171.63 115.25 133.93 0.0576
121.00 161.49 136.08 136.29 0.0570
23.05 165.66 63.91 147.58 0.0562
34.80 114.44 195.49 259.92 0.0553
103.51 116.63 172.82 104.02 0.0547
158.04 143.12 150.25 106.42 0.0535
560.57 131.63 102.78 150.02 0.0519
691.09 175.33 116.02 136.51 0.0504
230.97 64.88 180.66 100.14 0.0493
74.53 82.49 202.02 92.09 0.0492
74.10 460.37 218.99 307.63 0.0488
198.66 443.21 249.05 324.79 0.0488
49.50 311.26 86.30 145.82 0.0480
563.60 456.83 248.55 311.17 0.0479
176.16 341.09 110.31 165.05 0.0476
78.99 95.70 104.28 104.14 0.0475
35.09 214.91 62.20 175.30 0.0474
677.61 142.97 165.40 111.63 0.0463
27.73 38.24 58.30 162.22 0.0458
386.45 381.24 129.58 158.70 0.0454
468.88 142.29 123.58 132.22 0.0448
105.13 223.36 110.77 152.82 0.0447
405.96 135.10 102.12 126.56 0.0447
105.25 315.21 128.66 142.75 0.0443
324.40 104.35 249.98 97.09 0.0441
38.38 352.77 54.40 137.37 0.0439
0.00 0.00 67.32 71.60 0.0433
0.00 195.53 65.24 140.93 0.0422
437.45 178.70 108.30 122.54 0.0418
152.36 257.58 106.96 153.96 0.0412
177.48 204.95 111.39 132.66 0.0404
211.82 310.11 134.26 148.54 0.0397
499.77 43.94 397.92 164.46 0.0391
0.00 157.81 36.71 115.32 0.0384
140.92 77.20 84.98 119.31 0.0373
0.00 55.75 214.64 211.06 0.0373
15.98 32.82 110.28 87.76 0.0370
524.03 145.99 89.89 161.55 0.0368
729.28 205.34 102.40 129.47 0.0368
766.83 173.70 104.34 163.10 0.0358
141.90 85.57 341.97 171.44 0.0358
604.30 163.29 89.94 182.80 0.0357
648.79 197.65 102.51 132.03 0.0355
33.16 0.00 108.30 77.87 0.0350
804.09 225.96 111.71 156.22 0.0348
880.19 177.88 112.70 146.03 0.0347
61.07 253.94 128.08 167.04 0.0340
28.37 120.06 70.21 114.15 0.0340
845.75 131.80 111.25 140.00 0.0338
0.00 341.08 219.49 279.61 0.0332
0.00 311.99 67.20 160.27 0.0332
0.00 507.07 169.95 260.93 0.0329
40.69 47.91 144.25 117.53 0.0328
832.73 243.97 149.04 120.86 0.0325
224.94 217.40 105.53 154.70 0.0325
739.18 122.57 163.29 136.31 0.0323
209.99 60.72 94.60 127.51 0.0317
683.72 55.65 248.08 95.23 0.0316
52.14 233.05 90.96 130.58 0.0316
545.87 195.95 92.81 131.59 0.0314
364.95 60.13 78.90 125.45 0.0314
809.80 29.81 89.62 138.90 0.0313
768.31 31.98 92.35 136.67 0.0312
0.00 110.65 59.39 124.96 0.0310
351.65 349.92 150.59 129.04 0.0304
380.87 172.22 102.41 156.62 0.0297
509.81 212.94 91.85 122.43 0.0297
45.76 0.00 177.38 37.85 0.0296
0.00 21.06 57.74 117.17 0.0296
421.38 357.91 139.83 134.22 0.0295
790.64 89.85 157.92 104.59 0.0292
421.01 90.26 88.79 121.04 0.0292
800.11 165.12 125.36 142.77 0.0290
809.43 58.40 205.89 95.83 0.0290
718.32 74.28 139.16 133.54 0.0288
871.34 33.87 92.29 142.92 0.0288
167.98 37.45 174.28 97.63 0.0286
301.27 166.50 108.18 155.96 0.0282
461.05 85.73 183.72 113.90 0.0279
520.35 640.66 220.24 102.00 0.0279
847.42 278.40 115.01 157.49 0.0274
552.39 66.63 196.85 117.39 0.0273
62.89 349.36 107.05 151.81 0.0271
317.51 361.57 128.22 155.57 0.0269
593.08 640.17 73.74 127.83 0.0266
301.80 653.76 205.90 97.08 0.0257
97.41 390.81 172.61 114.41 0.0256
625.63 630.69 72.47 137.31 0.0251
0.00 257.09 47.03 134.13 0.0250
781.85 301.92 104.32 157.63 0.0250
181.05 416.37 150.24 152.43 0.0249
933.71 0.00 90.29 74.72 0.0247
369.79 642.26 72.78 125.74 0.0245
0.00 692.38 126.41 75.62 0.0244
82.50 0.00 89.96 119.52 0.0242
682.18 30.92 94.44 152.38 0.0242
286.67 0.00 162.18 28.47 0.0240
0.00 679.94 45.90 88.06 0.0239
110.35 0.00 166.58 19.39 0.0238
734.36 336.58 109.13 162.92 0.0232
0.00 675.05 222.43 64.71 0.0230
948.01 0.00 75.99 14.68 0.0230
285.81 344.35 111.10 136.76 0.0230
665.89 622.06 67.63 145.94 0.0228
456.22 227.07 102.17 145.59 0.0226
576.54 32.22 167.83 93.96 0.0225
223.90 0.00 219.66 90.17 0.0224
475.21 392.43 111.30 164.22 0.0223
292.26 34.37 212.28 74.48 0.0222
746.75 265.31 99.11 154.97 0.0218
228.72 401.16 119.05 117.31 0.0216
405.57 628.08 69.54 139.92 0.0215
516.63 368.60 114.56 172.22 0.0214
364.71 0.00 366.56 150.12 0.0214
875.64 154.82 148.36 103.66 0.0213
692.80 235.41 99.79 127.45 0.0213
0.00 393.47 58.22 135.75 0.0212
0.00 380.75 140.75 137.86 0.0207
444.97 315.61 153.50 119.84 0.0205
672.17 328.43 106.73 170.89 0.0204
343.90 0.00 212.22 14.39 0.0203
503.54 691.71 177.30 76.29 0.0203
891.05 266.70 124.75 123.92 0.0202
624.48 359.28 111.70 168.21 0.0200
