26_Soldier_Drilling_Soldiers_Drilling_26_9
46
616.92 209.45 30.69 32.15 0.5833
507.20 222.58 33.06 35.73 0.3827
480.51 202.73 52.73 53.41 0.2055
522.82 304.41 29.12 26.05 0.2028
466.07 217.84 70.03 85.53 0.1672
656.51 313.47 42.65 72.12 0.1435
660.97 260.59 24.05 31.66 0.1431
244.86 279.14 236.74 141.78 0.1261
592.88 446.64 26.12 29.44 0.1236
462.95 349.61 39.24 36.94 0.1183
627.03 306.27 77.93 131.91 0.1124
604.39 209.31 49.01 54.45 0.1109
639.20 199.48 41.34 37.04 0.1104
543.36 232.26 40.74 44.07 0.1100
499.68 224.35 51.85 65.17 0.1091
474.65 296.85 48.05 44.73 0.1052
206.93 149.39 340.33 316.61 0.1018
942.85 551.55 36.48 23.37 0.0961
654.72 247.15 29.85 32.51 0.0944
543.99 215.00 40.28 40.98 0.0847
310.49 151.20 229.13 186.88 0.0827
533.84 201.66 43.51 38.02 0.0813
515.76 289.87 46.07 44.00 0.0811
426.58 172.97 128.95 129.19 0.0808
630.89 73.87 256.89 186.57 0.0783
615.83 363.52 66.07 78.76 0.0772
628.57 298.53 52.75 63.24 0.0733
724.00 261.51 173.22 136.00 0.0666
612.35 238.53 54.51 65.93 0.0665
609.09 445.08 40.34 34.55 0.0635
583.68 211.02 52.13 63.72 0.0632
526.51 280.75 60.51 58.83 0.0623
576.72 124.00 44.60 53.23 0.0615
588.70 393.09 60.73 63.81 0.0615
502.01 185.58 53.06 58.59 0.0612
579.38 316.42 90.29 126.19 0.0605
78.54 187.17 334.43 275.83 0.0584
604.33 462.08 44.39 34.26 0.0584
619.22 427.45 37.12 40.75 0.0563
263.80 15.66 223.93 167.11 0.0561
433.82 314.51 74.02 83.96 0.0546
744.02 328.63 163.02 150.37 0.0541
233.52 100.00 247.23 163.66 0.0532
440.39 118.76 70.58 61.06 0.0530
680.96 237.48 50.59 61.44 0.0520
669.55 36.55 70.60 50.43 0.0516
