26_Soldier_Drilling_Soldiers_Drilling_26_307
79
80.03 393.72 19.71 24.14 0.3308
173.88 372.43 31.27 33.34 0.2639
162.50 369.86 27.56 32.95 0.2374
446.22 238.59 23.98 30.85 0.2269
267.45 348.49 23.23 24.65 0.2144
414.85 357.32 24.32 26.45 0.1914
426.23 184.13 70.95 75.70 0.1585
291.04 358.29 30.66 29.37 0.1536
440.03 220.34 43.52 53.17 0.1423
462.86 183.11 62.42 81.38 0.1422
39.25 364.43 22.79 28.72 0.1381
275.41 40.77 246.26 131.80 0.1264
904.55 340.39 30.48 30.65 0.1258
476.53 255.78 34.56 39.68 0.1194
385.43 220.73 53.81 55.22 0.1181
553.62 285.21 46.04 55.05 0.1176
4.25 285.16 23.25 35.53 0.1154
999.02 272.08 22.35 43.93 0.1100
893.70 336.66 29.02 29.54 0.1090
264.26 295.76 17.88 21.38 0.1040
392.14 192.08 71.06 62.78 0.1027
7.93 301.40 24.75 41.18 0.1015
473.05 222.19 47.34 61.52 0.0975
261.44 320.06 21.49 25.78 0.0962
81.07 371.66 19.72 30.80 0.0957
119.91 412.49 21.38 26.59 0.0952
7.37 361.08 22.08 33.77 0.0946
365.20 216.51 47.69 57.06 0.0937
995.40 311.29 22.67 41.89 0.0925
174.30 382.86 48.65 65.97 0.0902
261.88 272.33 20.11 22.35 0.0825
41.78 378.92 26.99 32.97 0.0823
7.40 387.92 19.11 27.75 0.0821
0.00 257.94 23.27 45.05 0.0818
954.60 315.12 29.10 33.71 0.0793
498.90 233.57 81.93 87.06 0.0783
910.66 321.83 29.12 40.55 0.0783
668.13 220.15 195.33 221.77 0.0781
512.12 368.48 29.84 32.58 0.0767
30.50 310.28 31.20 35.06 0.0762
214.28 358.55 37.88 32.52 0.0757
624.07 317.72 32.59 32.89 0.0748
8.49 333.23 24.93 38.75 0.0737
484.58 174.54 101.80 100.59 0.0736
4.10 406.41 20.95 30.16 0.0719
371.48 368.38 23.99 27.11 0.0718
27.20 331.78 34.58 39.70 0.0717
322.36 205.60 59.93 66.85 0.0716
551.38 325.64 35.04 38.81 0.0707
230.98 347.71 283.13 335.29 0.0700
995.02 233.98 28.44 65.50 0.0686
3.23 463.63 34.66 61.53 0.0674
627.79 329.86 34.71 41.48 0.0658
117.82 394.76 20.79 28.74 0.0655
535.02 0.00 488.98 435.71 0.0654
993.71 331.19 23.28 42.26 0.0653
39.11 297.69 24.24 27.04 0.0651
155.25 372.74 84.11 139.50 0.0645
208.90 381.62 47.49 49.37 0.0634
221.04 341.89 29.12 27.12 0.0634
515.13 294.11 57.84 55.51 0.0623
516.00 338.49 35.07 36.18 0.0622
323.09 359.76 34.29 33.06 0.0616
285.50 296.92 31.00 24.59 0.0614
440.94 363.72 32.58 43.76 0.0614
543.88 241.13 87.99 98.42 0.0601
354.65 194.93 77.46 61.92 0.0598
224.57 314.97 24.74 30.17 0.0592
67.00 223.01 86.28 67.16 0.0561
958.46 282.09 30.98 40.92 0.0559
470.48 364.37 37.82 53.33 0.0556
201.37 387.14 56.04 94.90 0.0545
27.13 594.24 76.62 68.96 0.0538
290.71 318.99 26.40 23.13 0.0535
41.65 406.08 27.77 34.04 0.0530
569.48 319.11 45.12 48.08 0.0520
324.14 343.57 32.55 30.97 0.0517
54.06 474.77 264.76 190.89 0.0509
47.05 552.61 149.86 105.43 0.0509
