26_Soldier_Drilling_Soldiers_Drilling_26_893
53
669.19 410.75 92.66 109.17 0.2715
435.33 91.87 55.61 79.45 0.2561
740.47 555.09 29.95 39.03 0.1752
54.69 472.85 44.21 43.23 0.1514
459.28 83.11 43.29 70.67 0.1492
599.82 384.70 112.57 105.17 0.1330
538.87 505.10 70.76 62.28 0.1320
115.10 465.35 33.13 40.52 0.1303
717.18 411.07 76.24 115.88 0.1227
629.42 528.48 37.56 41.78 0.1180
115.60 450.03 28.59 35.68 0.1168
399.25 96.76 80.55 102.64 0.1162
446.20 56.93 28.92 34.52 0.1152
112.27 344.53 108.79 122.15 0.1096
255.37 347.35 95.05 136.71 0.1088
732.03 502.15 49.91 61.91 0.1055
353.56 295.07 129.56 89.82 0.1040
526.42 455.75 78.29 79.44 0.1029
658.68 548.24 27.81 30.96 0.1028
651.01 521.85 37.89 46.45 0.0986
352.08 220.94 183.16 149.80 0.0965
399.91 333.12 104.94 88.21 0.0965
761.86 570.76 30.94 32.84 0.0909
690.10 382.73 85.98 101.09 0.0884
258.46 414.40 63.79 83.20 0.0864
195.71 225.49 127.85 73.29 0.0863
126.63 262.67 186.19 154.48 0.0859
692.76 550.76 31.96 34.44 0.0855
682.56 495.53 50.80 62.28 0.0832
451.97 458.57 57.54 51.07 0.0830
166.28 159.03 44.81 44.25 0.0805
141.85 408.20 87.96 115.45 0.0737
393.26 388.59 67.31 78.72 0.0694
117.14 430.51 77.85 76.77 0.0670
477.33 488.53 36.98 45.49 0.0666
609.43 465.58 85.36 75.92 0.0652
202.49 247.88 161.20 96.33 0.0639
699.00 566.34 28.88 36.71 0.0637
327.11 391.31 105.71 108.67 0.0599
662.49 560.73 32.46 39.94 0.0589
924.04 41.09 50.66 79.09 0.0589
78.82 444.43 144.81 152.53 0.0582
237.64 192.29 221.78 136.46 0.0574
326.45 88.79 150.91 160.52 0.0560
518.60 525.59 63.08 63.91 0.0552
170.63 309.96 132.02 190.42 0.0538
771.32 455.37 70.28 89.21 0.0521
951.71 518.64 39.05 38.75 0.0516
109.75 464.59 57.25 60.87 0.0514
409.19 418.16 102.21 93.21 0.0509
481.32 568.50 26.42 35.01 0.0507
333.62 307.70 105.75 146.06 0.0507
930.28 694.17 81.18 39.83 0.0502
