18_Concerts_Concerts_18_504
200
699.60 292.37 21.62 26.17 0.3224
10.45 319.75 17.97 18.74 0.3220
804.99 270.36 25.51 23.62 0.3185
120.90 391.95 17.01 22.47 0.3080
993.82 342.81 21.76 32.38 0.3067
851.05 298.59 15.75 24.61 0.2987
670.68 368.25 16.43 19.42 0.2981
306.02 391.77 11.92 16.13 0.2951
448.05 120.39 26.56 35.12 0.2943
668.10 413.28 17.62 21.13 0.2936
775.23 475.95 20.61 30.17 0.2887
853.94 367.29 18.32 21.95 0.2855
81.39 419.99 18.90 26.45 0.2816
160.12 436.37 16.27 24.45 0.2811
193.38 368.74 13.18 17.35 0.2799
632.33 286.43 21.18 28.03 0.2791
960.79 295.39 17.37 20.39 0.2789
158.21 299.98 11.65 13.18 0.2758
231.85 393.17 14.54 18.96 0.2731
561.31 392.16 12.60 16.42 0.2708
741.10 535.34 22.12 29.12 0.2700
231.52 415.59 14.33 18.47 0.2684
488.20 297.59 11.93 14.49 0.2669
598.28 392.27 14.19 16.28 0.2658
154.78 547.31 17.56 30.50 0.2629
341.94 348.83 11.58 17.91 0.2617
49.96 322.70 12.78 15.82 0.2612
852.29 309.32 16.60 26.08 0.2596
526.43 295.45 11.51 15.17 0.2591
596.27 296.94 10.99 14.38 0.2585
122.29 582.86 15.00 20.24 0.2577
268.81 367.51 13.88 18.63 0.2576
560.20 294.92 13.21 15.69 0.2552
189.71 439.52 17.63 24.46 0.2539
375.29 395.10 12.33 13.61 0.2533
654.85 283.72 26.67 32.40 0.2532
191.75 395.94 14.95 20.74 0.2528
5.73 394.92 19.14 24.45 0.2527
303.77 296.96 14.20 16.72 0.2521
194.64 299.62 13.49 15.25 0.2518
921.59 372.75 19.38 31.34 0.2501
451.67 349.24 13.96 21.52 0.2497
703.60 314.80 20.10 24.80 0.2487
230.95 322.41 13.49 16.43 0.2482
121.45 321.66 10.56 12.75 0.2469
190.17 412.70 15.94 22.64 0.2454
597.80 459.95 21.53 27.41 0.2454
924.89 293.46 15.72 20.28 0.2443
157.26 345.90 12.91 15.85 0.2438
86.65 321.37 9.95 12.71 0.2420
269.42 320.58 11.65 14.33 0.2410
888.33 340.23 17.02 23.42 0.2401
378.18 321.21 11.08 13.85 0.2391
415.32 298.61 12.77 15.57 0.2387
762.05 293.68 27.35 31.16 0.2386
890.51 294.09 16.80 20.26 0.2386
157.58 321.58 12.12 13.13 0.2386
595.68 347.53 11.59 16.88 0.2378
630.05 322.41 16.88 16.55 0.2376
780.10 364.65 14.21 19.07 0.2371
562.07 323.13 11.03 12.77 0.2368
415.44 320.89 12.67 15.82 0.2355
157.21 365.20 13.59 17.89 0.2355
524.40 391.71 12.63 16.08 0.2348
626.88 266.83 25.98 34.56 0.2335
232.05 370.26 13.73 18.55 0.2334
452.35 416.14 13.11 15.51 0.2334
488.11 319.75 11.49 15.48 0.2333
632.34 343.59 15.42 19.53 0.2332
300.73 585.71 30.44 29.92 0.2329
962.27 273.13 14.65 18.03 0.2315
451.69 320.53 11.45 14.13 0.2314
269.06 296.68 13.54 16.02 0.2313
489.43 368.49 10.66 14.21 0.2300
889.55 273.43 14.22 15.90 0.2297
924.72 271.36 14.58 18.88 0.2285
305.73 348.25 10.55 14.73 0.2283
338.90 296.64 11.65 14.12 0.2282
995.00 266.56 19.30 22.63 0.2277
300.22 542.30 18.02 18.08 0.2275
6.34 407.82 19.39 26.06 0.2268
624.60 246.85 26.42 28.81 0.2267
812.35 317.82 17.51 20.04 0.2264
231.80 343.85 13.29 17.46 0.2264
46.80 419.91 15.78 18.89 0.2260
993.85 248.92 19.28 19.33 0.2258
615.52 556.22 33.15 36.91 0.2256
158.69 395.62 13.52 20.97 0.2237
705.12 395.64 14.49 18.27 0.2236
195.64 346.75 11.37 14.85 0.2235
889.28 318.29 17.34 22.21 0.2231
489.45 348.05 11.36 14.91 0.2229
960.49 342.42 18.71 26.72 0.2227
776.68 218.82 20.02 22.64 0.2222
452.62 362.33 13.79 19.51 0.2221
50.17 338.74 13.43 18.36 0.2217
631.75 394.74 13.28 16.00 0.2214
815.44 345.57 15.68 21.45 0.2211
562.39 371.30 11.48 14.17 0.2211
673.09 542.07 26.60 29.29 0.2203
764.35 311.49 24.80 25.47 0.2202
379.45 348.39 12.34 17.82 0.2201
412.60 418.84 13.66 16.35 0.2195
747.07 296.04 32.44 33.90 0.2191
82.66 388.51 15.56 20.99 0.2179
83.83 369.40 14.22 17.65 0.2174
450.82 296.85 11.84 15.58 0.2170
231.53 441.53 15.96 22.00 0.2169
625.19 506.86 22.71 30.83 0.2168
633.13 367.88 12.01 16.09 0.2156
195.64 320.23 11.61 14.34 0.2148
121.12 346.31 11.10 14.11 0.2147
775.61 346.44 15.54 17.22 0.2141
306.11 322.09 10.71 12.88 0.2140
159.56 418.40 15.23 21.32 0.2139
414.89 393.72 13.72 16.36 0.2132
116.33 564.44 19.09 27.99 0.2130
814.63 364.83 13.32 20.97 0.2130
414.17 369.11 11.38 15.31 0.2128
338.84 628.18 30.49 31.42 0.2121
306.68 370.15 10.88 14.62 0.2113
230.49 296.55 12.78 16.00 0.2111
560.92 464.75 16.93 23.14 0.2108
378.40 364.75 12.65 17.21 0.2105
525.35 345.84 11.70 15.04 0.2103
119.95 412.86 18.08 25.76 0.2097
121.46 300.05 10.97 11.83 0.2085
743.50 344.67 14.02 19.27 0.2075
561.97 345.55 11.61 16.57 0.2066
524.55 372.20 11.42 14.63 0.2064
6.30 440.81 19.55 27.45 0.2055
623.08 487.89 22.89 25.13 0.2050
10.22 343.41 17.72 19.49 0.2049
487.81 396.14 12.91 16.25 0.2048
268.25 346.90 13.41 18.26 0.2047
343.05 394.76 10.07 13.76 0.2039
652.61 268.65 30.78 35.07 0.2031
596.31 321.28 10.71 14.09 0.2031
815.39 394.53 13.80 19.62 0.2025
306.90 417.75 17.01 19.09 0.2024
487.16 413.54 14.52 18.35 0.2017
960.36 313.36 18.70 26.43 0.2016
598.35 369.27 12.72 15.65 0.2012
297.99 595.36 29.63 37.51 0.2008
810.13 513.28 18.80 22.19 0.1997
415.17 438.51 16.15 18.26 0.1988
150.80 608.70 21.61 32.04 0.1988
228.18 598.09 27.28 37.22 0.1985
378.77 298.53 10.93 12.97 0.1985
624.94 463.81 19.61 24.53 0.1983
921.24 246.52 16.38 18.94 0.1982
692.72 550.56 27.34 29.91 0.1981
739.10 223.11 20.75 25.50 0.1978
802.32 286.49 28.90 28.63 0.1973
343.03 323.36 9.49 11.54 0.1969
666.11 317.44 18.96 21.65 0.1965
374.30 419.46 14.73 17.67 0.1962
779.70 395.17 15.64 20.87 0.1956
594.88 440.58 21.29 25.97 0.1943
558.81 417.65 15.90 18.65 0.1937
85.66 347.36 12.58 15.06 0.1931
616.83 535.44 29.57 36.25 0.1930
451.24 396.30 12.59 15.09 0.1924
993.46 318.47 22.56 27.84 0.1900
341.98 365.57 11.04 15.62 0.1900
526.05 322.29 11.19 14.34 0.1899
414.74 346.00 11.62 16.00 0.1896
261.80 601.54 28.35 32.43 0.1896
592.90 508.12 21.24 33.62 0.1894
962.70 357.21 23.81 31.26 0.1893
663.49 605.02 30.90 41.75 0.1890
11.02 366.97 15.83 20.30 0.1885
742.22 191.67 17.44 20.67 0.1885
268.44 415.67 13.55 19.54 0.1884
596.82 533.39 26.40 34.61 0.1871
269.71 392.20 13.90 17.64 0.1862
621.66 218.59 28.37 28.47 0.1862
825.36 613.31 43.50 50.71 0.1847
852.41 249.27 15.90 16.99 0.1843
744.55 394.36 15.11 20.81 0.1835
48.83 391.95 16.00 18.77 0.1833
122.41 367.65 13.65 17.74 0.1832
706.97 367.96 12.99 18.43 0.1824
846.96 413.13 19.98 22.40 0.1818
233.15 217.55 23.07 25.55 0.1810
743.59 363.71 12.40 19.44 0.1810
850.03 202.64 15.88 16.02 0.1808
889.82 249.02 14.31 16.54 0.1807
595.20 417.73 17.00 19.45 0.1800
695.98 536.79 23.59 31.13 0.1792
852.55 343.77 16.46 22.91 0.1785
336.55 611.39 23.65 27.75 0.1780
707.22 341.77 16.43 19.80 0.1777
963.19 565.16 24.32 28.27 0.1771
80.74 487.50 17.45 20.35 0.1766
338.93 419.67 12.07 16.11 0.1765
229.61 540.28 18.68 26.16 0.1755
667.88 344.59 16.96 21.70 0.1754
847.67 389.42 19.46 22.24 0.1754
118.98 437.98 18.25 26.42 0.1751
