29_Students_Schoolkids_Students_Schoolkids_29_311
25
615.43 356.23 408.57 316.64 0.3400
62.86 377.76 93.05 273.92 0.3376
451.66 107.95 340.35 120.09 0.3243
20.77 388.23 39.99 250.43 0.2841
99.91 362.16 162.74 301.41 0.2530
443.57 152.81 356.50 164.39 0.2504
98.21 364.65 460.69 300.63 0.2488
630.00 249.66 394.00 248.02 0.2295
607.48 52.29 416.52 108.15 0.2272
452.31 68.15 337.91 89.57 0.2136
612.81 90.02 411.19 153.50 0.1893
306.22 104.54 344.40 131.62 0.1276
353.11 366.46 387.46 311.62 0.1174
299.33 64.58 353.68 94.70 0.1026
629.26 11.99 394.74 60.52 0.0914
387.32 169.18 323.79 251.23 0.0657
619.73 153.72 404.27 160.08 0.0522
20.71 281.34 33.02 194.77 0.0520
232.04 152.44 346.98 173.18 0.0510
103.36 248.57 152.19 264.25 0.0341
64.45 261.16 88.06 239.46 0.0328
0.20 0.00 64.92 73.54 0.0322
439.94 18.78 363.23 46.26 0.0306
184.31 101.79 292.69 138.67 0.0258
307.74 14.58 334.19 50.99 0.0204
