11_Meeting_Meeting_11_Meeting_Meeting_11_468
200
927.82 0.00 81.19 72.02 0.1921
50.63 267.36 80.16 71.60 0.1921
50.63 340.36 80.16 71.57 0.1920
50.55 72.72 80.22 71.67 0.1920
50.54 121.37 80.26 71.73 0.1920
50.51 170.00 80.29 71.69 0.1919
50.51 559.14 80.30 71.68 0.1919
928.16 218.67 80.49 71.86 0.1919
50.59 218.64 80.21 71.66 0.1918
891.66 72.78 80.14 71.56 0.1918
891.66 121.42 80.14 71.56 0.1918
50.63 389.01 80.12 71.54 0.1918
50.59 437.64 80.16 71.57 0.1917
50.59 486.28 80.16 71.57 0.1917
928.14 121.38 80.51 71.84 0.1917
928.14 170.02 80.51 71.84 0.1917
744.91 0.00 81.11 71.99 0.1917
489.04 413.07 80.69 72.06 0.1917
525.69 413.07 80.72 72.07 0.1916
781.48 0.00 81.20 72.00 0.1916
818.05 0.00 81.13 71.99 0.1916
123.15 0.00 81.17 72.00 0.1916
159.76 0.00 81.22 72.00 0.1916
306.05 0.00 81.22 72.00 0.1916
525.48 0.00 81.22 72.00 0.1916
598.62 0.00 81.22 72.00 0.1916
635.19 0.00 81.22 72.00 0.1916
671.76 0.00 81.22 72.00 0.1916
708.33 0.00 81.22 72.00 0.1916
562.26 437.36 80.71 72.03 0.1916
269.43 0.00 81.28 72.01 0.1915
489.10 461.73 80.64 71.98 0.1915
781.68 412.96 80.74 72.18 0.1915
708.54 485.93 80.74 72.18 0.1915
928.14 72.75 80.45 71.81 0.1914
489.03 169.76 80.79 72.24 0.1914
452.46 194.08 80.79 72.24 0.1914
415.89 218.40 80.79 72.24 0.1914
50.25 0.00 80.91 71.88 0.1914
928.18 388.92 80.44 71.83 0.1914
86.58 0.00 81.17 72.01 0.1914
196.33 0.00 81.22 72.00 0.1913
562.05 0.00 81.22 72.00 0.1913
342.58 0.00 81.27 72.03 0.1913
854.58 0.00 81.27 72.03 0.1913
452.55 413.04 80.71 72.02 0.1913
159.97 510.25 80.63 72.10 0.1913
232.86 0.00 81.28 72.01 0.1913
488.86 0.00 81.28 72.01 0.1913
452.69 583.39 80.48 71.87 0.1913
818.26 388.64 80.73 72.10 0.1913
598.83 437.29 80.73 72.10 0.1913
671.97 461.61 80.73 72.10 0.1913
123.40 485.93 80.73 72.10 0.1913
818.26 510.25 80.73 72.10 0.1913
671.86 558.90 80.87 72.21 0.1913
708.43 558.90 80.87 72.21 0.1913
891.61 194.32 80.22 71.65 0.1913
781.69 364.34 80.63 72.12 0.1913
525.61 145.44 80.77 72.16 0.1913
13.82 291.80 80.23 71.50 0.1913
13.82 340.44 80.23 71.50 0.1913
928.20 461.92 80.41 71.81 0.1913
489.05 510.27 80.68 72.05 0.1913
928.21 510.56 80.41 71.80 0.1913
562.27 510.27 80.71 72.06 0.1912
635.32 461.61 80.71 72.17 0.1912
123.40 412.97 80.74 72.18 0.1912
86.82 437.29 80.74 72.18 0.1912
159.97 437.29 80.74 72.18 0.1912
196.54 461.61 80.74 72.18 0.1912
745.11 461.61 80.74 72.18 0.1912
781.68 485.93 80.74 72.18 0.1912
233.11 534.57 80.74 72.18 0.1912
452.56 510.26 80.59 72.08 0.1912
891.32 0.00 80.88 71.84 0.1912
489.03 72.47 80.79 72.23 0.1912
342.75 145.44 80.79 72.23 0.1912
379.33 242.71 80.77 72.24 0.1912
525.74 461.76 80.56 71.91 0.1912
306.50 583.46 80.28 71.75 0.1912
196.50 388.69 80.71 72.10 0.1912
233.12 461.63 80.72 72.14 0.1912
306.18 48.15 80.88 72.24 0.1912
306.18 121.12 80.88 72.24 0.1912
928.18 267.31 80.44 71.83 0.1911
928.18 315.95 80.44 71.83 0.1911
708.48 412.96 80.78 72.19 0.1911
745.05 412.96 80.78 72.19 0.1911
415.77 0.00 81.21 72.02 0.1911
452.42 72.46 80.84 72.26 0.1911
196.53 510.27 80.65 72.09 0.1911
379.58 583.44 80.44 71.87 0.1911
123.57 583.42 80.42 71.81 0.1911
489.05 121.12 80.76 72.21 0.1911
379.28 194.06 80.94 72.27 0.1911
598.77 534.59 80.76 72.15 0.1911
379.43 413.08 80.71 72.06 0.1911
13.48 0.00 80.94 71.71 0.1911
123.32 267.05 80.79 72.14 0.1911
415.96 413.06 80.74 72.09 0.1911
635.26 558.88 80.89 72.21 0.1911
379.15 0.00 81.27 72.03 0.1911
525.62 96.81 80.77 72.21 0.1911
598.82 96.89 80.68 72.04 0.1911
123.33 218.37 80.80 72.21 0.1911
13.82 535.00 80.23 71.51 0.1911
343.03 583.50 80.33 71.69 0.1911
818.24 340.02 80.76 72.17 0.1910
854.82 364.34 80.76 72.17 0.1910
854.82 412.98 80.76 72.17 0.1910
818.24 461.63 80.76 72.17 0.1910
854.82 485.95 80.76 72.17 0.1910
452.43 121.10 80.91 72.24 0.1910
13.81 243.08 80.25 71.56 0.1910
86.75 388.66 80.82 72.17 0.1910
928.21 559.22 80.39 71.76 0.1910
13.84 72.86 80.17 71.48 0.1910
13.84 194.46 80.17 71.48 0.1910
635.35 510.26 80.65 72.06 0.1910
562.24 96.81 80.69 72.12 0.1910
635.39 96.81 80.69 72.12 0.1910
708.53 96.81 80.69 72.12 0.1910
745.10 121.13 80.69 72.12 0.1910
489.10 218.42 80.69 72.12 0.1910
562.24 218.42 80.69 72.12 0.1910
415.96 291.38 80.69 72.12 0.1910
123.45 315.72 80.71 72.13 0.1910
196.49 72.55 80.73 72.07 0.1910
745.06 72.55 80.73 72.07 0.1910
781.63 72.55 80.73 72.07 0.1910
159.92 145.52 80.73 72.07 0.1910
196.49 145.52 80.73 72.07 0.1910
233.06 218.48 80.73 72.07 0.1910
269.63 218.48 80.73 72.07 0.1910
598.78 218.48 80.73 72.07 0.1910
635.35 218.48 80.73 72.07 0.1910
671.92 242.80 80.73 72.07 0.1910
379.35 315.77 80.73 72.07 0.1910
306.21 485.97 80.71 72.08 0.1910
671.96 96.89 80.69 72.11 0.1910
781.69 121.21 80.67 72.04 0.1910
452.55 461.75 80.62 71.93 0.1910
415.98 485.95 80.71 72.06 0.1910
87.00 583.43 80.44 71.84 0.1910
489.05 558.89 80.78 72.18 0.1910
562.19 558.89 80.78 72.18 0.1910
269.87 583.42 80.36 71.80 0.1910
598.82 485.93 80.74 72.18 0.1910
196.76 583.44 80.45 71.83 0.1910
416.16 583.37 80.48 71.90 0.1910
233.06 72.47 80.75 72.15 0.1910
269.63 72.47 80.75 72.15 0.1910
159.91 96.80 80.75 72.15 0.1910
233.06 121.12 80.75 72.15 0.1910
562.20 145.44 80.75 72.15 0.1910
598.77 145.44 80.75 72.15 0.1910
708.49 145.44 80.75 72.15 0.1910
233.06 169.76 80.75 72.15 0.1910
635.34 169.76 80.75 72.15 0.1910
671.91 169.76 80.75 72.15 0.1910
745.06 169.76 80.75 72.15 0.1910
196.49 194.08 80.75 72.15 0.1910
525.63 218.40 80.75 72.15 0.1910
708.49 218.40 80.75 72.15 0.1910
745.06 218.40 80.75 72.15 0.1910
306.20 242.72 80.75 72.15 0.1910
342.77 267.05 80.75 72.15 0.1910
452.49 267.05 80.75 72.15 0.1910
86.76 485.93 80.81 72.18 0.1910
13.76 121.47 80.28 71.53 0.1910
269.58 121.08 80.81 72.19 0.1910
233.06 388.66 80.76 72.14 0.1909
269.63 388.66 80.76 72.14 0.1909
159.92 558.91 80.76 72.14 0.1909
818.17 218.43 80.81 72.13 0.1909
159.89 291.39 80.81 72.13 0.1909
708.46 291.39 80.81 72.13 0.1909
598.74 315.71 80.81 72.13 0.1909
818.47 583.41 80.38 71.83 0.1909
855.04 583.41 80.38 71.83 0.1909
342.71 72.43 80.92 72.31 0.1909
269.62 534.57 80.78 72.19 0.1909
525.69 534.61 80.72 72.04 0.1909
818.20 48.20 80.78 72.12 0.1909
86.77 72.52 80.78 72.12 0.1909
123.34 72.52 80.78 72.12 0.1909
86.77 121.16 80.78 72.12 0.1909
123.34 121.16 80.78 72.12 0.1909
159.91 194.13 80.78 72.12 0.1909
781.63 218.45 80.78 72.12 0.1909
196.49 242.77 80.78 72.12 0.1909
489.06 267.09 80.78 72.12 0.1909
635.34 267.09 80.78 72.12 0.1909
525.58 48.12 80.83 72.27 0.1909
342.72 194.05 80.83 72.27 0.1909
159.87 242.76 80.81 72.15 0.1909
86.82 340.02 80.76 72.15 0.1909
891.66 559.23 80.11 71.52 0.1909
854.75 315.70 80.82 72.15 0.1909
