38_Tennis_Tennis_38_580
200
345.58 237.30 405.97 250.37 0.7781
505.89 238.31 518.11 234.78 0.4058
286.41 263.70 280.38 269.03 0.3881
358.48 321.43 345.10 305.33 0.2493
265.36 413.92 284.86 266.08 0.1778
496.47 72.13 526.45 166.27 0.1705
520.72 303.45 334.23 341.64 0.1569
173.62 416.80 191.09 263.20 0.1198
143.63 232.22 271.99 265.59 0.1096
406.40 40.93 418.32 146.46 0.1038
312.19 49.72 143.57 71.31 0.0991
549.12 128.68 474.88 199.02 0.0869
50.45 528.25 76.48 141.41 0.0709
32.57 48.76 204.38 268.04 0.0706
419.80 134.92 390.06 223.01 0.0698
266.85 232.00 101.06 114.15 0.0689
118.85 324.41 173.40 343.48 0.0669
577.34 80.66 116.87 146.87 0.0665
367.14 41.82 144.77 69.40 0.0652
296.77 27.83 167.73 61.71 0.0637
567.61 37.61 139.50 87.10 0.0636
436.27 43.67 159.78 74.31 0.0633
235.79 39.98 135.48 78.01 0.0613
38.79 200.84 187.46 325.70 0.0605
108.45 145.68 202.41 319.78 0.0603
108.90 528.63 113.84 137.50 0.0578
754.81 415.47 144.06 95.45 0.0573
451.66 63.92 164.15 94.43 0.0570
270.59 147.78 300.57 194.11 0.0569
600.85 70.90 137.29 101.88 0.0568
60.16 442.05 73.40 130.69 0.0568
668.31 214.14 162.07 111.18 0.0564
653.26 85.21 108.55 136.02 0.0560
34.73 318.93 171.89 356.44 0.0556
295.06 46.44 113.66 137.04 0.0550
682.66 442.45 133.60 109.06 0.0546
303.48 229.43 156.29 92.30 0.0543
384.16 0.00 341.59 118.79 0.0540
265.24 11.19 131.24 57.63 0.0539
499.05 247.38 144.64 102.84 0.0533
758.87 451.17 123.10 118.82 0.0533
55.38 372.79 78.82 131.37 0.0527
501.72 310.73 144.44 118.30 0.0521
83.37 443.80 101.55 124.30 0.0517
637.35 243.22 143.35 112.35 0.0516
719.38 532.18 115.77 131.04 0.0514
261.67 317.16 107.87 148.66 0.0513
219.85 213.91 110.03 111.66 0.0505
618.25 44.03 158.98 72.09 0.0504
388.50 58.46 127.09 118.64 0.0503
459.05 244.93 121.57 132.73 0.0501
82.13 504.83 92.47 130.90 0.0499
387.47 257.69 140.05 100.86 0.0498
559.16 245.21 143.90 127.57 0.0495
552.56 49.31 109.03 125.43 0.0495
833.79 443.22 111.96 126.49 0.0489
163.96 535.06 138.86 134.44 0.0486
820.41 418.32 147.40 91.22 0.0486
683.90 372.11 129.56 134.36 0.0484
320.40 330.09 124.22 134.85 0.0477
283.28 372.01 134.64 118.73 0.0475
840.98 545.54 120.88 116.77 0.0474
797.12 539.37 112.77 130.14 0.0471
515.98 90.04 114.82 120.11 0.0470
110.32 475.62 101.08 134.02 0.0469
96.72 88.87 326.34 183.43 0.0466
511.60 366.89 123.33 123.08 0.0460
362.68 153.67 113.60 127.91 0.0456
108.88 418.85 122.13 113.80 0.0456
326.12 16.68 316.82 189.55 0.0455
531.46 0.00 345.68 125.70 0.0454
346.38 383.34 148.36 101.82 0.0452
259.71 59.27 97.60 157.57 0.0450
427.89 222.80 133.08 100.02 0.0447
23.16 546.27 71.05 100.38 0.0446
213.71 55.55 111.66 110.65 0.0445
163.18 37.94 135.62 84.96 0.0445
691.93 258.59 108.55 147.31 0.0444
243.79 520.93 122.72 152.46 0.0441
345.85 55.26 114.59 153.09 0.0440
326.42 549.78 103.22 130.22 0.0439
221.72 327.97 104.79 145.75 0.0438
504.44 182.15 125.41 128.96 0.0437
426.21 298.18 128.50 126.94 0.0437
357.14 301.66 127.19 121.33 0.0435
261.52 398.35 102.95 145.99 0.0433
763.05 507.18 123.97 125.07 0.0431
51.08 307.61 78.31 136.58 0.0426
293.99 246.46 110.46 162.33 0.0425
308.87 417.51 146.24 100.64 0.0423
53.78 238.71 78.19 138.12 0.0423
395.41 339.72 120.85 116.74 0.0421
683.82 480.13 119.03 152.18 0.0420
143.48 208.93 108.71 135.45 0.0417
403.83 5.45 139.10 71.08 0.0416
544.04 142.62 119.36 140.32 0.0414
692.36 58.75 108.30 121.93 0.0413
367.57 80.87 347.45 197.26 0.0412
51.32 45.46 79.39 140.65 0.0411
646.77 524.86 120.89 145.18 0.0411
188.13 6.43 133.49 62.09 0.0411
467.59 336.56 131.14 124.61 0.0404
821.54 515.04 152.13 95.85 0.0404
137.36 503.16 134.51 119.98 0.0403
569.37 299.95 133.80 127.93 0.0403
764.69 250.63 109.25 124.96 0.0403
437.41 75.07 115.83 142.31 0.0401
529.14 21.34 127.17 79.21 0.0398
566.32 371.65 134.63 119.38 0.0397
80.28 384.77 102.88 116.11 0.0396
357.46 518.39 120.39 158.66 0.0396
552.48 5.62 132.92 67.11 0.0396
283.81 197.35 121.41 97.30 0.0395
545.36 399.15 120.62 139.28 0.0394
151.97 380.58 98.88 127.25 0.0388
454.99 409.24 143.98 110.26 0.0388
189.21 240.52 101.95 136.90 0.0388
481.58 99.13 111.23 151.10 0.0388
245.62 446.96 130.60 154.71 0.0387
31.26 335.42 68.34 138.96 0.0386
26.95 464.59 66.27 147.43 0.0383
669.03 325.05 123.93 133.77 0.0382
293.31 557.27 90.80 107.40 0.0380
395.41 191.19 115.17 115.01 0.0380
426.04 375.24 133.74 112.51 0.0378
138.71 451.68 113.14 117.75 0.0378
51.43 173.43 79.82 143.01 0.0377
458.68 489.93 128.52 128.13 0.0375
221.79 264.28 97.15 144.87 0.0374
0.00 0.00 91.40 65.15 0.0373
333.50 0.00 108.56 71.66 0.0371
636.74 462.54 137.49 126.20 0.0370
110.76 354.31 118.13 118.00 0.0370
730.40 149.78 108.92 134.40 0.0368
567.21 522.16 128.55 133.08 0.0367
51.86 105.34 78.71 142.49 0.0367
723.07 304.69 125.81 139.60 0.0366
183.43 190.33 116.52 114.52 0.0366
227.63 586.55 112.03 93.45 0.0366
279.14 498.36 125.65 130.27 0.0366
11.06 27.08 81.14 106.70 0.0365
323.98 461.07 120.22 130.42 0.0365
686.83 127.93 121.34 123.82 0.0362
603.09 429.35 136.86 124.24 0.0360
840.27 340.60 108.22 135.81 0.0360
728.90 82.60 109.62 133.35 0.0360
364.06 424.14 113.31 151.42 0.0359
208.69 421.24 124.67 102.64 0.0358
839.84 274.12 107.15 136.55 0.0355
111.19 177.11 105.77 132.21 0.0353
433.03 155.89 124.51 112.20 0.0352
424.63 424.89 127.40 132.13 0.0350
766.45 112.26 107.77 138.71 0.0350
799.77 304.38 113.75 137.76 0.0349
637.17 132.27 114.83 148.39 0.0349
764.24 181.96 110.11 132.53 0.0346
506.62 424.27 122.00 151.88 0.0345
766.10 48.17 107.38 136.16 0.0344
617.78 7.09 140.76 70.70 0.0343
180.15 308.59 103.91 117.08 0.0342
76.05 307.93 105.20 131.03 0.0342
115.73 256.44 111.68 112.51 0.0339
387.53 103.56 119.99 132.17 0.0338
107.95 40.31 109.60 143.88 0.0338
232.39 0.00 176.89 40.44 0.0337
802.81 78.43 107.70 138.88 0.0336
201.13 88.09 395.35 156.78 0.0335
33.75 32.14 119.84 80.24 0.0334
802.45 210.75 109.82 136.36 0.0333
109.77 0.64 133.73 68.38 0.0333
771.59 339.46 114.08 138.36 0.0332
251.55 145.72 107.37 114.02 0.0331
106.38 102.44 110.81 146.09 0.0330
35.64 415.22 84.93 117.12 0.0329
802.69 142.59 108.15 138.89 0.0329
25.66 276.70 68.84 143.62 0.0328
840.98 46.95 106.03 136.43 0.0328
489.09 544.33 127.61 105.39 0.0328
702.89 42.48 149.39 72.39 0.0327
479.67 8.19 133.15 70.13 0.0323
23.53 84.99 68.40 144.56 0.0322
79.06 203.55 105.19 137.99 0.0321
841.19 111.95 106.55 136.43 0.0320
136.00 145.34 114.13 135.21 0.0320
117.88 26.29 128.57 83.43 0.0320
292.60 107.57 115.46 139.42 0.0319
0.00 532.17 62.94 125.72 0.0317
773.39 42.84 151.03 72.07 0.0315
423.87 509.08 116.71 135.95 0.0314
247.47 0.00 327.67 112.64 0.0313
839.87 177.08 108.28 136.58 0.0312
692.75 0.00 137.11 66.61 0.0311
149.64 279.81 108.89 120.73 0.0310
78.29 76.20 102.95 135.08 0.0309
0.00 467.45 63.18 127.93 0.0309
198.29 492.28 144.97 91.66 0.0309
26.76 216.91 69.10 139.48 0.0309
800.32 0.00 137.72 66.12 0.0306
23.83 151.66 69.64 141.87 0.0305
607.32 274.43 143.98 115.93 0.0304
