21_Festival_Festival_21_513
128
214.77 110.07 82.49 109.33 0.8482
530.42 127.10 48.01 84.07 0.5404
957.01 207.20 23.34 44.05 0.4791
738.69 137.80 51.80 105.60 0.3949
997.36 254.30 25.81 80.41 0.3931
384.70 179.19 43.46 107.85 0.3804
596.78 172.32 67.30 145.26 0.3709
833.97 182.80 36.62 69.28 0.3559
57.67 171.81 51.30 105.37 0.3126
687.83 519.73 37.66 93.97 0.2689
326.27 65.13 28.92 51.13 0.2648
882.58 210.26 27.23 54.64 0.2587
0.11 159.06 36.21 66.82 0.2578
636.56 171.22 61.08 148.81 0.2457
154.13 173.84 49.71 90.33 0.2331
795.06 165.09 50.95 97.32 0.2318
688.35 168.32 52.81 109.49 0.2250
372.81 87.12 22.34 39.05 0.2214
176.72 359.21 99.32 145.21 0.2165
476.94 127.14 49.57 91.84 0.2151
658.07 491.38 47.33 122.45 0.2079
483.85 265.21 67.85 102.12 0.1982
407.84 119.56 24.12 46.76 0.1933
693.80 233.08 37.12 83.03 0.1918
477.42 188.35 50.58 87.18 0.1864
368.48 106.54 31.62 65.36 0.1845
0.00 169.72 50.91 116.43 0.1734
728.10 408.22 26.47 50.37 0.1728
904.12 155.20 35.20 60.00 0.1726
532.14 156.87 80.28 148.65 0.1683
499.60 190.08 86.48 143.07 0.1681
888.28 143.95 35.20 74.58 0.1680
334.09 113.06 35.50 65.73 0.1514
328.56 229.91 51.41 93.25 0.1488
958.39 174.10 26.47 56.86 0.1471
413.42 84.61 21.96 39.15 0.1456
740.13 167.49 68.53 123.23 0.1451
248.05 84.83 71.26 106.21 0.1429
763.01 107.41 78.71 134.88 0.1408
335.75 145.39 50.40 85.93 0.1359
32.72 201.88 79.12 133.08 0.1356
994.65 204.63 22.37 57.84 0.1328
158.90 152.44 76.71 159.43 0.1281
178.74 186.91 96.04 159.50 0.1278
441.70 144.62 38.03 73.40 0.1272
528.38 102.63 91.35 142.90 0.1215
995.41 172.07 17.95 42.03 0.1197
735.06 313.74 33.49 76.36 0.1194
476.21 617.30 64.94 292.79 0.1172
917.34 181.86 27.69 60.22 0.1157
953.47 130.71 24.79 42.77 0.1142
743.11 88.22 70.86 119.53 0.1115
107.83 165.30 39.80 97.48 0.1101
813.06 107.54 68.42 141.71 0.1049
20.84 26.24 44.91 54.32 0.1024
5.68 426.65 21.31 68.42 0.0994
32.82 8.52 35.62 44.64 0.0986
1000.93 405.70 20.68 70.09 0.0970
439.25 344.97 34.56 66.09 0.0963
724.78 362.26 36.22 74.78 0.0963
65.16 206.14 70.80 89.95 0.0951
562.35 234.47 71.96 144.77 0.0910
956.75 252.03 33.31 86.62 0.0895
433.69 161.49 58.07 116.66 0.0872
766.01 477.30 49.16 103.24 0.0871
293.61 32.10 35.99 69.24 0.0869
419.54 253.77 78.37 132.43 0.0863
687.72 313.55 38.58 79.64 0.0857
629.74 448.37 67.46 171.82 0.0854
752.29 313.66 53.41 101.86 0.0851
537.36 69.36 79.36 100.54 0.0850
681.75 446.50 44.16 103.69 0.0848
485.30 89.87 39.43 66.14 0.0835
514.41 211.36 102.77 181.42 0.0810
913.87 231.10 34.69 73.76 0.0801
222.88 162.21 78.89 155.72 0.0779
437.50 70.30 27.41 48.04 0.0766
656.09 115.34 75.47 141.37 0.0765
3.97 3.04 44.90 66.50 0.0746
715.70 403.17 40.82 86.96 0.0744
3.50 68.56 34.86 58.74 0.0734
524.31 40.14 64.65 103.08 0.0733
294.76 2.69 33.85 50.75 0.0730
55.31 262.15 55.92 115.19 0.0727
801.25 267.33 42.64 107.65 0.0727
137.32 189.20 60.62 144.59 0.0717
871.55 249.58 43.59 95.95 0.0709
413.63 49.51 29.39 47.96 0.0703
295.13 460.14 94.37 169.75 0.0693
233.97 24.98 74.79 126.56 0.0684
998.88 364.56 19.20 67.51 0.0677
956.89 359.53 28.82 65.91 0.0675
699.81 355.47 30.86 70.20 0.0659
617.81 0.00 57.65 78.89 0.0658
184.18 278.82 84.06 112.39 0.0656
850.20 311.85 37.49 73.01 0.0655
92.74 302.36 194.79 331.64 0.0642
703.27 473.41 59.22 115.81 0.0641
295.80 202.00 51.55 121.01 0.0640
44.01 435.92 24.53 67.18 0.0639
66.02 243.05 70.39 104.64 0.0626
923.03 83.99 28.50 59.94 0.0626
674.53 514.25 61.61 182.75 0.0624
477.93 337.01 58.89 96.45 0.0623
35.35 268.24 48.65 106.78 0.0623
866.20 316.36 38.01 64.30 0.0615
432.78 45.58 30.93 46.55 0.0604
249.52 0.00 56.15 64.35 0.0595
998.12 433.17 25.88 109.00 0.0583
958.43 313.97 34.01 77.74 0.0582
437.81 399.47 49.34 89.50 0.0567
610.33 243.30 54.42 136.06 0.0566
359.98 45.60 34.31 61.81 0.0564
359.23 313.79 38.46 86.39 0.0563
473.22 287.07 99.02 190.13 0.0561
464.18 364.36 72.90 133.70 0.0558
905.68 268.65 35.92 77.49 0.0552
925.44 347.03 28.04 72.49 0.0548
19.28 104.35 57.97 97.85 0.0547
956.09 1037.76 24.46 56.74 0.0540
759.64 387.94 58.25 102.24 0.0535
44.96 415.53 22.62 48.57 0.0532
799.78 429.65 62.46 137.10 0.0527
920.52 320.92 22.66 65.46 0.0520
874.78 75.19 42.89 94.63 0.0515
21.13 56.70 44.63 63.55 0.0515
323.61 0.70 39.63 48.25 0.0513
387.29 286.34 49.84 104.25 0.0507
