31_Waiter_Waitress_Waiter_Waitress_31_351
200
518.06 158.13 392.89 207.45 0.5512
293.17 143.59 381.19 229.37 0.4222
450.92 175.22 337.64 306.07 0.3312
110.21 93.46 427.45 207.18 0.2158
500.32 102.18 523.68 178.68 0.2078
325.39 236.07 327.71 329.76 0.1754
132.56 166.97 368.04 302.53 0.1741
523.64 362.68 320.23 365.92 0.1584
240.30 358.81 309.52 364.29 0.1329
397.40 355.41 306.48 356.70 0.1240
45.84 65.06 90.03 99.94 0.1148
536.09 252.74 487.91 283.17 0.1134
88.44 140.60 188.39 337.76 0.1088
144.05 410.46 221.88 363.54 0.0977
137.96 122.64 227.18 246.71 0.0892
33.09 49.25 174.75 83.50 0.0837
56.71 224.41 84.40 159.03 0.0800
39.58 24.59 108.10 72.65 0.0778
98.03 295.06 196.22 342.41 0.0754
660.17 63.23 173.82 75.05 0.0750
56.95 296.80 83.93 166.18 0.0706
595.19 50.20 152.18 77.87 0.0704
48.71 489.33 87.57 168.20 0.0702
23.66 357.89 181.65 392.20 0.0687
56.29 108.23 87.01 165.20 0.0673
150.95 43.53 277.36 178.15 0.0664
623.09 354.40 104.16 152.55 0.0650
823.39 56.34 152.80 79.44 0.0639
651.50 73.71 122.24 135.00 0.0627
74.81 19.38 216.49 269.10 0.0616
719.10 348.46 148.21 124.78 0.0602
522.22 51.19 165.27 73.94 0.0597
47.35 219.32 179.15 372.71 0.0597
847.14 75.61 108.09 127.05 0.0597
230.10 346.90 105.82 149.46 0.0592
762.91 154.87 109.48 149.60 0.0586
58.53 367.24 84.51 168.54 0.0565
23.96 38.26 77.27 184.92 0.0553
447.38 111.01 160.04 107.80 0.0553
92.32 158.59 121.22 149.89 0.0551
548.17 148.34 106.83 165.96 0.0550
723.06 46.76 177.69 81.12 0.0548
733.53 71.72 162.78 110.35 0.0547
490.20 48.64 411.98 168.82 0.0547
105.24 320.10 110.93 147.03 0.0546
576.18 83.29 137.22 101.26 0.0545
439.54 130.84 110.71 147.23 0.0545
341.35 250.89 130.94 151.89 0.0539
648.84 332.16 130.14 123.50 0.0538
689.54 285.28 116.90 142.61 0.0531
778.44 107.77 149.12 109.65 0.0528
844.94 162.80 99.95 153.68 0.0528
796.87 198.22 121.46 143.20 0.0524
782.20 346.46 128.40 156.91 0.0523
305.65 121.89 138.43 142.48 0.0522
615.22 133.04 124.42 134.80 0.0519
587.49 170.79 112.93 169.29 0.0518
488.78 141.29 148.06 111.23 0.0515
530.66 357.42 140.40 124.10 0.0513
729.31 123.28 115.03 149.18 0.0509
184.44 308.78 98.32 156.80 0.0509
252.56 56.99 412.49 165.94 0.0507
508.96 69.66 110.73 132.50 0.0504
164.25 147.37 155.07 117.68 0.0500
95.02 80.39 123.56 158.29 0.0500
631.49 280.50 94.08 149.82 0.0499
0.00 0.00 155.21 47.32 0.0496
0.00 0.00 66.20 77.86 0.0496
683.71 355.08 119.51 173.59 0.0495
580.52 452.66 113.51 159.72 0.0495
429.70 213.61 102.45 170.25 0.0493
823.71 329.46 150.02 117.53 0.0492
148.39 107.41 106.29 142.92 0.0491
542.07 102.83 117.74 127.36 0.0489
0.00 20.59 58.95 126.74 0.0484
246.91 234.33 132.66 158.82 0.0483
428.72 302.63 133.71 152.89 0.0479
99.62 237.45 119.05 145.52 0.0476
228.80 277.98 94.62 156.44 0.0472
727.58 414.66 106.02 142.10 0.0472
446.74 59.59 168.81 72.90 0.0466
465.17 166.43 129.84 158.22 0.0466
193.01 377.95 99.96 154.37 0.0465
719.84 194.54 128.89 156.52 0.0465
238.18 131.08 138.86 140.27 0.0465
594.24 261.26 97.66 156.25 0.0463
110.13 42.71 171.09 81.56 0.0462
40.08 90.81 171.05 324.45 0.0459
143.57 364.72 103.21 129.53 0.0459
495.37 390.47 141.54 139.46 0.0459
666.49 11.84 139.10 76.53 0.0458
415.20 102.06 98.70 142.82 0.0458
770.85 278.08 105.75 155.02 0.0458
347.55 169.72 131.93 136.65 0.0458
658.43 395.72 104.09 166.97 0.0457
587.95 395.52 117.73 145.42 0.0456
633.05 183.44 158.33 115.79 0.0454
66.86 540.50 80.58 193.59 0.0454
260.62 387.40 101.19 148.89 0.0452
622.32 3.86 132.31 70.55 0.0451
687.89 91.66 132.94 140.68 0.0450
830.82 238.49 122.42 147.25 0.0450
547.16 232.28 101.52 146.53 0.0444
497.51 460.99 129.24 147.94 0.0442
146.21 290.81 99.07 146.53 0.0442
28.70 229.81 72.86 186.23 0.0434
290.69 196.24 129.09 149.60 0.0432
182.50 75.07 106.61 147.96 0.0431
66.89 418.59 117.65 157.93 0.0431
23.65 147.70 75.55 188.13 0.0427
100.28 383.33 118.29 150.46 0.0427
512.68 308.74 117.80 146.74 0.0423
34.56 547.67 74.61 164.54 0.0421
768.83 389.87 103.32 180.05 0.0419
229.47 399.56 94.23 182.77 0.0417
185.63 228.62 98.50 157.87 0.0414
441.46 0.00 135.98 76.06 0.0413
530.76 430.53 132.03 135.57 0.0411
551.72 7.11 135.22 70.44 0.0410
438.75 72.90 113.67 119.69 0.0408
809.58 0.00 129.35 72.88 0.0405
401.91 362.12 107.42 168.23 0.0404
228.32 164.18 100.54 188.94 0.0403
83.20 0.00 119.75 93.83 0.0403
471.80 349.49 119.62 144.60 0.0398
649.94 239.02 121.67 159.06 0.0391
746.39 253.21 148.97 106.31 0.0391
16.58 513.56 92.97 121.79 0.0387
467.97 274.51 128.24 137.39 0.0386
96.36 503.63 118.77 144.57 0.0382
377.53 65.09 97.42 142.52 0.0377
614.10 491.84 116.62 164.10 0.0372
619.69 0.00 395.66 143.54 0.0372
286.53 71.75 122.18 125.72 0.0370
321.89 387.21 109.05 129.61 0.0368
187.08 606.20 105.34 151.38 0.0367
837.61 372.70 116.83 151.92 0.0367
116.23 615.63 106.64 131.54 0.0364
154.15 0.00 334.81 139.05 0.0361
136.74 180.60 108.86 167.97 0.0359
25.79 330.99 77.23 195.01 0.0358
731.18 3.55 141.59 80.57 0.0356
0.00 85.64 63.91 152.78 0.0356
296.39 254.40 121.17 170.72 0.0347
459.08 493.03 129.44 152.93 0.0345
386.83 46.52 157.01 77.17 0.0344
140.08 3.17 141.96 72.76 0.0344
694.90 484.01 108.55 162.02 0.0343
802.39 475.69 108.75 176.30 0.0340
194.47 53.68 160.34 77.42 0.0339
359.86 0.00 141.01 69.85 0.0339
245.00 0.00 144.12 72.83 0.0334
774.95 521.80 98.61 161.41 0.0331
143.49 424.09 112.36 157.38 0.0330
303.89 46.54 160.17 87.25 0.0329
260.34 32.65 124.89 93.92 0.0328
848.33 520.00 100.66 156.50 0.0325
453.88 432.91 131.47 112.82 0.0323
665.23 536.48 116.06 152.34 0.0322
182.78 452.29 108.55 166.66 0.0322
280.64 348.20 117.76 146.74 0.0322
360.60 358.61 112.69 133.56 0.0315
28.90 611.14 68.45 161.26 0.0313
42.46 588.22 160.57 95.28 0.0313
675.37 0.00 179.38 49.80 0.0306
870.16 213.13 133.80 145.23 0.0303
732.07 543.62 108.11 123.07 0.0300
852.44 615.65 98.60 148.45 0.0299
0.00 70.06 27.48 128.98 0.0297
830.71 440.98 111.22 155.26 0.0296
0.00 163.46 65.17 157.50 0.0289
21.23 432.70 80.91 126.61 0.0286
809.16 566.38 103.52 148.43 0.0285
493.23 0.00 183.08 43.79 0.0283
152.25 569.97 99.71 162.08 0.0278
773.19 628.83 119.81 144.97 0.0277
890.26 64.69 133.74 107.79 0.0277
0.00 666.18 45.99 107.82 0.0276
865.75 168.35 141.49 113.15 0.0274
0.00 502.86 65.69 151.73 0.0273
143.55 507.87 122.50 129.49 0.0273
168.60 0.00 178.05 43.58 0.0269
441.60 528.07 108.05 173.02 0.0267
225.98 596.27 129.57 149.55 0.0267
747.77 595.83 141.10 109.47 0.0265
0.00 239.89 68.55 151.29 0.0256
349.57 444.98 167.99 110.55 0.0248
0.00 143.86 30.82 127.62 0.0246
489.62 539.90 100.28 177.38 0.0244
512.09 0.00 97.91 99.84 0.0239
848.36 0.00 175.64 36.42 0.0236
889.67 645.06 89.50 128.94 0.0236
947.22 0.00 76.78 84.25 0.0235
281.15 0.00 174.72 43.33 0.0234
30.16 690.98 123.20 83.02 0.0233
543.94 509.45 117.89 198.44 0.0232
220.48 0.00 99.11 98.58 0.0230
683.86 589.34 147.73 110.16 0.0230
320.48 0.00 334.25 128.15 0.0230
477.58 0.00 321.35 125.95 0.0224
