31_Waiter_Waitress_Waiter_Waitress_31_888
169
348.34 215.60 424.99 442.99 0.6241
270.33 107.79 343.79 476.37 0.1692
142.71 737.70 254.07 654.30 0.0982
250.52 752.08 289.49 639.92 0.0978
457.24 325.87 427.30 479.95 0.0866
266.32 548.47 392.09 592.87 0.0823
596.61 521.71 427.39 445.68 0.0819
369.27 118.80 507.33 301.40 0.0816
401.40 826.11 271.86 565.89 0.0754
475.57 666.61 389.03 614.12 0.0726
124.39 140.67 398.44 266.79 0.0622
577.84 225.35 446.16 389.11 0.0611
346.32 348.41 380.29 595.08 0.0598
111.93 605.17 222.70 563.98 0.0530
35.11 620.07 174.48 771.93 0.0526
293.72 821.16 104.26 302.47 0.0516
425.93 223.16 123.14 325.48 0.0515
159.32 470.41 335.26 550.89 0.0492
678.42 755.15 138.22 269.92 0.0487
310.85 208.72 103.00 301.11 0.0483
62.54 875.49 80.32 274.95 0.0480
227.11 852.03 116.44 254.61 0.0473
225.63 572.35 104.43 255.60 0.0471
661.44 827.94 109.60 275.46 0.0461
177.18 1023.64 124.75 312.66 0.0460
83.87 333.22 231.82 521.97 0.0460
30.35 863.87 72.17 305.57 0.0458
749.24 993.79 138.78 214.95 0.0457
111.25 987.06 108.20 296.16 0.0456
802.76 682.81 112.99 279.41 0.0455
705.04 1040.29 106.97 273.09 0.0439
395.90 813.09 118.53 273.20 0.0436
763.70 777.91 131.36 252.57 0.0433
51.89 214.40 377.67 450.72 0.0429
381.04 354.64 136.66 272.73 0.0427
271.79 567.18 140.56 220.72 0.0426
46.00 1073.08 88.08 304.13 0.0420
221.18 683.81 116.22 263.72 0.0417
738.67 914.20 166.59 205.10 0.0417
445.96 817.59 106.82 306.39 0.0417
344.66 296.13 120.24 290.89 0.0416
619.86 768.63 110.53 261.53 0.0412
79.90 915.65 120.82 276.28 0.0411
259.83 726.18 112.01 313.12 0.0411
681.04 916.65 136.49 305.12 0.0410
111.34 848.24 133.36 275.50 0.0407
806.40 956.68 122.63 269.05 0.0407
71.30 1047.46 110.20 254.93 0.0406
16.01 1096.05 78.50 295.95 0.0404
292.88 171.60 176.93 212.47 0.0403
187.36 69.15 142.05 193.81 0.0398
260.50 903.39 99.05 314.71 0.0396
429.73 404.51 128.71 292.80 0.0395
164.59 812.63 103.83 254.99 0.0394
591.45 919.58 149.76 195.39 0.0392
658.54 689.17 108.09 286.27 0.0391
186.46 591.41 99.29 258.43 0.0390
804.57 1070.20 113.32 281.30 0.0388
460.28 672.99 125.33 297.62 0.0387
0.00 0.00 64.39 131.07 0.0387
631.19 617.82 99.74 263.02 0.0384
426.69 70.06 116.57 191.01 0.0383
182.87 913.20 117.80 256.23 0.0382
252.78 129.28 131.20 219.67 0.0376
616.78 998.53 127.39 180.29 0.0375
196.40 0.00 324.39 260.71 0.0372
147.25 925.96 110.99 329.27 0.0372
305.46 760.38 133.89 263.32 0.0370
405.40 652.68 105.34 302.72 0.0367
556.23 712.21 98.19 261.86 0.0365
411.79 851.11 190.35 176.80 0.0365
717.96 701.39 143.23 258.96 0.0365
496.74 632.05 126.03 242.55 0.0363
1.44 893.10 73.03 247.34 0.0361
270.16 88.35 145.09 173.21 0.0360
468.06 133.29 84.45 308.19 0.0355
0.00 126.42 216.53 434.66 0.0349
0.00 307.28 221.19 513.83 0.0348
809.89 579.66 114.02 252.06 0.0347
15.59 0.00 85.71 194.47 0.0346
510.86 755.16 116.56 271.01 0.0339
486.68 0.00 243.12 277.57 0.0338
16.97 811.57 170.89 195.05 0.0334
278.43 661.22 122.83 275.31 0.0333
841.80 657.78 121.71 272.63 0.0331
261.55 3.05 129.37 149.70 0.0329
0.00 1035.13 65.07 251.41 0.0328
471.51 90.96 140.99 176.45 0.0328
392.33 207.80 112.97 243.79 0.0328
411.27 524.43 106.60 289.03 0.0327
165.30 767.44 151.74 201.55 0.0327
194.24 520.07 164.37 197.14 0.0326
485.82 207.39 95.55 382.09 0.0326
72.30 0.00 233.21 192.31 0.0325
216.49 990.32 106.31 234.28 0.0324
0.00 0.00 139.22 95.33 0.0322
743.46 1116.93 137.55 231.18 0.0322
328.74 518.95 113.77 324.59 0.0321
333.91 61.35 106.47 181.82 0.0319
137.88 1105.33 129.74 286.67 0.0315
597.35 697.85 98.52 270.12 0.0306
461.77 488.69 137.14 308.97 0.0305
418.25 0.00 118.26 141.13 0.0302
563.81 826.37 105.69 244.52 0.0300
126.25 50.32 136.01 182.52 0.0297
945.65 0.00 78.35 159.06 0.0296
188.45 0.00 132.85 132.83 0.0294
336.65 0.00 128.50 146.75 0.0294
140.54 694.76 144.25 216.71 0.0290
768.39 612.78 255.61 565.84 0.0290
824.60 794.97 120.46 317.81 0.0289
583.74 589.21 109.00 226.53 0.0285
66.95 0.00 87.06 181.87 0.0285
290.54 428.11 134.65 283.17 0.0284
81.25 68.37 248.29 402.51 0.0282
844.43 0.00 97.88 204.79 0.0281
99.36 756.14 155.20 202.00 0.0281
13.75 807.09 62.63 222.35 0.0277
684.03 635.85 142.90 254.95 0.0277
363.45 482.31 118.28 280.51 0.0274
0.00 1186.94 53.29 205.06 0.0272
782.89 0.00 100.78 168.61 0.0268
782.94 49.63 143.18 177.32 0.0264
597.85 42.95 150.36 192.03 0.0263
492.94 0.00 100.95 174.32 0.0260
231.92 1058.02 91.17 333.98 0.0258
397.00 19.08 98.44 238.95 0.0257
674.01 0.00 138.08 139.10 0.0256
0.00 684.95 128.10 354.60 0.0256
756.91 482.93 154.68 239.28 0.0256
469.59 0.00 159.73 83.58 0.0256
825.08 54.52 145.26 250.23 0.0256
671.58 46.74 153.76 188.29 0.0254
599.10 0.00 136.32 137.23 0.0254
59.79 499.80 102.54 291.17 0.0254
0.00 0.00 218.05 257.68 0.0254
760.74 0.00 164.05 83.10 0.0252
528.78 41.56 145.54 180.49 0.0251
160.80 0.00 98.04 168.24 0.0248
75.43 578.78 169.42 228.37 0.0245
110.22 511.11 179.56 194.46 0.0244
46.84 60.21 107.58 221.17 0.0243
8.87 94.41 74.93 171.10 0.0243
738.05 0.00 94.71 183.44 0.0243
526.02 569.69 118.51 233.22 0.0241
838.45 0.00 159.19 85.70 0.0240
689.09 1182.74 124.97 209.26 0.0239
581.27 0.00 362.45 252.10 0.0239
643.17 1054.64 134.01 237.82 0.0239
344.92 722.70 138.92 227.55 0.0238
628.61 532.77 135.44 250.41 0.0237
17.13 421.27 58.37 270.54 0.0236
872.57 995.10 133.69 267.33 0.0234
119.73 0.00 93.39 179.04 0.0231
898.33 0.00 101.67 183.19 0.0230
65.50 0.00 170.18 80.42 0.0229
362.88 860.32 106.55 299.06 0.0227
847.20 1111.85 108.24 280.15 0.0223
545.35 0.00 164.82 80.22 0.0223
0.00 550.71 64.52 216.15 0.0219
852.32 512.38 114.87 275.00 0.0217
878.77 629.28 125.66 232.19 0.0215
409.24 121.92 96.28 234.40 0.0214
656.97 486.09 183.64 209.05 0.0213
170.07 436.79 215.03 186.64 0.0211
730.09 581.98 145.01 278.73 0.0209
10.80 490.37 191.86 184.47 0.0204
737.49 404.76 222.92 230.95 0.0202
520.63 439.71 106.28 250.40 0.0202
