31_Waiter_Waitress_Waiter_Waitress_31_420
181
431.24 232.40 354.36 286.84 0.9591
223.49 302.61 331.53 291.10 0.8611
498.20 193.01 512.80 251.33 0.7585
156.31 309.65 211.68 293.46 0.7224
353.71 329.51 353.53 304.24 0.5652
442.60 160.50 387.61 197.31 0.3914
516.45 328.25 333.32 300.92 0.3303
343.40 188.27 307.19 270.68 0.3067
95.15 338.33 195.04 339.34 0.2680
145.26 201.69 335.40 260.45 0.1547
56.17 225.57 76.44 139.55 0.1041
273.75 391.48 248.51 324.52 0.0986
51.30 312.11 76.04 160.16 0.0812
486.56 422.83 266.76 293.17 0.0795
132.97 188.42 154.70 293.82 0.0775
599.10 287.41 424.90 286.86 0.0729
312.86 42.11 155.89 81.45 0.0697
27.87 224.56 66.72 137.08 0.0684
72.89 183.55 144.93 361.36 0.0656
28.53 277.13 62.94 158.50 0.0607
118.22 279.31 101.06 149.45 0.0604
638.98 213.91 147.88 96.05 0.0601
372.85 53.07 163.38 75.16 0.0597
236.57 159.54 333.16 189.40 0.0591
728.65 216.02 169.23 85.79 0.0580
832.03 283.91 130.28 141.87 0.0570
137.25 328.88 122.04 118.46 0.0568
572.72 228.81 132.69 118.91 0.0564
681.88 226.97 135.77 132.55 0.0563
441.76 190.66 112.38 140.43 0.0562
541.50 207.21 112.05 118.60 0.0560
58.25 467.48 354.94 248.52 0.0549
488.14 169.70 156.25 97.82 0.0545
252.13 318.52 106.01 155.75 0.0545
337.10 28.30 156.94 61.55 0.0540
200.01 46.14 155.50 79.59 0.0537
857.32 246.24 166.68 287.60 0.0536
141.05 262.87 128.81 123.31 0.0535
366.50 244.28 112.87 160.12 0.0527
688.90 302.78 111.87 154.77 0.0527
163.28 299.84 141.56 116.15 0.0525
407.80 30.14 172.96 62.30 0.0521
67.18 284.58 112.28 144.21 0.0521
0.00 215.42 63.56 126.97 0.0515
103.04 229.49 116.71 131.55 0.0513
196.79 368.74 144.39 118.92 0.0512
773.30 312.33 97.70 141.47 0.0511
408.32 214.37 100.36 154.10 0.0502
718.37 273.96 126.36 134.26 0.0502
57.36 207.17 149.71 103.65 0.0500
287.71 43.60 116.87 142.72 0.0493
0.00 284.24 59.16 131.80 0.0490
819.39 203.07 135.65 113.50 0.0488
23.59 360.32 64.44 139.15 0.0486
838.39 345.88 113.84 146.10 0.0479
63.78 166.24 69.99 135.91 0.0477
463.43 298.46 118.70 162.84 0.0477
481.72 239.56 150.92 99.52 0.0477
264.10 30.62 155.24 64.23 0.0477
468.40 391.17 120.01 131.58 0.0476
765.32 239.18 111.91 154.84 0.0476
104.70 358.13 111.72 131.19 0.0474
335.14 200.39 97.28 130.78 0.0473
632.17 258.46 144.70 116.52 0.0473
847.97 416.60 112.67 145.91 0.0472
778.80 395.29 97.04 136.98 0.0469
469.03 124.96 524.76 156.80 0.0465
351.99 105.92 389.70 159.04 0.0464
0.00 209.93 31.71 109.38 0.0462
140.26 198.67 121.94 130.52 0.0459
546.36 330.36 110.63 162.18 0.0457
324.36 274.57 120.58 156.98 0.0452
0.00 83.98 214.45 177.28 0.0450
282.51 340.59 114.33 166.98 0.0448
655.69 333.40 110.23 159.69 0.0446
186.82 64.48 106.56 127.44 0.0444
443.02 426.49 114.70 145.11 0.0437
395.42 309.31 106.76 161.79 0.0437
345.48 19.39 393.82 154.96 0.0435
728.59 346.09 114.90 142.26 0.0433
24.71 154.58 60.74 132.00 0.0430
118.59 45.37 166.32 74.03 0.0423
610.09 281.06 128.16 145.52 0.0422
455.31 261.13 139.19 123.62 0.0419
251.66 269.70 120.64 110.84 0.0417
265.16 307.33 150.00 110.12 0.0413
539.65 254.01 121.60 129.73 0.0411
251.01 183.85 112.53 150.20 0.0407
230.27 403.70 119.83 150.51 0.0404
568.79 441.87 170.80 94.79 0.0404
255.29 99.13 102.78 152.13 0.0404
0.00 442.52 210.41 273.48 0.0404
130.68 97.99 258.87 221.14 0.0402
358.33 438.50 159.97 104.16 0.0402
828.66 245.08 148.70 114.56 0.0401
551.18 170.30 167.40 104.01 0.0398
362.71 212.29 126.76 101.91 0.0398
4.09 0.00 87.59 71.90 0.0388
341.70 365.81 127.95 145.13 0.0387
10.53 30.49 77.02 114.30 0.0385
483.72 17.10 146.44 62.07 0.0383
266.07 173.94 157.76 95.91 0.0382
875.37 186.35 134.78 143.43 0.0380
443.10 48.17 155.63 75.28 0.0377
198.89 12.84 148.94 61.53 0.0375
42.98 25.51 88.34 106.97 0.0374
487.46 370.08 138.20 107.38 0.0372
533.00 448.89 120.17 125.19 0.0370
703.31 158.76 102.47 150.98 0.0370
187.17 177.16 160.84 89.94 0.0368
108.09 2.92 154.89 70.26 0.0366
681.35 70.97 119.27 107.19 0.0365
685.44 392.59 123.40 125.58 0.0364
596.29 399.24 147.89 104.51 0.0362
193.73 216.19 139.39 102.65 0.0362
343.21 173.10 137.53 100.93 0.0358
689.13 47.39 155.58 78.17 0.0352
83.00 26.73 138.54 76.18 0.0352
643.49 429.43 114.59 141.91 0.0347
335.47 0.00 177.71 48.99 0.0347
73.48 0.00 237.41 242.40 0.0340
321.19 80.40 124.45 136.65 0.0340
96.93 159.29 124.51 121.27 0.0335
727.39 444.40 193.76 93.12 0.0335
409.87 0.00 184.38 50.41 0.0334
307.63 404.70 127.93 144.91 0.0332
668.06 101.27 100.77 156.99 0.0331
472.20 119.47 122.98 128.96 0.0330
41.78 4.21 141.36 65.86 0.0328
573.09 323.60 134.04 122.04 0.0327
297.20 222.52 106.24 150.71 0.0324
835.61 468.93 150.55 136.00 0.0324
734.77 430.16 92.89 137.64 0.0324
416.19 366.20 135.43 115.12 0.0323
143.20 76.18 114.41 151.34 0.0323
760.69 67.22 118.64 121.41 0.0323
301.70 0.00 107.74 78.29 0.0321
541.38 30.77 149.86 76.43 0.0312
651.60 0.00 141.07 68.10 0.0311
578.40 447.51 436.64 268.49 0.0311
49.07 387.15 84.60 141.79 0.0307
200.95 0.00 179.62 44.22 0.0305
768.05 0.00 255.95 124.90 0.0299
637.17 39.06 137.43 85.02 0.0297
0.00 374.81 119.79 81.57 0.0297
112.60 47.54 107.42 152.99 0.0294
472.56 0.00 325.89 114.24 0.0293
0.00 404.21 64.38 131.95 0.0293
539.55 1.63 145.07 65.19 0.0293
780.57 111.00 102.46 160.18 0.0290
154.80 406.62 130.37 128.01 0.0282
727.30 120.99 106.11 128.58 0.0278
390.31 49.39 121.79 168.48 0.0271
725.58 0.00 136.63 68.16 0.0269
182.88 0.00 97.40 98.98 0.0268
614.25 117.25 109.50 129.03 0.0263
510.17 480.72 101.58 117.34 0.0255
569.58 0.00 175.31 41.22 0.0254
0.00 170.08 49.98 102.51 0.0251
623.91 45.87 111.40 152.93 0.0248
951.42 0.00 72.58 77.56 0.0248
243.50 0.00 329.18 221.92 0.0247
605.04 0.00 109.69 88.01 0.0247
775.50 27.14 132.85 87.33 0.0244
39.56 64.85 88.43 175.84 0.0243
127.15 30.46 291.99 157.12 0.0239
835.04 111.79 115.36 154.22 0.0239
859.79 399.48 164.21 104.32 0.0238
496.05 53.89 134.09 158.85 0.0236
374.26 139.96 164.05 91.61 0.0236
611.50 0.00 363.97 168.73 0.0227
26.65 124.69 203.04 255.83 0.0225
63.33 46.40 112.18 126.92 0.0225
19.30 83.80 75.43 122.91 0.0221
442.82 58.74 126.15 170.93 0.0215
756.48 0.00 174.40 38.57 0.0214
173.90 0.00 333.94 117.42 0.0213
502.05 42.38 360.46 192.64 0.0211
855.97 0.00 103.64 86.71 0.0209
885.52 421.62 138.48 294.38 0.0206
575.99 468.26 143.42 139.73 0.0200
