32_Worker_Laborer_Worker_Laborer_32_595
200
137.95 139.17 67.63 82.88 0.5122
225.60 171.06 51.86 66.10 0.3979
478.43 350.25 32.62 42.97 0.3536
980.72 417.01 36.08 46.77 0.3255
742.27 209.20 81.39 83.71 0.2874
923.44 478.61 20.19 29.87 0.2853
842.67 417.38 34.43 44.61 0.2808
775.37 463.32 21.31 29.42 0.2750
622.14 352.07 33.62 40.80 0.2740
445.66 290.41 23.95 30.78 0.2630
482.30 317.39 27.04 31.40 0.2524
485.61 401.79 26.91 29.91 0.2520
717.66 332.53 35.06 41.21 0.2489
888.16 407.54 37.20 39.12 0.2476
548.00 317.03 28.81 31.97 0.2439
903.85 405.12 39.29 44.36 0.2439
949.73 425.24 40.61 46.65 0.2419
519.61 315.94 23.51 30.70 0.2410
705.99 342.04 34.65 36.18 0.2404
677.84 262.58 48.31 38.65 0.2372
625.41 325.80 24.85 27.20 0.2364
845.53 290.10 47.41 53.82 0.2355
919.35 459.75 24.66 31.07 0.2353
439.82 343.11 26.05 30.82 0.2269
669.53 315.52 35.05 33.25 0.2261
482.23 301.30 22.38 32.06 0.2247
886.27 453.49 24.23 30.14 0.2165
839.35 336.00 36.30 39.05 0.2151
662.52 377.93 28.37 34.76 0.2139
776.82 403.10 25.93 33.67 0.2126
548.79 294.22 35.24 36.92 0.2122
696.46 320.58 43.30 47.81 0.2095
846.49 458.93 30.78 47.10 0.2082
984.08 326.44 34.39 53.28 0.2070
842.73 311.95 43.19 51.03 0.2070
922.41 360.38 33.29 42.47 0.2062
586.60 417.52 27.98 37.27 0.2032
554.97 395.34 27.52 37.81 0.2029
592.04 351.34 23.62 29.47 0.2017
923.13 274.63 27.10 26.92 0.2009
596.28 325.84 22.82 25.95 0.1996
997.47 504.97 20.90 28.16 0.1959
657.73 435.03 25.35 28.35 0.1959
518.97 372.50 23.31 31.35 0.1951
555.87 346.97 24.83 26.59 0.1948
661.73 396.56 24.49 34.34 0.1858
594.68 369.03 25.94 32.85 0.1829
548.84 379.25 28.92 35.48 0.1807
866.95 291.79 45.29 45.70 0.1800
376.42 298.99 21.76 30.54 0.1796
437.49 322.74 27.33 31.20 0.1777
871.41 310.99 44.71 45.90 0.1766
443.47 262.61 30.88 42.40 0.1755
995.68 488.35 23.50 29.65 0.1739
942.12 316.28 39.81 38.03 0.1734
519.25 296.00 31.08 37.99 0.1734
835.31 252.50 50.67 71.08 0.1728
620.52 402.58 29.07 32.78 0.1709
721.43 394.84 32.40 41.46 0.1699
441.84 240.04 31.90 38.04 0.1697
662.37 345.70 29.93 35.84 0.1685
961.78 516.24 17.23 22.03 0.1674
8.24 132.41 27.44 37.90 0.1670
372.35 371.15 23.90 35.65 0.1666
707.05 400.62 33.33 37.24 0.1642
667.28 291.70 53.37 49.43 0.1621
773.14 375.49 26.35 36.31 0.1619
883.26 478.07 23.01 30.14 0.1557
701.90 365.09 37.86 46.54 0.1551
980.82 299.16 40.08 59.19 0.1517
513.85 349.37 24.90 33.21 0.1514
544.28 270.83 47.01 45.12 0.1501
815.20 365.14 37.74 40.83 0.1493
608.20 125.87 99.44 67.30 0.1458
50.93 115.58 53.60 55.95 0.1450
934.54 264.81 48.28 29.87 0.1437
720.65 416.39 33.90 44.21 0.1434
816.01 570.47 15.01 12.98 0.1433
958.76 484.46 24.53 30.04 0.1429
372.62 310.98 26.67 40.13 0.1424
620.34 417.87 33.26 37.60 0.1423
943.57 300.04 40.57 33.99 0.1414
717.01 369.90 39.29 55.60 0.1369
405.25 322.39 23.29 32.07 0.1322
405.62 344.18 24.52 32.19 0.1305
40.68 94.55 39.38 55.04 0.1296
849.43 505.47 20.78 27.12 0.1293
404.39 296.11 24.43 29.73 0.1292
921.27 504.75 20.73 29.27 0.1290
725.63 269.70 41.68 61.77 0.1288
887.25 510.88 20.97 25.54 0.1280
774.85 423.46 25.20 37.20 0.1265
623.85 295.62 30.91 30.97 0.1241
929.83 340.30 54.53 55.60 0.1240
884.19 371.56 37.13 44.15 0.1230
777.42 259.50 68.33 79.84 0.1213
985.34 359.87 33.87 52.29 0.1213
6.68 135.86 46.72 66.59 0.1209
874.09 337.79 42.56 42.57 0.1182
917.86 321.43 36.87 44.94 0.1171
814.71 518.41 16.31 16.05 0.1135
830.87 365.88 40.40 50.22 0.1129
158.17 154.83 67.61 86.57 0.1115
557.91 417.85 30.42 36.78 0.1109
813.66 400.32 43.22 52.99 0.1106
778.83 519.10 17.29 14.82 0.1094
813.27 448.04 34.45 43.22 0.1091
315.50 321.32 44.82 50.64 0.1082
411.85 204.54 25.22 37.11 0.1058
409.76 460.35 21.08 27.57 0.1050
376.75 599.02 13.81 12.55 0.1049
813.92 477.95 23.48 28.84 0.1044
814.48 544.76 17.44 18.46 0.1036
706.74 448.09 30.66 33.64 0.1035
410.14 260.75 23.32 35.05 0.1027
506.31 390.35 33.86 44.24 0.1024
742.31 518.27 17.92 15.78 0.1023
339.70 598.32 13.93 12.45 0.1021
517.56 268.98 46.64 49.64 0.1020
873.98 240.79 41.34 48.36 0.1019
651.62 128.13 129.21 79.93 0.1010
555.39 455.32 25.28 25.93 0.1008
415.53 601.34 12.43 11.95 0.1003
917.25 243.59 44.95 37.13 0.0999
589.18 297.47 27.95 37.56 0.0997
319.07 343.07 52.16 62.17 0.0996
0.91 100.85 34.29 60.16 0.0994
205.85 139.62 50.25 65.88 0.0988
623.52 273.89 34.48 28.30 0.0987
484.11 446.14 20.90 31.36 0.0982
442.44 361.52 29.40 42.44 0.0962
432.02 214.96 32.65 36.28 0.0959
409.93 184.17 26.48 32.50 0.0955
475.77 264.09 31.30 45.56 0.0950
410.76 240.33 25.24 35.86 0.0923
972.64 130.41 46.98 59.24 0.0921
626.81 449.28 26.69 32.50 0.0918
920.46 542.33 20.16 18.92 0.0918
585.42 439.27 32.60 39.93 0.0916
583.57 481.83 34.26 29.95 0.0908
483.70 422.18 28.68 39.89 0.0907
466.53 235.55 35.56 36.76 0.0906
238.31 190.09 49.28 71.66 0.0902
718.84 433.93 37.82 45.82 0.0901
373.89 275.09 23.51 37.10 0.0889
967.61 242.83 51.04 52.58 0.0888
414.39 573.37 12.84 12.08 0.0877
710.33 137.00 91.61 87.81 0.0875
850.02 542.71 20.41 20.41 0.0873
302.15 313.08 32.62 47.91 0.0860
962.13 534.22 19.93 22.99 0.0857
850.93 569.90 18.09 14.12 0.0848
700.24 480.04 22.20 28.09 0.0841
787.13 202.16 87.39 98.28 0.0836
882.97 571.90 23.00 16.36 0.0828
305.24 601.57 11.14 10.47 0.0826
808.43 317.58 36.65 48.53 0.0826
300.49 295.43 27.04 49.25 0.0820
778.08 544.27 16.35 15.44 0.0819
926.35 235.40 70.17 45.98 0.0814
665.46 509.15 30.97 25.13 0.0810
767.12 351.66 33.17 44.45 0.0801
413.64 626.53 16.51 15.20 0.0798
378.61 573.10 13.04 12.05 0.0796
136.23 98.31 83.45 94.07 0.0791
886.99 542.56 21.36 19.15 0.0787
302.38 356.87 40.47 54.38 0.0784
139.09 344.41 41.47 43.67 0.0780
779.60 571.54 15.00 12.86 0.0773
549.15 247.78 37.54 39.89 0.0773
912.25 27.07 45.67 35.60 0.0772
302.02 331.82 39.44 56.29 0.0765
510.10 447.42 29.15 34.13 0.0753
295.03 75.91 75.58 58.58 0.0748
401.26 366.44 33.45 43.46 0.0746
412.77 477.18 16.06 26.47 0.0743
195.12 571.87 13.72 13.13 0.0742
574.36 271.15 40.13 34.81 0.0721
229.19 546.15 14.71 14.39 0.0719
340.29 574.57 11.90 10.44 0.0717
299.76 648.89 22.33 24.00 0.0714
341.43 547.59 11.14 10.20 0.0702
377.61 547.45 13.78 12.60 0.0699
376.25 627.36 15.10 13.85 0.0696
266.34 547.31 13.76 12.39 0.0696
579.23 500.40 38.44 33.51 0.0690
506.14 424.68 34.12 45.52 0.0690
194.02 599.91 14.00 13.15 0.0687
322.64 294.13 42.02 54.59 0.0676
36.33 101.59 80.66 94.76 0.0669
367.98 441.62 36.95 44.13 0.0665
194.37 544.55 17.73 15.26 0.0665
261.83 517.04 20.39 15.15 0.0660
7.95 323.12 57.01 70.02 0.0651
618.94 505.20 35.01 29.14 0.0649
742.13 543.45 16.98 15.68 0.0647
171.67 339.89 41.69 49.44 0.0646
412.21 546.35 16.89 14.62 0.0646
701.66 512.03 20.58 21.10 0.0643
332.41 225.59 35.04 53.82 0.0630
