39_Ice_Skating_Ice_Skating_39_463
200
743.16 676.65 21.04 30.59 0.3528
221.16 512.31 23.45 42.63 0.3409
661.45 666.23 25.18 45.42 0.2902
590.79 666.76 22.88 36.85 0.2542
522.99 636.82 20.63 28.01 0.2440
850.66 729.12 20.38 34.74 0.2235
484.61 608.70 18.08 24.88 0.2232
591.44 695.41 23.25 35.18 0.2231
297.70 616.96 29.62 48.83 0.2071
326.53 599.32 32.29 45.72 0.2025
626.58 661.99 23.55 43.91 0.1983
270.22 622.44 33.01 46.25 0.1966
483.06 706.38 20.09 33.69 0.1918
409.56 668.13 22.82 32.97 0.1897
560.39 639.49 20.70 28.47 0.1884
779.60 662.70 17.52 31.24 0.1807
775.16 507.97 19.49 35.69 0.1804
410.84 640.28 20.96 31.85 0.1794
521.86 605.88 22.79 32.75 0.1707
775.18 522.43 20.87 41.20 0.1703
814.39 668.01 14.39 25.18 0.1664
267.09 302.05 17.08 28.12 0.1642
446.10 632.29 19.55 32.30 0.1601
448.63 698.11 19.55 30.89 0.1598
483.34 631.35 18.47 29.02 0.1597
851.79 710.96 17.83 36.69 0.1594
666.33 682.73 22.93 41.42 0.1572
375.24 639.36 16.59 27.22 0.1540
889.56 735.73 21.50 32.43 0.1526
557.57 604.69 19.04 28.18 0.1523
814.94 537.99 21.46 33.93 0.1513
815.18 706.22 16.94 24.82 0.1507
483.64 720.86 21.97 37.51 0.1501
375.89 666.53 18.19 30.72 0.1472
408.34 688.20 24.00 42.23 0.1458
522.92 705.82 20.14 32.38 0.1443
449.27 672.72 16.35 28.38 0.1438
302.73 572.97 37.15 60.34 0.1437
658.82 642.73 26.89 52.59 0.1423
667.28 540.72 37.55 54.24 0.1409
522.58 662.97 21.45 34.46 0.1391
954.48 739.85 18.90 33.21 0.1386
592.67 641.41 21.29 37.92 0.1385
558.36 662.22 22.74 31.31 0.1382
951.39 544.24 22.65 34.51 0.1377
923.19 737.72 16.57 27.86 0.1365
329.19 672.52 24.82 30.04 0.1349
810.52 734.34 25.82 35.12 0.1339
952.99 758.22 19.85 35.31 0.1337
330.61 692.06 24.34 38.33 0.1333
225.62 591.77 24.16 44.82 0.1332
407.84 572.05 26.44 32.61 0.1316
520.07 728.14 21.81 30.75 0.1315
806.67 759.01 35.21 51.06 0.1313
628.34 685.03 22.09 41.34 0.1302
996.45 702.30 20.05 31.94 0.1298
517.08 260.88 25.25 57.18 0.1255
553.99 572.87 20.23 30.52 0.1238
374.91 698.71 23.74 36.86 0.1234
408.95 602.69 24.65 34.50 0.1233
685.11 536.13 37.20 56.37 0.1231
627.56 502.93 28.38 34.43 0.1219
484.28 671.90 19.56 32.25 0.1219
850.26 603.10 16.58 25.97 0.1213
887.40 707.80 14.94 25.45 0.1204
228.11 665.80 25.45 35.55 0.1194
702.47 667.57 17.91 30.21 0.1185
814.43 555.42 21.90 39.33 0.1185
700.74 699.17 21.78 36.39 0.1156
776.85 645.58 17.56 34.64 0.1151
774.75 729.12 25.85 39.90 0.1149
226.54 626.97 23.47 38.99 0.1138
111.93 544.31 25.34 52.24 0.1130
850.22 670.81 14.72 23.30 0.1128
843.67 755.72 22.67 36.99 0.1100
921.85 673.57 19.11 29.90 0.1074
190.74 653.02 25.73 45.57 0.1071
376.64 604.35 18.34 29.18 0.1050
266.62 648.45 27.82 49.64 0.1049
814.73 644.23 14.11 24.50 0.1035
886.53 673.07 15.01 25.48 0.1033
555.16 700.99 22.89 33.10 0.1027
776.90 702.73 18.20 27.68 0.1025
889.45 762.55 19.73 27.52 0.1021
996.72 732.38 19.15 30.99 0.1014
924.68 706.53 16.58 24.83 0.1009
848.43 537.66 19.35 29.88 0.1008
300.27 650.25 32.69 46.36 0.0994
188.89 628.31 24.24 46.34 0.0983
847.89 565.27 19.29 30.78 0.0979
701.34 334.89 18.19 27.50 0.0958
511.00 285.42 29.24 53.76 0.0956
300.14 533.56 23.00 28.07 0.0939
588.79 713.99 27.77 45.23 0.0936
960.85 708.64 14.33 27.32 0.0932
261.61 560.45 23.68 40.09 0.0931
731.04 524.65 35.63 62.17 0.0915
699.93 722.14 25.65 42.56 0.0905
155.37 166.05 24.13 34.44 0.0905
264.15 273.83 20.01 36.44 0.0903
264.22 537.30 18.62 26.58 0.0898
435.99 606.70 28.05 34.90 0.0896
217.89 670.62 41.54 67.87 0.0879
523.35 233.76 23.40 54.49 0.0877
735.57 727.87 27.06 41.82 0.0874
334.97 539.25 24.62 29.98 0.0866
631.30 733.60 23.30 32.71 0.0861
670.12 332.37 19.30 26.63 0.0847
551.72 735.18 28.33 34.00 0.0838
660.35 504.25 31.34 37.34 0.0829
799.47 786.98 41.49 66.46 0.0820
773.13 750.20 40.11 61.87 0.0819
326.95 702.12 45.33 63.43 0.0818
594.17 335.73 18.98 25.69 0.0816
301.16 675.14 42.88 59.49 0.0815
741.33 644.70 16.54 31.39 0.0815
189.30 681.12 43.46 76.80 0.0814
442.96 724.64 28.43 46.02 0.0804
517.16 563.68 23.20 33.15 0.0798
772.97 559.66 24.36 43.23 0.0794
582.36 381.42 44.72 79.84 0.0794
923.81 768.06 15.83 25.00 0.0791
367.90 708.19 46.90 62.22 0.0790
445.84 306.20 20.51 32.29 0.0788
994.25 798.71 22.74 46.17 0.0785
658.69 583.57 34.30 47.71 0.0781
627.98 550.78 35.06 49.87 0.0780
438.90 327.14 25.48 36.14 0.0778
849.80 639.86 14.79 22.71 0.0772
292.61 303.84 24.81 32.16 0.0770
995.27 770.99 20.94 34.21 0.0769
483.71 567.35 22.39 33.67 0.0763
585.85 607.35 27.94 44.01 0.0761
623.17 532.25 31.60 38.35 0.0761
923.07 564.12 17.28 29.09 0.0760
925.91 542.28 17.49 23.58 0.0759
403.14 705.43 36.47 61.13 0.0755
374.93 572.21 23.01 32.71 0.0755
923.10 802.11 16.72 26.22 0.0738
265.80 505.59 16.91 30.52 0.0733
156.16 525.74 21.49 49.59 0.0731
298.55 505.39 23.11 28.83 0.0722
157.85 560.08 24.04 49.12 0.0721
212.22 125.93 184.19 235.37 0.0718
263.83 324.98 22.22 39.77 0.0710
293.62 330.38 26.66 34.89 0.0707
436.09 566.69 30.51 36.08 0.0701
699.04 506.22 34.31 59.18 0.0692
885.90 836.82 22.98 30.36 0.0690
336.13 704.48 120.33 140.37 0.0685
259.49 675.63 34.46 60.12 0.0683
730.22 497.93 40.22 63.54 0.0682
702.08 642.29 18.66 32.81 0.0658
155.48 589.50 26.17 46.37 0.0656
917.35 605.73 21.83 27.85 0.0653
851.02 508.00 16.50 26.29 0.0647
108.84 502.94 29.78 57.03 0.0646
996.08 32.46 24.51 56.82 0.0642
449.04 157.71 93.99 119.18 0.0639
704.61 306.21 16.43 29.11 0.0634
546.17 541.90 27.42 31.92 0.0630
814.57 598.81 19.74 34.92 0.0627
507.24 543.49 32.80 32.82 0.0611
80.02 0.60 20.52 24.28 0.0608
592.51 306.54 20.47 32.61 0.0608
992.53 862.35 31.47 62.14 0.0599
188.76 708.27 53.41 98.86 0.0596
660.93 729.20 26.80 37.01 0.0586
915.44 634.48 23.83 30.05 0.0583
193.76 499.68 25.86 56.53 0.0576
922.43 831.04 22.26 34.55 0.0576
282.85 688.73 73.77 94.66 0.0576
413.91 375.09 58.38 60.04 0.0574
184.02 566.77 25.08 61.29 0.0572
475.67 539.15 37.60 37.20 0.0571
429.10 252.80 54.80 84.61 0.0570
368.62 534.95 34.22 35.58 0.0564
187.20 152.96 35.45 53.44 0.0560
664.31 352.97 30.94 56.58 0.0557
506.81 303.62 36.35 58.55 0.0556
955.92 787.85 21.59 45.71 0.0555
882.47 570.84 19.68 29.32 0.0547
588.51 534.86 29.60 30.39 0.0547
627.70 597.62 43.61 58.16 0.0545
879.22 598.34 21.42 29.06 0.0545
475.41 201.61 57.27 105.39 0.0542
333.37 340.47 21.09 29.43 0.0542
589.90 503.02 35.63 38.25 0.0541
482.58 258.84 40.59 74.48 0.0541
80.59 639.85 17.61 23.73 0.0540
408.43 329.53 26.89 37.42 0.0540
616.15 464.43 44.91 71.31 0.0537
82.75 172.22 16.16 23.18 0.0534
148.27 663.77 30.62 41.85 0.0531
773.25 792.18 46.28 70.28 0.0529
279.21 248.40 47.73 71.84 0.0528
154.58 631.28 26.09 37.45 0.0523
695.41 753.85 29.52 45.89 0.0522
435.26 537.76 40.00 41.46 0.0520
993.84 672.95 23.09 36.37 0.0519
