39_Ice_Skating_iceskiing_39_777
200
689.64 255.11 50.43 57.94 0.5304
45.88 224.19 18.31 29.05 0.2409
611.71 303.13 46.76 58.10 0.2227
522.55 371.96 223.61 176.51 0.1708
45.50 236.33 18.10 32.02 0.1622
339.96 103.16 16.63 21.67 0.1601
158.74 225.58 13.05 18.44 0.1598
627.76 355.06 130.27 155.62 0.1593
484.07 271.86 68.04 60.66 0.1590
615.88 261.40 41.94 51.37 0.1568
158.43 203.80 12.86 18.39 0.1493
614.95 251.02 35.85 35.13 0.1474
741.43 103.28 14.98 19.18 0.1413
263.08 154.74 15.28 20.33 0.1385
505.75 260.45 80.23 75.06 0.1355
122.03 227.68 11.80 17.12 0.1354
268.08 254.89 12.98 14.97 0.1339
158.69 250.63 13.39 17.37 0.1319
406.87 206.31 21.43 23.00 0.1298
847.67 274.04 18.16 21.69 0.1286
262.09 170.86 16.29 22.94 0.1284
121.59 252.08 11.05 17.21 0.1278
702.22 222.99 57.71 81.15 0.1266
339.82 119.79 16.69 23.95 0.1266
920.59 43.85 17.93 26.64 0.1251
814.86 31.37 14.55 19.97 0.1248
194.72 226.51 13.06 17.56 0.1248
442.51 268.72 139.37 92.08 0.1235
194.35 204.09 13.80 17.13 0.1212
194.26 303.21 12.23 15.09 0.1206
485.05 240.92 73.80 55.39 0.1197
5.70 270.93 18.60 27.04 0.1197
813.99 48.40 15.52 21.43 0.1193
630.43 220.29 26.14 26.82 0.1188
924.12 73.92 17.41 25.61 0.1171
741.63 77.39 12.94 17.58 0.1170
194.87 253.18 11.96 16.38 0.1169
296.01 252.77 20.48 23.02 0.1167
703.83 152.15 16.59 21.50 0.1165
158.49 278.10 13.02 15.35 0.1159
737.15 175.32 21.86 23.08 0.1152
740.39 150.36 16.00 20.47 0.1148
409.48 100.60 19.13 24.54 0.1147
47.18 206.05 16.46 28.49 0.1140
526.47 238.45 57.33 45.70 0.1134
678.43 351.07 87.43 99.94 0.1133
699.75 195.94 32.68 39.04 0.1133
633.45 204.74 19.60 20.35 0.1128
265.70 103.06 14.58 19.60 0.1121
918.51 274.90 20.51 27.15 0.1116
302.56 153.17 14.27 19.02 0.1109
84.85 278.67 13.08 17.15 0.1105
194.96 277.92 11.08 15.13 0.1097
121.76 303.49 10.96 13.66 0.1095
390.46 288.58 107.49 76.07 0.1091
919.59 28.64 19.30 26.07 0.1084
229.46 203.03 13.79 17.25 0.1078
157.21 176.02 13.31 18.74 0.1075
264.73 128.38 14.59 19.89 0.1072
122.09 328.00 11.68 14.05 0.1071
920.27 292.92 19.93 27.30 0.1066
779.22 79.53 13.90 16.60 0.1062
448.84 98.00 21.26 25.66 0.1058
85.94 301.22 11.68 15.48 0.1039
296.85 299.97 27.45 31.08 0.1038
664.19 218.18 46.88 52.46 0.1034
741.46 125.08 15.55 21.64 0.1030
916.99 249.63 20.48 25.60 0.1028
777.61 150.91 17.85 22.18 0.1023
551.12 221.62 25.07 23.72 0.1022
230.09 154.12 15.17 19.77 0.1021
590.62 262.14 54.58 66.37 0.1020
743.17 54.53 11.63 15.00 0.1012
296.18 265.67 22.59 28.44 0.1012
83.12 176.90 14.95 18.39 0.1009
883.05 323.02 22.25 28.23 0.1000
665.17 198.55 24.95 26.61 0.0999
885.27 46.77 19.52 25.75 0.0997
48.27 276.19 15.40 20.36 0.0997
785.61 368.09 171.54 215.61 0.0995
511.44 226.73 31.69 22.22 0.0991
228.94 227.53 14.06 20.23 0.0991
668.57 129.16 15.69 17.86 0.0985
593.48 247.50 31.00 29.41 0.0985
266.15 203.03 13.32 16.77 0.0984
232.12 127.96 14.73 17.32 0.0983
193.28 177.01 14.20 17.83 0.0982
741.90 31.61 14.62 19.33 0.0981
952.98 291.36 23.12 30.95 0.0977
848.93 28.09 16.47 19.19 0.0975
120.13 203.47 14.01 20.35 0.0974
81.08 199.38 15.87 22.55 0.0967
446.22 203.54 19.95 21.95 0.0963
888.45 29.12 18.67 22.43 0.0958
336.08 227.95 20.59 22.61 0.0957
704.14 126.28 17.35 22.87 0.0952
229.86 303.35 12.51 14.69 0.0951
779.04 101.55 14.76 18.29 0.0951
403.55 219.62 26.55 24.80 0.0951
157.83 302.29 13.36 15.76 0.0951
665.08 152.78 20.36 24.85 0.0949
707.48 79.03 12.50 16.09 0.0947
917.16 220.35 20.41 28.83 0.0946
702.08 172.98 20.74 24.88 0.0946
121.50 276.59 11.16 16.00 0.0937
120.42 176.22 15.28 19.00 0.0933
706.60 102.74 15.02 18.03 0.0933
266.03 302.88 18.85 21.87 0.0931
664.78 168.90 22.57 27.58 0.0929
947.67 143.71 28.07 48.06 0.0929
372.51 147.66 17.57 22.95 0.0925
400.21 273.54 41.89 42.45 0.0925
194.09 154.16 13.37 17.26 0.0923
726.98 196.29 36.26 42.04 0.0919
332.26 248.74 28.95 30.94 0.0917
229.21 174.41 15.60 20.83 0.0906
803.06 318.86 37.01 51.10 0.0901
412.62 123.95 16.44 20.88 0.0900
230.03 248.65 13.46 20.11 0.0900
636.36 347.29 79.74 94.98 0.0899
338.17 148.54 17.83 22.73 0.0889
772.47 171.73 27.33 33.25 0.0886
450.32 53.91 14.14 16.63 0.0882
7.41 248.73 22.46 36.30 0.0881
340.99 78.80 14.15 19.57 0.0880
231.45 277.83 11.90 15.79 0.0876
193.61 327.05 12.79 15.06 0.0868
267.33 273.93 16.29 19.73 0.0867
798.29 337.72 46.09 53.97 0.0866
777.08 127.77 15.50 19.34 0.0865
267.92 227.46 12.08 15.75 0.0862
342.88 248.37 49.83 51.02 0.0853
884.89 270.22 20.31 27.12 0.0851
154.16 155.48 16.13 23.92 0.0849
84.94 326.25 10.61 14.27 0.0849
411.21 75.36 16.46 22.94 0.0847
427.73 277.12 50.19 49.34 0.0846
606.04 323.32 86.70 99.87 0.0844
954.45 276.48 22.97 31.06 0.0843
448.01 77.82 16.90 21.12 0.0842
46.38 426.73 13.99 15.55 0.0841
716.61 347.18 50.74 65.96 0.0836
370.45 126.62 20.33 24.74 0.0831
296.09 313.56 29.87 32.11 0.0829
841.76 292.97 25.99 31.20 0.0829
301.80 124.69 15.03 21.71 0.0821
914.88 191.06 23.15 36.79 0.0820
320.75 316.13 39.61 34.89 0.0818
47.84 378.87 12.89 15.12 0.0816
47.60 400.80 13.99 16.82 0.0811
813.22 126.04 20.10 23.86 0.0807
229.79 329.83 13.21 15.18 0.0805
301.20 172.46 16.99 22.27 0.0804
82.85 252.50 15.39 21.27 0.0804
885.50 299.30 18.23 22.13 0.0803
849.81 51.68 17.45 22.54 0.0802
594.56 205.64 16.32 20.02 0.0797
376.33 75.58 14.27 20.70 0.0797
648.71 299.28 60.93 77.61 0.0797
812.47 4.61 18.49 19.26 0.0797
847.79 146.87 20.56 26.62 0.0796
157.88 327.38 12.38 14.91 0.0794
811.73 150.44 20.01 24.25 0.0793
764.14 225.63 44.77 61.61 0.0789
81.83 222.94 16.10 23.70 0.0785
316.07 287.84 47.28 46.47 0.0784
921.03 95.68 20.97 29.14 0.0783
47.50 354.02 12.43 15.58 0.0782
996.19 52.85 25.41 58.26 0.0780
885.71 248.28 19.97 26.38 0.0776
595.55 177.76 15.94 16.96 0.0775
228.57 348.16 14.26 17.48 0.0774
11.07 402.59 14.07 18.81 0.0766
82.58 150.70 18.71 25.00 0.0764
47.86 298.27 12.97 18.76 0.0764
707.15 54.42 13.16 14.65 0.0760
445.42 223.75 26.34 21.57 0.0756
517.67 206.35 22.36 22.35 0.0754
482.53 226.84 29.39 22.01 0.0749
806.99 200.15 24.63 28.46 0.0746
801.76 212.93 32.48 40.39 0.0745
301.84 49.58 16.95 23.24 0.0745
121.25 351.21 13.43 16.87 0.0744
884.80 193.93 21.06 27.60 0.0744
265.67 319.65 18.73 23.01 0.0743
843.92 94.38 24.10 31.11 0.0741
996.03 90.60 23.73 47.53 0.0734
372.02 98.18 21.58 28.14 0.0728
848.24 73.21 18.22 23.80 0.0727
670.76 77.96 12.64 16.14 0.0724
7.01 296.99 17.40 25.55 0.0724
302.66 77.90 14.68 19.75 0.0723
367.08 224.31 28.40 28.53 0.0721
554.75 207.32 18.68 22.11 0.0719
846.83 122.93 23.29 30.27 0.0718
448.17 123.43 20.34 24.25 0.0718
814.78 73.25 18.62 23.74 0.0715
948.27 124.50 27.45 43.12 0.0712
801.03 231.05 37.46 47.76 0.0712
119.43 152.95 18.68 23.84 0.0711
