13_Interview_Interview_Sequences_13_764
20
429.70 84.14 188.61 315.61 0.8728
811.12 590.96 106.12 43.04 0.2367
272.87 391.92 108.04 51.79 0.1474
185.21 509.00 49.80 67.51 0.1379
297.49 412.03 90.38 73.77 0.1377
334.79 410.56 77.61 63.56 0.1097
199.98 373.00 120.70 57.93 0.1085
123.40 354.21 42.24 66.45 0.0924
342.92 377.10 103.03 106.89 0.0848
120.59 339.12 36.48 45.75 0.0764
160.68 536.97 55.40 78.90 0.0744
339.08 383.29 73.69 52.64 0.0714
190.55 480.70 73.07 98.07 0.0679
429.28 44.94 145.34 181.65 0.0634
810.53 409.74 38.58 34.11 0.0624
387.40 152.58 154.61 201.66 0.0623
150.51 499.47 61.35 83.82 0.0602
325.03 495.73 58.40 92.34 0.0601
430.59 0.49 75.23 39.32 0.0517
161.79 360.90 98.74 68.59 0.0516
