13_Interview_Interview_On_Location_13_849
34
268.49 184.64 420.24 468.08 0.7550
694.14 613.44 138.55 283.06 0.3997
620.97 645.34 119.26 210.04 0.1971
739.35 738.49 106.29 150.40 0.1810
805.01 565.45 130.79 131.65 0.1556
315.98 425.43 275.69 272.17 0.1502
420.82 940.17 90.58 83.83 0.1466
406.96 775.81 41.16 79.26 0.1421
882.58 123.21 134.94 131.00 0.1350
810.58 814.20 66.20 72.52 0.0898
402.44 839.64 153.57 183.89 0.0895
820.90 305.36 122.78 114.27 0.0878
397.64 803.66 48.39 109.13 0.0869
524.60 611.36 161.98 261.23 0.0825
375.97 831.56 106.58 143.77 0.0810
696.43 207.51 139.57 223.06 0.0784
800.84 291.73 181.22 199.06 0.0756
724.60 566.15 186.89 247.67 0.0725
764.30 233.73 123.59 187.50 0.0716
743.87 268.03 244.42 372.76 0.0698
988.94 275.67 35.06 105.92 0.0681
992.37 756.63 28.22 61.48 0.0677
730.33 203.92 69.61 136.91 0.0675
855.97 773.60 64.24 91.75 0.0652
521.74 755.13 80.74 114.43 0.0619
388.68 753.55 82.00 132.39 0.0608
856.16 142.91 158.03 222.16 0.0597
915.56 586.71 59.34 73.42 0.0597
478.05 830.50 94.08 147.03 0.0592
452.46 718.53 141.79 179.80 0.0570
783.98 746.00 103.72 139.21 0.0554
37.83 444.98 147.36 387.01 0.0548
350.42 720.69 80.01 158.78 0.0537
447.07 165.64 308.20 271.51 0.0502
