13_Interview_Interview_On_Location_13_510
132
350.13 127.25 310.88 376.32 0.5559
188.19 1245.65 94.64 136.71 0.3346
636.79 276.90 132.64 140.15 0.2030
670.47 1227.48 15.59 45.24 0.1800
0.00 113.63 477.37 884.34 0.1749
168.02 1177.71 75.86 80.93 0.1658
401.38 628.19 34.73 79.64 0.1638
394.47 93.96 257.91 226.18 0.1637
0.00 0.00 356.22 613.17 0.1622
670.00 1147.78 14.20 28.76 0.1489
588.97 90.28 330.50 411.94 0.1477
255.94 1180.79 55.02 121.05 0.1461
708.31 1200.25 12.87 31.11 0.1451
890.47 799.69 15.76 33.13 0.1440
330.72 1296.21 57.63 92.79 0.1424
442.33 601.09 44.79 90.21 0.1413
744.19 1153.90 9.89 22.56 0.1337
333.20 0.00 478.23 617.52 0.1331
627.02 1233.26 17.35 42.02 0.1330
814.06 802.56 15.20 32.70 0.1322
12.68 625.35 374.28 607.60 0.1318
889.54 955.48 12.27 26.61 0.1316
817.07 1104.56 12.11 27.04 0.1292
388.22 637.99 56.09 138.32 0.1286
927.83 707.36 12.01 24.52 0.1264
926.17 753.86 13.72 32.99 0.1260
241.17 1123.44 52.98 108.56 0.1259
527.95 829.30 159.89 187.72 0.1245
852.21 805.51 14.21 34.45 0.1229
297.46 1139.88 23.39 51.08 0.1214
192.58 1054.27 74.73 132.26 0.1189
179.64 1141.04 72.97 91.58 0.1185
889.72 757.93 15.35 38.63 0.1171
707.08 1238.56 14.09 38.25 0.1166
358.51 254.58 159.14 238.63 0.1160
600.65 224.42 193.81 257.00 0.1157
889.04 848.62 13.81 32.80 0.1157
707.07 1152.95 11.31 24.60 0.1150
997.83 845.27 19.92 55.15 0.1130
853.75 1103.26 13.00 26.34 0.1120
853.40 846.89 13.63 35.83 0.1111
599.36 1248.04 14.76 30.51 0.1087
521.07 610.22 30.51 76.95 0.1076
853.94 1048.90 13.79 29.69 0.1059
890.74 1104.69 11.35 25.70 0.1019
890.34 703.06 11.72 28.46 0.1005
816.51 1001.88 12.98 30.40 0.0999
924.53 850.56 12.10 31.42 0.0984
889.12 905.75 12.02 26.42 0.0983
889.60 1000.94 12.32 28.27 0.0981
926.45 956.30 11.00 26.80 0.0978
630.68 1208.64 15.11 41.49 0.0968
924.84 804.17 12.84 30.18 0.0931
854.60 1004.74 11.36 27.87 0.0931
816.33 1153.64 13.43 31.63 0.0928
708.01 802.16 20.80 34.81 0.0925
963.98 704.09 12.91 28.29 0.0913
962.83 954.94 12.58 33.04 0.0905
999.55 739.01 17.19 51.62 0.0895
811.49 847.61 18.73 44.94 0.0894
816.85 1051.93 12.69 28.93 0.0886
962.50 848.49 12.30 34.29 0.0885
998.36 876.55 21.16 56.44 0.0885
739.15 1199.79 15.01 32.66 0.0881
853.47 956.63 11.37 24.75 0.0878
814.99 752.46 14.67 30.85 0.0871
961.94 803.89 13.18 28.58 0.0871
962.17 753.53 15.54 35.71 0.0866
522.56 643.07 46.30 96.50 0.0865
890.22 1053.93 11.18 26.21 0.0861
852.84 751.74 14.38 32.77 0.0859
961.25 994.59 13.25 36.34 0.0859
778.83 800.89 13.77 31.40 0.0844
431.57 615.05 59.89 146.54 0.0842
889.47 1145.48 13.09 33.61 0.0839
853.34 706.26 13.03 32.10 0.0833
926.47 1001.96 11.47 27.16 0.0832
145.84 846.15 169.89 350.14 0.0818
980.98 1295.26 43.02 91.83 0.0817
816.60 707.79 13.40 32.68 0.0809
365.37 657.78 42.84 144.12 0.0808
743.44 1109.49 10.96 28.12 0.0805
815.47 948.88 15.44 33.19 0.0792
141.58 1201.78 76.56 113.39 0.0787
779.97 754.68 12.80 29.35 0.0774
277.77 1177.45 41.49 87.48 0.0772
778.56 849.82 13.14 34.91 0.0767
633.25 1148.64 16.07 31.37 0.0763
1000.34 696.81 15.21 42.43 0.0760
781.55 1156.51 11.81 30.08 0.0752
998.10 934.29 21.18 50.55 0.0746
927.82 1101.43 10.62 27.03 0.0742
744.70 804.50 13.50 28.51 0.0728
854.01 1149.80 11.81 30.10 0.0728
812.68 895.57 18.32 39.52 0.0725
998.42 793.13 18.67 47.22 0.0723
464.54 590.02 41.82 82.04 0.0722
330.49 1187.04 28.31 55.50 0.0718
454.94 669.48 66.45 149.38 0.0713
440.51 533.04 44.66 76.17 0.0713
781.31 708.93 12.04 28.99 0.0704
926.73 900.70 11.31 29.42 0.0696
963.22 1243.13 18.62 41.85 0.0695
408.38 601.12 28.63 55.69 0.0692
295.30 1285.33 39.05 85.34 0.0688
927.70 662.78 12.30 27.04 0.0679
962.78 900.33 11.91 30.70 0.0672
853.78 901.33 12.39 29.42 0.0671
927.86 1047.81 11.30 30.85 0.0662
326.69 1236.19 37.17 66.48 0.0635
780.38 1105.81 11.54 25.99 0.0630
745.60 754.60 13.08 27.42 0.0627
778.71 899.27 14.76 37.73 0.0624
148.87 1148.21 76.23 96.64 0.0615
402.57 1304.05 32.10 62.40 0.0603
616.89 865.03 70.86 96.70 0.0598
668.66 1101.82 20.32 36.33 0.0583
666.71 736.68 32.70 58.72 0.0578
781.00 1194.19 15.45 40.44 0.0578
249.89 63.33 224.56 325.76 0.0570
364.72 1245.85 33.65 68.14 0.0568
738.16 1229.81 19.49 49.57 0.0553
599.34 1207.65 14.47 31.06 0.0541
750.15 119.82 237.16 371.76 0.0536
776.51 938.36 16.89 46.61 0.0534
998.88 653.75 14.67 35.49 0.0528
737.74 520.51 68.76 71.25 0.0517
743.89 851.86 16.51 31.45 0.0513
0.00 105.76 207.78 362.14 0.0511
596.07 1150.22 14.58 28.67 0.0509
816.01 1190.88 17.24 45.06 0.0504
296.58 1087.83 34.04 93.73 0.0503
