13_Interview_Interview_On_Location_13_313
200
876.11 319.52 26.25 31.59 0.5851
115.24 345.39 23.36 28.89 0.5737
451.03 495.97 29.19 33.12 0.5592
924.19 344.65 27.29 34.84 0.5459
291.42 475.95 31.82 43.99 0.5355
560.26 361.01 20.39 28.88 0.5254
261.61 350.31 25.20 32.46 0.4884
665.97 341.66 20.47 28.09 0.4504
595.34 478.09 19.53 25.89 0.4483
414.19 363.68 17.85 24.70 0.4393
812.78 321.95 23.43 27.55 0.4266
631.91 335.43 19.50 27.49 0.4208
161.45 430.14 22.09 24.71 0.4162
33.69 349.53 31.99 36.71 0.4130
306.63 345.48 24.69 29.11 0.4063
659.19 478.30 21.91 27.00 0.3930
742.58 333.13 20.16 28.18 0.3835
518.39 482.43 24.02 31.31 0.3755
365.14 345.24 23.08 31.96 0.3715
780.79 333.17 18.67 27.76 0.3633
220.01 443.76 25.23 30.78 0.3608
156.84 344.94 19.15 25.35 0.3499
224.81 339.75 21.97 27.58 0.3490
508.75 366.39 25.12 28.33 0.3387
223.91 361.86 22.04 25.77 0.3232
958.80 349.58 30.85 33.45 0.3171
176.85 369.84 27.85 33.74 0.3074
706.13 318.60 20.61 27.06 0.2987
192.96 334.13 19.71 30.35 0.2932
450.55 366.27 19.89 28.67 0.2907
480.90 342.89 21.29 22.66 0.2868
802.59 350.02 29.63 37.96 0.2803
481.56 454.19 22.79 32.73 0.2636
376.71 397.03 24.39 38.93 0.2530
708.29 334.84 18.13 26.87 0.2442
631.85 514.56 18.45 22.57 0.2440
408.64 168.95 127.31 154.41 0.2423
599.34 370.00 29.20 29.30 0.2415
158.99 360.11 24.25 32.86 0.2389
780.30 323.51 16.98 25.17 0.2388
664.57 319.80 19.25 23.91 0.2320
486.76 360.63 19.62 26.19 0.2301
557.18 298.16 15.54 16.79 0.2265
633.06 322.95 18.89 20.53 0.2256
223.87 387.16 23.84 31.86 0.2174
518.23 458.38 25.11 31.26 0.2156
184.16 320.44 24.90 36.36 0.2100
413.17 347.12 18.73 32.85 0.2078
582.66 515.08 26.40 30.70 0.2055
558.74 312.94 17.23 22.86 0.2047
522.74 320.17 15.71 18.27 0.2025
79.86 416.90 19.37 26.33 0.1987
448.84 344.48 19.56 24.62 0.1979
478.27 444.20 21.83 27.46 0.1950
481.36 508.80 22.94 27.11 0.1885
483.58 321.58 19.76 23.81 0.1860
597.96 298.77 12.67 14.61 0.1849
850.68 500.45 19.54 26.94 0.1815
443.97 437.23 27.89 27.94 0.1776
478.69 483.32 26.81 32.61 0.1764
703.94 297.67 18.48 19.56 0.1722
75.49 339.86 22.05 25.53 0.1721
5.74 389.76 21.48 29.07 0.1701
836.05 340.26 27.86 27.78 0.1700
161.80 370.82 30.33 37.15 0.1694
12.99 358.89 29.61 31.50 0.1657
520.27 446.59 24.04 28.63 0.1643
667.45 294.79 16.01 19.29 0.1623
448.54 378.87 20.91 29.24 0.1593
594.99 345.36 15.42 18.03 0.1585
850.34 320.70 19.31 25.20 0.1573
619.36 360.80 26.07 31.26 0.1565
514.06 373.83 23.62 31.77 0.1531
223.45 317.59 28.19 40.27 0.1522
773.57 552.61 31.33 29.65 0.1510
408.10 420.46 25.17 40.21 0.1469
444.96 463.21 29.41 32.60 0.1460
304.36 112.86 53.76 38.72 0.1457
510.27 536.01 26.78 26.98 0.1449
73.83 364.54 25.18 33.42 0.1447
560.37 507.60 22.47 27.39 0.1411
633.61 298.49 15.78 16.56 0.1409
705.35 358.55 15.28 25.25 0.1390
77.28 378.47 21.95 32.65 0.1390
519.40 346.85 18.64 26.12 0.1378
990.85 340.88 26.92 30.71 0.1375
46.21 412.59 25.07 25.26 0.1371
512.31 500.57 26.34 32.60 0.1371
2.75 400.45 22.13 35.58 0.1354
262.50 318.87 29.82 44.15 0.1335
659.13 500.16 26.95 32.40 0.1293
371.56 424.15 24.93 39.23 0.1293
342.97 426.73 31.24 39.30 0.1285
399.40 457.00 31.66 36.56 0.1275
42.21 310.65 39.53 33.08 0.1260
595.31 316.31 15.20 18.67 0.1254
339.62 380.47 20.75 31.58 0.1241
919.90 322.66 23.87 30.16 0.1239
45.31 286.68 36.04 34.67 0.1235
338.42 366.21 15.96 20.98 0.1230
220.80 403.79 27.65 37.64 0.1221
617.30 563.91 29.59 34.84 0.1208
11.26 340.31 29.25 29.84 0.1197
444.60 413.36 23.94 28.56 0.1195
155.01 458.28 26.37 32.29 0.1195
741.40 348.85 18.43 34.12 0.1186
519.72 292.56 24.62 27.36 0.1178
555.59 483.79 22.04 32.59 0.1175
982.27 355.55 33.00 36.50 0.1174
615.77 373.97 28.13 33.00 0.1165
41.82 375.66 27.72 33.72 0.1125
120.86 488.83 18.28 26.99 0.1116
780.09 346.87 23.05 38.85 0.1115
259.32 509.12 36.24 39.05 0.1112
148.42 315.69 27.99 37.60 0.1112
263.50 374.72 24.18 38.62 0.1110
74.59 317.44 25.72 29.60 0.1105
412.34 373.46 18.58 34.46 0.1093
264.42 479.16 45.77 54.13 0.1091
631.77 488.00 19.17 23.46 0.1089
102.89 107.13 173.84 115.67 0.1076
117.21 379.95 22.58 31.74 0.1071
356.61 128.36 53.73 47.67 0.1062
2.24 310.70 30.42 37.48 0.1062
367.26 456.38 29.21 36.27 0.1051
81.34 428.63 18.51 27.11 0.1042
110.29 320.48 27.92 39.83 0.1034
627.34 528.28 24.47 30.89 0.1008
265.16 458.79 37.56 37.56 0.1000
471.10 278.45 38.95 41.52 0.0978
294.28 379.55 26.18 34.90 0.0965
487.69 527.79 27.49 27.93 0.0965
231.29 102.84 120.25 85.69 0.0954
442.06 316.00 23.80 28.65 0.0943
878.98 559.86 20.95 24.83 0.0942
705.39 499.82 22.63 31.43 0.0933
801.62 503.89 32.57 33.42 0.0933
153.90 471.38 26.60 37.05 0.0927
989.74 372.50 30.53 51.02 0.0920
331.49 109.25 67.65 48.12 0.0919
111.57 462.63 23.16 30.35 0.0909
548.67 441.04 22.72 23.56 0.0907
630.38 467.79 21.87 24.06 0.0901
338.90 411.16 29.11 41.84 0.0898
69.51 277.15 30.22 43.32 0.0892
482.43 388.82 18.41 21.57 0.0891
338.16 342.61 15.99 26.03 0.0883
772.29 507.88 27.78 25.85 0.0876
799.16 555.96 28.76 26.31 0.0874
552.17 464.22 20.80 24.78 0.0871
180.58 411.02 26.37 27.88 0.0865
952.58 353.97 45.68 63.42 0.0852
402.28 475.89 33.74 35.40 0.0824
367.38 481.46 26.84 32.57 0.0805
294.48 403.97 31.84 41.69 0.0798
326.40 64.59 178.66 166.28 0.0785
659.45 580.52 33.71 35.28 0.0777
432.61 263.01 56.41 60.89 0.0776
737.07 532.93 28.40 35.30 0.0768
367.44 512.62 27.67 31.09 0.0753
662.64 442.63 27.15 37.19 0.0751
189.33 477.28 20.25 34.33 0.0746
502.14 577.15 34.51 36.89 0.0741
998.51 534.35 18.89 25.81 0.0741
255.29 440.12 29.64 46.78 0.0720
954.15 320.59 24.53 27.13 0.0719
255.26 401.14 28.46 39.81 0.0711
0.00 429.04 23.56 35.77 0.0705
296.81 320.64 27.15 49.90 0.0704
289.37 506.28 40.08 53.89 0.0699
330.65 481.95 26.41 36.92 0.0699
963.29 536.92 16.87 23.12 0.0681
770.75 567.20 44.90 42.74 0.0675
992.69 510.64 22.54 36.25 0.0675
790.94 538.47 39.83 38.69 0.0665
876.54 541.64 25.30 36.09 0.0658
1.96 284.81 32.16 40.54 0.0658
881.42 302.15 21.28 28.97 0.0655
193.98 462.43 20.74 29.91 0.0651
884.32 347.82 25.60 39.31 0.0644
735.68 509.46 24.11 29.05 0.0644
773.63 593.09 42.24 36.38 0.0635
480.12 414.56 20.23 27.21 0.0631
993.36 315.78 29.09 38.30 0.0620
768.64 16.42 56.49 185.43 0.0620
44.73 429.30 24.87 31.10 0.0619
848.27 557.23 27.35 30.40 0.0619
654.69 530.41 36.42 42.54 0.0618
294.42 430.45 29.80 43.76 0.0616
511.02 554.69 31.63 35.12 0.0614
550.50 272.07 25.05 29.09 0.0613
1.04 458.08 21.56 33.89 0.0606
591.00 444.51 22.55 32.24 0.0606
338.44 455.55 27.81 38.95 0.0602
406.74 638.85 76.51 43.15 0.0601
798.45 482.87 39.83 39.91 0.0594
773.44 485.68 34.49 39.58 0.0593
555.26 533.31 25.45 27.46 0.0587
974.62 641.28 46.92 40.72 0.0586
743.29 553.21 29.80 34.93 0.0574
