13_Interview_Interview_Sequences_13_456
62
235.06 154.06 224.69 288.22 0.2935
544.62 172.93 240.13 233.32 0.2018
857.16 275.97 78.15 85.75 0.1899
578.65 189.18 156.19 105.12 0.1644
293.73 179.52 202.65 168.05 0.1593
472.25 362.35 78.97 123.57 0.1573
855.06 314.05 82.08 88.21 0.1500
332.37 190.61 120.02 90.71 0.1455
840.09 50.20 32.89 54.80 0.1251
842.69 46.53 25.34 29.84 0.1106
777.59 39.87 28.05 37.22 0.1087
795.47 50.88 39.00 53.57 0.1077
178.41 111.61 41.27 66.26 0.1032
293.71 182.20 32.17 33.73 0.1027
806.57 48.07 24.61 32.88 0.1012
860.47 220.49 72.59 90.71 0.0974
774.40 48.95 36.92 55.54 0.0973
228.32 154.24 23.69 38.88 0.0903
629.92 29.42 17.95 20.69 0.0894
477.10 303.49 86.26 135.15 0.0885
348.50 185.31 63.09 55.11 0.0880
741.44 46.77 24.47 35.43 0.0876
592.97 145.06 111.46 101.27 0.0862
97.63 289.01 150.81 189.17 0.0860
1.24 1.80 27.29 25.41 0.0802
596.66 71.14 42.41 44.26 0.0790
623.35 40.01 23.49 27.68 0.0787
175.79 140.94 44.13 59.55 0.0783
595.47 47.45 22.17 22.98 0.0771
889.25 341.64 62.71 84.48 0.0764
296.67 166.48 23.09 29.58 0.0750
888.05 296.76 62.88 85.34 0.0749
136.45 165.03 70.17 136.60 0.0734
248.72 53.18 31.96 36.85 0.0711
178.39 73.73 44.58 68.31 0.0691
167.19 166.26 47.19 78.55 0.0687
232.11 41.95 36.97 38.67 0.0677
224.71 65.27 49.14 61.01 0.0621
807.18 168.89 39.79 72.22 0.0597
226.73 167.39 28.99 44.91 0.0594
261.18 176.60 38.54 40.94 0.0591
821.42 91.47 47.96 65.27 0.0585
702.35 41.45 18.07 25.28 0.0585
450.91 205.79 130.05 190.80 0.0580
830.29 141.01 34.46 53.94 0.0572
187.47 52.08 32.40 48.09 0.0569
780.82 30.97 26.77 29.77 0.0567
798.12 94.67 41.81 57.93 0.0550
326.13 238.50 139.78 157.31 0.0550
277.80 191.72 119.47 107.94 0.0542
74.60 164.70 90.06 115.98 0.0538
799.53 269.27 87.57 129.22 0.0531
184.18 33.94 31.90 42.52 0.0528
0.00 13.47 29.14 41.10 0.0524
821.95 184.34 56.34 105.07 0.0521
290.78 194.91 65.28 61.45 0.0520
887.98 454.96 69.93 89.33 0.0517
855.97 45.76 70.11 91.91 0.0514
738.51 81.42 41.63 45.46 0.0510
830.20 350.04 125.40 113.62 0.0509
559.20 66.37 28.00 37.12 0.0507
847.29 175.06 81.29 98.55 0.0503
