13_Interview_Interview_Sequences_13_929
131
484.35 159.11 60.25 73.01 0.8793
486.09 257.59 96.23 114.81 0.7954
39.84 143.71 113.60 132.58 0.7149
798.63 163.57 79.89 108.29 0.5263
181.33 154.31 78.77 107.95 0.4304
397.91 302.81 47.36 58.51 0.4087
652.83 130.68 41.48 48.84 0.3362
237.08 327.87 47.20 42.01 0.3023
167.83 111.66 51.70 59.49 0.2568
66.34 274.75 30.82 33.12 0.2137
768.73 248.04 46.30 51.58 0.2071
293.72 374.82 101.50 60.77 0.2010
278.11 361.11 92.55 48.50 0.1954
796.36 142.50 55.68 75.84 0.1941
139.86 108.45 90.58 122.54 0.1886
622.33 361.79 65.86 43.72 0.1865
0.00 383.28 54.04 59.18 0.1811
215.71 336.03 73.21 55.48 0.1794
987.86 268.36 30.89 40.39 0.1772
402.43 276.44 72.47 94.21 0.1628
118.57 132.13 86.76 140.33 0.1557
0.00 341.95 31.68 42.47 0.1477
641.38 346.44 62.63 47.92 0.1465
725.93 241.89 46.47 45.61 0.1451
503.87 408.12 46.93 50.58 0.1445
788.64 224.75 66.37 89.73 0.1425
484.62 416.72 69.98 69.82 0.1386
22.33 385.80 48.95 47.23 0.1335
486.33 308.94 65.34 59.11 0.1320
656.74 294.21 50.83 51.29 0.1311
0.00 167.68 36.51 61.75 0.1305
194.98 344.33 59.53 33.35 0.1302
318.92 282.82 33.46 27.19 0.1300
126.23 349.37 55.10 47.75 0.1218
878.46 328.01 49.61 61.84 0.1218
1.17 217.12 45.44 59.58 0.1187
83.74 111.79 80.57 106.49 0.1179
514.24 178.86 61.38 54.38 0.1156
48.13 197.18 75.77 83.77 0.1150
292.34 348.38 43.87 29.01 0.1142
882.49 143.86 88.43 121.70 0.1141
788.95 266.81 59.00 103.96 0.1135
958.09 109.16 65.91 121.04 0.1130
300.61 267.82 28.81 21.27 0.1110
369.69 338.19 40.56 38.68 0.1099
65.20 96.57 74.86 77.50 0.1083
877.46 327.27 75.69 111.34 0.1080
685.93 276.50 45.84 46.13 0.1076
508.14 375.10 47.66 50.36 0.1016
676.77 115.03 53.53 49.90 0.1009
935.55 139.13 67.95 129.52 0.0979
438.15 246.50 54.18 75.97 0.0976
589.77 369.56 57.56 43.23 0.0956
251.71 113.70 42.66 50.67 0.0950
146.35 72.58 96.68 88.87 0.0942
648.44 317.16 57.68 59.12 0.0941
299.91 278.90 34.72 28.34 0.0937
651.45 403.62 135.00 66.84 0.0928
733.88 209.90 76.25 75.09 0.0922
47.52 258.19 48.58 59.26 0.0898
0.00 130.02 37.61 59.22 0.0895
782.12 184.80 118.65 145.58 0.0879
321.60 270.36 30.31 25.20 0.0874
184.87 334.77 123.06 83.38 0.0866
591.16 399.71 50.39 31.48 0.0862
317.86 299.77 44.22 39.22 0.0849
329.92 326.49 53.57 44.60 0.0842
420.39 343.77 53.44 56.00 0.0842
544.93 244.97 85.01 107.99 0.0836
435.48 395.54 102.06 88.89 0.0830
811.00 269.87 78.11 110.88 0.0821
509.52 419.67 88.94 75.62 0.0816
180.36 361.14 68.95 53.20 0.0812
90.67 81.11 102.81 96.24 0.0808
385.23 344.75 60.20 59.26 0.0803
704.99 260.58 44.84 34.75 0.0798
40.92 288.59 39.45 52.84 0.0798
209.65 284.83 42.97 44.80 0.0798
535.08 399.91 58.61 46.93 0.0777
481.53 366.47 54.24 54.95 0.0774
0.00 105.51 36.66 58.51 0.0769
1.99 292.61 32.70 43.81 0.0768
2.14 269.91 40.17 51.09 0.0767
764.14 289.62 65.92 88.69 0.0754
297.12 246.20 31.43 32.25 0.0734
612.27 319.61 81.17 71.94 0.0728
186.81 265.80 42.15 48.26 0.0728
624.72 158.85 42.59 68.38 0.0726
550.84 324.75 85.92 65.15 0.0715
54.46 402.27 46.19 32.32 0.0696
213.16 211.50 74.40 64.77 0.0692
619.32 391.74 63.98 40.13 0.0684
959.35 269.06 40.54 46.23 0.0681
530.69 351.94 51.65 47.85 0.0680
670.26 89.96 63.72 53.93 0.0673
27.61 116.67 84.44 97.90 0.0673
668.40 298.73 195.57 164.24 0.0672
538.39 375.37 43.53 41.06 0.0663
433.82 374.60 49.23 49.09 0.0662
840.94 257.51 67.97 90.39 0.0657
626.36 378.40 262.19 120.84 0.0645
132.91 378.04 65.77 56.88 0.0643
0.00 83.50 31.09 54.53 0.0642
385.25 374.99 61.18 50.20 0.0636
65.98 327.67 51.07 62.82 0.0622
585.39 278.26 83.27 76.08 0.0620
837.90 128.18 92.34 142.78 0.0619
620.27 414.60 76.32 51.51 0.0619
828.44 320.11 56.67 81.79 0.0617
5.76 417.40 54.49 62.70 0.0617
708.96 273.35 72.73 86.38 0.0608
118.34 325.83 60.56 50.85 0.0602
585.61 427.32 55.51 44.95 0.0593
644.09 154.62 54.96 75.26 0.0588
440.79 153.89 90.23 89.03 0.0587
211.28 127.68 73.86 103.98 0.0583
295.94 304.94 48.94 42.01 0.0582
367.17 301.56 50.10 68.54 0.0582
32.70 306.17 44.64 72.34 0.0582
982.34 167.11 40.98 85.89 0.0582
155.92 375.58 106.50 65.45 0.0580
798.23 308.66 59.83 89.73 0.0555
581.94 189.97 78.08 76.62 0.0544
800.64 119.51 51.24 54.20 0.0543
203.92 257.23 43.92 38.80 0.0538
987.05 232.93 36.95 65.33 0.0537
625.94 188.95 45.63 64.34 0.0532
731.24 156.28 71.07 90.64 0.0529
119.15 263.70 63.31 67.76 0.0529
244.06 290.18 43.06 45.21 0.0526
402.19 258.83 55.33 71.83 0.0515
