13_Interview_Interview_Sequences_13_37
102
489.19 174.19 85.71 76.92 0.9045
791.97 193.29 68.00 74.30 0.8763
252.79 184.63 69.81 98.96 0.8432
793.28 494.41 128.36 81.66 0.5282
77.79 465.41 63.77 102.76 0.4248
518.34 111.67 47.19 37.74 0.4034
552.46 179.49 63.76 61.89 0.3889
366.35 117.49 49.39 42.92 0.2583
72.52 336.88 46.29 102.10 0.2520
619.53 115.81 27.64 30.53 0.2439
594.11 536.59 60.61 89.66 0.2267
9.35 528.62 48.56 68.33 0.2264
699.41 109.82 34.95 34.23 0.1958
274.68 109.76 42.82 36.53 0.1717
693.52 117.17 47.58 44.84 0.1633
47.49 409.06 36.61 69.32 0.1547
618.50 352.10 43.51 52.86 0.1533
59.33 380.34 64.72 120.16 0.1525
698.08 333.04 36.11 45.35 0.1515
691.54 264.24 43.04 39.76 0.1503
723.20 488.59 213.63 140.95 0.1496
903.36 214.83 44.42 76.07 0.1495
349.48 371.63 51.51 60.49 0.1479
564.12 121.62 59.95 65.68 0.1442
584.63 517.73 130.89 134.90 0.1402
661.44 118.09 43.62 44.91 0.1392
160.06 524.89 181.96 141.91 0.1377
397.99 370.59 77.54 50.63 0.1373
111.00 488.76 75.44 111.63 0.1363
506.83 124.34 80.74 78.96 0.1358
50.01 351.56 56.43 111.85 0.1287
578.06 112.12 41.01 40.68 0.1266
770.05 162.81 71.41 73.46 0.1197
577.52 402.27 76.80 90.73 0.1126
207.81 104.66 40.20 40.79 0.1074
434.53 468.07 101.17 154.21 0.1073
382.43 345.41 115.73 101.95 0.1068
884.06 210.07 41.46 65.23 0.1037
648.97 152.12 45.71 44.99 0.1020
25.69 512.15 53.11 81.97 0.0966
589.25 372.58 63.82 79.84 0.0962
289.78 204.61 68.23 74.97 0.0956
752.33 461.92 93.87 101.90 0.0956
246.60 539.12 113.86 74.41 0.0956
614.91 155.31 41.43 52.34 0.0930
714.68 136.37 42.04 38.18 0.0918
312.94 149.58 51.69 53.12 0.0901
638.95 415.41 59.28 79.28 0.0897
471.86 103.52 74.50 60.96 0.0895
693.76 280.59 45.47 52.88 0.0895
621.72 244.77 39.82 42.62 0.0874
652.36 313.02 44.24 55.61 0.0873
588.12 342.71 65.03 70.95 0.0864
875.73 209.45 76.58 115.03 0.0842
743.99 211.26 54.38 56.97 0.0833
678.30 432.63 42.85 40.77 0.0829
328.92 108.70 37.63 37.90 0.0820
975.97 197.64 48.03 116.99 0.0818
594.35 457.60 73.96 97.39 0.0799
329.44 131.25 41.18 36.61 0.0797
738.16 195.18 42.88 43.17 0.0790
635.31 344.14 54.12 57.06 0.0782
567.69 228.83 54.10 58.76 0.0772
82.54 279.98 25.55 33.50 0.0757
358.39 135.39 56.54 57.92 0.0731
446.25 160.98 76.25 64.01 0.0722
610.03 209.46 45.53 41.93 0.0707
40.77 462.54 69.71 114.83 0.0706
223.55 158.63 90.32 89.31 0.0699
656.85 216.51 36.61 36.47 0.0685
74.20 284.70 38.22 64.85 0.0685
650.94 190.06 46.85 54.20 0.0683
678.47 189.53 53.28 57.22 0.0672
620.84 298.71 39.34 45.97 0.0668
651.12 241.80 44.78 35.81 0.0667
732.05 159.05 31.07 34.48 0.0662
750.84 132.08 65.63 75.00 0.0661
0.00 474.67 32.73 69.07 0.0658
353.41 191.93 47.19 63.01 0.0644
371.79 482.37 96.69 143.05 0.0642
770.17 250.37 65.86 84.54 0.0637
649.98 516.21 106.95 126.75 0.0636
650.95 250.62 53.48 51.03 0.0632
732.70 495.48 100.20 99.63 0.0629
706.99 533.56 140.54 108.96 0.0608
88.65 404.72 95.06 166.81 0.0603
155.98 474.44 84.45 121.95 0.0591
256.06 117.16 63.01 47.99 0.0586
687.04 137.81 53.12 53.23 0.0578
432.83 351.38 86.78 72.93 0.0562
532.01 225.88 72.17 86.19 0.0543
838.10 544.81 100.41 99.33 0.0536
818.15 237.98 101.40 124.03 0.0536
232.18 350.80 47.36 61.03 0.0536
430.27 335.05 39.44 43.24 0.0524
364.27 91.44 36.37 39.66 0.0521
499.44 229.12 70.95 85.35 0.0515
11.55 543.58 57.81 92.48 0.0510
362.57 225.94 45.30 57.59 0.0509
372.86 300.12 26.96 44.51 0.0504
799.57 207.65 79.43 104.03 0.0502
784.74 404.07 61.71 53.41 0.0501
