51_Dresses_wearingdress_51_549
200
166.66 262.64 185.97 380.61 0.3223
476.17 81.99 547.83 227.04 0.2354
115.62 437.46 162.84 451.54 0.2260
158.08 120.53 192.92 333.78 0.2170
136.35 360.36 393.95 351.56 0.2163
117.38 102.97 427.75 225.36 0.1933
139.24 208.33 376.71 353.30 0.1888
351.21 81.39 404.71 215.45 0.1758
88.07 146.48 197.17 431.08 0.1558
317.84 459.38 293.68 429.62 0.1448
345.80 61.74 151.45 92.24 0.1374
192.60 359.57 175.99 504.01 0.1340
452.75 435.71 321.07 453.29 0.1307
250.38 138.67 403.00 270.83 0.1271
279.97 285.54 377.65 337.62 0.1240
500.67 383.65 393.06 344.13 0.1232
381.57 375.66 334.90 335.47 0.1219
628.73 55.45 133.40 116.08 0.1136
527.35 135.91 369.25 283.79 0.1060
445.09 179.92 331.62 370.55 0.0957
121.77 52.73 149.98 110.65 0.0876
269.43 41.14 130.17 106.93 0.0793
54.24 610.68 81.69 176.84 0.0751
62.01 479.28 76.11 185.64 0.0744
188.07 45.53 427.01 203.06 0.0738
66.94 0.00 227.49 329.57 0.0731
862.01 53.60 156.55 122.62 0.0726
35.02 60.44 180.16 369.53 0.0688
799.76 48.14 118.08 110.34 0.0670
512.63 45.26 135.15 108.94 0.0668
116.73 24.25 141.71 86.23 0.0636
599.87 27.36 194.02 79.03 0.0621
73.45 191.32 75.38 160.28 0.0618
351.23 30.61 170.16 82.30 0.0598
67.34 371.38 70.67 201.86 0.0596
80.26 514.19 92.45 204.14 0.0595
573.47 43.22 114.25 125.75 0.0588
327.32 45.25 117.29 194.94 0.0581
797.76 673.48 120.84 153.20 0.0577
229.94 22.04 137.24 92.27 0.0565
128.02 213.94 143.53 123.64 0.0565
837.72 483.84 104.82 180.80 0.0556
190.84 52.01 148.31 91.04 0.0548
81.22 446.29 100.59 174.55 0.0542
92.59 270.29 132.61 149.71 0.0535
51.01 409.38 158.76 479.62 0.0526
262.27 0.00 170.69 57.33 0.0516
571.96 482.45 136.42 165.56 0.0515
92.92 349.23 121.70 181.04 0.0514
60.87 41.08 148.23 122.94 0.0513
677.35 43.04 165.02 96.24 0.0511
589.60 309.50 434.40 305.36 0.0511
298.16 658.09 111.02 173.78 0.0504
782.83 633.51 148.93 125.21 0.0501
712.17 665.52 141.23 143.26 0.0501
755.28 703.48 131.22 167.71 0.0499
381.47 615.00 141.36 165.31 0.0498
138.78 376.39 115.73 187.77 0.0498
652.81 604.63 111.50 176.96 0.0498
102.27 488.03 129.19 157.11 0.0497
826.17 18.19 122.11 83.36 0.0496
582.69 396.93 115.18 175.74 0.0494
70.28 251.54 75.55 212.04 0.0490
659.61 0.00 112.35 91.34 0.0482
322.03 545.76 131.72 149.54 0.0480
62.07 691.34 75.20 164.64 0.0477
610.88 708.09 128.19 148.57 0.0476
429.76 558.05 122.21 155.79 0.0476
637.16 510.87 116.84 188.20 0.0476
617.84 0.00 102.79 92.26 0.0474
411.87 357.22 96.53 176.71 0.0467
365.21 0.00 103.79 91.84 0.0464
646.93 449.19 144.99 147.88 0.0462
788.70 390.82 143.86 169.12 0.0458
133.54 304.32 126.30 180.90 0.0458
341.82 685.64 109.56 164.43 0.0457
393.32 132.02 122.04 185.26 0.0454
45.19 7.17 147.59 85.45 0.0453
170.40 232.98 141.60 163.87 0.0452
584.71 242.70 107.32 199.49 0.0449
75.09 167.43 134.33 123.45 0.0447
320.15 620.77 137.22 172.20 0.0445
542.39 440.84 119.61 171.04 0.0445
526.54 192.19 134.90 152.92 0.0444
321.71 314.81 129.34 180.69 0.0444
536.02 0.00 152.35 55.69 0.0442
26.37 672.64 65.22 206.73 0.0442
397.33 80.64 159.59 124.50 0.0439
832.24 33.48 128.69 195.75 0.0438
575.44 435.70 440.01 453.30 0.0438
557.79 527.46 117.10 188.40 0.0437
88.42 646.96 136.59 166.96 0.0435
821.22 70.41 87.18 196.80 0.0433
583.02 603.01 124.58 155.07 0.0430
492.08 478.10 126.68 147.05 0.0429
325.08 221.96 116.65 187.22 0.0428
324.18 27.51 98.77 79.37 0.0428
721.06 182.36 119.15 157.64 0.0426
168.75 427.46 129.90 187.70 0.0425
250.12 601.13 127.74 176.87 0.0424
800.83 536.81 118.52 187.54 0.0422
524.53 533.60 96.04 202.60 0.0420
217.91 181.98 139.86 192.99 0.0419
245.16 698.05 120.01 155.68 0.0416
439.03 187.53 107.05 181.13 0.0413
138.06 78.92 107.97 197.49 0.0410
421.32 692.07 132.98 146.79 0.0409
282.68 500.82 129.48 160.23 0.0409
170.34 349.20 134.50 169.63 0.0406
450.41 496.72 112.90 163.24 0.0405
0.00 0.00 68.43 90.95 0.0404
44.99 172.85 65.36 169.21 0.0403
533.78 270.77 121.18 159.19 0.0403
481.76 587.24 100.43 195.68 0.0402
74.32 727.48 99.36 161.52 0.0402
820.47 317.45 130.84 149.00 0.0399
169.09 140.52 123.34 174.24 0.0399
135.67 543.59 136.74 146.85 0.0398
64.30 88.41 69.79 180.24 0.0398
594.22 131.32 98.15 176.61 0.0396
133.64 601.36 138.25 170.07 0.0396
258.17 57.38 109.18 171.75 0.0395
960.93 0.00 63.07 119.55 0.0394
596.15 729.75 74.59 125.15 0.0392
40.32 12.08 89.07 140.69 0.0391
523.12 11.61 122.62 78.67 0.0391
794.54 0.00 143.94 62.49 0.0390
843.89 689.77 121.71 175.02 0.0389
360.11 183.07 125.82 180.63 0.0389
874.86 14.42 135.81 93.67 0.0388
440.55 43.38 143.41 102.77 0.0386
650.13 355.01 120.50 154.16 0.0385
462.10 156.40 132.99 155.93 0.0385
612.24 314.13 116.07 176.49 0.0384
80.71 83.49 111.14 171.95 0.0384
184.07 0.00 124.26 104.07 0.0381
369.30 258.45 109.30 167.83 0.0381
569.39 685.03 146.31 113.35 0.0380
732.09 481.70 156.07 154.75 0.0379
674.71 106.49 128.63 195.43 0.0379
287.74 566.45 125.23 172.48 0.0377
547.80 351.93 121.86 180.11 0.0374
89.07 0.00 162.16 73.41 0.0371
513.59 697.13 109.89 189.56 0.0370
539.29 73.52 128.81 140.99 0.0368
385.26 702.48 87.72 186.52 0.0367
754.22 61.86 127.60 151.85 0.0365
287.57 105.48 113.35 157.87 0.0364
587.50 0.00 84.89 122.08 0.0361
433.11 320.08 124.63 161.36 0.0358
667.93 11.52 133.48 200.27 0.0357
271.82 259.32 136.80 176.98 0.0357
767.80 121.43 114.63 212.60 0.0353
139.52 675.55 125.56 175.20 0.0352
713.64 360.89 135.76 147.62 0.0352
493.04 234.59 134.61 150.01 0.0351
199.82 648.74 134.69 178.34 0.0350
219.85 116.04 110.57 164.20 0.0349
932.21 0.00 91.79 58.23 0.0349
766.08 307.52 130.05 179.08 0.0349
685.92 404.73 123.51 153.16 0.0348
477.01 0.00 132.61 73.54 0.0347
464.45 428.69 118.62 169.19 0.0344
0.00 696.32 63.51 169.74 0.0341
734.90 587.47 158.35 120.77 0.0340
600.53 48.77 126.61 201.87 0.0338
686.50 316.03 123.75 153.09 0.0336
0.00 780.03 44.44 108.97 0.0333
707.25 716.57 85.72 139.61 0.0333
30.05 783.86 97.57 105.14 0.0332
825.14 115.37 133.43 218.18 0.0332
21.07 621.74 72.51 142.25 0.0332
24.14 46.65 82.51 151.76 0.0330
207.84 504.45 120.47 191.48 0.0330
690.01 208.07 114.94 191.78 0.0328
447.20 0.00 102.19 106.92 0.0324
258.89 442.09 163.50 141.79 0.0324
492.32 108.35 140.40 160.20 0.0323
793.84 206.98 125.41 165.14 0.0319
493.59 419.03 148.41 127.39 0.0319
405.10 525.19 111.08 130.81 0.0317
420.29 439.80 88.21 175.36 0.0316
419.39 0.00 362.05 182.36 0.0316
0.00 15.64 96.53 122.61 0.0315
559.07 718.22 78.76 140.90 0.0314
314.67 146.39 139.91 136.03 0.0313
93.35 580.74 128.74 153.60 0.0311
210.40 304.23 131.24 161.08 0.0309
417.32 289.86 100.59 141.08 0.0309
35.73 373.19 62.40 217.45 0.0308
0.00 0.00 166.93 53.69 0.0308
321.77 499.72 162.48 136.38 0.0307
461.53 372.90 139.79 143.12 0.0306
226.74 488.89 143.61 132.41 0.0305
437.57 407.82 100.94 141.84 0.0303
497.58 317.91 137.79 152.59 0.0303
10.64 195.74 69.42 173.64 0.0303
339.64 388.88 112.38 167.96 0.0303
679.31 542.38 137.67 181.23 0.0301
48.06 253.05 70.75 151.00 0.0299
