58_Hockey_icehockey_puck_58_553
104
914.71 231.06 20.41 22.38 0.3188
69.79 189.34 37.96 35.50 0.3183
106.93 186.22 28.22 20.90 0.2106
485.71 211.12 26.91 24.89 0.2002
98.15 189.82 37.75 35.00 0.1866
549.57 164.68 24.47 23.54 0.1782
36.17 242.41 37.36 46.49 0.1651
920.61 160.59 18.92 17.20 0.1601
5.00 242.21 37.51 51.15 0.1460
591.95 91.10 22.01 20.65 0.1438
235.11 148.59 194.89 53.34 0.1393
148.21 176.94 24.27 20.06 0.1393
922.98 152.36 17.87 16.39 0.1392
889.97 237.06 21.41 21.37 0.1371
29.28 440.23 32.60 39.13 0.1344
845.72 150.95 20.33 16.73 0.1314
79.57 170.82 27.18 24.61 0.1286
884.18 147.92 20.60 13.70 0.1257
551.23 87.30 34.67 32.01 0.1155
505.21 208.18 43.67 37.23 0.1135
995.15 161.42 20.44 18.34 0.1131
766.06 57.32 33.73 33.86 0.1117
519.06 87.71 46.25 40.53 0.1110
118.60 456.54 16.54 17.50 0.1110
959.28 150.32 17.76 13.03 0.1091
255.50 114.67 123.32 46.04 0.1044
43.50 212.42 37.30 36.51 0.1014
852.95 129.89 14.10 11.68 0.1011
892.17 278.23 51.93 61.01 0.0993
534.88 200.87 45.76 40.83 0.0991
483.57 238.76 43.51 49.46 0.0986
161.03 94.67 262.27 103.35 0.0973
996.19 151.14 19.94 18.69 0.0964
596.77 73.30 26.02 25.22 0.0962
881.69 164.79 23.21 18.30 0.0938
484.04 220.23 39.50 44.52 0.0935
658.89 69.75 35.54 35.22 0.0916
616.49 62.53 28.25 29.38 0.0898
548.07 104.82 33.27 35.85 0.0891
445.26 184.93 37.30 23.90 0.0887
0.94 263.19 39.75 61.90 0.0864
151.00 194.03 39.99 36.97 0.0862
836.55 155.83 29.24 26.34 0.0856
1.00 479.44 39.08 32.56 0.0842
960.08 165.13 20.66 16.19 0.0813
59.64 209.37 55.94 56.22 0.0812
904.12 324.70 34.99 34.97 0.0810
83.99 202.63 66.77 66.79 0.0800
887.37 129.19 18.78 14.75 0.0799
887.13 222.53 26.00 28.59 0.0796
493.68 221.30 51.67 57.63 0.0790
690.50 59.43 29.40 34.26 0.0777
471.83 160.87 44.88 28.40 0.0774
920.76 130.17 17.32 14.10 0.0757
829.62 343.57 42.57 40.02 0.0749
66.96 314.91 42.92 38.58 0.0749
590.46 95.89 28.58 31.49 0.0747
514.02 103.61 54.22 41.68 0.0746
41.95 266.64 35.90 52.56 0.0741
811.74 147.80 26.57 22.41 0.0738
44.54 191.94 37.37 33.62 0.0729
958.11 130.81 19.14 15.13 0.0723
815.99 159.27 37.85 26.37 0.0714
4.79 389.35 32.72 34.31 0.0694
446.18 166.83 34.88 19.03 0.0687
811.63 173.62 45.97 32.72 0.0683
848.12 230.10 28.24 28.52 0.0661
476.57 183.82 34.95 26.45 0.0652
3.19 371.69 27.74 35.19 0.0650
807.75 129.03 22.59 15.37 0.0647
364.78 109.26 79.91 34.69 0.0646
841.67 177.82 26.31 25.57 0.0640
843.02 244.84 34.34 41.86 0.0639
598.57 56.92 33.34 30.11 0.0625
114.64 169.78 27.41 27.07 0.0624
875.81 303.13 38.78 50.05 0.0618
765.36 125.19 31.89 17.54 0.0611
834.96 256.97 43.87 64.99 0.0604
542.99 145.24 32.48 38.17 0.0595
588.86 200.09 27.23 21.30 0.0575
439.64 196.51 45.49 37.69 0.0569
3.34 214.76 41.50 49.10 0.0567
676.68 67.69 51.13 48.44 0.0565
879.99 180.59 28.85 21.87 0.0561
155.69 267.82 40.18 42.51 0.0560
511.47 150.19 55.35 35.95 0.0557
483.79 270.73 36.02 48.07 0.0557
993.62 314.18 25.97 35.08 0.0550
624.78 84.04 29.24 29.18 0.0540
501.85 262.99 42.66 46.24 0.0528
434.80 128.28 36.02 19.62 0.0526
64.26 456.62 36.41 35.39 0.0526
581.11 206.87 31.04 31.18 0.0524
846.78 218.77 30.29 26.72 0.0524
436.78 106.88 43.74 26.23 0.0523
30.88 456.93 37.14 40.49 0.0520
44.51 279.19 50.26 59.02 0.0516
169.21 257.81 47.22 53.11 0.0514
659.91 56.99 33.93 31.64 0.0506
172.03 205.52 38.91 32.73 0.0506
327.19 142.04 99.15 31.62 0.0504
57.21 336.34 49.82 44.81 0.0503
38.20 181.74 35.92 28.91 0.0501
736.33 69.22 53.05 45.54 0.0501
