58_Hockey_icehockey_puck_58_655
162
863.25 77.63 63.61 73.19 0.9038
660.46 89.50 56.89 75.46 0.5385
116.51 187.85 42.97 46.22 0.4935
296.78 223.88 71.83 59.00 0.4808
21.48 185.79 39.39 40.71 0.4672
990.16 36.19 33.27 56.93 0.3764
712.95 118.50 45.25 49.13 0.3105
958.19 0.74 45.93 42.44 0.2958
4.13 268.13 32.13 49.16 0.2893
728.24 65.24 50.72 78.91 0.2735
931.04 69.23 48.24 71.45 0.2627
472.41 34.97 61.88 87.02 0.2590
808.55 427.53 63.00 55.95 0.2256
326.50 68.52 44.22 56.88 0.2191
252.48 595.33 47.30 79.68 0.2171
4.65 226.62 35.04 53.87 0.2095
800.92 66.94 39.77 52.74 0.1954
515.91 181.00 124.93 144.57 0.1954
119.24 546.31 25.88 30.93 0.1929
923.12 18.71 34.87 47.94 0.1880
467.54 225.82 56.91 66.60 0.1777
757.93 393.16 76.71 106.20 0.1746
281.50 55.11 80.65 87.60 0.1743
517.50 455.64 45.94 64.85 0.1691
540.36 173.65 65.26 80.90 0.1479
747.47 94.45 56.73 68.42 0.1467
23.42 197.10 48.86 75.17 0.1440
132.83 561.66 39.29 37.87 0.1410
682.65 214.25 52.92 41.45 0.1354
233.09 85.60 78.95 64.83 0.1336
782.89 431.05 92.74 107.34 0.1300
129.57 576.99 52.17 63.18 0.1298
268.14 112.25 83.65 65.60 0.1280
919.72 2.95 36.32 36.81 0.1278
108.56 161.57 66.66 66.38 0.1278
627.82 108.00 56.86 62.62 0.1242
94.23 255.46 43.91 54.72 0.1235
81.12 257.68 40.04 43.57 0.1207
289.01 156.51 83.88 74.94 0.1206
175.01 178.22 54.16 56.88 0.1197
216.75 140.02 56.86 49.36 0.1179
773.04 203.51 63.58 52.31 0.1175
352.47 130.40 49.59 65.55 0.1160
987.20 90.30 36.80 48.85 0.1145
509.10 495.38 58.17 61.51 0.1143
208.85 161.57 52.96 54.87 0.1121
917.29 37.10 40.45 79.43 0.1118
884.05 21.56 31.53 37.73 0.1107
760.74 359.05 48.72 51.04 0.1105
91.29 582.45 63.18 79.13 0.1101
194.71 180.47 63.07 67.45 0.1098
762.05 234.90 67.75 61.00 0.1080
717.96 367.30 88.93 116.77 0.1073
656.58 207.25 43.87 42.30 0.1072
23.32 597.49 47.78 63.36 0.1061
702.50 26.05 38.18 44.85 0.1060
309.99 116.78 67.52 68.07 0.1056
422.04 242.40 94.15 79.58 0.1017
110.84 550.52 41.99 51.14 0.1015
132.14 356.46 59.77 37.65 0.1007
38.57 249.98 40.45 53.17 0.1006
686.18 173.61 47.50 42.47 0.1006
843.88 178.70 37.92 39.42 0.0996
64.72 321.64 91.80 77.03 0.0992
768.25 181.10 51.59 58.46 0.0986
623.87 134.93 48.84 48.96 0.0983
68.30 590.31 42.91 55.18 0.0973
722.59 161.30 44.16 47.12 0.0966
654.28 176.70 50.09 47.62 0.0964
680.76 365.27 89.61 123.95 0.0957
922.59 482.56 41.23 44.12 0.0953
241.96 126.69 62.76 61.03 0.0941
360.21 49.33 42.70 45.50 0.0937
72.86 192.42 40.33 49.61 0.0929
831.84 190.72 54.65 45.37 0.0924
982.72 109.27 41.28 62.54 0.0923
466.29 213.88 116.26 108.61 0.0923
253.48 247.33 77.64 49.45 0.0905
846.56 51.11 47.06 71.99 0.0902
334.88 157.88 65.77 63.26 0.0887
491.55 540.59 49.59 55.41 0.0871
309.05 19.68 59.49 60.13 0.0866
447.64 51.55 66.78 85.54 0.0861
84.58 174.89 41.19 47.68 0.0858
521.37 77.88 55.53 60.97 0.0854
67.42 222.63 48.45 66.39 0.0851
725.92 218.93 58.17 45.09 0.0850
42.02 682.49 67.53 47.51 0.0834
782.31 258.36 93.24 68.24 0.0832
841.02 126.90 48.62 51.72 0.0830
281.69 594.01 84.37 101.55 0.0828
411.58 288.25 76.35 61.16 0.0823
722.08 25.15 41.15 40.96 0.0817
542.34 110.74 41.39 47.31 0.0813
447.12 21.20 48.82 67.60 0.0811
255.19 184.41 108.25 90.67 0.0811
728.40 454.21 62.77 74.90 0.0804
623.13 196.18 62.96 62.48 0.0804
343.76 68.71 51.52 52.73 0.0801
255.60 153.53 74.73 66.72 0.0780
155.54 246.69 70.62 64.17 0.0779
309.38 591.38 127.81 114.68 0.0776
5.89 617.77 71.50 77.89 0.0775
78.43 274.93 53.54 49.12 0.0774
780.70 357.02 50.21 41.50 0.0764
540.71 147.50 57.38 64.35 0.0748
433.21 189.71 57.79 77.72 0.0745
391.91 363.83 52.41 41.28 0.0743
587.60 118.73 60.59 47.88 0.0740
196.68 208.12 67.46 68.33 0.0738
215.82 566.97 75.08 106.84 0.0737
580.41 63.33 45.28 66.24 0.0736
374.99 152.20 59.78 54.34 0.0733
374.43 298.34 82.84 61.27 0.0729
377.08 325.39 65.62 49.31 0.0727
498.60 129.55 64.72 94.46 0.0727
575.81 141.64 68.58 63.65 0.0721
202.34 240.22 68.13 60.39 0.0721
368.64 264.13 104.42 70.69 0.0716
166.11 197.72 65.31 72.27 0.0707
812.12 113.92 41.21 47.92 0.0702
843.82 481.48 76.64 58.72 0.0702
247.20 293.98 84.87 55.02 0.0691
337.11 265.01 86.53 64.19 0.0690
772.06 384.09 65.20 63.26 0.0686
288.76 241.92 89.03 73.58 0.0683
526.46 23.88 43.83 51.87 0.0682
96.66 299.27 55.36 58.27 0.0678
809.80 28.28 42.48 57.90 0.0675
172.41 142.39 71.76 62.90 0.0663
769.75 487.63 99.00 135.60 0.0660
145.92 41.88 122.39 112.48 0.0655
31.95 269.97 72.19 93.66 0.0649
391.26 187.40 63.22 64.70 0.0639
769.68 22.82 34.66 37.81 0.0637
25.88 342.68 113.01 75.68 0.0636
837.73 24.51 32.90 45.39 0.0620
684.07 435.30 72.29 89.08 0.0617
580.90 439.29 89.66 126.65 0.0616
941.66 130.25 61.29 64.87 0.0615
970.34 133.11 50.65 61.39 0.0612
599.56 496.45 152.20 204.24 0.0611
476.11 3.77 33.99 36.79 0.0610
284.30 309.63 66.79 53.99 0.0609
311.98 0.00 55.46 40.04 0.0601
202.32 687.95 79.70 42.05 0.0598
382.89 232.45 94.43 73.37 0.0593
151.28 693.98 77.51 36.02 0.0588
265.93 555.88 228.20 174.12 0.0588
864.66 538.82 48.35 46.82 0.0570
752.58 138.37 54.15 48.67 0.0568
713.11 0.97 49.04 43.56 0.0562
494.94 91.26 61.04 81.60 0.0561
370.86 563.21 49.80 52.17 0.0543
49.09 629.91 59.57 65.11 0.0542
895.82 275.20 71.70 60.39 0.0534
467.91 159.16 62.72 73.79 0.0530
532.55 427.85 77.97 86.35 0.0526
0.00 307.92 53.46 77.92 0.0518
807.63 199.91 88.61 90.60 0.0510
412.62 161.18 61.48 69.01 0.0509
883.01 0.40 32.40 30.03 0.0504
