58_Hockey_icehockey_puck_58_455
64
427.72 118.24 138.66 175.09 0.9431
23.76 454.18 212.59 203.55 0.4144
370.34 441.45 43.07 77.37 0.2201
0.00 230.59 335.84 425.12 0.1866
917.95 57.75 82.49 180.70 0.1770
870.82 5.24 110.63 295.34 0.1519
716.63 717.72 45.44 69.75 0.1502
447.70 525.14 34.72 64.63 0.1395
927.19 528.95 96.45 250.73 0.1325
691.38 692.21 35.02 48.65 0.1271
280.18 387.85 42.50 79.92 0.1201
78.96 848.51 29.06 49.16 0.1163
165.85 800.92 42.30 48.86 0.1077
142.70 799.59 45.05 52.01 0.1062
916.11 129.79 95.16 211.07 0.1015
236.77 439.20 55.34 137.16 0.0990
460.25 537.92 37.21 66.29 0.0976
117.13 801.46 46.39 47.11 0.0955
286.91 424.22 38.40 95.87 0.0945
155.02 50.46 243.59 282.35 0.0940
142.49 834.85 40.65 47.28 0.0866
386.28 461.53 44.17 81.34 0.0861
330.02 456.48 57.30 117.57 0.0854
74.03 868.79 36.33 55.18 0.0839
234.47 380.78 77.94 155.03 0.0837
405.85 498.86 37.35 74.77 0.0792
668.53 681.94 43.71 47.07 0.0789
560.13 607.92 20.68 35.01 0.0778
320.89 492.28 43.86 95.83 0.0769
226.17 93.20 158.37 138.97 0.0757
0.00 483.39 261.77 427.50 0.0733
160.14 448.12 131.91 195.83 0.0722
105.01 828.28 53.78 68.41 0.0716
98.37 760.68 83.57 82.73 0.0715
892.33 621.84 102.82 202.85 0.0714
931.39 0.00 65.29 150.24 0.0651
632.46 651.21 28.02 37.09 0.0649
41.14 853.89 26.14 51.87 0.0648
546.95 653.80 31.44 57.00 0.0646
628.93 679.95 31.46 38.82 0.0636
224.05 512.56 103.26 205.88 0.0609
290.22 455.50 44.43 115.18 0.0606
749.01 398.24 238.37 346.58 0.0604
467.41 559.90 35.07 76.91 0.0592
820.54 617.05 65.41 100.42 0.0570
552.12 642.48 23.93 41.54 0.0565
978.88 0.00 45.12 76.65 0.0564
132.36 307.02 181.62 280.14 0.0553
593.17 928.68 17.13 36.75 0.0549
871.18 654.98 66.08 110.99 0.0548
2.90 18.15 367.26 404.29 0.0543
590.37 1057.99 24.28 49.14 0.0543
891.35 453.61 121.29 253.37 0.0538
686.88 752.00 64.20 88.17 0.0535
801.67 566.80 105.18 164.19 0.0534
827.00 669.38 70.05 140.18 0.0530
443.60 543.70 47.35 92.13 0.0529
370.75 406.84 59.33 91.10 0.0518
78.26 806.11 37.84 55.28 0.0516
625.56 700.76 42.51 57.04 0.0515
442.67 493.84 28.76 61.29 0.0513
658.30 651.63 31.73 48.69 0.0512
470.03 155.87 131.42 195.64 0.0512
470.09 632.48 33.52 49.66 0.0504
