12_Group_Large_Group_12_Group_Large_Group_12_607
200
372.14 334.28 20.54 28.05 0.3113
476.13 227.45 28.43 26.51 0.3024
335.74 346.52 22.83 28.97 0.2742
586.05 206.85 22.24 24.75 0.2562
487.75 337.42 18.98 23.58 0.2510
462.77 405.94 47.79 44.80 0.2443
621.96 345.65 21.13 22.61 0.2216
83.89 294.90 15.62 20.17 0.2133
632.44 389.34 22.60 23.77 0.2114
596.68 407.47 17.40 25.80 0.2011
838.13 224.19 30.51 38.23 0.1962
303.52 375.33 42.62 54.17 0.1690
521.67 161.84 18.21 21.54 0.1679
474.42 234.96 32.61 35.49 0.1644
2.17 296.88 26.22 31.58 0.1630
138.84 387.67 35.87 58.04 0.1609
741.76 206.43 15.57 20.27 0.1536
562.92 165.23 18.17 17.92 0.1499
621.16 353.82 23.34 28.18 0.1496
326.32 381.98 35.94 46.92 0.1496
410.91 299.44 18.63 23.62 0.1493
500.56 404.20 39.30 47.48 0.1486
552.38 343.51 19.99 21.83 0.1468
450.20 323.65 16.29 23.43 0.1444
888.04 200.47 34.26 39.49 0.1438
880.89 213.09 33.60 48.13 0.1429
304.15 320.90 20.37 22.57 0.1416
834.90 223.13 46.46 89.57 0.1414
212.43 81.59 46.02 50.48 0.1409
742.55 219.23 18.31 27.26 0.1383
329.94 149.29 56.18 62.80 0.1372
427.89 118.48 42.07 48.63 0.1340
473.87 211.13 28.99 33.78 0.1330
485.80 356.93 30.06 35.94 0.1276
596.11 392.28 19.12 30.36 0.1256
737.07 275.95 25.29 40.98 0.1238
524.00 342.18 21.73 21.72 0.1215
631.10 400.86 29.23 30.28 0.1211
451.61 229.70 31.08 27.53 0.1204
507.71 263.62 29.62 27.45 0.1188
411.88 342.91 22.12 25.47 0.1168
469.27 162.97 29.97 28.77 0.1158
586.25 188.00 20.94 22.38 0.1157
886.07 139.32 20.12 20.24 0.1151
861.88 231.37 40.77 50.69 0.1147
0.68 594.65 28.75 38.67 0.1116
562.87 182.41 18.19 19.41 0.1114
391.99 3.16 99.02 120.73 0.1107
448.00 334.14 17.49 26.79 0.1107
654.64 389.43 26.40 30.06 0.1051
666.06 332.17 40.80 43.47 0.1046
403.03 99.27 58.12 76.76 0.1035
629.68 425.13 25.87 31.46 0.1026
560.04 206.34 18.67 23.65 0.1012
260.41 337.38 24.20 30.45 0.0999
412.44 359.88 23.05 27.07 0.0998
652.02 406.20 28.07 24.80 0.0996
323.00 170.97 69.65 84.95 0.0995
885.27 161.49 21.26 21.66 0.0994
393.59 127.06 47.05 70.39 0.0989
5.56 325.74 30.40 52.26 0.0989
500.25 454.55 39.71 34.35 0.0980
957.35 402.57 63.54 126.51 0.0963
588.16 165.39 18.31 14.90 0.0955
251.48 393.42 41.47 52.01 0.0936
301.91 335.67 31.57 35.19 0.0936
518.96 228.56 25.89 24.76 0.0932
481.77 253.92 30.45 36.51 0.0930
269.31 294.27 23.82 24.76 0.0923
740.73 186.61 15.33 19.42 0.0922
335.57 320.73 23.68 30.85 0.0919
851.23 140.48 18.51 24.66 0.0916
555.65 498.99 34.91 26.88 0.0913
367.29 26.58 56.82 76.73 0.0905
371.64 343.65 24.11 39.83 0.0904
447.25 207.43 37.40 42.04 0.0900
468.80 175.43 30.52 28.48 0.0900
481.47 484.94 23.60 33.19 0.0899
814.19 228.06 49.37 66.79 0.0898
698.51 442.03 77.64 102.99 0.0892
549.68 377.97 38.44 44.00 0.0890
81.60 279.23 16.42 23.35 0.0890
780.71 222.31 21.82 26.92 0.0882
474.30 436.04 42.40 40.13 0.0878
439.15 140.67 36.90 48.07 0.0878
265.77 321.49 19.97 26.07 0.0867
257.00 356.76 36.24 45.44 0.0860
186.44 293.75 21.99 33.24 0.0849
441.88 437.09 36.82 41.10 0.0843
169.41 63.78 55.56 74.88 0.0842
521.76 175.53 19.09 25.40 0.0836
458.84 26.50 61.89 88.51 0.0830
812.17 184.87 22.22 24.98 0.0830
898.35 206.76 39.20 50.08 0.0829
556.52 218.71 26.84 31.09 0.0828
737.37 11.54 78.13 64.16 0.0827
882.72 113.06 25.16 27.27 0.0823
776.59 248.43 25.88 37.37 0.0822
810.33 286.26 37.90 60.71 0.0821
661.29 351.16 32.62 40.53 0.0798
401.97 58.57 82.45 103.96 0.0795
410.85 315.67 20.58 26.54 0.0793
129.91 73.66 45.17 62.42 0.0790
515.82 476.39 30.95 29.16 0.0788
941.72 355.97 51.73 82.05 0.0785
351.65 125.13 52.78 60.18 0.0783
553.85 265.11 23.41 26.27 0.0783
151.24 336.35 23.13 28.68 0.0781
624.63 198.17 33.48 38.21 0.0778
478.17 128.26 28.25 33.66 0.0776
554.59 354.92 24.60 32.52 0.0773
550.87 248.74 28.00 31.79 0.0773
740.14 250.88 24.91 36.34 0.0772
538.24 394.87 51.58 48.40 0.0764
115.04 414.09 52.19 79.78 0.0757
191.34 116.53 22.67 39.62 0.0754
625.43 320.24 23.23 36.83 0.0744
780.78 211.08 20.89 21.23 0.0744
568.22 33.53 101.90 102.14 0.0743
958.73 134.98 22.01 26.86 0.0742
232.66 359.16 35.98 46.44 0.0741
143.47 366.70 29.43 45.43 0.0737
335.66 133.60 43.24 48.82 0.0736
621.50 215.96 49.02 56.95 0.0733
515.15 354.99 30.00 37.76 0.0732
686.25 222.36 36.76 41.80 0.0730
780.90 308.50 60.40 109.40 0.0718
214.63 415.55 38.30 60.10 0.0717
846.19 208.49 26.91 44.67 0.0715
5.35 278.01 21.01 30.64 0.0714
444.59 167.59 39.84 41.87 0.0706
874.42 44.51 40.30 48.61 0.0696
305.75 495.49 66.69 108.00 0.0694
955.34 310.12 37.51 52.17 0.0692
224.10 399.45 36.73 60.82 0.0691
652.40 423.02 32.67 40.66 0.0687
79.62 132.60 23.99 29.06 0.0683
520.79 321.60 23.37 27.54 0.0683
955.12 82.56 30.95 46.90 0.0675
426.28 0.00 51.00 34.75 0.0674
620.55 267.78 33.96 36.23 0.0673
586.52 242.62 28.68 30.78 0.0673
765.70 258.83 36.33 50.65 0.0671
590.84 271.91 24.62 25.03 0.0670
957.83 243.98 27.95 35.01 0.0666
847.87 157.94 20.88 24.14 0.0665
292.48 194.24 62.02 73.78 0.0663
304.72 297.74 22.59 25.08 0.0662
781.10 374.51 36.21 46.55 0.0655
257.20 419.96 29.64 41.49 0.0651
336.32 100.07 40.30 46.56 0.0645
228.22 375.25 33.19 51.98 0.0639
568.08 16.96 64.10 55.85 0.0638
809.56 194.82 22.89 32.93 0.0632
114.07 49.98 38.80 56.90 0.0629
361.32 94.82 56.50 68.72 0.0629
697.64 200.60 25.12 29.15 0.0628
469.03 100.42 41.36 57.88 0.0620
390.42 450.25 35.40 32.42 0.0617
660.54 306.50 57.69 62.64 0.0617
123.10 102.89 31.72 41.23 0.0615
509.04 77.54 39.28 42.91 0.0614
702.13 184.62 20.86 20.51 0.0614
598.72 342.38 27.73 24.09 0.0606
299.38 270.89 24.51 32.29 0.0602
327.26 294.78 27.56 29.71 0.0597
450.90 297.15 22.64 27.24 0.0596
557.72 321.99 19.01 26.61 0.0595
145.43 278.59 32.32 48.83 0.0593
374.45 452.62 21.17 32.96 0.0591
536.02 36.16 73.99 95.09 0.0589
517.23 138.23 23.09 30.46 0.0574
189.56 398.70 33.19 57.75 0.0574
499.60 46.98 48.64 64.98 0.0572
952.32 0.00 31.21 26.79 0.0571
370.87 428.91 24.43 38.57 0.0570
620.24 288.34 32.32 40.84 0.0564
503.56 13.98 37.74 47.00 0.0561
3.74 405.05 53.93 107.82 0.0561
660.17 203.53 32.37 39.65 0.0556
67.44 72.36 53.23 69.39 0.0555
371.86 153.46 62.61 79.95 0.0553
37.90 315.08 26.17 36.06 0.0553
147.07 316.47 29.19 37.78 0.0551
0.00 555.52 45.91 76.98 0.0550
1000.37 156.79 20.47 33.61 0.0548
846.22 109.24 28.98 38.50 0.0548
120.18 338.43 22.80 25.54 0.0546
755.58 275.72 53.38 62.66 0.0545
522.10 206.82 25.06 26.01 0.0544
544.23 102.12 36.57 46.13 0.0544
729.28 289.28 37.83 53.66 0.0542
692.43 262.79 36.68 52.92 0.0538
138.37 51.07 42.58 65.21 0.0535
624.32 444.75 29.01 35.47 0.0529
614.70 76.63 54.36 71.47 0.0526
390.76 188.05 42.39 53.29 0.0523
81.33 336.46 16.92 23.63 0.0523
295.88 141.28 54.08 68.96 0.0523
41.85 294.94 21.83 27.07 0.0522
