12_Group_Large_Group_12_Group_Large_Group_12_550
142
61.06 65.22 45.28 50.19 0.6052
754.94 63.19 35.83 58.36 0.5239
940.94 47.78 43.51 74.96 0.4901
901.88 517.66 38.11 62.64 0.4542
586.38 525.92 33.90 54.23 0.4286
228.43 40.83 44.85 77.20 0.3983
73.56 526.73 39.36 51.02 0.3918
742.07 524.05 36.95 56.25 0.3900
600.63 64.44 33.79 58.58 0.3807
403.61 62.66 27.90 46.61 0.3539
233.92 519.26 37.32 54.54 0.3088
417.56 524.68 33.44 52.43 0.2897
751.93 529.80 43.07 68.73 0.2598
770.90 575.74 38.55 69.10 0.2441
451.85 595.04 33.57 61.35 0.2395
577.75 156.86 65.14 112.60 0.2314
810.10 585.99 35.44 70.43 0.2310
728.78 546.87 42.68 80.97 0.1893
716.62 611.76 40.54 91.12 0.1835
811.93 642.89 35.14 79.39 0.1466
705.48 586.41 40.73 61.72 0.1464
763.77 609.07 44.29 98.09 0.1445
43.34 39.20 44.67 77.41 0.1357
587.11 72.53 62.98 114.10 0.1323
792.44 130.59 33.49 43.57 0.1308
935.97 147.11 60.30 118.25 0.1248
188.65 35.21 45.28 61.24 0.1222
83.84 114.94 59.21 101.80 0.1114
820.09 577.47 45.29 64.23 0.1105
885.95 575.83 39.03 51.43 0.1098
848.60 556.59 22.50 48.00 0.1011
40.46 254.31 33.42 53.19 0.1009
330.39 213.32 26.84 46.02 0.0984
48.48 525.18 44.67 71.61 0.0947
42.37 672.46 89.06 184.09 0.0935
763.09 89.65 43.95 73.31 0.0930
191.75 146.50 76.60 93.07 0.0921
65.67 542.18 46.48 74.00 0.0913
886.85 131.79 26.65 48.47 0.0906
703.69 136.18 45.84 77.80 0.0885
45.12 576.81 29.72 51.21 0.0878
560.50 524.50 43.98 68.31 0.0871
427.53 90.49 36.34 50.20 0.0863
700.17 75.90 48.36 68.02 0.0848
403.78 210.13 43.15 90.41 0.0843
4.13 52.88 31.28 67.69 0.0821
402.77 862.11 46.84 51.11 0.0820
584.02 537.91 43.17 81.58 0.0819
441.14 189.68 30.89 82.52 0.0792
442.78 875.57 33.95 38.27 0.0790
585.24 599.35 52.57 104.80 0.0788
246.09 148.05 57.28 79.61 0.0781
743.41 423.81 22.37 31.32 0.0763
884.83 83.89 29.83 50.37 0.0758
372.95 118.23 31.38 64.99 0.0754
372.71 192.31 39.75 77.14 0.0752
420.72 497.59 42.98 72.49 0.0747
704.96 543.57 47.69 64.65 0.0747
282.92 210.10 35.87 57.88 0.0746
905.77 556.74 48.71 68.17 0.0744
519.81 598.80 39.67 75.89 0.0744
600.55 537.85 48.09 63.27 0.0733
23.94 301.39 57.12 107.40 0.0726
374.79 82.04 32.22 53.28 0.0724
72.74 91.49 68.31 56.16 0.0722
520.03 256.30 24.16 45.99 0.0714
214.08 128.81 50.46 75.64 0.0705
765.41 643.29 50.01 118.73 0.0704
33.25 278.36 45.33 82.72 0.0704
407.92 542.88 44.35 80.59 0.0700
1.36 503.62 26.75 79.01 0.0699
291.82 130.85 34.94 59.98 0.0683
883.86 53.60 34.70 63.18 0.0683
884.77 150.38 27.35 63.23 0.0682
189.72 514.19 43.10 60.27 0.0680
700.82 623.04 40.23 91.07 0.0675
556.50 243.97 26.89 61.70 0.0672
329.77 150.65 32.78 62.55 0.0660
884.62 603.04 44.79 81.67 0.0656
808.97 606.69 57.78 96.79 0.0651
550.59 881.72 28.07 29.96 0.0645
38.18 204.21 52.62 79.39 0.0645
448.63 240.78 27.61 56.58 0.0641
107.62 120.90 65.69 90.26 0.0639
516.91 479.51 40.36 87.47 0.0638
245.96 204.40 54.06 92.36 0.0632
698.31 167.08 44.72 82.52 0.0631
986.08 27.08 32.25 67.36 0.0627
600.65 574.98 48.42 68.29 0.0620
254.09 572.53 53.16 84.81 0.0617
635.07 129.51 51.93 107.23 0.0614
4.07 347.64 37.67 96.49 0.0614
253.91 121.96 40.41 59.04 0.0612
700.88 876.29 35.24 38.15 0.0612
985.22 140.42 31.19 87.23 0.0607
873.23 157.34 37.34 89.85 0.0601
369.86 130.45 46.05 105.65 0.0599
400.38 93.36 40.12 88.06 0.0597
766.58 132.52 53.01 96.08 0.0597
996.18 745.04 21.82 45.22 0.0593
922.69 118.96 39.58 71.61 0.0590
886.25 638.12 52.15 100.19 0.0590
418.23 60.34 44.66 54.52 0.0588
454.17 589.31 47.23 101.91 0.0587
190.28 185.97 83.47 100.85 0.0586
977.66 47.46 38.93 73.68 0.0585
547.17 573.35 37.79 74.69 0.0582
519.16 539.63 35.16 69.39 0.0581
510.66 218.66 33.54 66.11 0.0579
34.29 792.79 96.45 120.29 0.0579
552.82 120.67 59.60 107.79 0.0576
0.00 661.69 46.25 168.77 0.0574
937.53 589.93 42.78 67.44 0.0572
993.89 194.10 27.85 83.16 0.0569
542.61 583.75 52.22 112.88 0.0565
477.59 205.19 27.54 63.63 0.0562
587.13 883.96 28.45 28.12 0.0561
186.02 1.48 43.24 52.52 0.0560
777.99 158.28 51.60 103.59 0.0559
373.19 236.99 33.35 64.01 0.0559
992.33 0.00 28.55 35.56 0.0558
657.29 432.34 22.33 33.86 0.0557
1000.41 518.13 19.52 46.50 0.0555
732.37 160.67 71.80 115.66 0.0555
221.75 3.46 48.99 61.09 0.0554
657.47 572.65 28.08 58.82 0.0553
525.36 885.78 26.79 25.01 0.0545
470.17 881.73 30.08 28.74 0.0545
728.84 137.33 53.68 86.68 0.0543
5.17 274.34 35.63 106.09 0.0541
901.92 603.80 59.73 86.46 0.0536
998.60 537.45 20.78 55.46 0.0535
485.01 293.93 18.71 38.00 0.0525
728.05 99.61 50.10 79.11 0.0524
985.05 660.19 33.33 70.56 0.0523
326.51 126.49 32.55 62.59 0.0521
0.00 246.89 34.58 90.72 0.0521
721.75 643.71 55.37 132.14 0.0520
397.32 613.94 42.63 93.77 0.0509
699.02 34.40 36.93 56.99 0.0508
512.94 57.14 28.37 57.46 0.0507
393.07 155.88 54.01 111.08 0.0505
