12_Group_Team_Organized_Group_12_Group_Team_Organized_Group_12_138
65
98.28 891.49 97.09 122.66 0.6349
762.81 402.46 49.96 95.66 0.5873
143.34 424.77 73.71 100.92 0.5122
804.34 379.05 79.58 95.22 0.4368
746.91 948.67 88.79 114.90 0.2851
132.21 444.32 80.47 174.14 0.2831
410.21 406.98 77.73 75.15 0.2571
369.06 399.69 87.48 117.61 0.2441
208.03 946.47 105.11 181.57 0.2406
562.13 397.92 88.68 97.51 0.2002
255.44 486.31 89.49 150.17 0.1897
804.98 962.92 137.67 184.75 0.1794
595.72 491.82 78.47 104.79 0.1612
136.16 911.49 104.98 145.31 0.1473
822.86 421.95 77.06 133.35 0.1444
959.97 261.71 61.84 248.76 0.1427
179.80 431.26 92.12 157.28 0.1347
831.53 451.49 85.30 256.98 0.1181
192.79 477.61 110.71 167.79 0.1116
139.02 657.45 86.00 89.41 0.1098
493.33 520.09 44.95 90.14 0.1075
159.48 395.14 98.07 134.74 0.1051
384.60 351.34 112.28 118.06 0.1049
838.99 339.45 78.69 138.79 0.1044
987.99 784.29 35.98 174.30 0.1038
731.83 434.32 46.54 112.90 0.1036
406.62 442.48 75.43 117.33 0.1026
136.08 832.21 82.70 112.48 0.1019
784.93 398.54 107.35 297.55 0.1018
583.53 375.66 109.75 195.08 0.0938
61.81 820.50 75.98 134.14 0.0930
289.07 500.37 71.62 106.90 0.0909
214.28 866.91 96.13 176.99 0.0872
208.51 1019.72 131.61 191.89 0.0842
704.79 520.66 66.97 144.54 0.0812
951.42 242.55 49.72 142.65 0.0805
186.49 683.72 106.59 101.83 0.0769
154.19 695.39 76.35 87.13 0.0750
993.90 881.95 30.10 152.87 0.0746
502.21 281.70 178.40 178.30 0.0739
987.38 700.23 36.62 165.80 0.0711
866.71 531.44 75.65 194.45 0.0700
995.51 962.35 28.49 131.75 0.0684
167.98 785.80 68.96 104.55 0.0678
712.11 463.89 108.74 274.32 0.0661
505.34 437.01 73.72 76.90 0.0654
282.37 1018.05 73.01 132.39 0.0633
76.78 698.28 89.24 116.05 0.0614
733.35 989.99 161.74 185.35 0.0614
0.00 270.82 24.48 161.82 0.0602
377.25 279.99 200.67 165.05 0.0576
230.60 767.01 102.61 209.73 0.0572
301.48 428.07 72.95 123.78 0.0570
981.79 533.47 42.21 233.27 0.0554
840.61 1054.44 113.67 152.82 0.0549
797.53 566.01 109.41 266.75 0.0544
239.10 615.60 87.73 114.28 0.0543
734.02 347.53 74.77 131.97 0.0542
79.94 780.34 79.22 120.56 0.0541
143.01 32.81 408.26 410.40 0.0539
56.38 734.65 55.71 122.82 0.0537
230.06 665.67 102.63 149.47 0.0526
500.19 391.39 120.70 104.83 0.0524
416.56 210.45 248.84 224.81 0.0517
992.57 1041.99 29.43 119.49 0.0513
