8_Election_Campain_Election_Campaign_8_173
71
230.77 59.24 227.24 269.04 0.411208
730.43 179.01 155.86 200.49 0.266053
518.87 331.79 194.55 123.16 0.257437
718.29 293.61 64.89 79.53 0.185347
707.58 185.11 105.85 121.36 0.179498
708.35 245.87 87.47 84.79 0.166385
588.82 296.62 161.71 114.23 0.147754
648.57 357.59 99.42 105.73 0.143242
667.46 310.78 100.84 88.14 0.141848
616.54 547.38 98.52 90.37 0.127074
629.28 414.43 113.82 164.00 0.125018
521.57 567.64 21.44 25.32 0.119377
248.61 201.65 144.89 130.29 0.115746
815.12 143.96 65.68 83.28 0.111793
166.80 289.47 160.39 291.19 0.109717
753.52 157.34 90.57 113.39 0.104428
258.21 20.14 64.12 98.07 0.104393
861.37 161.86 81.62 129.72 0.102111
847.27 139.16 122.36 246.61 0.100134
3.00 368.71 168.01 201.45 0.099421
248.13 26.12 119.69 182.17 0.097157
695.84 446.74 104.65 126.95 0.096508
494.36 252.95 157.16 92.66 0.093732
612.66 562.74 55.31 46.29 0.091243
258.41 170.96 229.51 219.57 0.090073
486.53 276.17 206.20 137.63 0.089812
727.81 372.11 81.54 96.44 0.087137
822.08 448.29 59.49 79.26 0.086843
849.75 129.97 78.60 95.84 0.085128
230.17 0.00 48.26 58.46 0.084989
791.50 406.52 49.00 53.67 0.084926
204.98 290.09 69.58 82.85 0.084493
901.27 169.52 116.52 229.85 0.084474
430.93 616.81 31.52 37.38 0.083391
229.12 14.18 67.15 85.79 0.081380
435.53 301.82 240.74 205.94 0.080409
612.66 460.16 71.15 92.14 0.076189
281.01 202.09 279.45 331.05 0.075921
643.79 240.18 105.95 97.25 0.075642
89.23 371.65 177.08 262.81 0.072424
519.35 589.10 25.34 31.58 0.070191
522.02 645.80 153.92 116.52 0.070044
791.68 427.18 113.21 164.81 0.067092
157.87 261.16 109.31 90.41 0.065307
493.79 211.76 65.57 43.30 0.065236
600.57 582.25 78.37 60.50 0.065142
679.67 23.92 74.98 85.27 0.065115
481.73 569.23 20.79 24.40 0.064680
388.61 570.26 22.12 26.43 0.063618
489.95 239.80 100.85 51.53 0.062689
736.53 507.45 69.30 87.99 0.062038
691.35 107.84 64.91 92.95 0.061953
570.15 568.83 36.99 34.38 0.061196
542.46 216.13 230.65 157.28 0.060920
181.14 408.53 108.43 176.46 0.059404
644.84 42.34 59.53 90.39 0.058234
598.30 535.93 160.93 181.87 0.058226
614.41 506.26 47.93 51.08 0.057094
854.11 426.62 137.28 144.43 0.055742
262.24 1.09 51.74 56.13 0.055613
777.52 376.95 76.48 72.15 0.055589
559.54 589.25 52.67 48.03 0.055453
586.34 588.91 114.71 93.02 0.055393
923.74 395.98 66.37 66.08 0.054080
291.56 7.82 101.66 132.65 0.053725
781.90 487.48 64.95 85.84 0.052784
432.41 600.94 31.17 34.98 0.052530
353.34 341.35 252.83 257.38 0.052331
380.10 610.61 54.98 49.89 0.051988
898.85 9.41 120.97 126.24 0.051924
463.66 52.09 31.33 46.32 0.051333
