8_Election_Campain_Election_Campaign_8_113
61
366.36 93.79 77.10 113.77 0.651837
223.84 175.49 70.36 97.17 0.581831
699.11 44.55 45.45 75.81 0.545817
820.85 348.62 47.25 38.26 0.384935
363.80 241.00 57.28 73.74 0.287118
763.78 391.72 142.39 195.45 0.278740
489.98 123.37 74.80 90.10 0.192649
457.35 102.77 68.70 88.79 0.191094
177.15 187.08 86.29 109.91 0.154829
813.63 349.66 62.39 70.75 0.142986
756.29 386.83 91.73 120.83 0.127279
709.25 263.64 29.71 37.20 0.122813
332.35 141.30 67.16 97.04 0.119974
753.60 254.78 34.43 39.88 0.108867
659.26 121.98 50.04 87.44 0.102415
752.95 166.34 40.43 66.13 0.101206
609.07 112.43 44.76 66.28 0.096603
707.91 479.51 61.89 70.71 0.092903
845.69 29.29 24.14 42.68 0.091732
227.06 229.06 63.51 87.95 0.090643
473.40 149.83 50.37 80.52 0.090329
101.00 614.12 100.97 89.38 0.087848
528.09 89.47 79.72 112.12 0.084683
135.23 156.97 95.19 124.21 0.084576
340.41 221.76 60.15 72.78 0.084438
739.07 197.66 46.91 69.28 0.082012
55.03 412.10 35.55 42.28 0.080069
46.63 156.40 41.02 65.54 0.079026
799.78 288.52 39.47 44.43 0.078173
622.20 289.41 29.52 36.00 0.077013
607.47 219.80 34.54 42.14 0.069511
755.82 344.27 77.06 68.37 0.068356
613.30 197.22 31.73 44.35 0.067995
855.29 183.52 29.58 43.13 0.066469
39.33 131.36 48.05 60.48 0.065916
847.48 230.58 28.14 41.13 0.065811
755.24 321.90 49.46 56.56 0.065497
726.18 98.46 59.30 103.71 0.064213
710.44 226.89 33.39 43.85 0.063972
114.71 383.50 64.64 67.94 0.063187
0.08 107.31 57.35 97.43 0.062476
753.91 280.20 44.56 44.16 0.062296
694.12 43.21 82.10 104.94 0.061956
929.16 93.58 58.68 68.46 0.061647
670.46 65.59 66.41 77.67 0.060677
890.80 222.33 29.07 39.05 0.059942
513.95 201.40 39.03 53.87 0.059681
387.35 57.26 76.32 132.37 0.058221
678.92 108.75 65.37 110.53 0.058148
899.99 84.24 55.80 67.99 0.057709
654.94 277.98 36.02 50.01 0.057584
76.87 660.74 88.52 51.26 0.057563
799.26 261.14 32.34 42.52 0.056138
78.67 157.37 76.33 128.60 0.054950
657.58 212.88 35.75 49.75 0.053183
613.44 255.80 37.83 49.40 0.052393
848.94 8.41 26.41 31.79 0.051970
209.52 386.91 100.13 71.01 0.051274
569.76 280.89 33.38 42.67 0.051171
121.83 436.35 55.97 58.75 0.050831
814.88 379.29 102.78 126.57 0.050543
