8_Election_Campain_Election_Campaign_8_451
71
447.99 150.21 156.72 198.85 0.631512
588.36 183.07 107.23 163.72 0.293084
53.05 860.34 51.78 105.09 0.205852
458.58 835.88 159.68 146.02 0.198432
162.93 658.36 146.73 144.18 0.186349
185.93 613.93 225.68 187.57 0.160475
16.65 975.94 71.20 159.69 0.158584
0.00 1075.58 56.20 164.63 0.151494
590.10 192.06 433.90 819.47 0.150033
447.54 753.97 113.39 120.54 0.130684
98.20 761.27 33.54 64.29 0.121568
6.61 834.78 33.12 79.13 0.118966
100.81 1253.09 39.63 84.13 0.118014
98.86 1303.42 47.47 117.48 0.117373
6.27 966.26 56.99 119.98 0.116356
535.24 211.43 163.94 220.25 0.111573
12.49 1229.55 35.97 101.08 0.111102
99.64 1200.51 30.04 58.69 0.100416
38.92 1316.27 52.22 109.99 0.099220
5.62 1146.28 41.10 113.61 0.098656
47.47 787.19 38.30 78.12 0.098417
507.86 475.27 59.22 118.44 0.097270
253.54 676.84 271.79 186.25 0.097266
137.51 1259.80 43.04 91.90 0.095675
149.08 674.45 92.51 104.85 0.095512
124.80 1319.35 59.30 108.13 0.095212
1.94 904.02 46.18 103.08 0.094263
118.20 1332.19 86.58 179.53 0.092654
40.60 1234.23 46.77 96.51 0.092430
63.31 895.71 81.95 273.94 0.092036
289.30 598.89 165.10 147.68 0.090495
104.99 716.13 40.53 71.83 0.088999
9.84 790.88 26.64 79.66 0.086305
127.87 735.30 75.65 108.25 0.084439
174.61 952.99 536.27 562.88 0.081837
257.57 568.50 147.08 118.79 0.081423
353.30 561.07 79.23 65.86 0.080412
80.43 1078.39 56.30 138.06 0.076992
496.30 384.52 79.43 130.28 0.076565
871.09 518.90 138.97 303.46 0.076478
531.41 452.62 72.28 124.63 0.076064
131.11 821.27 42.04 74.55 0.075118
41.00 1187.02 42.85 80.21 0.073967
665.27 347.97 315.80 432.26 0.072690
346.17 833.12 387.65 399.63 0.071676
31.12 1324.32 77.34 192.49 0.071497
0.00 0.00 33.66 74.15 0.071371
13.95 1308.23 54.80 120.66 0.070814
146.83 1206.78 28.26 54.22 0.070545
319.53 134.15 145.91 271.16 0.070543
231.46 1113.35 306.26 311.33 0.069586
429.80 685.50 119.72 154.92 0.068174
522.03 355.19 83.44 136.84 0.067967
409.06 85.25 158.24 209.62 0.065722
424.19 551.89 125.89 173.57 0.061998
878.37 374.14 78.13 171.87 0.061299
616.08 302.73 191.87 245.51 0.060360
184.73 1200.51 44.31 75.73 0.060342
184.47 1263.18 38.38 79.71 0.059658
451.40 484.41 86.99 138.60 0.059005
525.40 530.40 85.32 177.89 0.058194
683.69 232.52 141.83 132.84 0.056475
581.95 401.58 147.18 316.91 0.056036
187.38 1301.48 43.79 86.72 0.055646
357.41 498.34 95.40 119.66 0.055055
553.19 829.20 183.20 245.24 0.054997
410.32 251.86 160.80 290.26 0.052980
374.92 603.44 110.00 116.46 0.052377
123.73 1434.47 71.11 101.53 0.050991
84.23 1429.58 70.77 106.42 0.050588
346.03 813.52 255.74 248.38 0.050423
