17_Ceremony_Ceremony_17_415
19
580.88 139.12 443.12 424.92 0.5053
614.65 834.55 409.35 605.45 0.2986
194.54 166.83 415.34 361.80 0.2294
610.21 298.52 413.79 666.96 0.1199
482.18 98.95 428.52 294.20 0.1191
391.36 796.51 454.87 643.49 0.1060
140.14 166.11 239.46 386.36 0.1027
254.61 238.04 441.88 499.75 0.0804
476.47 262.11 440.76 454.90 0.0613
606.86 19.40 417.14 143.38 0.0566
95.47 268.00 181.66 458.99 0.0473
2.02 0.88 61.06 150.54 0.0305
8.21 923.19 51.59 516.81 0.0302
100.70 110.64 164.10 242.87 0.0285
64.71 185.31 96.11 352.14 0.0283
156.40 306.17 195.38 642.36 0.0257
50.56 261.34 127.07 481.82 0.0250
18.54 270.87 32.08 468.27 0.0247
225.03 789.77 360.14 609.92 0.0217
