17_Ceremony_Ceremony_17_271
19
602.00 381.04 422.00 404.68 0.6754
445.55 299.89 348.94 383.19 0.4593
625.09 221.99 398.91 383.01 0.2981
151.83 377.39 354.31 406.98 0.2074
525.23 448.24 342.26 425.56 0.1441
254.12 230.93 445.60 371.61 0.1256
111.75 306.39 143.14 390.59 0.1243
169.75 303.33 173.93 396.13 0.1082
60.84 366.83 104.58 431.30 0.0829
259.33 447.15 429.68 419.25 0.0689
485.06 195.87 418.43 280.69 0.0655
21.78 397.50 31.22 371.51 0.0643
626.92 113.58 397.08 229.91 0.0378
0.00 0.00 68.08 96.75 0.0325
636.30 2.12 387.70 91.37 0.0292
614.07 56.09 409.93 169.85 0.0287
8.83 559.22 48.71 335.78 0.0250
18.54 244.40 31.08 325.18 0.0250
55.54 228.88 110.72 364.86 0.0235
