17_Ceremony_Ceremony_17_490
33
592.87 54.53 431.13 127.13 0.3763
286.60 21.46 372.56 50.04 0.3193
599.90 311.01 424.10 375.31 0.2849
275.60 48.65 397.20 107.16 0.2609
607.66 117.57 416.34 288.98 0.1856
509.58 21.46 366.78 52.75 0.1849
139.82 15.31 232.94 55.78 0.1271
167.22 55.60 181.98 109.38 0.1156
332.34 238.88 434.22 353.69 0.1089
92.42 455.59 179.57 312.41 0.1028
13.06 471.47 44.74 296.53 0.0938
359.13 92.15 381.83 189.40 0.0886
53.23 452.35 113.84 315.65 0.0813
122.32 63.16 123.43 99.41 0.0775
152.62 458.26 349.46 309.74 0.0678
623.69 15.70 400.31 43.34 0.0662
147.24 107.28 365.02 157.52 0.0655
271.01 405.74 406.10 335.63 0.0620
210.27 149.85 386.24 228.07 0.0585
67.10 61.88 82.89 103.18 0.0568
7.54 3.27 55.05 74.01 0.0518
470.75 450.41 447.17 317.59 0.0458
121.16 115.44 131.48 142.65 0.0455
492.01 149.52 404.25 391.52 0.0450
24.92 47.57 26.55 133.21 0.0411
38.59 16.34 139.31 49.48 0.0383
179.42 155.92 158.79 208.38 0.0340
63.47 109.17 93.11 157.38 0.0337
23.59 91.84 26.93 199.94 0.0303
112.45 334.37 145.71 323.15 0.0295
143.22 252.97 376.21 337.89 0.0278
441.78 64.07 354.89 82.32 0.0253
22.82 357.03 27.02 283.39 0.0227
