18_Concerts_Concerts_18_469
126
472.77 264.57 48.03 56.22 0.648840
840.40 219.11 56.06 67.42 0.595614
7.05 293.17 48.74 68.51 0.471846
659.28 243.06 57.30 68.05 0.469134
252.97 146.39 65.72 92.93 0.414611
79.75 41.61 92.21 253.79 0.316322
695.91 284.06 47.41 72.40 0.263978
3.82 426.65 43.05 49.32 0.257303
266.44 119.47 57.97 82.26 0.252892
565.37 386.59 47.92 63.35 0.217388
3.78 452.55 32.95 46.92 0.215557
492.94 314.87 66.68 74.44 0.202994
77.94 358.89 42.14 46.99 0.196369
92.03 427.02 32.64 33.81 0.195549
476.31 267.93 69.04 81.05 0.190838
7.45 408.81 34.59 44.64 0.189604
54.86 422.88 36.41 40.07 0.177302
56.01 397.44 39.69 42.62 0.175121
272.22 133.36 87.90 110.92 0.172723
284.41 101.77 42.07 57.01 0.169262
3.90 250.58 35.12 70.49 0.160006
730.40 305.24 44.75 48.13 0.159671
611.48 314.12 38.55 51.97 0.159088
613.52 238.37 40.53 47.13 0.158854
537.54 322.40 57.69 57.06 0.153305
646.02 302.50 47.31 61.67 0.150441
184.90 430.88 33.36 34.13 0.142459
83.80 395.78 42.58 48.72 0.139419
155.40 436.83 31.12 26.52 0.139016
190.85 401.96 34.19 39.87 0.133786
181.45 130.10 55.87 108.05 0.133439
129.11 580.55 71.04 78.59 0.126866
305.64 183.05 59.31 78.12 0.124739
0.00 354.17 41.03 51.52 0.122874
294.63 83.21 70.94 99.98 0.119569
835.48 268.88 57.10 84.89 0.115847
616.03 269.81 53.93 59.50 0.115082
620.02 0.00 400.80 322.94 0.114678
894.80 385.29 31.30 53.83 0.114350
189.69 334.09 58.71 84.00 0.114176
0.00 200.36 43.35 90.21 0.111717
842.11 308.21 42.73 62.98 0.110277
216.64 262.22 110.05 133.31 0.108315
132.61 552.23 55.47 59.99 0.103807
711.36 364.22 36.35 50.79 0.103581
560.82 275.09 36.87 43.51 0.101925
795.17 317.36 34.94 53.57 0.101315
801.98 306.39 34.58 45.38 0.099679
711.45 431.38 24.12 35.08 0.098721
225.23 90.61 83.08 123.39 0.098187
0.00 468.57 29.58 56.19 0.098170
46.68 338.31 35.90 50.15 0.098121
804.80 391.63 43.18 58.22 0.097241
806.75 218.32 75.31 84.47 0.096460
101.02 582.67 70.00 68.65 0.096157
904.99 268.17 69.22 83.70 0.095341
833.05 360.91 42.12 57.44 0.094983
329.57 245.39 30.84 39.38 0.093665
465.50 221.75 47.50 58.72 0.093390
147.64 408.65 29.43 36.14 0.092806
472.07 395.42 42.09 61.87 0.092802
192.12 455.36 39.74 56.18 0.091987
565.17 245.97 32.83 38.47 0.091620
803.80 369.66 38.27 55.62 0.090976
710.12 391.07 28.83 47.55 0.090796
512.92 12.17 280.26 296.44 0.090550
42.80 174.93 72.91 145.73 0.089127
55.32 452.93 39.37 43.13 0.087210
945.63 626.61 19.32 24.37 0.086591
618.33 409.32 36.50 49.94 0.086048
87.33 448.58 40.32 49.15 0.084675
237.61 624.75 30.11 29.81 0.084198
515.47 419.92 47.27 51.74 0.083617
571.80 139.44 115.24 157.74 0.079286
105.86 482.85 36.70 45.39 0.078432
146.14 534.89 33.25 30.73 0.077668
118.24 618.60 73.59 65.40 0.074956
432.63 264.04 61.30 69.31 0.073235
806.52 420.12 35.32 42.57 0.071380
994.55 437.14 24.53 49.12 0.070150
434.55 249.79 42.00 52.04 0.069861
871.65 324.81 49.72 64.02 0.069624
839.54 433.59 31.02 38.32 0.069604
463.17 312.67 68.75 124.78 0.068966
856.98 257.36 66.18 92.17 0.068835
463.09 126.06 128.05 146.13 0.067034
499.80 389.70 58.09 62.86 0.066992
175.32 555.96 44.26 55.69 0.066119
775.93 169.42 149.22 143.20 0.065935
937.37 496.19 20.38 32.30 0.065296
336.89 0.00 271.19 325.63 0.064828
142.26 453.25 38.34 47.81 0.064765
295.16 305.70 74.24 102.83 0.063946
4.34 652.46 27.19 28.19 0.063180
197.28 473.02 44.24 58.08 0.062980
299.55 16.07 97.53 161.30 0.062660
112.98 242.44 65.59 73.28 0.061731
199.55 307.27 102.41 124.77 0.060787
399.57 443.06 52.34 50.93 0.059977
240.78 648.63 27.83 28.29 0.059970
329.41 131.27 88.69 118.23 0.059962
5.97 612.73 28.44 39.86 0.059687
143.94 307.01 34.07 40.24 0.059669
191.17 15.60 56.79 73.03 0.059479
107.01 517.15 43.15 41.40 0.059161
897.41 411.93 31.92 56.70 0.059005
242.62 338.22 78.12 106.16 0.057907
190.63 28.85 63.76 129.95 0.057023
742.93 347.78 43.65 61.69 0.056825
216.55 13.03 68.62 89.43 0.056646
224.19 465.80 48.49 59.26 0.055568
138.98 481.05 36.15 44.83 0.054014
277.84 270.77 53.11 67.78 0.053724
371.22 269.15 54.18 88.79 0.053719
558.29 212.29 50.58 72.19 0.052773
161.21 579.80 55.90 66.54 0.052761
751.76 437.09 27.80 29.36 0.052736
111.05 22.74 64.72 82.25 0.052400
990.05 655.44 29.57 26.22 0.051741
178.95 643.24 40.12 40.76 0.051555
141.34 336.61 37.30 44.36 0.051391
943.25 655.84 21.18 20.02 0.051228
991.74 617.70 22.04 31.01 0.050626
924.61 469.37 34.98 68.26 0.050590
485.06 217.42 61.73 71.16 0.050511
0.00 122.47 74.98 185.42 0.050456
