18_Concerts_Concerts_18_133
164
282.04 523.19 122.10 149.62 0.385684
295.13 412.80 114.66 93.52 0.321184
295.72 380.15 114.52 82.95 0.312816
643.79 331.75 92.00 118.38 0.303652
652.23 915.66 31.41 62.49 0.260643
326.74 1130.67 37.58 59.34 0.211009
119.39 526.85 117.22 118.62 0.207387
462.04 955.93 34.89 58.44 0.193386
456.82 986.33 45.36 81.06 0.172944
612.17 879.91 44.05 91.78 0.169794
153.32 1017.30 24.31 41.37 0.168063
427.59 953.45 35.14 49.83 0.168057
551.87 924.53 45.41 85.06 0.166179
481.11 1186.57 32.29 70.28 0.165542
468.77 1047.73 41.44 73.49 0.163788
798.22 999.78 34.55 72.22 0.154532
742.88 1131.30 37.00 91.11 0.150359
525.07 924.59 50.10 84.90 0.149959
424.76 981.24 47.66 76.20 0.149469
521.67 628.19 110.30 123.61 0.146472
319.39 552.43 135.22 134.84 0.141064
316.22 1133.70 55.62 98.62 0.139727
476.53 1106.59 38.51 71.89 0.136162
235.77 314.38 246.00 199.39 0.128824
118.39 621.64 119.95 123.25 0.127253
521.15 964.51 34.40 86.97 0.126161
363.32 1123.23 49.59 86.30 0.123575
427.54 1128.77 28.79 69.04 0.122702
612.48 986.50 34.65 78.13 0.117780
289.22 1124.09 44.42 63.24 0.117768
617.55 1057.15 25.84 66.46 0.115869
574.95 650.89 73.37 95.72 0.112922
500.77 356.12 131.72 99.32 0.112699
512.74 1069.78 29.19 58.36 0.110505
375.33 1157.16 45.83 88.65 0.110339
199.11 1075.06 24.64 38.66 0.108103
604.05 361.05 119.54 122.08 0.106175
154.01 1043.31 27.26 58.65 0.105999
798.58 1037.48 32.31 70.89 0.105919
799.74 1118.87 30.03 65.02 0.105591
87.06 500.98 89.21 115.34 0.105569
376.63 991.50 51.66 67.43 0.104573
469.57 519.72 196.33 230.14 0.103068
945.53 1075.59 20.84 35.37 0.102778
136.04 543.66 162.22 175.37 0.102351
71.11 445.68 108.82 102.12 0.101422
599.33 333.46 193.75 285.19 0.100191
993.41 1064.14 25.98 47.77 0.099208
621.48 1111.27 34.35 75.37 0.098771
431.54 1049.30 34.21 58.57 0.098629
378.28 945.05 54.69 65.59 0.097902
547.23 876.31 54.85 95.61 0.096646
50.59 1106.28 45.64 70.80 0.096618
270.12 325.45 141.16 104.20 0.093484
753.44 1072.25 27.48 58.89 0.093456
365.24 1048.47 44.74 64.79 0.093103
94.82 1116.81 32.85 63.75 0.093080
49.97 1070.77 39.56 61.96 0.091640
4.20 463.93 35.01 95.94 0.091009
331.09 1002.84 53.84 57.53 0.089623
330.98 1062.48 44.11 60.84 0.088763
237.73 1079.13 27.20 39.80 0.088352
108.31 443.28 117.64 133.65 0.087853
570.57 1067.64 26.08 54.98 0.087316
594.72 812.11 52.00 92.02 0.087292
849.95 1130.66 20.05 49.65 0.086079
282.74 1134.63 62.28 103.40 0.085645
419.28 1166.67 36.66 75.61 0.085239
231.97 1111.64 33.43 56.02 0.085024
93.39 1076.62 34.13 61.84 0.084972
939.51 1008.14 25.14 43.32 0.084161
694.22 1004.65 35.12 80.93 0.084004
560.22 558.64 107.39 163.89 0.083711
331.74 412.77 143.15 116.75 0.083664
924.82 613.98 41.50 69.36 0.083580
706.55 1114.89 38.01 96.12 0.082858
933.32 1305.16 47.49 65.27 0.082217
652.74 278.02 141.05 192.68 0.082028
194.92 1117.16 33.54 63.52 0.081814
698.02 1044.35 35.16 93.85 0.081595
284.31 1064.99 44.78 62.72 0.081229
333.29 348.14 174.42 138.98 0.080463
895.51 579.74 22.31 58.38 0.079826
285.06 1006.19 41.10 50.82 0.079471
375.81 497.01 194.75 246.17 0.078963
353.64 613.68 102.28 136.71 0.078786
462.56 317.39 128.67 107.14 0.078156
876.11 720.49 38.25 74.77 0.077982
529.78 761.23 87.80 129.34 0.077002
991.05 1006.10 27.09 50.68 0.076870
940.92 1180.48 44.18 91.38 0.076508
0.00 352.83 35.72 125.74 0.076054
934.42 581.69 33.42 62.64 0.075806
58.90 532.39 70.15 81.12 0.075659
568.67 1102.93 30.36 71.41 0.075226
829.86 988.60 41.48 62.75 0.075158
648.03 825.34 35.17 86.35 0.074650
895.69 1002.91 31.29 43.60 0.074403
891.93 614.33 32.87 77.67 0.073722
634.86 665.76 48.82 69.74 0.073020
843.68 1065.22 27.03 49.28 0.072436
504.17 1083.33 37.82 88.61 0.071518
646.67 1164.34 43.01 97.87 0.071427
621.97 1161.73 47.04 97.10 0.071109
807.75 957.59 27.26 54.38 0.070649
941.90 1121.15 28.40 58.89 0.070590
989.02 546.38 28.66 66.68 0.070375
441.69 584.69 183.21 269.87 0.069893
336.98 860.20 100.64 127.03 0.069745
989.18 1123.36 28.37 68.01 0.069516
195.33 1018.58 25.40 39.61 0.069331
895.10 1305.94 42.62 66.06 0.069274
755.91 1319.73 26.97 51.31 0.068796
599.23 500.93 151.87 220.08 0.068527
658.05 974.64 46.04 108.15 0.068143
185.90 1161.01 37.45 72.13 0.067361
182.91 417.20 162.21 181.83 0.066528
314.49 262.26 297.99 238.58 0.066490
119.22 4.59 114.16 175.08 0.066385
418.92 879.95 48.22 81.27 0.064961
326.87 943.29 93.33 103.58 0.064909
24.96 0.00 306.67 356.91 0.063956
226.99 208.65 216.18 192.67 0.063462
245.09 1009.10 26.81 36.13 0.062144
17.29 1124.14 43.16 50.44 0.061179
418.10 363.59 219.87 172.78 0.059905
564.49 1326.60 32.65 45.40 0.059859
455.42 878.83 59.12 102.71 0.059309
893.96 1121.72 25.91 59.70 0.058795
578.38 710.72 73.59 96.57 0.058423
709.93 1160.44 38.15 90.68 0.058316
407.72 2.89 59.33 60.85 0.057762
736.95 17.99 153.85 233.09 0.057740
898.22 1073.96 24.04 40.00 0.057634
613.11 615.79 80.35 109.57 0.057620
564.82 426.89 268.04 344.88 0.057437
189.68 901.49 115.39 149.16 0.056858
755.21 1014.48 26.08 70.92 0.056343
842.74 1315.19 28.38 54.20 0.055891
304.03 1149.12 71.75 150.54 0.055815
853.00 571.59 29.01 66.20 0.055744
896.80 1183.44 40.66 99.10 0.055615
846.45 1183.15 26.48 58.09 0.055536
15.58 0.00 90.24 136.53 0.055173
209.78 250.12 106.04 81.09 0.054986
992.99 399.83 26.91 103.49 0.054898
351.77 76.68 75.25 146.28 0.054831
856.87 734.82 37.34 54.50 0.054809
135.10 924.78 66.64 122.01 0.054779
99.97 1003.72 37.54 66.79 0.054656
88.96 573.63 122.21 125.51 0.053883
278.91 1220.04 60.81 88.11 0.053337
3.63 0.00 36.55 68.00 0.053138
992.43 491.10 28.41 79.45 0.052722
853.78 611.30 33.12 67.29 0.052523
700.12 945.22 28.25 57.48 0.052376
238.85 1234.26 50.08 76.04 0.052256
156.47 4.27 62.78 61.54 0.052025
146.13 1128.79 31.12 55.35 0.051940
882.11 104.78 42.38 101.27 0.051891
203.70 6.27 147.52 228.37 0.051873
895.56 1235.22 44.03 95.52 0.051868
938.21 1240.71 50.01 82.79 0.051644
251.89 934.12 112.14 115.20 0.050515
