36_Football_americanfootball_ball_36_126
22
620.43 92.01 403.57 149.32 0.9212
51.04 171.88 101.69 275.12 0.7628
24.87 184.62 44.64 256.84 0.6062
16.69 242.60 34.76 262.24 0.5837
598.47 65.45 425.53 95.48 0.4946
110.62 179.09 430.71 266.71 0.4897
594.77 153.39 429.23 265.80 0.4353
104.08 174.77 176.72 282.89 0.4351
631.87 421.04 392.13 262.96 0.2411
0.00 302.11 38.65 381.89 0.1360
623.90 18.48 400.10 62.00 0.1341
62.11 261.55 96.42 379.89 0.1271
13.89 142.69 40.92 180.11 0.0957
45.27 110.39 85.60 162.71 0.0955
9.09 433.53 52.80 250.47 0.0666
146.24 281.85 232.71 309.94 0.0601
194.06 417.46 421.77 266.54 0.0568
331.32 175.55 428.80 256.04 0.0567
31.32 106.62 45.22 177.60 0.0478
159.38 140.54 199.43 196.53 0.0341
90.78 415.65 183.71 268.35 0.0334
277.80 267.31 392.71 351.93 0.0304
