21_Festival_Festival_21_201
31
381.99 341.40 329.36 367.36 0.9516
535.93 303.17 321.43 373.06 0.9504
252.28 329.97 311.09 385.20 0.6701
498.06 261.00 525.94 249.94 0.4368
137.29 331.97 211.11 410.16 0.4239
135.78 190.16 232.51 317.50 0.1711
307.66 274.02 343.63 293.91 0.1396
308.03 105.67 391.60 173.62 0.1143
210.33 175.02 353.69 288.10 0.0931
482.73 174.24 529.43 198.40 0.0871
661.35 53.05 157.57 83.64 0.0461
442.17 343.59 142.88 126.82 0.0418
77.45 372.23 95.91 172.96 0.0344
369.09 164.81 325.75 311.59 0.0335
59.06 47.29 293.57 254.11 0.0310
24.16 468.82 75.37 162.74 0.0300
43.61 350.81 89.95 152.34 0.0299
627.31 303.58 142.76 131.31 0.0283
299.07 380.60 140.81 138.72 0.0273
58.38 419.54 82.07 179.43 0.0268
670.78 81.37 169.00 102.38 0.0258
381.41 341.65 129.99 145.86 0.0257
691.75 305.96 158.06 129.75 0.0241
445.47 90.66 172.89 81.87 0.0240
522.58 65.79 501.42 190.22 0.0229
54.81 277.98 85.79 157.01 0.0224
174.23 434.56 146.88 161.55 0.0220
523.70 296.52 142.25 144.47 0.0219
30.85 401.79 65.64 154.98 0.0211
456.39 136.05 135.81 125.58 0.0203
128.30 373.18 130.36 142.61 0.0201
