51_Dresses_wearingdress_51_670
200
927.82 0.00 81.24 166.18 0.1923
50.48 448.29 80.36 165.54 0.1920
50.53 1177.71 80.29 165.53 0.1920
50.51 1289.88 80.30 165.37 0.1919
50.51 953.34 80.33 165.46 0.1919
50.48 223.87 80.36 165.50 0.1919
50.48 560.51 80.36 165.50 0.1919
50.50 336.12 80.34 165.41 0.1918
50.50 672.76 80.34 165.41 0.1918
488.85 0.00 81.29 166.12 0.1918
452.28 0.00 81.32 166.17 0.1917
50.52 1065.57 80.32 165.46 0.1917
13.82 224.31 80.16 164.58 0.1917
13.82 560.95 80.16 164.58 0.1917
269.47 0.00 81.09 166.04 0.1916
50.50 111.70 80.33 165.40 0.1916
50.50 784.99 80.33 165.40 0.1916
781.48 0.00 81.22 166.09 0.1916
818.05 0.00 81.22 166.09 0.1916
13.81 112.10 80.17 164.75 0.1916
928.10 1121.71 80.53 165.50 0.1916
50.29 0.00 80.86 165.79 0.1915
306.04 0.00 81.13 166.10 0.1915
342.61 0.00 81.13 166.10 0.1915
379.18 0.00 81.13 166.10 0.1915
415.75 0.00 81.13 166.10 0.1915
13.80 1065.85 80.15 164.77 0.1915
928.10 1290.04 80.55 165.68 0.1915
13.81 448.65 80.16 164.77 0.1915
13.81 841.40 80.16 164.77 0.1915
13.82 953.67 80.13 164.68 0.1915
928.10 616.57 80.57 165.86 0.1915
891.57 1289.74 80.38 165.63 0.1915
891.30 0.00 80.93 165.68 0.1915
928.12 840.99 80.53 165.95 0.1915
13.82 336.47 80.14 164.68 0.1915
13.82 673.11 80.14 164.68 0.1915
123.59 1345.91 80.44 165.67 0.1914
196.46 111.08 80.79 166.64 0.1914
854.62 0.00 81.21 166.14 0.1914
196.33 0.00 81.22 166.10 0.1913
232.91 0.00 81.22 166.10 0.1913
598.62 0.00 81.22 166.10 0.1913
635.19 0.00 81.22 166.10 0.1913
708.33 0.00 81.22 166.10 0.1913
928.10 728.91 80.54 165.78 0.1913
160.16 1345.84 80.45 165.74 0.1913
525.43 0.00 81.28 166.13 0.1913
562.00 0.00 81.28 166.13 0.1913
159.86 279.36 80.91 166.66 0.1913
928.10 111.55 80.55 165.96 0.1913
928.10 223.77 80.55 165.96 0.1913
928.10 335.98 80.55 165.96 0.1913
928.10 448.20 80.55 165.96 0.1913
928.10 953.16 80.55 165.96 0.1913
233.04 223.29 80.77 166.46 0.1913
196.47 784.36 80.77 166.46 0.1913
13.81 1234.03 80.25 165.12 0.1912
708.42 559.89 80.83 166.53 0.1912
818.13 728.21 80.83 166.53 0.1912
781.56 784.32 80.83 166.53 0.1912
306.13 840.43 80.83 166.53 0.1912
635.28 840.43 80.83 166.53 0.1912
233.03 111.08 80.79 166.63 0.1912
196.46 223.30 80.79 166.63 0.1912
854.75 279.40 80.79 166.63 0.1912
196.46 335.51 80.79 166.63 0.1912
233.03 335.51 80.79 166.63 0.1912
159.89 447.73 80.79 166.63 0.1912
196.46 447.73 80.79 166.63 0.1912
159.89 728.26 80.79 166.63 0.1912
123.32 840.48 80.79 166.63 0.1912
159.89 840.48 80.79 166.63 0.1912
269.61 896.58 80.79 166.63 0.1912
342.75 1064.90 80.79 166.63 0.1912
379.32 1121.01 80.79 166.63 0.1912
635.32 1121.01 80.79 166.63 0.1912
671.89 1121.01 80.79 166.63 0.1912
635.32 1233.23 80.79 166.63 0.1912
86.75 896.58 80.88 166.64 0.1912
452.47 1177.12 80.88 166.64 0.1912
379.32 1289.33 80.88 166.64 0.1912
562.18 1289.33 80.88 166.64 0.1912
598.75 1289.33 80.88 166.64 0.1912
891.49 111.47 80.41 165.65 0.1911
891.49 223.68 80.41 165.65 0.1911
891.49 392.00 80.41 165.65 0.1911
891.49 784.75 80.41 165.65 0.1911
891.49 896.97 80.41 165.65 0.1911
671.77 0.00 81.21 166.15 0.1911
744.91 0.00 81.21 166.15 0.1911
159.85 167.15 80.84 166.71 0.1911
854.70 391.58 80.84 166.71 0.1911
123.27 447.68 80.84 166.71 0.1911
123.27 559.90 80.84 166.71 0.1911
159.85 559.90 80.84 166.71 0.1911
525.56 616.01 80.84 166.71 0.1911
562.13 616.01 80.84 166.71 0.1911
488.99 672.11 80.84 166.71 0.1911
525.56 728.22 80.84 166.71 0.1911
562.13 728.22 80.84 166.71 0.1911
488.99 784.33 80.84 166.71 0.1911
854.70 784.33 80.84 166.71 0.1911
452.42 840.43 80.84 166.71 0.1911
525.56 840.43 80.84 166.71 0.1911
562.13 840.43 80.84 166.71 0.1911
598.70 840.43 80.84 166.71 0.1911
415.85 896.54 80.84 166.71 0.1911
854.70 896.54 80.84 166.71 0.1911
306.13 952.65 80.84 166.71 0.1911
342.70 952.65 80.84 166.71 0.1911
379.27 952.65 80.84 166.71 0.1911
452.42 952.65 80.84 166.71 0.1911
488.99 952.65 80.84 166.71 0.1911
635.27 952.65 80.84 166.71 0.1911
671.85 952.65 80.84 166.71 0.1911
525.56 1008.76 80.84 166.71 0.1911
708.42 1008.76 80.84 166.71 0.1911
415.85 1064.86 80.84 166.71 0.1911
452.42 1064.86 80.84 166.71 0.1911
488.99 1064.86 80.84 166.71 0.1911
562.13 1064.86 80.84 166.71 0.1911
598.70 1064.86 80.84 166.71 0.1911
708.42 1120.97 80.84 166.71 0.1911
488.99 1177.08 80.84 166.71 0.1911
342.70 1289.29 80.84 166.71 0.1911
13.52 0.00 80.89 165.63 0.1911
86.71 111.04 80.93 166.72 0.1911
123.28 167.15 80.94 166.72 0.1911
379.33 223.40 80.79 166.39 0.1911
123.28 335.47 80.94 166.72 0.1911
86.71 503.79 80.93 166.72 0.1911
123.28 728.22 80.94 166.72 0.1911
891.55 1009.27 80.35 165.46 0.1911
598.76 1177.12 80.76 166.57 0.1911
196.69 1345.93 80.50 165.90 0.1911
342.76 1177.12 80.85 166.58 0.1911
415.91 1177.12 80.85 166.58 0.1911
416.05 1345.81 80.50 165.91 0.1911
86.58 0.00 81.27 166.18 0.1911
708.62 1345.89 80.48 165.76 0.1911
342.75 784.33 80.77 166.50 0.1911
891.56 560.41 80.32 165.51 0.1911
196.51 672.16 80.73 166.60 0.1911
891.56 672.62 80.32 165.51 0.1911
525.57 1120.97 80.82 166.64 0.1911
562.14 1177.08 80.82 166.64 0.1911
123.15 0.00 81.28 166.13 0.1910
342.75 335.54 80.83 166.51 0.1910
379.32 391.65 80.83 166.51 0.1910
86.72 784.33 80.91 166.65 0.1910
306.15 1289.33 80.82 166.64 0.1910
635.39 279.45 80.69 166.37 0.1910
671.96 279.45 80.69 166.37 0.1910
818.24 1064.95 80.69 166.37 0.1910
196.53 1121.05 80.69 166.37 0.1910
13.98 1346.57 79.95 164.50 0.1910
489.06 335.69 80.73 166.25 0.1910
415.92 504.01 80.73 166.25 0.1910
159.91 1008.77 80.75 166.47 0.1910
86.78 1177.30 80.73 166.25 0.1910
818.20 1177.30 80.73 166.25 0.1910
233.06 1233.41 80.73 166.25 0.1910
233.30 1345.92 80.40 165.87 0.1910
306.18 391.47 80.85 166.70 0.1910
818.18 896.55 80.79 166.68 0.1910
562.14 503.73 80.82 166.63 0.1910
598.71 503.73 80.82 166.63 0.1910
635.28 503.73 80.82 166.63 0.1910
342.71 672.05 80.82 166.63 0.1910
269.88 1345.84 80.35 165.84 0.1910
891.60 1121.50 80.29 165.43 0.1910
525.63 167.19 80.75 166.44 0.1910
562.20 167.19 80.75 166.44 0.1910
525.63 279.40 80.75 166.44 0.1910
562.20 279.40 80.75 166.44 0.1910
598.77 279.40 80.75 166.44 0.1910
708.49 279.40 80.75 166.44 0.1910
745.06 279.40 80.75 166.44 0.1910
781.63 279.40 80.75 166.44 0.1910
525.63 391.62 80.75 166.44 0.1910
562.20 391.62 80.75 166.44 0.1910
598.77 391.62 80.75 166.44 0.1910
635.34 391.62 80.75 166.44 0.1910
671.91 391.62 80.75 166.44 0.1910
708.49 391.62 80.75 166.44 0.1910
745.06 391.62 80.75 166.44 0.1910
781.63 391.62 80.75 166.44 0.1910
489.06 447.73 80.75 166.44 0.1910
306.20 503.83 80.75 166.44 0.1910
452.49 503.83 80.75 166.44 0.1910
342.77 559.94 80.75 166.44 0.1910
379.34 559.94 80.75 166.44 0.1910
781.63 1064.90 80.75 166.44 0.1910
123.34 1121.01 80.75 166.44 0.1910
159.91 1121.01 80.75 166.44 0.1910
233.06 1121.01 80.75 166.44 0.1910
854.77 1121.01 80.75 166.44 0.1910
269.63 1177.12 80.75 166.44 0.1910
781.63 1177.12 80.75 166.44 0.1910
