51_Dresses_wearingdress_51_612
200
927.82 0.00 81.10 115.90 0.1924
928.12 586.77 80.55 115.67 0.1920
50.63 430.34 80.16 115.18 0.1920
50.58 273.72 80.22 115.25 0.1920
50.52 352.00 80.28 115.24 0.1920
50.48 899.98 80.31 115.28 0.1920
928.13 665.06 80.52 115.62 0.1919
928.13 782.49 80.52 115.62 0.1919
50.63 78.01 80.16 115.22 0.1918
891.66 547.71 80.14 115.17 0.1918
928.12 899.92 80.54 115.67 0.1918
415.75 0.00 81.17 115.90 0.1918
379.18 0.00 81.26 115.90 0.1917
928.20 234.55 80.41 115.57 0.1917
50.53 821.76 80.22 115.17 0.1917
891.60 391.13 80.17 115.12 0.1917
928.14 77.92 80.51 115.62 0.1917
928.14 508.49 80.51 115.62 0.1917
50.59 195.47 80.18 115.19 0.1917
342.57 0.00 81.32 115.92 0.1917
50.66 626.12 80.06 115.08 0.1917
50.30 0.00 80.81 115.56 0.1917
50.66 547.84 80.09 115.09 0.1916
50.53 704.31 80.19 115.24 0.1916
488.90 0.00 81.13 115.88 0.1915
928.14 351.93 80.51 115.60 0.1915
671.97 116.62 80.73 116.05 0.1915
452.32 0.00 81.17 115.90 0.1915
233.02 899.51 80.81 116.13 0.1915
635.41 116.65 80.62 115.97 0.1915
928.15 430.24 80.45 115.49 0.1915
123.41 508.22 80.70 115.87 0.1915
123.39 664.62 80.74 116.17 0.1915
13.80 900.01 80.30 115.28 0.1914
196.26 0.00 81.21 115.85 0.1914
525.40 0.00 81.21 115.85 0.1914
13.59 0.00 80.80 115.49 0.1914
635.12 0.00 81.22 115.88 0.1914
891.65 77.94 80.14 115.18 0.1914
708.49 273.21 80.76 116.13 0.1914
232.83 0.00 81.19 115.88 0.1913
269.41 0.00 81.19 115.88 0.1913
305.98 0.00 81.19 115.88 0.1913
854.56 0.00 81.21 115.91 0.1913
196.54 468.91 80.63 116.04 0.1913
598.62 0.00 81.13 115.87 0.1913
708.26 0.00 81.21 115.88 0.1913
744.83 0.00 81.21 115.88 0.1913
781.40 0.00 81.21 115.88 0.1913
817.97 0.00 81.21 115.88 0.1913
123.40 116.62 80.73 116.04 0.1913
598.83 194.91 80.73 116.04 0.1913
635.40 234.05 80.73 116.04 0.1913
233.11 429.77 80.73 116.04 0.1913
159.97 468.91 80.73 116.04 0.1913
86.83 547.20 80.73 116.04 0.1913
159.97 547.20 80.73 116.04 0.1913
123.40 586.34 80.73 116.04 0.1913
123.40 742.91 80.73 116.04 0.1913
891.66 782.52 80.14 115.22 0.1913
123.40 821.20 80.73 116.04 0.1913
159.78 0.00 81.13 115.82 0.1913
86.76 703.77 80.79 116.04 0.1913
891.31 0.00 80.90 115.66 0.1913
232.99 664.58 80.87 116.23 0.1913
13.82 430.47 80.23 115.07 0.1913
269.89 939.08 80.34 115.50 0.1912
781.68 273.22 80.73 116.19 0.1912
854.70 821.21 80.88 116.23 0.1912
818.26 273.19 80.70 116.08 0.1912
562.25 429.77 80.74 116.17 0.1912
159.97 625.49 80.74 116.17 0.1912
196.54 664.63 80.74 116.17 0.1912
159.97 703.77 80.74 116.17 0.1912
159.97 782.06 80.74 116.17 0.1912
159.97 860.34 80.74 116.17 0.1912
196.75 939.00 80.35 115.48 0.1912
86.60 0.00 81.13 115.86 0.1912
13.81 312.92 80.25 115.19 0.1912
196.47 586.34 80.81 116.16 0.1912
86.76 782.06 80.81 116.16 0.1912
196.47 782.06 80.81 116.16 0.1912
86.76 860.34 80.81 116.16 0.1912
123.33 899.49 80.81 116.16 0.1912
854.72 703.81 80.86 116.17 0.1912
891.61 469.43 80.18 115.23 0.1912
781.68 155.92 80.63 115.89 0.1912
671.98 194.94 80.72 116.10 0.1912
745.12 234.08 80.72 116.10 0.1912
306.27 429.80 80.72 116.10 0.1912
306.41 939.04 80.39 115.59 0.1912
671.97 273.19 80.72 116.20 0.1912
635.40 312.34 80.72 116.20 0.1912
598.83 390.62 80.72 116.20 0.1912
123.12 0.00 81.19 115.88 0.1911
671.69 0.00 81.19 115.88 0.1911
13.76 234.69 80.34 115.20 0.1911
671.90 351.48 80.78 116.19 0.1911
781.62 351.48 80.78 116.19 0.1911
598.76 468.91 80.78 116.19 0.1911
196.48 860.34 80.78 116.19 0.1911
562.11 0.00 81.07 115.85 0.1911
598.82 312.50 80.73 115.89 0.1911
562.27 508.07 80.70 116.13 0.1911
342.98 938.91 80.40 115.72 0.1911
342.76 116.71 80.79 116.08 0.1911
489.05 116.71 80.79 116.08 0.1911
671.92 429.79 80.76 116.12 0.1911
306.19 664.71 80.79 116.08 0.1911
708.48 703.85 80.79 116.08 0.1911
818.20 703.79 80.76 116.12 0.1911
671.91 742.99 80.79 116.08 0.1911
269.62 782.14 80.79 116.08 0.1911
708.48 782.14 80.79 116.08 0.1911
708.48 860.42 80.79 116.08 0.1911
306.15 155.83 80.82 116.12 0.1911
781.59 429.69 80.84 116.26 0.1911
781.59 508.06 80.86 116.18 0.1911
854.73 547.20 80.86 116.18 0.1911
342.72 625.54 80.82 116.12 0.1911
818.18 429.79 80.79 116.11 0.1911
891.64 625.92 80.16 115.23 0.1911
891.64 704.20 80.16 115.23 0.1911
415.87 782.06 80.81 116.14 0.1911
233.00 821.20 80.83 116.14 0.1911
86.82 625.52 80.75 116.02 0.1911
452.47 664.58 80.80 116.21 0.1911
635.33 782.01 80.80 116.21 0.1911
598.76 821.15 80.80 116.21 0.1911
598.72 703.70 80.84 116.25 0.1911
598.72 899.42 80.84 116.25 0.1911
891.77 939.31 79.96 114.93 0.1911
123.39 429.80 80.76 116.15 0.1910
452.53 429.80 80.76 116.15 0.1910
525.61 664.66 80.83 116.17 0.1910
562.18 703.80 80.83 116.17 0.1910
525.61 860.38 80.83 116.17 0.1910
562.18 899.52 80.83 116.17 0.1910
159.90 116.63 80.80 116.13 0.1910
598.83 116.63 80.73 116.04 0.1910
86.75 155.80 80.82 116.14 0.1910
928.21 156.27 80.40 115.56 0.1910
269.57 194.92 80.87 116.21 0.1910
196.46 390.66 80.82 116.14 0.1910
854.71 390.64 80.87 116.21 0.1910
233.04 508.06 80.80 116.13 0.1910
818.17 508.03 80.84 116.19 0.1910
708.54 116.76 80.73 116.04 0.1910
269.56 625.44 80.87 116.23 0.1910
415.92 195.05 80.73 115.99 0.1910
269.69 429.83 80.74 116.08 0.1910
342.78 468.93 80.74 115.98 0.1910
671.93 508.13 80.71 116.01 0.1910
13.83 782.74 80.21 115.07 0.1910
452.49 821.34 80.73 115.99 0.1910
854.76 273.20 80.69 116.16 0.1910
745.11 155.93 80.72 115.87 0.1910
635.40 390.62 80.71 116.17 0.1910
123.33 194.91 80.78 116.17 0.1910
159.90 194.91 80.78 116.17 0.1910
708.48 351.48 80.78 116.17 0.1910
635.33 468.91 80.78 116.17 0.1910
562.25 234.06 80.74 116.17 0.1910
562.25 312.35 80.74 116.17 0.1910
781.88 938.88 80.48 115.71 0.1910
818.48 938.98 80.45 115.61 0.1910
452.49 155.78 80.75 116.12 0.1910
525.63 429.79 80.67 116.09 0.1910
379.34 742.92 80.75 116.12 0.1910
306.20 821.21 80.75 116.12 0.1910
342.77 821.21 80.75 116.12 0.1910
379.34 821.21 80.75 116.12 0.1910
415.91 860.35 80.75 116.12 0.1910
489.10 195.03 80.72 116.03 0.1910
452.53 234.17 80.72 116.03 0.1910
854.72 625.53 80.86 116.16 0.1910
87.01 938.94 80.38 115.65 0.1910
196.49 155.79 80.76 116.10 0.1909
489.05 429.82 80.77 116.11 0.1909
415.96 468.94 80.74 116.01 0.1909
379.35 508.08 80.76 116.10 0.1909
489.05 860.43 80.78 116.07 0.1909
854.75 155.93 80.71 115.98 0.1909
269.60 77.54 80.81 116.09 0.1909
306.17 234.11 80.81 116.09 0.1909
379.31 625.54 80.81 116.09 0.1909
671.89 664.68 80.81 116.09 0.1909
306.13 77.51 80.84 116.13 0.1909
635.27 664.66 80.84 116.13 0.1909
672.06 939.04 80.45 115.58 0.1909
928.43 978.70 79.97 115.44 0.1909
745.05 312.34 80.78 116.19 0.1909
818.19 351.48 80.78 116.19 0.1909
379.34 116.72 80.78 116.08 0.1909
415.91 116.72 80.78 116.08 0.1909
342.77 195.00 80.78 116.08 0.1909
379.34 195.00 80.78 116.08 0.1909
891.65 312.82 80.11 115.14 0.1909
854.77 469.00 80.78 116.08 0.1909
306.17 586.32 80.84 116.17 0.1909
