51_Dresses_wearingdress_51_874
200
927.89 0.00 81.03 162.86 0.1924
50.59 274.66 80.21 161.87 0.1921
50.54 1154.47 80.34 162.04 0.1920
928.12 1044.48 80.55 162.53 0.1920
50.47 1264.38 80.41 162.40 0.1920
50.55 1044.46 80.22 162.08 0.1920
928.14 934.56 80.47 162.34 0.1918
891.66 934.59 80.14 161.82 0.1918
928.10 1264.44 80.60 162.60 0.1918
891.64 1044.53 80.19 161.94 0.1918
196.33 0.00 81.26 162.86 0.1917
269.47 0.00 81.26 162.86 0.1917
781.47 0.00 81.26 162.86 0.1917
50.58 164.61 80.22 161.93 0.1917
50.58 384.61 80.22 161.93 0.1917
891.59 714.59 80.22 161.98 0.1917
50.52 659.61 80.28 161.92 0.1917
50.52 769.61 80.28 161.92 0.1917
50.52 879.61 80.28 161.92 0.1917
928.13 1154.43 80.51 162.56 0.1917
159.71 0.00 81.22 162.88 0.1917
891.60 824.59 80.27 161.76 0.1917
818.00 0.00 81.32 162.89 0.1917
50.51 494.43 80.30 162.10 0.1917
50.21 0.00 80.94 162.58 0.1917
928.10 384.58 80.53 162.24 0.1916
928.18 164.50 80.46 162.43 0.1916
306.04 0.00 81.13 162.82 0.1915
379.18 0.00 81.13 162.82 0.1915
415.75 0.00 81.13 162.82 0.1915
744.90 0.00 81.13 162.82 0.1915
928.14 274.50 80.51 162.43 0.1915
854.62 0.00 81.25 162.86 0.1915
708.33 0.00 81.22 162.83 0.1915
13.79 1209.71 80.27 161.67 0.1915
232.90 0.00 81.26 162.86 0.1915
86.56 0.00 81.19 162.85 0.1915
123.14 0.00 81.19 162.85 0.1915
891.60 219.59 80.17 161.75 0.1915
525.68 163.87 80.74 163.23 0.1915
928.09 714.51 80.52 162.43 0.1915
671.96 768.87 80.74 163.23 0.1915
708.54 823.87 80.74 163.23 0.1915
671.96 878.87 80.74 163.23 0.1915
745.11 878.87 80.74 163.23 0.1915
745.11 1043.87 80.74 163.23 0.1915
708.54 1098.87 80.74 163.23 0.1915
671.96 1208.87 80.74 163.23 0.1915
708.54 1208.87 80.74 163.23 0.1915
745.04 713.87 80.81 163.22 0.1915
781.61 988.87 80.81 163.22 0.1915
635.32 1098.87 80.81 163.22 0.1915
598.75 1153.87 80.81 163.22 0.1915
928.10 604.55 80.50 162.34 0.1914
928.10 824.55 80.50 162.34 0.1914
342.59 0.00 81.15 162.79 0.1913
452.30 0.00 81.15 162.79 0.1913
488.88 0.00 81.15 162.79 0.1913
525.45 0.00 81.15 162.79 0.1913
562.02 0.00 81.15 162.79 0.1913
598.59 0.00 81.15 162.79 0.1913
635.16 0.00 81.15 162.79 0.1913
671.73 0.00 81.15 162.79 0.1913
854.69 933.77 80.89 163.42 0.1913
489.10 163.91 80.76 163.21 0.1913
415.96 273.91 80.76 163.21 0.1913
562.17 163.91 80.82 163.20 0.1913
452.54 273.87 80.73 163.06 0.1913
781.62 1208.87 80.79 163.05 0.1913
818.19 1208.87 80.79 163.05 0.1913
379.61 1319.42 80.38 162.28 0.1913
891.31 0.00 80.90 162.51 0.1913
13.82 219.86 80.23 161.68 0.1913
13.56 0.00 80.86 162.15 0.1912
13.94 1320.09 79.97 161.15 0.1912
745.03 218.80 80.82 163.29 0.1912
891.58 109.48 80.25 162.10 0.1912
525.68 328.88 80.74 163.23 0.1912
671.97 548.88 80.74 163.23 0.1912
708.54 603.88 80.74 163.23 0.1912
671.97 658.88 80.74 163.23 0.1912
708.54 713.88 80.74 163.23 0.1912
781.68 823.88 80.74 163.23 0.1912
708.54 988.88 80.74 163.23 0.1912
671.97 1098.88 80.74 163.23 0.1912
745.11 1153.88 80.74 163.23 0.1912
635.40 1208.88 80.74 163.23 0.1912
13.81 329.68 80.25 161.86 0.1912
598.76 328.88 80.81 163.22 0.1912
635.33 328.88 80.81 163.22 0.1912
13.81 439.68 80.25 161.86 0.1912
635.33 438.88 80.81 163.22 0.1912
635.33 603.88 80.81 163.22 0.1912
13.81 659.68 80.25 161.86 0.1912
635.33 768.88 80.81 163.22 0.1912
13.81 879.68 80.25 161.86 0.1912
635.33 878.88 80.81 163.22 0.1912
671.90 988.88 80.81 163.22 0.1912
818.18 988.88 80.81 163.22 0.1912
781.61 1098.88 80.81 163.22 0.1912
562.18 1153.88 80.81 163.22 0.1912
745.04 1263.88 80.81 163.22 0.1912
744.99 328.80 80.88 163.36 0.1912
598.84 548.91 80.72 163.13 0.1912
562.43 1319.33 80.49 162.51 0.1912
13.80 109.62 80.30 161.98 0.1912
562.19 273.87 80.78 163.26 0.1911
708.48 383.87 80.78 163.26 0.1911
708.48 493.87 80.78 163.26 0.1911
928.10 494.50 80.51 162.60 0.1911
745.05 603.87 80.78 163.26 0.1911
818.19 878.87 80.78 163.26 0.1911
635.33 988.87 80.78 163.26 0.1911
598.76 1043.86 80.78 163.26 0.1911
13.83 549.68 80.22 161.80 0.1911
781.58 603.89 80.84 163.24 0.1911
342.82 163.91 80.74 163.03 0.1911
818.19 218.99 80.79 163.10 0.1911
489.10 273.91 80.74 163.03 0.1911
415.91 493.99 80.79 163.10 0.1911
489.05 548.99 80.79 163.10 0.1911
306.19 1153.99 80.79 163.10 0.1911
818.18 658.91 80.79 163.14 0.1911
306.41 1319.33 80.41 162.50 0.1911
343.00 1319.43 80.41 162.45 0.1911
781.56 383.85 80.89 163.38 0.1911
854.70 823.85 80.89 163.38 0.1911
708.70 1319.22 80.50 162.59 0.1911
452.47 548.81 80.80 163.29 0.1911
123.26 1263.78 80.89 163.54 0.1911
744.97 438.77 80.89 163.42 0.1911
379.39 273.92 80.76 163.20 0.1910
342.75 438.92 80.83 163.23 0.1910
379.32 438.92 80.83 163.23 0.1910
598.82 438.92 80.76 163.20 0.1910
525.61 713.92 80.83 163.23 0.1910
854.75 713.92 80.83 163.23 0.1910
489.04 878.92 80.83 163.23 0.1910
306.18 933.92 80.83 163.23 0.1910
123.32 1153.92 80.83 163.23 0.1910
269.61 1153.92 80.83 163.23 0.1910
671.89 438.92 80.82 163.19 0.1910
781.61 713.88 80.80 163.18 0.1910
159.86 1153.89 80.87 163.28 0.1910
196.43 1153.89 80.87 163.28 0.1910
233.00 1153.89 80.87 163.28 0.1910
452.46 1208.92 80.82 163.19 0.1910
525.61 1208.92 80.82 163.19 0.1910
854.75 1208.92 80.82 163.19 0.1910
489.03 1263.92 80.82 163.19 0.1910
598.75 1263.92 80.82 163.19 0.1910
891.61 329.55 80.28 161.99 0.1910
891.61 604.55 80.28 161.99 0.1910
562.16 768.88 80.86 163.28 0.1910
525.59 878.88 80.86 163.28 0.1910
13.84 989.75 80.17 161.64 0.1910
196.43 1263.81 80.85 163.31 0.1910
781.56 493.81 80.87 163.32 0.1910
415.92 824.07 80.73 162.97 0.1910
379.32 548.74 80.85 163.41 0.1910
598.75 163.91 80.79 163.24 0.1910
891.60 439.37 80.29 162.17 0.1910
13.78 1099.79 80.22 161.54 0.1910
818.19 1098.87 80.78 163.23 0.1910
233.04 328.91 80.79 163.11 0.1910
854.77 493.89 80.75 163.16 0.1910
452.49 658.89 80.75 163.16 0.1910
13.83 769.69 80.22 161.76 0.1910
269.63 768.89 80.75 163.16 0.1910
452.49 768.89 80.75 163.16 0.1910
379.34 878.89 80.75 163.16 0.1910
159.90 988.88 80.81 163.22 0.1910
159.85 1263.82 80.87 163.48 0.1910
233.06 1263.89 80.75 163.16 0.1910
854.72 1043.93 80.86 163.22 0.1910
672.15 1319.31 80.38 162.50 0.1910
855.01 1319.31 80.38 162.50 0.1910
306.19 714.00 80.78 163.10 0.1909
342.77 714.00 80.78 163.10 0.1909
818.20 768.91 80.76 163.13 0.1909
525.87 1319.31 80.47 162.51 0.1909
635.59 1319.31 80.47 162.51 0.1909
196.46 768.95 80.81 163.12 0.1909
233.03 823.95 80.81 163.12 0.1909
86.70 108.92 80.84 163.17 0.1909
744.99 108.92 80.84 163.17 0.1909
269.56 328.92 80.84 163.17 0.1909
598.76 658.87 80.78 163.26 0.1909
598.76 933.87 80.78 163.26 0.1909
562.19 988.87 80.78 163.26 0.1909
854.77 164.00 80.78 163.10 0.1909
854.77 274.00 80.78 163.10 0.1909
818.20 329.00 80.78 163.10 0.1909
818.20 439.00 80.78 163.10 0.1909
233.05 493.82 80.80 163.28 0.1909
269.62 493.82 80.80 163.28 0.1909
818.20 549.00 80.78 163.10 0.1909
123.34 604.00 80.78 163.10 0.1909
159.91 604.00 80.78 163.10 0.1909
196.49 604.00 80.78 163.10 0.1909
