30_Surgeons_Surgeons_30_115
141
631.76 189.47 59.78 79.99 0.3649
468.70 305.45 77.85 75.99 0.3365
647.04 6.25 132.44 96.15 0.3325
579.06 203.13 44.78 52.15 0.2920
288.64 290.20 36.44 46.78 0.2787
472.83 218.35 30.13 37.27 0.2357
828.46 267.62 126.53 118.37 0.2311
106.70 268.65 27.27 41.27 0.2095
334.80 278.63 40.84 54.21 0.2017
560.15 372.75 76.20 94.24 0.1968
436.27 178.88 43.11 46.51 0.1859
173.97 179.37 37.16 65.39 0.1848
397.08 277.46 40.54 58.93 0.1831
291.99 286.65 92.86 114.64 0.1810
39.14 181.61 37.24 41.41 0.1695
484.49 406.93 126.98 146.07 0.1677
599.10 43.64 95.04 72.28 0.1623
211.89 286.83 30.69 39.44 0.1583
409.76 46.61 140.53 82.15 0.1550
460.10 243.25 72.66 101.95 0.1523
615.98 0.00 64.32 35.31 0.1499
72.06 167.20 26.25 33.13 0.1473
657.55 160.38 83.99 126.11 0.1437
456.80 20.00 96.08 53.86 0.1424
37.30 198.22 39.18 47.99 0.1418
594.10 365.85 58.24 88.57 0.1385
258.36 287.48 44.72 46.50 0.1378
839.22 250.60 78.67 82.67 0.1304
438.39 196.80 73.10 91.33 0.1259
145.98 179.56 43.07 63.16 0.1242
805.47 183.87 55.23 76.98 0.1227
893.40 285.02 84.03 90.42 0.1226
687.08 122.85 120.13 195.48 0.1222
221.39 268.66 31.09 52.38 0.1219
247.81 263.24 42.99 59.76 0.1216
324.47 5.60 144.24 100.50 0.1212
761.54 264.61 40.21 61.26 0.1211
618.04 5.03 102.55 67.26 0.1205
119.08 180.13 45.07 59.10 0.1201
83.19 484.77 36.56 42.82 0.1194
491.47 375.42 192.39 224.18 0.1154
278.24 442.92 146.38 204.05 0.1139
197.15 293.36 31.70 34.95 0.1138
552.48 348.67 112.21 163.24 0.1132
812.78 234.78 51.21 53.69 0.1110
402.59 166.81 61.51 67.77 0.1086
807.36 236.76 84.17 86.92 0.1079
580.67 139.12 130.92 156.87 0.1068
822.82 307.77 107.24 141.48 0.1065
317.48 30.39 174.47 156.43 0.1059
484.89 228.72 72.67 82.02 0.1029
606.36 0.00 201.47 183.92 0.1023
559.64 187.41 43.44 57.11 0.1018
578.75 66.14 87.82 67.51 0.1014
575.28 0.00 71.22 34.48 0.1002
536.99 40.45 95.75 55.87 0.0991
423.32 158.63 73.40 74.33 0.0987
375.64 123.28 112.44 115.18 0.0975
566.22 3.82 96.58 60.40 0.0974
829.06 197.31 46.00 55.37 0.0964
865.43 383.58 46.97 64.33 0.0954
840.51 434.98 31.35 43.08 0.0951
400.53 194.06 47.24 63.13 0.0950
396.44 219.08 50.77 79.92 0.0943
170.99 145.18 63.71 110.29 0.0942
388.51 439.34 156.67 151.36 0.0924
356.99 233.97 42.24 60.67 0.0910
871.03 308.16 93.08 119.30 0.0905
125.55 301.52 48.14 86.81 0.0902
82.85 262.30 33.61 37.52 0.0884
62.01 202.84 38.64 46.76 0.0873
331.15 241.59 38.17 51.71 0.0866
499.07 287.67 89.00 102.17 0.0864
735.87 450.21 28.57 36.51 0.0863
155.63 441.78 45.61 93.13 0.0862
924.71 254.57 64.23 84.13 0.0861
983.22 276.07 38.72 57.47 0.0845
813.87 54.62 130.71 122.49 0.0813
463.34 0.00 87.73 49.42 0.0808
359.30 145.28 58.90 75.65 0.0802
676.56 210.00 105.21 149.36 0.0802
725.61 238.58 93.43 147.24 0.0798
761.38 515.95 45.74 76.20 0.0785
449.83 184.16 54.07 52.93 0.0775
150.11 249.54 28.68 53.47 0.0773
91.20 473.15 65.98 84.43 0.0764
483.58 1.57 130.77 71.63 0.0758
574.27 198.23 107.36 153.78 0.0750
630.63 202.31 111.07 187.26 0.0738
140.65 287.99 29.35 40.11 0.0715
836.21 373.22 53.52 77.59 0.0714
732.60 419.43 34.12 43.87 0.0711
737.95 460.18 31.29 48.89 0.0710
769.19 463.99 29.97 48.81 0.0704
346.76 462.40 139.11 159.70 0.0698
73.40 234.27 34.50 46.53 0.0697
881.08 123.44 70.21 99.19 0.0695
360.92 194.55 49.71 61.71 0.0682
83.82 283.07 38.14 47.49 0.0676
153.48 216.02 41.15 65.79 0.0668
781.53 565.60 71.08 78.31 0.0654
806.50 382.18 51.12 76.71 0.0645
96.47 430.63 109.33 184.79 0.0636
7.27 475.91 19.19 30.03 0.0631
455.44 317.37 117.64 133.95 0.0623
6.70 180.43 38.63 54.06 0.0623
992.76 34.06 31.24 120.11 0.0621
127.25 11.45 186.63 180.74 0.0618
898.70 363.13 67.47 80.05 0.0614
320.13 0.00 106.30 55.20 0.0611
327.66 90.68 105.28 119.97 0.0604
633.66 371.34 116.73 152.07 0.0604
215.67 230.82 50.50 104.84 0.0604
7.54 510.97 19.39 28.34 0.0598
765.87 387.86 36.06 49.75 0.0597
394.89 303.68 75.56 99.13 0.0594
113.71 290.30 42.60 81.41 0.0593
770.83 446.45 26.74 41.13 0.0591
58.31 510.25 54.34 64.34 0.0587
974.79 301.12 48.47 67.40 0.0586
641.06 11.29 208.87 329.11 0.0582
505.18 220.44 114.01 160.24 0.0581
810.31 470.74 27.78 41.94 0.0579
508.67 209.16 44.43 43.46 0.0568
207.03 185.59 63.21 95.27 0.0548
636.40 355.78 78.11 107.11 0.0538
38.65 260.72 37.43 41.81 0.0535
275.81 236.11 59.17 86.68 0.0532
129.87 321.46 58.97 104.02 0.0525
870.13 420.72 51.19 68.10 0.0518
767.09 418.15 29.82 43.84 0.0510
730.64 488.29 39.24 61.04 0.0510
728.73 318.88 90.46 144.03 0.0509
576.54 62.03 128.48 137.70 0.0508
792.23 520.22 48.73 73.22 0.0507
177.86 303.15 63.17 100.64 0.0505
913.52 401.43 52.14 63.37 0.0505
689.33 420.17 55.37 70.59 0.0502
692.68 456.04 46.85 72.48 0.0501
428.12 436.11 80.81 79.96 0.0501
164.66 107.24 153.06 190.57 0.0500
