45_Balloonist_Balloonist_45_207
30
478.27 267.70 208.66 392.36 0.4502
381.22 585.95 60.41 126.86 0.3825
73.46 475.05 192.45 307.87 0.2384
181.24 215.13 259.34 336.18 0.2293
324.47 555.62 93.09 144.51 0.2122
489.61 466.37 87.73 172.52 0.1846
281.60 588.89 163.95 194.71 0.1598
163.74 504.31 192.85 281.45 0.1594
437.43 741.89 312.30 393.85 0.1586
587.83 281.18 282.88 329.67 0.1474
154.19 815.71 311.65 350.35 0.1269
401.90 530.16 72.85 125.10 0.1057
650.21 597.64 124.57 133.95 0.1049
715.43 576.20 52.57 88.02 0.1030
478.84 494.18 123.61 246.71 0.0986
666.80 589.84 81.03 87.56 0.0970
87.43 337.20 313.03 399.03 0.0938
691.67 498.77 74.25 114.51 0.0911
683.26 416.71 109.15 175.38 0.0792
722.93 508.77 78.34 112.36 0.0778
719.53 508.20 240.74 500.28 0.0761
229.54 87.85 340.94 510.80 0.0645
494.13 189.21 335.94 329.49 0.0638
514.65 536.13 135.46 239.84 0.0615
652.83 503.20 104.93 170.26 0.0575
533.61 438.16 166.42 267.01 0.0552
71.09 549.99 126.37 170.47 0.0545
386.91 513.66 415.23 493.66 0.0541
263.05 385.25 172.10 192.78 0.0523
176.47 568.89 117.18 176.55 0.0516
