30_Surgeons_Surgeons_30_525
121
438.20 74.63 90.78 116.88 0.8869
228.16 195.60 72.92 91.52 0.6382
117.12 237.18 105.99 111.78 0.4271
617.28 94.16 79.31 92.76 0.3879
760.44 456.94 43.02 43.23 0.2987
311.13 181.52 56.84 74.52 0.2981
793.69 450.68 41.97 36.89 0.2903
240.61 226.55 115.79 119.71 0.2727
274.90 280.05 78.47 77.77 0.2310
952.13 249.21 26.55 25.92 0.2200
744.51 475.27 38.14 43.74 0.2132
612.12 39.07 160.17 186.78 0.2101
370.22 308.04 81.97 66.99 0.1931
44.03 100.59 193.85 215.26 0.1919
453.92 367.06 67.51 38.06 0.1728
190.43 2.09 100.44 45.86 0.1680
666.54 341.92 36.76 27.09 0.1661
141.29 222.01 149.51 136.61 0.1626
903.28 442.41 33.27 31.59 0.1623
743.53 437.43 44.64 37.21 0.1539
823.77 456.83 43.42 33.90 0.1496
889.79 444.59 34.73 36.36 0.1404
303.78 447.43 77.53 126.78 0.1331
742.48 491.32 29.49 41.89 0.1309
274.90 142.91 100.13 134.79 0.1308
154.74 146.78 141.44 154.32 0.1266
787.26 506.76 54.52 55.71 0.1236
651.08 345.47 59.73 43.70 0.1175
75.88 44.07 238.58 167.68 0.1152
62.19 251.54 165.35 148.03 0.1144
449.98 408.68 64.28 31.16 0.1142
787.45 520.92 65.12 77.65 0.1141
760.06 482.24 55.45 59.69 0.1094
775.28 331.61 29.41 38.04 0.1079
681.26 23.11 205.84 241.63 0.1053
577.97 403.48 94.79 40.93 0.1044
765.90 594.18 86.35 74.75 0.1040
682.82 342.48 34.45 30.21 0.1027
999.90 520.87 24.10 50.21 0.1026
603.30 363.25 65.72 37.85 0.1026
740.16 415.50 39.07 30.32 0.0978
149.20 0.00 68.71 32.28 0.0961
512.34 324.97 30.35 32.36 0.0961
788.69 632.80 58.38 51.20 0.0955
738.63 304.79 25.48 35.08 0.0928
488.97 359.63 52.67 29.42 0.0928
293.84 409.10 139.67 274.90 0.0926
37.90 530.41 30.36 46.30 0.0898
150.08 279.10 115.36 103.90 0.0877
948.47 270.48 49.37 65.94 0.0876
611.91 341.67 46.33 33.71 0.0855
791.23 303.67 62.06 74.72 0.0837
326.70 170.46 76.71 92.16 0.0837
992.20 444.52 29.17 45.81 0.0829
138.82 0.00 168.17 101.35 0.0809
582.42 321.92 35.68 36.55 0.0799
276.30 43.92 125.70 211.31 0.0796
830.96 467.43 39.46 42.74 0.0795
600.19 379.06 82.67 42.15 0.0785
804.99 286.49 140.95 118.86 0.0784
16.57 181.60 107.56 144.25 0.0774
532.39 525.42 74.39 57.37 0.0768
0.00 263.68 47.74 79.73 0.0751
986.30 659.25 31.98 24.75 0.0745
774.29 346.70 31.97 43.91 0.0741
39.00 510.71 25.70 36.35 0.0733
736.44 389.45 29.94 31.60 0.0727
763.25 418.85 38.17 39.96 0.0723
479.38 383.80 62.42 37.94 0.0716
877.11 470.87 34.24 45.11 0.0707
499.77 514.81 123.91 145.76 0.0704
831.18 505.34 43.39 52.37 0.0704
795.58 416.07 45.73 61.24 0.0685
869.85 491.35 49.47 66.48 0.0655
439.39 415.16 70.75 48.35 0.0654
812.32 615.66 57.61 59.41 0.0649
579.57 340.49 50.89 39.66 0.0647
455.84 316.61 64.78 52.14 0.0647
868.92 249.56 57.18 52.20 0.0642
985.02 262.83 36.69 50.62 0.0640
754.24 97.09 114.32 162.76 0.0639
900.69 477.55 45.94 44.92 0.0632
0.00 226.68 48.30 80.93 0.0630
11.96 88.78 58.66 76.73 0.0629
462.84 337.45 68.13 49.07 0.0618
983.38 279.56 40.62 76.66 0.0618
913.18 274.94 98.89 151.98 0.0616
207.15 378.91 168.46 232.10 0.0604
525.45 398.38 109.16 45.79 0.0603
993.82 474.19 30.18 62.31 0.0602
527.79 367.14 111.81 62.49 0.0601
79.79 508.65 27.51 42.36 0.0601
610.85 141.85 79.92 88.82 0.0599
584.32 419.90 137.47 116.13 0.0587
922.01 245.87 30.31 32.13 0.0582
705.68 530.45 28.64 37.78 0.0581
782.75 186.73 72.63 86.29 0.0581
943.36 496.52 48.94 96.81 0.0576
432.84 660.31 31.63 21.68 0.0571
579.26 158.02 63.70 85.47 0.0566
395.62 392.10 104.32 66.47 0.0566
472.34 397.57 75.08 40.55 0.0561
67.19 488.15 86.94 111.58 0.0559
286.53 298.66 105.84 98.00 0.0556
849.48 500.70 73.97 119.64 0.0554
953.52 600.48 37.68 59.22 0.0554
302.92 61.73 79.76 107.55 0.0551
183.95 12.48 174.07 152.30 0.0545
9.80 499.52 19.12 41.30 0.0544
720.46 54.29 113.60 105.92 0.0543
346.31 431.77 138.64 216.86 0.0536
669.48 323.16 36.27 37.37 0.0534
725.67 512.74 45.46 57.13 0.0532
323.37 193.11 175.40 190.78 0.0526
736.15 364.56 29.30 31.21 0.0523
426.31 12.35 85.90 67.52 0.0516
0.31 72.93 39.43 80.63 0.0515
735.45 331.66 30.46 35.61 0.0514
830.61 251.56 56.73 53.56 0.0513
287.76 415.63 90.97 101.53 0.0507
77.21 444.41 153.32 181.93 0.0500
