27_Spa_Spa_27_768
75
335.31 265.04 51.07 82.83 0.6594
568.56 241.65 68.42 90.14 0.5468
735.41 312.45 62.20 100.08 0.5282
198.62 345.05 49.12 78.78 0.4202
646.06 305.60 82.41 109.55 0.3011
564.87 249.53 97.65 145.78 0.2750
409.03 310.17 40.96 53.90 0.2237
546.20 229.33 166.33 262.52 0.1940
307.16 264.57 60.49 70.97 0.1836
158.94 354.27 71.52 84.27 0.1793
685.39 288.14 54.62 89.64 0.1726
434.10 292.84 36.46 56.21 0.1538
261.24 346.86 45.73 68.10 0.1514
769.73 319.68 58.67 62.43 0.1509
263.04 326.32 30.60 44.08 0.1480
164.73 292.46 82.44 115.32 0.1364
76.48 369.87 26.30 41.63 0.1352
114.01 366.87 23.22 39.78 0.1338
155.80 335.16 118.92 198.41 0.1314
837.60 734.00 33.56 66.39 0.1224
118.47 390.73 33.78 56.41 0.1224
81.24 394.69 21.94 37.19 0.1198
257.86 359.36 62.66 93.09 0.1193
9.34 370.66 18.83 38.24 0.1173
741.48 368.55 102.81 99.35 0.1054
697.67 251.24 44.20 62.93 0.1041
726.69 246.05 59.75 93.88 0.1039
301.53 291.74 49.82 68.63 0.1027
474.17 301.80 49.88 67.71 0.0979
285.11 349.84 51.20 78.57 0.0976
226.37 357.05 110.36 147.42 0.0886
5.05 395.53 21.17 49.52 0.0865
419.98 333.90 45.68 67.21 0.0829
804.73 372.58 75.56 78.65 0.0796
814.74 469.72 64.06 72.20 0.0796
827.83 365.73 45.13 52.45 0.0791
454.16 191.92 170.17 195.24 0.0779
319.81 347.07 51.71 76.79 0.0777
301.79 362.35 63.33 92.11 0.0767
907.72 631.45 40.36 83.31 0.0745
866.20 401.48 44.49 47.66 0.0740
490.02 287.30 76.37 104.59 0.0728
758.63 255.26 43.16 65.69 0.0727
646.19 242.64 57.16 69.21 0.0720
113.84 328.43 23.50 45.91 0.0720
346.91 363.14 51.03 81.47 0.0717
925.01 334.65 20.72 25.56 0.0699
402.45 259.92 51.48 94.10 0.0698
802.14 428.04 89.39 92.38 0.0692
942.96 392.36 42.96 54.38 0.0688
269.66 567.12 96.71 75.23 0.0680
426.52 252.19 73.57 120.20 0.0677
120.38 386.53 80.78 112.15 0.0666
723.20 407.91 74.49 73.75 0.0645
285.15 490.55 225.55 232.58 0.0643
881.68 329.74 20.13 32.18 0.0642
968.85 718.66 53.91 108.13 0.0638
639.06 354.43 131.40 133.24 0.0619
840.57 329.26 29.24 38.61 0.0617
877.78 368.44 30.28 41.25 0.0593
953.44 328.26 24.51 32.44 0.0591
921.87 727.76 81.63 139.89 0.0584
895.62 677.03 74.74 143.22 0.0584
866.65 694.82 63.03 133.21 0.0569
911.63 394.34 49.35 60.35 0.0561
45.20 360.26 25.53 42.05 0.0560
540.71 480.18 68.50 68.81 0.0559
878.45 673.57 33.11 71.82 0.0547
346.80 464.36 152.68 158.19 0.0545
905.31 452.64 47.39 65.63 0.0526
948.70 372.44 34.26 38.42 0.0525
98.84 198.01 230.66 248.27 0.0516
2.41 418.83 24.34 55.14 0.0511
920.13 367.20 32.34 35.81 0.0508
843.64 695.41 35.72 69.75 0.0504
