27_Spa_Spa_27_728
35
199.16 386.76 468.81 395.24 0.3115
738.70 410.92 189.92 153.76 0.2745
365.93 0.00 475.13 529.12 0.2665
850.70 88.64 147.29 99.02 0.1873
827.68 123.07 177.12 113.72 0.1644
334.30 69.93 308.97 326.90 0.1612
453.11 168.32 453.33 575.41 0.1606
949.29 442.44 74.71 124.42 0.1464
777.56 141.24 78.86 52.92 0.1437
357.95 104.83 226.69 172.23 0.1276
692.43 306.58 199.07 270.53 0.1243
0.00 263.50 520.68 518.50 0.1240
455.39 113.57 93.37 77.66 0.1226
370.46 115.21 120.75 91.21 0.1121
517.37 85.00 297.36 289.81 0.1116
181.79 144.10 562.57 538.41 0.0991
857.35 430.62 166.65 166.23 0.0879
649.96 185.78 227.10 178.80 0.0848
648.64 121.48 181.55 167.89 0.0827
964.27 171.45 59.73 69.36 0.0815
756.83 70.02 267.17 276.14 0.0788
694.77 417.82 202.66 364.18 0.0752
694.27 159.34 89.71 57.29 0.0740
736.43 128.25 187.57 119.42 0.0729
750.79 109.33 121.96 88.76 0.0684
860.55 8.49 160.35 131.30 0.0684
0.00 26.73 486.01 546.18 0.0658
881.33 230.24 138.07 76.96 0.0637
0.00 191.36 224.50 368.06 0.0597
926.06 93.45 97.94 111.34 0.0596
377.63 635.67 159.63 146.33 0.0571
732.00 152.96 110.94 58.73 0.0570
347.94 104.93 70.45 59.74 0.0569
501.60 77.76 122.73 129.77 0.0557
294.96 101.71 143.84 145.88 0.0523
