31_Waiter_Waitress_Waiter_Waitress_31_358
149
312.43 280.51 56.32 69.82 0.8516
489.30 273.11 76.64 108.86 0.7876
167.00 313.90 50.45 67.32 0.5188
3.75 213.63 44.22 66.44 0.3738
369.89 213.37 67.53 70.57 0.3262
147.70 222.15 80.56 85.69 0.3119
141.56 306.23 90.33 124.75 0.2820
997.64 314.68 25.74 46.45 0.2664
365.47 247.83 47.66 66.88 0.2636
544.95 329.11 49.45 65.64 0.2612
694.47 426.63 46.59 41.09 0.2439
581.03 317.28 69.75 85.75 0.2406
423.20 241.87 49.71 69.82 0.2380
796.28 177.58 87.29 75.25 0.2249
4.79 390.49 108.38 95.65 0.2176
664.45 423.49 52.57 47.21 0.1956
591.04 344.45 91.73 89.60 0.1947
75.78 293.89 154.42 182.91 0.1894
442.99 269.98 40.84 85.55 0.1874
148.80 173.88 59.14 67.01 0.1827
654.05 344.58 50.63 62.51 0.1804
469.62 301.79 64.90 92.63 0.1758
612.68 452.90 61.24 61.68 0.1612
709.14 413.04 49.64 55.16 0.1603
114.93 234.40 70.96 75.31 0.1530
364.91 322.96 32.44 48.87 0.1469
921.74 371.37 34.64 45.24 0.1410
441.97 306.50 48.03 79.53 0.1386
393.64 329.39 40.09 46.10 0.1362
675.39 354.06 45.01 44.47 0.1340
145.12 166.85 97.93 112.99 0.1334
947.23 372.62 45.63 56.87 0.1264
116.97 178.54 34.49 54.95 0.1236
678.06 369.13 54.42 56.24 0.1225
830.39 36.23 167.25 91.80 0.1206
216.25 44.58 80.00 66.81 0.1198
695.07 556.93 34.86 36.78 0.1155
216.05 28.72 194.04 189.23 0.1133
817.16 65.88 60.52 34.83 0.1130
11.74 236.32 57.15 91.00 0.1123
941.93 387.51 70.91 108.19 0.1119
647.56 528.08 46.70 49.04 0.1081
156.43 262.11 89.74 100.94 0.1077
384.60 261.43 52.92 62.40 0.1063
745.46 247.68 139.04 143.52 0.1058
644.45 549.15 50.18 46.87 0.1052
105.26 256.86 87.36 150.99 0.1007
645.49 429.08 62.27 67.11 0.0991
113.26 202.23 51.95 76.70 0.0972
814.57 74.62 35.55 31.46 0.0971
614.95 501.34 52.28 52.02 0.0949
729.37 387.42 37.26 47.77 0.0940
0.00 345.62 64.52 97.59 0.0928
805.76 71.73 78.52 58.29 0.0924
754.97 322.72 91.54 64.75 0.0924
864.43 605.29 49.18 38.32 0.0920
763.57 346.52 51.28 43.01 0.0903
993.39 633.51 28.26 29.73 0.0900
794.52 348.65 55.39 41.04 0.0875
57.19 262.65 78.21 131.90 0.0871
800.80 630.48 79.31 49.18 0.0870
261.85 365.83 31.98 53.16 0.0867
807.53 603.46 84.76 52.54 0.0862
0.00 493.99 62.59 57.80 0.0850
764.20 563.12 69.07 38.53 0.0841
952.13 288.69 55.98 69.18 0.0838
593.47 385.08 55.77 56.48 0.0838
1.78 402.47 209.37 106.53 0.0831
985.99 314.29 38.01 89.26 0.0831
387.83 311.01 44.60 44.71 0.0819
297.98 34.73 131.79 86.63 0.0817
992.94 253.58 26.04 52.54 0.0809
509.60 371.76 42.13 51.43 0.0806
992.12 608.89 26.35 27.91 0.0804
917.38 602.95 31.08 27.30 0.0802
468.90 357.73 44.83 62.50 0.0801
812.19 80.67 114.19 118.97 0.0795
913.97 377.61 67.32 108.77 0.0794
674.65 531.35 59.74 67.13 0.0791
755.90 607.18 91.39 52.00 0.0789
18.30 191.74 58.67 78.21 0.0772
245.62 16.58 121.35 55.97 0.0768
344.78 72.34 87.13 68.03 0.0768
951.84 604.98 30.41 25.94 0.0765
961.02 140.78 60.13 79.45 0.0762
38.78 236.80 79.52 102.84 0.0753
15.65 439.45 124.20 76.35 0.0745
754.83 633.93 96.67 49.07 0.0741
146.50 148.82 37.33 58.16 0.0731
812.62 349.61 74.68 76.80 0.0712
878.28 71.14 145.72 140.10 0.0712
823.81 130.75 87.48 85.89 0.0704
992.70 239.22 23.46 34.44 0.0702
465.15 440.74 39.20 68.74 0.0701
290.35 332.48 45.14 61.61 0.0693
518.67 161.59 82.69 61.05 0.0683
952.32 630.12 32.71 28.75 0.0681
166.37 142.85 68.23 84.13 0.0678
918.15 201.04 35.37 43.75 0.0671
990.67 215.60 27.86 39.36 0.0669
390.62 371.19 45.94 71.23 0.0660
942.94 526.40 44.51 59.36 0.0658
871.76 349.47 41.52 43.58 0.0652
323.36 319.21 53.99 80.59 0.0648
471.75 398.74 39.32 73.74 0.0647
660.28 486.52 91.97 102.24 0.0647
899.53 337.19 49.50 60.69 0.0645
546.37 536.56 53.06 39.22 0.0641
356.66 292.35 37.70 61.75 0.0640
732.90 362.10 38.41 41.10 0.0636
307.08 152.49 72.35 100.89 0.0633
908.82 293.64 52.46 72.97 0.0632
408.17 481.65 36.90 56.32 0.0628
199.08 124.96 89.42 126.08 0.0625
619.06 595.15 45.01 40.89 0.0624
547.13 399.83 37.81 47.34 0.0616
922.82 273.30 43.84 59.67 0.0613
701.61 557.44 73.16 48.31 0.0603
713.56 229.15 88.08 128.50 0.0601
513.40 0.00 363.77 267.39 0.0588
864.54 351.60 59.38 74.05 0.0587
842.13 209.36 64.48 56.24 0.0586
739.77 378.75 69.83 91.80 0.0579
599.93 297.93 97.28 103.64 0.0579
557.62 255.11 93.72 120.53 0.0577
718.92 604.55 84.94 46.44 0.0570
8.68 500.19 107.43 63.81 0.0569
988.37 646.88 35.63 35.42 0.0563
861.36 627.44 55.17 43.86 0.0561
243.80 277.42 53.76 78.64 0.0547
334.84 12.78 124.45 67.15 0.0545
563.13 131.26 199.36 111.37 0.0543
916.79 425.34 74.55 98.98 0.0543
719.39 628.02 95.02 52.41 0.0542
962.39 498.91 49.20 46.50 0.0538
740.86 434.71 157.04 116.14 0.0537
925.78 465.32 51.54 54.95 0.0536
331.17 202.01 66.87 94.94 0.0533
510.93 536.55 55.97 48.18 0.0532
746.83 370.16 55.73 54.54 0.0526
346.91 366.76 58.93 91.81 0.0516
565.93 532.65 56.64 47.68 0.0515
596.78 431.33 57.06 56.31 0.0515
916.54 632.48 31.38 28.99 0.0512
85.63 34.55 123.23 77.72 0.0510
730.04 326.52 45.04 52.23 0.0506
717.74 576.84 70.30 40.80 0.0506
745.20 181.59 131.27 115.24 0.0503
946.01 209.42 49.22 39.64 0.0500
