31_Waiter_Waitress_Waiter_Waitress_31_858
26
392.38 53.61 124.22 173.47 0.9210
695.18 393.89 40.10 79.45 0.3108
193.86 793.55 54.71 124.72 0.2615
727.00 390.14 47.11 73.16 0.2224
642.46 433.43 72.35 105.73 0.2115
762.85 387.72 33.18 62.21 0.1768
245.21 881.69 127.58 478.24 0.1672
626.35 389.15 70.78 117.28 0.1312
399.42 750.10 140.03 181.68 0.1196
732.60 374.69 79.88 111.72 0.1055
240.16 776.92 68.79 135.20 0.0905
630.34 702.95 96.68 150.45 0.0881
759.81 349.49 39.85 84.95 0.0833
694.11 346.74 50.63 100.33 0.0831
424.85 945.06 178.64 550.92 0.0796
728.18 347.93 47.96 89.60 0.0757
585.05 442.86 116.08 169.05 0.0658
649.20 339.21 63.41 128.51 0.0644
584.19 377.27 101.99 166.43 0.0641
704.69 652.18 156.70 240.26 0.0623
247.42 630.15 39.65 110.97 0.0565
455.40 752.46 126.64 249.34 0.0558
177.76 299.37 125.55 308.31 0.0546
203.72 695.74 61.28 176.95 0.0544
761.25 349.69 114.83 156.38 0.0529
235.16 665.56 68.00 193.87 0.0506
