35_Basketball_basketballgame_ball_35_256
33
593.42 341.95 430.58 357.05 0.8190
558.17 131.94 465.83 224.41 0.5186
434.37 60.51 373.02 89.60 0.4039
226.47 96.45 353.22 152.26 0.3300
495.46 83.49 397.70 168.46 0.2924
236.10 136.73 478.06 201.85 0.2689
384.30 27.97 328.64 37.29 0.1901
364.34 101.62 367.98 139.19 0.1856
21.13 310.57 36.73 286.17 0.1718
64.68 333.44 88.04 365.56 0.1586
2.27 408.94 74.38 290.06 0.1080
575.48 58.46 448.52 108.69 0.0994
102.50 334.99 159.51 364.01 0.0962
177.87 61.04 305.96 119.75 0.0906
116.61 226.51 126.70 312.64 0.0895
529.49 226.70 494.51 316.33 0.0783
405.66 139.98 432.19 331.14 0.0722
160.48 146.08 202.87 201.06 0.0703
472.18 23.18 443.87 55.37 0.0698
301.29 301.30 493.47 397.70 0.0648
129.95 152.29 399.26 318.76 0.0638
615.61 15.80 408.39 46.66 0.0569
252.21 28.72 308.32 32.19 0.0560
14.54 189.82 52.26 259.95 0.0460
601.08 24.73 422.92 18.83 0.0448
52.56 168.73 118.22 309.88 0.0410
100.15 301.58 308.06 305.48 0.0408
112.70 387.84 430.26 311.16 0.0335
239.25 202.80 474.00 347.76 0.0330
220.99 34.60 377.87 8.82 0.0329
34.59 241.37 1.02 293.48 0.0274
449.40 40.24 504.70 0.74 0.0265
121.12 131.23 133.37 248.34 0.0262
