35_Basketball_playingbasketball_35_195
24
436.70 385.19 367.33 424.81 0.6033
607.80 367.93 416.20 335.16 0.5493
231.58 382.01 344.05 427.99 0.3313
161.00 389.68 190.62 420.32 0.3143
79.09 419.77 60.03 360.10 0.3013
17.62 370.80 46.44 329.29 0.2443
112.55 372.98 138.39 326.72 0.2401
313.19 139.45 467.06 117.63 0.1135
151.39 297.47 354.79 309.41 0.1092
226.84 233.61 352.63 267.47 0.0934
188.84 296.16 135.51 328.01 0.0884
311.19 144.07 318.48 268.95 0.0797
24.91 338.68 29.99 233.82 0.0679
588.60 207.31 435.40 325.41 0.0675
37.10 443.97 1.02 308.08 0.0672
607.33 119.21 416.67 169.98 0.0543
53.12 332.45 110.80 262.48 0.0491
496.30 306.55 397.65 330.39 0.0440
313.72 79.02 461.11 127.43 0.0421
593.55 64.16 430.45 123.20 0.0362
34.65 457.89 1.02 352.11 0.0337
605.78 19.24 418.22 57.40 0.0271
33.48 536.56 11.56 273.44 0.0233
32.23 330.55 1.02 262.33 0.0208
