35_Basketball_playingbasketball_35_127
39
604.45 51.18 419.55 94.45 0.7019
614.67 86.15 409.33 166.76 0.5955
357.59 111.38 378.27 118.63 0.5319
216.08 62.71 372.42 78.91 0.5191
244.66 118.48 315.07 234.63 0.5191
617.87 17.63 406.13 49.92 0.5070
57.18 105.88 104.85 270.55 0.4969
121.08 123.39 123.53 232.71 0.4533
166.69 56.38 174.50 84.99 0.4466
177.29 134.15 154.86 209.74 0.4318
449.88 135.53 341.27 199.53 0.4206
120.07 62.66 118.89 74.30 0.4194
148.53 102.87 362.50 134.13 0.3749
25.60 105.87 29.22 269.55 0.3658
15.73 87.14 49.52 173.63 0.3629
65.02 53.91 87.28 100.79 0.3528
149.33 20.77 213.38 46.55 0.3427
612.20 177.62 411.80 250.44 0.3408
359.81 173.71 377.32 254.76 0.3180
112.07 11.15 139.43 63.08 0.3131
354.57 76.71 379.27 86.54 0.2645
32.00 62.19 15.40 85.28 0.2498
3.74 11.43 70.97 57.01 0.1970
80.19 15.50 60.78 47.08 0.1969
206.15 25.81 390.66 44.57 0.1930
562.42 325.24 461.58 233.60 0.1815
501.34 217.99 392.49 301.93 0.1369
11.13 79.07 53.22 53.90 0.1284
613.22 25.74 321.25 24.82 0.0753
552.38 113.96 290.53 116.38 0.0525
492.87 370.67 405.16 317.33 0.0490
372.82 36.17 348.22 22.74 0.0391
174.64 177.99 28.90 231.10 0.0368
244.41 218.84 318.58 283.43 0.0361
333.33 37.29 298.48 0.69 0.0312
37.67 140.29 1.02 318.09 0.0280
114.73 119.23 1.07 342.50 0.0276
362.07 260.88 385.02 339.53 0.0242
109.21 221.89 293.14 275.95 0.0215
