53_Raid_policeraid_53_951
38
386.12 204.89 273.57 330.44 0.7302
323.71 119.28 60.78 166.48 0.4112
349.61 441.28 132.81 187.46 0.2706
574.28 92.39 95.28 255.26 0.2462
476.38 56.60 214.06 406.59 0.2143
371.39 106.88 203.95 310.95 0.1750
361.77 96.01 93.25 224.07 0.1505
740.87 887.63 92.86 109.28 0.1286
313.44 141.05 107.54 230.59 0.1044
325.62 258.99 87.25 136.43 0.1027
498.98 654.02 155.17 306.60 0.0999
565.19 832.58 100.81 186.24 0.0985
539.21 628.64 131.78 201.01 0.0935
326.19 663.30 96.99 153.22 0.0902
707.11 646.45 86.17 140.95 0.0881
381.71 100.23 59.78 137.06 0.0867
412.48 43.82 20.19 29.75 0.0830
486.76 568.56 144.30 256.58 0.0809
409.14 64.10 24.31 41.01 0.0781
0.00 80.60 379.22 589.78 0.0774
318.94 384.13 137.70 155.22 0.0735
293.55 479.98 110.30 173.72 0.0729
671.35 147.33 105.83 269.78 0.0720
355.23 215.47 109.51 208.40 0.0711
604.75 48.58 96.09 200.94 0.0697
364.65 65.34 30.85 63.01 0.0659
644.93 882.40 57.98 127.70 0.0646
334.85 71.03 37.54 103.46 0.0643
408.85 83.30 63.70 139.49 0.0631
760.76 942.09 82.57 81.91 0.0593
439.04 68.25 25.89 39.80 0.0580
700.36 736.15 49.30 75.48 0.0562
645.30 800.25 45.02 90.14 0.0559
441.67 42.46 22.61 31.47 0.0546
598.87 156.93 96.59 273.69 0.0538
658.45 26.98 62.29 63.24 0.0517
519.10 0.00 35.71 43.38 0.0514
714.76 11.44 90.38 90.17 0.0504
