53_Raid_policeraid_53_178
110
868.37 276.60 41.78 56.82 0.6214
575.22 100.47 84.86 93.97 0.5719
146.66 403.76 47.57 95.41 0.4177
692.93 200.08 164.81 181.05 0.2976
396.27 268.19 44.41 62.18 0.2781
602.37 104.14 122.55 145.74 0.2223
334.42 357.79 35.46 42.14 0.2212
650.60 137.01 179.28 137.54 0.1947
261.67 268.11 23.45 37.65 0.1936
644.64 484.25 118.33 128.07 0.1839
917.35 559.09 40.91 71.10 0.1708
353.25 364.79 38.60 47.16 0.1677
261.13 321.12 23.56 34.13 0.1638
140.53 352.80 66.92 130.22 0.1575
76.55 287.67 23.41 32.76 0.1540
30.47 312.63 37.85 42.16 0.1491
153.16 260.87 20.07 29.47 0.1410
7.99 172.85 18.66 35.29 0.1406
260.29 290.09 25.61 41.45 0.1381
399.51 347.55 41.06 53.27 0.1359
375.04 267.01 41.12 57.20 0.1304
897.68 346.17 66.27 98.53 0.1288
411.43 276.05 63.87 95.74 0.1285
854.34 444.66 57.83 93.99 0.1275
948.86 577.35 41.93 62.02 0.1261
385.58 398.39 46.89 70.64 0.1255
223.39 322.63 29.64 41.82 0.1251
864.69 324.93 73.08 120.03 0.1190
392.63 376.58 45.60 66.19 0.1167
168.96 330.50 42.85 63.29 0.1120
232.63 267.76 22.28 31.50 0.1117
153.44 285.84 22.68 35.76 0.1116
229.68 291.34 22.80 33.44 0.1094
454.51 264.87 92.78 127.31 0.1023
998.67 258.30 23.62 44.36 0.1012
300.78 346.02 62.79 60.94 0.0993
360.54 314.59 39.96 54.97 0.0988
183.35 320.12 30.94 46.11 0.0979
950.27 692.89 42.61 60.40 0.0946
877.63 274.54 60.99 69.02 0.0927
184.10 293.51 26.76 32.85 0.0924
9.76 298.38 32.76 56.52 0.0915
406.59 350.57 82.60 130.51 0.0902
838.36 229.09 65.03 115.93 0.0901
331.93 322.40 41.20 56.14 0.0894
370.34 387.28 42.95 73.02 0.0871
965.47 676.24 55.11 98.72 0.0863
950.47 711.67 54.38 83.09 0.0830
331.33 280.89 30.99 45.45 0.0830
936.67 361.89 48.28 82.24 0.0826
150.25 315.47 35.73 55.78 0.0817
509.63 265.53 102.99 140.83 0.0816
982.08 603.68 41.92 89.18 0.0805
509.80 108.86 111.90 112.82 0.0800
115.35 284.36 31.19 39.03 0.0795
952.15 255.19 33.62 54.49 0.0790
293.36 317.65 38.90 50.25 0.0785
427.94 511.75 52.48 136.91 0.0784
117.37 265.36 24.86 34.42 0.0784
992.58 539.69 30.02 60.88 0.0782
109.79 385.63 83.97 138.89 0.0777
539.88 241.53 83.10 99.75 0.0762
557.67 0.00 76.03 50.21 0.0750
430.25 329.40 118.86 154.12 0.0747
288.55 283.92 35.06 42.98 0.0745
638.07 172.24 143.11 177.34 0.0738
373.03 455.21 85.57 171.57 0.0730
1000.10 281.81 23.90 52.36 0.0729
76.01 304.07 25.25 47.05 0.0720
942.55 271.26 39.75 66.14 0.0718
973.85 728.24 49.81 91.76 0.0713
82.61 389.88 54.97 110.52 0.0711
565.65 190.69 101.13 112.89 0.0709
197.66 377.09 196.21 310.74 0.0704
998.29 518.52 25.71 46.95 0.0695
919.98 690.15 44.21 64.63 0.0694
110.25 323.33 88.35 115.35 0.0683
873.72 418.49 70.15 103.36 0.0676
841.35 468.76 55.20 101.34 0.0664
998.14 300.60 25.86 60.55 0.0656
383.34 336.88 191.62 223.89 0.0650
613.60 225.30 122.79 168.96 0.0643
536.06 138.04 107.34 132.84 0.0643
819.70 526.18 63.90 103.30 0.0638
830.52 274.15 85.26 139.39 0.0631
292.50 269.27 30.08 39.24 0.0617
772.76 513.04 83.68 125.34 0.0611
196.84 328.79 85.26 116.13 0.0601
11.00 318.11 46.86 61.60 0.0599
300.12 337.99 94.89 127.07 0.0595
842.72 177.10 84.19 101.12 0.0591
951.77 662.52 41.77 59.24 0.0585
944.98 136.26 35.54 42.92 0.0580
450.11 260.56 160.08 219.79 0.0573
902.52 514.82 46.49 80.44 0.0568
178.11 266.06 29.14 31.84 0.0565
364.44 397.71 74.26 172.78 0.0558
79.48 341.07 25.44 52.74 0.0555
113.00 309.62 50.85 58.12 0.0551
950.51 607.39 58.70 86.54 0.0543
553.57 273.87 87.08 120.83 0.0539
913.13 619.77 54.54 104.97 0.0534
367.54 532.50 51.09 98.62 0.0533
81.89 355.70 39.75 89.22 0.0532
994.21 335.54 29.79 73.38 0.0532
950.28 225.01 33.10 53.23 0.0525
857.23 525.30 65.34 101.50 0.0525
82.28 416.62 77.28 189.28 0.0524
831.86 366.05 66.10 88.60 0.0517
41.57 264.29 33.58 54.06 0.0517
