53_Raid_policeraid_53_208
86
574.89 43.92 43.56 59.17 0.8713
696.44 58.91 50.42 64.62 0.8674
95.23 99.92 47.82 56.80 0.7680
446.26 81.73 56.80 72.87 0.7219
893.42 58.44 47.85 70.12 0.7216
350.81 65.70 47.00 70.39 0.6372
395.06 70.29 42.27 66.02 0.6353
302.77 76.23 37.03 51.94 0.4915
262.87 56.18 55.25 68.47 0.3103
374.50 257.67 34.11 34.54 0.2863
336.57 52.09 41.85 74.43 0.2399
323.35 77.74 44.98 66.02 0.2183
298.42 15.52 42.54 45.15 0.1539
1001.31 13.81 22.69 41.09 0.1509
1000.46 65.70 23.54 46.09 0.1461
999.86 89.09 23.89 51.56 0.1440
855.15 180.87 49.02 78.88 0.1426
677.91 378.74 77.66 138.29 0.1361
312.83 23.37 40.44 43.33 0.1346
141.50 425.58 30.66 48.55 0.1300
987.53 229.84 35.58 85.37 0.1123
834.60 265.54 32.34 44.22 0.1106
300.26 4.23 31.39 31.20 0.1099
261.81 24.08 41.03 44.49 0.1079
657.48 14.15 30.54 43.37 0.1070
1001.33 40.84 22.67 44.01 0.1069
251.61 96.14 50.17 61.79 0.1063
447.46 55.05 40.17 66.75 0.1047
648.81 0.00 40.09 39.53 0.1045
282.75 248.77 35.97 45.81 0.1039
411.68 27.17 33.27 43.58 0.1020
102.04 292.15 46.81 43.46 0.1005
110.77 245.34 74.45 88.60 0.1005
827.33 226.82 54.92 77.02 0.0963
870.41 172.06 33.88 45.43 0.0902
440.44 525.56 31.84 30.90 0.0856
82.00 409.25 50.31 109.15 0.0838
909.36 206.28 48.27 88.91 0.0835
992.61 113.07 31.39 86.10 0.0821
174.79 210.10 35.48 56.96 0.0808
993.94 204.30 28.80 73.59 0.0803
338.52 262.94 57.44 42.62 0.0763
145.48 396.69 34.68 66.17 0.0759
649.63 91.30 43.32 66.09 0.0734
925.65 65.34 63.29 104.98 0.0728
630.00 0.00 34.82 33.62 0.0718
480.38 475.32 24.46 48.78 0.0707
987.24 275.12 35.15 80.22 0.0695
955.57 215.55 49.58 84.03 0.0694
370.96 25.52 32.94 45.46 0.0692
265.93 4.03 25.89 20.14 0.0685
998.76 417.55 19.87 36.17 0.0683
262.18 244.22 35.22 49.76 0.0678
438.70 258.41 43.59 40.31 0.0672
907.06 27.83 43.19 86.22 0.0666
988.60 466.90 28.63 63.56 0.0663
532.06 227.50 115.12 202.31 0.0663
360.31 256.59 52.82 63.78 0.0629
720.65 25.15 39.61 64.84 0.0628
151.89 366.78 30.61 43.67 0.0624
75.81 290.20 60.03 55.73 0.0623
397.18 509.16 40.53 42.32 0.0622
662.04 288.31 64.20 109.98 0.0620
627.48 19.24 29.76 42.99 0.0611
175.81 245.72 37.04 73.37 0.0611
97.09 387.73 46.86 82.02 0.0609
208.07 80.10 55.35 66.59 0.0595
146.57 333.58 33.90 48.69 0.0593
425.72 544.33 49.03 37.90 0.0591
798.10 179.99 56.80 95.32 0.0589
420.90 562.66 80.63 49.44 0.0588
539.50 132.24 59.97 70.99 0.0584
102.57 74.45 68.36 72.52 0.0580
512.40 122.85 51.69 74.66 0.0557
1000.03 397.47 19.82 39.43 0.0552
102.00 364.53 41.23 44.90 0.0541
441.32 189.69 42.95 72.89 0.0534
435.35 25.26 30.38 41.53 0.0530
139.75 200.12 50.41 75.36 0.0528
458.87 253.72 49.28 44.77 0.0524
222.66 254.04 44.48 59.08 0.0511
914.92 311.46 49.03 53.99 0.0511
373.63 494.15 34.29 50.24 0.0509
364.90 227.50 52.84 61.86 0.0508
228.69 25.88 35.29 39.95 0.0508
78.05 393.12 32.09 62.10 0.0500
