40_Gymnastics_Gymnastics_40_911
14
595.88 90.90 428.12 139.85 0.1283
585.57 49.04 438.43 109.20 0.0872
461.37 298.97 467.58 355.03 0.0842
126.81 135.89 252.14 187.15 0.0535
603.59 8.61 420.41 64.79 0.0368
568.86 221.04 455.14 278.30 0.0359
104.27 143.30 156.93 294.59 0.0337
15.82 433.68 46.03 220.32 0.0289
50.05 121.12 125.09 218.00 0.0249
253.21 295.74 446.99 358.26 0.0223
169.12 128.26 465.66 198.04 0.0220
167.83 307.40 182.89 346.60 0.0213
126.52 302.80 119.08 351.20 0.0212
406.10 105.07 436.23 127.79 0.0208
