61_Street_Battle_streetfight_61_12
152
599.00 153.32 67.92 104.23 0.8710
223.08 264.30 30.39 37.66 0.6883
21.27 141.61 59.89 86.19 0.6564
406.61 209.89 61.81 95.32 0.5782
151.47 248.93 29.36 37.86 0.5620
732.01 112.27 60.69 95.10 0.5479
488.44 206.16 39.43 64.21 0.5002
84.57 231.92 37.47 47.43 0.4670
685.64 543.82 46.87 65.73 0.3547
915.78 581.33 70.13 170.38 0.3542
375.82 324.51 65.87 79.35 0.3453
433.57 185.85 67.03 98.97 0.2753
363.41 226.57 102.01 176.58 0.2710
838.49 97.86 43.34 76.38 0.2672
589.51 351.87 47.41 53.66 0.2592
558.67 421.84 25.53 38.19 0.2572
786.25 91.31 65.25 90.39 0.2180
39.65 235.25 42.45 54.50 0.2178
262.65 271.06 23.62 29.35 0.2120
21.17 633.87 36.20 50.15 0.1795
579.73 0.77 32.52 31.26 0.1498
503.72 325.34 42.94 59.78 0.1486
550.78 333.33 70.32 74.10 0.1433
781.55 421.33 136.54 186.50 0.1411
368.36 216.99 56.72 94.83 0.1404
0.00 217.38 36.28 73.75 0.1371
192.92 246.73 27.88 36.59 0.1342
919.09 93.86 41.18 106.51 0.1329
585.04 400.27 46.15 73.47 0.1325
345.25 408.56 189.72 173.49 0.1304
195.63 333.80 56.64 83.06 0.1288
292.92 307.20 118.58 146.09 0.1256
480.33 307.43 45.04 74.65 0.1235
569.40 464.00 44.95 94.55 0.1222
690.10 16.90 102.43 192.31 0.1215
746.42 110.42 89.38 130.37 0.1212
720.28 377.36 40.86 52.34 0.1193
158.46 571.43 39.10 47.11 0.1166
853.20 482.30 115.33 262.95 0.1159
695.10 364.94 38.67 53.08 0.1147
295.04 322.31 46.87 79.48 0.1124
442.30 142.92 92.97 132.39 0.1122
190.54 262.21 28.37 35.70 0.1118
897.93 452.40 100.51 232.13 0.1097
666.34 0.73 62.78 90.39 0.1087
688.44 432.38 48.33 70.93 0.1086
652.42 364.52 45.53 46.91 0.1086
185.57 322.70 84.47 142.40 0.1084
710.63 492.88 58.52 102.11 0.1055
343.36 323.68 113.35 134.72 0.1030
260.69 279.17 29.47 43.01 0.1029
728.66 181.65 83.65 173.84 0.1025
527.91 50.04 49.18 63.81 0.1019
240.19 242.67 43.70 54.47 0.0986
678.20 131.69 69.90 135.66 0.0957
825.09 31.30 94.29 190.96 0.0953
330.64 193.21 66.13 110.38 0.0931
501.35 248.05 48.68 70.67 0.0925
398.99 42.75 32.22 35.19 0.0921
592.66 359.75 85.40 131.37 0.0916
288.89 284.82 39.20 59.26 0.0912
732.75 451.79 109.55 146.00 0.0900
290.20 528.22 63.48 73.84 0.0897
887.99 315.87 67.78 144.88 0.0895
148.17 221.41 28.37 56.18 0.0893
558.40 0.07 27.40 26.18 0.0882
530.99 313.29 68.17 78.06 0.0879
625.02 0.00 35.28 29.70 0.0866
230.14 376.94 96.19 103.39 0.0860
531.65 278.15 48.16 60.26 0.0860
283.44 261.83 42.39 56.54 0.0848
505.83 290.71 48.97 79.28 0.0845
938.00 307.44 64.82 147.46 0.0832
640.56 368.89 65.30 90.53 0.0828
7.90 588.26 28.98 54.24 0.0825
448.27 649.23 85.31 109.69 0.0823
841.10 332.87 101.46 164.14 0.0810
128.04 336.40 66.40 113.99 0.0796
242.25 331.93 73.88 88.21 0.0785
320.71 249.92 97.67 135.87 0.0782
891.98 188.67 79.68 162.39 0.0780
286.77 228.76 45.92 58.52 0.0760
672.31 609.73 64.93 136.72 0.0749
225.03 216.05 34.62 63.80 0.0748
718.13 377.54 83.52 107.65 0.0746
655.76 502.71 46.29 85.25 0.0744
634.77 463.28 57.06 79.15 0.0743
802.68 360.96 104.02 152.65 0.0728
618.29 498.42 34.26 63.59 0.0722
602.73 311.82 50.09 68.27 0.0721
191.24 214.28 30.99 41.76 0.0711
0.00 16.71 30.12 74.91 0.0707
255.87 313.82 50.79 69.39 0.0701
41.72 267.10 39.71 62.89 0.0700
608.00 467.29 45.57 75.51 0.0700
915.34 284.31 43.37 117.29 0.0699
0.00 280.90 26.13 54.48 0.0699
698.20 556.92 58.51 74.07 0.0698
770.57 525.31 141.36 144.80 0.0697
650.50 67.15 70.77 146.76 0.0687
647.73 536.74 89.85 121.37 0.0684
928.83 432.53 60.40 126.61 0.0680
148.21 279.60 33.74 51.18 0.0671
545.88 439.45 54.25 115.78 0.0666
992.68 47.83 30.10 93.29 0.0665
772.04 654.43 108.07 84.99 0.0665
93.70 65.62 225.36 213.80 0.0659
878.38 399.84 80.03 163.48 0.0657
0.00 316.92 26.00 51.53 0.0657
121.03 311.93 29.25 44.52 0.0656
763.72 19.48 92.86 106.34 0.0645
623.17 119.83 71.71 98.72 0.0643
377.38 383.34 118.45 142.85 0.0633
113.50 582.93 34.86 43.90 0.0628
145.32 312.60 35.37 54.65 0.0626
510.24 401.67 40.83 47.79 0.0617
911.61 112.53 67.22 124.42 0.0612
840.92 73.36 116.46 235.78 0.0602
799.98 325.80 74.02 108.41 0.0600
609.18 270.35 54.80 65.67 0.0598
307.54 157.34 72.79 133.82 0.0592
646.90 268.49 49.00 63.54 0.0591
861.12 186.19 74.81 152.76 0.0588
910.89 28.47 45.99 119.47 0.0585
546.73 14.38 43.15 53.24 0.0582
395.38 361.05 83.46 99.92 0.0579
280.79 4.39 36.02 27.09 0.0577
662.39 7.56 87.79 167.16 0.0571
401.19 5.10 27.64 26.38 0.0568
705.77 332.06 60.24 82.94 0.0567
722.73 623.32 107.73 110.84 0.0566
119.56 327.94 44.72 63.63 0.0562
619.50 531.51 84.67 159.62 0.0556
745.72 409.99 82.81 122.35 0.0551
972.98 564.26 43.21 92.97 0.0547
616.08 16.71 55.61 79.37 0.0544
518.28 20.60 37.99 47.62 0.0540
939.03 465.36 73.76 136.29 0.0538
767.10 205.23 62.33 135.82 0.0535
736.72 346.44 63.90 78.24 0.0534
858.30 261.25 78.28 152.66 0.0533
730.43 556.67 89.10 100.88 0.0530
821.13 297.66 84.48 148.76 0.0529
367.52 173.25 91.33 130.58 0.0529
234.39 542.93 68.85 79.09 0.0524
955.71 594.17 59.03 108.49 0.0521
119.19 564.11 27.75 40.30 0.0520
271.81 14.21 44.98 38.07 0.0518
515.60 74.78 41.94 76.36 0.0516
946.56 366.63 75.64 140.05 0.0510
993.94 105.98 26.91 77.40 0.0507
478.45 395.54 43.08 70.65 0.0505
