61_Street_Battle_streetfight_61_665
74
516.95 164.44 37.67 52.56 0.8038
631.53 171.36 39.22 50.07 0.7810
692.37 139.22 46.07 57.02 0.7701
267.12 147.02 36.43 49.50 0.7173
411.20 143.22 34.28 49.79 0.6259
358.05 160.41 31.31 45.14 0.4431
206.42 167.02 35.06 44.48 0.4208
762.95 311.05 50.01 67.32 0.2261
476.43 558.36 23.26 33.24 0.2138
992.69 372.93 26.06 51.67 0.1431
687.02 235.25 112.61 133.40 0.1301
556.99 562.21 25.13 32.44 0.1214
681.93 199.26 51.16 55.53 0.1148
739.24 271.02 74.40 92.26 0.1109
590.84 204.50 28.13 42.96 0.1061
189.98 295.28 46.64 53.90 0.1049
502.52 277.70 46.69 97.37 0.1011
423.56 177.75 43.04 50.27 0.0960
237.34 185.60 90.08 140.46 0.0954
807.30 103.68 44.85 61.59 0.0939
480.30 177.60 28.71 49.90 0.0927
680.73 217.02 78.97 99.75 0.0892
653.91 225.59 53.15 82.58 0.0871
709.21 170.24 50.42 51.80 0.0836
710.88 192.72 64.64 73.44 0.0835
189.79 195.01 33.05 43.74 0.0833
431.94 118.87 33.67 56.67 0.0813
205.02 179.91 41.57 61.41 0.0795
999.93 297.92 24.07 48.29 0.0781
577.28 555.65 35.57 42.79 0.0778
746.51 179.23 49.78 48.73 0.0759
542.12 309.00 51.06 87.66 0.0756
475.81 289.36 45.42 96.14 0.0748
416.87 533.61 27.08 28.23 0.0733
320.79 290.08 46.26 58.13 0.0727
363.65 118.14 45.59 85.14 0.0721
961.79 352.08 27.58 42.86 0.0711
979.15 392.65 42.99 79.52 0.0687
439.97 534.32 30.48 51.85 0.0681
477.85 198.97 29.62 49.21 0.0669
395.51 1.65 33.78 24.16 0.0657
296.43 283.81 54.79 73.35 0.0654
961.28 369.98 28.13 47.71 0.0649
444.15 308.14 36.95 66.45 0.0639
496.56 528.85 44.74 60.45 0.0632
203.51 215.69 54.37 68.80 0.0631
184.11 224.55 35.79 46.94 0.0628
956.79 326.51 39.49 57.95 0.0626
632.97 221.16 94.97 129.13 0.0626
267.85 193.93 110.50 183.19 0.0614
278.63 185.31 56.61 86.65 0.0608
721.05 440.50 44.87 85.45 0.0607
183.35 251.46 49.95 60.78 0.0604
843.28 77.99 83.33 108.13 0.0599
541.52 536.23 40.66 57.32 0.0598
511.61 199.87 47.24 77.08 0.0589
852.41 209.72 54.08 60.47 0.0586
556.50 359.36 25.70 39.14 0.0581
310.36 248.76 73.42 103.74 0.0580
349.35 170.88 55.76 80.10 0.0573
588.78 259.65 72.11 98.34 0.0569
519.35 273.25 69.10 100.06 0.0567
960.25 391.76 37.79 56.22 0.0556
249.68 174.79 48.15 78.51 0.0548
865.73 248.45 40.94 40.53 0.0544
225.70 251.16 79.08 117.27 0.0542
436.65 187.28 37.20 66.36 0.0541
576.36 209.18 41.94 69.75 0.0539
477.78 344.46 25.37 49.24 0.0536
665.06 144.68 26.29 52.22 0.0528
79.50 291.58 26.73 28.64 0.0527
149.29 235.52 29.81 43.88 0.0505
189.54 237.17 69.03 102.62 0.0504
470.25 221.47 42.43 79.34 0.0502
