38_Tennis_Tennis_38_230
35
291.73 176.58 146.37 185.20 0.4443
313.52 96.72 150.50 208.83 0.2963
273.20 168.59 75.78 135.09 0.2757
735.53 565.15 98.47 112.08 0.1746
343.14 279.21 101.43 118.41 0.1394
368.36 304.73 100.74 130.41 0.1352
345.33 205.21 119.63 105.96 0.1344
746.48 520.19 113.78 125.35 0.1285
548.20 570.55 70.07 82.33 0.1165
297.38 586.26 218.83 162.06 0.1095
781.71 498.85 136.14 129.22 0.1070
697.95 533.93 32.91 41.73 0.1062
311.30 31.02 136.09 130.35 0.1004
282.95 33.53 83.62 129.67 0.1001
670.99 563.45 31.08 35.24 0.0987
684.07 545.12 44.87 57.85 0.0860
355.38 633.87 134.24 101.58 0.0853
550.95 596.56 43.22 49.94 0.0853
276.07 108.01 96.19 144.70 0.0840
468.61 657.05 80.52 80.80 0.0816
448.50 601.90 110.53 126.36 0.0797
983.68 754.20 29.84 29.75 0.0781
676.91 557.47 83.07 102.59 0.0723
869.50 520.71 79.66 82.45 0.0717
621.76 571.15 51.66 64.58 0.0689
623.50 648.18 63.62 67.73 0.0670
665.86 572.76 40.46 52.22 0.0669
193.08 5.50 160.68 183.41 0.0659
957.21 453.38 27.15 34.00 0.0604
954.73 258.54 36.98 64.40 0.0567
830.96 533.25 109.70 113.10 0.0545
254.12 99.35 77.02 102.23 0.0537
511.34 670.55 69.19 77.25 0.0535
236.86 479.06 336.14 278.02 0.0506
708.03 521.35 60.30 67.59 0.0505
