11_Meeting_Meeting_11_Meeting_Meeting_11_774
27
240.28 336.29 315.27 346.71 0.9551
639.41 339.11 384.59 343.89 0.9435
118.71 356.02 131.41 326.98 0.9351
363.17 335.46 366.58 347.54 0.9281
61.36 110.19 75.01 120.13 0.9247
58.10 354.02 96.60 328.98 0.8936
180.63 376.95 147.23 306.05 0.8828
136.60 120.03 111.74 109.17 0.8510
15.54 361.33 44.79 321.67 0.8318
28.51 104.40 35.37 131.00 0.7959
158.55 129.84 333.67 106.70 0.7463
542.32 377.59 305.34 305.41 0.7090
589.50 47.04 434.50 85.41 0.6670
611.75 21.66 412.25 55.30 0.4960
13.82 151.21 32.89 149.08 0.2402
157.12 154.18 166.94 142.96 0.1520
580.93 97.65 443.07 113.87 0.1362
541.25 261.54 482.75 258.68 0.1281
18.75 190.88 21.59 195.81 0.1124
12.88 276.62 31.66 223.61 0.1101
67.26 161.45 66.62 122.51 0.1047
132.32 166.75 88.49 134.91 0.0858
25.81 75.91 34.10 101.92 0.0631
144.92 262.49 203.81 258.74 0.0428
69.70 77.95 66.16 96.91 0.0301
182.22 182.80 132.54 222.22 0.0238
219.59 168.14 356.28 134.63 0.0212
