11_Meeting_Meeting_11_Meeting_Meeting_11_176
19
95.61 238.82 183.64 295.30 0.9145
585.44 63.15 438.56 184.72 0.8817
621.47 235.78 402.53 273.30 0.8009
213.50 239.93 375.63 273.78 0.7439
613.28 406.56 410.72 276.44 0.7410
0.00 245.66 46.49 273.75 0.4684
145.82 30.60 221.97 196.60 0.4496
330.12 186.91 435.60 294.30 0.4158
55.52 317.19 110.62 365.81 0.3072
508.73 256.71 362.16 335.13 0.0830
21.25 323.84 57.44 359.16 0.0811
92.17 382.37 192.62 300.63 0.0750
358.80 310.72 372.41 372.28 0.0610
118.68 300.21 414.19 382.79 0.0542
149.88 256.30 205.59 348.24 0.0528
180.33 207.19 187.09 234.00 0.0415
152.95 62.71 490.20 129.04 0.0388
168.03 130.69 194.20 176.45 0.0319
616.51 9.44 407.49 92.90 0.0253
