35_Basketball_Basketball_35_327
23
162.74 176.91 359.53 221.82 0.9999
405.86 153.05 405.88 252.16 0.9999
308.00 165.16 363.59 174.07 0.9911
539.37 140.15 484.63 194.30 0.9015
539.90 329.75 306.03 356.25 0.5966
125.59 166.26 179.13 271.99 0.5505
454.27 258.39 329.19 311.17 0.5030
189.79 144.55 223.38 177.29 0.4779
246.75 259.04 341.58 314.18 0.4496
145.25 260.19 192.17 303.80 0.1959
69.79 148.68 116.99 123.36 0.1134
413.78 378.90 270.88 307.10 0.0812
569.13 213.69 454.87 222.38 0.0721
49.21 170.55 85.54 146.53 0.0697
30.53 167.91 67.02 118.20 0.0616
165.99 315.61 314.30 349.43 0.0532
49.17 338.54 85.25 151.30 0.0463
101.46 373.29 171.67 312.71 0.0352
280.66 193.20 131.64 110.10 0.0272
517.17 173.75 128.71 109.36 0.0271
696.03 184.54 147.03 113.64 0.0220
82.80 211.08 124.34 139.07 0.0211
64.50 319.57 114.55 134.54 0.0211
