35_Basketball_basketballgame_ball_35_542
17
298.13 240.91 345.08 360.60 0.8830
520.75 263.57 348.08 348.00 0.4771
128.64 244.14 243.29 392.28 0.3058
385.26 351.19 300.34 385.30 0.1238
261.77 345.58 299.28 406.35 0.0853
5.12 223.29 263.67 581.57 0.0671
518.73 62.03 163.85 88.50 0.0357
127.46 406.38 287.52 437.06 0.0335
358.29 64.69 165.02 91.75 0.0315
78.46 158.64 199.91 355.23 0.0298
591.36 168.69 432.64 228.88 0.0287
523.36 33.90 162.89 72.09 0.0276
496.20 467.04 315.31 399.96 0.0271
697.60 57.20 164.74 94.27 0.0267
433.56 64.50 160.75 87.54 0.0220
558.27 85.22 138.11 116.11 0.0211
712.10 28.74 160.63 79.36 0.0201
