35_Basketball_basketballgame_ball_35_393
25
110.35 268.39 418.65 273.98 0.9293
512.06 262.77 511.94 235.15 0.5487
111.73 258.48 163.44 310.20 0.4599
127.74 330.26 333.46 399.73 0.4455
400.66 319.14 294.57 341.01 0.3102
55.75 219.71 87.57 144.21 0.2995
523.61 310.48 340.27 337.80 0.2762
157.50 217.85 195.95 286.18 0.1213
47.67 294.92 87.05 141.13 0.0763
528.66 163.31 495.34 195.14 0.0519
671.78 302.27 137.42 102.42 0.0469
333.37 206.88 316.88 269.85 0.0425
29.34 263.51 63.78 136.15 0.0424
626.17 31.72 165.67 59.58 0.0335
60.89 338.77 100.54 144.38 0.0322
595.15 302.74 161.82 104.33 0.0288
307.65 377.04 320.39 390.96 0.0275
744.66 314.41 141.00 136.04 0.0262
105.23 174.49 397.78 188.96 0.0260
90.33 316.49 98.18 130.80 0.0253
26.70 323.50 66.77 150.40 0.0251
139.42 277.74 118.59 125.48 0.0236
811.89 315.08 153.53 115.36 0.0226
36.46 326.11 211.94 441.89 0.0218
38.66 175.93 81.57 118.85 0.0202
