35_Basketball_basketballgame_ball_35_50
31
360.22 173.31 374.39 299.69 0.9255
502.91 83.99 499.88 172.09 0.5747
282.72 169.36 316.13 211.39 0.4881
221.67 292.11 349.11 333.71 0.4553
513.58 147.70 352.88 280.82 0.3230
131.11 288.43 265.13 398.13 0.1927
416.07 270.63 370.62 307.73 0.1164
814.59 89.57 158.48 81.29 0.1151
576.94 68.02 151.73 102.52 0.1078
559.10 237.30 464.90 242.81 0.0907
532.95 315.14 330.70 366.98 0.0849
308.28 401.40 285.97 315.60 0.0768
193.31 201.55 327.38 275.07 0.0656
594.07 31.36 129.88 94.72 0.0616
817.34 51.51 147.88 70.36 0.0614
481.75 414.01 264.92 302.99 0.0455
264.44 181.01 136.64 121.81 0.0406
729.20 90.14 169.61 85.08 0.0361
157.28 54.30 154.04 71.15 0.0361
62.90 56.81 109.39 106.99 0.0358
647.93 50.26 171.32 76.93 0.0325
457.71 57.13 178.91 79.16 0.0293
733.12 53.87 170.01 67.82 0.0272
402.63 48.56 154.80 81.70 0.0259
126.71 64.29 142.06 99.01 0.0256
409.64 78.00 139.82 104.40 0.0241
392.95 235.67 158.61 97.40 0.0228
479.80 26.03 151.23 60.27 0.0221
250.59 382.56 124.34 134.89 0.0220
406.35 20.69 154.65 71.30 0.0219
92.45 53.15 134.91 73.21 0.0218
