50_Celebration_Or_Party_houseparty_50_173
194
499.52 165.77 524.48 229.90 0.6343
250.48 223.26 330.49 246.07 0.5691
425.94 278.23 365.27 273.37 0.3504
148.55 222.73 243.22 255.77 0.2106
165.85 367.37 201.97 315.63 0.2082
547.29 296.32 476.71 221.68 0.1893
235.84 368.65 306.77 314.35 0.1634
374.66 352.12 306.13 330.88 0.1340
112.86 299.06 172.58 370.06 0.1222
439.39 146.97 403.36 172.68 0.1024
205.25 154.14 385.09 188.83 0.0990
480.90 97.25 543.10 166.85 0.0968
531.73 324.23 317.90 358.77 0.0953
33.70 264.50 179.62 402.80 0.0862
38.42 241.67 90.92 149.17 0.0786
16.80 263.13 76.41 150.17 0.0638
116.78 381.36 97.22 120.11 0.0630
345.09 98.81 387.17 160.80 0.0630
405.27 253.76 115.21 123.14 0.0626
144.21 401.97 102.44 139.67 0.0616
692.76 302.62 121.04 157.65 0.0599
221.61 211.66 130.47 129.30 0.0595
61.96 367.64 71.14 140.52 0.0594
582.14 169.07 176.16 84.94 0.0594
116.23 91.98 397.80 157.64 0.0587
10.13 220.09 72.33 116.94 0.0585
792.16 210.04 150.00 116.70 0.0579
487.87 241.82 137.08 112.69 0.0574
497.57 291.90 132.21 154.12 0.0563
209.85 414.42 118.78 164.35 0.0559
674.82 358.44 123.41 151.19 0.0558
725.25 308.73 145.31 108.78 0.0552
655.57 391.47 99.50 150.58 0.0548
577.75 142.44 125.65 186.88 0.0542
16.44 146.37 223.37 312.70 0.0523
399.87 327.81 108.18 154.19 0.0517
158.25 392.72 144.13 95.65 0.0517
470.95 327.37 113.75 139.19 0.0516
547.94 342.32 102.86 132.27 0.0493
129.97 42.82 415.02 123.47 0.0488
663.05 209.44 116.14 141.68 0.0485
622.19 243.66 113.79 159.89 0.0482
375.42 525.42 108.91 133.67 0.0481
715.20 362.47 135.98 118.97 0.0479
536.11 397.52 102.97 124.26 0.0477
363.13 278.76 123.17 119.36 0.0475
81.66 396.58 103.82 136.46 0.0468
152.81 456.47 100.05 147.91 0.0467
424.29 293.68 120.62 136.49 0.0464
613.36 380.37 120.79 114.32 0.0457
766.13 231.53 120.12 151.79 0.0457
52.39 165.00 84.14 161.25 0.0446
108.75 442.87 109.17 117.75 0.0443
263.84 221.84 190.29 95.51 0.0443
285.99 417.03 123.13 158.48 0.0441
0.00 55.64 214.29 196.12 0.0438
509.67 156.17 119.22 123.91 0.0429
781.31 318.32 145.42 110.52 0.0428
582.63 327.76 103.11 111.09 0.0428
316.84 480.97 129.70 145.79 0.0428
27.76 332.90 69.46 150.90 0.0427
139.56 357.77 131.16 104.47 0.0427
582.33 393.99 107.66 132.74 0.0426
59.35 296.41 85.48 146.19 0.0424
65.64 235.12 117.19 131.02 0.0423
439.49 477.11 110.58 137.39 0.0423
57.88 428.36 68.34 147.09 0.0420
357.62 374.68 131.18 132.72 0.0418
473.73 407.22 110.31 131.31 0.0417
690.30 411.11 116.61 160.92 0.0417
512.49 299.54 216.96 79.88 0.0416
190.20 486.92 94.90 144.18 0.0416
653.23 325.49 119.12 100.41 0.0416
58.46 524.33 82.73 140.04 0.0408
251.39 370.08 111.73 146.40 0.0403
148.60 523.25 97.40 136.07 0.0400
559.48 127.53 290.03 74.14 0.0399
614.09 448.18 123.71 115.44 0.0399
459.08 274.26 137.40 117.94 0.0395
471.80 121.09 171.07 99.45 0.0391
820.77 345.35 142.21 107.68 0.0391
30.03 398.16 66.29 147.49 0.0389
294.01 131.84 126.92 108.95 0.0385
327.27 326.13 122.63 152.90 0.0383
863.08 180.73 129.40 154.73 0.0382
25.88 0.00 124.32 161.15 0.0379
85.15 106.76 231.23 240.80 0.0378
76.28 457.32 103.91 135.29 0.0376
668.84 150.12 105.92 128.28 0.0375
0.00 182.26 63.02 123.36 0.0374
255.99 166.03 149.91 109.51 0.0374
747.00 0.00 277.00 168.50 0.0372
356.60 244.11 111.60 90.89 0.0370
112.12 498.12 103.54 142.25 0.0369
421.26 391.38 117.77 136.82 0.0369
376.63 468.61 139.64 134.31 0.0368
263.55 473.31 100.94 159.58 0.0367
212.23 178.57 90.54 88.84 0.0367
539.94 218.33 110.30 115.10 0.0364
17.66 22.36 173.08 69.58 0.0362
574.23 143.25 80.49 101.76 0.0361
632.52 168.82 70.10 92.57 0.0358
33.89 527.14 69.37 146.73 0.0358
26.53 467.91 68.17 142.03 0.0358
334.30 424.28 138.31 124.99 0.0356
17.44 164.50 74.77 117.36 0.0356
51.55 119.75 95.64 117.81 0.0356
218.16 357.00 104.92 120.81 0.0354
18.46 81.62 70.19 139.73 0.0350
753.30 414.98 125.97 143.37 0.0350
332.44 547.25 108.75 104.62 0.0346
0.00 40.17 74.97 108.45 0.0344
0.00 270.30 43.51 111.06 0.0341
508.66 442.55 113.54 120.70 0.0338
142.02 259.13 101.61 139.66 0.0337
277.04 392.42 147.00 98.93 0.0337
165.90 218.20 122.73 155.48 0.0336
377.22 173.44 100.39 139.95 0.0333
0.00 0.00 66.58 67.31 0.0332
244.74 86.02 114.50 126.38 0.0328
322.61 57.32 122.96 130.72 0.0326
149.61 0.00 263.30 129.02 0.0324
215.14 258.17 108.38 143.50 0.0323
829.40 161.68 108.12 125.64 0.0322
364.92 106.79 120.22 148.40 0.0319
3.78 217.77 224.29 95.46 0.0319
0.00 306.26 62.17 128.57 0.0318
187.53 310.72 105.44 133.68 0.0318
0.00 607.23 46.59 75.77 0.0317
28.97 350.35 152.06 103.88 0.0314
816.46 286.37 143.50 101.15 0.0314
837.55 511.64 120.40 162.81 0.0313
307.92 19.22 399.87 129.48 0.0311
476.25 175.15 113.83 136.28 0.0311
293.94 537.40 103.12 122.40 0.0311
206.29 106.31 107.13 122.22 0.0310
108.23 292.44 103.99 139.83 0.0309
773.59 507.99 112.41 140.36 0.0306
826.90 436.83 120.25 165.92 0.0304
700.89 180.17 198.03 97.89 0.0303
59.25 36.14 175.52 78.35 0.0302
500.99 0.00 399.22 141.55 0.0298
274.66 241.96 130.51 145.32 0.0296
118.94 4.95 201.34 239.68 0.0294
161.28 60.48 119.85 133.53 0.0292
552.16 462.70 105.92 140.04 0.0290
211.68 518.13 107.40 144.56 0.0287
876.57 136.84 137.57 124.08 0.0283
23.61 0.00 127.61 52.48 0.0282
79.38 0.00 174.56 28.82 0.0282
814.22 390.55 130.73 118.91 0.0278
420.59 177.67 116.34 125.60 0.0278
252.64 286.53 117.86 144.69 0.0278
0.00 533.70 69.04 136.12 0.0272
0.00 121.67 62.76 123.31 0.0271
26.01 611.38 111.73 71.62 0.0271
96.46 555.20 85.58 127.80 0.0271
634.80 488.22 132.79 147.03 0.0269
762.31 579.58 112.21 103.42 0.0266
209.17 49.79 103.09 110.02 0.0262
435.50 589.92 108.55 93.08 0.0262
139.84 29.41 140.83 75.96 0.0260
472.76 529.05 117.16 136.04 0.0257
147.44 0.00 135.84 59.85 0.0257
718.04 488.20 119.63 136.44 0.0254
344.73 590.71 115.55 92.29 0.0254
115.58 613.28 178.86 69.72 0.0254
0.00 113.56 266.34 80.22 0.0251
236.45 17.02 128.10 91.19 0.0251
100.90 229.58 156.16 103.63 0.0250
0.00 438.94 64.31 129.85 0.0243
301.00 288.74 111.46 158.50 0.0242
160.03 147.54 174.48 111.17 0.0241
786.03 616.77 185.70 66.23 0.0236
0.00 370.29 63.83 134.59 0.0236
446.98 126.77 104.09 125.40 0.0233
557.85 580.38 96.47 102.62 0.0230
825.13 128.16 198.87 66.02 0.0229
13.89 185.59 212.43 85.37 0.0226
742.82 149.95 226.40 88.20 0.0218
380.15 27.53 87.85 146.11 0.0218
344.57 35.35 201.96 75.25 0.0214
467.19 73.64 248.37 96.82 0.0214
513.19 483.13 102.92 151.29 0.0213
361.92 0.00 191.76 22.82 0.0212
286.91 60.22 107.00 111.67 0.0211
203.19 0.00 104.12 88.40 0.0210
251.64 0.00 178.34 27.74 0.0208
309.45 0.00 115.29 100.16 0.0207
610.60 483.90 92.47 139.40 0.0206
492.90 620.64 116.95 62.36 0.0205
841.14 258.24 167.64 103.59 0.0205
711.42 594.38 114.72 88.62 0.0202
0.00 467.98 192.71 215.02 0.0201
