50_Celebration_Or_Party_houseparty_50_654
197
125.45 36.65 411.88 247.74 0.1253
352.39 158.43 407.79 340.31 0.1055
567.97 175.37 456.03 313.39 0.0997
99.62 70.36 131.29 116.89 0.0950
394.22 32.13 432.93 240.28 0.0860
65.91 93.19 250.28 341.89 0.0855
404.34 336.33 394.12 383.37 0.0842
215.81 132.90 343.37 386.96 0.0837
467.42 105.42 436.75 285.75 0.0828
299.37 219.73 350.01 448.38 0.0814
119.42 194.10 272.91 447.20 0.0813
267.56 512.19 418.64 418.74 0.0755
147.84 71.50 163.51 113.59 0.0755
35.57 292.65 201.90 511.20 0.0752
186.69 384.44 380.66 423.44 0.0728
103.37 22.31 134.16 95.44 0.0689
144.51 29.75 180.25 92.54 0.0670
582.47 346.50 441.53 361.60 0.0645
47.31 60.94 77.46 202.29 0.0632
79.51 458.25 229.06 564.39 0.0626
112.69 107.83 99.40 203.76 0.0618
288.02 9.06 361.17 330.70 0.0610
524.11 436.73 346.90 378.56 0.0603
27.78 33.62 112.29 125.85 0.0578
62.18 159.88 70.57 218.64 0.0576
72.82 65.42 105.33 196.05 0.0571
0.00 62.82 211.86 304.50 0.0554
62.16 8.12 118.20 89.41 0.0549
61.45 44.64 137.45 85.09 0.0547
339.33 3.52 155.95 110.92 0.0539
701.24 710.32 115.16 192.19 0.0518
297.30 309.72 122.57 188.10 0.0485
768.00 610.96 115.44 188.48 0.0485
223.78 0.00 355.69 183.69 0.0483
171.48 120.05 133.71 189.15 0.0474
7.74 0.00 88.96 105.93 0.0466
30.16 266.88 71.65 201.80 0.0465
226.95 65.45 152.26 122.20 0.0465
337.46 58.86 155.77 133.55 0.0464
529.07 0.00 341.18 167.24 0.0463
357.24 199.55 106.46 220.15 0.0458
230.58 0.00 122.47 131.10 0.0456
755.67 668.30 111.85 226.38 0.0452
265.56 26.29 160.94 105.15 0.0450
28.09 171.17 66.73 208.41 0.0447
188.81 263.02 94.57 203.61 0.0440
697.33 169.84 168.28 170.17 0.0435
193.71 364.14 99.46 212.56 0.0429
157.16 0.00 164.61 82.07 0.0425
28.46 453.63 73.07 217.19 0.0425
163.87 0.00 87.64 162.89 0.0422
691.56 544.14 105.97 231.16 0.0420
23.15 87.53 75.46 149.60 0.0415
663.46 782.34 129.73 149.57 0.0415
224.74 139.80 107.68 220.16 0.0414
211.50 311.29 120.31 198.13 0.0409
154.74 491.77 335.05 532.23 0.0407
419.05 0.00 119.25 137.14 0.0407
290.48 226.91 113.55 197.31 0.0405
737.26 761.69 112.72 237.45 0.0402
573.49 28.05 450.51 254.29 0.0396
645.21 694.65 124.59 175.30 0.0396
801.43 655.32 112.92 201.53 0.0394
12.64 19.81 66.18 174.94 0.0391
49.58 516.37 77.25 204.74 0.0387
30.72 355.75 71.99 205.15 0.0387
20.64 803.60 74.45 210.95 0.0386
733.22 85.64 121.56 184.15 0.0384
611.90 776.59 136.59 187.24 0.0384
137.51 140.79 115.66 217.45 0.0380
274.26 0.00 190.04 60.29 0.0380
278.36 89.36 150.06 165.58 0.0379
25.22 556.73 76.25 198.37 0.0378
399.15 65.83 170.26 130.46 0.0376
0.00 639.62 64.65 210.44 0.0376
654.75 473.83 113.57 227.94 0.0373
364.20 90.81 110.29 231.77 0.0372
253.03 270.39 118.15 205.80 0.0372
62.24 351.90 77.76 221.07 0.0370
596.40 540.04 290.89 475.48 0.0370
24.01 634.22 80.47 235.73 0.0369
669.92 188.89 99.48 194.53 0.0368
850.25 702.16 111.49 203.92 0.0367
412.19 643.67 359.11 380.33 0.0364
0.00 494.99 67.42 211.43 0.0363
797.41 760.99 116.01 193.64 0.0360
601.25 544.82 121.41 181.94 0.0358
332.66 442.36 112.12 276.85 0.0355
671.40 613.05 96.71 202.14 0.0354
365.77 299.56 110.39 230.54 0.0351
0.00 167.67 67.06 197.05 0.0350
47.80 773.31 81.74 250.69 0.0350
54.40 192.75 148.13 145.65 0.0346
161.00 399.91 98.89 216.86 0.0345
468.36 68.50 131.14 195.79 0.0343
371.00 423.68 112.93 243.71 0.0341
0.00 0.00 171.44 61.42 0.0340
305.36 666.12 108.90 206.87 0.0340
694.46 41.90 151.82 135.57 0.0339
447.80 446.14 143.02 249.15 0.0338
421.27 0.00 175.16 65.77 0.0337
607.90 451.87 125.11 187.45 0.0336
356.54 716.49 80.10 235.31 0.0336
120.87 266.45 106.05 189.02 0.0336
761.02 0.00 262.98 199.67 0.0336
253.12 360.48 114.65 197.85 0.0334
853.71 459.88 106.94 182.50 0.0332
766.00 223.25 120.84 197.20 0.0331
78.87 250.73 106.10 216.63 0.0324
458.77 22.56 144.42 119.62 0.0323
724.31 268.11 125.07 212.42 0.0321
379.00 170.15 144.45 207.28 0.0321
254.82 721.44 115.91 213.59 0.0320
409.81 786.08 73.81 197.06 0.0319
0.00 400.23 69.59 208.33 0.0318
716.38 584.72 140.54 156.04 0.0318
436.11 122.88 138.17 210.60 0.0316
57.41 439.99 101.45 239.35 0.0311
261.93 489.84 116.39 227.93 0.0308
560.54 479.94 117.36 180.32 0.0308
700.69 338.21 130.75 229.84 0.0306
134.99 365.69 96.18 184.81 0.0305
701.05 9.09 144.06 95.70 0.0303
617.47 273.17 123.12 212.71 0.0302
464.99 414.40 107.28 168.51 0.0301
672.00 66.29 102.67 221.15 0.0299
518.38 128.83 117.13 184.85 0.0298
774.28 562.22 175.48 172.51 0.0298
602.96 656.39 127.20 155.79 0.0297
776.47 351.35 109.93 204.06 0.0296
854.26 783.85 95.10 198.98 0.0296
819.18 397.19 101.73 197.88 0.0296
848.26 331.32 102.52 214.50 0.0294
484.78 286.38 114.41 188.95 0.0292
0.00 534.48 237.69 372.00 0.0291
853.47 182.32 101.78 242.89 0.0290
509.75 68.65 112.23 119.32 0.0289
529.33 579.88 156.90 176.37 0.0286
828.75 611.36 136.38 187.41 0.0286
461.95 821.56 59.33 202.44 0.0284
306.65 381.82 98.18 211.24 0.0283
533.93 0.00 102.41 137.95 0.0282
779.80 484.64 106.05 186.34 0.0282
372.22 928.96 248.07 95.04 0.0281
557.47 46.46 104.81 205.42 0.0280
631.83 108.51 101.03 211.13 0.0280
201.38 497.89 103.54 221.71 0.0280
808.08 287.79 99.20 209.54 0.0279
396.13 268.84 125.88 208.10 0.0278
739.64 403.39 119.07 206.05 0.0278
0.00 859.02 42.32 164.98 0.0275
949.62 0.00 74.38 112.87 0.0273
383.07 364.77 145.44 232.44 0.0272
0.00 276.19 69.70 235.51 0.0269
665.49 369.10 111.95 238.89 0.0268
441.75 209.49 119.56 201.17 0.0267
0.00 732.34 66.20 217.61 0.0260
556.55 681.74 148.46 183.52 0.0258
502.09 0.00 181.32 62.46 0.0256
358.96 821.42 107.97 202.58 0.0253
327.63 636.59 185.03 155.10 0.0250
572.21 405.40 129.51 179.88 0.0249
117.58 453.25 107.24 220.86 0.0247
401.62 905.84 109.57 118.16 0.0247
727.38 0.00 181.98 57.66 0.0244
56.02 576.42 97.61 260.44 0.0244
538.91 438.61 109.17 167.65 0.0243
49.42 365.27 163.55 154.16 0.0242
0.00 249.50 44.49 177.90 0.0240
194.34 640.81 126.85 212.29 0.0240
804.25 162.90 116.34 194.24 0.0237
417.51 478.06 119.31 181.77 0.0237
640.63 13.69 133.45 138.38 0.0236
516.03 214.52 111.91 211.66 0.0233
772.47 30.92 126.64 126.47 0.0232
78.97 787.33 111.77 236.67 0.0232
311.33 795.34 328.09 113.77 0.0231
129.14 535.67 103.53 247.61 0.0231
164.85 741.71 111.07 237.71 0.0231
579.29 0.00 99.77 147.49 0.0227
881.43 670.10 126.67 183.85 0.0225
304.14 561.46 111.39 212.85 0.0224
0.00 127.37 46.51 164.62 0.0221
551.79 158.61 110.32 218.09 0.0218
190.83 447.36 166.43 177.59 0.0218
330.63 733.40 237.96 146.95 0.0217
537.32 302.12 121.84 174.70 0.0217
631.42 67.95 103.91 115.04 0.0214
928.29 0.00 95.71 38.13 0.0209
379.32 681.48 125.43 280.28 0.0207
0.00 912.32 90.67 111.68 0.0207
799.66 0.00 145.20 83.01 0.0206
892.03 780.88 98.69 243.12 0.0203
51.95 0.00 267.71 245.46 0.0203
242.23 551.12 106.05 227.76 0.0202
503.09 358.80 117.27 186.14 0.0202
137.52 665.22 675.45 92.40 0.0201
