50_Celebration_Or_Party_houseparty_50_345
200
347.97 143.10 433.61 316.60 0.4956
518.81 199.10 505.19 303.70 0.4254
213.77 184.29 398.87 347.03 0.2208
171.05 478.19 331.73 450.88 0.2204
155.42 572.20 210.96 542.80 0.1413
145.29 124.43 288.89 301.30 0.1308
266.72 514.12 372.26 526.84 0.1225
119.61 236.61 273.84 462.04 0.1178
174.68 82.57 427.50 245.68 0.1174
280.95 316.76 360.15 481.31 0.1116
539.20 564.25 295.25 550.75 0.1008
504.95 350.39 378.70 441.10 0.1002
473.60 98.17 422.40 234.52 0.0866
117.60 452.90 187.61 498.51 0.0847
401.92 666.55 282.35 448.45 0.0729
45.16 172.69 78.11 242.56 0.0725
76.73 43.76 215.38 398.53 0.0710
596.73 202.03 108.39 204.29 0.0623
52.98 855.84 79.31 238.64 0.0615
494.89 194.45 146.90 166.33 0.0612
213.14 479.01 119.56 191.44 0.0611
47.16 394.25 78.10 235.29 0.0607
800.71 150.85 123.11 206.79 0.0598
619.48 193.81 183.95 166.01 0.0595
181.47 93.86 115.20 210.27 0.0594
51.75 191.52 167.27 559.28 0.0590
173.44 175.06 114.22 238.68 0.0584
106.47 82.28 112.24 207.87 0.0575
138.67 129.74 124.15 206.85 0.0568
817.24 105.42 156.27 145.95 0.0562
724.22 234.55 122.91 224.49 0.0559
714.16 160.49 134.80 176.37 0.0555
254.27 858.31 112.39 224.37 0.0551
223.43 805.86 100.20 223.69 0.0550
175.81 670.36 124.35 196.72 0.0543
468.34 716.78 128.15 182.93 0.0543
483.18 682.57 165.31 159.41 0.0536
793.51 223.26 114.00 232.31 0.0528
60.95 111.11 84.66 188.34 0.0528
425.55 666.89 130.95 204.47 0.0527
566.55 817.46 123.28 199.34 0.0526
216.38 709.78 112.28 213.30 0.0523
462.27 173.64 112.97 231.58 0.0521
29.80 232.50 69.94 233.48 0.0520
231.14 668.80 135.91 169.88 0.0518
763.10 778.98 126.78 197.16 0.0518
578.00 503.69 109.86 225.87 0.0517
241.63 408.62 129.02 195.12 0.0513
188.56 396.90 103.41 227.02 0.0513
55.14 201.30 153.01 158.40 0.0512
81.86 418.13 107.94 186.50 0.0512
579.15 609.95 113.93 237.19 0.0511
153.35 68.74 157.72 127.30 0.0511
177.65 501.72 118.59 222.26 0.0511
135.49 817.56 121.32 204.31 0.0511
23.67 130.22 66.45 211.02 0.0511
182.53 764.06 112.56 222.66 0.0509
201.06 612.25 141.92 175.24 0.0504
154.10 598.49 99.30 223.59 0.0501
97.39 476.47 136.60 157.28 0.0497
508.93 833.51 121.96 220.19 0.0497
382.38 601.30 139.24 208.65 0.0496
633.60 494.63 390.40 390.21 0.0496
533.67 146.27 147.91 162.96 0.0495
433.54 759.82 124.74 204.74 0.0494
24.25 489.68 179.20 624.92 0.0494
178.54 0.00 339.21 206.17 0.0491
247.96 769.33 120.31 213.86 0.0487
502.48 398.81 115.57 215.44 0.0486
254.98 80.47 111.82 223.80 0.0486
141.78 729.27 125.48 190.79 0.0485
721.81 830.87 120.78 213.95 0.0484
649.31 219.93 117.04 245.50 0.0483
464.73 619.29 122.45 196.50 0.0482
180.84 867.10 108.83 220.15 0.0480
32.64 55.99 93.75 164.70 0.0476
330.73 502.64 107.87 216.98 0.0474
805.66 71.32 176.36 110.32 0.0473
52.50 537.13 74.16 243.83 0.0472
543.31 716.39 123.14 211.05 0.0471
656.93 765.91 110.78 213.80 0.0469
408.05 809.49 100.58 245.49 0.0466
229.65 67.77 157.20 120.88 0.0464
282.00 818.46 130.81 214.31 0.0463
55.61 281.56 85.77 225.70 0.0462
826.35 649.72 125.92 239.60 0.0462
76.56 481.21 101.37 239.40 0.0459
283.28 587.03 115.54 219.41 0.0458
356.68 553.04 124.79 201.77 0.0457
831.82 520.03 119.02 250.10 0.0455
79.31 866.97 104.62 220.80 0.0452
796.60 387.18 121.29 230.78 0.0452
383.53 143.11 126.78 210.32 0.0450
277.14 454.60 123.50 201.61 0.0447
616.62 866.88 110.01 204.63 0.0447
150.93 349.42 104.15 216.42 0.0446
388.93 380.67 115.15 212.41 0.0444
549.74 458.41 111.53 198.62 0.0444
51.10 724.79 79.35 221.23 0.0444
293.55 312.88 108.85 242.80 0.0443
333.23 375.26 108.09 217.84 0.0443
210.68 230.05 115.71 213.52 0.0442
780.97 108.13 101.10 194.32 0.0442
754.51 664.20 131.56 197.43 0.0441
552.74 225.12 106.78 209.99 0.0440
113.50 651.35 102.49 228.64 0.0435
663.34 854.19 106.32 228.84 0.0434
738.99 75.19 159.02 109.51 0.0433
170.83 304.72 126.51 177.47 0.0431
284.38 719.08 111.46 212.95 0.0430
256.23 266.96 105.65 244.07 0.0430
79.83 43.86 153.84 111.71 0.0429
581.99 407.56 120.59 202.58 0.0428
468.09 832.53 112.45 186.94 0.0426
319.38 877.37 128.61 204.57 0.0420
147.00 6.41 152.38 122.88 0.0419
722.76 710.47 124.38 235.12 0.0418
325.36 654.21 109.24 220.06 0.0418
407.63 485.32 101.99 226.52 0.0416
104.69 244.40 110.88 208.78 0.0415
1.27 0.00 100.21 111.96 0.0414
488.32 484.84 99.48 222.04 0.0412
0.00 193.48 61.38 193.36 0.0412
219.25 560.12 156.94 163.37 0.0411
392.47 741.85 128.20 174.01 0.0411
760.62 895.64 145.25 172.53 0.0411
823.10 766.83 128.14 221.70 0.0410
19.51 30.44 136.06 116.18 0.0407
316.82 762.94 119.68 208.27 0.0407
119.62 542.36 91.68 225.38 0.0406
56.38 370.14 147.67 158.49 0.0406
330.48 258.35 114.04 247.35 0.0405
24.77 343.46 67.65 243.66 0.0403
77.51 602.95 99.37 209.40 0.0402
298.65 150.18 117.88 205.74 0.0399
434.60 389.40 118.74 218.17 0.0397
440.96 886.50 111.21 189.42 0.0393
238.92 201.93 135.38 189.60 0.0389
488.08 101.64 148.49 176.36 0.0388
327.14 0.00 334.23 208.48 0.0388
552.92 318.28 101.59 216.62 0.0387
221.00 349.95 105.78 218.07 0.0386
631.95 727.19 147.78 160.84 0.0384
811.16 351.74 148.65 165.70 0.0383
354.59 442.80 114.37 211.64 0.0382
527.63 540.25 99.96 230.24 0.0380
482.56 311.50 108.48 257.67 0.0379
68.08 774.04 112.42 194.51 0.0377
422.86 559.14 137.51 207.91 0.0376
436.01 126.48 115.41 160.91 0.0375
303.21 65.56 147.90 136.64 0.0373
25.18 857.03 69.69 255.19 0.0363
21.39 492.88 68.63 248.70 0.0359
795.13 595.97 129.10 211.72 0.0359
492.85 9.10 132.84 118.16 0.0358
408.89 44.91 110.11 138.70 0.0357
749.62 544.21 127.11 216.07 0.0357
381.99 238.35 138.81 225.31 0.0357
635.70 108.48 104.74 195.63 0.0353
52.00 699.18 139.00 157.00 0.0348
806.58 4.91 138.64 116.01 0.0348
5.16 26.00 70.98 193.71 0.0347
560.61 887.53 94.24 227.47 0.0346
592.11 575.69 151.91 186.42 0.0345
675.16 641.61 126.63 216.40 0.0343
600.39 288.80 96.13 262.77 0.0342
24.13 610.98 68.40 230.26 0.0341
715.29 877.59 84.94 237.41 0.0341
592.75 0.00 369.52 209.62 0.0339
659.50 0.00 145.47 113.08 0.0339
758.62 337.04 115.39 208.78 0.0337
835.79 869.58 121.66 230.95 0.0334
333.80 89.86 111.24 216.42 0.0334
372.18 777.17 111.35 200.64 0.0333
584.62 0.00 149.31 115.80 0.0330
693.95 64.06 116.57 143.08 0.0330
22.85 719.82 69.09 236.27 0.0326
27.23 0.00 175.82 63.31 0.0325
162.52 0.00 182.99 67.48 0.0324
451.34 38.40 134.58 140.09 0.0324
872.91 396.86 136.71 206.26 0.0323
561.94 37.25 141.02 130.63 0.0322
402.02 0.00 146.25 119.95 0.0317
282.43 7.04 153.43 110.18 0.0316
729.34 0.00 145.07 112.06 0.0312
506.48 60.13 120.50 140.75 0.0310
637.15 40.26 132.02 133.20 0.0308
495.49 0.00 191.67 61.68 0.0303
667.23 112.98 156.46 158.17 0.0300
763.31 455.41 120.25 183.72 0.0295
637.76 317.50 101.54 234.70 0.0292
854.00 160.14 128.65 182.20 0.0288
821.59 0.00 190.14 59.57 0.0287
227.87 907.66 91.51 190.55 0.0287
364.92 88.75 169.60 173.85 0.0285
470.96 949.50 132.86 165.50 0.0284
0.00 275.81 64.62 211.05 0.0284
0.00 831.87 63.09 203.54 0.0283
706.05 274.79 90.69 240.05 0.0282
742.20 971.75 124.94 143.25 0.0282
