49_Greeting_peoplegreeting_49_10
19
605.57 127.72 418.43 242.66 0.4506
234.52 90.69 488.42 166.09 0.2981
614.81 434.80 409.19 279.20 0.1353
426.40 293.06 393.49 329.83 0.1312
609.16 200.08 414.84 359.45 0.0762
181.41 52.08 445.52 140.02 0.0747
107.48 366.24 445.30 330.61 0.0664
600.61 56.97 423.39 120.83 0.0628
186.56 126.01 433.58 235.09 0.0539
11.64 449.90 48.25 264.10 0.0536
148.29 88.54 218.54 186.54 0.0392
313.85 127.79 467.53 375.13 0.0361
0.13 0.00 66.06 76.34 0.0327
153.83 297.50 208.38 347.62 0.0310
632.52 6.59 391.48 65.55 0.0305
39.23 434.93 136.51 279.07 0.0252
109.83 363.28 152.31 334.35 0.0249
106.30 144.08 154.61 206.04 0.0207
22.09 325.40 31.38 278.91 0.0202
