52_Photographers_photographertakingphoto_52_809
27
655.01 277.20 303.91 425.58 0.6603
45.99 156.70 297.79 436.37 0.5964
399.41 233.43 301.34 282.94 0.4909
433.67 228.76 488.04 387.02 0.1732
486.14 586.66 204.51 181.34 0.1288
2.25 378.93 33.90 112.24 0.1122
18.32 48.99 253.04 383.86 0.1010
415.67 94.43 322.44 311.98 0.0968
893.60 120.63 76.20 109.03 0.0870
197.11 118.86 250.09 402.06 0.0840
839.36 91.16 37.41 47.91 0.0831
939.77 120.43 61.27 111.44 0.0809
862.21 100.68 81.31 84.44 0.0694
903.32 219.55 55.84 58.30 0.0642
394.02 359.42 418.47 408.58 0.0622
659.18 105.74 103.12 56.55 0.0616
760.81 433.68 246.67 286.99 0.0602
869.75 90.51 45.38 51.68 0.0600
862.70 56.83 63.17 63.01 0.0576
481.52 73.34 181.05 167.54 0.0560
844.96 102.28 116.99 153.69 0.0558
767.43 207.15 225.93 334.65 0.0540
519.60 201.05 228.65 251.64 0.0530
264.65 127.81 268.60 254.98 0.0518
997.14 17.67 24.97 38.85 0.0518
823.51 52.46 74.17 75.31 0.0516
898.70 89.56 51.17 62.32 0.0500
