13_Interview_Interview_Sequences_13_108
44
738.50 44.40 116.94 149.69 0.6566
180.00 103.73 110.93 133.36 0.6386
181.95 85.34 84.79 90.81 0.2734
203.73 208.48 88.48 91.18 0.2393
471.00 178.77 67.85 49.31 0.1793
777.22 112.47 73.12 76.66 0.1745
762.94 30.02 86.10 82.35 0.1643
434.19 163.86 135.02 105.78 0.1522
479.98 179.77 47.28 27.49 0.1481
186.26 58.53 31.90 19.38 0.1440
489.85 167.74 52.69 31.87 0.1199
406.41 33.62 330.89 184.61 0.1047
275.88 292.93 50.78 49.07 0.1040
214.05 155.13 111.67 81.91 0.1003
319.39 293.59 35.69 39.84 0.0936
170.16 56.23 59.57 45.14 0.0932
236.80 203.69 88.10 57.88 0.0873
186.52 309.01 52.17 31.71 0.0818
214.56 186.44 72.47 58.45 0.0797
221.99 53.76 36.63 26.83 0.0782
502.74 291.80 38.98 25.83 0.0768
210.79 61.63 55.88 56.70 0.0745
477.03 42.61 39.64 19.10 0.0735
449.65 84.21 123.87 70.65 0.0698
443.43 43.52 99.08 53.19 0.0692
655.90 197.24 55.43 29.27 0.0678
457.32 210.15 130.81 90.72 0.0666
509.00 39.99 32.38 16.32 0.0655
767.33 173.09 83.97 45.83 0.0627
107.55 197.47 106.66 89.94 0.0622
487.46 189.24 100.20 76.07 0.0616
261.09 286.88 38.29 34.22 0.0613
326.20 56.53 267.79 144.30 0.0599
486.94 132.61 159.71 93.69 0.0594
487.78 93.00 65.14 30.80 0.0593
147.93 65.15 108.30 73.51 0.0580
206.15 299.10 49.44 38.68 0.0571
793.00 13.59 56.88 53.82 0.0562
244.28 266.64 42.84 35.83 0.0557
109.88 275.64 89.62 54.24 0.0544
130.01 298.27 69.67 40.70 0.0539
414.89 7.12 261.70 114.43 0.0527
12.38 166.66 65.02 46.49 0.0506
691.06 190.51 72.56 37.96 0.0504
