13_Interview_Interview_On_Location_13_179
64
0.00 254.26 161.65 289.01 0.6570
298.91 193.02 268.80 364.95 0.6299
693.47 305.78 139.02 177.03 0.5046
10.71 423.97 100.82 112.08 0.2999
0.94 170.97 43.68 62.78 0.2120
357.46 381.03 181.68 185.14 0.1897
716.46 470.32 103.40 149.45 0.1883
394.28 162.16 201.99 215.53 0.1705
173.26 478.98 47.70 75.48 0.1691
981.22 618.31 37.32 56.01 0.1490
0.00 164.24 78.48 109.71 0.1483
340.00 152.74 158.35 169.55 0.1367
58.19 329.38 150.35 219.00 0.1357
566.09 323.92 46.56 61.82 0.1200
28.76 187.33 253.53 312.74 0.1195
565.50 167.93 83.00 117.01 0.1119
105.83 432.27 97.21 107.54 0.1109
600.66 260.12 56.43 81.34 0.1090
438.46 248.49 150.17 206.55 0.1077
26.50 70.94 264.19 202.93 0.1068
125.42 472.48 69.45 90.27 0.1044
225.41 58.59 160.85 187.85 0.0986
137.40 161.23 287.31 373.99 0.0982
202.49 494.73 87.23 99.10 0.0978
162.21 324.72 197.98 181.42 0.0950
621.18 349.35 41.48 64.12 0.0921
654.26 359.54 82.53 119.42 0.0891
615.22 375.24 40.87 53.30 0.0880
645.08 264.11 62.90 83.25 0.0879
677.97 368.83 138.71 194.93 0.0878
177.79 517.16 74.14 93.51 0.0865
0.00 162.69 184.86 216.98 0.0851
432.00 140.39 112.40 134.22 0.0850
618.56 313.74 50.08 65.45 0.0845
205.96 390.74 84.91 82.23 0.0803
570.47 354.56 56.23 87.79 0.0795
603.69 392.64 47.96 65.40 0.0783
550.46 216.97 92.02 140.90 0.0765
152.47 389.40 106.93 130.66 0.0764
860.15 436.51 72.88 120.28 0.0740
590.42 122.99 135.81 195.29 0.0740
330.76 60.47 200.78 209.78 0.0722
0.00 137.08 36.17 55.92 0.0719
106.93 316.77 163.20 172.54 0.0699
9.40 536.64 81.66 89.53 0.0691
490.77 151.71 103.14 108.97 0.0688
133.16 560.26 151.54 143.79 0.0681
134.41 490.82 96.05 123.17 0.0672
578.66 389.95 56.77 79.29 0.0671
825.46 413.24 134.25 182.02 0.0670
998.32 392.85 23.75 65.27 0.0669
79.71 136.10 187.60 203.91 0.0666
188.37 544.59 75.43 116.91 0.0662
532.78 79.84 159.62 159.96 0.0662
714.01 547.34 157.12 148.67 0.0647
714.66 271.68 97.01 94.45 0.0630
651.48 285.17 109.07 140.01 0.0613
998.45 415.26 25.55 78.18 0.0612
551.13 393.86 83.36 124.60 0.0583
751.58 413.93 147.06 211.99 0.0566
26.23 502.56 104.65 109.62 0.0549
589.39 511.19 165.65 140.39 0.0532
709.17 200.55 141.81 145.12 0.0529
604.22 205.61 97.62 144.53 0.0522
