13_Interview_Interview_Sequences_13_347
90
339.39 157.71 76.50 106.16 0.7799
360.96 453.67 41.16 47.96 0.3768
363.44 427.06 47.24 59.20 0.3224
0.00 140.98 217.97 291.20 0.2968
368.69 407.36 44.61 54.94 0.2866
473.86 422.38 32.74 45.89 0.2844
508.91 423.94 32.61 50.16 0.2509
34.56 98.23 278.21 199.65 0.2168
639.61 396.66 44.13 85.46 0.2125
553.80 94.99 248.48 257.21 0.1965
10.59 334.86 159.09 183.54 0.1935
328.49 366.95 39.84 53.31 0.1906
577.73 372.21 101.99 182.49 0.1881
614.31 391.22 54.11 100.92 0.1836
625.06 182.23 164.90 213.05 0.1686
477.34 392.55 26.66 48.20 0.1621
851.76 241.32 98.07 86.22 0.1519
319.69 326.76 57.36 62.62 0.1507
291.26 292.40 56.22 62.71 0.1426
389.74 425.29 47.17 69.28 0.1419
439.43 112.23 203.52 258.58 0.1215
329.77 380.79 60.71 64.50 0.1207
347.74 350.59 49.95 50.01 0.1202
527.50 395.17 79.89 118.82 0.1166
333.46 240.67 56.33 76.14 0.1165
120.47 338.12 105.42 154.62 0.1137
305.91 171.04 80.38 86.71 0.1132
286.99 308.01 72.83 86.21 0.1112
427.00 172.72 131.00 185.19 0.1087
492.94 382.49 62.24 95.41 0.1069
552.58 364.28 93.25 134.19 0.1068
202.87 424.12 104.39 139.67 0.0995
163.31 362.03 68.72 105.33 0.0985
292.59 439.52 56.13 68.49 0.0966
209.92 396.04 69.90 103.36 0.0964
251.24 177.04 67.53 87.81 0.0964
444.20 430.91 36.71 51.18 0.0949
288.22 352.52 54.96 69.86 0.0923
260.88 319.17 60.76 69.43 0.0919
262.02 280.09 43.54 48.23 0.0900
102.51 411.33 90.81 131.92 0.0895
0.00 341.82 36.68 82.20 0.0882
852.46 209.16 89.57 76.06 0.0880
676.47 268.94 105.26 112.53 0.0853
321.49 277.39 98.12 122.23 0.0851
280.25 485.99 72.77 77.95 0.0844
255.18 358.63 54.15 64.38 0.0843
385.13 452.64 56.85 66.98 0.0825
203.25 370.36 58.48 80.62 0.0815
861.37 293.21 67.69 57.95 0.0812
388.81 228.98 66.31 94.02 0.0802
153.48 334.76 66.98 83.78 0.0794
507.27 454.61 58.64 81.67 0.0766
419.01 470.50 53.29 58.99 0.0766
67.53 260.25 150.74 180.65 0.0763
290.38 231.76 98.54 110.92 0.0756
435.83 384.16 51.57 80.72 0.0753
98.41 186.28 174.69 190.07 0.0751
190.97 478.92 98.36 136.95 0.0742
283.39 385.86 64.00 77.68 0.0730
330.42 489.57 77.56 74.40 0.0721
372.01 271.35 81.59 130.88 0.0709
426.77 256.96 71.11 136.13 0.0708
618.16 351.49 82.18 94.83 0.0707
440.55 146.39 80.67 114.60 0.0705
800.48 202.70 130.94 114.40 0.0699
789.20 149.56 119.11 122.40 0.0667
432.62 489.41 45.53 57.22 0.0661
248.61 213.21 85.77 100.18 0.0656
984.23 243.96 37.06 59.68 0.0655
377.16 482.25 62.59 69.68 0.0654
275.20 509.51 87.32 95.69 0.0648
517.82 128.59 114.48 145.82 0.0628
121.27 436.78 180.05 210.13 0.0624
942.50 274.48 49.04 55.98 0.0620
468.62 467.94 51.60 66.18 0.0615
0.00 288.51 54.63 114.45 0.0600
474.03 346.06 46.54 91.96 0.0597
936.04 244.58 56.49 62.55 0.0597
512.92 501.52 41.43 63.73 0.0560
329.38 530.78 75.69 84.27 0.0546
516.57 215.38 152.04 186.37 0.0545
614.40 281.82 111.81 113.22 0.0545
523.35 325.92 114.40 124.40 0.0538
348.16 510.86 73.99 78.91 0.0536
540.63 459.33 63.29 103.52 0.0535
176.06 212.41 114.19 134.81 0.0534
207.63 303.35 63.86 78.71 0.0529
451.93 248.71 113.21 186.14 0.0511
64.86 433.93 95.91 113.43 0.0502
