20_Family_Group_Family_Group_20_277
23
602.57 53.73 421.43 120.63 0.4020
611.57 82.30 412.43 208.29 0.3103
208.09 171.86 383.47 198.25 0.1871
622.54 17.77 401.46 64.67 0.1757
171.94 165.63 168.41 347.61 0.1464
597.52 162.34 426.48 351.71 0.1425
349.13 98.97 398.94 181.66 0.1178
118.05 154.10 137.95 379.91 0.0922
435.68 176.90 371.19 342.91 0.0772
616.02 468.94 407.98 299.06 0.0762
152.08 110.53 360.12 190.81 0.0663
270.20 54.67 409.58 131.12 0.0660
109.72 407.97 143.72 328.83 0.0639
60.94 405.96 100.46 335.33 0.0566
336.93 472.92 422.48 295.08 0.0514
21.40 420.92 32.51 311.41 0.0467
147.43 396.64 219.06 351.28 0.0356
60.53 167.49 97.66 359.41 0.0317
2.09 0.94 60.98 78.85 0.0311
107.33 128.38 153.99 152.17 0.0308
21.65 201.60 27.25 291.77 0.0285
247.86 192.47 460.25 444.33 0.0284
105.32 305.50 448.62 392.89 0.0260
