39_Ice_Skating_iceskiing_39_943
82
583.19 764.45 81.00 162.89 0.611487
431.19 190.49 52.28 114.60 0.475024
352.20 666.26 73.35 199.66 0.461971
81.99 294.05 57.94 118.85 0.412559
336.41 191.37 40.54 132.96 0.395902
660.55 446.64 39.36 93.01 0.393405
726.15 175.74 61.65 148.14 0.351271
649.53 637.22 76.00 184.96 0.254552
737.06 357.85 54.83 109.54 0.235671
658.88 520.61 99.28 244.83 0.221533
56.76 277.93 62.08 115.57 0.216215
357.93 772.61 80.02 234.03 0.198085
8.51 262.92 51.50 118.35 0.191529
712.07 277.59 78.41 167.02 0.176267
118.65 765.19 97.09 155.05 0.170995
466.93 836.05 81.98 164.06 0.170090
660.85 733.46 94.29 204.93 0.165850
89.67 801.93 70.28 107.14 0.162324
687.65 373.02 98.22 239.96 0.158793
541.39 950.93 61.71 169.26 0.158537
720.91 359.55 106.98 200.97 0.157677
115.99 819.31 132.79 175.26 0.145783
446.91 377.78 62.92 126.32 0.145142
514.72 938.84 59.85 165.71 0.141293
748.11 433.13 85.09 205.58 0.124986
61.37 837.50 37.46 62.85 0.124479
388.99 837.19 85.04 218.60 0.122673
765.15 534.01 68.65 143.95 0.121985
710.65 520.20 91.33 202.71 0.110577
559.69 801.09 153.80 328.43 0.110442
847.92 521.83 30.89 88.16 0.108068
723.95 217.14 97.72 193.55 0.105008
448.94 881.15 96.70 238.74 0.097321
847.55 571.03 32.54 82.74 0.096726
428.79 224.50 71.88 162.84 0.095850
169.24 859.45 179.22 285.42 0.095665
368.13 198.28 43.47 148.64 0.094463
647.99 633.68 151.85 325.81 0.091600
338.46 570.47 41.91 117.00 0.091576
42.91 960.33 80.25 207.88 0.091185
507.05 379.42 34.74 66.86 0.089691
4.73 307.31 63.24 148.95 0.088545
335.54 338.52 49.54 136.02 0.087121
321.76 833.88 92.67 226.18 0.087059
103.20 677.12 87.51 215.34 0.085162
5.28 197.21 37.87 97.91 0.085011
664.21 320.75 62.11 136.81 0.079864
356.34 568.17 64.56 182.78 0.079524
502.12 337.46 40.29 63.48 0.077050
401.05 279.11 92.56 213.10 0.074205
514.71 257.72 28.19 65.95 0.071438
38.51 879.43 61.51 108.62 0.071369
127.33 287.69 48.85 117.80 0.067746
543.20 1032.73 55.77 127.60 0.064760
10.71 893.26 39.57 84.10 0.064543
425.28 975.61 65.43 139.14 0.063424
881.30 529.42 40.71 143.67 0.062472
641.55 832.52 136.18 266.58 0.061681
515.05 1024.60 56.24 128.13 0.061583
779.02 591.22 55.41 125.26 0.061299
49.47 374.50 72.05 145.41 0.060790
12.05 847.92 24.62 60.49 0.060648
407.92 392.74 80.56 226.72 0.058718
376.97 964.35 45.18 125.52 0.057775
447.75 580.67 68.61 177.72 0.056955
52.66 747.83 77.02 146.60 0.056338
59.25 726.04 300.10 404.77 0.056266
3.75 922.54 72.94 178.03 0.055518
515.07 772.57 39.86 118.04 0.055217
349.97 392.33 91.68 253.19 0.054980
600.66 632.97 79.01 267.38 0.054625
891.30 517.47 26.58 99.04 0.054385
779.76 748.46 75.86 203.13 0.054308
397.56 567.24 68.26 182.27 0.054189
440.29 435.32 65.26 161.41 0.053828
491.71 603.68 59.78 194.58 0.053086
486.89 1292.47 82.21 126.53 0.052177
49.86 212.79 46.61 127.86 0.051699
139.48 978.99 90.09 178.21 0.051676
265.96 323.86 64.83 193.28 0.051067
334.93 473.91 62.23 181.88 0.050748
822.03 438.58 54.43 157.99 0.050546
