39_Ice_Skating_iceskiing_39_817
100
396.58 357.66 72.43 121.31 0.373355
551.85 127.57 85.62 144.11 0.278843
596.94 117.39 92.59 138.43 0.265161
491.71 236.94 105.26 163.73 0.224116
398.23 192.74 75.55 122.61 0.195154
498.28 97.19 62.48 108.71 0.194138
648.87 264.88 39.17 75.13 0.192468
196.94 309.54 35.50 69.57 0.190377
423.93 322.09 96.19 176.28 0.180816
453.93 289.25 95.67 174.40 0.177723
453.98 180.87 109.74 166.52 0.175324
463.16 87.35 73.10 125.92 0.161025
631.36 188.74 63.20 106.26 0.139830
129.64 584.75 175.91 337.18 0.138139
367.05 85.87 74.11 128.58 0.137007
641.82 44.19 95.55 179.08 0.136958
371.37 223.07 110.30 170.13 0.135921
410.42 98.83 82.70 169.55 0.134527
336.11 101.04 123.30 221.33 0.134493
22.73 77.78 64.18 109.90 0.130466
262.95 382.00 67.11 114.67 0.120966
275.44 121.60 117.81 206.62 0.120865
74.21 615.28 125.13 288.90 0.116595
603.51 223.06 52.29 120.73 0.115756
151.50 430.69 30.19 48.54 0.113388
137.45 632.11 74.12 166.04 0.112467
87.05 100.89 56.85 106.34 0.110390
270.28 599.28 67.97 136.05 0.109714
277.25 436.42 50.70 95.00 0.106598
560.31 14.79 160.06 234.58 0.105812
36.12 125.30 51.64 81.25 0.105311
205.58 145.18 165.68 344.14 0.105282
457.58 50.26 63.51 109.72 0.104299
313.05 292.68 98.21 165.82 0.104130
220.38 580.53 139.04 303.70 0.103580
144.97 196.00 33.37 60.98 0.099982
6.81 566.79 29.15 77.54 0.098978
499.57 54.98 65.54 106.46 0.097664
548.30 42.98 77.09 124.90 0.096355
218.95 277.84 73.76 150.05 0.094986
122.41 144.21 51.22 82.09 0.094047
51.78 476.79 34.10 55.28 0.093398
8.53 517.15 33.22 80.59 0.091344
237.19 16.36 113.03 165.39 0.090978
143.89 457.49 33.43 60.42 0.090537
43.19 516.97 42.35 65.60 0.088942
8.18 766.85 59.55 128.59 0.087992
580.87 251.61 99.09 204.71 0.087697
9.99 474.84 26.10 55.52 0.087686
17.72 22.64 74.26 116.70 0.085554
365.34 50.67 54.47 104.60 0.085068
154.36 362.80 38.49 54.39 0.084687
16.39 735.65 109.75 209.56 0.084250
190.23 205.73 50.19 92.59 0.081264
632.97 290.57 58.82 139.14 0.080823
235.43 341.00 89.02 129.94 0.080401
86.53 637.88 81.29 176.76 0.079277
100.76 469.78 28.66 53.40 0.079175
50.05 661.98 63.12 118.81 0.078731
54.90 435.50 25.55 40.29 0.077151
102.17 529.86 34.59 60.27 0.075079
0.00 0.00 49.55 89.23 0.074801
43.07 623.48 43.92 85.80 0.073043
516.93 8.96 41.84 40.03 0.071532
105.22 433.23 30.69 48.72 0.071352
293.30 535.51 68.23 162.72 0.070792
462.39 9.56 38.32 40.38 0.068659
149.53 319.75 37.10 69.90 0.067754
4.61 713.76 52.56 128.66 0.067607
184.88 421.75 36.38 52.37 0.067545
43.98 565.30 38.50 70.43 0.067529
47.01 175.23 38.14 79.83 0.067506
607.49 341.58 70.71 148.37 0.066187
4.76 427.04 30.85 62.78 0.065994
79.87 825.98 69.82 122.35 0.064722
4.89 354.62 28.38 61.53 0.063791
553.52 4.61 54.87 52.41 0.060012
94.24 884.56 44.33 71.28 0.059787
286.21 513.44 49.24 89.03 0.059652
169.40 19.42 117.44 155.92 0.059571
101.89 184.86 38.87 74.86 0.059197
427.31 7.23 44.78 48.14 0.058866
69.42 883.28 96.87 113.12 0.058355
392.90 688.38 57.24 137.29 0.057472
136.76 528.23 40.72 75.39 0.057210
102.93 347.67 45.28 75.45 0.057094
220.71 186.91 75.54 166.67 0.054898
669.07 345.92 121.74 164.55 0.054584
290.34 2.09 84.90 96.37 0.054233
240.03 107.17 81.23 122.25 0.053774
244.34 434.88 65.87 108.43 0.053369
472.57 592.91 54.41 172.77 0.052749
4.68 809.94 81.74 180.82 0.052614
588.69 0.00 92.18 102.22 0.052533
3.23 282.63 36.09 108.08 0.051299
643.83 149.88 87.20 151.65 0.050965
189.14 704.61 136.20 225.23 0.050561
48.19 255.55 36.55 70.73 0.050333
117.77 98.32 63.24 103.58 0.050173
248.80 482.86 193.23 370.52 0.050144
