39_Ice_Skating_Ice_Skating_39_793
60
505.09 533.11 278.30 391.28 0.621439
131.56 569.85 153.76 261.15 0.537615
826.25 921.25 103.82 132.58 0.209752
448.28 484.27 98.02 153.24 0.189708
460.95 515.94 133.54 190.33 0.188237
543.70 92.99 228.88 249.60 0.186111
492.74 651.65 187.58 236.49 0.184482
266.01 361.62 102.36 354.77 0.181338
128.08 477.75 277.25 489.19 0.158897
783.65 958.96 165.97 317.81 0.148873
451.39 0.00 362.12 410.76 0.144131
180.92 451.02 130.15 296.43 0.133959
474.02 472.13 237.44 310.03 0.132583
644.15 1022.26 150.12 207.50 0.131229
131.87 497.98 123.57 200.24 0.130588
254.02 265.84 83.94 281.09 0.128923
577.53 987.45 117.02 155.40 0.124545
656.59 1107.65 62.82 91.98 0.121386
917.83 876.44 78.35 157.68 0.116154
661.81 1004.23 217.09 304.58 0.115473
865.05 825.90 103.24 173.35 0.110113
423.55 832.59 83.22 193.41 0.105799
368.45 834.81 155.10 307.12 0.098769
764.59 127.17 76.73 152.98 0.098515
683.49 113.06 166.31 207.17 0.096790
456.66 656.15 98.82 159.46 0.096387
587.40 1215.11 51.04 102.45 0.095594
795.68 858.93 99.83 189.87 0.090432
366.76 296.93 261.44 206.44 0.089622
523.39 831.75 130.39 213.16 0.089364
512.39 916.38 172.68 310.41 0.087948
636.71 702.50 157.48 256.80 0.087043
397.07 497.39 144.18 271.43 0.085918
674.60 482.62 129.55 210.27 0.084422
880.57 783.95 84.54 115.58 0.083166
588.81 846.13 203.38 333.29 0.082909
341.05 180.40 419.14 277.97 0.081417
879.80 1001.92 112.03 192.24 0.080219
206.65 671.80 143.13 294.35 0.079416
41.31 586.70 141.82 217.06 0.075416
396.13 399.16 199.35 279.99 0.073019
238.64 452.50 186.65 362.33 0.072886
975.17 961.27 39.77 96.43 0.072755
356.21 584.01 164.01 297.74 0.071685
702.22 579.86 125.47 252.18 0.071603
780.49 167.99 103.69 194.16 0.070087
793.48 290.17 98.65 166.72 0.067183
440.36 726.14 97.60 168.88 0.066029
629.35 1059.69 108.83 134.50 0.065256
54.80 639.00 157.92 327.68 0.062519
560.38 1095.43 102.90 177.48 0.061025
642.21 1116.19 108.25 146.18 0.059309
309.79 785.67 98.09 166.61 0.058738
992.52 1136.29 23.20 80.30 0.058648
239.34 203.72 66.07 201.41 0.055354
493.24 368.62 307.18 305.04 0.053041
616.97 384.66 170.62 178.25 0.051270
11.58 1205.16 169.12 300.82 0.050927
795.83 442.06 227.80 467.12 0.050300
857.38 99.25 75.95 135.21 0.050121
