39_Ice_Skating_Ice_Skating_39_438
87
759.63 359.33 103.17 168.91 0.704870
371.47 267.92 60.71 128.26 0.618207
633.92 244.58 57.86 134.95 0.463727
260.73 235.87 72.04 147.44 0.332366
472.59 264.25 43.87 120.35 0.308036
68.71 491.46 180.29 366.38 0.249459
498.03 245.56 46.35 121.12 0.199943
260.73 253.85 99.64 254.70 0.183586
323.87 251.54 72.37 177.96 0.176035
990.77 573.69 27.15 67.61 0.169137
937.29 568.04 31.16 69.15 0.167801
157.69 617.65 104.85 264.82 0.161114
877.20 808.88 39.74 116.29 0.155374
393.87 223.79 64.45 163.99 0.154635
566.99 440.36 52.03 117.48 0.151099
109.86 358.91 164.06 380.41 0.145494
975.71 428.60 40.13 74.37 0.142629
197.14 279.80 141.91 307.36 0.139804
69.29 354.61 85.19 158.15 0.135959
705.75 367.55 84.72 138.23 0.130322
10.43 261.21 103.82 235.43 0.128837
935.74 586.27 36.88 94.10 0.128475
73.64 425.07 115.67 218.96 0.124821
346.37 285.48 98.66 203.91 0.124697
981.36 476.00 37.11 86.12 0.119714
585.09 688.70 59.16 115.34 0.117723
978.60 710.01 44.12 136.49 0.112610
250.99 303.00 189.84 363.84 0.111899
564.56 319.04 77.92 159.51 0.111375
596.39 303.56 85.61 204.06 0.108764
888.78 682.24 36.71 92.80 0.105085
52.56 585.70 125.19 248.72 0.102739
7.12 494.49 24.45 66.59 0.102125
99.05 0.00 63.56 91.82 0.100250
1.32 290.26 52.50 152.63 0.098833
5.88 397.36 34.32 97.85 0.097966
659.40 170.88 91.73 209.56 0.093358
185.81 10.25 51.83 99.22 0.093335
693.28 403.56 77.64 150.07 0.091284
938.09 486.80 38.42 91.27 0.091264
183.05 345.29 67.22 118.55 0.090703
5.72 0.00 50.53 72.73 0.088858
804.12 475.43 70.58 132.37 0.088856
57.27 485.90 47.56 81.75 0.088101
626.78 122.40 86.95 253.08 0.086907
553.57 675.46 101.93 180.45 0.086665
508.07 516.89 91.16 142.79 0.086231
884.33 622.54 42.20 97.49 0.085484
385.55 305.51 91.50 213.26 0.081133
514.62 385.65 69.44 138.10 0.079765
525.51 586.95 135.10 187.97 0.079609
945.19 427.01 44.18 77.00 0.078448
857.37 826.67 44.17 103.43 0.078047
1.52 522.32 29.69 101.65 0.077713
86.05 27.17 69.28 120.72 0.076826
888.05 550.61 41.54 101.82 0.075786
792.32 627.07 36.40 84.26 0.073952
514.59 444.44 83.35 142.14 0.073351
38.36 0.00 52.25 62.73 0.073071
491.52 743.07 125.63 253.57 0.072923
117.99 39.29 63.17 104.99 0.071431
464.31 354.82 63.06 143.78 0.069696
155.52 243.93 115.59 213.92 0.069293
40.62 108.73 51.18 99.87 0.067536
928.65 694.74 43.51 115.22 0.067117
34.65 56.14 60.63 117.66 0.066654
516.19 608.10 93.64 112.34 0.066026
131.94 1.28 57.78 89.41 0.065575
5.37 616.98 33.76 113.49 0.064082
223.36 6.13 51.24 92.50 0.063125
31.46 196.22 73.96 155.80 0.061438
7.83 99.19 73.13 165.02 0.059897
20.96 187.61 203.25 377.77 0.059850
50.68 517.96 93.31 176.81 0.059649
594.04 386.09 115.81 209.12 0.059310
472.27 420.84 84.27 160.05 0.059113
876.17 467.88 49.31 109.86 0.057254
0.74 195.86 68.49 188.48 0.057081
689.09 78.47 204.69 430.19 0.056625
367.07 138.71 80.96 204.25 0.056334
550.90 773.06 85.29 174.66 0.054570
746.44 406.19 106.96 216.36 0.054547
233.02 37.89 48.91 102.68 0.053683
584.79 522.00 86.90 165.16 0.053354
888.35 414.88 44.35 90.88 0.053216
58.57 66.24 90.11 159.59 0.052265
575.22 607.51 139.29 296.97 0.052113
