10_People_Marching_People_Marching_10_People_Marching_People_Marching_10_People_Marching_People_Marching_10_1020
43
694.98 103.56 31.30 45.06 0.4931
265.36 378.19 133.00 122.26 0.3170
432.09 337.57 177.38 176.57 0.2250
667.45 97.01 47.87 53.35 0.2185
852.40 183.04 25.39 29.72 0.1978
624.44 353.86 27.88 47.39 0.1775
387.64 354.64 138.54 134.50 0.1613
543.20 346.20 58.08 63.02 0.1527
583.39 349.45 60.03 67.80 0.1504
717.25 421.86 74.13 138.01 0.1385
873.60 250.39 56.22 48.03 0.1170
574.02 124.86 127.93 105.26 0.1160
654.35 94.61 79.89 83.12 0.1127
628.54 312.50 35.60 55.53 0.1127
552.54 344.66 97.18 117.57 0.1055
654.76 287.82 42.85 63.29 0.1032
423.43 355.80 74.83 91.57 0.1015
296.67 353.53 183.70 141.12 0.0988
653.32 371.79 113.89 158.90 0.0943
588.74 324.52 37.96 60.28 0.0915
613.14 108.84 71.10 64.24 0.0870
511.82 435.97 139.88 116.43 0.0846
486.99 341.15 71.79 63.69 0.0839
544.66 322.09 37.79 45.98 0.0827
628.66 277.96 52.75 61.60 0.0788
639.19 325.43 58.97 79.77 0.0740
623.47 486.49 61.08 87.21 0.0668
498.76 317.31 53.45 47.16 0.0654
667.41 267.41 64.21 67.78 0.0642
864.51 200.17 51.73 67.40 0.0633
849.89 225.25 53.62 63.07 0.0631
676.00 444.29 74.51 124.77 0.0628
197.74 383.01 124.33 143.02 0.0619
675.77 325.36 65.87 91.14 0.0616
674.55 301.16 52.06 57.91 0.0601
0.00 397.23 217.26 333.50 0.0584
897.82 272.58 49.80 53.37 0.0567
707.13 295.24 121.09 257.17 0.0559
707.38 264.11 69.52 62.25 0.0554
216.53 367.15 79.03 101.21 0.0553
634.02 251.04 78.87 91.36 0.0539
841.24 249.96 59.55 69.59 0.0516
566.11 204.68 99.69 117.82 0.0507
