10_People_Marching_People_Marching_2_498
200
769.23 122.34 28.68 37.48 0.5919
953.32 543.82 23.64 33.66 0.4097
353.30 135.57 41.34 60.33 0.3894
544.55 2.85 28.81 29.62 0.3092
998.59 249.23 25.41 47.55 0.2886
212.01 587.67 29.91 33.96 0.2846
159.51 416.97 27.09 37.87 0.2642
120.00 270.20 21.78 27.34 0.2545
735.95 449.25 34.13 50.02 0.2492
364.64 20.30 22.69 24.13 0.2456
194.84 20.74 15.86 22.57 0.2227
338.52 2.01 21.95 23.89 0.2096
705.41 1.55 20.01 19.55 0.2076
69.79 146.08 24.45 29.61 0.2026
629.54 2.07 20.73 23.05 0.2021
318.20 485.59 39.11 47.02 0.2004
779.56 527.51 28.59 43.23 0.1988
913.65 146.05 23.62 26.77 0.1986
666.92 25.79 18.93 23.68 0.1952
245.03 155.11 45.96 66.94 0.1889
297.45 1.83 29.15 29.37 0.1872
39.81 560.30 23.75 37.10 0.1831
524.96 433.41 29.27 29.11 0.1827
41.29 34.62 40.63 47.55 0.1822
702.75 26.81 20.13 23.21 0.1792
946.83 105.77 27.06 37.76 0.1779
836.94 280.08 30.10 36.50 0.1747
227.03 138.66 39.51 60.05 0.1726
950.21 97.88 22.88 28.35 0.1721
289.42 254.32 27.02 42.78 0.1694
630.51 20.46 19.21 25.59 0.1677
409.97 160.74 23.55 35.17 0.1668
343.07 394.15 33.09 47.75 0.1637
880.63 565.16 34.09 56.40 0.1632
0.89 442.11 23.85 45.73 0.1592
40.87 597.76 22.80 37.30 0.1580
395.90 55.87 27.11 32.95 0.1569
231.64 102.63 27.97 39.36 0.1554
9.51 517.77 27.57 47.42 0.1526
223.40 165.32 39.81 70.63 0.1497
361.08 5.50 28.55 29.08 0.1496
193.92 8.38 19.14 25.48 0.1472
708.45 436.18 26.17 30.34 0.1445
222.68 74.76 24.40 27.82 0.1414
666.40 2.70 19.85 20.52 0.1407
700.03 41.23 22.21 28.36 0.1406
474.54 437.89 27.41 31.24 0.1379
360.65 161.00 38.54 56.10 0.1378
339.30 417.23 25.68 38.72 0.1377
823.55 328.48 57.02 68.43 0.1349
986.74 303.82 33.50 64.17 0.1346
407.61 560.38 29.32 46.72 0.1331
158.85 608.48 20.39 25.02 0.1319
881.32 5.12 20.30 21.31 0.1305
888.14 41.89 15.10 23.77 0.1293
524.69 605.41 25.87 34.28 0.1293
246.90 649.21 34.82 30.48 0.1286
955.08 136.72 24.77 31.91 0.1280
666.51 40.49 20.72 28.51 0.1276
512.28 479.87 61.83 64.72 0.1273
474.90 450.26 29.07 37.18 0.1255
924.99 120.05 24.30 29.85 0.1255
914.79 155.34 28.88 44.44 0.1249
883.17 25.59 18.31 25.93 0.1248
888.16 491.77 29.04 41.16 0.1241
921.92 543.62 27.44 40.45 0.1228
818.69 288.65 31.81 36.38 0.1220
8.80 64.34 37.84 67.80 0.1206
891.65 418.39 24.41 28.14 0.1197
850.45 141.97 20.82 33.05 0.1194
222.12 632.92 46.30 41.07 0.1193
558.46 614.48 39.63 48.90 0.1191
339.42 65.89 23.11 26.40 0.1188
657.21 327.74 42.27 60.35 0.1172
686.66 314.82 33.54 47.20 0.1171
512.24 454.35 43.29 37.73 0.1168
593.36 26.55 24.12 26.99 0.1163
888.10 145.38 25.44 28.08 0.1161
37.73 4.45 31.66 35.22 0.1150
359.81 470.83 36.06 51.20 0.1136
891.10 429.22 26.20 31.04 0.1135
1.63 472.46 28.26 45.34 0.1128
519.11 51.36 21.72 30.07 0.1127
337.49 15.43 24.56 30.03 0.1126
761.18 304.85 36.11 45.55 0.1108
302.24 438.09 23.44 23.65 0.1104
376.08 70.10 21.54 25.77 0.1093
108.81 456.59 26.88 30.79 0.1090
812.56 303.66 42.33 46.69 0.1088
28.32 534.19 33.39 46.75 0.1083
628.52 45.07 23.21 29.19 0.1082
600.03 85.42 32.34 41.42 0.1078
990.74 210.30 33.26 64.28 0.1076
164.64 424.69 39.31 38.88 0.1075
923.45 28.47 18.26 25.78 0.1067
830.37 297.48 51.04 63.66 0.1057
327.76 464.97 33.11 50.23 0.1054
634.80 316.49 24.32 32.16 0.1054
526.90 23.75 26.94 23.89 0.1051
339.24 53.59 21.13 23.03 0.1046
579.95 589.21 28.15 38.52 0.1045
996.72 139.35 18.18 30.58 0.1045
191.18 98.98 18.73 26.25 0.1043
739.15 30.48 18.72 21.39 0.1040
25.53 75.40 42.77 59.26 0.1035
366.40 499.26 29.16 40.13 0.1035
706.08 466.38 34.94 46.36 0.1020
681.51 325.22 47.70 67.52 0.1019
609.20 98.60 37.73 54.00 0.1018
910.90 447.34 29.79 41.64 0.1018
765.42 138.94 41.48 59.57 0.1017
186.38 632.65 30.16 36.12 0.1015
304.08 462.43 41.58 45.83 0.1002
559.51 594.29 39.85 44.61 0.0999
153.50 436.94 31.51 47.94 0.0998
948.67 76.82 27.42 38.22 0.0998
189.13 139.11 25.97 36.92 0.0995
990.07 556.87 28.31 39.38 0.0994
743.19 165.71 28.76 36.75 0.0992
664.94 252.62 25.46 40.65 0.0987
355.22 424.86 36.02 38.24 0.0977
591.35 0.00 32.02 23.78 0.0974
703.14 370.40 45.28 71.94 0.0972
957.15 47.55 27.25 37.52 0.0971
907.79 500.98 32.11 38.01 0.0971
710.02 406.75 36.00 46.51 0.0970
591.61 45.35 24.90 28.98 0.0964
9.39 30.93 31.28 54.33 0.0949
437.37 624.88 29.42 42.43 0.0949
2.25 399.64 23.21 54.92 0.0944
883.65 453.89 33.56 44.04 0.0944
661.70 167.18 25.96 38.36 0.0943
361.26 94.28 32.52 39.64 0.0940
882.29 117.29 23.33 29.11 0.0940
796.94 166.69 37.90 45.12 0.0939
261.41 222.32 53.93 76.78 0.0939
949.48 181.82 33.73 45.82 0.0929
377.65 655.06 28.90 25.19 0.0928
794.18 522.27 35.42 49.06 0.0924
895.20 572.43 45.27 56.33 0.0918
401.69 647.09 28.43 31.24 0.0916
948.38 588.16 57.30 77.39 0.0915
985.67 0.07 28.41 26.23 0.0912
701.86 165.12 21.50 29.22 0.0910
288.47 132.71 38.35 71.81 0.0907
766.38 579.43 47.07 79.96 0.0907
451.22 437.45 25.23 37.85 0.0898
745.36 130.95 35.27 41.14 0.0896
842.37 531.08 27.12 41.14 0.0892
375.87 49.80 20.90 26.26 0.0891
543.78 460.68 35.63 36.08 0.0890
218.01 52.47 24.82 21.46 0.0889
883.50 77.30 18.09 19.72 0.0889
57.83 28.72 36.18 33.44 0.0879
609.27 73.05 39.43 45.82 0.0868
819.84 435.37 26.11 30.64 0.0865
110.97 324.37 39.67 59.74 0.0864
795.42 129.81 44.54 46.67 0.0850
950.10 518.62 28.51 47.69 0.0849
74.06 651.48 26.49 27.77 0.0847
788.53 573.53 44.36 60.80 0.0838
6.51 529.30 33.90 71.97 0.0838
700.33 148.49 20.56 30.42 0.0834
740.39 47.70 23.25 26.94 0.0834
6.62 0.27 35.35 42.07 0.0829
904.31 474.16 36.57 45.06 0.0829
961.64 0.00 25.59 22.73 0.0827
61.08 629.37 40.75 46.76 0.0825
700.38 65.57 26.15 31.47 0.0823
51.18 141.21 36.39 36.57 0.0818
452.63 289.50 31.26 33.09 0.0817
921.97 43.78 19.16 27.48 0.0813
633.46 331.46 44.00 59.71 0.0810
260.41 0.00 25.28 21.18 0.0804
658.07 218.92 34.28 54.42 0.0803
746.26 576.89 30.84 42.36 0.0801
992.44 180.29 30.46 49.85 0.0798
35.02 110.36 33.66 49.80 0.0793
526.35 0.33 28.52 27.80 0.0792
112.51 302.70 31.11 47.92 0.0791
922.68 181.15 42.93 62.15 0.0788
267.89 274.98 30.61 43.67 0.0787
8.98 618.60 23.17 46.63 0.0786
407.86 122.14 35.22 63.67 0.0780
128.83 302.65 44.96 67.18 0.0772
993.16 117.66 23.37 38.90 0.0771
876.29 95.00 24.86 26.65 0.0769
263.19 308.47 24.60 44.44 0.0762
189.66 159.64 28.55 40.62 0.0761
960.66 257.22 32.84 45.40 0.0761
664.11 302.37 39.12 59.36 0.0755
848.86 148.00 26.64 48.97 0.0753
393.12 153.75 43.13 69.71 0.0753
965.13 306.80 34.52 47.22 0.0751
483.20 472.99 28.46 39.26 0.0746
469.78 293.29 42.08 52.42 0.0744
404.36 536.32 33.03 54.47 0.0742
173.24 447.19 35.66 44.08 0.0740
376.55 627.11 30.48 41.48 0.0738
377.92 610.60 25.71 33.02 0.0735
