48_Parachutist_Paratrooper_Parachutist_Paratrooper_48_596
34
427.34 175.57 93.40 155.57 0.610542
440.93 112.93 133.03 221.13 0.218529
269.56 929.80 211.10 289.97 0.194179
664.64 1106.04 113.85 235.00 0.173798
204.86 771.57 244.27 389.27 0.143552
381.22 145.03 101.97 150.60 0.141301
472.79 204.97 109.70 209.32 0.106758
184.32 906.96 101.78 208.03 0.102595
454.66 18.08 58.49 80.16 0.093035
552.59 915.95 141.74 209.32 0.089590
643.88 774.27 134.92 347.50 0.078106
210.66 446.01 247.34 570.93 0.075373
362.13 933.32 162.71 223.37 0.075243
366.17 315.69 66.36 120.78 0.071908
608.04 331.97 170.38 578.39 0.070880
264.65 699.58 195.89 259.37 0.069035
268.70 364.28 52.08 121.50 0.068031
502.42 0.82 61.27 91.48 0.064896
247.89 374.78 89.64 231.67 0.063848
570.90 966.07 189.09 355.59 0.060294
418.76 19.21 75.93 95.65 0.059926
226.05 507.15 131.33 379.45 0.059317
173.96 1005.02 102.83 225.06 0.059096
771.09 1087.63 77.48 182.52 0.057932
450.95 701.31 215.83 325.40 0.057843
608.77 320.07 45.17 99.28 0.056673
197.24 924.01 175.04 354.87 0.055896
987.76 1033.71 27.80 117.35 0.055101
354.84 798.16 209.42 289.53 0.054385
988.65 1114.04 27.04 111.50 0.054315
214.84 976.98 249.35 418.84 0.054142
432.62 734.41 152.63 213.52 0.054130
683.08 1282.69 74.61 181.10 0.052702
826.44 770.47 151.68 458.14 0.050239
