16_Award_Ceremony_Awards_Ceremony_16_226
80
201.07 89.14 58.73 79.15 0.7703
404.84 376.63 24.94 38.04 0.2801
594.98 203.70 37.13 46.85 0.2737
664.61 458.95 38.24 44.61 0.2420
556.03 381.99 31.01 53.93 0.1941
583.43 438.50 32.29 49.41 0.1924
364.25 375.40 38.51 52.25 0.1660
736.72 377.94 25.96 34.17 0.1567
878.21 111.10 38.39 37.51 0.1526
339.42 380.80 47.76 57.99 0.1485
502.98 485.76 33.84 34.47 0.1389
624.02 460.53 38.99 51.93 0.1374
700.37 329.74 23.30 33.48 0.1265
611.45 401.27 38.04 50.45 0.1252
78.22 109.66 22.66 36.52 0.1237
66.51 132.06 32.80 37.17 0.1184
826.69 157.41 62.60 64.30 0.1170
350.71 404.63 54.54 73.80 0.1117
568.37 339.13 57.95 83.29 0.1100
609.85 421.12 43.98 55.68 0.1040
108.74 140.27 44.26 44.87 0.1028
438.23 423.66 29.64 41.19 0.1002
480.43 479.89 39.00 45.27 0.0970
612.11 347.94 34.54 55.32 0.0962
394.42 422.30 41.93 58.41 0.0916
458.83 59.92 41.71 63.15 0.0863
481.08 464.90 31.92 41.36 0.0858
576.78 461.74 37.80 55.22 0.0854
466.07 504.45 45.79 45.81 0.0847
503.52 496.01 46.91 45.94 0.0817
622.30 116.98 26.10 47.16 0.0815
808.10 142.08 68.36 60.25 0.0810
365.21 157.43 57.40 46.84 0.0793
331.91 345.03 54.93 74.57 0.0780
576.65 389.51 56.45 75.07 0.0778
463.32 81.96 42.67 78.15 0.0777
557.98 460.59 33.05 45.80 0.0769
725.77 372.33 53.19 62.52 0.0761
556.24 419.48 32.71 49.08 0.0760
841.84 108.64 56.28 57.15 0.0751
154.20 368.32 61.85 82.54 0.0741
860.72 130.01 55.22 64.07 0.0738
434.46 513.02 64.75 59.85 0.0734
555.97 484.47 30.12 34.97 0.0699
618.49 150.42 31.34 42.82 0.0692
857.88 164.80 53.64 59.29 0.0679
651.74 441.56 69.61 76.44 0.0677
519.69 442.99 20.46 32.37 0.0659
687.73 404.54 39.09 43.97 0.0659
989.39 645.04 33.25 80.19 0.0659
124.87 182.11 69.54 68.08 0.0652
550.50 190.85 30.70 40.88 0.0648
518.70 153.57 46.02 54.52 0.0646
476.34 129.03 30.61 53.36 0.0637
206.44 131.66 73.16 70.66 0.0624
178.07 145.27 91.21 97.86 0.0620
507.88 186.08 52.49 74.15 0.0603
736.32 351.71 131.29 132.86 0.0600
43.85 134.29 39.98 36.56 0.0595
589.43 162.60 33.90 43.35 0.0594
746.70 133.75 123.28 122.14 0.0587
383.79 445.85 52.89 65.21 0.0581
460.08 21.99 47.80 53.14 0.0579
519.88 351.09 25.65 41.55 0.0575
809.33 191.86 55.05 63.33 0.0572
669.12 410.64 151.91 147.16 0.0560
946.85 268.48 30.75 34.85 0.0551
729.49 384.67 192.33 176.88 0.0551
84.12 85.24 20.16 44.46 0.0549
220.21 177.46 60.08 58.39 0.0549
642.13 243.13 98.12 101.14 0.0538
542.74 230.49 49.29 68.13 0.0534
293.16 371.26 45.98 58.94 0.0524
544.51 155.81 37.40 53.07 0.0516
374.39 480.09 82.75 101.07 0.0514
40.92 290.63 90.91 68.63 0.0513
438.95 484.66 49.90 54.67 0.0512
574.25 291.96 43.02 48.74 0.0510
0.00 92.13 24.16 55.08 0.0508
699.28 376.54 28.15 39.09 0.0502
