16_Award_Ceremony_Awards_Ceremony_16_64
31
426.79 199.74 234.11 319.22 0.9041
105.30 768.42 27.19 71.44 0.1892
206.98 544.93 41.07 121.95 0.1694
153.51 1088.66 49.20 119.68 0.1578
735.80 571.81 197.39 398.86 0.1527
134.25 1117.44 80.40 161.64 0.1141
87.90 612.34 168.21 411.04 0.1086
608.79 574.72 75.47 219.90 0.1033
104.59 721.52 102.68 235.61 0.1014
25.27 1177.30 75.68 121.77 0.0941
133.00 666.43 89.11 213.33 0.0914
154.15 989.64 70.81 188.39 0.0908
185.00 555.11 79.77 242.96 0.0853
110.81 825.77 30.37 85.45 0.0808
111.98 837.74 85.93 221.69 0.0776
87.56 785.93 39.43 92.90 0.0757
261.66 831.76 26.57 91.01 0.0723
135.20 892.30 101.73 236.97 0.0698
571.54 582.84 70.60 200.52 0.0679
205.61 910.87 47.30 123.55 0.0634
172.16 767.59 97.51 221.83 0.0626
78.32 1118.12 114.59 191.87 0.0619
73.34 1039.98 40.08 136.96 0.0616
40.33 1084.15 68.75 153.45 0.0574
996.37 0.00 21.73 54.63 0.0554
507.73 573.81 86.85 243.32 0.0549
956.80 0.00 28.08 46.91 0.0516
112.04 0.00 412.65 696.01 0.0507
110.36 982.78 57.06 165.44 0.0506
168.38 607.00 108.94 319.71 0.0503
114.89 873.30 47.51 141.31 0.0501
