11_Meeting_Meeting_11_Meeting_Meeting_11_529
29
610.11 313.47 413.89 256.29 0.5661
55.69 243.82 104.75 268.98 0.5486
124.75 248.72 110.53 257.12 0.5171
142.66 302.25 371.75 273.87 0.4998
21.22 256.56 38.05 244.88 0.4068
350.90 311.19 389.48 261.17 0.3216
81.80 320.03 65.05 248.88 0.2125
93.55 337.16 32.24 325.58 0.2118
164.20 323.40 186.51 355.88 0.1909
33.42 257.15 10.27 241.77 0.1863
595.32 421.55 428.68 261.45 0.1625
31.64 213.37 19.23 205.71 0.1594
27.33 359.32 20.70 287.67 0.1460
486.13 254.93 418.26 262.37 0.1330
425.78 383.85 391.56 299.15 0.1079
416.07 108.18 405.06 158.00 0.0804
104.44 228.24 305.60 204.85 0.0634
14.58 424.54 51.29 258.46 0.0599
32.77 384.40 1.02 239.27 0.0533
31.04 227.65 7.63 190.37 0.0439
38.24 411.67 1.02 271.33 0.0414
147.47 377.01 77.21 305.99 0.0352
102.76 398.73 15.86 284.27 0.0336
342.69 169.22 411.58 285.06 0.0298
0.00 144.15 80.84 206.76 0.0293
258.75 413.26 291.04 269.74 0.0273
620.98 20.09 403.02 33.55 0.0255
64.33 399.77 90.87 283.23 0.0237
613.43 40.90 410.57 129.27 0.0232
