45_Balloonist_Balloonist_45_142
29
159.29 301.87 159.85 210.04 0.9301
485.18 708.96 209.15 231.12 0.3336
479.34 742.98 125.64 152.40 0.1929
735.91 642.73 28.56 50.10 0.1725
804.63 646.79 40.97 59.55 0.1522
771.28 644.26 47.91 67.09 0.1472
596.50 725.49 95.10 138.84 0.1318
816.32 650.51 48.71 71.45 0.1283
690.68 783.44 48.54 80.96 0.1040
790.78 658.59 61.99 78.74 0.1026
696.59 628.26 49.96 69.92 0.0986
61.66 304.87 185.70 443.70 0.0940
566.46 525.78 88.51 127.94 0.0850
737.51 663.10 35.17 66.15 0.0824
693.61 668.73 58.92 74.75 0.0757
583.18 522.57 39.94 63.31 0.0733
25.74 453.77 205.11 458.25 0.0721
620.88 684.66 403.12 699.93 0.0684
772.23 666.36 92.34 121.88 0.0636
671.04 736.16 99.36 161.71 0.0610
110.80 831.36 398.79 543.75 0.0561
730.02 595.07 42.76 82.46 0.0552
493.57 711.12 335.62 388.95 0.0548
592.69 556.38 96.43 134.49 0.0543
107.81 856.12 74.44 151.72 0.0534
709.43 750.86 112.76 153.69 0.0525
803.68 598.52 32.99 56.19 0.0512
601.90 675.58 111.79 140.37 0.0502
106.99 905.09 280.26 282.59 0.0500
