45_Balloonist_Balloonist_45_107
33
553.41 341.95 26.41 29.72 0.3696
657.19 361.12 22.93 30.21 0.2408
219.41 399.52 23.03 29.57 0.2024
548.82 385.68 26.96 40.12 0.1896
548.75 349.32 31.82 49.94 0.1856
594.47 347.64 19.27 27.85 0.1774
627.70 346.85 19.12 24.64 0.1734
592.91 360.20 26.62 45.94 0.1657
523.79 340.10 23.06 29.27 0.1444
523.28 360.30 36.40 49.08 0.1335
465.56 366.47 32.39 48.31 0.1278
471.70 349.46 27.99 33.92 0.1238
624.35 363.86 27.20 42.57 0.1138
381.20 469.38 27.15 46.09 0.1088
454.19 375.93 30.52 43.80 0.1015
253.65 437.02 26.07 36.03 0.0910
331.26 415.52 43.92 46.62 0.0867
655.93 370.84 26.93 45.77 0.0846
597.28 323.39 18.45 24.22 0.0774
224.53 426.97 23.00 40.52 0.0767
250.46 417.67 29.59 35.36 0.0760
809.48 542.07 50.96 27.38 0.0692
198.76 409.06 33.10 37.54 0.0686
590.73 394.48 32.66 44.26 0.0673
531.42 17.29 59.67 89.27 0.0662
522.27 321.97 19.32 31.65 0.0632
194.74 515.88 19.40 32.47 0.0584
225.20 452.71 24.30 41.93 0.0575
387.65 465.89 41.50 73.03 0.0561
377.73 448.45 22.71 35.48 0.0552
606.87 565.81 41.55 46.48 0.0526
810.75 522.39 28.36 24.25 0.0523
534.00 11.43 216.84 168.15 0.0505
