45_Balloonist_Balloonist_45_939
27
398.44 82.64 190.39 234.25 0.7799
624.56 371.60 83.93 124.65 0.1911
561.19 381.01 43.14 57.42 0.1708
348.87 112.94 46.01 73.57 0.1518
552.19 125.75 91.29 133.11 0.1352
567.35 366.27 57.66 94.75 0.1282
418.61 185.92 128.27 152.43 0.1204
465.34 395.76 48.14 70.76 0.0999
554.47 364.38 106.04 142.14 0.0936
434.72 35.42 162.43 95.15 0.0899
798.14 506.15 37.39 62.61 0.0881
510.13 411.02 38.73 50.06 0.0742
757.33 503.43 55.94 76.30 0.0726
555.05 322.27 49.67 82.12 0.0687
377.06 74.54 121.63 161.88 0.0612
423.61 254.97 100.49 114.94 0.0589
574.61 0.00 449.39 474.39 0.0586
741.79 523.68 71.82 97.66 0.0574
797.58 526.18 46.60 75.10 0.0557
426.61 358.24 83.78 118.58 0.0556
775.33 474.96 63.88 95.70 0.0556
397.24 48.13 97.20 83.16 0.0550
732.75 490.96 53.82 81.45 0.0534
548.24 285.56 46.72 76.07 0.0533
490.47 412.92 63.21 75.88 0.0525
332.62 83.16 98.89 190.98 0.0524
581.81 116.27 146.15 199.80 0.0505
