45_Balloonist_Balloonist_45_369
68
224.63 230.24 64.67 82.40 0.5403
744.83 246.75 79.87 98.76 0.2549
785.80 189.18 89.67 108.67 0.2377
204.38 323.37 49.11 63.14 0.2200
851.98 63.73 68.66 74.98 0.2177
309.34 334.99 58.71 56.09 0.2123
247.68 342.73 41.86 62.97 0.1662
440.50 384.23 109.07 62.79 0.1650
439.00 97.04 161.11 99.64 0.1606
239.69 281.98 61.83 88.82 0.1499
809.68 60.62 62.06 57.93 0.1460
856.12 212.26 54.63 79.07 0.1302
176.17 311.52 62.09 65.64 0.1295
770.84 102.36 36.96 53.47 0.1223
776.77 81.87 41.78 47.98 0.1219
716.92 168.41 48.03 82.92 0.1208
739.07 285.94 57.62 75.69 0.1206
220.45 342.66 44.38 66.18 0.1175
882.06 59.01 66.56 62.77 0.1174
180.21 260.87 78.42 72.40 0.1170
730.09 181.70 62.34 103.60 0.1163
546.59 383.60 99.03 78.38 0.1150
832.14 134.09 81.69 113.55 0.1069
779.58 279.06 69.18 93.57 0.0940
679.47 180.22 62.77 92.28 0.0929
801.71 74.38 79.09 94.34 0.0908
881.72 102.21 61.11 73.60 0.0908
289.25 295.25 112.30 101.07 0.0901
198.74 97.24 453.80 373.56 0.0873
462.53 415.56 117.30 80.23 0.0841
873.96 239.86 46.22 74.61 0.0822
212.61 226.10 125.22 147.04 0.0804
206.90 376.41 50.15 99.94 0.0803
681.74 131.66 77.19 117.60 0.0791
18.41 19.80 371.66 327.84 0.0782
184.78 203.06 93.21 111.70 0.0757
459.29 428.84 154.94 123.57 0.0757
155.59 312.50 51.97 56.29 0.0747
85.03 405.73 21.32 37.30 0.0728
362.60 408.06 42.33 37.98 0.0726
590.72 454.16 65.24 71.97 0.0718
321.61 347.33 86.73 82.03 0.0716
903.71 150.20 38.01 63.83 0.0700
627.66 518.36 66.55 78.79 0.0695
136.18 372.19 54.47 90.06 0.0689
562.40 414.73 61.12 56.44 0.0687
300.04 242.67 258.50 183.99 0.0681
696.09 398.26 38.69 33.97 0.0667
839.68 344.07 101.23 151.09 0.0658
763.89 158.43 84.15 119.51 0.0657
116.10 396.79 31.80 52.18 0.0644
240.49 363.97 51.24 76.90 0.0631
725.51 108.88 41.04 77.32 0.0596
826.28 316.57 53.45 61.11 0.0594
106.64 417.79 30.95 43.49 0.0583
286.20 374.22 45.13 62.37 0.0580
371.31 390.85 75.66 61.02 0.0576
727.86 343.43 54.63 69.63 0.0574
329.72 412.57 52.95 51.02 0.0556
191.35 411.72 51.58 93.71 0.0545
696.54 416.57 39.03 42.90 0.0537
618.92 495.79 52.00 81.09 0.0531
817.53 336.26 78.96 97.35 0.0529
994.38 0.00 29.62 30.84 0.0528
802.97 332.40 54.30 82.97 0.0519
130.97 146.93 179.69 174.04 0.0519
867.25 469.74 64.62 81.71 0.0511
895.06 222.06 48.66 73.41 0.0508
