46_Jockey_Jockey_46_909
215
460.09 408.61 40.36 55.67 0.380095
515.71 285.86 24.91 30.09 0.322080
206.47 573.43 61.73 94.76 0.310718
507.70 529.42 61.58 72.52 0.260288
617.59 297.28 28.03 37.98 0.255027
565.69 344.32 29.67 33.28 0.240837
659.35 251.66 23.98 29.17 0.238604
428.17 548.02 33.33 39.97 0.231584
624.12 190.41 21.91 23.95 0.225630
844.99 285.47 25.58 32.65 0.223700
569.06 306.57 23.46 38.40 0.222016
605.12 431.03 48.93 59.49 0.221700
740.02 266.60 32.18 42.64 0.220983
332.24 574.39 45.54 60.20 0.215093
584.93 527.49 116.28 133.85 0.214423
507.86 292.78 34.56 47.19 0.212754
413.14 645.40 37.10 37.60 0.207437
702.96 185.37 26.70 30.91 0.207355
903.53 273.34 25.58 32.37 0.198455
480.41 186.20 17.69 24.33 0.195780
482.82 324.01 33.91 44.46 0.191255
533.19 493.63 65.40 75.32 0.179712
384.87 324.05 41.21 47.04 0.178061
570.92 285.60 20.96 29.18 0.175974
661.07 273.83 27.03 33.70 0.173235
572.69 251.31 16.31 23.58 0.170511
104.18 150.32 56.36 74.86 0.168614
366.83 573.94 45.93 58.18 0.164376
415.19 251.58 54.14 71.03 0.163386
624.49 248.61 23.46 29.64 0.160956
612.16 393.73 36.93 48.59 0.160838
900.69 257.22 24.29 38.73 0.160030
528.65 359.24 32.50 39.69 0.157799
423.50 241.28 42.71 46.60 0.157199
521.83 338.43 24.18 38.67 0.155016
660.77 302.03 23.97 36.32 0.153885
365.24 525.09 53.81 60.56 0.153526
563.20 354.20 28.60 43.32 0.153446
801.24 241.04 24.44 30.98 0.150952
667.94 185.79 20.45 25.55 0.150851
127.99 126.46 70.33 114.79 0.149519
285.73 596.44 56.47 69.07 0.148124
415.85 330.69 35.40 39.69 0.147338
418.36 292.74 39.31 57.05 0.147239
759.72 146.10 28.53 43.41 0.146418
529.01 153.74 23.16 26.03 0.146129
2.73 195.10 38.65 59.06 0.145499
475.86 529.61 68.83 77.68 0.145323
713.34 275.09 32.51 38.83 0.145000
475.38 161.97 24.80 30.54 0.144745
511.55 524.21 116.33 123.10 0.141818
198.58 514.57 44.34 46.24 0.141787
844.25 473.19 161.94 154.02 0.141183
715.33 259.35 16.39 25.04 0.138148
623.67 38.93 14.07 18.39 0.137331
372.79 608.03 44.68 61.01 0.136916
716.14 299.40 31.96 40.40 0.136840
478.74 274.57 38.83 50.51 0.134550
845.42 243.77 33.47 57.40 0.130774
315.38 630.46 59.18 52.54 0.129406
794.96 213.95 30.06 43.83 0.128698
760.89 175.49 23.06 36.16 0.127908
927.04 250.26 35.81 47.98 0.127555
943.18 358.34 51.40 66.65 0.127431
745.29 108.36 52.65 73.30 0.125933
624.02 212.82 24.12 32.76 0.125859
636.38 421.46 44.75 50.72 0.124969
608.32 380.70 28.84 38.62 0.123890
214.87 94.10 63.86 94.18 0.121845
471.67 242.42 32.30 41.69 0.121472
339.81 493.38 39.58 41.69 0.121049
522.89 254.08 19.54 27.41 0.120106
869.96 510.71 97.81 69.82 0.119136
716.37 341.29 22.35 27.05 0.118637
284.57 634.22 62.98 48.78 0.117668
160.07 87.01 93.58 132.44 0.117586
470.62 363.46 39.33 76.69 0.116094
521.58 218.79 21.03 25.01 0.111412
805.23 425.21 67.02 54.92 0.110368
599.84 451.64 91.89 80.81 0.110094
385.97 150.81 29.05 31.98 0.108934
217.15 507.72 57.48 60.25 0.108542
763.22 389.18 80.98 80.72 0.106633
527.27 189.34 16.89 25.31 0.106614
433.59 134.23 13.44 15.91 0.106612
573.65 223.97 17.39 22.26 0.105332
793.25 190.46 30.19 38.01 0.105330
334.24 507.18 53.13 59.17 0.104916
658.22 340.68 27.20 31.54 0.103844
660.48 225.22 23.92 33.13 0.102381
528.34 134.05 23.81 26.06 0.102115
889.84 117.60 40.29 56.63 0.099590
708.43 208.90 22.70 32.66 0.099218
942.99 392.19 53.91 60.67 0.098416
698.47 155.42 37.81 45.50 0.098171
786.25 379.17 41.80 30.85 0.097705
257.50 530.05 68.44 103.56 0.097643
702.95 108.69 40.99 45.99 0.095943
568.57 158.42 18.84 23.83 0.095743
382.72 252.97 65.26 76.08 0.094586
756.63 81.17 78.56 123.52 0.094063
946.03 323.45 39.98 60.42 0.093565
562.24 428.57 55.09 68.19 0.093529
899.67 307.02 19.99 27.84 0.093004
989.46 113.08 26.36 54.06 0.092198
35.12 276.84 42.86 48.46 0.092149
425.37 368.81 36.74 62.56 0.090545
575.22 190.35 15.26 20.18 0.090424
612.63 336.07 29.58 35.18 0.089842
273.71 512.44 45.33 53.13 0.088586
432.21 390.88 42.12 61.46 0.087446
705.97 95.24 33.15 38.35 0.087273
99.80 117.77 48.65 63.53 0.087152
940.17 128.16 30.49 38.74 0.086472
780.87 150.89 41.41 57.14 0.085378
981.82 333.56 34.97 49.17 0.084840
945.23 313.97 25.05 41.85 0.083464
567.00 132.57 19.55 19.35 0.083338
620.79 165.80 21.14 28.51 0.083207
887.91 211.58 29.99 45.90 0.082144
388.13 245.80 48.54 48.20 0.081915
968.57 345.12 51.84 80.38 0.081876
625.76 506.25 188.88 176.75 0.081573
943.50 567.18 72.85 92.22 0.080712
368.43 478.74 47.07 58.95 0.080455
568.92 392.49 38.26 47.65 0.080146
484.03 98.71 21.32 20.36 0.079847
502.60 561.52 52.29 90.78 0.079730
469.37 211.56 36.15 44.62 0.079440
842.46 216.13 32.16 53.23 0.078796
571.43 30.15 17.46 23.58 0.078113
481.57 132.33 20.15 25.58 0.077735
990.38 143.69 25.08 49.28 0.077617
437.16 194.11 20.37 21.26 0.077609
802.94 306.79 24.75 35.08 0.077593
989.89 252.50 28.40 64.86 0.077528
429.84 149.93 19.76 28.21 0.077425
273.73 402.72 59.65 55.54 0.076819
594.77 598.55 102.16 84.45 0.076673
802.96 275.64 31.19 37.16 0.076058
430.01 97.34 20.28 23.35 0.075663
665.67 164.09 26.13 34.87 0.075177
595.34 496.82 91.27 90.56 0.075090
728.84 81.60 56.76 81.26 0.073975
780.76 453.57 109.28 89.64 0.073918
41.17 200.50 46.65 56.93 0.073668
990.31 176.03 25.03 53.83 0.073509
264.12 117.22 50.43 57.41 0.073071
323.52 423.19 55.79 67.52 0.071711
759.88 209.87 20.90 34.13 0.071525
799.30 349.29 25.65 29.09 0.070836
5.48 153.58 35.89 41.77 0.070466
327.51 7.64 28.88 28.20 0.070332
567.62 2.55 23.43 25.48 0.070158
428.79 448.66 52.96 57.05 0.069737
301.26 280.73 75.53 83.34 0.069229
434.13 71.23 18.66 20.01 0.068646
367.22 442.03 60.00 73.18 0.068425
939.83 208.43 36.87 62.60 0.068308
42.66 176.27 48.32 47.78 0.068185
480.40 66.56 15.60 21.71 0.067653
518.03 392.98 34.21 44.40 0.067502
383.61 55.90 24.92 35.80 0.067455
420.70 478.72 39.18 49.99 0.067022
569.13 102.77 19.05 18.53 0.066702
284.17 39.46 41.63 62.97 0.066374
233.09 166.88 53.75 64.23 0.066311
989.20 83.40 27.06 58.97 0.066272
386.41 133.54 22.50 22.99 0.066018
433.37 218.58 34.11 42.10 0.065937
333.86 179.80 36.45 33.46 0.065921
472.99 483.00 67.66 91.84 0.065586
526.37 4.04 20.36 22.49 0.064059
378.83 180.42 27.67 33.53 0.062835
470.06 646.34 56.99 36.66 0.062795
283.16 76.78 50.83 68.19 0.061727
94.81 584.93 64.14 72.51 0.061719
481.54 37.30 13.57 19.21 0.061690
228.81 418.48 94.86 75.12 0.061549
697.59 33.48 98.92 136.76 0.061383
517.82 99.00 27.47 26.15 0.061060
636.99 461.35 95.38 67.59 0.060146
940.47 145.39 36.15 44.75 0.059693
517.87 458.41 48.48 51.57 0.059482
887.78 179.75 39.07 54.95 0.059321
322.44 325.53 50.68 50.12 0.059265
833.38 188.48 36.04 44.05 0.059083
143.44 533.47 105.56 131.49 0.058373
991.64 201.39 24.57 56.74 0.058368
756.95 340.64 20.66 26.21 0.058256
214.89 451.75 74.48 69.47 0.057261
381.26 38.48 20.52 28.90 0.057200
118.41 22.10 56.67 73.41 0.056935
939.64 178.68 41.41 54.22 0.056731
155.12 629.70 65.82 48.89 0.056556
668.74 427.72 62.38 47.41 0.056359
278.25 371.77 48.95 42.11 0.055889
758.00 405.18 105.61 116.06 0.055620
326.03 21.07 38.06 41.01 0.055484
473.20 597.88 59.43 74.26 0.054544
0.00 331.50 67.86 75.32 0.054374
28.94 239.26 58.44 77.19 0.054209
313.55 116.77 48.29 47.74 0.054040
381.23 348.55 37.78 54.03 0.054004
525.48 26.76 20.19 27.60 0.053975
59.03 119.08 32.73 36.53 0.053314
617.67 97.74 24.00 26.77 0.053005
619.11 54.52 21.58 31.43 0.052423
378.36 89.70 35.46 38.59 0.052398
617.82 4.19 16.87 24.76 0.052097
307.30 397.98 62.64 56.23 0.052055
922.91 625.17 78.39 57.83 0.051745
494.39 640.07 67.99 42.93 0.050980
890.41 139.96 42.48 58.80 0.050964
137.74 376.32 146.64 93.86 0.050462
