35_Basketball_basketballgame_ball_35_412
200
657.98 158.54 68.18 93.53 0.7912
860.05 216.63 41.55 85.52 0.6222
69.81 166.73 44.29 72.93 0.5032
822.20 470.13 62.32 87.67 0.5010
578.14 420.61 132.90 180.96 0.4961
770.41 211.54 49.25 100.63 0.4313
264.34 286.26 42.95 69.39 0.3805
93.84 120.93 52.36 94.76 0.3773
713.21 444.59 115.74 207.06 0.3282
897.65 560.72 41.99 80.90 0.3155
776.59 170.35 31.50 45.93 0.3038
163.96 272.58 43.43 63.34 0.2876
803.76 553.06 53.58 115.47 0.2790
217.07 37.05 90.43 66.82 0.2583
730.46 469.30 68.49 112.89 0.2560
698.90 157.05 70.18 106.25 0.2463
856.53 486.08 57.10 97.64 0.2439
289.47 99.93 77.14 52.58 0.2413
135.46 330.53 131.81 166.55 0.2350
148.25 35.91 66.55 105.01 0.2345
146.27 263.98 78.02 117.51 0.2324
236.83 275.40 77.43 135.53 0.2251
7.71 356.86 30.25 63.15 0.2164
360.68 105.83 38.63 39.64 0.2072
182.23 17.50 67.08 77.27 0.2030
226.01 82.20 84.32 67.84 0.2007
433.50 734.08 51.67 69.06 0.1988
913.57 514.49 45.24 80.24 0.1933
7.28 401.69 32.24 66.72 0.1886
0.00 542.99 30.41 93.87 0.1838
1.79 476.24 32.35 72.58 0.1797
694.62 357.65 47.44 62.39 0.1779
764.94 508.47 100.77 187.09 0.1687
822.82 601.13 42.00 85.58 0.1604
7.01 27.39 25.54 41.55 0.1569
132.34 68.19 52.04 84.66 0.1568
39.40 136.47 64.80 94.10 0.1547
940.49 524.35 44.99 59.94 0.1532
919.40 477.79 32.75 46.60 0.1523
946.51 543.47 44.95 88.10 0.1522
1.79 233.09 22.10 44.53 0.1508
58.26 102.78 76.68 133.34 0.1506
996.45 701.31 26.08 63.54 0.1500
1.89 194.23 26.82 48.33 0.1494
622.66 297.03 47.46 62.50 0.1489
6.46 3.56 23.67 32.05 0.1482
791.62 122.94 45.84 79.09 0.1481
6.56 665.43 45.25 77.16 0.1475
96.69 33.70 40.37 57.72 0.1463
104.06 78.91 43.91 64.99 0.1449
915.79 493.53 36.68 58.66 0.1439
5.05 170.31 29.39 54.29 0.1399
29.61 439.09 32.91 91.66 0.1385
627.32 433.18 105.66 117.50 0.1377
20.95 348.74 39.32 65.46 0.1358
25.68 383.54 36.94 77.74 0.1334
593.18 416.38 194.83 287.13 0.1332
140.34 21.40 51.92 79.15 0.1329
178.97 234.23 36.43 63.85 0.1323
761.68 0.00 65.38 96.38 0.1320
190.26 284.92 96.27 144.12 0.1314
936.69 503.20 43.84 46.86 0.1304
532.94 300.67 50.82 83.43 0.1302
444.76 77.06 43.46 58.12 0.1302
1.21 255.97 22.07 46.79 0.1283
240.63 56.03 100.05 70.89 0.1280
363.88 122.72 48.79 57.80 0.1223
989.58 79.61 34.42 117.98 0.1220
503.39 273.50 88.24 174.90 0.1193
707.53 279.21 83.58 111.88 0.1185
0.00 272.98 24.14 60.35 0.1173
83.66 188.74 54.83 75.12 0.1166
454.51 730.18 48.36 59.37 0.1139
537.68 734.39 43.25 51.85 0.1135
426.95 106.36 69.74 106.47 0.1129
680.09 117.68 61.88 92.07 0.1126
659.50 352.73 80.17 124.17 0.1124
646.66 111.71 69.65 89.63 0.1122
655.33 272.23 51.23 67.48 0.1114
667.66 274.22 74.76 97.37 0.1097
194.08 510.42 102.28 139.90 0.1089
769.64 19.23 100.35 148.77 0.1077
613.56 681.99 47.07 80.53 0.1076
31.66 38.83 33.00 43.93 0.1074
973.84 643.46 42.70 91.69 0.1069
5.35 465.07 61.50 153.71 0.1061
992.72 257.67 26.04 59.00 0.1059
391.56 109.28 50.54 66.82 0.1059
408.96 740.16 51.68 70.56 0.1057
933.84 479.26 39.41 44.65 0.1056
714.55 232.54 77.06 105.25 0.1055
148.20 231.00 54.63 79.06 0.1048
502.93 730.28 50.91 67.03 0.1030
974.57 601.85 43.63 72.79 0.1016
0.00 701.85 41.49 92.52 0.1011
839.88 163.75 45.26 79.66 0.1007
112.45 353.84 46.26 84.64 0.1005
416.91 166.85 53.82 71.68 0.0987
756.35 204.03 84.58 152.57 0.0971
536.39 633.78 50.03 76.11 0.0959
0.00 296.12 33.67 85.29 0.0951
145.28 4.82 36.17 47.66 0.0944
20.76 685.74 51.52 85.81 0.0943
487.51 172.35 60.89 99.05 0.0936
992.99 730.99 31.01 85.92 0.0932
827.29 115.68 45.20 81.43 0.0931
161.26 199.78 315.05 366.96 0.0931
963.62 522.38 52.40 66.81 0.0929
557.20 323.01 98.79 141.93 0.0928
968.93 549.23 52.65 93.48 0.0926
590.49 716.19 43.83 59.99 0.0917
0.00 748.65 32.92 69.03 0.0914
92.80 0.79 47.20 70.97 0.0905
28.83 78.57 46.47 87.77 0.0902
38.40 219.90 38.00 58.51 0.0894
539.28 365.00 86.61 138.41 0.0890
395.42 126.57 72.04 77.36 0.0889
536.90 657.65 64.27 97.72 0.0886
61.98 649.58 35.78 52.29 0.0880
877.94 634.11 30.79 55.08 0.0875
549.50 414.62 94.52 125.33 0.0874
954.05 279.90 33.33 59.55 0.0864
350.54 261.72 75.97 118.44 0.0857
29.11 260.78 36.11 55.48 0.0854
198.22 583.10 60.73 74.69 0.0826
953.19 595.48 40.52 67.73 0.0824
247.24 91.17 112.21 102.15 0.0823
805.33 0.00 91.99 105.60 0.0821
131.33 179.37 52.31 73.95 0.0819
141.54 311.34 175.33 305.30 0.0816
867.37 427.61 45.19 63.66 0.0809
881.14 182.51 65.03 115.90 0.0807
762.38 104.44 63.39 92.49 0.0806
472.92 556.65 48.20 73.82 0.0801
56.81 749.56 50.21 65.13 0.0781
119.54 473.72 123.55 182.59 0.0776
994.52 143.58 29.48 76.87 0.0774
869.47 160.02 42.07 78.38 0.0765
440.48 69.91 66.36 110.87 0.0764
663.41 215.38 89.33 125.47 0.0757
954.63 633.95 43.57 74.08 0.0749
628.47 293.81 72.10 98.80 0.0746
320.46 256.09 145.20 181.21 0.0743
524.66 754.01 68.20 71.45 0.0742
209.63 0.00 124.47 89.49 0.0741
831.20 629.55 47.10 112.39 0.0740
589.55 218.18 68.58 77.50 0.0738
474.27 243.75 74.46 174.82 0.0730
567.21 307.16 64.56 99.26 0.0728
780.46 592.94 81.03 152.86 0.0726
831.86 342.93 84.59 155.44 0.0721
66.57 617.13 32.53 49.47 0.0712
103.60 239.73 47.52 82.96 0.0712
868.15 132.85 42.22 65.92 0.0712
866.77 272.81 47.02 127.46 0.0706
616.38 250.76 79.64 92.17 0.0705
70.32 384.22 32.89 58.12 0.0693
17.63 603.74 46.60 75.17 0.0691
361.11 137.25 57.41 84.33 0.0678
401.97 87.06 36.76 50.94 0.0669
680.67 423.43 93.41 106.46 0.0666
508.96 618.60 58.61 100.17 0.0663
21.89 747.32 51.26 66.34 0.0661
73.82 53.18 57.12 84.02 0.0656
465.17 59.38 39.66 69.88 0.0633
855.98 665.42 58.39 93.93 0.0632
506.10 685.72 69.01 86.02 0.0625
255.48 238.23 37.52 60.70 0.0624
77.08 0.00 43.99 52.47 0.0622
891.72 267.01 47.36 68.55 0.0619
75.65 231.67 50.50 93.68 0.0616
444.27 682.37 37.62 46.87 0.0607
436.06 558.86 51.89 109.29 0.0606
902.07 158.58 44.57 74.22 0.0603
64.98 572.97 40.17 78.02 0.0603
884.86 423.85 58.88 80.40 0.0603
469.04 682.19 35.34 52.94 0.0590
511.29 82.17 56.23 78.26 0.0589
726.11 379.87 78.03 107.40 0.0562
735.53 623.14 110.20 154.34 0.0562
94.46 419.49 98.37 204.33 0.0561
3.70 87.80 51.29 99.03 0.0561
289.79 121.15 89.42 124.21 0.0560
112.78 273.49 56.64 106.00 0.0559
846.01 0.00 84.65 98.67 0.0557
906.90 620.29 40.51 71.85 0.0556
471.94 625.54 47.38 86.62 0.0550
931.00 435.00 45.37 58.88 0.0549
817.40 82.31 58.47 87.63 0.0545
102.35 549.86 50.20 86.74 0.0542
5.77 71.23 35.10 74.91 0.0540
327.74 463.40 49.89 50.66 0.0539
375.49 518.53 69.85 133.95 0.0533
567.13 748.46 61.04 72.49 0.0531
391.14 462.55 53.53 78.29 0.0521
55.47 436.24 65.22 131.05 0.0515
50.99 387.74 63.73 124.84 0.0514
902.16 141.92 39.65 56.08 0.0510
955.96 134.46 32.53 64.38 0.0506
898.65 89.57 40.27 66.74 0.0501
