35_Basketball_playingbasketball_35_674
200
148.43 63.23 36.65 45.02 0.7235
608.75 38.38 58.45 80.67 0.6959
186.96 137.77 38.85 51.46 0.6648
363.16 143.19 71.09 89.70 0.6591
553.55 97.25 34.90 44.98 0.5970
473.22 99.73 34.83 41.60 0.5175
267.94 81.72 35.81 52.55 0.5021
89.05 6.34 31.17 40.37 0.4681
310.88 102.01 52.75 78.79 0.4576
0.00 81.30 28.81 67.94 0.4433
273.47 91.97 51.61 66.87 0.4074
803.04 87.71 92.64 115.04 0.4017
987.78 28.53 36.22 74.64 0.3997
597.01 21.66 49.25 63.84 0.3972
462.16 45.05 43.27 66.33 0.3894
214.54 71.88 31.20 47.13 0.3793
997.19 301.40 25.25 38.71 0.3629
543.18 27.12 35.84 45.17 0.3567
907.18 73.33 33.83 42.24 0.3496
172.11 13.22 35.42 52.43 0.3344
997.51 246.16 23.47 36.40 0.3289
945.75 242.06 30.43 42.68 0.3285
448.64 27.17 43.34 72.65 0.3254
867.89 162.71 38.11 44.74 0.3225
798.72 46.26 29.68 39.28 0.3142
205.41 194.25 103.72 162.16 0.3139
255.35 12.54 34.66 49.28 0.3119
878.39 74.01 57.77 50.93 0.2979
399.30 281.31 123.36 120.13 0.2965
326.00 92.73 76.16 96.54 0.2822
857.52 138.18 57.10 62.01 0.2766
915.51 349.06 34.26 51.34 0.2710
743.13 43.56 31.33 32.47 0.2566
22.09 205.26 45.54 83.36 0.2532
853.44 248.04 43.27 57.81 0.2517
873.71 238.26 41.53 59.36 0.2467
408.84 19.66 25.25 33.25 0.2389
666.11 43.37 135.40 174.75 0.2351
578.30 355.26 31.99 42.33 0.2317
631.92 377.82 29.56 33.38 0.2241
642.07 53.37 95.23 97.25 0.2215
324.14 70.25 49.88 74.85 0.2186
589.48 33.53 129.52 169.72 0.2166
582.07 61.08 44.87 83.48 0.2154
990.67 214.82 29.49 46.00 0.2116
595.98 274.56 36.22 42.32 0.2074
82.70 9.55 44.62 69.99 0.2027
514.41 21.57 39.43 52.57 0.2007
223.37 44.84 33.03 47.01 0.1973
551.71 313.27 45.62 73.33 0.1918
987.79 194.88 31.42 41.97 0.1890
337.88 7.34 35.56 41.00 0.1857
917.82 313.06 32.07 62.77 0.1845
82.75 180.25 31.74 48.57 0.1836
923.16 244.22 32.62 47.45 0.1813
761.29 82.89 90.22 104.62 0.1796
919.45 215.61 40.70 59.42 0.1785
380.08 116.39 60.59 86.65 0.1779
918.81 160.82 25.77 31.79 0.1743
201.36 108.27 46.67 68.71 0.1717
0.00 9.48 30.30 53.84 0.1709
516.44 65.42 38.76 52.73 0.1700
770.02 55.19 55.61 54.08 0.1654
472.69 2.02 33.05 37.93 0.1649
447.05 3.71 30.56 33.51 0.1570
578.80 508.19 73.57 79.58 0.1569
952.40 166.05 29.35 31.64 0.1567
917.14 283.14 28.45 41.48 0.1565
115.68 104.91 42.18 66.28 0.1561
357.59 1.12 33.58 32.87 0.1552
106.28 53.48 40.77 56.81 0.1529
515.81 3.09 32.53 36.27 0.1528
480.57 164.09 25.74 32.84 0.1527
218.33 15.90 39.84 56.63 0.1509
0.00 117.87 30.55 85.83 0.1479
585.70 368.34 32.88 40.57 0.1475
913.28 189.77 37.73 41.28 0.1470
953.13 185.53 37.83 43.97 0.1465
290.85 18.67 34.72 47.74 0.1449
564.32 89.57 50.89 65.32 0.1439
74.52 411.74 55.51 47.02 0.1423
645.69 274.01 38.16 38.91 0.1421
113.45 78.71 47.58 55.26 0.1385
0.00 157.57 47.17 99.21 0.1383
446.11 64.03 52.99 70.13 0.1374
743.63 191.05 62.50 80.63 0.1344
480.61 132.07 31.30 42.26 0.1337
395.94 83.07 43.83 60.96 0.1337
354.18 12.77 36.07 41.13 0.1325
75.34 43.47 38.20 58.90 0.1325
14.45 83.61 47.45 66.84 0.1323
401.51 56.31 42.54 58.90 0.1309
258.47 158.83 39.76 60.36 0.1294
404.11 159.20 62.28 71.72 0.1290
320.70 152.16 93.45 123.15 0.1281
150.43 90.56 38.28 67.58 0.1272
181.69 48.44 40.51 65.98 0.1267
0.00 33.10 32.41 57.77 0.1257
473.97 279.88 83.35 109.62 0.1246
466.98 177.94 40.60 50.11 0.1243
701.86 255.61 119.88 143.52 0.1238
961.67 49.35 53.32 67.37 0.1234
945.78 268.62 47.23 70.92 0.1224
351.13 36.49 41.38 50.76 0.1220
841.96 67.94 51.87 51.39 0.1217
641.14 373.34 42.27 51.62 0.1210
156.42 0.00 33.94 40.46 0.1200
410.48 4.32 28.07 32.35 0.1195
152.79 157.03 39.55 46.50 0.1193
586.25 98.64 161.44 158.27 0.1189
936.25 326.82 41.87 63.59 0.1175
781.78 471.90 69.65 68.94 0.1161
140.61 243.36 126.42 124.29 0.1159
146.61 130.34 39.02 51.29 0.1157
948.38 111.63 37.64 46.41 0.1156
759.37 128.50 83.61 100.32 0.1156
292.94 586.80 25.77 19.99 0.1152
590.49 4.72 35.31 56.84 0.1152
502.98 451.80 37.90 46.89 0.1147
2.04 260.11 55.91 105.84 0.1141
141.43 404.84 66.90 61.42 0.1140
291.45 0.67 30.67 32.85 0.1138
959.63 380.62 32.07 48.62 0.1130
949.10 141.96 32.20 32.10 0.1129
993.81 170.21 26.90 34.12 0.1123
76.79 81.60 32.23 47.38 0.1115
785.00 272.53 67.62 80.99 0.1109
541.60 5.23 38.82 48.38 0.1107
549.26 383.61 39.64 44.30 0.1095
543.06 403.68 43.44 46.62 0.1091
274.62 626.66 45.17 40.24 0.1086
26.04 396.21 46.67 54.27 0.1079
674.06 277.17 95.68 125.53 0.1064
555.35 265.21 29.93 36.22 0.1063
718.96 443.61 139.23 130.68 0.1057
691.25 176.14 90.03 99.45 0.1054
567.44 24.05 271.06 264.61 0.1047
0.00 407.04 41.10 54.03 0.1047
950.92 72.75 43.41 62.16 0.1045
554.65 121.67 32.74 47.30 0.1043
768.42 277.56 91.31 141.44 0.1042
612.08 268.31 41.16 44.89 0.1040
511.16 436.31 41.49 47.40 0.1035
290.99 126.08 62.95 79.62 0.1033
0.00 307.68 38.44 69.07 0.1033
241.18 171.53 116.05 165.42 0.1031
215.97 0.00 38.29 42.34 0.1020
297.94 404.51 63.29 47.91 0.1012
606.83 165.22 115.99 85.75 0.1011
992.60 137.53 26.60 31.23 0.1005
573.17 271.73 52.52 92.57 0.1004
832.89 282.88 61.79 88.78 0.1003
949.65 357.38 31.01 59.23 0.1002
568.76 137.33 57.55 67.05 0.0999
110.25 152.58 42.31 47.80 0.0997
659.10 33.77 64.33 64.99 0.0996
284.23 608.89 34.53 35.41 0.0996
545.17 267.54 43.65 67.77 0.0995
732.88 215.23 78.91 107.24 0.0994
989.22 119.63 28.92 36.10 0.0993
93.51 406.33 77.02 74.71 0.0990
329.46 25.67 43.32 65.42 0.0984
816.42 312.09 72.44 90.38 0.0983
605.49 0.00 55.25 53.93 0.0970
71.73 388.04 51.38 51.88 0.0958
554.18 146.41 37.20 51.40 0.0956
914.83 107.84 40.81 46.36 0.0944
151.10 228.66 45.90 62.85 0.0941
516.21 100.59 40.60 48.85 0.0940
26.37 60.59 39.59 64.84 0.0935
512.94 155.69 37.23 46.14 0.0934
95.78 435.94 74.59 83.18 0.0933
629.99 388.40 46.92 56.89 0.0928
153.99 186.21 39.24 56.04 0.0922
107.53 186.87 37.38 51.60 0.0922
505.52 173.64 49.20 51.43 0.0919
868.00 484.85 37.57 33.81 0.0918
127.92 295.70 89.21 102.78 0.0917
839.13 363.05 50.84 48.09 0.0914
828.96 145.84 62.80 84.46 0.0911
14.90 333.72 69.10 86.15 0.0899
78.72 111.21 30.75 53.07 0.0897
0.00 342.33 39.17 57.54 0.0890
793.88 248.27 50.44 56.51 0.0889
44.47 488.72 28.84 38.69 0.0886
515.60 138.11 33.58 42.36 0.0885
683.65 393.32 62.33 87.65 0.0880
230.98 287.33 107.15 89.12 0.0879
742.93 371.84 154.11 183.39 0.0877
142.75 370.89 64.43 70.63 0.0874
621.90 472.58 102.61 135.90 0.0872
861.23 284.58 56.91 76.84 0.0872
30.00 0.00 43.42 60.48 0.0867
826.89 492.30 49.50 48.43 0.0862
486.59 500.10 66.98 64.79 0.0851
511.75 401.78 42.41 48.28 0.0843
488.88 331.22 56.50 63.64 0.0841
47.90 267.18 125.51 145.26 0.0830
842.47 46.47 43.90 40.84 0.0823
0.00 385.26 41.89 47.16 0.0821
