35_Basketball_basketballgame_ball_35_827
72
377.90 403.14 217.42 305.63 0.9034
718.19 930.24 255.60 349.00 0.3436
749.67 1096.88 201.28 211.58 0.1846
565.02 1322.77 123.06 145.69 0.1794
623.84 621.32 178.33 365.34 0.1695
490.49 523.22 300.47 566.74 0.1527
519.07 1365.91 105.51 104.57 0.1352
225.66 1109.11 290.92 306.19 0.1203
286.67 885.10 38.93 51.68 0.1164
565.08 1242.20 126.55 162.74 0.1110
480.22 1345.93 95.27 109.92 0.1087
71.67 869.98 75.95 97.16 0.1079
596.83 1374.10 104.07 163.90 0.1034
197.71 744.65 81.36 115.64 0.1004
343.29 1248.20 215.99 240.39 0.1000
349.57 104.65 333.00 618.29 0.1000
812.39 1366.98 167.59 171.02 0.0997
620.92 725.96 277.82 384.22 0.0972
441.40 733.33 229.35 326.90 0.0967
108.94 861.34 66.42 91.38 0.0883
633.76 1230.88 114.22 198.22 0.0880
103.43 717.92 45.06 97.59 0.0875
563.29 87.88 116.16 163.72 0.0862
490.01 1079.14 243.57 287.87 0.0833
181.62 712.65 56.57 90.16 0.0791
355.56 943.42 44.20 43.43 0.0787
774.75 1188.63 199.44 321.98 0.0782
224.43 696.45 85.11 168.43 0.0779
511.01 1378.95 154.33 159.05 0.0755
16.46 820.00 63.46 137.70 0.0749
702.34 0.00 53.45 53.26 0.0718
433.09 285.01 183.08 312.59 0.0717
39.32 325.98 28.22 83.57 0.0715
64.59 334.70 57.37 143.00 0.0714
548.79 179.75 165.74 326.67 0.0691
334.55 1013.82 246.36 224.66 0.0688
130.58 709.18 63.03 118.18 0.0676
633.18 1018.05 255.99 377.67 0.0676
45.16 0.00 87.40 179.85 0.0662
161.37 341.78 57.56 134.04 0.0660
3.64 0.00 63.51 178.40 0.0655
160.89 464.03 70.13 132.70 0.0653
475.32 707.91 126.77 191.68 0.0651
265.14 591.33 214.98 359.37 0.0645
365.06 841.11 97.38 119.25 0.0642
44.82 381.17 23.35 63.54 0.0633
392.62 925.58 53.45 61.12 0.0632
240.79 861.98 71.39 85.98 0.0627
184.30 844.86 65.87 101.00 0.0616
399.22 1290.26 123.43 138.55 0.0611
192.80 762.10 112.34 170.92 0.0606
662.24 129.68 312.71 465.07 0.0602
6.63 382.14 19.08 64.31 0.0600
416.40 961.05 415.84 498.08 0.0589
108.08 874.72 91.04 134.43 0.0589
423.89 1390.30 154.91 147.70 0.0587
432.10 862.39 52.02 83.67 0.0581
99.93 432.34 95.10 174.35 0.0576
23.68 768.98 41.87 125.68 0.0574
385.63 1345.07 120.92 140.28 0.0563
109.55 773.40 57.49 110.94 0.0563
143.67 836.73 81.55 108.47 0.0547
545.02 57.22 190.36 281.76 0.0546
323.15 913.83 194.61 209.82 0.0527
644.44 1349.00 91.92 130.45 0.0519
986.97 585.75 31.04 104.66 0.0513
23.08 237.81 50.12 145.86 0.0510
435.97 914.26 40.77 66.48 0.0510
7.78 77.78 70.20 205.33 0.0504
446.82 965.92 89.03 95.92 0.0504
315.00 847.34 88.82 96.41 0.0503
7.12 435.26 19.24 69.69 0.0502
