35_Basketball_basketballgame_ball_35_254
200
506.65 633.71 32.33 66.45 0.4365
357.24 145.21 154.03 271.71 0.3647
248.15 321.58 112.95 186.87 0.3515
574.97 81.47 117.04 252.86 0.3411
2.84 437.25 51.14 174.46 0.3399
163.28 251.83 86.75 125.54 0.2874
186.98 82.68 123.61 141.17 0.2715
131.24 152.34 127.73 211.86 0.2632
173.39 280.72 113.93 188.67 0.2552
255.67 983.33 77.47 86.86 0.2535
548.28 700.10 37.26 86.38 0.2430
955.37 179.21 39.18 82.34 0.2347
107.22 324.44 34.74 57.35 0.2265
158.63 673.67 77.29 175.19 0.2259
613.11 53.13 68.55 180.24 0.2165
48.68 904.58 34.20 76.85 0.2077
561.52 711.61 76.70 167.15 0.2057
296.36 529.39 44.48 79.15 0.1963
7.26 163.31 58.30 121.97 0.1960
246.51 950.92 66.11 96.24 0.1939
244.29 289.23 61.41 88.36 0.1927
3.76 324.00 21.67 59.07 0.1925
601.85 694.64 44.67 90.45 0.1911
330.09 133.19 146.70 169.66 0.1904
3.27 83.56 25.55 53.84 0.1884
50.94 73.05 130.77 179.92 0.1844
476.88 129.12 84.12 202.21 0.1833
469.44 703.14 35.83 85.02 0.1829
885.16 243.05 36.71 67.71 0.1825
976.87 130.90 46.24 120.63 0.1815
545.07 190.85 103.51 184.24 0.1800
5.33 295.84 26.69 67.09 0.1795
917.63 241.25 36.00 83.83 0.1779
146.30 890.89 46.48 111.65 0.1765
434.05 444.68 45.88 72.31 0.1729
970.54 246.25 48.76 110.76 0.1686
948.98 222.36 47.66 107.05 0.1677
152.97 646.02 34.04 60.06 0.1668
438.72 670.62 33.49 75.09 0.1664
268.19 263.70 92.49 140.50 0.1663
659.27 474.46 41.86 69.69 0.1647
318.40 589.03 42.22 77.72 0.1630
620.75 503.41 47.38 61.23 0.1628
615.86 532.73 44.66 66.96 0.1597
72.38 338.95 38.44 61.12 0.1584
36.28 823.51 51.40 155.83 0.1576
149.12 636.76 72.39 138.21 0.1564
144.14 336.91 54.87 93.30 0.1538
226.50 117.80 139.34 123.72 0.1536
11.84 718.52 70.96 217.05 0.1511
374.95 494.74 39.02 69.81 0.1471
411.87 670.47 29.81 62.32 0.1458
0.00 87.02 39.51 99.13 0.1450
279.86 399.97 85.68 129.78 0.1418
70.39 861.34 34.94 99.37 0.1405
85.54 827.36 54.35 117.21 0.1405
874.00 228.37 61.55 115.78 0.1396
438.42 696.40 40.25 91.08 0.1375
399.70 1055.69 27.06 50.71 0.1375
537.28 66.79 101.45 201.58 0.1368
251.09 520.56 71.01 125.30 0.1366
5.69 371.71 31.00 76.83 0.1363
0.00 556.19 29.50 120.64 0.1351
276.33 554.01 66.44 119.76 0.1341
642.99 70.00 83.63 165.69 0.1328
56.36 778.34 72.16 197.40 0.1308
146.35 605.61 139.23 291.38 0.1305
397.88 453.29 47.71 76.71 0.1272
746.16 2.48 71.88 80.86 0.1269
352.63 790.54 56.37 158.29 0.1262
979.74 303.30 40.47 99.52 0.1255
396.03 548.79 36.74 58.71 0.1253
235.92 426.96 116.17 229.45 0.1249
393.53 491.96 40.29 67.46 0.1246
105.66 369.87 46.64 85.41 0.1239
303.98 227.94 100.77 161.27 0.1239
366.32 685.58 28.98 57.07 0.1234
208.57 340.01 113.32 219.44 0.1221
583.53 44.05 183.47 386.16 0.1221
583.65 24.45 68.41 129.73 0.1213
57.55 141.14 94.24 147.65 0.1190
43.34 331.06 44.28 74.56 0.1188
534.26 664.88 130.61 404.28 0.1179
470.23 726.04 43.69 125.29 0.1177
948.97 98.29 57.78 143.91 0.1172
36.42 364.41 40.33 78.05 0.1166
616.59 0.00 79.91 128.61 0.1166
586.14 601.43 41.83 63.13 0.1151
96.09 696.69 81.55 198.18 0.1145
577.41 257.01 84.12 133.55 0.1143
151.18 598.06 39.68 86.11 0.1140
493.78 559.29 245.87 611.67 0.1137
23.81 250.05 47.11 105.34 0.1125
581.07 626.45 46.34 86.15 0.1102
985.78 434.76 38.22 149.09 0.1101
436.00 734.01 42.12 98.72 0.1095
0.00 33.67 33.49 99.56 0.1094
368.03 458.76 40.47 76.65 0.1091
585.69 546.84 43.34 57.59 0.1086
293.94 287.84 108.00 175.69 0.1085
451.82 204.92 122.40 238.60 0.1084
0.00 679.56 48.08 193.92 0.1082
388.16 749.10 47.95 111.49 0.1079
134.73 399.85 56.25 121.73 0.1075
429.27 768.58 54.42 140.67 0.1060
366.42 705.00 33.28 66.71 0.1046
762.16 0.70 40.22 49.29 0.1041
920.18 108.90 40.15 113.65 0.1023
247.93 862.30 79.83 171.75 0.1021
12.21 88.13 79.81 162.48 0.1020
245.73 1082.57 61.91 79.04 0.1014
34.12 626.53 103.86 270.31 0.1012
78.71 230.99 83.20 167.91 0.1012
201.98 548.48 114.00 218.08 0.1012
590.33 512.09 42.41 51.27 0.1010
63.70 292.06 61.01 94.50 0.1008
475.17 792.05 43.50 139.92 0.1004
844.19 3.70 41.47 61.48 0.1000
400.54 255.18 130.08 193.78 0.0999
486.72 630.45 45.77 92.74 0.0992
568.31 362.55 67.67 87.94 0.0991
505.02 742.43 67.99 196.99 0.0986
674.29 65.47 48.57 103.34 0.0980
51.82 210.92 84.07 143.11 0.0973
437.33 543.41 35.74 62.69 0.0970
405.81 705.58 38.94 86.11 0.0964
942.85 283.07 65.69 118.35 0.0959
229.90 684.15 92.18 197.01 0.0955
175.18 846.95 50.38 131.34 0.0955
398.48 569.97 34.12 73.24 0.0954
507.32 678.69 53.99 128.44 0.0940
397.49 912.43 40.05 75.15 0.0934
1.97 4.10 37.89 72.73 0.0926
142.25 487.49 48.80 90.02 0.0923
78.17 585.60 46.39 96.83 0.0921
599.35 636.80 52.65 123.27 0.0919
580.75 418.72 45.89 68.63 0.0919
855.41 346.21 168.59 448.08 0.0915
276.27 650.18 74.36 124.55 0.0904
356.82 429.12 46.40 71.46 0.0898
34.61 51.65 91.38 139.14 0.0897
453.10 437.99 51.38 86.86 0.0892
534.15 629.56 53.23 88.74 0.0892
463.11 32.73 97.92 202.84 0.0882
636.52 711.81 72.30 71.49 0.0880
846.01 908.83 17.93 36.45 0.0873
319.86 825.96 63.50 145.15 0.0869
361.67 644.98 33.82 71.25 0.0866
607.34 366.98 50.34 64.34 0.0861
432.69 906.25 42.00 81.20 0.0859
108.71 425.09 58.46 111.16 0.0852
469.25 505.97 36.16 53.88 0.0845
609.04 582.78 52.29 76.83 0.0809
900.12 34.96 43.01 99.41 0.0808
678.83 444.82 55.19 87.03 0.0802
268.91 734.84 95.16 221.39 0.0797
532.03 596.85 52.29 81.81 0.0792
370.89 929.94 31.60 62.02 0.0790
869.38 4.24 45.77 70.15 0.0789
304.36 928.18 65.47 103.55 0.0779
0.00 622.54 33.28 152.15 0.0777
639.25 18.57 246.62 339.27 0.0774
909.79 250.28 71.23 161.25 0.0773
480.10 899.20 49.73 113.90 0.0773
215.80 885.84 82.94 156.51 0.0751
251.61 83.31 90.06 84.92 0.0750
542.69 557.03 40.52 66.28 0.0746
684.42 59.26 140.06 186.49 0.0745
533.11 8.86 88.16 172.73 0.0745
60.11 899.87 39.34 91.46 0.0733
64.84 359.58 54.78 120.72 0.0731
22.57 551.13 41.50 109.95 0.0730
52.51 489.06 73.03 174.54 0.0722
246.21 1007.57 75.96 106.68 0.0712
925.53 997.10 16.05 25.52 0.0711
0.00 829.25 50.46 149.92 0.0697
37.82 612.13 30.86 75.58 0.0688
103.29 574.57 50.72 122.79 0.0688
97.47 583.47 106.78 255.03 0.0688
964.92 990.60 21.66 35.92 0.0682
357.13 276.46 101.14 173.83 0.0675
942.10 36.17 55.66 145.92 0.0673
704.95 227.42 153.85 136.94 0.0670
475.78 965.00 37.61 95.52 0.0661
344.58 1148.77 58.43 54.23 0.0659
4.83 1021.86 23.19 67.90 0.0659
360.42 551.20 42.15 98.51 0.0658
687.02 367.76 48.04 83.26 0.0657
719.92 0.00 58.10 59.22 0.0655
366.32 81.22 78.93 90.80 0.0635
268.78 1121.09 89.50 81.91 0.0626
288.42 39.53 91.51 98.03 0.0622
107.20 484.97 66.74 126.42 0.0621
439.69 596.27 33.99 69.13 0.0616
537.64 492.69 50.69 73.82 0.0608
653.72 417.97 53.25 99.42 0.0607
778.75 217.15 105.52 119.42 0.0603
600.54 407.96 62.91 90.40 0.0602
214.70 51.58 92.59 115.25 0.0601
59.88 443.61 65.21 136.27 0.0598
