35_Basketball_playingbasketball_35_252
141
596.26 55.08 48.97 67.58 0.7713
471.82 54.80 65.08 105.18 0.6201
0.00 206.03 322.04 405.77 0.5443
118.23 96.45 54.64 60.17 0.4053
557.30 2.25 44.81 49.84 0.3335
204.00 10.30 105.51 70.33 0.3046
69.34 84.28 47.88 60.36 0.3005
354.81 47.82 47.38 68.38 0.2839
277.27 144.81 51.12 52.46 0.2834
984.65 79.21 38.12 50.52 0.2592
329.35 28.67 49.68 68.71 0.2496
102.50 15.22 49.90 63.09 0.2463
454.65 67.30 98.02 162.16 0.2357
442.27 274.07 178.71 189.47 0.2355
56.90 267.74 161.84 206.62 0.2329
729.29 201.34 95.32 101.93 0.2277
122.26 67.92 64.05 68.85 0.2020
134.41 38.58 60.50 52.97 0.1959
671.18 120.84 108.68 171.07 0.1947
860.22 93.03 55.37 40.97 0.1936
328.66 33.10 84.65 117.47 0.1894
933.22 133.22 50.53 53.49 0.1826
376.59 53.85 58.97 92.68 0.1796
329.99 17.55 40.95 38.48 0.1782
542.82 200.94 215.96 160.60 0.1759
329.93 1.11 39.07 33.78 0.1713
845.43 42.39 38.18 32.04 0.1700
691.40 47.06 48.48 62.93 0.1648
167.99 133.70 91.42 61.45 0.1644
716.01 147.44 100.73 108.63 0.1623
76.03 2.99 43.84 47.74 0.1611
0.00 87.00 36.51 51.78 0.1581
175.91 122.39 55.19 54.65 0.1574
108.80 13.47 97.71 74.63 0.1542
64.27 284.46 81.73 140.74 0.1541
0.00 170.06 64.46 153.35 0.1530
554.79 12.42 57.77 74.39 0.1522
537.13 264.91 114.94 105.20 0.1514
55.79 190.80 74.15 96.87 0.1509
711.61 34.28 50.56 60.12 0.1503
354.27 0.00 36.61 24.13 0.1480
398.08 271.83 86.97 116.97 0.1468
347.84 109.26 65.53 95.89 0.1449
87.97 255.01 61.22 80.81 0.1421
310.82 116.71 77.07 90.15 0.1396
260.88 141.56 82.40 86.49 0.1393
37.20 0.50 35.25 26.14 0.1385
444.32 136.61 97.85 137.74 0.1363
0.00 0.00 46.59 36.14 0.1345
60.51 68.95 102.27 136.91 0.1301
494.06 20.36 52.83 90.17 0.1283
452.92 343.83 114.38 130.37 0.1243
492.25 90.18 85.60 124.65 0.1216
0.00 121.49 47.04 126.15 0.1206
400.31 381.58 131.62 148.36 0.1186
0.00 115.35 33.26 69.18 0.1175
19.94 242.70 93.95 182.51 0.1169
840.31 58.68 58.52 40.80 0.1161
340.93 179.09 62.47 90.21 0.1154
581.53 198.10 96.15 75.15 0.1153
764.74 12.03 53.39 38.48 0.1147
972.42 183.31 48.40 49.18 0.1130
77.76 216.50 93.20 98.66 0.1116
658.74 119.51 68.72 110.02 0.1101
108.64 221.30 123.40 110.64 0.1089
772.26 2.83 38.97 26.01 0.1083
38.65 58.96 43.94 51.17 0.1083
560.21 195.49 354.53 244.06 0.1073
441.88 27.32 47.99 73.96 0.1039
874.26 89.95 76.46 58.46 0.1018
259.15 125.79 55.37 47.56 0.1010
38.34 46.05 33.19 37.75 0.1006
336.31 9.32 61.02 66.92 0.1002
421.61 458.39 69.18 85.61 0.0994
352.87 371.14 74.50 116.04 0.0983
502.73 0.00 41.88 35.82 0.0980
653.74 183.20 97.66 101.39 0.0980
954.83 84.79 54.00 71.63 0.0980
34.94 71.37 74.92 106.09 0.0963
944.30 174.88 60.30 57.40 0.0950
0.00 41.08 41.41 48.28 0.0930
652.84 32.70 56.82 76.14 0.0926
687.58 69.42 54.81 72.78 0.0905
858.39 156.10 59.57 41.08 0.0893
970.64 158.95 49.24 46.89 0.0879
167.21 17.05 101.07 88.73 0.0862
370.30 109.78 70.44 119.38 0.0860
465.47 281.23 390.86 393.61 0.0845
975.40 138.59 41.64 41.14 0.0842
902.55 170.25 55.08 51.51 0.0832
75.36 207.89 233.37 185.86 0.0829
38.10 16.45 42.98 40.05 0.0824
59.75 242.11 69.09 99.43 0.0822
480.12 0.00 41.37 34.56 0.0814
532.53 71.85 44.87 76.03 0.0809
381.47 295.79 121.98 174.88 0.0799
150.67 351.65 245.86 248.78 0.0791
597.81 468.40 87.28 94.54 0.0789
720.61 51.55 65.08 88.84 0.0789
838.85 162.36 54.66 42.45 0.0789
735.64 34.61 78.59 73.19 0.0780
310.56 286.33 83.50 123.16 0.0771
683.60 98.56 66.56 96.87 0.0759
19.55 121.94 148.22 206.48 0.0754
389.43 17.03 49.55 54.41 0.0753
266.87 76.00 84.17 84.09 0.0751
796.25 30.36 62.22 60.35 0.0746
571.47 173.12 78.01 80.14 0.0743
0.00 91.27 96.94 206.96 0.0738
240.90 174.36 133.40 177.81 0.0731
401.14 477.34 81.98 139.19 0.0722
160.00 83.62 94.14 79.79 0.0722
399.19 189.72 98.71 153.18 0.0714
0.00 227.62 68.36 177.17 0.0703
507.51 145.22 141.00 136.19 0.0699
856.97 120.15 70.07 59.86 0.0694
305.42 317.03 115.62 175.72 0.0688
744.37 78.80 72.23 74.47 0.0682
848.62 74.60 65.61 44.56 0.0680
749.65 120.72 116.56 102.90 0.0678
337.30 409.91 123.84 140.94 0.0676
844.66 103.93 75.67 49.79 0.0675
290.97 183.18 84.49 113.83 0.0666
792.47 4.33 45.09 28.57 0.0665
548.47 153.63 81.71 70.49 0.0662
660.04 67.79 44.19 64.76 0.0649
143.54 147.68 140.88 107.88 0.0643
398.46 0.00 37.01 31.17 0.0632
834.57 217.92 86.68 49.49 0.0623
600.72 458.28 172.52 124.85 0.0614
564.08 108.95 68.09 81.57 0.0612
886.70 197.10 81.17 47.27 0.0594
991.95 37.87 32.05 67.52 0.0592
533.92 286.24 163.98 152.55 0.0586
425.96 207.45 114.53 178.59 0.0584
532.55 379.02 206.07 262.92 0.0579
276.59 447.22 85.67 76.38 0.0565
227.50 65.16 93.45 79.76 0.0548
326.37 241.46 90.94 143.09 0.0533
710.80 76.34 83.92 110.73 0.0527
53.90 363.54 456.86 318.46 0.0505
