48_Parachutist_Paratrooper_Parachutist_Paratrooper_48_439
179
625.67 118.12 149.92 231.28 0.8328
143.56 59.11 52.63 58.15 0.7990
230.72 299.15 32.55 35.01 0.3131
913.76 36.76 29.41 25.58 0.2610
875.75 36.33 28.76 24.75 0.2453
811.68 39.69 24.04 20.16 0.2331
880.84 28.31 24.92 23.48 0.1895
377.94 194.10 22.25 24.03 0.1787
782.04 38.57 28.34 24.37 0.1770
849.15 36.78 25.60 23.55 0.1770
961.19 349.53 22.91 23.35 0.1691
69.26 177.91 35.55 38.36 0.1673
959.79 40.64 23.94 23.13 0.1644
372.10 285.63 28.10 36.87 0.1562
986.72 22.88 27.88 39.05 0.1515
0.00 123.37 36.70 74.28 0.1483
341.37 216.96 18.72 20.21 0.1410
306.55 276.87 56.74 51.99 0.1398
115.11 77.71 56.30 58.87 0.1371
480.79 17.06 40.16 32.78 0.1365
472.69 123.47 38.37 40.66 0.1304
188.69 217.61 38.62 42.93 0.1292
142.80 10.56 62.59 68.01 0.1245
477.00 142.56 40.66 42.75 0.1237
364.33 263.85 29.37 30.84 0.1221
258.37 241.95 24.22 26.01 0.1211
990.60 231.02 25.45 25.73 0.1185
2.78 18.93 22.73 29.06 0.1117
326.96 261.89 39.61 38.36 0.1068
247.66 250.70 36.20 34.34 0.1064
475.47 32.87 51.43 38.24 0.1052
307.30 311.30 52.48 33.14 0.1006
183.31 350.09 37.29 46.84 0.0989
0.00 29.70 28.19 40.15 0.0983
373.79 211.23 25.90 30.53 0.0981
957.10 233.33 19.99 22.59 0.0974
294.08 288.30 45.31 41.21 0.0973
480.78 112.04 34.03 37.79 0.0954
149.47 0.00 46.53 31.52 0.0943
39.66 164.79 30.30 52.25 0.0932
6.65 59.10 37.36 60.27 0.0927
262.03 295.59 30.78 33.27 0.0924
371.00 309.38 32.70 34.13 0.0924
869.02 230.46 44.63 35.44 0.0912
289.61 0.00 32.94 21.80 0.0907
152.35 471.10 17.29 25.42 0.0903
522.84 104.51 29.68 28.37 0.0901
540.41 89.91 37.03 37.44 0.0897
26.84 138.31 39.81 64.35 0.0894
143.99 172.19 52.28 64.30 0.0894
81.75 167.71 66.29 69.38 0.0878
89.73 243.06 41.75 38.53 0.0875
156.33 359.65 25.33 32.63 0.0875
298.60 255.77 41.00 36.09 0.0868
6.04 168.56 32.14 48.51 0.0864
78.99 346.84 33.93 36.09 0.0856
613.79 82.27 140.19 119.70 0.0845
2.68 82.59 40.46 65.83 0.0843
338.97 237.99 23.73 22.42 0.0841
874.69 215.98 38.01 35.63 0.0831
777.33 56.53 28.40 34.24 0.0828
100.57 92.46 56.36 73.20 0.0827
136.93 194.75 49.19 57.11 0.0822
73.66 139.59 39.76 58.53 0.0819
913.07 49.31 38.76 37.14 0.0815
146.23 454.74 22.11 33.13 0.0806
0.09 1.31 26.52 22.64 0.0802
958.41 0.00 27.42 24.15 0.0801
75.72 93.24 49.83 61.43 0.0793
40.92 438.08 25.34 29.83 0.0789
877.87 3.15 33.14 29.68 0.0785
878.60 55.02 32.96 31.22 0.0778
183.13 279.27 32.43 33.71 0.0758
212.65 339.50 40.28 47.39 0.0756
218.64 244.65 35.82 40.03 0.0754
988.44 75.11 35.56 49.69 0.0751
482.69 162.43 38.65 38.55 0.0749
301.04 240.60 26.02 28.75 0.0746
403.66 294.17 37.31 37.59 0.0744
170.04 0.00 53.22 40.70 0.0743
502.30 56.86 38.94 37.83 0.0741
341.13 198.49 20.96 28.99 0.0740
515.39 81.35 33.69 41.61 0.0738
806.64 54.35 32.83 35.80 0.0737
189.21 247.37 32.86 30.65 0.0737
940.86 54.01 43.10 48.47 0.0716
380.51 311.08 122.15 126.31 0.0712
258.50 215.28 27.35 28.02 0.0710
509.64 120.06 35.04 42.21 0.0710
483.71 211.84 30.16 30.83 0.0708
215.36 68.17 46.42 47.78 0.0707
844.73 54.95 32.90 31.78 0.0705
518.54 340.11 41.20 29.35 0.0701
985.56 47.09 36.34 48.60 0.0700
989.43 1.52 30.33 34.24 0.0698
801.22 73.94 38.20 46.78 0.0698
369.68 22.84 30.04 26.56 0.0696
474.22 48.35 49.06 47.42 0.0694
451.13 142.30 33.35 32.89 0.0693
7.30 364.55 25.59 46.73 0.0690
409.64 214.68 21.83 27.05 0.0690
446.44 40.38 28.69 34.54 0.0684
788.57 89.21 43.29 67.05 0.0682
369.62 227.53 30.16 34.66 0.0680
740.03 35.70 35.31 32.81 0.0679
957.24 326.16 24.03 25.45 0.0669
442.95 215.85 27.04 29.79 0.0667
254.08 311.08 35.71 33.32 0.0664
407.38 306.93 47.11 41.37 0.0659
108.86 428.52 31.27 37.40 0.0659
145.46 225.05 34.25 38.19 0.0656
959.82 256.00 24.83 31.25 0.0651
365.15 42.69 36.72 30.56 0.0649
4.72 434.23 19.53 23.83 0.0639
332.70 0.00 31.01 19.50 0.0636
82.05 457.78 16.91 23.00 0.0623
499.95 143.13 39.56 45.53 0.0621
329.40 39.00 39.71 35.79 0.0620
985.57 346.38 29.26 25.73 0.0618
913.59 2.30 35.45 28.82 0.0618
408.70 253.94 35.98 35.57 0.0618
98.86 342.23 38.79 39.83 0.0614
977.36 251.20 38.21 37.05 0.0612
768.35 71.39 38.39 47.37 0.0612
218.61 0.00 38.58 29.55 0.0610
298.79 218.06 23.12 24.03 0.0608
241.44 65.20 44.34 48.24 0.0603
739.58 56.80 39.45 45.74 0.0600
576.01 466.29 43.86 31.44 0.0596
222.50 98.39 40.50 35.58 0.0591
164.36 176.07 64.57 58.49 0.0586
550.49 470.04 43.44 27.97 0.0585
3.48 232.58 22.43 32.56 0.0584
211.28 5.63 45.71 54.96 0.0580
544.18 403.58 44.34 38.47 0.0579
206.90 31.16 51.32 73.98 0.0578
150.97 157.47 61.49 54.73 0.0575
85.32 270.42 26.04 30.04 0.0573
374.77 475.70 30.40 19.05 0.0573
95.99 265.18 37.10 38.88 0.0572
5.45 212.48 22.40 28.79 0.0570
183.25 292.48 37.66 36.11 0.0569
872.51 335.73 46.85 42.43 0.0567
726.50 69.58 58.28 59.35 0.0566
450.33 165.50 35.31 32.69 0.0564
17.91 93.56 47.04 67.82 0.0563
978.64 574.99 43.40 32.01 0.0561
910.20 235.88 37.98 36.06 0.0557
955.96 300.54 25.48 25.74 0.0552
140.89 257.16 33.99 27.93 0.0539
372.99 179.20 20.94 29.30 0.0537
992.02 299.93 25.59 28.57 0.0535
870.62 355.55 50.31 49.39 0.0535
447.20 187.66 33.52 33.91 0.0534
580.22 90.12 59.52 63.39 0.0526
544.06 102.11 40.33 49.40 0.0524
182.67 371.78 39.42 73.35 0.0524
103.86 324.66 34.25 41.58 0.0523
181.08 544.31 31.83 39.30 0.0522
841.98 1.33 32.21 27.52 0.0520
874.02 251.66 45.64 50.22 0.0520
486.86 3.30 51.53 36.24 0.0518
435.73 278.24 37.42 36.48 0.0517
0.00 341.29 39.88 62.03 0.0515
139.62 273.63 34.89 34.18 0.0514
877.12 323.22 46.57 36.21 0.0513
406.31 39.86 30.65 33.69 0.0512
516.73 318.84 42.85 40.89 0.0512
912.90 62.35 47.06 48.86 0.0510
189.27 186.17 55.66 52.98 0.0510
910.99 250.61 36.53 43.59 0.0509
405.77 316.88 76.93 77.44 0.0509
361.77 323.07 56.63 51.67 0.0506
981.46 271.16 36.61 35.59 0.0506
434.78 258.59 35.82 33.51 0.0504
883.49 73.53 32.52 36.00 0.0504
873.17 85.24 51.55 57.31 0.0504
475.91 293.68 30.74 32.56 0.0504
79.09 324.31 37.56 42.05 0.0503
