38_Tennis_Tennis_38_81
25
724.69 164.39 169.43 194.95 0.747260
450.32 362.95 75.34 113.74 0.219996
139.12 263.48 53.52 37.50 0.197678
273.19 350.30 213.19 198.70 0.181584
97.47 278.26 140.81 102.68 0.140494
48.94 257.30 238.43 193.72 0.122301
509.57 264.48 42.43 62.79 0.101383
778.86 267.26 144.54 112.63 0.099635
411.77 1122.15 114.15 143.45 0.095542
411.72 330.73 168.64 310.03 0.093134
31.95 223.71 373.98 349.43 0.085678
894.87 383.31 97.78 138.93 0.082050
475.12 310.54 76.32 124.76 0.081338
460.11 250.46 68.29 106.92 0.076499
788.55 275.65 161.52 208.13 0.075692
289.82 213.64 49.93 95.23 0.074125
541.05 288.21 48.22 73.06 0.072403
875.36 499.43 95.41 145.47 0.068883
447.27 276.67 275.15 450.03 0.068865
44.28 297.93 65.17 65.09 0.068259
846.27 521.23 103.68 210.24 0.068019
270.27 273.52 118.23 149.44 0.060738
489.92 249.29 117.39 231.83 0.055925
355.27 1249.59 59.79 108.65 0.054586
612.18 600.95 280.83 481.52 0.053696
