25_Soldier_Patrol_Soldier_Patrol_25_469
19
598.26 423.56 425.74 287.44 0.4402
590.50 169.01 433.50 297.01 0.3411
188.77 116.46 432.46 209.22 0.2797
283.93 415.94 378.29 295.06 0.2530
407.99 282.10 429.83 394.32 0.1325
137.12 434.15 221.85 276.85 0.1090
15.42 16.24 59.34 59.96 0.1032
63.95 137.26 91.82 255.68 0.0938
105.22 282.23 133.29 383.68 0.0936
101.09 281.93 453.83 370.67 0.0739
59.08 25.25 81.36 43.91 0.0633
136.08 137.09 279.53 215.53 0.0626
10.65 452.10 48.81 258.90 0.0338
317.96 145.18 471.15 298.12 0.0336
22.87 298.75 53.42 343.25 0.0302
59.35 457.52 105.42 253.48 0.0298
60.96 250.60 98.11 292.49 0.0248
623.30 47.77 400.70 121.06 0.0221
580.04 80.30 443.96 187.96 0.0204
