4_Dancing_Dancing_4_194
15
631.29 418.12 392.71 266.88 0.3778
428.19 420.58 383.41 264.42 0.1745
194.70 414.57 414.64 270.43 0.1558
592.76 22.62 431.24 172.75 0.0804
131.94 418.01 248.83 266.99 0.0640
595.36 194.41 428.64 361.03 0.0579
611.90 0.00 412.10 82.43 0.0425
6.77 426.67 55.59 258.33 0.0420
0.00 0.11 70.52 73.13 0.0403
19.94 69.83 39.23 202.87 0.0303
87.24 59.05 331.93 221.03 0.0292
51.25 75.71 113.55 185.57 0.0266
384.02 207.49 475.90 324.25 0.0259
83.06 38.90 196.47 138.01 0.0256
37.35 404.52 143.22 280.48 0.0204
