3_Riot_Riot_3_689
58
324.73 242.64 100.57 128.70 0.9437
622.58 131.72 119.32 151.66 0.9434
183.29 71.54 119.77 136.91 0.9083
121.84 61.61 107.58 103.85 0.2363
193.70 19.02 128.10 104.29 0.2191
380.72 455.95 91.65 106.87 0.1514
359.10 158.90 44.54 65.49 0.1477
829.30 432.51 49.99 103.04 0.1444
478.18 484.14 34.66 68.65 0.1431
253.10 605.70 93.42 53.30 0.1266
882.76 251.15 19.60 26.20 0.1243
341.82 180.70 91.14 111.39 0.1156
631.94 82.92 73.48 65.21 0.1119
133.84 43.84 89.15 69.51 0.1059
451.35 454.72 62.65 114.27 0.1032
470.75 344.91 34.54 32.69 0.0993
565.44 335.38 116.76 133.34 0.0973
75.66 475.12 41.78 83.85 0.0964
838.43 454.76 74.81 129.71 0.0879
466.91 553.27 47.72 91.42 0.0832
631.28 75.83 47.32 41.64 0.0819
91.52 468.51 52.73 86.58 0.0817
911.34 441.58 65.77 87.21 0.0788
364.78 137.96 76.04 98.78 0.0773
229.32 383.20 159.86 161.41 0.0760
310.86 150.40 71.69 84.62 0.0733
767.53 278.87 37.44 54.89 0.0724
732.46 273.78 52.21 61.52 0.0712
350.11 490.20 93.28 85.06 0.0699
588.38 98.85 70.65 61.30 0.0691
2.14 341.98 24.52 46.64 0.0689
862.70 267.74 58.32 75.48 0.0676
650.65 318.65 103.04 157.76 0.0661
464.16 329.99 37.71 36.09 0.0658
581.39 381.09 82.34 74.17 0.0646
441.05 165.76 87.41 138.82 0.0627
683.48 57.44 83.92 87.70 0.0618
485.28 463.83 61.58 94.78 0.0617
61.08 503.53 40.89 75.32 0.0613
802.80 206.78 40.94 67.52 0.0608
612.82 496.46 42.80 55.13 0.0592
761.58 234.07 62.00 89.20 0.0578
651.57 84.70 93.90 90.79 0.0573
111.67 231.42 43.30 78.56 0.0569
592.02 526.65 61.96 85.79 0.0560
803.68 224.42 59.11 86.10 0.0558
809.93 399.73 48.42 63.02 0.0555
439.16 413.00 67.95 91.18 0.0554
682.84 86.09 93.50 129.48 0.0554
0.00 618.35 42.48 40.65 0.0550
430.10 340.04 50.97 45.57 0.0537
422.26 372.36 65.68 68.21 0.0532
717.79 0.00 207.93 228.39 0.0527
541.66 454.23 41.70 76.75 0.0525
521.40 357.26 87.15 85.40 0.0525
952.48 231.39 29.70 35.48 0.0523
398.07 408.36 81.18 97.92 0.0511
996.66 228.07 26.66 47.68 0.0509
