2_Demonstration_Demonstrators_2_545
15
621.30 299.27 402.70 312.33 0.9839
104.27 283.16 170.91 316.24 0.9165
356.92 275.36 354.17 334.98 0.8659
62.48 422.78 99.41 385.22 0.8361
94.51 291.87 465.41 310.11 0.5874
272.91 373.90 411.21 434.10 0.5426
101.84 395.88 165.83 412.12 0.5397
54.84 255.74 99.39 333.45 0.5320
155.10 440.51 227.99 367.49 0.4656
15.88 429.49 49.53 378.51 0.2647
30.25 275.93 52.68 321.31 0.1960
623.52 427.23 400.48 380.77 0.1011
617.49 174.09 406.51 231.74 0.1008
606.06 108.86 417.94 143.20 0.0926
456.28 341.20 328.76 371.58 0.0435
