2_Demonstration_Protesters_2_12
14
615.80 336.04 408.20 346.96 0.9102
23.86 360.76 55.48 322.24 0.8292
54.21 358.21 85.59 324.79 0.6634
392.09 296.13 304.03 285.38 0.6045
157.06 293.84 339.52 307.91 0.4925
170.54 338.21 172.75 341.13 0.3555
504.47 293.69 379.99 300.42 0.3380
106.71 318.09 123.95 364.91 0.3226
59.08 245.13 98.20 251.60 0.1315
348.09 410.53 395.11 272.47 0.1229
22.97 253.43 34.75 246.35 0.0785
184.70 265.86 173.42 221.82 0.0400
11.54 251.50 29.21 249.91 0.0378
105.24 201.16 150.78 233.41 0.0213
