2_Demonstration_Demonstration_Or_Protest_2_117
17
612.56 403.26 411.44 258.74 0.9789
16.15 399.27 62.99 262.73 0.9588
136.33 396.50 367.78 265.50 0.9061
57.18 396.86 93.90 265.14 0.8693
112.00 394.81 100.65 267.19 0.8610
598.21 253.55 425.79 233.23 0.8511
465.72 414.84 325.16 247.16 0.8311
300.01 408.93 344.40 253.07 0.7922
9.23 378.68 33.07 283.32 0.4864
164.66 288.62 208.97 307.00 0.1730
412.70 176.38 394.51 266.23 0.1679
72.83 252.04 93.79 345.48 0.1610
612.01 121.95 411.99 236.49 0.1070
491.61 295.52 395.85 297.83 0.0877
219.79 175.87 353.43 255.20 0.0554
101.50 286.39 171.45 321.61 0.0357
364.18 44.08 522.61 140.91 0.0212
