7_Cheering_Cheering_7_870
200
927.82 0.00 81.19 81.22 0.1921
928.12 630.60 80.54 81.05 0.1920
50.52 630.66 80.28 80.75 0.1920
928.13 383.75 80.49 81.00 0.1919
415.76 0.00 81.12 81.19 0.1919
452.32 0.00 81.14 81.19 0.1918
50.56 54.66 80.22 80.74 0.1918
50.56 191.81 80.22 80.74 0.1918
379.18 0.00 81.26 81.22 0.1917
50.52 466.09 80.28 80.75 0.1917
50.52 520.95 80.28 80.75 0.1917
50.52 575.80 80.28 80.75 0.1917
928.14 164.32 80.51 81.02 0.1917
928.14 438.59 80.51 81.02 0.1917
50.43 109.49 80.33 80.79 0.1917
50.66 246.75 80.09 80.65 0.1916
50.63 383.82 80.13 80.72 0.1916
781.48 0.00 81.22 81.20 0.1916
854.62 0.00 81.22 81.20 0.1916
196.54 410.95 80.62 81.22 0.1916
232.87 0.00 81.26 81.21 0.1916
269.43 0.00 81.19 81.20 0.1916
744.86 0.00 81.19 81.20 0.1916
525.92 658.05 80.20 80.83 0.1916
269.68 493.15 80.63 81.31 0.1915
306.25 493.15 80.63 81.31 0.1915
342.61 0.00 81.13 81.20 0.1915
488.86 0.00 81.28 81.21 0.1915
123.12 0.00 81.19 81.21 0.1915
891.68 136.94 80.10 80.67 0.1915
50.29 0.00 80.82 80.99 0.1915
928.20 520.93 80.41 80.98 0.1915
196.55 465.84 80.61 81.19 0.1915
196.55 520.70 80.61 81.19 0.1915
196.28 0.00 81.19 81.21 0.1915
671.91 575.56 80.68 81.18 0.1915
306.18 438.29 80.72 81.39 0.1915
233.12 548.13 80.70 81.19 0.1915
489.35 658.02 80.33 80.89 0.1915
928.09 109.47 80.52 81.00 0.1915
342.82 438.29 80.74 81.40 0.1915
343.02 658.00 80.37 80.92 0.1915
50.66 301.59 80.06 80.69 0.1914
306.05 0.00 81.08 81.17 0.1914
233.12 410.99 80.72 81.28 0.1914
196.47 356.00 80.78 81.42 0.1914
13.59 0.00 80.80 80.93 0.1914
671.90 630.33 80.71 81.36 0.1914
818.05 0.00 81.22 81.20 0.1913
159.90 410.95 80.68 81.22 0.1913
159.90 493.24 80.68 81.22 0.1913
379.33 520.67 80.68 81.22 0.1913
269.69 548.10 80.71 81.22 0.1913
855.06 657.99 80.34 80.92 0.1913
928.10 54.62 80.54 81.04 0.1913
708.23 0.00 81.25 81.23 0.1913
635.40 356.01 80.63 81.31 0.1913
196.54 575.44 80.63 81.31 0.1913
159.69 0.00 81.21 81.20 0.1913
562.04 0.00 81.13 81.20 0.1913
86.50 0.00 81.25 81.21 0.1913
671.65 0.00 81.25 81.21 0.1913
123.40 328.58 80.73 81.32 0.1913
123.40 383.44 80.73 81.32 0.1913
123.40 438.29 80.73 81.32 0.1913
342.83 548.01 80.73 81.32 0.1913
159.97 602.87 80.73 81.32 0.1913
635.40 602.87 80.73 81.32 0.1913
13.82 493.59 80.20 80.66 0.1913
269.62 602.87 80.79 81.31 0.1913
928.20 575.79 80.41 80.98 0.1913
891.79 658.23 79.91 80.49 0.1913
598.58 0.00 81.21 81.18 0.1912
928.15 328.89 80.46 81.00 0.1912
159.90 356.00 80.67 81.33 0.1912
781.93 658.00 80.32 80.89 0.1912
671.97 328.58 80.74 81.40 0.1912
379.40 410.87 80.74 81.40 0.1912
635.40 410.87 80.74 81.40 0.1912
415.97 438.30 80.74 81.40 0.1912
233.10 465.78 80.75 81.27 0.1912
379.40 465.72 80.74 81.40 0.1912
635.40 465.72 80.74 81.40 0.1912
123.40 493.15 80.74 81.40 0.1912
342.82 493.15 80.74 81.40 0.1912
671.97 493.15 80.74 81.40 0.1912
708.54 493.15 80.74 81.40 0.1912
635.40 520.58 80.74 81.40 0.1912
159.97 548.01 80.74 81.40 0.1912
306.25 548.01 80.74 81.40 0.1912
123.40 602.87 80.74 81.40 0.1912
269.61 410.87 80.81 81.40 0.1912
671.90 438.30 80.81 81.40 0.1912
13.81 575.84 80.25 80.72 0.1912
233.16 602.96 80.65 81.21 0.1912
891.32 0.00 80.88 81.01 0.1912
233.16 356.04 80.69 81.33 0.1912
745.14 548.06 80.65 81.31 0.1912
123.41 136.59 80.73 81.38 0.1912
928.19 274.03 80.43 81.01 0.1912
745.07 465.77 80.71 81.31 0.1912
306.27 602.89 80.72 81.35 0.1912
671.97 218.86 80.72 81.42 0.1912
233.11 301.15 80.72 81.42 0.1912
13.80 630.67 80.30 80.78 0.1912
159.90 301.15 80.78 81.42 0.1911
13.77 383.82 80.30 80.75 0.1911
342.76 602.86 80.78 81.42 0.1911
379.59 657.96 80.34 81.00 0.1911
635.17 0.00 81.25 81.20 0.1911
891.65 191.77 80.11 80.69 0.1911
891.65 301.49 80.11 80.69 0.1911
891.65 356.34 80.11 80.69 0.1911
196.53 630.41 80.64 81.20 0.1911
342.88 246.32 80.66 81.35 0.1911
379.41 328.59 80.70 81.38 0.1911
708.56 410.88 80.70 81.38 0.1911
525.62 191.50 80.79 81.34 0.1911
708.44 109.19 80.82 81.37 0.1911
86.82 301.26 80.74 81.30 0.1911
416.20 657.99 80.34 80.92 0.1911
415.87 383.45 80.81 81.40 0.1911
525.48 0.00 81.21 81.21 0.1911
671.82 81.69 80.91 81.50 0.1911
598.86 356.03 80.71 81.36 0.1911
306.18 383.44 80.71 81.37 0.1911
854.86 493.19 80.73 81.36 0.1911
635.39 164.03 80.76 81.39 0.1910
635.39 301.17 80.76 81.39 0.1910
671.96 383.46 80.76 81.39 0.1910
123.39 548.03 80.76 81.39 0.1910
708.54 548.01 80.74 81.38 0.1910
818.48 657.98 80.27 80.93 0.1910
13.81 438.70 80.25 80.70 0.1910
708.47 630.30 80.80 81.38 0.1910
452.76 657.96 80.39 80.98 0.1910
891.61 82.06 80.28 80.78 0.1910
891.63 411.14 80.20 80.81 0.1910
891.63 465.99 80.20 80.81 0.1910
306.24 54.32 80.69 81.33 0.1910
196.54 246.36 80.68 81.26 0.1910
269.63 81.82 80.73 81.28 0.1910
415.92 109.25 80.73 81.28 0.1910
452.49 109.25 80.73 81.28 0.1910
379.35 136.68 80.73 81.28 0.1910
452.49 164.11 80.73 81.28 0.1910
489.06 191.54 80.73 81.28 0.1910
745.07 410.92 80.71 81.29 0.1910
781.62 602.91 80.80 81.34 0.1910
196.54 301.15 80.71 81.41 0.1910
452.54 520.58 80.71 81.41 0.1910
123.33 81.72 80.78 81.40 0.1910
86.75 218.88 80.79 81.41 0.1910
379.33 575.44 80.78 81.40 0.1910
123.60 657.95 80.30 81.05 0.1910
379.34 273.81 80.75 81.30 0.1910
233.06 81.73 80.75 81.37 0.1910
489.06 81.73 80.75 81.37 0.1910
525.63 81.73 80.75 81.37 0.1910
781.63 81.73 80.75 81.37 0.1910
818.20 81.73 80.75 81.37 0.1910
854.77 81.73 80.75 81.37 0.1910
13.82 109.60 80.26 80.69 0.1910
489.06 136.59 80.75 81.37 0.1910
13.82 164.46 80.26 80.69 0.1910
415.91 164.02 80.75 81.37 0.1910
928.22 219.22 80.38 80.94 0.1910
818.24 136.66 80.72 81.30 0.1910
415.98 548.03 80.69 81.36 0.1910
159.88 81.77 80.80 81.35 0.1909
671.92 164.03 80.76 81.35 0.1909
415.96 493.17 80.74 81.29 0.1909
854.82 575.46 80.74 81.29 0.1909
452.50 465.77 80.71 81.31 0.1909
452.46 273.76 80.81 81.35 0.1909
489.03 301.19 80.81 81.35 0.1909
123.40 273.72 80.72 81.42 0.1909
13.86 329.09 80.05 80.59 0.1909
452.42 328.60 80.84 81.38 0.1909
269.62 301.15 80.78 81.42 0.1909
269.62 356.01 80.78 81.42 0.1909
342.77 54.36 80.78 81.34 0.1909
379.34 54.36 80.78 81.34 0.1909
196.49 81.79 80.78 81.34 0.1909
342.77 109.21 80.78 81.34 0.1909
306.20 136.64 80.78 81.34 0.1909
745.06 136.64 80.78 81.34 0.1909
781.63 136.64 80.78 81.34 0.1909
342.77 164.07 80.78 81.34 0.1909
379.34 191.50 80.78 81.34 0.1909
452.49 218.93 80.78 81.34 0.1909
598.83 602.99 80.61 81.16 0.1909
415.88 328.63 80.77 81.34 0.1909
818.29 493.19 80.72 81.35 0.1909
598.82 301.18 80.76 81.37 0.1909
342.82 328.60 80.76 81.37 0.1909
598.82 410.89 80.76 81.37 0.1909
708.49 328.60 80.76 81.37 0.1909
928.42 685.78 80.02 80.95 0.1909
598.73 54.30 80.86 81.41 0.1909
