0_Parade_marchingband_1_759
173
630.17 124.69 59.77 72.63 0.8611
369.45 18.53 47.84 54.33 0.8575
339.85 128.82 47.73 59.72 0.7796
179.39 8.52 42.47 58.91 0.7252
496.62 140.40 41.73 58.54 0.7121
135.45 47.90 42.22 57.90 0.7090
573.74 138.01 51.05 63.11 0.7031
2.01 29.38 39.58 46.13 0.6428
79.75 16.46 47.13 50.59 0.6255
141.40 152.56 46.61 58.26 0.5916
227.51 10.87 32.60 51.59 0.5204
40.70 36.05 41.49 46.55 0.5011
307.59 21.69 43.98 59.76 0.4515
406.32 130.15 34.01 50.17 0.4459
108.69 34.49 50.28 56.32 0.3987
227.13 120.82 43.98 69.43 0.3690
772.96 154.17 124.42 150.42 0.2425
764.06 180.17 79.63 75.05 0.2014
28.97 0.21 51.52 58.89 0.1919
151.94 0.00 44.72 50.03 0.1912
438.23 109.15 31.15 46.21 0.1854
0.00 48.01 32.22 67.61 0.1634
42.39 50.92 43.88 62.93 0.1585
554.09 136.83 45.03 78.07 0.1585
428.24 119.85 44.86 60.95 0.1517
432.51 147.23 42.41 57.58 0.1486
240.78 148.34 41.49 66.20 0.1449
513.85 399.15 45.69 52.34 0.1425
248.73 0.24 37.27 41.94 0.1373
442.14 379.23 42.62 44.68 0.1352
114.99 185.85 51.39 76.38 0.1338
194.16 329.22 16.17 21.23 0.1329
248.62 265.05 34.78 44.96 0.1304
486.86 276.18 62.26 52.80 0.1271
552.98 354.37 36.05 32.42 0.1264
727.70 198.26 139.95 130.34 0.1255
289.73 185.78 35.70 41.75 0.1249
187.39 70.69 36.21 53.87 0.1219
71.59 136.18 37.19 77.35 0.1214
261.39 382.02 22.14 27.59 0.1199
543.56 363.45 43.02 45.22 0.1199
568.72 374.34 51.34 41.42 0.1177
529.77 405.59 58.15 72.54 0.1173
287.53 125.31 36.45 53.11 0.1148
538.98 319.19 53.91 40.72 0.1148
300.26 330.02 23.74 28.38 0.1144
773.02 155.66 46.44 53.57 0.1140
101.28 227.54 54.97 104.19 0.1129
231.35 360.46 15.52 20.06 0.1125
486.27 110.24 36.29 57.14 0.1115
156.13 358.08 14.50 20.21 0.1109
441.96 183.67 37.29 41.45 0.1089
392.61 252.94 42.23 55.01 0.1087
310.48 45.12 45.75 62.84 0.1074
154.15 328.95 18.07 22.41 0.1066
3.48 258.25 23.95 52.46 0.1061
882.60 87.38 23.14 27.97 0.1061
47.93 209.44 20.29 34.82 0.1055
229.34 380.63 19.46 26.46 0.1041
110.28 309.94 28.57 39.48 0.1039
180.73 93.83 34.91 53.61 0.1039
228.82 334.32 18.61 20.52 0.1009
265.17 332.05 17.08 19.13 0.1003
256.69 283.58 26.31 41.38 0.0991
736.13 378.47 241.98 246.81 0.0980
608.34 374.64 45.39 42.46 0.0965
559.70 111.45 52.54 64.77 0.0942
195.40 359.87 14.73 20.54 0.0940
574.23 393.79 43.04 48.39 0.0931
224.49 79.43 35.76 51.92 0.0928
575.30 353.07 45.52 35.16 0.0927
48.02 184.00 25.71 40.93 0.0922
524.20 282.49 63.91 50.44 0.0922
450.80 390.08 51.53 51.57 0.0918
852.38 190.61 70.64 124.43 0.0902
157.64 384.62 13.23 20.88 0.0900
679.42 518.37 46.07 53.49 0.0898
192.75 378.25 20.60 29.20 0.0887
3.77 217.22 21.50 39.68 0.0883
398.67 178.97 38.25 47.76 0.0881
289.85 52.77 39.19 56.21 0.0832
3.20 188.57 20.36 35.82 0.0831
68.43 95.48 39.86 48.37 0.0827
649.81 103.82 73.76 81.49 0.0819
293.07 381.34 27.23 32.15 0.0816
460.54 270.55 60.48 55.17 0.0802
333.79 317.66 41.78 56.09 0.0796
2.28 282.55 24.87 55.28 0.0795
119.39 443.76 13.74 23.63 0.0794
435.19 309.80 59.61 58.64 0.0793
265.50 360.29 18.18 22.67 0.0784
226.61 282.53 36.62 46.64 0.0784
240.87 75.95 44.57 48.87 0.0782
255.83 208.75 29.96 41.52 0.0780
337.93 272.09 30.23 46.14 0.0777
580.07 411.71 37.86 53.59 0.0773
298.27 352.02 23.53 29.87 0.0770
737.45 211.37 69.71 64.83 0.0769
157.74 414.86 14.40 23.21 0.0756
648.98 536.16 50.56 61.23 0.0753
119.10 268.63 56.71 66.24 0.0751
518.87 376.55 55.62 40.91 0.0751
866.85 0.00 50.58 39.99 0.0746
120.34 354.54 18.77 24.57 0.0732
81.63 361.31 16.81 28.50 0.0726
137.54 292.79 34.91 41.05 0.0716
385.53 71.18 45.13 48.21 0.0716
952.38 79.93 25.13 29.40 0.0716
418.39 255.38 74.62 86.69 0.0709
133.50 180.33 77.36 87.89 0.0707
757.56 111.72 62.33 83.00 0.0707
246.35 46.91 43.15 56.73 0.0707
0.00 117.87 26.27 68.72 0.0706
721.82 342.43 141.40 152.51 0.0699
601.75 214.46 133.27 181.75 0.0695
454.33 301.32 58.26 55.82 0.0693
401.94 208.23 36.00 48.33 0.0691
153.91 214.78 60.81 85.62 0.0686
817.42 249.53 76.84 92.98 0.0685
358.64 263.02 41.12 55.34 0.0684
298.01 266.24 33.84 43.02 0.0682
872.04 99.97 33.84 46.16 0.0681
214.00 578.74 31.94 38.18 0.0668
638.44 367.07 59.21 60.45 0.0666
724.44 257.67 136.60 118.35 0.0654
836.89 133.43 73.08 86.91 0.0648
152.78 462.28 24.30 37.68 0.0629
445.54 357.52 58.54 53.11 0.0625
525.86 534.68 38.87 74.58 0.0624
336.31 366.16 29.26 43.27 0.0619
428.50 198.49 45.45 57.67 0.0619
82.84 257.59 61.53 92.84 0.0617
186.81 301.18 27.23 43.67 0.0616
228.11 243.37 47.97 69.11 0.0614
364.00 235.51 34.05 51.41 0.0612
85.64 326.43 24.82 32.67 0.0607
775.45 113.88 81.22 112.05 0.0607
814.98 0.00 71.52 46.72 0.0600
918.64 1.30 27.03 30.29 0.0598
79.52 378.84 17.62 28.94 0.0596
4.27 312.77 22.43 48.50 0.0595
571.49 326.68 51.22 45.94 0.0593
330.08 282.03 44.22 67.98 0.0588
654.83 399.97 39.53 48.40 0.0586
513.85 458.33 46.28 70.04 0.0580
552.54 279.29 69.21 61.78 0.0577
598.05 350.52 57.19 53.27 0.0564
297.21 296.96 38.95 55.55 0.0560
238.84 481.95 58.34 80.03 0.0558
121.93 417.37 11.96 21.06 0.0558
829.72 283.53 81.87 82.15 0.0558
288.51 98.68 36.51 58.92 0.0558
881.51 219.99 60.09 86.90 0.0557
298.24 245.01 27.26 42.38 0.0553
686.99 0.00 104.60 47.81 0.0553
441.28 82.94 30.47 53.23 0.0543
214.72 495.88 45.74 68.21 0.0543
674.42 171.31 52.75 53.68 0.0542
46.80 130.61 32.31 66.13 0.0541
120.76 386.77 15.96 24.45 0.0540
185.87 408.42 29.99 37.36 0.0539
525.06 490.09 27.47 38.36 0.0537
252.42 400.72 34.98 47.28 0.0532
531.08 238.15 49.61 39.28 0.0526
672.65 536.33 251.86 178.69 0.0520
337.35 236.67 29.38 42.97 0.0520
155.36 439.83 18.44 29.57 0.0517
174.11 463.68 44.57 65.98 0.0516
609.45 393.07 48.02 50.90 0.0509
838.66 102.39 42.05 67.89 0.0507
57.78 195.46 53.72 67.67 0.0506
864.46 121.76 43.49 60.28 0.0504
370.28 291.83 77.49 95.34 0.0500
