0_Parade_Parade_0_664
200
265.02 354.96 27.21 15.14 0.4275
374.89 294.45 19.59 15.33 0.4165
266.18 310.90 28.71 19.24 0.3724
114.71 330.66 26.83 19.12 0.3657
877.77 358.95 24.06 12.38 0.3627
447.36 267.36 17.39 14.32 0.3605
370.93 273.93 21.52 16.22 0.3605
665.38 320.68 19.43 14.27 0.3579
403.76 342.89 27.12 20.33 0.3494
28.48 349.83 34.61 19.45 0.3430
522.64 305.94 16.78 12.61 0.3318
485.86 332.78 24.43 16.58 0.3201
741.49 334.01 14.19 10.47 0.2962
850.53 334.30 17.98 11.96 0.2922
45.57 305.85 20.36 15.12 0.2913
195.92 293.85 13.45 10.13 0.2908
453.23 346.92 29.14 19.01 0.2904
590.31 330.53 22.71 14.36 0.2898
117.23 305.26 18.38 13.56 0.2897
448.27 304.57 17.21 13.26 0.2886
742.21 294.76 11.73 7.63 0.2878
307.89 286.17 26.91 17.92 0.2874
487.37 295.37 13.06 10.67 0.2833
10.07 332.41 26.26 14.59 0.2827
778.85 331.25 16.97 11.75 0.2791
517.49 333.99 20.70 15.77 0.2787
925.56 334.51 22.03 15.75 0.2774
448.65 273.21 16.88 15.32 0.2769
485.11 304.88 16.17 11.97 0.2765
121.74 280.50 12.76 9.71 0.2731
633.52 283.24 10.90 7.53 0.2710
594.54 321.34 18.72 13.28 0.2689
671.15 294.80 11.68 8.31 0.2655
853.16 321.41 13.18 8.31 0.2654
779.49 321.21 14.92 10.38 0.2652
449.58 295.00 15.18 11.33 0.2639
808.60 353.74 22.39 15.74 0.2628
707.44 308.32 11.40 7.87 0.2619
406.49 334.50 23.64 20.57 0.2607
156.59 305.77 15.75 13.07 0.2602
267.12 263.99 18.60 13.69 0.2596
486.65 319.72 19.67 12.59 0.2592
335.68 306.02 18.42 12.60 0.2591
852.65 294.65 11.58 8.38 0.2585
596.95 296.17 12.14 9.00 0.2585
926.97 307.25 13.73 9.84 0.2566
811.57 348.59 18.99 13.76 0.2560
465.99 337.14 36.12 22.55 0.2549
632.09 292.53 14.62 10.02 0.2543
540.34 355.60 31.04 14.70 0.2543
114.17 318.86 28.73 23.85 0.2539
523.45 295.89 13.84 10.57 0.2533
817.32 296.34 10.94 8.05 0.2521
11.18 344.58 39.28 25.13 0.2505
815.40 320.39 14.06 9.01 0.2482
996.63 345.60 23.01 17.26 0.2477
44.93 279.87 15.79 10.28 0.2474
560.15 320.41 14.56 10.40 0.2472
633.34 307.70 14.55 9.77 0.2471
816.94 307.21 13.07 8.66 0.2456
321.47 279.82 29.53 19.19 0.2450
632.97 318.09 14.65 11.25 0.2438
616.57 344.81 29.03 17.27 0.2437
217.34 354.77 26.55 14.95 0.2434
925.01 341.30 28.40 19.38 0.2432
520.74 357.35 26.70 14.23 0.2423
888.09 307.35 12.36 8.31 0.2416
781.49 283.23 10.09 7.77 0.2410
885.48 332.90 18.57 11.73 0.2406
886.95 320.46 15.51 9.58 0.2399
562.32 295.59 11.99 8.53 0.2374
814.51 333.83 15.80 10.77 0.2371
706.56 333.34 15.71 11.67 0.2367
85.08 291.16 13.62 10.87 0.2363
518.42 316.41 19.52 13.69 0.2362
593.51 306.08 15.98 10.29 0.2346
708.24 294.80 10.47 7.64 0.2343
779.39 308.89 11.27 7.49 0.2338
156.54 317.47 18.74 15.30 0.2324
196.48 305.32 18.72 14.17 0.2320
670.30 307.87 14.28 9.08 0.2316
413.91 292.10 13.81 12.21 0.2313
745.02 307.21 12.45 8.12 0.2300
152.70 357.17 28.06 14.83 0.2300
369.27 328.44 25.43 17.59 0.2300
561.75 307.19 13.78 10.16 0.2293
958.15 333.59 20.03 13.36 0.2288
781.05 293.97 11.24 8.17 0.2271
264.70 279.40 18.21 13.01 0.2255
413.36 307.32 16.01 12.36 0.2254
375.63 320.12 19.91 13.47 0.2242
9.34 306.34 19.80 14.79 0.2242
45.41 293.33 17.21 11.28 0.2236
963.90 321.43 14.87 8.85 0.2230
84.00 282.12 13.26 10.02 0.2227
300.47 330.17 21.79 15.64 0.2211
297.46 313.75 22.33 18.51 0.2209
12.60 268.00 13.92 9.47 0.2173
231.79 278.34 14.05 11.29 0.2164
707.97 319.32 15.13 11.70 0.2150
593.35 341.20 30.42 21.44 0.2149
742.29 321.71 13.08 9.39 0.2148
517.06 340.43 24.30 17.47 0.2142
737.56 345.61 19.92 14.11 0.2115
559.36 331.81 18.84 13.12 0.2106
334.79 315.30 20.07 15.21 0.2105
524.67 281.17 11.62 8.28 0.2098
927.63 295.50 11.27 8.07 0.2093
226.90 306.95 18.91 16.79 0.2088
924.62 318.54 15.63 10.42 0.2084
84.88 306.84 18.24 13.77 0.2082
707.92 283.31 8.88 6.88 0.2076
850.21 343.56 20.45 13.18 0.2072
890.46 295.91 10.99 8.91 0.2069
853.21 307.84 11.76 8.11 0.2053
631.07 334.63 16.08 11.37 0.2046
561.61 281.75 10.02 7.17 0.2029
332.79 266.90 20.62 14.46 0.2008
11.06 227.00 16.46 13.03 0.2007
370.02 344.20 32.06 23.03 0.1999
45.84 268.86 14.00 9.28 0.1997
999.76 295.12 12.77 9.93 0.1995
41.18 332.42 23.82 14.34 0.1986
672.34 282.98 9.32 7.06 0.1978
596.26 170.67 40.22 29.85 0.1972
339.53 330.17 18.66 13.94 0.1936
778.69 347.51 20.94 15.61 0.1934
703.20 343.33 19.41 16.55 0.1931
488.21 281.14 11.32 9.13 0.1930
196.10 281.82 11.78 9.31 0.1927
948.78 342.92 30.50 20.59 0.1923
44.48 312.92 23.11 18.26 0.1922
11.31 294.61 15.55 11.67 0.1913
409.50 316.46 19.44 14.54 0.1908
999.33 333.92 16.13 12.16 0.1902
332.88 357.66 24.23 13.64 0.1900
411.37 280.49 14.31 11.72 0.1890
998.34 305.19 15.83 12.58 0.1887
7.86 316.27 22.57 17.03 0.1886
598.25 269.85 9.91 6.86 0.1885
827.61 153.35 73.88 42.28 0.1881
158.44 295.48 13.13 10.88 0.1873
11.32 279.85 14.15 9.78 0.1851
597.75 281.53 10.37 6.97 0.1828
891.39 281.19 11.43 8.09 0.1801
353.61 140.49 50.83 39.66 0.1799
851.82 359.44 23.24 12.56 0.1787
84.65 268.65 12.39 8.29 0.1787
299.14 344.52 24.11 16.81 0.1782
611.70 160.25 46.79 41.49 0.1770
306.18 267.23 21.43 14.78 0.1758
853.80 283.25 10.18 7.25 0.1751
158.79 280.64 10.55 9.06 0.1750
462.97 347.87 39.93 22.85 0.1746
993.59 351.87 23.98 17.98 0.1743
333.77 347.48 22.85 19.14 0.1740
119.68 293.08 15.01 11.48 0.1723
82.80 359.17 24.08 12.83 0.1705
552.45 346.45 23.58 17.41 0.1697
998.31 318.93 15.38 11.11 0.1686
447.65 316.32 18.73 13.69 0.1680
964.50 295.66 11.35 8.13 0.1677
668.72 344.66 21.12 16.96 0.1666
79.63 317.59 21.29 17.37 0.1651
779.54 356.06 21.40 14.43 0.1650
963.42 307.72 13.04 10.09 0.1648
525.29 268.70 11.38 9.34 0.1647
409.03 267.29 17.49 13.20 0.1647
876.46 347.76 26.65 16.27 0.1644
744.60 283.75 9.38 7.45 0.1621
818.37 283.35 10.06 6.78 0.1620
196.85 316.58 25.05 16.90 0.1617
121.39 269.46 11.41 8.57 0.1613
264.23 291.71 21.48 14.61 0.1611
223.94 324.61 25.01 19.84 0.1596
806.68 144.44 38.64 19.76 0.1549
232.53 269.01 12.45 10.66 0.1549
154.40 326.16 24.32 19.18 0.1538
927.91 281.61 10.37 7.32 0.1537
689.54 107.02 28.65 18.88 0.1534
730.53 354.83 26.11 15.66 0.1520
108.50 355.33 32.98 16.37 0.1494
740.74 113.72 29.53 17.54 0.1491
488.48 268.17 12.67 11.69 0.1488
158.10 267.73 10.64 9.10 0.1484
222.68 312.95 24.70 21.00 0.1482
265.61 255.88 20.23 15.39 0.1464
194.46 330.38 23.82 16.93 0.1451
446.79 332.29 22.69 19.70 0.1421
229.67 294.23 16.81 12.37 0.1403
191.93 357.71 26.24 14.29 0.1395
10.99 232.40 16.17 16.53 0.1390
260.89 313.97 29.67 27.99 0.1377
562.67 270.10 9.49 7.51 0.1365
850.68 250.45 20.97 15.96 0.1352
47.45 255.40 14.24 9.29 0.1351
449.07 255.96 18.09 17.49 0.1349
154.88 345.02 27.04 21.15 0.1337
447.57 74.73 33.20 20.47 0.1319
920.08 12.41 23.49 14.34 0.1312
