0_Parade_Parade_0_102
200
183.07 529.00 23.09 32.66 0.4947
595.80 526.85 19.39 26.53 0.4605
331.91 532.32 20.79 26.55 0.4487
520.29 526.38 25.37 32.33 0.4188
770.52 388.28 25.51 34.28 0.4159
667.58 531.03 19.18 25.16 0.4056
798.38 438.37 32.25 46.06 0.3612
840.01 585.39 29.50 52.14 0.3514
948.51 522.07 47.29 93.43 0.3507
266.24 521.11 20.09 28.40 0.3481
930.84 518.79 77.79 169.07 0.3463
835.70 509.62 33.94 53.71 0.3294
484.72 521.33 18.15 26.65 0.3210
414.28 530.33 22.11 32.64 0.3140
78.26 529.65 21.21 32.32 0.3120
887.61 378.61 16.93 28.54 0.3101
299.20 520.42 20.79 29.15 0.3075
734.59 511.05 27.47 40.63 0.3062
927.54 431.80 24.73 38.21 0.2902
877.81 437.68 23.29 36.77 0.2739
766.59 581.55 35.39 55.09 0.2736
377.12 533.42 19.68 32.49 0.2605
339.58 474.65 13.62 19.20 0.2553
227.06 521.88 21.65 29.13 0.2513
445.71 504.84 15.76 20.44 0.2398
957.86 486.27 31.15 49.94 0.2357
378.68 473.65 13.44 19.22 0.2354
47.61 546.76 18.08 30.64 0.2344
551.20 532.30 24.74 29.05 0.2291
412.36 501.45 15.42 19.42 0.2252
438.52 524.20 22.61 27.93 0.2252
120.35 521.91 20.47 31.24 0.2229
300.29 504.04 17.94 23.17 0.2222
120.46 502.17 17.72 26.46 0.2156
886.36 582.77 29.89 62.00 0.2155
229.99 506.12 17.17 24.24 0.2119
764.63 503.72 33.24 50.16 0.2107
808.01 540.47 37.64 67.69 0.2093
945.92 609.27 47.14 80.73 0.2092
301.18 473.82 15.81 18.49 0.2065
518.80 466.33 19.09 22.42 0.2065
891.25 356.76 13.90 25.70 0.2043
631.55 526.85 20.97 24.49 0.2040
44.16 531.60 22.16 33.16 0.2016
482.73 506.56 19.64 29.65 0.2013
260.22 556.82 22.56 31.45 0.1939
159.39 526.99 23.65 28.94 0.1926
8.03 525.50 19.47 25.94 0.1920
450.64 467.10 15.66 22.84 0.1851
884.21 543.10 24.59 43.95 0.1825
882.03 520.72 25.37 41.19 0.1805
453.46 446.92 18.46 19.71 0.1795
378.20 500.75 15.59 20.17 0.1793
924.63 408.25 24.11 44.50 0.1784
255.92 568.79 25.54 41.04 0.1775
773.71 468.14 34.21 47.79 0.1773
78.68 503.71 21.42 29.27 0.1740
334.58 539.35 20.38 34.48 0.1726
267.27 507.16 18.31 27.63 0.1721
706.81 645.88 17.65 24.61 0.1709
842.31 399.32 26.14 42.46 0.1703
414.97 476.10 11.97 17.84 0.1701
810.11 596.21 45.29 72.95 0.1650
882.40 403.55 21.27 37.87 0.1641
8.12 504.36 23.55 33.18 0.1635
888.40 94.37 16.25 26.34 0.1630
268.11 473.46 14.70 17.29 0.1623
157.58 474.42 17.28 19.31 0.1588
918.66 508.31 31.17 50.43 0.1578
814.71 519.53 36.32 49.01 0.1551
688.54 405.38 28.96 35.13 0.1550
805.18 409.27 30.14 54.48 0.1549
477.75 467.48 21.45 23.30 0.1538
704.18 522.90 23.12 28.95 0.1535
845.89 34.12 18.58 25.52 0.1532
772.93 406.66 38.14 62.18 0.1518
118.92 554.46 19.24 29.66 0.1509
8.90 557.01 17.68 27.18 0.1505
589.54 538.81 23.65 39.23 0.1500
920.64 523.76 61.19 106.23 0.1485
157.36 500.47 18.89 26.08 0.1482
924.53 384.90 18.97 30.30 0.1473
84.82 267.94 14.05 24.32 0.1440
734.75 475.52 37.05 64.74 0.1432
663.07 537.97 26.16 40.05 0.1432
519.59 508.44 23.49 38.21 0.1403
443.17 556.23 20.22 28.46 0.1403
972.35 572.58 50.28 125.15 0.1402
950.43 435.50 23.62 32.40 0.1394
42.48 502.38 25.41 32.52 0.1389
8.03 258.00 23.41 39.48 0.1383
809.77 383.10 22.04 32.51 0.1367
338.08 501.28 16.68 22.39 0.1363
911.07 579.14 60.81 120.37 0.1287
888.21 108.76 16.73 35.35 0.1286
185.50 506.85 21.61 33.17 0.1272
846.88 383.28 22.48 31.11 0.1264
9.95 583.79 17.36 27.40 0.1252
78.30 438.20 22.40 25.47 0.1244
884.01 499.30 26.54 45.13 0.1243
596.19 506.69 20.89 29.05 0.1234
972.89 501.73 43.43 71.01 0.1230
733.72 535.13 30.02 49.74 0.1208
45.09 589.62 17.29 27.52 0.1197
470.25 446.65 27.57 21.02 0.1185
151.92 578.11 20.96 35.04 0.1179
956.09 462.81 28.24 46.50 0.1177
155.77 551.89 23.41 35.23 0.1139
122.66 323.02 18.46 22.69 0.1136
148.88 324.17 25.93 28.54 0.1136
119.05 583.33 19.80 32.04 0.1124
558.77 417.96 19.28 19.70 0.1122
482.66 554.86 20.18 28.22 0.1117
488.56 23.44 59.93 75.72 0.1102
414.28 443.41 13.08 18.26 0.1101
231.83 472.51 14.91 19.87 0.1094
304.20 449.26 14.21 21.09 0.1083
10.04 349.51 28.22 43.82 0.1081
921.08 436.69 25.04 53.69 0.1080
707.29 33.56 14.01 26.77 0.1070
7.96 372.20 30.28 46.96 0.1060
816.74 63.22 13.24 21.80 0.1054
705.66 502.81 24.03 32.44 0.1047
295.61 544.86 25.52 34.59 0.1039
83.70 586.59 15.87 24.78 0.1037
189.95 472.78 16.91 22.70 0.1035
844.53 352.74 20.86 27.92 0.1025
231.10 551.01 23.46 31.43 0.1013
849.27 429.38 31.06 43.53 0.1012
448.36 575.19 18.72 34.03 0.1007
617.40 381.63 39.30 49.69 0.0997
991.83 483.00 25.36 58.24 0.0995
701.02 554.09 23.30 35.05 0.0990
155.00 439.00 19.41 27.67 0.0988
634.06 550.85 23.15 32.05 0.0987
995.47 463.48 20.71 47.71 0.0981
703.08 350.98 20.02 28.70 0.0969
554.62 504.28 23.15 25.76 0.0968
847.04 53.29 18.02 28.22 0.0956
852.20 465.15 30.74 38.40 0.0950
6.12 391.97 28.66 46.31 0.0942
1000.74 433.47 16.84 35.68 0.0931
517.74 447.01 24.05 24.14 0.0919
115.68 470.40 20.95 26.57 0.0910
632.13 505.12 22.31 24.46 0.0899
743.99 59.93 15.47 24.76 0.0895
745.32 92.70 14.34 19.97 0.0884
742.38 396.49 48.00 47.82 0.0877
778.54 360.59 18.61 24.54 0.0850
704.07 59.89 14.45 29.17 0.0850
892.01 325.77 14.15 28.60 0.0842
339.97 448.32 14.50 21.15 0.0839
635.29 585.21 21.93 30.72 0.0836
815.69 357.09 17.33 25.85 0.0834
84.53 384.42 17.55 24.42 0.0819
230.96 620.04 17.45 30.21 0.0818
742.96 381.88 29.73 33.37 0.0817
115.80 440.93 20.76 28.84 0.0816
887.61 62.99 19.85 32.06 0.0805
229.60 575.44 26.62 42.30 0.0801
812.73 91.91 14.88 20.45 0.0801
43.93 612.15 17.32 26.32 0.0799
740.63 353.09 16.93 23.97 0.0794
924.92 349.08 18.35 30.26 0.0793
742.27 579.87 29.37 56.40 0.0789
361.94 127.16 26.54 52.43 0.0781
892.89 263.51 20.47 29.42 0.0764
952.89 382.02 21.64 31.45 0.0762
585.29 575.16 26.74 37.87 0.0762
121.98 373.66 28.71 34.32 0.0760
705.89 90.33 12.82 24.05 0.0756
4.99 427.12 28.02 34.96 0.0753
485.66 1.76 58.35 54.71 0.0750
1001.94 410.56 16.00 34.79 0.0749
10.30 609.45 18.40 28.78 0.0747
79.11 413.83 20.43 26.19 0.0744
851.72 92.77 16.48 24.84 0.0740
145.49 345.70 35.54 40.41 0.0739
916.70 88.58 23.16 28.79 0.0739
7.76 323.83 26.80 52.43 0.0736
375.54 447.37 16.20 23.16 0.0736
10.47 116.50 38.92 61.18 0.0730
118.10 612.92 17.95 23.84 0.0729
339.11 585.53 20.80 31.21 0.0728
41.09 436.92 27.29 27.79 0.0721
143.96 364.78 36.38 45.64 0.0717
887.27 136.10 15.58 33.01 0.0704
268.11 448.24 13.60 21.90 0.0703
918.87 285.36 20.82 39.81 0.0695
557.67 582.08 23.94 34.55 0.0695
892.75 286.69 17.48 30.70 0.0694
78.15 463.76 27.26 33.71 0.0693
153.66 299.92 19.57 21.06 0.0693
121.09 267.74 17.76 24.85 0.0691
411.16 582.98 20.09 36.16 0.0687
702.84 326.42 20.48 31.10 0.0687
558.79 468.99 22.87 28.51 0.0687
841.14 0.00 28.67 37.31 0.0683
739.37 31.03 19.31 31.39 0.0681
918.79 259.44 19.07 36.37 0.0677
