39_Ice_Skating_Ice_Skating_39_463
178
743.18 676.77 17.19 29.51 0.3952
522.98 701.59 21.97 33.92 0.2825
596.67 673.73 15.58 24.38 0.2646
704.97 673.14 16.28 24.15 0.2536
664.39 671.99 19.18 32.39 0.2486
954.40 562.70 20.42 26.79 0.2418
775.81 667.69 20.74 29.16 0.2412
481.70 704.16 19.70 33.24 0.2388
634.00 667.95 15.70 28.37 0.2241
449.11 669.30 15.98 26.54 0.2223
486.53 606.51 13.75 19.92 0.2096
882.77 572.29 17.86 25.60 0.2095
593.10 700.03 22.30 35.02 0.2090
891.84 741.95 18.74 29.21 0.2084
815.59 672.33 14.76 25.73 0.2079
449.92 642.53 12.97 21.62 0.2054
523.70 637.59 12.86 19.35 0.2041
851.25 568.34 18.58 28.14 0.2006
852.36 675.40 13.64 22.05 0.1998
486.00 673.59 14.33 24.28 0.1985
851.50 706.76 15.58 29.75 0.1977
741.95 686.62 21.42 35.24 0.1974
559.61 671.78 15.17 22.95 0.1962
523.16 676.43 15.29 25.39 0.1953
487.90 640.72 11.76 18.54 0.1921
329.52 692.14 26.21 47.77 0.1891
560.57 640.47 13.60 21.65 0.1882
410.85 693.80 19.05 33.43 0.1835
411.80 640.03 15.35 21.95 0.1829
331.08 662.34 24.73 43.66 0.1829
523.40 609.68 15.61 21.99 0.1811
950.69 742.29 21.87 29.24 0.1810
447.17 697.80 19.89 33.20 0.1786
297.83 627.49 26.96 43.08 0.1774
558.31 702.38 16.90 27.69 0.1765
951.12 758.08 21.23 35.01 0.1743
337.05 629.01 22.64 41.56 0.1709
374.03 702.10 19.12 33.05 0.1708
334.54 600.85 23.59 40.13 0.1683
410.63 672.35 17.78 28.66 0.1677
668.67 693.31 20.53 30.73 0.1652
631.94 703.86 16.52 27.10 0.1645
596.23 642.36 13.49 22.59 0.1637
699.50 705.25 21.36 28.66 0.1637
814.77 701.07 16.16 27.30 0.1623
376.41 669.59 18.23 30.90 0.1621
450.81 606.17 12.65 21.94 0.1584
675.96 530.10 70.09 69.23 0.1572
558.13 601.88 17.48 26.44 0.1569
634.39 644.20 16.06 25.75 0.1539
300.44 601.88 29.73 44.33 0.1531
925.64 738.37 15.17 27.71 0.1520
496.20 535.69 42.64 34.98 0.1512
851.42 728.88 16.75 30.68 0.1498
810.21 539.10 22.19 37.22 0.1488
519.34 714.31 25.27 45.92 0.1487
695.59 725.72 27.04 37.74 0.1482
479.66 535.45 35.90 32.16 0.1444
887.64 674.25 14.29 22.42 0.1438
681.23 497.58 100.04 112.95 0.1435
889.90 706.66 13.73 21.98 0.1434
221.52 511.19 24.42 43.01 0.1402
378.07 640.80 15.80 28.24 0.1352
267.34 629.05 20.18 35.09 0.1336
665.88 644.30 18.63 30.28 0.1317
812.14 738.82 18.31 26.15 0.1301
777.51 694.35 20.84 32.59 0.1272
479.65 710.70 25.45 53.48 0.1252
227.33 607.82 17.61 26.91 0.1249
481.32 565.82 26.11 29.18 0.1241
586.96 720.19 27.55 41.34 0.1213
851.84 542.39 16.38 31.46 0.1211
411.72 605.91 16.66 22.89 0.1204
926.09 709.65 13.62 21.14 0.1201
998.53 669.78 16.35 28.53 0.1193
765.01 499.93 37.46 66.50 0.1185
553.58 573.65 26.81 35.49 0.1167
890.61 758.00 18.36 32.32 0.1144
995.93 698.26 16.66 28.82 0.1143
262.99 301.32 26.56 38.00 0.1142
926.41 567.26 19.19 26.85 0.1141
375.89 599.58 15.04 26.57 0.1135
850.32 595.67 20.45 31.99 0.1128
557.10 736.67 25.69 40.95 0.1121
810.90 640.70 20.42 30.59 0.1104
266.32 609.10 23.41 39.08 0.1096
289.26 627.01 43.21 79.84 0.1095
995.83 734.84 19.47 32.50 0.1087
775.47 643.00 23.71 30.35 0.1060
265.84 274.38 25.05 37.95 0.1032
926.29 674.07 14.85 23.39 0.1023
448.63 310.11 15.44 25.91 0.1018
226.47 633.30 18.47 27.12 0.1006
509.40 561.12 29.68 33.89 0.0979
327.96 569.48 29.47 45.22 0.0977
804.89 508.71 29.25 50.66 0.0959
631.02 732.23 22.23 37.90 0.0936
961.74 711.53 15.56 25.78 0.0915
852.59 635.73 17.51 27.62 0.0900
676.63 321.82 41.57 47.38 0.0898
308.10 673.12 60.13 109.57 0.0893
924.86 804.24 15.59 32.17 0.0881
588.65 605.57 21.78 31.34 0.0874
441.85 717.67 30.06 59.68 0.0866
926.21 768.17 16.74 28.17 0.0858
621.19 505.30 29.57 47.74 0.0843
993.34 768.34 21.44 36.87 0.0841
518.81 301.10 24.50 39.36 0.0829
762.01 542.78 43.17 65.53 0.0828
447.21 573.06 19.94 26.36 0.0827
446.47 331.56 18.19 28.51 0.0825
925.06 542.16 16.17 25.66 0.0810
689.29 308.18 27.98 35.76 0.0806
888.32 542.11 15.49 26.42 0.0803
702.17 643.08 22.16 30.20 0.0803
961.24 799.54 16.19 31.87 0.0800
595.63 506.88 29.59 38.91 0.0796
373.43 575.67 17.15 26.46 0.0794
987.55 802.19 24.00 35.75 0.0792
997.36 574.33 15.34 21.80 0.0784
955.62 546.54 19.26 30.67 0.0770
258.85 533.85 32.20 40.09 0.0757
130.03 26.96 89.12 128.47 0.0756
667.05 734.48 26.87 33.88 0.0752
361.05 697.35 38.32 78.95 0.0746
740.50 643.16 25.65 30.01 0.0729
654.12 317.21 55.79 77.54 0.0717
997.37 627.50 20.03 39.37 0.0714
257.68 638.36 33.35 65.35 0.0702
331.95 540.52 23.82 27.84 0.0696
780.29 734.60 25.74 35.11 0.0685
997.82 504.28 16.64 30.18 0.0684
227.70 293.07 49.48 52.77 0.0675
543.75 300.20 30.18 47.99 0.0674
582.09 562.53 31.54 40.85 0.0662
960.73 824.35 23.28 38.17 0.0649
486.20 305.82 22.30 33.53 0.0649
592.87 329.84 27.47 44.43 0.0647
229.69 662.05 23.57 40.36 0.0638
300.78 565.40 35.88 60.78 0.0619
885.19 508.66 25.04 51.54 0.0616
810.68 765.19 23.20 36.71 0.0612
650.90 502.32 69.82 86.00 0.0611
281.30 648.53 63.92 121.61 0.0611
627.80 599.24 27.61 38.08 0.0611
228.83 630.39 138.33 245.00 0.0608
554.53 758.88 36.47 49.39 0.0606
546.57 528.16 36.75 43.55 0.0593
887.10 830.86 23.79 41.32 0.0579
810.96 597.85 29.21 43.30 0.0579
288.70 297.95 27.80 33.85 0.0575
649.71 761.50 90.23 104.19 0.0572
293.78 532.14 27.56 37.61 0.0564
412.52 336.37 19.31 31.62 0.0564
189.89 634.49 20.93 30.12 0.0562
479.03 750.47 39.87 62.54 0.0559
411.88 573.56 27.37 30.35 0.0556
621.01 549.07 38.07 57.70 0.0553
525.84 235.23 25.06 41.85 0.0553
849.21 509.42 23.03 41.85 0.0551
663.31 569.26 45.37 59.83 0.0543
259.43 310.29 32.91 53.45 0.0537
979.92 870.64 40.23 54.79 0.0536
851.34 767.11 19.09 32.62 0.0535
731.85 720.61 33.51 50.47 0.0534
482.63 331.43 23.61 37.18 0.0534
994.27 602.33 21.89 43.74 0.0533
525.51 258.76 23.18 39.68 0.0527
884.76 640.06 18.86 30.15 0.0526
998.76 534.11 15.71 25.21 0.0521
540.01 255.63 30.32 41.45 0.0521
409.07 359.24 24.41 39.46 0.0519
225.84 551.60 25.90 50.64 0.0515
496.18 757.14 45.12 55.08 0.0513
89.84 49.00 64.68 99.39 0.0512
917.97 509.65 22.89 45.28 0.0511
256.04 504.16 34.99 54.39 0.0508
26.16 120.58 41.25 59.21 0.0504
