39_Ice_Skating_iceskiing_39_495
99
460.93 68.90 67.49 83.02 0.5457
586.09 189.64 68.36 83.04 0.3219
547.49 318.57 37.31 37.69 0.3063
511.06 71.75 60.65 69.91 0.1907
879.64 221.04 113.96 123.15 0.1828
994.07 437.81 22.46 30.02 0.1795
632.07 51.44 37.87 37.95 0.1763
535.13 87.83 45.45 65.23 0.1697
599.42 171.98 60.60 58.43 0.1671
687.09 68.73 65.33 62.09 0.1591
565.33 320.87 46.03 45.17 0.1549
477.46 367.88 23.57 26.51 0.1436
856.45 220.92 76.45 128.05 0.1393
597.80 127.27 62.24 60.04 0.1384
605.24 109.51 49.24 45.62 0.1382
771.36 510.01 61.78 43.73 0.1313
475.23 90.27 71.31 82.50 0.1218
855.29 48.54 142.22 143.24 0.1216
714.53 509.41 67.61 38.75 0.1203
657.17 67.40 41.15 49.24 0.1191
646.57 102.63 83.83 87.92 0.1182
810.83 28.27 156.51 112.49 0.1169
706.47 513.74 34.23 18.56 0.1132
478.14 381.13 23.72 29.75 0.1130
914.78 453.64 39.13 37.60 0.1096
682.66 18.61 51.71 39.47 0.1087
660.02 76.26 58.00 72.79 0.1034
783.40 40.39 107.78 82.58 0.1016
680.03 90.69 78.30 90.83 0.1000
522.92 335.34 42.03 40.74 0.0984
622.34 330.56 38.19 39.15 0.0947
949.28 445.81 38.11 31.45 0.0939
823.76 232.57 83.00 137.16 0.0931
723.09 31.77 46.25 30.37 0.0929
745.81 519.95 76.68 47.99 0.0929
578.52 356.15 35.49 34.76 0.0915
587.22 103.34 46.33 49.73 0.0896
835.99 507.50 40.07 31.73 0.0888
642.26 29.07 53.51 45.92 0.0878
407.25 424.57 29.17 34.84 0.0874
472.93 427.01 27.29 29.09 0.0868
479.31 396.79 24.82 32.68 0.0864
520.13 357.13 30.88 33.53 0.0857
630.31 142.00 73.66 57.51 0.0832
718.43 16.05 56.04 30.90 0.0810
607.07 200.52 80.46 78.37 0.0796
724.24 77.53 80.43 73.77 0.0783
831.89 520.32 45.18 34.37 0.0781
651.29 5.40 54.44 38.63 0.0779
729.63 177.56 39.38 35.34 0.0767
551.83 346.01 37.13 46.28 0.0755
758.21 177.43 37.93 31.16 0.0752
746.56 14.85 55.45 31.66 0.0750
699.73 312.32 27.39 32.16 0.0740
754.22 72.51 62.34 54.27 0.0737
691.79 156.04 45.09 39.23 0.0728
628.25 10.96 35.09 35.29 0.0724
574.68 373.23 43.50 42.39 0.0718
949.95 91.05 74.05 121.11 0.0718
693.30 349.90 59.61 72.32 0.0715
618.68 403.13 81.92 80.42 0.0702
547.29 133.33 59.03 68.28 0.0701
854.87 461.09 71.29 58.30 0.0691
852.51 175.12 94.40 108.87 0.0687
403.25 410.09 27.53 29.63 0.0686
723.53 203.23 40.96 43.75 0.0684
630.07 2.04 29.55 21.36 0.0683
467.47 35.70 52.35 70.12 0.0676
441.34 428.47 29.21 31.57 0.0655
597.57 318.84 122.61 122.64 0.0645
672.15 2.78 64.48 35.69 0.0632
551.45 160.73 87.97 90.80 0.0626
576.77 265.42 45.77 46.97 0.0625
547.07 282.43 47.94 47.17 0.0622
642.77 311.04 53.55 47.64 0.0617
509.74 403.77 31.22 30.69 0.0617
515.53 418.71 42.85 36.93 0.0613
727.97 114.59 79.22 67.99 0.0601
624.30 332.77 69.81 68.07 0.0599
517.59 209.43 50.26 58.88 0.0596
542.37 420.17 36.75 52.02 0.0593
761.47 474.90 84.92 71.62 0.0592
819.53 453.97 57.60 47.72 0.0586
526.67 306.80 44.84 47.20 0.0582
950.58 422.42 38.65 33.71 0.0570
473.24 19.41 43.55 40.48 0.0569
750.95 24.53 52.35 43.59 0.0561
872.65 449.89 43.15 46.16 0.0561
824.38 474.97 54.11 45.39 0.0549
535.01 482.74 125.26 65.94 0.0545
853.99 492.76 57.26 45.04 0.0543
715.63 3.13 52.75 24.32 0.0538
749.47 155.52 49.86 36.17 0.0527
767.15 228.67 98.08 156.21 0.0526
985.07 444.11 31.08 46.19 0.0525
729.97 229.62 35.31 39.39 0.0521
659.24 403.70 101.74 86.78 0.0510
633.29 244.24 57.19 56.51 0.0509
546.19 224.96 77.02 75.17 0.0500
