39_Ice_Skating_iceskiing_39_908
136
409.84 199.73 35.41 30.31 0.4791
394.94 137.98 46.80 50.13 0.2312
367.35 75.65 30.33 26.92 0.2162
355.95 79.38 57.67 52.87 0.1928
469.82 78.89 123.37 123.30 0.1747
220.17 485.90 63.94 42.72 0.1621
425.74 111.90 40.42 38.30 0.1466
340.84 73.68 37.15 26.10 0.1458
378.38 195.06 53.05 40.39 0.1455
962.36 163.74 35.26 32.88 0.1411
510.47 184.85 38.59 32.30 0.1406
322.66 516.91 33.80 31.20 0.1339
726.82 200.79 32.78 29.24 0.1306
960.96 113.27 39.17 34.79 0.1299
457.95 211.96 47.83 40.32 0.1294
514.71 390.81 46.82 39.33 0.1258
486.12 393.31 26.24 21.53 0.1257
408.04 196.87 56.52 48.28 0.1252
854.04 266.69 26.57 24.05 0.1248
476.16 187.77 30.45 25.42 0.1238
371.80 497.60 18.23 18.76 0.1215
519.14 201.75 46.84 41.17 0.1205
923.79 291.25 16.88 20.37 0.1189
490.43 139.48 67.42 57.13 0.1176
340.44 84.75 105.91 135.98 0.1175
975.74 160.89 37.02 40.82 0.1171
787.58 400.90 102.09 84.00 0.1163
749.19 367.57 182.31 117.02 0.1162
241.64 472.33 55.11 38.43 0.1141
962.20 254.11 32.57 33.85 0.1124
530.34 380.12 96.01 81.34 0.1087
277.36 248.70 225.84 167.11 0.1069
379.14 455.10 21.71 18.36 0.1065
963.03 125.24 51.50 55.50 0.1058
402.71 474.60 35.75 31.77 0.1032
986.32 246.02 27.85 40.84 0.1026
961.35 283.64 22.27 21.53 0.1016
482.57 401.17 34.07 33.13 0.0972
996.83 47.26 26.16 43.42 0.0966
398.04 115.80 76.26 69.23 0.0931
380.89 80.94 45.99 25.69 0.0926
467.12 202.14 38.56 29.38 0.0911
517.81 62.50 85.66 89.56 0.0894
924.05 259.32 17.23 26.05 0.0878
470.27 362.89 45.90 39.37 0.0878
923.95 245.30 18.63 28.28 0.0871
847.34 281.13 24.19 24.95 0.0861
526.38 99.99 107.97 97.51 0.0861
447.39 413.01 24.90 24.04 0.0858
985.73 100.34 29.80 39.48 0.0856
993.62 203.36 23.01 30.87 0.0851
201.31 506.36 85.19 62.20 0.0848
995.33 283.31 19.49 25.05 0.0845
127.60 534.71 91.84 41.29 0.0832
333.05 163.90 214.71 206.92 0.0820
705.42 187.29 50.61 48.51 0.0818
258.04 20.41 211.21 243.88 0.0804
988.29 221.49 28.58 44.43 0.0803
564.13 362.79 75.94 63.52 0.0795
190.34 471.96 52.20 29.92 0.0787
993.89 33.94 24.86 41.54 0.0787
510.35 205.82 70.81 75.01 0.0762
255.40 327.30 165.43 92.31 0.0758
512.47 173.30 92.41 70.03 0.0756
302.46 417.10 14.91 10.92 0.0751
665.17 357.62 46.22 41.38 0.0751
366.75 506.05 26.37 29.80 0.0744
385.19 181.63 92.05 112.11 0.0740
408.69 432.87 34.11 31.78 0.0738
417.51 444.52 51.50 50.81 0.0737
498.66 400.63 68.09 62.87 0.0737
991.61 18.16 24.68 35.99 0.0734
283.55 526.20 46.90 40.11 0.0734
914.59 297.30 27.49 29.88 0.0726
152.12 478.96 20.01 12.92 0.0715
301.87 436.02 15.87 12.19 0.0714
146.51 492.98 34.40 24.43 0.0713
521.13 75.54 168.00 164.62 0.0713
503.34 360.29 57.14 53.40 0.0699
377.39 436.51 18.89 20.32 0.0698
420.72 338.17 78.01 62.38 0.0697
961.53 225.18 34.74 42.63 0.0686
996.92 67.36 25.45 41.98 0.0686
762.22 232.85 32.60 42.47 0.0677
346.82 315.24 150.51 106.27 0.0677
403.71 451.09 40.21 37.11 0.0675
888.34 301.18 39.15 30.22 0.0672
887.30 286.14 25.03 24.10 0.0670
433.91 430.01 38.85 44.24 0.0669
848.09 241.54 28.66 35.53 0.0668
519.35 434.81 105.26 74.42 0.0661
468.29 63.79 99.02 75.21 0.0656
468.16 417.57 46.45 46.01 0.0655
678.87 378.09 43.42 31.17 0.0637
805.63 240.02 34.08 36.26 0.0637
745.19 201.12 51.45 49.03 0.0632
442.13 194.34 77.11 84.41 0.0629
879.56 263.48 28.84 27.08 0.0628
921.60 217.57 19.92 33.93 0.0627
294.57 175.38 109.94 88.33 0.0622
258.19 433.86 23.00 14.15 0.0616
410.48 413.45 26.34 27.67 0.0614
338.80 415.61 15.51 13.46 0.0612
994.30 0.00 22.42 21.52 0.0611
957.79 303.46 27.90 27.09 0.0610
851.85 221.55 29.32 32.94 0.0603
682.63 337.89 52.01 49.01 0.0600
44.71 495.29 15.59 13.95 0.0599
340.54 436.54 13.56 12.70 0.0595
541.31 360.48 149.68 137.79 0.0594
451.94 440.42 56.87 48.42 0.0578
239.51 520.73 73.03 48.29 0.0571
45.34 457.75 15.36 12.01 0.0570
117.03 495.22 23.37 17.42 0.0567
220.86 454.48 48.24 30.93 0.0557
955.95 16.47 24.35 30.76 0.0555
249.35 453.67 43.06 36.60 0.0554
812.13 300.17 33.78 33.19 0.0551
46.23 478.80 14.96 12.78 0.0551
990.69 302.84 25.23 31.69 0.0547
801.99 219.06 41.42 43.19 0.0546
376.53 469.13 24.38 24.04 0.0542
372.10 412.57 24.09 23.69 0.0542
273.59 471.46 46.23 29.68 0.0539
766.45 267.60 30.62 40.06 0.0538
732.11 383.16 37.60 34.43 0.0530
223.88 433.60 27.45 16.85 0.0526
269.44 481.13 51.74 42.80 0.0525
142.22 507.75 59.70 46.14 0.0518
432.06 78.38 44.53 43.14 0.0518
706.10 323.23 49.63 46.54 0.0518
795.24 255.52 40.44 35.54 0.0515
167.46 494.69 92.81 65.34 0.0511
564.55 200.82 141.88 100.40 0.0507
954.66 28.07 30.73 45.77 0.0505
812.29 283.10 29.98 28.43 0.0504
