34_Baseball_Baseball_34_391
26
110.18 264.19 137.96 324.99 0.2396
45.10 253.73 137.24 347.05 0.2334
582.46 135.66 370.05 262.65 0.2334
639.95 343.09 384.05 316.99 0.2281
391.25 339.96 315.76 319.39 0.2055
491.29 99.89 532.71 181.30 0.1911
100.18 352.11 448.48 290.22 0.1802
146.27 288.59 221.50 277.92 0.1788
505.74 263.15 377.94 313.52 0.1501
18.12 252.95 42.90 343.36 0.1362
606.80 59.05 417.20 116.66 0.1157
428.67 442.74 385.69 325.26 0.1059
601.08 5.10 422.92 80.53 0.0671
70.71 355.48 76.71 406.83 0.0485
127.51 364.04 97.10 387.08 0.0482
3.67 379.46 70.78 377.90 0.0337
612.18 34.40 411.82 5.96 0.0332
96.70 211.64 455.71 306.67 0.0329
9.67 166.02 56.45 214.54 0.0320
371.70 179.37 363.96 348.08 0.0311
45.81 159.90 131.09 232.39 0.0247
97.77 162.76 162.09 230.92 0.0241
11.14 6.16 35.34 78.81 0.0222
30.44 211.91 13.83 284.21 0.0216
3.81 123.28 64.81 140.92 0.0211
43.95 117.71 135.30 146.41 0.0202
