2_Demonstration_Political_Rally_2_690
20
144.01 330.46 355.46 337.72 0.6490
121.27 363.90 159.03 398.20 0.3534
537.67 344.16 317.02 414.33 0.1769
497.17 269.35 526.83 238.76 0.1727
389.33 343.82 301.38 365.00 0.1264
68.79 333.15 107.85 148.33 0.1045
152.66 284.20 206.52 292.51 0.0915
291.63 193.96 342.91 281.77 0.0500
572.74 158.68 451.26 188.04 0.0444
138.42 209.08 359.45 264.93 0.0399
37.52 373.28 90.42 144.58 0.0396
821.49 430.54 164.77 128.82 0.0330
642.15 281.31 131.73 121.09 0.0297
715.03 299.50 121.28 146.22 0.0268
650.07 395.82 140.28 117.83 0.0253
222.70 141.82 342.02 226.45 0.0247
750.70 261.04 133.08 140.68 0.0234
366.40 139.12 344.83 225.04 0.0224
709.72 380.05 125.01 141.42 0.0224
64.59 403.14 104.68 138.69 0.0205
