2_Demonstration_Demonstration_Or_Protest_2_360
33
442.45 447.14 311.64 306.86 0.5942
324.18 462.22 292.75 291.78 0.3879
167.31 444.36 295.34 309.64 0.2937
114.68 462.48 191.80 291.52 0.1236
268.92 130.56 400.96 217.65 0.1064
79.61 521.16 91.60 136.18 0.0858
353.33 83.83 385.27 183.78 0.0761
524.92 325.70 309.81 322.78 0.0603
43.59 519.88 79.57 132.60 0.0542
501.83 130.41 494.33 222.03 0.0525
635.34 337.58 388.66 251.21 0.0460
321.82 499.06 117.32 147.24 0.0435
121.52 300.46 349.50 341.41 0.0380
181.35 176.31 336.46 281.89 0.0374
106.08 474.57 118.36 141.16 0.0339
54.07 345.14 115.49 127.46 0.0316
353.93 478.62 135.82 135.03 0.0313
30.51 354.34 69.45 157.29 0.0312
591.27 206.94 432.73 231.28 0.0304
708.90 460.42 315.10 293.58 0.0297
758.45 513.96 132.21 129.25 0.0293
16.47 16.11 312.40 229.04 0.0285
788.42 441.91 125.04 134.36 0.0270
34.09 443.31 88.09 133.17 0.0248
265.49 296.29 367.97 339.74 0.0248
829.88 406.62 124.20 157.31 0.0247
505.01 501.57 126.31 129.51 0.0241
424.40 466.94 136.90 131.65 0.0229
72.09 304.84 175.11 385.69 0.0227
928.38 491.16 95.62 134.64 0.0227
373.87 532.78 151.06 115.01 0.0221
698.09 469.61 125.39 133.23 0.0206
456.25 547.35 149.61 102.79 0.0203
