41_Swimming_Swimmer_41_931
32
387.53 157.06 168.89 232.45 0.9083
242.61 508.26 78.22 83.25 0.1823
668.27 517.73 74.44 84.23 0.1666
975.26 162.61 47.59 85.15 0.1541
640.68 484.74 120.24 131.00 0.1508
328.67 290.56 454.48 392.44 0.1428
362.81 301.36 191.25 279.19 0.1164
147.07 157.01 124.57 161.50 0.1164
979.74 110.04 44.26 88.02 0.0913
956.13 216.92 49.92 71.40 0.0796
975.13 204.29 48.03 90.67 0.0787
534.72 432.18 243.04 209.78 0.0779
542.44 40.10 216.39 222.08 0.0777
813.41 176.13 64.71 100.99 0.0739
792.01 0.00 133.86 79.07 0.0719
982.75 4.69 39.99 67.23 0.0705
168.44 236.24 93.79 68.01 0.0698
448.91 478.15 191.81 134.91 0.0694
856.38 203.65 50.71 84.71 0.0691
557.12 21.72 138.14 148.68 0.0678
454.89 31.61 156.16 202.96 0.0662
693.33 522.33 101.36 86.00 0.0660
571.09 188.04 132.50 186.27 0.0637
911.75 225.03 35.53 54.97 0.0634
20.95 208.42 44.87 50.71 0.0618
719.35 480.12 108.38 129.63 0.0616
976.67 30.89 45.27 86.15 0.0557
433.05 513.60 125.71 84.59 0.0525
16.90 229.94 50.05 58.30 0.0524
183.25 376.50 158.48 193.06 0.0517
910.09 248.18 41.10 66.82 0.0515
879.33 269.20 43.47 91.48 0.0514
