3_Riot_Riot_3_354
200
927.91 0.00 81.03 53.52 0.1923
50.59 126.39 80.21 53.18 0.1921
50.55 415.52 80.24 53.20 0.1921
50.58 54.08 80.22 53.21 0.1920
50.58 90.23 80.22 53.21 0.1920
50.59 234.81 80.19 53.19 0.1920
928.21 252.90 80.38 53.30 0.1920
928.21 379.34 80.40 53.36 0.1919
635.19 0.00 81.12 53.49 0.1919
50.55 198.67 80.21 53.19 0.1919
50.22 0.00 80.93 53.41 0.1918
525.67 162.35 80.64 53.51 0.1918
928.21 180.63 80.39 53.29 0.1918
671.71 0.00 81.20 53.50 0.1918
50.63 162.54 80.12 53.16 0.1918
50.63 307.11 80.12 53.16 0.1918
50.63 343.26 80.12 53.16 0.1918
50.63 379.40 80.12 53.16 0.1918
50.59 270.96 80.16 53.18 0.1917
928.20 289.00 80.41 53.35 0.1917
928.20 325.14 80.41 53.35 0.1917
525.69 126.21 80.61 53.49 0.1917
598.83 144.28 80.61 53.49 0.1917
489.11 162.35 80.61 53.49 0.1917
415.97 180.42 80.61 53.49 0.1917
598.83 180.42 80.61 53.49 0.1917
928.16 415.49 80.44 53.37 0.1917
598.60 0.00 81.18 53.51 0.1917
452.55 144.28 80.70 53.50 0.1917
635.40 162.35 80.70 53.50 0.1917
671.97 252.71 80.70 53.50 0.1917
525.46 0.00 81.28 53.51 0.1917
415.70 0.00 81.33 53.52 0.1916
379.14 0.00 81.22 53.52 0.1916
744.91 0.00 81.22 53.50 0.1916
671.97 397.26 80.62 53.51 0.1916
708.47 198.47 80.68 53.51 0.1916
123.40 180.40 80.71 53.52 0.1916
708.54 397.26 80.71 53.52 0.1916
13.59 0.00 80.82 53.27 0.1915
928.19 35.97 80.45 53.37 0.1915
928.21 216.77 80.40 53.29 0.1915
635.39 252.63 80.63 53.57 0.1915
159.75 0.00 81.13 53.50 0.1915
708.29 0.00 81.28 53.51 0.1915
891.38 0.00 80.83 53.40 0.1915
415.90 361.06 80.70 53.57 0.1915
562.25 162.37 80.64 53.48 0.1915
159.97 198.41 80.73 53.58 0.1915
562.25 216.58 80.64 53.48 0.1915
598.82 216.58 80.64 53.48 0.1915
342.82 234.56 80.73 53.58 0.1915
159.97 288.77 80.73 53.58 0.1915
233.11 288.77 80.73 53.58 0.1915
196.54 306.84 80.73 53.58 0.1915
269.68 306.84 80.73 53.58 0.1915
306.25 306.84 80.73 53.58 0.1915
342.82 306.84 80.73 53.58 0.1915
233.11 361.06 80.73 53.58 0.1915
452.54 361.06 80.73 53.58 0.1915
489.11 361.06 80.73 53.58 0.1915
342.82 397.20 80.73 53.58 0.1915
379.40 397.20 80.73 53.58 0.1915
452.54 397.20 80.73 53.58 0.1915
489.11 397.20 80.73 53.58 0.1915
562.04 0.00 81.17 53.51 0.1915
562.26 126.21 80.61 53.49 0.1915
306.26 180.42 80.61 53.49 0.1915
342.83 180.42 80.61 53.49 0.1915
745.12 216.56 80.61 53.49 0.1915
708.55 234.64 80.61 53.49 0.1915
452.33 0.00 81.27 53.51 0.1915
379.41 162.35 80.70 53.49 0.1915
671.98 198.49 80.70 53.49 0.1915
781.68 198.41 80.74 53.63 0.1915
415.96 252.63 80.74 53.63 0.1915
379.39 288.77 80.74 53.63 0.1915
196.54 342.99 80.74 53.63 0.1915
233.11 397.20 80.74 53.63 0.1915
488.89 0.00 81.28 53.51 0.1915
854.75 198.41 80.81 53.63 0.1915
123.32 342.99 80.81 53.63 0.1915
525.61 361.06 80.81 53.63 0.1915
745.04 415.27 80.81 53.63 0.1915
854.75 415.27 80.81 53.63 0.1915
269.69 180.36 80.72 53.55 0.1914
928.18 90.19 80.44 53.38 0.1914
452.58 180.44 80.58 53.47 0.1914
489.15 198.51 80.58 53.47 0.1914
525.72 198.51 80.58 53.47 0.1914
635.44 216.58 80.58 53.47 0.1914
635.33 306.84 80.78 53.64 0.1914
854.76 379.13 80.78 53.64 0.1914
123.16 0.00 81.15 53.49 0.1913
196.30 0.00 81.15 53.49 0.1913
232.88 0.00 81.15 53.49 0.1913
269.45 0.00 81.15 53.49 0.1913
306.02 0.00 81.15 53.49 0.1913
781.48 0.00 81.22 53.50 0.1913
818.05 0.00 81.22 53.50 0.1913
818.26 252.69 80.62 53.51 0.1913
86.55 0.00 81.19 53.50 0.1913
342.55 0.00 81.19 53.50 0.1913
306.19 216.54 80.68 53.51 0.1913
196.55 162.33 80.71 53.52 0.1913
781.69 252.69 80.71 53.52 0.1913
415.97 324.97 80.71 53.52 0.1913
854.62 0.00 81.12 53.50 0.1913
489.11 126.22 80.63 53.48 0.1913
123.33 288.83 80.77 53.51 0.1913
928.21 144.49 80.39 53.29 0.1913
489.04 306.84 80.70 53.57 0.1913
233.11 126.13 80.73 53.58 0.1913
379.40 126.13 80.73 53.58 0.1913
415.97 126.13 80.73 53.58 0.1913
342.83 144.20 80.73 53.58 0.1913
671.97 144.20 80.73 53.58 0.1913
159.97 162.27 80.73 53.58 0.1913
233.11 162.27 80.73 53.58 0.1913
196.54 198.41 80.73 53.58 0.1913
233.11 198.41 80.73 53.58 0.1913
123.40 216.49 80.73 53.58 0.1913
269.68 216.49 80.73 53.58 0.1913
233.11 234.56 80.73 53.58 0.1913
379.40 234.56 80.73 53.58 0.1913
854.83 234.56 80.73 53.58 0.1913
123.40 252.63 80.73 53.58 0.1913
159.97 252.63 80.73 53.58 0.1913
269.68 252.63 80.73 53.58 0.1913
562.26 252.63 80.73 53.58 0.1913
598.83 252.63 80.73 53.58 0.1913
745.11 252.72 80.64 53.48 0.1913
196.54 270.70 80.73 53.58 0.1913
525.68 288.77 80.73 53.58 0.1913
818.26 288.77 80.73 53.58 0.1913
452.54 306.84 80.73 53.58 0.1913
525.68 324.91 80.73 53.58 0.1913
562.26 324.91 80.73 53.58 0.1913
159.97 342.99 80.73 53.58 0.1913
269.68 342.99 80.73 53.58 0.1913
342.83 342.99 80.73 53.58 0.1913
379.40 361.06 80.73 53.58 0.1913
562.26 361.06 80.73 53.58 0.1913
306.25 379.13 80.73 53.58 0.1913
562.26 397.20 80.73 53.58 0.1913
891.62 35.98 80.19 53.25 0.1913
86.76 180.34 80.79 53.57 0.1913
818.19 198.41 80.79 53.57 0.1913
306.19 252.63 80.79 53.57 0.1913
854.76 270.70 80.79 53.57 0.1913
233.04 324.91 80.79 53.57 0.1913
379.33 324.91 80.79 53.57 0.1913
818.19 324.91 80.79 53.57 0.1913
269.62 397.20 80.79 53.57 0.1913
415.90 397.20 80.79 53.57 0.1913
269.69 144.26 80.73 53.57 0.1913
306.26 144.26 80.73 53.57 0.1913
635.40 126.13 80.74 53.63 0.1912
745.11 162.27 80.74 53.63 0.1912
196.54 234.56 80.74 53.63 0.1912
86.82 270.70 80.74 53.63 0.1912
342.82 270.70 80.74 53.63 0.1912
415.97 288.77 80.74 53.63 0.1912
562.25 288.77 80.74 53.63 0.1912
598.82 288.77 80.74 53.63 0.1912
86.82 306.84 80.74 53.63 0.1912
781.68 306.84 80.74 53.63 0.1912
598.82 324.92 80.74 53.63 0.1912
635.40 342.99 80.74 53.63 0.1912
598.82 361.06 80.74 53.63 0.1912
196.54 379.13 80.74 53.63 0.1912
123.40 397.20 80.74 53.63 0.1912
525.68 397.20 80.74 53.63 0.1912
598.82 397.20 80.74 53.63 0.1912
635.40 397.20 80.74 53.63 0.1912
13.81 108.32 80.25 53.18 0.1912
598.76 108.06 80.81 53.63 0.1912
708.47 162.27 80.81 53.63 0.1912
86.76 234.56 80.81 53.63 0.1912
452.47 252.63 80.81 53.63 0.1912
86.76 342.99 80.81 53.63 0.1912
781.61 342.99 80.81 53.63 0.1912
818.18 361.06 80.81 53.63 0.1912
159.90 379.13 80.81 53.63 0.1912
745.04 379.13 80.81 53.63 0.1912
781.61 379.13 80.81 53.63 0.1912
159.90 415.27 80.81 53.63 0.1912
196.47 415.27 80.81 53.63 0.1912
781.61 415.27 80.81 53.63 0.1912
818.18 415.27 80.81 53.63 0.1912
379.45 198.48 80.65 53.51 0.1912
452.55 108.07 80.72 53.60 0.1912
489.05 252.69 80.68 53.50 0.1912
13.80 36.02 80.30 53.22 0.1912
13.80 72.16 80.30 53.22 0.1912
233.05 89.98 80.78 53.64 0.1911
818.19 162.27 80.78 53.64 0.1911
671.90 288.77 80.78 53.64 0.1911
854.76 306.84 80.78 53.64 0.1911
854.76 342.98 80.78 53.64 0.1911
