3_Riot_Riot_3_405
200
927.94 0.00 80.98 86.26 0.1925
928.12 670.01 80.55 86.12 0.1922
50.58 495.12 80.23 85.90 0.1922
50.53 670.00 80.27 85.89 0.1921
928.12 145.44 80.55 86.12 0.1920
928.12 611.72 80.55 86.12 0.1920
50.63 262.11 80.16 85.75 0.1920
50.52 611.79 80.28 85.80 0.1920
928.13 553.44 80.52 86.09 0.1919
50.59 407.82 80.21 85.77 0.1919
50.63 553.51 80.16 85.79 0.1918
891.59 553.50 80.20 85.74 0.1918
50.21 0.00 80.93 86.05 0.1917
562.19 232.67 80.68 86.26 0.1917
50.52 87.22 80.28 85.80 0.1917
891.57 611.71 80.30 85.87 0.1917
50.51 145.41 80.30 85.89 0.1917
50.51 203.70 80.30 85.89 0.1917
928.17 203.74 80.48 86.10 0.1916
50.66 320.45 80.09 85.69 0.1916
891.59 466.08 80.17 85.71 0.1916
342.61 0.00 81.13 86.27 0.1915
379.18 0.00 81.13 86.27 0.1915
854.61 0.00 81.13 86.27 0.1915
928.14 495.16 80.51 86.06 0.1915
671.97 349.11 80.73 86.40 0.1915
635.39 203.40 80.74 86.49 0.1915
635.39 261.69 80.74 86.49 0.1915
635.39 319.97 80.74 86.49 0.1915
598.82 378.26 80.74 86.49 0.1915
635.39 378.26 80.74 86.49 0.1915
671.96 640.54 80.74 86.49 0.1915
598.75 290.83 80.81 86.49 0.1915
891.45 0.00 80.75 86.08 0.1914
781.56 611.36 80.88 86.56 0.1914
13.52 0.00 80.89 85.91 0.1914
86.59 0.00 81.15 86.26 0.1913
123.16 0.00 81.15 86.26 0.1913
159.73 0.00 81.15 86.26 0.1913
306.02 0.00 81.15 86.26 0.1913
452.25 0.00 81.24 86.26 0.1913
488.88 0.00 81.15 86.26 0.1913
525.45 0.00 81.15 86.26 0.1913
562.02 0.00 81.15 86.26 0.1913
671.73 0.00 81.15 86.26 0.1913
708.30 0.00 81.15 86.26 0.1913
818.02 0.00 81.15 86.26 0.1913
928.18 436.89 80.42 86.04 0.1913
196.26 0.00 81.19 86.27 0.1913
232.83 0.00 81.19 86.27 0.1913
415.69 0.00 81.19 86.27 0.1913
598.55 0.00 81.19 86.27 0.1913
635.12 0.00 81.19 86.27 0.1913
744.83 0.00 81.19 86.27 0.1913
781.41 0.00 81.19 86.27 0.1913
598.83 203.50 80.71 86.30 0.1913
598.83 145.12 80.73 86.40 0.1913
635.40 145.12 80.73 86.40 0.1913
671.97 203.40 80.73 86.40 0.1913
525.68 232.54 80.73 86.40 0.1913
671.97 261.69 80.73 86.40 0.1913
525.68 290.83 80.73 86.40 0.1913
708.54 407.40 80.73 86.40 0.1913
635.40 640.54 80.73 86.40 0.1913
562.19 174.26 80.79 86.39 0.1913
708.47 465.69 80.79 86.39 0.1913
489.33 699.12 80.38 85.99 0.1913
744.99 582.22 80.87 86.54 0.1913
13.82 262.21 80.23 85.67 0.1913
123.56 699.07 80.38 86.07 0.1912
525.88 699.09 80.43 86.05 0.1912
489.11 145.12 80.74 86.49 0.1912
525.68 349.12 80.74 86.49 0.1912
269.68 407.40 80.74 86.49 0.1912
671.97 407.40 80.74 86.49 0.1912
635.40 436.55 80.74 86.49 0.1912
671.97 582.26 80.74 86.49 0.1912
159.97 611.40 80.74 86.49 0.1912
13.81 116.40 80.25 85.77 0.1912
525.61 145.12 80.81 86.48 0.1912
13.81 174.69 80.25 85.77 0.1912
562.18 290.83 80.81 86.48 0.1912
562.18 349.12 80.81 86.48 0.1912
562.18 407.40 80.81 86.48 0.1912
598.76 436.55 80.81 86.48 0.1912
13.81 495.26 80.25 85.77 0.1912
13.81 553.55 80.25 85.77 0.1912
13.81 611.83 80.25 85.77 0.1912
708.47 640.55 80.81 86.48 0.1912
269.44 0.00 81.18 86.27 0.1912
781.64 232.60 80.71 86.39 0.1912
196.48 553.14 80.79 86.43 0.1912
342.76 494.83 80.78 86.51 0.1911
708.48 553.11 80.78 86.51 0.1911
891.65 116.33 80.11 85.73 0.1911
891.65 378.61 80.11 85.73 0.1911
562.25 115.99 80.74 86.39 0.1911
123.33 145.18 80.79 86.42 0.1911
159.91 174.32 80.79 86.42 0.1911
489.10 232.57 80.74 86.39 0.1911
854.76 436.61 80.79 86.42 0.1911
781.70 319.98 80.73 86.49 0.1911
854.73 611.40 80.86 86.50 0.1911
818.18 378.28 80.79 86.44 0.1911
452.74 699.06 80.44 86.08 0.1911
379.36 349.10 80.79 86.48 0.1911
708.53 232.57 80.76 86.48 0.1910
269.67 290.85 80.76 86.48 0.1910
708.53 290.85 80.76 86.48 0.1910
233.10 349.14 80.76 86.48 0.1910
306.24 349.14 80.76 86.48 0.1910
233.10 407.43 80.76 86.48 0.1910
745.10 407.43 80.76 86.48 0.1910
379.39 524.00 80.76 86.48 0.1910
123.39 553.14 80.76 86.48 0.1910
635.39 553.14 80.76 86.48 0.1910
123.39 611.43 80.76 86.48 0.1910
13.81 58.12 80.25 85.75 0.1910
928.21 58.08 80.39 85.98 0.1910
928.21 320.35 80.40 86.04 0.1910
269.61 349.14 80.82 86.47 0.1910
671.89 465.71 80.82 86.47 0.1910
342.75 553.14 80.82 86.47 0.1910
415.89 553.14 80.82 86.47 0.1910
598.75 553.14 80.82 86.47 0.1910
818.14 582.27 80.87 86.52 0.1910
269.61 611.43 80.82 86.47 0.1910
745.03 669.71 80.82 86.47 0.1910
781.61 669.71 80.82 86.47 0.1910
745.05 116.06 80.78 86.39 0.1910
891.63 174.55 80.20 85.86 0.1910
13.75 670.12 80.31 85.74 0.1910
781.56 553.08 80.87 86.54 0.1910
928.40 728.60 80.07 86.08 0.1910
745.12 320.00 80.72 86.42 0.1910
379.46 436.63 80.67 86.38 0.1910
233.11 611.44 80.74 86.43 0.1910
159.90 553.16 80.80 86.42 0.1910
379.34 640.57 80.78 86.42 0.1910
415.90 494.85 80.79 86.50 0.1910
598.75 611.42 80.79 86.50 0.1910
598.75 669.71 80.79 86.50 0.1910
416.18 699.08 80.42 86.05 0.1910
562.48 699.10 80.45 86.08 0.1910
928.22 262.06 80.38 86.00 0.1910
928.22 378.64 80.38 86.00 0.1910
13.83 407.83 80.22 85.71 0.1910
818.18 465.71 80.79 86.43 0.1910
160.15 699.08 80.48 86.10 0.1910
708.55 174.30 80.71 86.45 0.1910
745.12 261.72 80.71 86.45 0.1910
854.72 669.72 80.86 86.49 0.1910
708.73 699.04 80.36 86.17 0.1910
671.92 115.99 80.76 86.44 0.1909
452.53 203.43 80.74 86.37 0.1909
452.48 524.01 80.77 86.45 0.1909
891.70 232.88 80.12 85.79 0.1909
379.31 57.73 80.81 86.43 0.1909
708.46 57.73 80.81 86.43 0.1909
818.17 57.73 80.81 86.43 0.1909
745.05 174.29 80.81 86.47 0.1909
159.89 232.58 80.81 86.43 0.1909
452.48 261.71 80.79 86.43 0.1909
708.54 349.24 80.74 86.36 0.1909
232.99 57.71 80.84 86.46 0.1909
744.99 57.71 80.84 86.46 0.1909
525.64 523.98 80.80 86.47 0.1909
342.83 640.59 80.72 86.32 0.1909
86.94 699.09 80.51 86.16 0.1909
891.65 58.05 80.11 85.73 0.1909
86.77 145.18 80.78 86.42 0.1909
379.31 290.82 80.84 86.49 0.1909
854.77 553.18 80.78 86.42 0.1909
745.04 465.71 80.78 86.39 0.1909
196.53 640.57 80.76 86.46 0.1909
818.22 290.92 80.72 86.35 0.1909
891.63 320.32 80.18 85.78 0.1909
196.49 436.56 80.76 86.46 0.1909
635.32 494.86 80.82 86.45 0.1909
269.61 553.14 80.82 86.45 0.1909
379.32 582.29 80.82 86.45 0.1909
415.97 611.41 80.72 86.38 0.1909
342.73 115.98 80.86 86.50 0.1909
123.30 465.69 80.86 86.50 0.1909
86.73 494.84 80.86 86.50 0.1909
123.34 203.37 80.79 86.52 0.1908
306.24 86.91 80.73 86.36 0.1908
306.26 640.59 80.72 86.34 0.1908
818.19 669.73 80.80 86.40 0.1908
50.81 728.66 79.74 85.80 0.1908
86.72 203.42 80.86 86.52 0.1908
525.61 407.42 80.79 86.48 0.1908
781.61 436.57 80.79 86.48 0.1908
233.04 523.99 80.79 86.48 0.1908
489.10 86.86 80.76 86.48 0.1908
598.82 86.86 80.76 86.48 0.1908
489.10 290.86 80.76 86.48 0.1908
306.24 407.43 80.76 86.48 0.1908
306.24 582.29 80.76 86.48 0.1908
671.89 524.00 80.82 86.47 0.1908
