18_Concerts_Concerts_18_528
116
438.22 133.15 432.90 219.90 0.5661
455.14 313.35 316.33 356.46 0.1396
348.31 101.85 422.49 164.31 0.1266
559.93 218.89 464.07 257.66 0.1059
285.92 160.94 367.83 267.64 0.1053
139.46 328.57 229.83 327.74 0.0855
245.94 320.17 312.58 330.67 0.0711
197.71 127.29 302.14 211.04 0.0617
475.34 76.57 528.45 194.33 0.0604
235.82 211.13 243.05 280.89 0.0598
59.02 449.29 75.80 166.74 0.0545
0.00 36.88 227.00 240.56 0.0527
462.73 136.62 136.76 155.76 0.0516
471.78 339.99 109.64 126.58 0.0512
397.63 327.12 104.03 146.25 0.0507
434.68 366.80 106.82 157.83 0.0505
324.39 302.61 106.79 135.23 0.0502
350.39 44.37 485.85 132.58 0.0500
437.67 305.34 103.71 144.24 0.0499
55.84 292.64 262.74 258.87 0.0497
463.37 531.09 123.30 137.58 0.0488
54.79 78.90 364.62 194.38 0.0484
373.13 119.70 144.60 108.96 0.0480
555.10 400.50 339.08 282.50 0.0472
403.82 407.53 94.57 134.93 0.0467
498.82 299.09 135.02 160.73 0.0467
428.77 163.06 120.36 162.34 0.0465
432.77 456.12 108.27 170.04 0.0456
251.29 544.95 104.80 126.82 0.0454
364.86 372.00 100.08 132.89 0.0448
44.41 342.67 181.44 340.33 0.0445
455.56 216.96 123.72 144.30 0.0429
404.54 224.36 96.02 150.48 0.0429
293.73 126.74 106.56 118.17 0.0425
364.53 272.35 104.89 130.70 0.0423
85.15 161.13 310.48 261.32 0.0416
291.89 334.93 108.83 140.33 0.0413
107.66 433.59 110.74 139.88 0.0412
372.29 148.55 102.68 136.73 0.0411
216.81 504.99 109.69 135.56 0.0409
762.06 0.00 261.94 173.10 0.0406
181.18 534.86 105.07 135.71 0.0406
73.37 499.03 112.02 140.51 0.0400
521.58 530.18 111.06 152.82 0.0397
242.40 159.96 128.39 112.66 0.0396
475.04 406.17 118.54 142.51 0.0393
368.93 439.50 100.22 131.11 0.0391
48.35 539.38 88.44 130.41 0.0391
620.90 337.69 403.10 269.72 0.0391
327.83 548.69 102.50 123.00 0.0390
330.31 463.52 105.76 135.72 0.0389
326.95 394.80 104.37 145.44 0.0388
215.83 395.63 109.57 147.90 0.0384
181.30 430.32 109.11 141.59 0.0374
389.35 492.70 131.85 97.79 0.0374
260.87 469.91 105.69 125.84 0.0374
253.79 359.41 108.78 149.41 0.0371
0.00 155.13 228.90 257.19 0.0370
145.23 498.53 106.34 141.69 0.0368
468.34 267.39 128.26 151.17 0.0367
246.77 318.33 124.61 122.67 0.0366
296.79 505.98 100.87 125.04 0.0364
295.05 264.17 111.55 142.68 0.0359
286.84 450.38 111.81 110.48 0.0354
150.20 397.56 108.28 142.46 0.0350
591.18 277.92 131.62 144.59 0.0350
21.12 437.60 73.36 157.14 0.0345
274.11 93.64 147.88 99.22 0.0344
108.35 531.78 107.97 139.25 0.0344
459.18 482.87 139.27 120.78 0.0337
371.89 509.37 97.24 126.13 0.0330
329.98 172.30 112.36 144.41 0.0330
392.21 542.63 120.89 113.78 0.0330
0.00 0.00 198.19 129.77 0.0325
326.30 233.82 114.57 143.59 0.0320
164.11 383.22 152.33 94.14 0.0318
509.25 103.48 83.18 146.47 0.0318
564.83 0.00 400.43 144.43 0.0317
415.16 603.92 185.24 79.08 0.0315
465.30 96.76 232.62 80.62 0.0309
545.76 238.13 109.75 162.11 0.0308
271.94 191.48 138.80 104.45 0.0304
509.23 203.53 124.64 137.61 0.0302
505.25 424.33 137.66 196.44 0.0301
507.61 520.65 208.26 101.12 0.0300
476.04 122.15 162.01 91.82 0.0295
37.10 33.41 375.48 145.77 0.0291
474.16 47.30 81.00 125.18 0.0289
450.12 92.96 98.48 112.96 0.0287
187.19 184.19 142.91 120.12 0.0285
247.30 619.25 174.37 63.75 0.0285
33.50 406.42 168.82 98.06 0.0279
10.21 415.94 66.41 122.75 0.0274
0.00 281.90 163.68 304.83 0.0270
420.65 69.78 175.96 82.66 0.0257
233.73 211.85 130.84 133.74 0.0254
323.13 54.87 192.59 109.07 0.0245
469.89 482.26 317.97 92.07 0.0242
14.35 547.67 80.18 100.09 0.0242
0.00 431.52 45.64 113.86 0.0241
368.51 584.98 115.25 98.02 0.0238
509.21 58.21 187.15 189.10 0.0238
512.12 599.86 189.86 77.29 0.0236
0.00 475.87 61.77 131.17 0.0234
0.00 596.95 43.30 86.05 0.0231
455.95 141.83 288.27 93.70 0.0223
121.99 0.00 261.66 108.36 0.0222
300.25 29.51 303.47 176.83 0.0212
148.20 341.83 204.09 83.19 0.0212
50.65 584.97 153.73 95.81 0.0210
210.24 579.04 112.69 103.96 0.0207
0.00 0.00 66.55 66.12 0.0204
112.15 618.01 175.16 64.99 0.0204
910.15 240.66 113.85 385.50 0.0204
572.17 527.67 103.80 155.33 0.0202
17.78 600.97 115.16 82.03 0.0200
