18_Concerts_Concerts_18_38
200
441.84 248.89 353.74 292.08 0.9133
316.79 202.73 329.22 287.94 0.8680
151.79 322.41 335.40 291.17 0.6398
547.02 277.82 476.98 257.07 0.5340
430.30 181.68 382.12 201.85 0.4483
131.44 322.60 167.77 337.45 0.3140
206.94 213.16 270.46 287.91 0.3090
543.26 336.09 305.35 412.10 0.2193
403.24 348.15 298.25 402.92 0.1649
563.39 169.04 460.61 200.03 0.1287
54.67 339.76 158.86 428.24 0.1255
254.48 401.83 276.17 366.17 0.1155
277.21 137.36 382.16 178.88 0.0849
46.18 397.85 84.60 186.77 0.0822
72.58 408.06 149.28 116.12 0.0646
111.83 316.37 108.99 152.87 0.0638
41.13 577.26 85.29 169.34 0.0637
283.17 184.19 148.74 110.02 0.0637
24.89 387.79 65.70 150.16 0.0634
397.10 542.10 178.82 104.50 0.0630
692.19 267.64 107.88 156.80 0.0596
579.36 549.23 100.70 171.94 0.0586
487.50 135.77 398.59 167.70 0.0584
318.75 552.79 110.93 164.27 0.0583
150.08 396.35 231.10 371.65 0.0574
152.37 152.21 246.30 236.61 0.0571
840.96 218.84 113.84 127.97 0.0570
505.41 207.44 132.69 140.64 0.0566
556.82 516.41 97.71 153.71 0.0563
683.12 480.17 129.40 164.32 0.0559
462.63 564.01 122.13 135.35 0.0557
363.70 175.02 107.36 143.70 0.0556
242.47 569.03 137.29 136.19 0.0554
0.00 34.75 89.49 101.51 0.0553
61.10 311.83 65.73 156.18 0.0550
285.57 274.71 134.70 140.74 0.0543
27.72 527.77 65.71 152.58 0.0542
467.98 223.04 120.28 166.80 0.0541
610.70 358.32 135.30 142.57 0.0540
168.82 319.57 144.66 125.64 0.0535
0.00 394.39 65.10 128.32 0.0534
212.27 611.25 119.43 141.01 0.0532
130.19 195.52 187.57 307.88 0.0531
333.31 308.35 103.66 153.66 0.0528
345.78 520.89 157.47 154.11 0.0528
262.29 196.14 105.22 155.51 0.0527
360.97 378.13 121.72 148.91 0.0527
220.00 275.90 115.06 150.90 0.0523
440.65 208.98 106.09 137.58 0.0520
571.80 228.07 123.97 135.10 0.0517
57.62 240.61 68.39 156.60 0.0513
758.48 210.64 116.88 142.88 0.0513
226.72 473.08 100.91 163.66 0.0512
207.50 182.52 140.56 110.03 0.0510
215.24 413.45 123.49 148.45 0.0509
34.36 12.24 96.87 127.37 0.0505
840.88 354.36 123.16 138.27 0.0502
132.80 403.15 122.93 162.71 0.0502
388.99 238.74 131.85 129.32 0.0501
139.22 285.66 114.01 138.65 0.0501
157.79 581.14 144.92 113.14 0.0501
682.58 349.40 137.97 130.37 0.0500
758.44 385.56 118.78 145.20 0.0499
547.95 179.93 122.73 129.94 0.0498
602.91 505.18 149.86 122.07 0.0498
621.10 281.06 121.20 133.34 0.0497
18.33 0.00 104.56 43.24 0.0496
539.38 290.16 118.76 157.96 0.0495
827.28 192.27 150.90 97.23 0.0494
551.82 372.96 110.42 160.66 0.0492
357.02 278.18 132.50 139.49 0.0492
80.35 350.40 102.29 145.97 0.0492
245.12 331.51 119.04 164.56 0.0492
353.27 156.57 153.42 99.56 0.0491
135.28 347.26 133.95 149.55 0.0488
439.00 509.99 162.73 104.40 0.0487
801.35 232.82 114.84 155.95 0.0484
658.54 215.52 101.61 135.92 0.0484
833.07 273.37 128.52 149.57 0.0481
328.20 474.32 110.26 179.04 0.0481
249.05 451.47 120.05 139.17 0.0480
480.03 303.13 102.00 155.64 0.0479
601.40 570.34 159.24 134.93 0.0479
694.89 220.24 118.31 123.76 0.0470
656.67 385.50 111.89 190.13 0.0470
106.80 557.46 112.42 157.18 0.0469
0.00 601.37 66.77 143.16 0.0469
176.30 458.73 126.17 139.95 0.0467
720.75 256.53 133.14 122.46 0.0467
579.65 413.37 121.88 153.85 0.0466
593.34 183.97 164.72 101.89 0.0464
259.31 152.48 110.72 118.37 0.0464
23.62 66.37 206.77 288.54 0.0464
427.94 382.47 132.54 140.81 0.0463
391.31 410.89 125.06 154.56 0.0462
170.92 386.06 136.92 140.75 0.0462
505.89 264.11 109.64 155.60 0.0461
686.33 46.42 98.96 110.05 0.0459
46.81 129.99 78.47 164.30 0.0456
505.39 330.27 122.29 158.61 0.0456
179.11 199.07 108.93 155.52 0.0456
130.21 476.82 121.95 168.20 0.0454
82.15 284.61 93.17 126.72 0.0454
508.62 580.61 125.38 131.79 0.0453
773.31 367.68 154.44 110.35 0.0450
128.87 602.83 130.20 149.32 0.0449
519.20 474.39 98.88 169.68 0.0448
582.56 319.29 126.89 128.84 0.0448
115.16 241.90 94.71 144.35 0.0447
138.42 24.28 127.68 101.39 0.0445
283.20 384.49 129.85 136.26 0.0445
433.13 274.57 124.38 138.83 0.0445
792.18 409.86 128.63 147.32 0.0444
274.28 518.87 141.10 108.41 0.0444
332.08 420.23 112.43 151.20 0.0444
725.93 446.98 121.68 167.62 0.0443
195.50 35.02 107.62 117.36 0.0442
801.83 183.73 108.87 132.44 0.0441
666.17 188.54 155.88 105.28 0.0440
513.11 417.65 114.90 146.23 0.0439
732.77 43.69 169.61 90.55 0.0438
68.18 482.07 117.41 153.20 0.0436
390.34 343.01 128.08 140.80 0.0436
756.36 301.21 116.31 155.66 0.0434
31.62 463.32 67.55 125.70 0.0434
734.17 146.07 101.42 139.99 0.0432
28.00 320.29 58.22 139.94 0.0430
460.49 189.24 139.19 105.64 0.0429
144.00 177.32 103.82 146.04 0.0428
480.09 618.64 99.81 132.03 0.0427
61.04 610.16 138.55 135.43 0.0424
368.75 589.40 112.26 139.30 0.0423
85.08 0.00 109.56 53.14 0.0423
165.65 148.04 145.91 111.63 0.0418
0.00 481.47 65.52 150.40 0.0418
429.79 448.35 112.42 148.12 0.0417
73.89 43.98 90.81 127.03 0.0417
714.15 0.00 125.78 35.62 0.0413
575.58 32.71 136.58 91.33 0.0411
250.24 12.71 116.59 101.87 0.0410
773.57 152.04 158.96 106.41 0.0403
43.91 538.80 98.39 120.79 0.0402
0.00 0.00 63.93 67.01 0.0400
362.32 471.56 135.46 119.49 0.0397
68.64 184.22 106.84 168.13 0.0395
509.07 31.26 130.20 89.73 0.0394
416.04 154.11 162.75 100.60 0.0392
642.05 147.91 142.41 113.79 0.0389
27.21 236.34 65.51 151.10 0.0388
73.08 0.00 95.97 103.94 0.0385
509.08 0.00 133.14 65.67 0.0384
693.48 86.99 106.03 150.44 0.0383
262.32 33.48 174.18 110.08 0.0382
657.27 0.00 133.88 55.02 0.0381
219.24 101.00 110.41 144.18 0.0381
520.71 137.52 97.04 150.24 0.0380
576.37 0.00 139.05 66.37 0.0375
779.33 26.49 81.63 133.14 0.0371
719.13 60.08 116.52 129.35 0.0371
448.16 616.23 80.23 138.37 0.0371
841.56 79.30 106.66 162.56 0.0370
821.06 44.47 145.04 93.55 0.0366
755.17 98.61 118.48 143.88 0.0366
795.41 0.00 123.40 53.15 0.0362
794.74 590.67 132.85 158.53 0.0362
0.00 446.12 35.65 131.09 0.0362
554.20 148.50 158.57 111.60 0.0360
546.73 465.09 125.48 117.02 0.0356
104.73 141.68 109.69 123.61 0.0355
0.00 560.45 41.62 128.16 0.0354
328.93 125.53 108.95 114.76 0.0352
0.00 348.25 50.51 118.97 0.0352
87.27 0.00 213.11 255.30 0.0350
108.22 35.44 98.57 132.51 0.0349
72.72 84.11 104.71 160.09 0.0349
138.53 10.66 171.56 58.48 0.0349
257.08 112.87 154.48 106.17 0.0344
776.43 0.00 108.90 96.45 0.0343
722.42 594.04 120.55 148.36 0.0342
0.00 667.71 38.94 100.29 0.0342
21.52 129.95 64.85 169.65 0.0341
454.53 44.10 138.30 95.41 0.0335
243.36 54.80 113.67 138.27 0.0333
792.84 474.10 119.09 154.52 0.0332
138.95 95.10 112.80 141.09 0.0331
545.84 621.05 97.76 128.99 0.0330
225.11 0.00 154.15 62.63 0.0329
541.29 97.03 116.63 144.91 0.0328
398.16 32.55 131.22 106.35 0.0327
650.63 26.85 88.28 122.60 0.0325
655.22 59.36 112.69 152.58 0.0323
40.70 104.96 97.61 111.52 0.0317
762.96 541.07 120.57 169.95 0.0312
291.15 0.00 168.27 46.50 0.0311
376.43 117.26 154.14 102.35 0.0311
393.72 0.00 143.94 55.54 0.0311
509.15 51.00 110.74 158.61 0.0311
790.81 54.41 119.66 141.53 0.0309
612.92 95.85 117.80 134.14 0.0306
626.97 607.59 102.41 160.41 0.0299
