48_Parachutist_Paratrooper_Parachutist_Paratrooper_48_439
200
927.89 0.00 81.03 64.19 0.1924
50.58 151.59 80.21 63.83 0.1922
928.12 411.69 80.55 64.06 0.1920
50.51 43.20 80.28 63.83 0.1920
50.51 303.34 80.28 63.83 0.1920
50.58 86.49 80.23 63.90 0.1919
928.13 498.40 80.52 64.04 0.1919
50.56 346.70 80.22 63.81 0.1918
50.63 216.66 80.12 63.77 0.1918
50.25 0.00 80.89 64.00 0.1917
50.58 455.10 80.22 63.83 0.1917
891.60 238.30 80.17 63.75 0.1917
928.13 455.05 80.49 64.02 0.1917
50.51 498.38 80.30 63.89 0.1917
50.47 259.97 80.34 63.85 0.1917
928.12 43.16 80.53 64.05 0.1916
50.63 411.75 80.12 63.80 0.1916
891.66 390.06 80.13 63.78 0.1916
891.66 476.77 80.10 63.76 0.1916
561.97 0.00 81.22 64.17 0.1916
781.68 107.95 80.64 64.27 0.1915
928.21 151.65 80.40 63.93 0.1915
123.18 0.00 81.13 64.18 0.1915
159.75 0.00 81.13 64.18 0.1915
196.32 0.00 81.13 64.18 0.1915
854.61 0.00 81.13 64.18 0.1915
928.14 216.59 80.51 64.02 0.1915
671.97 86.34 80.73 64.27 0.1915
708.54 86.34 80.73 64.27 0.1915
854.76 238.02 80.82 64.35 0.1915
598.59 0.00 81.16 64.17 0.1914
635.16 0.00 81.16 64.17 0.1914
671.73 0.00 81.16 64.17 0.1914
928.10 259.96 80.50 63.99 0.1914
928.10 303.32 80.50 63.99 0.1914
928.10 346.68 80.50 63.99 0.1914
13.59 0.00 80.82 63.91 0.1914
525.44 0.00 81.18 64.15 0.1914
86.59 0.00 81.15 64.17 0.1913
232.88 0.00 81.15 64.17 0.1913
269.45 0.00 81.15 64.17 0.1913
342.59 0.00 81.15 64.17 0.1913
415.73 0.00 81.15 64.17 0.1913
818.02 0.00 81.15 64.17 0.1913
379.12 0.00 81.19 64.18 0.1913
452.26 0.00 81.19 64.18 0.1913
488.83 0.00 81.19 64.18 0.1913
818.14 259.70 80.83 64.32 0.1913
160.20 520.05 80.34 63.96 0.1913
891.31 0.00 80.89 64.05 0.1913
342.77 86.29 80.81 64.34 0.1913
818.18 172.98 80.70 64.26 0.1913
818.26 108.02 80.63 64.26 0.1913
854.71 498.17 80.87 64.36 0.1913
891.61 281.64 80.28 63.85 0.1913
13.82 390.12 80.20 63.75 0.1913
13.82 433.47 80.20 63.75 0.1913
928.20 86.55 80.41 64.00 0.1913
13.82 173.37 80.23 63.73 0.1913
745.12 86.28 80.71 64.23 0.1912
342.78 194.69 80.75 64.27 0.1912
306.07 0.00 81.10 64.16 0.1912
854.82 107.95 80.74 64.34 0.1912
781.68 172.99 80.74 64.34 0.1912
745.11 194.66 80.74 64.34 0.1912
745.11 238.02 80.74 64.34 0.1912
196.48 281.38 80.82 64.35 0.1912
708.31 0.00 81.13 64.17 0.1912
13.81 108.27 80.25 63.80 0.1912
781.61 216.34 80.81 64.33 0.1912
13.81 238.34 80.25 63.80 0.1912
13.81 303.38 80.25 63.80 0.1912
13.84 346.76 80.18 63.73 0.1912
635.41 281.39 80.72 64.30 0.1912
123.63 520.04 80.22 63.99 0.1912
635.33 129.62 80.69 64.35 0.1912
671.91 129.64 80.79 64.30 0.1912
489.09 303.12 80.73 64.26 0.1912
123.38 64.63 80.73 64.26 0.1912
598.83 151.30 80.72 64.35 0.1912
598.83 259.70 80.72 64.35 0.1912
598.76 216.34 80.78 64.35 0.1911
708.48 281.37 80.78 64.35 0.1911
671.90 303.05 80.78 64.35 0.1911
891.65 43.18 80.11 63.77 0.1911
13.76 476.80 80.29 63.77 0.1911
379.33 42.96 80.79 64.29 0.1911
452.48 42.96 80.79 64.29 0.1911
159.91 64.64 80.79 64.29 0.1911
415.91 86.32 80.79 64.29 0.1911
452.48 86.32 80.79 64.29 0.1911
123.33 107.99 80.79 64.29 0.1911
159.91 107.99 80.79 64.29 0.1911
415.91 129.67 80.79 64.29 0.1911
671.92 259.71 80.76 64.31 0.1911
233.05 303.10 80.79 64.29 0.1911
745.11 346.44 80.71 64.27 0.1911
781.62 498.21 80.79 64.29 0.1911
13.82 43.26 80.20 63.74 0.1911
891.62 433.38 80.18 63.82 0.1911
598.83 64.66 80.71 64.20 0.1911
635.40 64.66 80.71 64.20 0.1911
379.28 107.95 80.83 64.32 0.1911
854.84 151.32 80.70 64.22 0.1911
160.01 411.46 80.71 64.30 0.1911
744.88 0.00 81.16 64.18 0.1910
781.45 0.00 81.16 64.18 0.1910
562.24 173.00 80.76 64.33 0.1910
562.24 259.72 80.76 64.33 0.1910
818.18 498.18 80.83 64.34 0.1910
708.54 129.74 80.64 64.15 0.1910
562.14 346.42 80.87 64.36 0.1910
891.67 346.68 80.21 63.85 0.1910
598.71 368.10 80.87 64.36 0.1910
635.28 368.10 80.87 64.36 0.1910
196.75 520.07 80.33 64.00 0.1910
745.16 151.40 80.67 64.18 0.1910
891.79 520.24 79.94 63.61 0.1910
342.78 259.78 80.73 64.24 0.1910
306.20 303.13 80.73 64.24 0.1910
342.78 324.81 80.73 64.24 0.1910
854.78 346.49 80.73 64.24 0.1910
342.78 368.17 80.73 64.24 0.1910
415.92 368.17 80.73 64.24 0.1910
379.35 389.85 80.73 64.24 0.1910
452.49 389.85 80.73 64.24 0.1910
489.06 389.85 80.73 64.24 0.1910
671.92 389.85 80.73 64.24 0.1910
269.63 411.53 80.73 64.24 0.1910
342.78 411.53 80.73 64.24 0.1910
415.92 411.53 80.73 64.24 0.1910
745.06 411.53 80.73 64.24 0.1910
306.20 433.20 80.73 64.24 0.1910
671.92 433.20 80.73 64.24 0.1910
342.78 454.88 80.73 64.24 0.1910
635.35 454.88 80.73 64.24 0.1910
708.49 454.88 80.73 64.24 0.1910
379.36 151.34 80.75 64.27 0.1910
562.25 216.35 80.73 64.35 0.1910
745.11 281.38 80.71 64.34 0.1910
159.97 346.41 80.71 64.34 0.1910
306.18 86.28 80.79 64.34 0.1910
306.18 173.00 80.79 64.34 0.1910
781.62 259.70 80.78 64.34 0.1910
598.75 303.07 80.79 64.34 0.1910
598.82 107.95 80.74 64.34 0.1910
671.93 194.68 80.75 64.29 0.1910
708.49 194.68 80.67 64.30 0.1910
379.34 259.71 80.75 64.31 0.1910
379.34 303.06 80.75 64.31 0.1910
269.63 324.74 80.75 64.31 0.1910
415.91 324.74 80.75 64.31 0.1910
306.20 346.42 80.75 64.31 0.1910
379.34 346.42 80.75 64.31 0.1910
452.49 346.42 80.75 64.31 0.1910
269.63 368.10 80.75 64.31 0.1910
306.20 389.78 80.75 64.31 0.1910
635.34 411.46 80.75 64.31 0.1910
708.49 411.46 80.75 64.31 0.1910
159.96 238.05 80.72 64.28 0.1910
159.98 454.82 80.69 64.30 0.1910
818.20 216.35 80.76 64.30 0.1909
708.49 238.03 80.76 64.30 0.1909
159.92 281.39 80.76 64.30 0.1909
708.49 324.75 80.76 64.30 0.1909
123.39 411.54 80.65 64.24 0.1909
891.67 86.54 80.12 63.79 0.1909
891.64 194.95 80.13 63.76 0.1909
50.83 542.06 79.71 63.80 0.1909
342.74 42.94 80.81 64.29 0.1909
123.31 151.33 80.81 64.29 0.1909
159.89 151.33 80.81 64.29 0.1909
488.99 42.93 80.84 64.32 0.1909
86.77 86.32 80.78 64.29 0.1909
415.91 173.03 80.78 64.29 0.1909
379.34 194.71 80.78 64.29 0.1909
269.63 259.75 80.78 64.29 0.1909
306.20 259.75 80.78 64.29 0.1909
452.49 259.75 80.78 64.29 0.1909
854.77 281.43 80.78 64.29 0.1909
818.20 303.10 80.78 64.29 0.1909
233.06 346.46 80.78 64.29 0.1909
525.63 346.46 80.78 64.29 0.1909
781.63 346.46 80.78 64.29 0.1909
818.20 346.46 80.78 64.29 0.1909
233.06 389.82 80.78 64.29 0.1909
781.63 389.82 80.78 64.29 0.1909
525.63 411.50 80.78 64.29 0.1909
598.76 411.43 80.80 64.36 0.1909
233.06 433.18 80.78 64.29 0.1909
452.49 433.18 80.78 64.29 0.1909
489.06 433.18 80.78 64.29 0.1909
781.63 433.18 80.78 64.29 0.1909
379.34 454.85 80.78 64.29 0.1909
415.91 454.85 80.78 64.29 0.1909
525.63 454.85 80.78 64.29 0.1909
562.20 454.85 80.78 64.29 0.1909
598.77 454.85 80.78 64.29 0.1909
745.06 454.85 80.78 64.29 0.1909
269.63 476.53 80.78 64.29 0.1909
