48_Parachutist_Paratrooper_Parachutist_Paratrooper_48_205
200
927.91 0.00 81.04 74.14 0.1925
50.59 74.95 80.21 73.68 0.1921
50.48 400.40 80.31 73.70 0.1921
50.48 450.48 80.31 73.70 0.1921
50.48 575.65 80.31 73.70 0.1921
928.12 400.33 80.55 73.98 0.1920
50.63 200.14 80.16 73.67 0.1920
50.63 250.21 80.16 73.67 0.1920
50.52 150.03 80.28 73.71 0.1920
50.54 525.55 80.25 73.74 0.1920
928.13 300.19 80.52 73.95 0.1919
928.13 350.26 80.52 73.95 0.1919
928.16 450.41 80.49 73.97 0.1919
928.16 500.48 80.49 73.97 0.1919
928.16 550.55 80.49 73.97 0.1919
50.63 300.25 80.16 73.70 0.1918
928.18 250.13 80.47 73.94 0.1918
50.63 350.36 80.12 73.65 0.1918
196.28 0.00 81.22 74.14 0.1917
232.85 0.00 81.22 74.14 0.1917
415.77 0.00 81.11 74.11 0.1917
488.90 0.00 81.09 74.09 0.1916
379.20 0.00 81.20 74.11 0.1916
452.34 0.00 81.20 74.11 0.1916
928.18 49.83 80.47 73.97 0.1916
598.83 149.78 80.71 74.14 0.1916
233.11 550.35 80.71 74.14 0.1916
269.42 0.00 81.18 74.14 0.1916
342.57 0.00 81.28 74.13 0.1915
525.47 0.00 81.13 74.11 0.1915
562.25 550.27 80.73 74.22 0.1915
415.90 400.05 80.79 74.22 0.1915
598.76 500.20 80.79 74.22 0.1915
269.61 550.27 80.79 74.22 0.1915
817.98 0.00 81.19 74.13 0.1915
50.29 0.00 80.82 73.92 0.1915
561.99 0.00 81.19 74.13 0.1915
891.63 275.16 80.20 73.75 0.1915
452.54 349.99 80.74 74.30 0.1915
891.63 350.26 80.20 73.75 0.1915
891.63 400.33 80.20 73.75 0.1915
233.11 475.16 80.74 74.30 0.1915
269.68 500.20 80.74 74.30 0.1915
306.25 500.20 80.74 74.30 0.1915
342.82 525.24 80.74 74.30 0.1915
635.39 525.24 80.74 74.30 0.1915
306.25 550.27 80.74 74.30 0.1915
598.75 450.13 80.81 74.30 0.1915
928.14 124.94 80.51 73.98 0.1914
562.18 224.80 80.69 74.31 0.1914
562.26 149.78 80.62 74.13 0.1913
489.11 375.10 80.62 74.13 0.1913
525.69 375.10 80.62 74.13 0.1913
744.78 0.00 81.27 74.11 0.1913
854.55 0.00 81.19 74.11 0.1913
306.01 0.00 81.27 74.15 0.1913
452.55 425.17 80.71 74.14 0.1913
13.55 0.00 80.86 73.88 0.1913
342.97 600.51 80.52 74.01 0.1913
379.55 600.51 80.52 74.01 0.1913
416.12 600.51 80.52 74.01 0.1913
818.40 600.51 80.52 74.01 0.1913
562.25 425.09 80.63 74.22 0.1913
598.54 0.00 81.21 74.12 0.1913
635.12 0.00 81.21 74.12 0.1913
671.69 0.00 81.21 74.12 0.1913
306.24 224.83 80.76 74.29 0.1913
415.96 349.99 80.74 74.29 0.1913
598.76 375.02 80.70 74.21 0.1913
379.33 425.09 80.70 74.21 0.1913
415.90 450.13 80.70 74.21 0.1913
671.96 525.24 80.74 74.29 0.1913
86.50 0.00 81.25 74.13 0.1913
123.07 0.00 81.25 74.13 0.1913
159.65 0.00 81.25 74.13 0.1913
708.22 0.00 81.25 74.13 0.1913
781.36 0.00 81.25 74.13 0.1913
635.40 174.74 80.73 74.22 0.1913
342.83 425.09 80.73 74.22 0.1913
489.11 425.09 80.73 74.22 0.1913
342.83 475.16 80.73 74.22 0.1913
379.40 475.16 80.73 74.22 0.1913
562.26 475.16 80.73 74.22 0.1913
196.54 500.20 80.73 74.22 0.1913
415.97 500.20 80.73 74.22 0.1913
196.54 550.27 80.73 74.22 0.1913
525.68 550.27 80.73 74.22 0.1913
598.83 550.27 80.73 74.22 0.1913
891.61 149.96 80.22 73.76 0.1913
891.61 200.03 80.22 73.76 0.1913
379.33 525.24 80.79 74.22 0.1913
891.43 0.00 80.77 73.94 0.1913
562.27 375.04 80.71 74.18 0.1912
525.68 450.13 80.65 74.29 0.1912
452.54 500.20 80.65 74.30 0.1912
525.68 124.67 80.74 74.30 0.1912
635.40 124.67 80.74 74.30 0.1912
671.97 124.67 80.74 74.30 0.1912
635.40 224.81 80.74 74.30 0.1912
671.97 224.81 80.74 74.30 0.1912
306.25 274.88 80.74 74.30 0.1912
342.82 274.88 80.74 74.30 0.1912
671.97 274.88 80.74 74.30 0.1912
342.82 324.95 80.74 74.30 0.1912
123.40 425.10 80.74 74.30 0.1912
159.97 425.10 80.74 74.30 0.1912
269.68 450.13 80.74 74.30 0.1912
306.25 450.13 80.74 74.30 0.1912
159.97 475.17 80.74 74.30 0.1912
489.11 500.20 80.74 74.30 0.1912
159.97 550.27 80.74 74.30 0.1912
452.54 550.27 80.74 74.30 0.1912
489.11 550.27 80.74 74.30 0.1912
745.11 550.27 80.74 74.30 0.1912
708.47 74.60 80.81 74.29 0.1912
13.81 100.05 80.28 73.65 0.1912
13.81 175.16 80.28 73.65 0.1912
13.81 225.23 80.28 73.65 0.1912
598.76 224.81 80.81 74.29 0.1912
598.76 299.92 80.81 74.29 0.1912
562.18 324.95 80.81 74.29 0.1912
635.33 450.13 80.81 74.29 0.1912
123.33 475.17 80.81 74.29 0.1912
525.61 500.20 80.81 74.30 0.1912
123.33 525.24 80.81 74.29 0.1912
415.90 550.27 80.81 74.29 0.1912
123.33 575.31 80.81 74.29 0.1912
635.33 575.31 80.81 74.29 0.1912
928.16 175.00 80.49 73.98 0.1912
452.71 600.54 80.46 74.03 0.1912
379.33 299.91 80.69 74.31 0.1912
379.33 349.98 80.69 74.31 0.1912
671.97 174.73 80.72 74.32 0.1912
708.43 299.91 80.86 74.35 0.1912
13.80 375.36 80.30 73.73 0.1912
13.80 425.44 80.30 73.73 0.1912
13.80 475.51 80.30 73.73 0.1912
13.80 525.58 80.30 73.73 0.1912
159.91 74.63 80.77 74.24 0.1911
525.62 299.91 80.78 74.32 0.1911
854.74 99.61 80.84 74.30 0.1911
123.33 149.70 80.78 74.26 0.1911
342.84 174.79 80.70 74.25 0.1911
708.48 450.15 80.81 74.28 0.1911
635.33 349.99 80.70 74.20 0.1911
598.82 74.61 80.74 74.21 0.1911
525.63 224.82 80.76 74.27 0.1911
159.91 299.97 80.79 74.24 0.1911
781.83 600.49 80.51 74.05 0.1911
854.98 600.52 80.51 74.00 0.1911
672.13 600.50 80.41 74.00 0.1911
708.70 600.50 80.41 74.00 0.1911
745.28 600.50 80.50 74.01 0.1911
196.47 99.60 80.80 74.33 0.1911
671.96 450.14 80.73 74.30 0.1911
635.39 74.61 80.76 74.29 0.1910
671.96 74.61 80.76 74.29 0.1910
745.04 224.83 80.83 74.30 0.1910
781.61 224.83 80.83 74.30 0.1910
818.18 224.83 80.83 74.30 0.1910
854.75 249.87 80.83 74.30 0.1910
452.53 299.94 80.76 74.29 0.1910
854.75 299.94 80.83 74.30 0.1910
489.10 324.97 80.76 74.29 0.1910
854.75 350.01 80.83 74.30 0.1910
708.47 375.04 80.83 74.30 0.1910
818.18 375.04 80.83 74.30 0.1910
854.75 400.08 80.83 74.30 0.1910
818.18 425.12 80.83 74.30 0.1910
781.57 124.67 80.87 74.33 0.1910
745.00 149.71 80.87 74.33 0.1910
818.14 149.71 80.87 74.33 0.1910
781.57 174.74 80.87 74.33 0.1910
854.71 174.74 80.87 74.33 0.1910
86.75 525.26 80.82 74.29 0.1910
86.75 575.33 80.82 74.29 0.1910
891.62 99.89 80.22 73.75 0.1910
891.62 450.39 80.22 73.75 0.1910
891.62 500.46 80.22 73.75 0.1910
123.27 99.60 80.87 74.34 0.1910
489.15 124.72 80.71 74.22 0.1910
708.41 124.64 80.87 74.34 0.1910
269.63 49.65 80.73 74.18 0.1910
233.06 74.68 80.73 74.18 0.1910
342.78 74.68 80.73 74.18 0.1910
123.38 324.99 80.77 74.24 0.1910
306.27 324.97 80.72 74.24 0.1910
818.26 550.31 80.74 74.25 0.1910
818.18 274.82 80.85 74.38 0.1910
781.61 400.00 80.85 74.38 0.1910
671.97 324.95 80.71 74.30 0.1910
379.36 99.68 80.75 74.22 0.1910
86.76 299.91 80.78 74.30 0.1910
489.06 49.58 80.83 74.26 0.1910
159.94 375.04 80.80 74.30 0.1910
342.82 375.03 80.74 74.30 0.1910
708.54 550.28 80.74 74.30 0.1910
13.81 575.64 80.31 73.71 0.1910
13.82 49.97 80.26 73.65 0.1910
306.20 49.57 80.75 74.27 0.1910
