24_Soldier_Firing_Soldier_Firing_24_129
53
313.98 369.71 103.00 103.93 0.3516
413.14 782.01 18.44 48.80 0.3030
532.79 433.77 49.32 75.34 0.2105
515.52 437.09 40.81 74.98 0.2093
412.23 801.96 19.69 59.14 0.2016
385.70 374.49 49.71 81.65 0.1845
443.31 807.49 25.27 59.44 0.1765
375.06 780.69 15.64 39.28 0.1712
302.61 777.98 20.83 46.35 0.1711
531.45 397.61 49.93 79.06 0.1699
335.66 778.96 20.85 44.60 0.1634
466.84 436.13 39.45 65.33 0.1606
446.37 778.31 22.19 49.11 0.1590
302.93 374.27 131.99 192.95 0.1344
478.72 402.18 28.45 54.36 0.1241
562.68 434.53 48.76 68.55 0.1132
264.66 768.55 25.21 56.05 0.1043
373.52 820.32 18.91 48.93 0.0998
359.97 669.64 28.65 40.79 0.0954
267.38 661.41 22.07 53.98 0.0937
369.98 721.63 19.72 43.70 0.0877
769.90 893.92 114.70 217.17 0.0866
578.85 387.72 31.38 51.01 0.0850
334.25 664.13 28.97 52.29 0.0826
456.66 758.62 44.65 71.44 0.0787
555.94 740.87 50.17 175.33 0.0770
445.26 725.02 26.25 58.46 0.0751
335.17 808.79 23.57 58.86 0.0745
414.48 733.07 18.39 47.37 0.0680
334.97 607.39 47.46 77.31 0.0662
329.53 721.01 28.87 61.96 0.0661
437.83 873.85 34.62 89.77 0.0648
527.09 426.00 360.82 649.39 0.0637
543.72 322.62 35.72 58.86 0.0631
458.44 790.86 44.99 93.89 0.0627
767.82 206.77 72.23 117.40 0.0616
541.02 256.54 40.51 85.46 0.0609
405.60 869.08 27.48 79.91 0.0594
460.83 868.46 48.05 105.06 0.0586
555.71 659.19 93.18 298.92 0.0580
643.19 250.94 40.62 71.59 0.0570
374.83 882.80 24.04 70.43 0.0562
295.72 723.95 31.57 81.86 0.0561
289.11 664.65 34.52 66.10 0.0557
302.54 784.92 30.50 81.56 0.0555
713.83 735.58 227.96 383.84 0.0545
472.49 657.44 32.81 66.69 0.0534
353.13 196.09 65.33 112.07 0.0522
17.66 324.72 298.47 477.86 0.0518
577.98 230.52 49.92 79.70 0.0518
628.50 286.58 57.54 99.37 0.0507
379.79 205.18 62.96 97.82 0.0507
321.11 495.01 86.89 132.61 0.0501
