30_Surgeons_Surgeons_30_932
32
370.96 123.60 256.53 403.29 0.8997
636.91 273.21 290.19 344.52 0.2273
337.28 878.58 101.10 199.38 0.2180
516.16 134.87 141.53 326.07 0.0974
667.54 284.55 156.88 247.50 0.0843
115.65 251.28 184.42 407.59 0.0834
353.78 575.78 80.96 237.05 0.0766
128.90 688.43 92.90 267.92 0.0751
4.77 1118.65 86.68 95.03 0.0750
537.27 96.38 234.03 509.89 0.0735
212.69 596.32 60.23 317.18 0.0700
54.98 839.09 83.96 169.50 0.0645
40.27 900.43 34.78 66.09 0.0638
42.45 842.92 28.86 70.76 0.0610
235.60 856.01 64.91 223.56 0.0606
233.21 990.32 57.68 188.07 0.0580
336.12 594.32 131.99 328.71 0.0565
553.03 856.20 275.27 437.91 0.0561
171.37 77.64 218.07 419.57 0.0560
267.87 845.15 70.44 201.31 0.0559
681.75 942.93 181.40 303.56 0.0558
389.15 521.48 59.68 124.33 0.0554
444.74 1125.65 79.62 171.14 0.0553
423.48 853.46 64.79 133.99 0.0542
408.25 0.00 251.57 168.91 0.0541
38.36 952.74 51.83 76.33 0.0537
27.31 1128.95 125.47 98.46 0.0537
846.93 873.87 96.98 228.42 0.0529
235.64 723.41 68.58 263.35 0.0521
247.70 649.50 50.23 208.74 0.0520
40.65 899.01 104.27 183.22 0.0514
813.60 864.43 85.93 252.56 0.0512
