30_Surgeons_Surgeons_30_552
71
393.33 217.06 30.64 39.48 0.3035
200.98 252.14 45.07 52.20 0.2839
659.27 186.20 28.61 39.22 0.2610
576.85 154.88 33.28 39.63 0.1998
208.37 392.90 36.85 31.29 0.1843
619.89 440.68 33.05 41.49 0.1742
395.44 350.42 37.62 30.59 0.1663
274.82 363.63 55.31 31.81 0.1534
572.75 440.48 57.15 61.28 0.1431
879.28 278.85 65.60 50.15 0.1406
244.34 439.70 163.91 169.04 0.1389
357.44 346.94 68.72 50.66 0.1383
558.40 158.88 45.02 49.30 0.1379
194.07 475.09 30.33 27.49 0.1276
255.06 627.22 34.64 26.88 0.1265
554.89 448.31 50.21 53.02 0.1230
301.51 359.74 74.20 48.70 0.1213
908.15 287.61 55.26 41.82 0.1178
173.22 477.82 101.72 120.46 0.1144
276.74 506.88 99.51 93.22 0.1143
455.03 442.25 61.67 61.05 0.1117
627.98 184.79 35.31 39.44 0.1077
208.68 285.55 43.53 41.04 0.0968
373.09 227.08 39.53 52.37 0.0960
304.16 337.07 138.80 127.27 0.0925
490.04 471.57 59.94 60.35 0.0864
251.13 405.11 108.31 97.32 0.0859
385.57 192.15 45.07 54.47 0.0840
510.28 186.61 28.33 31.20 0.0828
477.37 478.75 42.95 47.97 0.0811
243.60 358.77 188.73 190.55 0.0794
256.27 333.06 37.18 22.61 0.0786
262.90 355.65 51.93 32.50 0.0781
186.18 271.65 58.35 60.03 0.0772
266.31 383.22 88.40 64.92 0.0767
330.45 325.48 39.82 32.59 0.0751
338.94 309.81 34.35 27.19 0.0748
117.48 444.33 29.43 29.99 0.0721
871.52 566.03 53.55 49.53 0.0716
343.99 320.86 61.73 53.01 0.0680
620.84 162.17 36.94 40.31 0.0680
246.55 391.98 74.63 45.09 0.0665
840.73 324.84 52.85 42.76 0.0663
191.93 454.09 66.46 57.58 0.0662
474.92 189.10 34.55 50.22 0.0647
181.47 194.27 62.16 90.40 0.0644
117.45 479.69 34.25 39.46 0.0633
549.70 422.55 48.50 58.62 0.0625
821.70 514.23 62.73 53.38 0.0622
416.98 221.25 60.77 53.30 0.0618
395.57 328.41 53.82 56.74 0.0616
135.33 467.38 47.62 39.68 0.0616
829.43 337.38 64.02 58.58 0.0609
346.41 300.96 50.02 40.61 0.0609
183.27 491.00 67.06 70.71 0.0600
879.83 602.95 90.07 52.81 0.0582
345.57 393.24 148.09 129.04 0.0581
485.08 434.94 64.01 73.36 0.0579
692.67 280.43 37.14 35.61 0.0566
143.36 445.94 41.08 49.01 0.0565
72.97 146.81 174.60 189.07 0.0563
665.35 150.80 67.16 69.50 0.0549
861.99 531.85 50.23 41.61 0.0548
902.15 306.22 53.51 42.29 0.0544
507.89 408.48 58.83 70.27 0.0532
430.20 412.09 71.51 69.84 0.0529
551.25 68.87 130.98 156.78 0.0524
855.16 502.13 50.25 47.00 0.0524
429.54 196.34 56.85 56.94 0.0508
285.82 214.72 60.43 79.31 0.0504
590.24 235.25 26.93 38.07 0.0503
