12_Group_Team_Organized_Group_12_Group_Team_Organized_Group_12_330
30
612.32 70.96 411.68 113.01 0.5791
294.30 113.90 362.15 228.50 0.5098
498.91 108.56 390.58 135.96 0.4927
608.81 111.66 415.19 233.19 0.4547
150.83 111.21 356.41 141.04 0.2550
208.93 69.71 382.16 132.09 0.1842
157.96 117.20 199.61 221.50 0.1540
162.29 67.74 190.75 126.19 0.1189
106.07 105.95 156.04 145.08 0.1178
197.34 149.18 268.90 248.07 0.0887
602.61 46.69 421.39 73.26 0.0785
151.67 36.99 211.71 81.40 0.0760
412.32 144.07 417.54 254.50 0.0592
636.61 10.73 387.39 37.55 0.0579
177.02 33.28 439.16 90.42 0.0535
607.42 261.91 416.58 231.03 0.0460
123.91 209.18 265.41 242.74 0.0451
104.31 40.82 158.32 70.76 0.0425
2.41 0.62 60.28 51.78 0.0398
18.85 96.26 29.61 170.37 0.0393
63.89 91.53 99.65 178.74 0.0381
125.31 13.87 263.82 33.32 0.0322
12.27 327.78 47.47 183.22 0.0306
110.69 154.35 150.00 241.70 0.0291
276.73 204.07 402.75 237.61 0.0281
99.07 275.00 167.41 211.06 0.0267
20.32 249.59 30.54 172.20 0.0257
19.20 29.45 30.17 92.68 0.0251
65.95 38.42 92.10 72.65 0.0208
193.37 14.94 404.68 29.26 0.0203
