12_Group_Large_Group_12_Group_Large_Group_12_354
25
261.65 455.76 426.02 312.24 0.4027
108.32 421.07 148.50 316.94 0.3377
162.14 434.61 186.84 296.64 0.3114
68.04 415.57 92.48 326.96 0.1943
469.94 425.31 445.27 342.69 0.1893
596.92 304.08 427.08 400.14 0.1221
21.50 428.32 26.34 299.88 0.0964
324.02 333.45 447.60 338.56 0.0761
156.79 351.16 343.24 332.65 0.0698
5.71 3.98 59.60 75.74 0.0615
105.00 53.13 152.52 109.52 0.0551
62.19 55.61 94.24 106.25 0.0536
22.11 42.10 34.45 140.60 0.0500
139.20 42.90 231.78 134.91 0.0441
613.87 130.82 410.13 283.21 0.0408
33.79 16.98 150.63 53.81 0.0381
73.66 16.99 215.57 62.00 0.0369
19.57 86.99 34.73 208.64 0.0302
616.21 50.39 407.79 142.01 0.0298
640.37 3.53 383.63 74.57 0.0285
128.75 13.45 397.19 70.03 0.0242
18.73 293.51 31.26 263.39 0.0219
99.59 285.43 160.50 290.46 0.0214
204.32 43.90 391.75 144.61 0.0214
56.70 103.71 101.25 165.56 0.0211
