12_Group_Group_12_Group_Group_12_84
29
623.45 310.84 400.55 265.10 0.6242
654.67 114.65 369.33 178.14 0.5567
479.51 92.99 433.10 128.26 0.4940
305.30 118.00 487.54 175.77 0.4743
224.88 137.32 352.52 136.63 0.4561
273.53 308.69 404.27 264.35 0.2983
469.30 114.55 447.20 291.71 0.2833
180.64 135.70 154.94 146.81 0.1740
162.55 99.79 340.08 124.31 0.1346
500.50 260.88 386.68 258.23 0.1272
108.17 135.20 158.76 152.68 0.0982
151.66 131.05 355.93 260.34 0.0932
60.66 318.23 98.61 257.17 0.0879
139.06 355.76 382.40 240.24 0.0878
100.99 312.88 167.96 266.97 0.0877
11.79 363.24 47.42 232.76 0.0777
467.88 65.15 455.69 80.70 0.0737
343.68 176.58 409.11 287.76 0.0710
422.15 354.13 399.45 241.87 0.0656
24.68 278.49 29.02 217.69 0.0597
151.15 253.03 210.97 274.09 0.0473
643.01 186.19 380.99 281.42 0.0470
278.96 57.35 387.10 92.43 0.0432
100.68 196.30 166.99 269.26 0.0388
56.99 203.34 105.74 259.01 0.0356
0.00 0.60 67.14 60.68 0.0345
62.88 121.59 95.01 179.73 0.0320
21.24 163.66 28.08 209.05 0.0279
657.90 7.13 366.10 45.71 0.0230
