12_Group_Large_Group_12_Group_Large_Group_12_120
23
601.46 250.17 422.54 257.32 0.8696
608.03 367.33 415.97 287.89 0.8073
378.10 245.59 335.77 267.86 0.7356
221.48 253.45 358.02 253.96 0.7225
468.22 382.88 304.34 300.12 0.6379
163.89 370.52 327.76 312.48 0.6348
180.31 268.27 149.11 232.35 0.6257
330.35 369.59 286.36 313.41 0.6134
75.99 351.99 62.75 325.42 0.6100
137.61 307.30 88.12 276.95 0.6026
518.96 298.79 351.61 287.32 0.6022
19.61 364.47 38.87 299.77 0.5274
115.18 398.78 135.90 284.22 0.5171
72.42 271.46 77.39 231.90 0.4347
528.88 231.59 330.29 194.97 0.3893
18.36 276.42 32.36 211.56 0.3342
99.02 212.61 166.68 231.93 0.1520
612.59 161.98 411.41 178.30 0.1060
630.20 101.55 393.80 136.56 0.0414
642.42 53.86 381.58 104.35 0.0348
0.00 0.00 68.48 75.57 0.0332
663.79 1.17 360.21 63.99 0.0297
315.34 181.77 320.45 141.80 0.0206
