12_Group_Team_Organized_Group_12_Group_Team_Organized_Group_12_126
30
631.85 372.74 392.15 284.86 0.5578
96.96 412.69 169.33 271.31 0.1979
59.39 401.20 98.74 282.80 0.1861
13.01 418.86 46.02 265.14 0.1837
428.50 97.24 382.30 143.50 0.1278
180.99 403.32 148.24 280.68 0.1239
635.29 142.18 388.71 193.57 0.1176
430.40 53.28 375.41 107.49 0.1138
126.40 417.77 402.52 266.23 0.0923
482.94 296.42 422.98 290.42 0.0919
632.20 239.29 391.80 280.26 0.0915
618.39 51.31 405.61 109.02 0.0680
113.20 172.14 138.29 267.19 0.0651
368.12 236.93 363.10 283.83 0.0551
636.88 7.27 387.12 64.48 0.0511
171.94 175.55 169.69 268.16 0.0509
65.95 171.15 91.53 269.16 0.0508
0.00 0.00 67.78 72.56 0.0400
131.76 240.36 394.35 261.15 0.0397
21.36 177.96 33.41 258.58 0.0390
361.38 408.31 376.76 275.69 0.0386
377.68 17.51 341.00 53.40 0.0380
498.60 156.47 393.35 294.63 0.0379
373.17 140.72 357.63 183.63 0.0331
127.91 142.51 392.52 188.95 0.0295
238.83 49.87 334.39 105.80 0.0255
19.27 78.61 36.70 186.77 0.0243
108.99 92.95 145.31 164.65 0.0243
18.96 34.44 37.28 132.56 0.0231
61.18 92.24 98.12 162.56 0.0204
