53_Raid_policeraid_53_674
183
502.82 64.87 44.67 49.53 0.5198
631.51 87.28 27.24 30.94 0.4704
835.47 67.12 34.14 38.47 0.4631
79.45 61.86 19.46 24.01 0.3598
283.12 61.93 49.51 51.23 0.3088
156.33 93.31 20.01 25.77 0.2640
442.27 90.84 24.05 23.61 0.2622
159.35 510.11 41.70 53.28 0.2279
363.37 95.39 25.61 20.15 0.2097
432.07 280.89 74.08 105.76 0.2021
412.19 88.51 25.01 25.91 0.1969
554.87 118.36 22.96 24.73 0.1927
304.26 58.81 48.27 43.72 0.1912
398.77 442.74 35.91 49.67 0.1779
46.43 70.60 17.45 21.59 0.1776
157.12 105.65 19.49 30.51 0.1727
486.40 95.18 36.53 40.98 0.1649
325.66 83.11 34.24 34.88 0.1631
300.20 28.68 35.60 43.77 0.1596
237.17 421.16 64.13 76.97 0.1567
119.71 138.14 14.90 24.27 0.1545
223.82 480.80 35.27 42.88 0.1508
295.83 77.14 50.59 63.49 0.1501
8.75 70.53 18.87 24.42 0.1464
192.69 96.24 20.94 24.14 0.1442
217.30 426.59 57.11 82.97 0.1407
117.12 92.79 17.90 23.24 0.1381
45.47 48.06 16.53 22.95 0.1347
592.74 114.78 26.40 28.27 0.1324
440.27 109.92 24.69 26.57 0.1313
603.42 254.35 58.65 60.37 0.1300
204.83 408.13 48.02 63.27 0.1268
545.93 429.77 31.70 40.49 0.1242
117.55 117.17 17.34 27.37 0.1225
372.37 445.94 30.22 44.04 0.1197
259.41 460.76 62.16 58.65 0.1167
318.56 102.53 39.56 41.17 0.1156
213.65 492.00 43.67 54.94 0.1149
445.98 416.38 37.20 56.47 0.1139
192.96 112.67 28.98 39.62 0.1119
226.39 85.55 29.93 33.53 0.1117
117.57 74.01 18.71 25.27 0.1114
413.23 107.04 24.63 29.19 0.1110
582.18 243.88 49.59 60.80 0.1107
328.94 437.54 34.33 53.43 0.1096
192.99 130.43 25.46 35.18 0.1093
565.46 207.89 58.81 87.21 0.1092
774.34 226.21 58.98 91.50 0.1068
588.18 93.44 25.75 25.17 0.1063
9.83 45.16 16.70 25.37 0.1063
153.49 71.53 22.18 34.25 0.1060
5.58 2.62 22.21 29.69 0.1058
553.79 126.17 26.19 32.72 0.1057
652.06 93.51 29.14 25.96 0.1055
666.85 138.10 27.14 25.91 0.1016
189.80 296.31 112.14 136.30 0.1016
247.95 507.53 82.24 98.48 0.1002
660.10 111.09 26.49 28.02 0.1000
362.08 104.69 30.27 32.86 0.0990
87.07 22.65 22.36 24.84 0.0986
483.85 133.61 27.37 33.54 0.0981
238.86 493.84 64.20 68.89 0.0975
73.15 109.59 24.50 29.41 0.0970
781.44 94.37 25.77 23.87 0.0966
290.95 552.39 51.09 54.14 0.0942
254.03 72.44 68.30 82.33 0.0921
397.24 469.14 37.52 41.22 0.0908
81.47 85.57 20.83 28.78 0.0876
367.07 133.23 29.73 41.33 0.0875
219.34 105.64 35.17 53.58 0.0865
433.20 432.81 56.82 86.69 0.0862
139.31 32.64 36.70 42.97 0.0860
437.82 134.37 29.41 36.82 0.0855
571.88 271.37 69.83 69.35 0.0843
462.53 418.66 52.38 67.89 0.0828
818.03 51.54 45.12 52.56 0.0824
880.61 91.11 23.90 26.56 0.0811
46.24 88.87 19.72 28.83 0.0808
216.77 385.04 80.50 93.90 0.0796
154.38 131.79 23.78 33.08 0.0795
326.38 473.80 33.53 46.54 0.0789
512.13 456.32 45.58 61.17 0.0784
8.15 16.18 20.60 36.59 0.0781
370.04 409.32 27.63 53.50 0.0779
290.59 156.94 37.54 45.11 0.0778
266.28 177.02 35.80 38.51 0.0773
217.14 152.81 31.46 42.01 0.0772
400.27 414.52 36.55 54.25 0.0770
553.97 91.99 26.87 32.88 0.0769
6.44 86.12 22.26 36.44 0.0769
296.76 125.26 41.56 47.42 0.0769
740.44 112.42 23.83 29.58 0.0761
551.86 212.11 48.38 67.70 0.0743
264.38 301.91 75.26 118.25 0.0742
594.42 128.26 28.81 33.69 0.0741
48.64 110.69 24.27 32.59 0.0728
86.86 2.55 23.95 20.94 0.0719
208.84 167.35 43.68 54.82 0.0718
180.37 178.85 34.47 56.21 0.0715
257.37 130.62 38.92 48.95 0.0710
506.80 471.78 69.72 80.81 0.0700
964.45 437.93 26.24 30.16 0.0698
35.89 25.77 23.00 30.06 0.0685
136.19 215.33 44.19 67.01 0.0682
827.77 87.49 48.82 60.33 0.0680
988.85 420.94 25.12 34.34 0.0678
153.42 154.44 26.49 37.74 0.0675
47.60 364.81 58.23 49.72 0.0664
118.83 42.61 29.45 32.26 0.0661
446.24 363.35 54.87 73.82 0.0659
806.20 101.91 40.44 45.19 0.0658
1000.51 117.62 21.84 35.95 0.0657
800.48 235.68 73.15 128.24 0.0655
497.83 120.54 43.27 43.05 0.0655
78.82 180.12 23.45 34.23 0.0651
780.56 107.87 35.68 36.78 0.0647
150.42 559.66 37.09 45.33 0.0647
118.58 245.16 20.81 34.46 0.0644
738.58 97.57 20.85 24.63 0.0642
128.88 427.33 80.79 57.96 0.0639
477.93 144.49 28.61 41.94 0.0633
147.84 451.51 45.32 38.87 0.0632
297.39 257.45 51.66 97.15 0.0632
118.87 181.53 19.63 34.24 0.0630
250.50 366.73 84.02 122.85 0.0626
44.76 247.23 21.08 33.05 0.0623
545.50 406.01 34.79 46.98 0.0623
180.72 224.52 39.83 64.77 0.0621
968.76 487.84 49.77 72.09 0.0619
655.58 76.31 28.53 31.16 0.0611
189.65 142.28 28.54 47.27 0.0607
370.77 150.66 30.99 41.13 0.0602
105.39 382.46 128.61 103.95 0.0600
387.02 383.91 56.41 70.58 0.0593
963.90 456.25 29.52 35.07 0.0591
119.39 144.01 19.13 40.66 0.0589
521.35 438.45 65.02 78.49 0.0585
796.39 304.14 63.65 68.99 0.0575
297.02 236.29 35.68 52.78 0.0574
110.11 1.14 33.18 32.48 0.0574
74.54 128.41 26.70 36.47 0.0574
440.63 150.49 33.65 49.28 0.0572
39.10 2.45 21.23 20.39 0.0566
43.66 205.04 20.62 30.97 0.0566
153.66 172.64 32.20 42.45 0.0565
741.12 369.96 25.01 25.41 0.0563
314.85 234.14 42.64 56.24 0.0560
821.40 112.80 50.72 63.37 0.0558
174.78 499.15 92.29 110.36 0.0558
110.34 9.85 35.91 49.02 0.0557
119.56 197.35 21.86 41.05 0.0556
499.27 423.73 59.78 69.20 0.0555
463.70 225.09 82.13 93.64 0.0555
146.55 192.61 43.04 62.06 0.0553
73.26 243.36 27.15 36.65 0.0548
8.89 204.42 23.37 35.74 0.0548
120.43 222.48 24.22 45.39 0.0547
420.09 487.43 54.26 68.58 0.0543
370.17 470.17 35.77 42.84 0.0543
590.31 274.93 82.72 95.64 0.0541
371.64 175.60 32.84 32.89 0.0539
411.81 129.68 31.62 39.99 0.0538
356.33 378.59 43.28 75.28 0.0531
610.67 201.28 66.63 92.73 0.0525
173.90 424.96 57.44 70.40 0.0523
733.45 385.33 29.20 30.21 0.0521
307.41 150.77 48.09 50.58 0.0521
695.96 115.11 25.33 26.94 0.0520
453.32 542.21 63.42 51.18 0.0519
787.07 403.69 82.87 64.16 0.0519
501.44 387.22 47.16 58.87 0.0517
169.51 360.81 88.89 104.00 0.0517
122.81 572.59 29.69 35.24 0.0516
982.88 451.65 35.83 47.34 0.0515
164.87 538.15 64.76 78.70 0.0511
523.17 66.36 50.79 45.42 0.0509
214.74 274.97 59.84 82.98 0.0509
275.14 593.13 91.94 56.87 0.0508
624.77 136.16 27.71 31.76 0.0508
423.16 537.29 63.50 55.09 0.0503
6.63 102.42 22.14 45.15 0.0502
186.07 70.14 24.97 34.54 0.0502
317.84 492.87 44.86 56.66 0.0501
