4_Dancing_Dancing_4_960
200
50.58 826.17 80.22 105.67 0.1923
927.93 0.00 81.00 106.36 0.1922
928.12 143.37 80.55 106.17 0.1920
928.12 215.23 80.55 106.17 0.1920
928.12 394.87 80.55 106.17 0.1920
50.63 107.57 80.16 105.72 0.1920
50.63 610.57 80.16 105.72 0.1920
50.58 287.17 80.22 105.78 0.1920
50.58 359.03 80.22 105.78 0.1920
50.58 430.88 80.22 105.78 0.1920
50.58 502.74 80.22 105.78 0.1920
928.13 466.73 80.52 106.13 0.1919
50.63 179.39 80.16 105.76 0.1918
891.59 71.59 80.20 105.70 0.1918
928.14 538.60 80.51 106.13 0.1917
891.63 143.36 80.23 105.87 0.1917
50.30 0.00 80.81 106.07 0.1917
928.18 826.02 80.44 106.12 0.1916
50.66 682.50 80.09 105.64 0.1916
50.66 754.36 80.09 105.64 0.1916
928.18 610.46 80.46 106.11 0.1916
928.18 682.32 80.46 106.11 0.1916
928.10 287.07 80.60 106.21 0.1916
891.31 0.00 80.90 106.16 0.1915
671.97 107.04 80.73 106.52 0.1915
598.55 0.00 81.19 106.38 0.1915
928.09 71.53 80.56 106.14 0.1915
891.79 862.20 79.92 105.44 0.1915
635.39 250.76 80.74 106.63 0.1915
635.07 0.00 81.25 106.40 0.1915
671.65 0.00 81.25 106.40 0.1915
708.47 142.98 80.81 106.62 0.1915
671.90 178.90 80.81 106.62 0.1915
123.41 681.93 80.72 106.57 0.1914
561.97 0.00 81.21 106.34 0.1914
306.02 0.00 81.19 106.35 0.1914
269.40 0.00 81.22 106.36 0.1914
854.60 0.00 81.16 106.37 0.1914
159.73 0.00 81.15 106.34 0.1913
488.88 0.00 81.15 106.34 0.1913
525.45 0.00 81.15 106.34 0.1913
818.02 0.00 81.15 106.34 0.1913
86.55 0.00 81.19 106.36 0.1913
196.26 0.00 81.19 106.36 0.1913
744.83 0.00 81.19 106.36 0.1913
781.41 0.00 81.19 106.36 0.1913
342.55 0.00 81.19 106.39 0.1913
708.27 0.00 81.19 106.39 0.1913
415.87 178.91 80.85 106.66 0.1913
379.07 0.00 81.25 106.38 0.1913
415.65 0.00 81.25 106.38 0.1913
452.22 0.00 81.25 106.38 0.1913
123.28 286.70 80.87 106.66 0.1913
708.54 717.83 80.73 106.52 0.1913
781.68 789.69 80.73 106.52 0.1913
818.26 789.69 80.73 106.52 0.1913
745.04 681.90 80.79 106.51 0.1913
745.04 789.69 80.79 106.51 0.1913
159.97 789.81 80.73 106.51 0.1913
13.82 143.62 80.23 105.62 0.1913
13.82 215.48 80.23 105.62 0.1913
13.82 610.69 80.23 105.62 0.1913
635.40 142.98 80.74 106.63 0.1912
489.05 214.84 80.82 106.64 0.1912
818.20 646.02 80.73 106.57 0.1912
159.97 717.84 80.74 106.63 0.1912
232.83 0.00 81.22 106.34 0.1912
671.90 645.98 80.81 106.62 0.1912
708.47 645.98 80.81 106.62 0.1912
196.47 681.91 80.81 106.62 0.1912
635.33 753.77 80.81 106.62 0.1912
671.90 753.77 80.81 106.62 0.1912
708.47 789.69 80.81 106.62 0.1912
196.47 825.62 80.81 106.62 0.1912
233.04 825.62 80.81 106.62 0.1912
269.61 825.62 80.81 106.62 0.1912
598.76 825.62 80.81 106.62 0.1912
635.33 825.62 80.81 106.62 0.1912
671.90 825.62 80.81 106.62 0.1912
928.19 754.17 80.43 106.12 0.1912
342.77 753.79 80.79 106.56 0.1912
379.40 142.97 80.72 106.66 0.1912
13.80 287.18 80.30 105.81 0.1912
13.80 359.04 80.30 105.81 0.1912
13.80 430.90 80.30 105.81 0.1912
13.80 502.75 80.30 105.81 0.1912
159.97 645.97 80.72 106.66 0.1912
818.26 717.83 80.72 106.66 0.1912
123.40 753.76 80.72 106.66 0.1912
13.80 826.11 80.30 105.81 0.1912
708.48 214.83 80.78 106.65 0.1911
233.05 645.97 80.78 106.65 0.1911
269.62 645.97 80.78 106.65 0.1911
781.62 645.97 80.78 106.65 0.1911
269.62 717.83 80.78 106.65 0.1911
781.62 717.83 80.78 106.65 0.1911
306.19 789.69 80.78 106.65 0.1911
891.65 682.34 80.11 105.69 0.1911
891.65 754.20 80.11 105.69 0.1911
489.28 861.76 80.46 106.38 0.1911
13.61 0.00 80.77 105.95 0.1911
123.11 0.00 81.24 106.38 0.1911
416.14 861.81 80.43 106.22 0.1911
13.87 682.56 80.18 105.60 0.1911
452.48 178.98 80.79 106.55 0.1911
269.62 214.91 80.79 106.55 0.1911
452.48 430.48 80.79 106.55 0.1911
562.14 825.62 80.83 106.69 0.1911
233.01 286.70 80.81 106.60 0.1911
196.48 178.91 80.81 106.62 0.1911
233.05 178.91 80.81 106.62 0.1911
452.71 861.81 80.45 106.33 0.1911
306.18 250.80 80.83 106.63 0.1910
86.75 107.08 80.82 106.61 0.1910
745.03 107.08 80.82 106.61 0.1910
159.86 214.85 80.87 106.66 0.1910
598.75 214.86 80.82 106.61 0.1910
671.90 250.77 80.80 106.60 0.1910
123.28 358.56 80.87 106.66 0.1910
86.71 394.49 80.87 106.66 0.1910
891.63 322.97 80.20 105.85 0.1910
891.63 538.55 80.20 105.85 0.1910
891.63 610.40 80.20 105.85 0.1910
306.25 107.19 80.63 106.35 0.1910
379.40 214.83 80.71 106.63 0.1910
635.40 322.62 80.71 106.63 0.1910
598.76 286.69 80.78 106.63 0.1910
854.76 645.98 80.78 106.63 0.1910
854.76 717.83 80.78 106.63 0.1910
854.76 789.69 80.78 106.63 0.1910
342.75 825.64 80.79 106.64 0.1910
13.83 71.63 80.23 105.74 0.1910
854.76 143.04 80.83 106.59 0.1910
196.49 250.78 80.75 106.58 0.1910
159.91 322.63 80.75 106.58 0.1910
159.91 394.49 80.75 106.58 0.1910
196.49 394.49 80.75 106.58 0.1910
233.06 394.49 80.75 106.58 0.1910
269.63 394.49 80.75 106.58 0.1910
87.01 861.86 80.48 106.15 0.1910
671.96 358.59 80.72 106.53 0.1910
269.67 466.44 80.72 106.50 0.1910
123.41 610.09 80.71 106.58 0.1910
123.58 861.83 80.38 106.15 0.1910
160.15 861.83 80.38 106.15 0.1910
306.44 861.83 80.38 106.15 0.1910
233.11 574.21 80.68 106.47 0.1909
233.05 717.88 80.77 106.57 0.1909
306.20 717.86 80.76 106.57 0.1909
379.34 753.81 80.77 106.57 0.1909
525.57 825.62 80.83 106.67 0.1909
818.17 71.17 80.81 106.56 0.1909
123.35 214.85 80.79 106.60 0.1909
708.49 286.70 80.79 106.60 0.1909
159.89 502.31 80.81 106.56 0.1909
196.46 502.31 80.81 106.56 0.1909
269.60 538.24 80.81 106.56 0.1909
306.17 538.24 80.81 106.56 0.1909
562.20 753.79 80.79 106.56 0.1909
598.77 753.79 80.79 106.56 0.1909
452.42 71.15 80.84 106.59 0.1909
781.62 107.05 80.78 106.65 0.1909
489.07 358.55 80.80 106.60 0.1909
781.64 358.55 80.80 106.60 0.1909
745.05 610.05 80.78 106.65 0.1909
635.33 681.90 80.78 106.65 0.1909
489.06 143.06 80.78 106.54 0.1909
745.03 286.67 80.84 106.63 0.1909
342.77 322.70 80.78 106.54 0.1909
342.77 394.56 80.78 106.54 0.1909
306.20 430.49 80.78 106.54 0.1909
415.91 430.49 80.78 106.54 0.1909
233.06 466.42 80.78 106.54 0.1909
452.48 250.80 80.81 106.60 0.1909
342.82 143.01 80.76 106.59 0.1909
854.75 214.87 80.82 106.58 0.1909
86.75 250.80 80.82 106.58 0.1909
818.20 574.14 80.76 106.59 0.1909
598.77 681.93 80.76 106.59 0.1909
415.92 753.79 80.76 106.59 0.1909
489.06 789.71 80.76 106.59 0.1909
525.59 178.91 80.86 106.64 0.1909
525.59 250.77 80.86 106.64 0.1909
489.02 430.41 80.86 106.64 0.1909
562.16 502.27 80.86 106.64 0.1909
379.57 861.78 80.49 106.21 0.1909
86.69 322.61 80.89 106.67 0.1908
306.19 322.59 80.79 106.66 0.1908
379.33 394.52 80.82 106.62 0.1908
196.48 610.10 80.80 106.52 0.1908
196.48 322.59 80.76 106.62 0.1908
269.63 322.59 80.76 106.62 0.1908
562.15 322.65 80.81 106.63 0.1908
123.29 430.42 80.86 106.66 0.1908
854.75 286.72 80.79 106.61 0.1908
854.75 394.50 80.79 106.61 0.1908
854.75 574.15 80.79 106.61 0.1908
86.75 753.79 80.79 106.61 0.1908
928.41 898.25 80.06 106.12 0.1908
745.04 178.91 80.80 106.60 0.1908
