4_Dancing_Dancing_4_375
200
927.89 0.00 81.03 78.68 0.1924
50.59 265.55 80.21 78.20 0.1921
50.59 318.69 80.21 78.20 0.1921
50.53 132.60 80.27 78.31 0.1921
50.55 371.82 80.24 78.23 0.1921
50.48 504.68 80.31 78.22 0.1921
50.48 52.89 80.34 78.42 0.1920
50.58 212.38 80.22 78.23 0.1920
50.54 424.94 80.25 78.26 0.1920
928.13 79.46 80.52 78.49 0.1919
928.13 132.61 80.52 78.49 0.1919
928.16 185.75 80.49 78.51 0.1919
159.76 0.00 81.21 78.65 0.1919
196.33 0.00 81.21 78.65 0.1919
854.62 0.00 81.21 78.65 0.1919
708.28 0.00 81.18 78.66 0.1918
818.00 0.00 81.18 78.66 0.1918
50.62 611.05 80.14 78.10 0.1918
744.86 0.00 81.27 78.67 0.1918
891.66 79.51 80.14 78.18 0.1918
379.18 0.00 81.17 78.67 0.1918
635.18 0.00 81.17 78.67 0.1918
891.64 132.63 80.19 78.24 0.1918
232.90 0.00 81.26 78.68 0.1917
50.59 557.84 80.16 78.19 0.1917
781.69 584.14 80.61 78.65 0.1917
818.26 584.14 80.61 78.65 0.1917
415.71 0.00 81.22 78.69 0.1917
452.28 0.00 81.32 78.69 0.1917
379.40 424.62 80.63 78.74 0.1917
306.18 318.34 80.69 78.74 0.1917
50.25 0.00 80.91 78.53 0.1917
928.21 584.34 80.40 78.46 0.1917
489.11 451.28 80.72 78.74 0.1916
342.82 344.91 80.74 78.83 0.1916
781.43 0.00 81.15 78.65 0.1916
159.97 584.11 80.62 78.68 0.1916
598.83 584.11 80.62 78.68 0.1916
745.11 584.11 80.62 78.68 0.1916
928.21 531.30 80.39 78.36 0.1915
123.15 0.00 81.28 78.67 0.1915
269.47 0.00 81.13 78.66 0.1915
306.04 0.00 81.13 78.66 0.1915
342.61 0.00 81.13 78.66 0.1915
488.90 0.00 81.13 78.66 0.1915
525.47 0.00 81.13 78.66 0.1915
598.61 0.00 81.13 78.66 0.1915
342.82 291.74 80.73 78.78 0.1915
671.97 291.74 80.73 78.78 0.1915
123.40 344.88 80.73 78.78 0.1915
269.68 344.88 80.73 78.78 0.1915
306.25 371.45 80.73 78.78 0.1915
415.97 371.45 80.73 78.78 0.1915
196.54 398.02 80.73 78.78 0.1915
233.11 424.59 80.73 78.78 0.1915
196.54 451.17 80.73 78.78 0.1915
233.11 477.74 80.73 78.78 0.1915
379.40 477.74 80.73 78.78 0.1915
525.68 477.74 80.73 78.78 0.1915
489.11 504.31 80.73 78.78 0.1915
269.68 557.45 80.73 78.78 0.1915
854.82 557.45 80.73 78.78 0.1915
233.11 584.02 80.73 78.78 0.1915
306.25 584.02 80.73 78.78 0.1915
452.54 584.02 80.73 78.78 0.1915
489.11 584.02 80.73 78.78 0.1915
635.40 584.02 80.73 78.78 0.1915
671.90 212.02 80.79 78.77 0.1915
598.76 291.74 80.79 78.77 0.1915
379.33 318.31 80.79 78.77 0.1915
269.61 504.31 80.79 78.77 0.1915
233.04 530.88 80.79 78.77 0.1915
928.20 398.36 80.41 78.45 0.1915
561.99 0.00 81.19 78.67 0.1915
671.71 0.00 81.19 78.67 0.1915
635.39 291.74 80.74 78.86 0.1915
708.54 291.74 80.74 78.86 0.1915
415.96 318.31 80.74 78.86 0.1915
781.68 318.31 80.74 78.86 0.1915
818.25 344.88 80.74 78.86 0.1915
379.39 371.45 80.74 78.86 0.1915
708.54 371.45 80.74 78.86 0.1915
745.11 371.45 80.74 78.86 0.1915
671.96 398.03 80.74 78.86 0.1915
196.54 504.31 80.74 78.86 0.1915
708.54 530.88 80.74 78.86 0.1915
745.11 530.88 80.74 78.86 0.1915
781.68 530.88 80.74 78.86 0.1915
818.18 265.17 80.81 78.85 0.1915
818.18 504.31 80.81 78.85 0.1915
13.52 0.00 80.89 78.33 0.1914
415.98 424.64 80.70 78.70 0.1914
562.26 584.11 80.62 78.68 0.1913
635.40 212.11 80.71 78.69 0.1913
452.55 398.11 80.71 78.69 0.1913
525.69 557.54 80.71 78.69 0.1913
379.40 584.11 80.71 78.69 0.1913
342.81 398.05 80.75 78.76 0.1913
671.89 610.62 80.81 78.76 0.1913
86.57 0.00 81.28 78.67 0.1913
854.82 371.46 80.74 78.84 0.1913
818.18 424.60 80.70 78.77 0.1913
452.47 504.31 80.70 78.77 0.1913
123.33 584.03 80.70 78.77 0.1913
269.60 212.05 80.82 78.84 0.1913
598.82 238.74 80.64 78.63 0.1913
379.32 265.19 80.82 78.84 0.1913
415.89 265.19 80.82 78.84 0.1913
854.75 318.31 80.80 78.84 0.1913
196.54 344.97 80.63 78.76 0.1913
233.11 344.88 80.73 78.78 0.1913
159.97 371.45 80.73 78.78 0.1913
269.68 398.03 80.73 78.78 0.1913
489.11 398.03 80.73 78.78 0.1913
159.97 424.60 80.73 78.78 0.1913
306.25 424.60 80.73 78.78 0.1913
123.40 451.17 80.73 78.78 0.1913
342.83 451.17 80.73 78.78 0.1913
452.54 451.31 80.64 78.63 0.1913
159.97 477.74 80.73 78.78 0.1913
415.97 477.74 80.73 78.78 0.1913
598.83 504.31 80.73 78.77 0.1913
415.97 530.88 80.73 78.78 0.1913
196.54 557.45 80.73 78.78 0.1913
86.83 584.03 80.73 78.78 0.1913
342.83 584.03 80.73 78.78 0.1913
708.54 584.03 80.73 78.78 0.1913
891.61 185.73 80.22 78.28 0.1913
306.19 265.17 80.79 78.77 0.1913
562.19 291.74 80.79 78.77 0.1913
306.19 477.74 80.79 78.77 0.1913
562.19 477.74 80.79 78.77 0.1913
123.33 530.88 80.79 78.77 0.1913
379.33 530.88 80.79 78.77 0.1913
891.31 0.00 80.90 78.51 0.1913
269.69 451.26 80.73 78.77 0.1913
928.21 318.65 80.41 78.44 0.1913
928.21 451.51 80.41 78.44 0.1913
13.76 52.97 80.28 78.19 0.1912
708.54 212.03 80.74 78.86 0.1912
233.11 291.74 80.74 78.86 0.1912
745.11 291.74 80.74 78.86 0.1912
452.54 318.31 80.74 78.86 0.1912
671.97 344.89 80.74 78.86 0.1912
86.82 398.03 80.74 78.86 0.1912
123.40 398.03 80.74 78.86 0.1912
562.25 398.03 80.74 78.86 0.1912
525.68 424.60 80.74 78.86 0.1912
708.54 424.60 80.74 78.86 0.1912
745.11 424.60 80.74 78.86 0.1912
781.68 424.60 80.74 78.86 0.1912
635.40 451.17 80.74 78.86 0.1912
708.54 477.74 80.74 78.86 0.1912
781.68 477.74 80.74 78.86 0.1912
635.40 504.31 80.74 78.86 0.1912
671.97 504.31 80.74 78.86 0.1912
854.82 504.31 80.74 78.86 0.1912
306.25 530.89 80.74 78.86 0.1912
671.97 557.46 80.74 78.86 0.1912
745.04 212.03 80.81 78.85 0.1912
269.61 265.17 80.81 78.85 0.1912
598.76 371.46 80.81 78.85 0.1912
635.33 371.46 80.81 78.85 0.1912
781.61 371.46 80.81 78.85 0.1912
598.76 424.60 80.81 78.85 0.1912
86.76 451.17 80.81 78.85 0.1912
86.76 504.31 80.81 78.85 0.1912
159.90 530.89 80.81 78.85 0.1912
342.76 530.89 80.81 78.85 0.1912
562.18 530.89 80.81 78.85 0.1912
525.69 371.47 80.72 78.81 0.1912
13.80 106.10 80.30 78.26 0.1912
13.80 159.25 80.30 78.26 0.1912
13.80 212.39 80.30 78.26 0.1912
13.80 265.53 80.30 78.26 0.1912
13.80 424.96 80.30 78.26 0.1912
671.97 451.17 80.72 78.88 0.1912
13.80 478.10 80.30 78.26 0.1912
745.11 477.74 80.72 78.88 0.1912
489.05 318.31 80.78 78.87 0.1911
525.62 318.31 80.78 78.87 0.1911
196.53 610.65 80.76 78.81 0.1911
269.67 610.65 80.76 78.81 0.1911
562.27 344.90 80.70 78.83 0.1911
489.05 52.65 80.79 78.80 0.1911
525.62 52.65 80.79 78.80 0.1911
159.91 79.23 80.79 78.80 0.1911
562.26 238.67 80.74 78.76 0.1911
86.72 105.78 80.82 78.82 0.1911
525.59 105.74 80.86 78.87 0.1911
562.16 105.74 80.86 78.87 0.1911
854.73 185.46 80.86 78.87 0.1911
598.84 185.47 80.61 78.71 0.1911
854.82 610.76 80.74 78.63 0.1911
342.75 79.19 80.83 78.86 0.1910
379.32 79.19 80.83 78.86 0.1910
415.90 79.19 80.83 78.86 0.1910
452.47 79.19 80.83 78.86 0.1910
598.75 79.19 80.83 78.86 0.1910
635.32 79.19 80.83 78.86 0.1910
