4_Dancing_Dancing_4_162
200
927.92 0.00 81.01 71.06 0.1927
50.59 431.85 80.21 70.63 0.1921
50.53 359.77 80.27 70.73 0.1921
50.48 479.84 80.31 70.65 0.1921
50.48 551.84 80.31 70.65 0.1921
50.63 167.86 80.16 70.62 0.1920
50.59 95.84 80.19 70.64 0.1920
50.58 239.83 80.22 70.66 0.1920
928.16 311.78 80.49 70.91 0.1919
50.53 287.77 80.27 70.73 0.1919
50.59 47.82 80.19 70.67 0.1918
50.30 0.00 80.72 70.85 0.1917
928.18 47.77 80.47 70.91 0.1916
818.25 383.50 80.73 71.15 0.1915
123.12 0.00 81.19 71.06 0.1915
635.12 0.00 81.19 71.06 0.1915
708.26 0.00 81.19 71.06 0.1915
928.20 503.81 80.41 70.85 0.1915
415.97 71.61 80.61 71.04 0.1915
781.68 407.51 80.74 71.23 0.1915
818.25 431.51 80.74 71.23 0.1915
781.68 479.51 80.74 71.23 0.1915
818.25 479.51 80.74 71.23 0.1915
745.11 503.51 80.74 71.23 0.1915
489.11 527.51 80.74 71.23 0.1915
525.68 527.51 80.74 71.23 0.1915
818.25 527.51 80.74 71.23 0.1915
671.65 0.00 81.25 71.07 0.1915
745.04 455.51 80.81 71.22 0.1915
708.47 479.51 80.81 71.22 0.1915
269.61 551.51 80.81 71.22 0.1915
415.73 0.00 81.16 71.04 0.1914
525.69 383.52 80.72 71.19 0.1914
745.12 407.52 80.72 71.19 0.1914
928.17 95.79 80.46 70.88 0.1914
928.18 263.78 80.44 70.89 0.1914
928.18 383.78 80.44 70.89 0.1914
928.18 455.78 80.44 70.89 0.1914
452.47 479.50 80.78 71.24 0.1914
452.47 527.50 80.78 71.24 0.1914
13.59 0.00 80.80 70.81 0.1914
452.26 0.00 81.22 71.05 0.1914
488.83 0.00 81.22 71.05 0.1914
232.88 0.00 81.15 71.04 0.1913
269.45 0.00 81.15 71.04 0.1913
306.02 0.00 81.15 71.04 0.1913
854.59 0.00 81.15 71.04 0.1913
744.83 0.00 81.19 71.05 0.1913
781.41 0.00 81.19 71.05 0.1913
525.41 0.00 81.19 71.07 0.1913
415.97 119.51 80.73 71.15 0.1913
854.75 431.51 80.80 71.21 0.1913
306.25 527.51 80.73 71.15 0.1913
562.02 0.00 81.16 71.02 0.1913
598.59 0.00 81.16 71.02 0.1913
452.54 71.63 80.73 71.03 0.1913
928.21 191.81 80.41 70.85 0.1913
928.21 551.81 80.41 70.85 0.1913
342.64 0.00 81.10 71.03 0.1912
598.82 71.51 80.74 71.23 0.1912
635.40 95.51 80.74 71.23 0.1912
452.54 119.51 80.74 71.23 0.1912
489.11 119.51 80.74 71.23 0.1912
489.11 191.51 80.74 71.23 0.1912
525.68 311.51 80.74 71.23 0.1912
415.91 455.53 80.73 71.19 0.1912
671.97 479.51 80.74 71.23 0.1912
269.68 503.51 80.74 71.23 0.1912
562.25 503.51 80.74 71.23 0.1912
598.82 503.51 80.74 71.23 0.1912
379.40 527.51 80.74 71.23 0.1912
415.97 527.51 80.74 71.23 0.1912
635.40 527.51 80.74 71.23 0.1912
671.97 527.51 80.74 71.23 0.1912
781.68 527.51 80.74 71.23 0.1912
86.60 0.00 81.13 71.04 0.1912
342.76 119.51 80.81 71.22 0.1912
196.47 191.51 80.81 71.22 0.1912
13.81 215.86 80.25 70.63 0.1912
562.18 311.51 80.81 71.22 0.1912
489.04 479.51 80.81 71.22 0.1912
342.76 503.51 80.81 71.22 0.1912
708.47 527.51 80.81 71.22 0.1912
854.76 527.51 80.81 71.22 0.1912
233.04 551.51 80.81 71.22 0.1912
342.76 551.51 80.81 71.22 0.1912
562.18 551.51 80.81 71.22 0.1912
598.76 551.51 80.81 71.22 0.1912
891.31 0.00 80.89 70.90 0.1912
159.69 0.00 81.21 71.06 0.1912
196.26 0.00 81.21 71.06 0.1912
817.97 0.00 81.21 71.06 0.1912
452.55 167.52 80.72 71.18 0.1912
562.27 359.52 80.72 71.18 0.1912
635.41 431.52 80.72 71.18 0.1912
123.34 71.52 80.79 71.18 0.1912
708.48 407.52 80.79 71.18 0.1912
745.10 71.56 80.73 71.15 0.1912
13.80 287.84 80.30 70.68 0.1912
13.80 383.84 80.30 70.68 0.1912
379.40 479.50 80.72 71.24 0.1912
13.80 503.84 80.30 70.68 0.1912
671.90 71.50 80.78 71.24 0.1911
525.62 119.50 80.78 71.24 0.1911
233.05 167.50 80.78 71.24 0.1911
196.48 287.50 80.78 71.24 0.1911
489.05 407.50 80.78 71.24 0.1911
452.48 431.50 80.78 71.24 0.1911
196.48 551.50 80.78 71.24 0.1911
416.18 575.72 80.42 70.88 0.1911
123.33 191.51 80.70 71.13 0.1911
233.01 311.52 80.84 71.23 0.1911
854.81 359.53 80.76 71.20 0.1911
196.56 407.52 80.70 71.20 0.1911
781.62 95.56 80.79 71.17 0.1911
269.63 143.52 80.76 71.20 0.1911
781.62 143.56 80.79 71.17 0.1911
342.76 215.56 80.79 71.17 0.1911
379.33 215.56 80.79 71.17 0.1911
123.35 239.52 80.76 71.20 0.1911
781.62 239.56 80.79 71.17 0.1911
562.20 263.52 80.76 71.20 0.1911
415.91 311.56 80.79 71.17 0.1911
196.49 359.52 80.76 71.20 0.1911
671.92 431.52 80.76 71.20 0.1911
854.75 479.53 80.82 71.20 0.1911
928.39 600.01 80.12 70.91 0.1911
160.13 575.66 80.41 70.94 0.1911
306.24 383.57 80.73 71.12 0.1911
379.19 0.00 81.10 71.04 0.1911
745.04 119.48 80.80 71.25 0.1911
635.32 311.54 80.82 71.23 0.1911
489.10 71.57 80.76 71.10 0.1910
379.39 95.53 80.76 71.22 0.1910
159.96 215.53 80.76 71.22 0.1910
86.75 335.53 80.83 71.23 0.1910
525.68 431.51 80.74 71.21 0.1910
562.24 431.53 80.76 71.22 0.1910
598.82 455.53 80.76 71.22 0.1910
635.39 479.53 80.76 71.22 0.1910
562.18 71.51 80.80 71.21 0.1910
598.76 119.51 80.80 71.21 0.1910
708.43 119.52 80.87 71.25 0.1910
269.57 239.52 80.87 71.25 0.1910
123.32 479.53 80.82 71.21 0.1910
86.75 551.53 80.82 71.21 0.1910
123.32 551.53 80.82 71.21 0.1910
745.03 551.53 80.82 71.21 0.1910
891.63 311.74 80.20 70.71 0.1910
891.76 575.90 80.00 70.44 0.1910
671.84 119.48 80.87 71.27 0.1910
635.27 167.48 80.87 71.27 0.1910
708.41 311.50 80.89 71.27 0.1910
196.54 143.54 80.74 71.18 0.1910
928.21 143.82 80.41 70.85 0.1910
159.97 167.54 80.74 71.18 0.1910
635.36 239.55 80.71 71.13 0.1910
598.83 383.54 80.74 71.18 0.1910
854.75 287.53 80.85 71.24 0.1910
635.34 359.53 80.81 71.20 0.1910
159.90 479.54 80.80 71.17 0.1910
233.05 215.51 80.78 71.23 0.1910
196.48 239.51 80.78 71.23 0.1910
489.32 575.70 80.30 70.92 0.1910
525.89 575.70 80.30 70.92 0.1910
13.87 143.93 80.20 70.56 0.1910
123.34 143.52 80.67 71.18 0.1910
342.77 263.52 80.75 71.20 0.1910
13.83 335.86 80.22 70.59 0.1910
50.84 600.06 79.71 70.64 0.1910
159.98 71.52 80.69 71.19 0.1910
415.98 167.52 80.69 71.19 0.1910
269.55 359.51 80.86 71.24 0.1910
379.58 575.70 80.38 70.91 0.1910
452.73 575.68 80.36 70.97 0.1910
635.58 575.70 80.38 70.91 0.1910
306.20 143.52 80.76 71.18 0.1909
379.35 143.52 80.76 71.18 0.1909
598.77 167.52 80.76 71.18 0.1909
598.77 239.52 80.76 71.18 0.1909
196.48 479.54 80.77 71.19 0.1909
672.16 575.70 80.47 70.91 0.1909
781.60 47.54 80.81 71.18 0.1909
781.60 287.54 80.81 71.18 0.1909
342.74 359.54 80.81 71.18 0.1909
379.31 359.54 80.81 71.18 0.1909
708.70 575.65 80.38 70.99 0.1909
13.82 431.82 80.28 70.68 0.1909
86.76 95.51 80.78 71.24 0.1909
489.05 335.51 80.78 71.24 0.1909
233.05 431.51 80.78 71.24 0.1909
525.62 71.54 80.78 71.08 0.1909
745.06 167.56 80.78 71.17 0.1909
306.17 191.50 80.84 71.23 0.1909
745.06 215.56 80.78 71.17 0.1909
708.49 239.56 80.78 71.17 0.1909
415.91 263.56 80.78 71.17 0.1909
379.34 311.56 80.78 71.17 0.1909
525.70 263.52 80.70 71.20 0.1909
745.02 287.46 80.83 71.26 0.1909
