9_Press_Conference_Press_Conference_9_563
178
385.53 132.23 200.86 214.28 0.6769
791.50 223.69 124.56 126.14 0.3876
108.49 337.79 84.23 97.38 0.3678
854.33 428.17 66.02 90.27 0.2691
407.53 245.01 150.49 118.32 0.2605
597.16 479.34 69.88 75.62 0.2570
128.29 311.72 117.06 124.36 0.2568
637.47 487.40 60.04 66.08 0.2552
586.64 451.21 45.35 51.64 0.2257
949.90 354.37 71.68 113.96 0.2175
473.33 417.74 80.79 88.52 0.2127
910.83 536.06 30.18 39.35 0.2113
663.39 361.55 47.48 58.71 0.2041
576.41 408.52 44.99 62.62 0.1994
899.93 628.74 45.00 44.49 0.1816
791.10 365.02 37.11 39.66 0.1803
136.89 471.04 91.55 87.02 0.1791
161.97 232.57 73.71 88.05 0.1647
684.25 390.73 80.86 86.99 0.1631
874.19 406.42 83.48 99.35 0.1631
118.95 429.06 160.38 148.34 0.1609
893.00 291.63 63.56 58.44 0.1599
716.92 384.13 99.11 117.00 0.1594
542.30 355.54 48.80 50.01 0.1577
847.89 558.12 60.70 59.37 0.1566
5.17 632.27 45.87 47.92 0.1552
249.10 492.50 55.24 74.68 0.1551
59.51 288.88 111.64 152.14 0.1534
158.75 411.98 101.09 117.34 0.1529
535.03 412.11 62.81 75.40 0.1471
967.30 535.08 54.88 73.42 0.1466
871.47 43.28 55.55 46.85 0.1450
908.30 331.22 70.28 81.98 0.1429
730.05 483.07 44.18 43.86 0.1411
155.83 152.06 85.43 105.19 0.1393
766.78 392.81 80.87 112.70 0.1390
947.29 549.39 52.63 66.29 0.1360
928.31 303.92 46.01 49.41 0.1355
752.49 352.23 72.30 71.17 0.1302
213.24 318.01 149.63 153.78 0.1295
913.73 315.53 50.88 59.26 0.1295
735.38 431.60 70.42 81.80 0.1262
4.35 423.35 29.67 58.42 0.1234
619.21 527.71 83.16 83.84 0.1226
429.84 387.61 131.62 137.75 0.1219
685.95 312.12 83.39 101.49 0.1209
862.32 185.41 51.26 43.35 0.1207
280.12 544.93 53.34 68.93 0.1203
615.05 364.34 47.60 60.63 0.1197
784.88 325.18 77.94 80.03 0.1173
535.31 28.64 146.42 139.04 0.1166
105.69 389.00 111.36 121.64 0.1146
693.21 313.09 57.78 57.74 0.1135
641.81 445.44 63.89 72.34 0.1111
837.01 398.79 75.78 88.95 0.1106
554.10 379.85 67.19 77.62 0.1103
572.50 541.03 78.21 80.26 0.1095
6.49 506.80 30.29 58.00 0.1074
140.95 261.82 93.19 109.80 0.1059
487.46 357.25 102.75 94.63 0.1057
53.51 348.03 89.82 145.82 0.1031
548.24 42.06 53.59 51.06 0.1029
310.41 526.63 56.13 68.01 0.1024
826.21 307.30 65.95 62.68 0.1021
292.03 548.48 75.01 83.12 0.1021
824.91 185.25 69.05 50.91 0.1017
712.99 293.39 64.36 60.77 0.1012
599.60 427.37 47.86 58.69 0.1007
858.02 587.28 62.86 64.14 0.1002
516.07 335.22 76.76 59.97 0.0995
446.09 552.37 79.16 70.98 0.0992
848.16 292.06 75.59 84.73 0.0989
221.27 382.95 90.59 112.52 0.0969
845.21 233.35 116.04 115.95 0.0960
971.93 318.89 52.07 71.10 0.0960
167.41 494.70 109.85 100.45 0.0945
525.84 474.96 80.87 88.32 0.0942
459.98 583.51 90.40 87.40 0.0933
671.01 487.60 68.96 65.05 0.0925
832.67 0.00 53.07 37.15 0.0921
549.66 324.61 69.86 62.98 0.0916
308.52 400.29 103.73 95.68 0.0915
94.89 485.32 84.42 82.83 0.0900
791.29 440.23 59.76 73.81 0.0896
651.68 404.53 78.47 85.90 0.0893
861.66 50.30 78.84 73.75 0.0888
723.65 147.85 101.16 92.61 0.0887
869.85 605.36 65.91 70.61 0.0882
936.87 407.16 57.53 83.87 0.0878
193.55 240.74 93.72 109.49 0.0878
242.47 423.41 52.15 60.53 0.0869
966.67 406.31 54.68 82.67 0.0866
351.69 371.18 107.11 118.78 0.0855
957.80 137.85 49.96 65.24 0.0853
804.91 199.35 98.77 86.72 0.0838
711.37 186.43 75.09 85.81 0.0835
488.44 475.13 83.36 99.97 0.0834
479.45 520.58 82.44 83.95 0.0822
539.99 514.76 84.12 79.51 0.0818
16.81 382.37 87.61 117.33 0.0813
76.55 523.02 46.80 49.91 0.0803
364.17 579.35 74.91 65.43 0.0795
949.47 131.63 74.53 113.24 0.0792
392.01 584.24 69.98 73.26 0.0791
314.59 445.48 81.03 93.69 0.0790
299.36 618.12 62.52 60.35 0.0788
335.32 513.77 60.80 69.63 0.0777
586.78 229.69 98.22 135.34 0.0761
864.64 376.85 77.00 79.33 0.0759
547.44 639.58 70.79 41.42 0.0759
970.48 95.58 46.47 45.70 0.0757
434.88 484.20 81.08 76.81 0.0757
770.96 175.81 109.80 91.32 0.0755
841.34 527.87 53.58 71.45 0.0754
47.80 428.46 64.29 72.31 0.0747
57.04 470.59 64.86 81.34 0.0741
662.11 306.22 50.85 55.11 0.0741
833.69 21.05 77.94 74.15 0.0739
259.81 396.57 105.72 116.01 0.0737
453.22 320.79 85.46 67.38 0.0736
845.23 478.51 59.78 59.64 0.0733
0.00 600.33 39.26 70.39 0.0727
487.70 291.22 110.03 82.47 0.0719
307.47 196.89 114.83 145.46 0.0716
176.05 292.71 86.50 113.54 0.0715
918.89 21.07 98.37 104.33 0.0709
941.55 80.58 64.29 63.62 0.0703
944.85 637.85 43.08 43.15 0.0702
907.49 508.35 38.82 44.66 0.0696
243.28 241.30 152.55 181.07 0.0695
0.65 538.20 32.28 55.39 0.0694
538.95 193.18 79.04 91.83 0.0693
93.81 276.22 65.98 78.04 0.0692
536.71 215.60 104.52 118.28 0.0689
0.00 573.87 30.19 52.55 0.0685
8.38 299.84 114.07 144.64 0.0677
620.68 611.42 76.98 62.52 0.0673
0.00 463.21 34.69 61.24 0.0667
901.19 549.55 53.22 71.94 0.0665
388.51 438.75 76.32 86.99 0.0665
338.44 175.11 157.54 169.13 0.0662
865.74 332.53 74.82 80.64 0.0660
902.43 138.18 53.85 53.50 0.0658
270.45 226.39 80.27 90.78 0.0652
278.14 577.33 65.90 80.24 0.0650
255.72 302.16 186.93 192.95 0.0649
804.80 0.00 65.43 49.53 0.0649
952.15 248.64 46.10 53.94 0.0647
798.69 50.30 139.86 136.62 0.0642
759.32 485.55 44.56 51.76 0.0641
20.27 603.37 44.69 65.13 0.0634
831.18 630.49 87.33 50.51 0.0630
977.36 299.83 46.64 57.85 0.0627
600.98 631.08 75.85 49.92 0.0625
682.94 119.04 88.16 108.58 0.0625
541.59 579.82 74.37 62.36 0.0625
897.27 23.00 48.96 43.50 0.0621
981.47 279.73 39.55 42.49 0.0614
624.78 336.81 51.44 62.34 0.0613
362.73 21.13 34.80 36.66 0.0605
686.24 70.56 97.14 103.76 0.0601
403.22 521.03 65.45 59.91 0.0588
17.52 507.14 50.33 69.30 0.0581
88.87 556.45 50.62 58.50 0.0572
614.79 41.14 123.14 134.31 0.0572
199.64 530.33 62.70 67.23 0.0563
435.36 367.39 77.57 74.35 0.0552
964.93 589.76 55.70 70.73 0.0547
869.26 0.00 56.98 33.76 0.0543
549.80 149.28 89.81 117.89 0.0542
542.33 268.88 98.37 110.73 0.0539
0.75 356.13 55.03 79.86 0.0538
354.78 155.83 77.82 132.94 0.0533
770.63 542.84 94.53 103.51 0.0523
571.64 618.22 71.00 56.27 0.0523
787.18 493.81 58.36 53.46 0.0519
937.18 504.92 56.07 68.11 0.0517
716.20 545.36 65.19 81.05 0.0514
