9_Press_Conference_Press_Conference_9_252
22
242.65 117.58 454.08 561.82 0.5982
510.61 147.87 232.57 392.39 0.1766
562.15 589.77 239.74 428.17 0.1429
372.80 470.63 349.41 553.37 0.1020
480.64 337.20 478.77 686.80 0.0968
164.58 640.91 133.40 262.92 0.0890
36.90 588.67 114.33 170.94 0.0807
40.65 640.69 46.23 83.77 0.0787
567.45 260.51 235.54 407.60 0.0735
68.75 396.98 104.75 199.00 0.0698
36.91 397.22 55.42 117.29 0.0698
140.73 575.39 212.49 423.32 0.0662
34.08 315.98 64.27 134.43 0.0595
33.72 456.34 68.01 138.99 0.0582
175.48 643.65 53.89 173.79 0.0575
80.21 344.91 95.06 152.25 0.0562
38.81 591.00 55.31 105.41 0.0561
679.73 157.35 226.07 372.73 0.0529
42.77 835.87 36.71 56.33 0.0528
45.02 382.25 96.91 148.19 0.0519
978.34 727.51 45.04 160.54 0.0507
36.38 684.86 64.15 117.86 0.0503
