11_Meeting_Meeting_11_Meeting_Meeting_11_250
66
96.66 123.56 48.93 55.68 0.8999
857.36 128.08 56.38 61.76 0.8817
216.36 204.37 43.80 45.03 0.8575
590.75 145.48 48.23 51.91 0.8419
698.38 164.98 48.76 47.18 0.8119
470.27 186.35 33.68 39.14 0.8089
344.15 173.53 41.71 41.94 0.5454
545.83 363.01 26.30 26.35 0.2832
656.86 370.25 27.22 28.26 0.1800
774.63 397.84 25.57 29.92 0.1364
481.73 327.54 36.64 29.04 0.1333
503.83 325.24 36.09 26.46 0.1332
59.18 384.05 37.49 40.41 0.1271
867.21 346.43 43.53 42.51 0.1250
220.96 210.14 60.59 59.46 0.1247
415.55 367.09 27.01 24.71 0.1159
204.45 210.72 73.82 136.06 0.1102
322.06 384.87 29.81 25.38 0.1020
509.33 338.75 36.68 35.30 0.0970
414.93 222.04 29.99 27.20 0.0941
473.16 116.66 38.91 50.46 0.0935
872.57 339.36 70.44 62.74 0.0828
277.13 225.27 51.44 63.71 0.0814
645.33 388.64 60.97 77.95 0.0810
287.39 350.03 29.90 32.11 0.0797
412.85 200.83 27.02 27.19 0.0755
454.23 185.26 34.70 37.98 0.0755
456.69 90.27 49.93 48.82 0.0755
292.24 263.38 43.57 75.71 0.0744
197.13 209.93 51.94 54.42 0.0720
663.53 190.59 30.74 36.37 0.0718
412.97 231.78 33.04 39.03 0.0715
540.73 211.90 32.27 35.24 0.0699
544.12 324.89 32.41 26.81 0.0695
444.37 325.32 28.84 30.48 0.0694
259.19 362.35 41.18 37.54 0.0655
519.43 353.69 34.71 41.56 0.0651
961.27 370.14 62.73 115.71 0.0651
950.59 273.89 73.41 136.06 0.0615
877.13 156.20 60.12 45.74 0.0608
773.19 390.14 42.81 58.45 0.0604
76.01 199.94 41.48 54.91 0.0599
848.35 319.47 59.60 72.09 0.0596
248.60 326.71 53.40 64.06 0.0592
795.03 290.30 37.77 61.93 0.0592
225.14 279.01 62.99 88.73 0.0584
253.46 373.00 31.13 33.81 0.0584
302.88 178.04 28.68 37.09 0.0580
353.33 271.56 53.19 66.11 0.0568
799.49 110.51 59.78 79.91 0.0560
443.42 337.33 31.74 33.73 0.0559
634.70 367.78 26.81 30.05 0.0557
516.73 231.67 27.96 37.85 0.0552
605.70 5.59 310.60 223.62 0.0549
425.07 357.79 43.06 43.07 0.0547
207.67 0.00 299.04 228.22 0.0544
429.56 199.69 38.98 44.09 0.0543
0.00 369.59 29.09 59.61 0.0542
116.72 125.21 52.95 56.14 0.0529
504.56 213.10 35.76 36.41 0.0527
410.19 349.83 29.99 34.84 0.0526
331.27 32.46 139.67 131.97 0.0518
192.75 186.28 27.26 44.54 0.0518
490.86 346.57 138.39 153.47 0.0516
0.00 168.35 28.77 56.83 0.0515
305.16 384.81 38.48 32.47 0.0513
