11_Meeting_Meeting_11_Meeting_Meeting_11_223
181
597.06 556.56 71.60 102.44 0.4443
727.86 512.13 38.00 58.62 0.4045
660.45 490.65 39.18 46.01 0.2824
382.18 104.34 50.93 79.93 0.2703
445.37 641.69 50.48 41.31 0.2124
635.25 501.87 53.54 84.83 0.1829
346.47 44.13 50.22 75.96 0.1746
434.93 106.08 39.54 61.29 0.1571
620.44 482.06 31.52 39.59 0.1549
687.34 492.46 72.97 82.99 0.1523
370.60 6.81 32.35 43.61 0.1500
883.39 86.02 27.35 35.59 0.1498
616.17 455.56 33.82 39.63 0.1445
656.20 455.82 48.78 54.76 0.1418
814.40 503.38 22.65 36.68 0.1379
9.43 634.60 31.91 46.26 0.1364
616.04 521.36 63.87 102.72 0.1361
672.51 458.55 68.59 67.62 0.1316
586.22 465.32 39.17 55.34 0.1314
924.74 437.24 19.35 29.40 0.1261
553.35 440.45 25.61 33.33 0.1256
884.14 463.58 19.99 27.19 0.1208
994.52 259.51 21.03 40.70 0.1173
695.15 245.39 30.23 26.67 0.1158
849.31 485.89 20.18 26.45 0.1154
961.64 295.40 17.45 32.00 0.1150
547.10 449.29 41.68 74.46 0.1147
331.90 37.72 84.65 123.43 0.1136
7.04 602.81 19.83 29.04 0.1118
883.01 55.79 21.51 18.40 0.1109
557.82 129.39 15.59 17.70 0.1103
223.59 366.19 23.86 22.81 0.1099
961.85 307.46 21.39 36.84 0.1098
960.94 463.34 16.29 27.02 0.1086
553.03 601.22 64.22 77.02 0.1071
624.28 492.12 41.77 59.88 0.1065
846.25 438.45 22.54 32.97 0.1026
119.90 585.91 40.77 54.08 0.1019
580.17 523.18 67.03 108.72 0.1014
815.11 488.77 21.83 32.93 0.1012
586.19 438.01 27.43 30.33 0.1011
997.06 282.83 20.94 38.56 0.1001
745.33 499.68 57.35 66.63 0.0983
213.17 340.94 36.73 43.91 0.0973
917.01 482.43 25.74 33.52 0.0968
849.92 461.91 19.04 28.68 0.0962
886.91 290.84 18.31 26.48 0.0946
426.99 124.79 48.84 84.97 0.0937
516.17 442.31 26.34 29.19 0.0935
44.30 213.89 19.73 38.46 0.0920
227.21 407.79 25.69 29.92 0.0914
541.22 486.54 43.13 58.41 0.0893
185.98 340.50 37.89 42.48 0.0892
815.15 461.03 19.65 29.95 0.0883
901.27 78.11 35.59 34.35 0.0881
26.79 631.38 41.10 51.14 0.0875
922.56 452.62 22.56 34.42 0.0870
992.84 237.73 21.87 46.24 0.0867
991.97 328.59 32.03 78.65 0.0851
257.48 406.41 32.86 31.04 0.0851
815.83 438.39 23.44 35.80 0.0850
485.16 398.28 15.82 16.99 0.0849
225.83 388.56 25.21 27.77 0.0843
991.89 302.40 27.95 52.05 0.0835
614.75 437.72 39.04 42.13 0.0834
257.87 422.92 41.11 41.44 0.0821
158.73 419.73 13.29 16.37 0.0815
502.24 471.57 42.84 65.07 0.0805
714.70 67.38 90.90 65.76 0.0805
612.65 648.02 47.02 34.98 0.0804
387.01 0.00 62.43 40.61 0.0803
156.93 439.86 16.46 21.38 0.0801
850.96 77.63 20.71 25.16 0.0801
207.85 466.27 65.03 51.59 0.0799
186.15 387.26 24.83 27.94 0.0796
808.42 522.58 29.29 59.53 0.0795
714.35 450.58 67.66 88.64 0.0790
962.19 264.70 21.05 35.99 0.0787
882.09 472.62 28.54 38.71 0.0781
1.14 574.23 23.45 42.30 0.0780
548.14 530.70 49.39 76.41 0.0773
681.12 207.74 54.99 59.92 0.0769
959.51 325.56 23.01 48.86 0.0765
225.69 433.75 29.00 31.08 0.0759
886.67 231.45 25.92 38.17 0.0754
539.44 646.63 56.35 36.37 0.0750
184.93 368.15 29.83 31.40 0.0746
177.87 138.57 96.57 108.21 0.0737
189.93 412.42 19.18 23.58 0.0734
557.84 144.91 15.91 21.24 0.0732
905.07 212.70 36.16 54.58 0.0729
923.29 339.35 16.51 30.71 0.0727
466.52 115.60 35.55 48.01 0.0725
42.48 193.69 20.48 38.46 0.0723
841.72 499.94 32.68 46.12 0.0722
958.67 506.66 22.09 37.16 0.0717
960.64 479.31 18.18 33.29 0.0715
744.55 0.00 68.76 38.77 0.0711
377.97 9.54 60.46 53.36 0.0711
136.90 156.92 54.66 75.74 0.0706
903.97 497.87 44.66 64.26 0.0704
995.39 528.29 24.76 50.25 0.0702
850.99 242.42 30.93 32.77 0.0687
916.36 53.03 23.25 19.29 0.0687
732.62 36.89 77.97 49.78 0.0681
186.38 463.31 24.15 29.28 0.0679
189.44 438.96 20.47 26.43 0.0678
908.94 186.97 31.36 50.44 0.0678
375.96 179.29 35.10 59.71 0.0668
997.44 509.79 18.56 32.65 0.0665
960.50 383.59 19.56 35.05 0.0665
138.68 185.29 185.19 166.55 0.0664
44.79 229.14 20.60 41.02 0.0662
395.87 335.88 33.92 43.29 0.0661
140.87 466.80 52.41 44.37 0.0659
952.92 513.82 28.22 56.22 0.0657
282.89 52.75 47.95 83.70 0.0657
138.79 453.70 196.85 142.67 0.0650
496.66 604.13 52.39 66.43 0.0650
174.24 462.90 58.80 52.45 0.0645
705.88 209.97 56.58 43.39 0.0644
133.14 586.48 95.41 77.01 0.0643
958.98 436.15 19.74 40.06 0.0642
124.22 420.51 12.10 16.54 0.0641
122.73 439.00 13.50 19.50 0.0632
960.90 355.73 22.16 44.28 0.0631
265.56 56.13 36.32 58.41 0.0627
425.70 181.22 44.94 73.03 0.0624
843.92 410.22 27.50 40.38 0.0623
44.41 334.69 21.60 30.74 0.0623
485.52 414.01 15.34 17.37 0.0622
157.31 343.23 19.93 25.74 0.0620
360.75 25.70 79.55 84.68 0.0616
814.96 408.50 28.73 43.04 0.0615
256.79 394.87 31.67 26.40 0.0611
881.79 269.94 24.29 41.22 0.0609
486.49 442.26 23.86 24.29 0.0596
425.94 0.00 56.79 27.16 0.0595
372.66 219.01 54.09 88.26 0.0594
888.84 206.46 30.97 47.75 0.0593
630.28 55.74 172.76 108.18 0.0592
884.22 440.56 22.04 38.42 0.0589
995.49 367.07 22.93 56.60 0.0586
386.41 165.82 56.92 81.46 0.0586
111.00 622.71 51.31 53.53 0.0586
925.31 366.88 18.44 35.75 0.0580
157.17 390.93 16.50 23.89 0.0580
958.60 226.93 27.66 48.50 0.0579
996.61 570.07 25.48 47.89 0.0575
553.38 416.51 24.41 21.79 0.0571
882.72 95.22 37.29 51.69 0.0570
888.59 337.33 16.81 31.04 0.0568
72.42 601.88 41.34 59.77 0.0567
104.82 544.55 92.35 120.56 0.0565
849.76 341.38 17.63 25.23 0.0560
517.72 534.86 28.49 47.44 0.0560
118.44 462.35 21.14 25.41 0.0559
999.93 456.23 18.50 34.95 0.0559
960.42 411.58 18.73 31.86 0.0556
592.96 128.41 19.82 14.42 0.0553
224.83 461.64 31.23 33.73 0.0551
389.55 189.44 69.00 109.32 0.0550
250.43 365.81 34.23 28.08 0.0550
756.01 472.69 50.62 70.64 0.0548
843.17 387.91 26.20 33.91 0.0546
155.41 463.56 24.31 29.14 0.0539
69.92 498.55 187.25 183.93 0.0538
522.44 418.40 17.08 17.64 0.0534
919.15 292.27 20.39 27.28 0.0532
833.29 513.19 49.19 72.31 0.0531
752.65 428.65 47.71 57.11 0.0531
888.97 309.56 17.69 30.79 0.0530
578.13 637.58 59.00 45.42 0.0525
533.87 146.24 210.04 184.66 0.0523
803.65 548.81 57.43 77.34 0.0523
690.06 0.00 101.83 58.94 0.0521
677.44 158.93 87.87 89.12 0.0515
990.26 212.91 23.86 44.72 0.0509
259.91 450.69 68.30 53.63 0.0509
911.95 262.96 30.06 42.71 0.0505
876.53 495.33 58.95 74.58 0.0502
