11_Meeting_Meeting_11_Meeting_Meeting_11_507
200
121.28 348.88 40.78 53.64 0.6211
74.04 401.26 38.14 43.23 0.5417
901.79 402.76 43.05 48.12 0.5326
997.31 419.36 24.64 37.35 0.4746
846.71 301.88 19.12 24.81 0.4643
111.52 327.40 39.72 64.94 0.4422
889.87 303.87 24.40 34.15 0.4379
190.39 351.97 27.97 38.02 0.4369
740.43 322.96 20.18 25.54 0.4196
50.11 252.74 27.34 35.96 0.4178
188.44 244.59 18.38 22.02 0.4083
662.85 278.02 19.95 21.17 0.3831
817.52 351.36 24.16 35.38 0.3687
473.37 50.78 116.35 102.39 0.3684
954.27 241.97 23.46 29.59 0.3605
336.99 255.86 18.22 22.90 0.3568
814.80 243.03 16.57 24.38 0.3549
700.58 305.44 22.75 31.56 0.3442
385.09 5.18 176.14 155.18 0.3321
739.55 275.70 16.77 19.17 0.3282
149.30 280.84 21.69 28.75 0.3272
921.95 372.59 25.67 25.41 0.3248
778.60 304.80 19.23 22.63 0.2718
998.14 266.62 21.65 36.29 0.2714
145.66 321.74 32.93 49.69 0.2667
444.68 255.08 18.47 21.07 0.2636
962.99 347.95 23.75 25.21 0.2626
594.97 252.66 15.84 18.62 0.2543
268.64 277.46 16.30 21.17 0.2527
743.75 228.40 18.26 21.61 0.2497
633.17 256.49 13.32 15.62 0.2467
303.82 280.36 15.46 22.55 0.2454
853.14 359.25 31.48 34.31 0.2450
412.53 250.04 16.79 19.92 0.2442
257.61 350.22 29.49 36.03 0.2379
850.75 312.88 19.36 28.74 0.2366
408.90 276.92 24.49 28.53 0.2335
993.70 346.66 19.40 25.40 0.2335
480.61 205.21 17.48 27.00 0.2305
377.98 254.10 15.18 18.20 0.2277
705.92 279.40 17.44 18.56 0.2265
233.01 229.01 16.56 22.89 0.2263
626.76 302.85 21.72 28.60 0.2239
632.36 274.67 16.83 19.74 0.2217
264.41 297.60 19.47 25.15 0.2165
882.16 272.51 21.78 25.56 0.2162
299.38 230.48 14.28 15.98 0.2157
301.73 292.05 17.15 25.93 0.2117
957.87 368.16 29.31 33.00 0.2101
771.34 413.75 28.52 31.86 0.2083
883.59 254.03 18.50 25.84 0.2048
703.78 350.23 27.83 27.57 0.2040
230.14 298.51 18.72 23.93 0.2040
373.24 299.74 21.01 24.04 0.2037
739.96 246.32 19.15 23.91 0.2029
999.17 248.41 23.86 39.39 0.2014
233.56 244.20 17.75 24.27 0.2011
354.67 0.00 145.67 87.97 0.2005
374.59 276.92 19.03 22.51 0.1908
595.31 272.82 18.76 22.89 0.1907
740.70 302.57 21.76 31.40 0.1890
302.73 250.50 13.84 18.65 0.1884
778.92 311.73 21.81 30.20 0.1843
260.31 322.51 23.87 30.54 0.1832
956.49 393.14 26.54 34.51 0.1831
869.55 361.57 34.68 34.55 0.1795
266.93 255.07 14.16 19.45 0.1788
866.03 348.50 36.75 32.38 0.1773
520.26 253.53 18.41 22.39 0.1750
398.46 293.78 30.02 32.37 0.1740
773.86 224.70 20.22 23.77 0.1739
706.28 253.34 15.57 17.62 0.1734
0.65 401.31 28.31 52.55 0.1670
229.36 319.49 25.40 30.74 0.1669
921.41 352.16 24.46 36.11 0.1661
996.29 364.51 22.98 34.01 0.1660
227.25 278.30 16.26 22.70 0.1637
668.10 255.11 14.94 15.92 0.1632
444.52 265.21 22.73 28.80 0.1627
999.26 330.37 16.60 22.82 0.1596
42.41 381.67 48.74 55.09 0.1593
555.38 269.85 19.60 25.53 0.1588
557.28 255.74 16.45 22.67 0.1581
449.79 302.60 32.43 38.38 0.1562
958.14 328.85 21.74 26.29 0.1559
703.80 225.34 16.86 20.77 0.1537
926.16 247.50 23.85 29.45 0.1537
79.41 373.57 42.39 64.89 0.1532
1.33 317.15 25.73 39.12 0.1530
594.66 203.51 15.10 17.60 0.1528
117.55 221.93 17.86 25.91 0.1507
340.34 232.55 13.37 16.45 0.1494
194.90 266.00 22.54 28.40 0.1470
730.12 329.30 28.99 39.55 0.1467
776.62 251.24 19.22 23.09 0.1467
924.41 270.01 24.91 33.49 0.1450
337.83 300.04 20.89 23.94 0.1448
664.72 322.18 22.24 28.30 0.1420
670.47 229.22 16.87 19.71 0.1419
358.35 347.84 37.09 35.79 0.1406
0.00 335.56 27.99 45.28 0.1405
660.25 284.31 25.96 34.59 0.1399
302.80 325.72 18.55 24.09 0.1396
71.47 296.96 27.27 32.45 0.1395
951.37 262.66 29.21 42.00 0.1383
852.64 281.94 16.49 28.48 0.1362
697.30 362.38 37.97 45.26 0.1358
365.29 322.30 28.56 26.37 0.1351
854.11 247.03 21.11 24.36 0.1333
379.02 230.42 12.13 13.75 0.1329
185.63 384.09 29.24 41.49 0.1325
595.02 230.81 15.01 17.76 0.1322
189.28 291.68 22.46 30.74 0.1317
686.49 379.71 41.82 47.86 0.1311
852.75 225.67 18.92 25.56 0.1310
590.44 299.02 23.81 28.42 0.1302
225.76 338.92 35.20 41.22 0.1291
483.14 273.37 22.78 25.00 0.1288
339.83 325.87 26.39 25.69 0.1286
487.60 252.87 17.09 17.66 0.1286
269.30 227.06 13.57 17.65 0.1249
118.59 300.11 29.35 37.21 0.1248
560.53 229.92 11.37 15.23 0.1246
942.35 411.30 39.57 41.46 0.1245
415.41 232.75 12.42 15.46 0.1244
948.05 287.45 32.78 36.16 0.1237
190.93 425.02 19.85 26.27 0.1234
736.31 419.28 41.48 40.01 0.1226
521.66 266.17 24.03 28.90 0.1217
189.89 327.37 23.34 45.80 0.1206
741.01 202.44 20.64 26.76 0.1190
979.48 651.01 38.97 42.45 0.1179
998.25 222.73 25.35 39.62 0.1178
951.13 191.31 29.82 33.33 0.1177
834.38 492.58 44.11 34.30 0.1176
631.89 230.21 13.21 14.67 0.1174
913.94 321.52 24.35 29.17 0.1165
777.19 277.79 19.24 22.98 0.1162
340.29 344.27 36.33 31.12 0.1162
926.76 228.63 20.07 25.11 0.1153
812.48 329.90 20.11 28.24 0.1150
813.64 304.15 18.56 20.61 0.1143
725.37 393.42 42.86 50.04 0.1139
79.14 314.54 31.44 42.36 0.1136
491.59 20.56 101.92 89.03 0.1127
776.78 202.16 20.59 25.53 0.1125
808.08 398.16 25.19 29.03 0.1105
700.36 201.99 20.87 25.67 0.1100
628.79 204.28 18.74 20.50 0.1095
948.17 173.71 33.16 31.86 0.1088
0.61 296.60 23.58 35.45 0.1084
227.13 361.30 32.82 39.36 0.1083
524.49 229.34 13.71 17.01 0.1073
119.17 160.74 22.41 34.80 0.1059
449.99 225.88 15.41 18.16 0.1040
587.77 313.53 28.20 36.20 0.1027
663.54 381.38 41.61 45.65 0.1016
993.17 440.51 30.23 68.44 0.1005
225.55 393.75 24.60 32.79 0.0998
716.34 366.35 43.52 48.31 0.0997
298.00 391.54 22.19 29.98 0.0996
789.55 493.98 69.91 53.88 0.0988
38.05 317.53 31.37 42.05 0.0982
885.27 532.26 40.11 43.14 0.0976
268.19 205.58 15.31 21.34 0.0975
116.07 145.44 22.87 32.75 0.0964
561.72 201.98 14.55 21.01 0.0952
788.53 472.57 58.85 38.78 0.0950
0.00 357.47 26.99 50.93 0.0947
560.25 300.14 25.68 35.06 0.0942
809.53 414.44 28.29 31.21 0.0942
913.38 292.17 27.64 35.59 0.0940
301.03 342.56 23.29 30.15 0.0928
667.08 409.00 59.00 55.55 0.0911
806.04 200.97 22.88 29.11 0.0911
230.82 202.35 16.04 26.38 0.0909
158.42 249.06 17.69 23.06 0.0906
119.89 200.97 19.58 35.17 0.0906
459.55 299.28 57.59 65.59 0.0896
512.59 0.00 105.97 73.80 0.0885
925.65 595.10 55.39 46.38 0.0875
158.23 226.66 21.32 26.47 0.0871
803.07 508.28 63.51 65.95 0.0867
259.67 424.77 24.62 26.65 0.0857
300.29 208.10 15.42 21.90 0.0853
918.92 468.99 31.19 39.94 0.0851
561.32 173.54 21.44 27.51 0.0846
337.28 361.19 41.74 41.18 0.0841
587.14 178.48 23.83 28.19 0.0839
82.38 342.30 38.02 68.46 0.0834
945.04 427.71 45.44 51.63 0.0831
393.58 304.86 35.26 40.43 0.0821
930.67 630.12 54.59 56.42 0.0819
366.52 375.67 36.11 61.17 0.0812
668.07 200.31 24.65 27.50 0.0805
449.08 201.96 16.21 23.06 0.0802
888.24 225.46 16.83 27.41 0.0799
299.75 375.37 25.25 31.44 0.0790
804.39 448.57 40.38 36.24 0.0782
264.64 384.32 29.22 37.62 0.0781
