43_Row_Boat_Rowboat_43_839
23
546.30 210.99 405.01 364.30 0.9988
463.33 259.70 359.70 470.80 0.3638
242.00 648.30 290.77 572.70 0.0988
516.65 563.51 336.01 643.01 0.0983
371.90 645.83 311.00 575.17 0.0767
292.46 255.85 364.21 300.29 0.0657
149.73 479.78 214.27 559.23 0.0582
159.85 331.92 320.72 420.84 0.0428
509.66 411.05 514.34 399.59 0.0407
704.84 607.63 112.84 211.08 0.0393
310.13 412.83 331.01 438.43 0.0378
637.69 568.28 152.03 205.44 0.0359
65.50 838.74 95.21 231.98 0.0357
536.00 300.81 180.77 189.26 0.0355
759.48 649.89 138.07 180.70 0.0276
620.37 372.66 143.51 193.20 0.0248
465.19 695.58 109.83 270.28 0.0241
813.04 684.03 157.44 211.16 0.0231
500.33 587.74 124.31 243.74 0.0227
106.23 425.79 174.21 494.71 0.0225
74.22 396.53 97.26 194.56 0.0223
198.81 705.66 117.69 233.26 0.0202
240.30 277.34 133.07 184.35 0.0201
