21_Festival_Festival_21_664
34
224.43 216.88 243.81 348.95 0.933681
630.58 232.32 266.81 380.49 0.726669
27.43 837.36 75.55 170.60 0.365597
23.66 793.54 126.16 259.12 0.187047
10.20 674.46 89.74 184.45 0.176940
12.88 0.00 54.20 87.78 0.134399
58.32 121.90 170.12 419.51 0.126495
139.00 582.86 236.96 373.98 0.121223
85.20 601.40 495.44 567.03 0.120715
48.80 716.10 107.35 241.68 0.118423
30.47 661.32 233.52 473.26 0.114592
36.67 677.41 56.79 111.81 0.096527
8.62 555.59 83.52 193.51 0.086993
612.31 227.15 149.87 282.90 0.082348
100.32 828.60 132.19 354.73 0.078206
74.76 649.77 82.13 149.31 0.076133
19.56 284.90 166.88 364.34 0.071818
225.57 46.77 128.67 189.69 0.068253
121.72 638.95 87.82 148.21 0.067915
241.95 13.21 53.56 92.53 0.067013
0.00 128.31 142.69 426.00 0.066572
90.44 1011.78 58.56 152.03 0.065536
593.52 310.84 178.66 349.88 0.064130
5.28 483.86 58.98 165.72 0.060288
201.79 155.43 125.30 250.32 0.057541
97.15 553.62 110.57 179.03 0.056369
986.69 1314.05 36.75 65.89 0.056242
37.57 174.18 260.16 571.65 0.055788
50.08 0.00 87.95 70.57 0.054969
745.61 236.70 225.44 326.36 0.053594
36.12 479.08 108.72 191.25 0.053491
127.40 973.28 82.89 202.85 0.053260
905.72 1177.51 79.70 179.20 0.052113
985.81 487.65 37.87 147.68 0.050293
