21_Festival_Festival_21_97
204
828.53 544.81 51.65 82.29 0.459223
325.63 141.18 35.38 62.04 0.391439
237.34 48.86 45.04 77.61 0.351804
251.94 613.63 52.85 82.00 0.350659
232.89 147.92 34.74 61.82 0.339535
801.27 654.30 153.85 281.09 0.328360
281.12 223.10 38.27 74.49 0.303795
730.26 310.67 104.48 183.97 0.287082
15.40 135.65 29.00 46.46 0.267094
727.52 34.67 109.47 106.71 0.266985
519.00 676.94 53.20 92.88 0.261799
254.54 641.07 65.86 107.54 0.251716
721.19 194.46 75.33 132.45 0.223086
768.76 602.27 136.55 228.11 0.220223
290.72 181.13 30.03 55.17 0.213769
461.16 203.07 39.09 77.08 0.209622
190.87 131.50 26.18 57.36 0.207960
157.46 101.84 28.77 44.14 0.207236
163.80 248.85 60.69 148.09 0.206833
382.12 231.99 31.38 56.72 0.204954
104.86 124.09 25.70 52.30 0.203582
832.24 278.71 39.51 69.65 0.193609
691.76 257.51 58.88 103.73 0.192558
105.94 104.12 22.23 45.13 0.189833
481.05 597.10 37.68 64.79 0.188066
192.20 598.80 35.37 51.58 0.183942
816.15 332.94 63.45 114.88 0.182733
775.35 945.41 60.78 71.07 0.181865
135.02 614.36 37.82 43.52 0.178317
275.88 45.25 36.71 72.94 0.177499
154.03 131.45 31.06 57.82 0.176384
790.27 265.87 56.14 112.78 0.176215
191.10 107.82 24.11 41.92 0.176215
770.54 172.01 74.20 141.00 0.173273
975.82 327.95 40.20 69.68 0.172579
471.88 622.29 46.79 78.43 0.172030
329.29 102.51 28.93 67.42 0.171336
430.57 659.81 33.46 52.32 0.161313
829.82 432.09 44.68 72.75 0.160643
342.70 603.71 29.18 44.09 0.158665
176.39 229.45 43.14 80.38 0.158596
291.11 145.06 31.92 65.11 0.156549
534.19 656.85 56.07 97.17 0.155995
90.11 623.77 75.30 80.53 0.155098
102.97 616.74 53.91 48.98 0.151622
335.18 206.58 40.25 68.50 0.148951
384.15 653.48 30.37 59.67 0.144493
972.76 407.00 42.01 65.20 0.144026
381.32 193.70 25.66 49.53 0.140936
156.37 173.75 38.08 63.39 0.139387
190.10 176.37 27.88 55.22 0.139198
435.10 185.09 35.68 54.37 0.135636
511.65 554.91 28.64 49.41 0.135491
927.57 413.13 51.22 77.63 0.134585
332.23 557.61 32.33 52.35 0.133259
92.22 195.53 35.06 61.21 0.130655
202.03 51.91 19.34 37.70 0.129164
513.40 601.58 31.21 47.72 0.128964
832.03 229.47 43.04 81.40 0.128349
431.23 224.60 32.48 60.37 0.126939
472.95 692.12 33.64 59.88 0.125400
191.34 628.72 45.81 75.93 0.124436
686.31 122.07 150.86 210.91 0.123310
150.16 47.37 20.65 44.78 0.122688
381.94 260.74 25.66 48.81 0.119595
936.25 360.27 41.38 72.48 0.116716
432.47 692.21 38.33 57.00 0.116570
480.98 555.82 36.37 63.48 0.113391
899.23 419.69 50.12 76.18 0.112923
543.88 699.21 44.29 82.71 0.112882
827.13 957.44 49.19 59.61 0.112736
343.85 353.30 49.39 70.04 0.111812
771.94 729.20 114.59 218.24 0.106766
54.08 144.55 26.74 45.31 0.103349
975.90 444.30 44.89 65.59 0.102652
343.06 317.49 36.70 61.65 0.102026
8.35 802.42 46.80 139.56 0.101939
941.14 314.41 57.84 102.48 0.101469
516.64 215.59 55.75 105.26 0.097442
471.73 733.31 29.76 49.13 0.097283
278.03 569.05 43.10 67.22 0.096958
610.25 692.03 42.52 61.67 0.096664
611.89 752.51 39.08 54.97 0.096412
692.71 91.80 115.71 136.56 0.096387
660.68 549.97 28.19 58.55 0.096254
56.65 94.71 24.78 43.50 0.095694
69.33 616.39 112.56 164.63 0.094878
235.99 671.14 65.79 132.64 0.094313
8.69 104.77 41.12 65.49 0.092744
878.46 765.60 88.55 204.90 0.092290
156.71 330.60 67.98 121.92 0.091788
379.82 672.56 40.21 82.00 0.091639
753.29 667.42 82.92 140.71 0.091210
338.96 276.80 35.20 56.96 0.091153
191.42 652.01 71.16 124.97 0.091005
749.24 556.80 106.07 173.97 0.090855
730.84 455.03 73.85 154.56 0.090171
240.72 196.24 45.99 83.47 0.089709
335.29 630.39 38.68 71.71 0.089651
110.46 52.59 19.31 39.42 0.089157
54.46 638.03 86.65 88.68 0.087246
752.23 725.21 61.90 117.86 0.086521
8.33 154.33 33.33 71.20 0.086425
656.86 177.65 68.52 139.35 0.084946
929.06 950.49 66.70 63.87 0.084933
324.89 0.93 38.75 61.31 0.084675
882.14 933.25 49.29 66.54 0.084623
642.85 38.30 77.36 102.94 0.084180
432.35 723.18 33.80 53.88 0.083602
558.23 389.37 59.36 115.68 0.083457
427.62 61.67 26.48 80.36 0.083109
186.44 573.10 37.48 45.28 0.082740
699.65 11.56 106.35 101.18 0.080086
274.70 9.59 40.01 77.47 0.079711
432.42 143.72 31.41 55.06 0.078877
750.48 550.44 58.88 100.98 0.078835
60.92 188.21 18.68 37.03 0.078112
290.40 528.01 34.27 47.48 0.077627
658.99 579.45 38.30 77.49 0.076471
150.63 16.23 18.67 33.33 0.076379
324.73 28.14 36.53 82.62 0.076171
605.60 33.72 88.31 130.00 0.075900
659.51 643.52 28.27 49.54 0.075846
750.10 888.44 51.03 87.18 0.075683
56.90 53.78 24.22 42.99 0.073931
379.69 620.41 23.40 41.74 0.073530
611.58 659.46 32.92 49.93 0.072963
651.04 102.88 95.16 134.80 0.071972
892.81 356.54 45.24 92.52 0.071368
566.06 786.20 29.55 49.24 0.070998
517.65 369.35 65.77 134.17 0.070981
880.54 117.12 90.92 161.56 0.070799
463.96 251.94 36.00 61.49 0.070291
656.18 289.01 61.86 114.14 0.069961
380.82 727.26 32.19 54.71 0.069698
196.75 12.86 30.71 53.20 0.069679
698.30 668.49 57.59 125.28 0.069673
336.60 448.54 43.65 57.31 0.069412
888.44 305.09 38.11 98.95 0.069263
710.33 766.37 39.28 70.67 0.069205
382.28 140.82 30.98 59.04 0.069097
70.37 400.09 74.20 109.18 0.068946
885.91 178.30 53.83 111.48 0.068771
692.17 542.71 70.11 122.58 0.068186
241.13 749.87 34.74 82.04 0.067645
342.65 401.58 46.76 74.83 0.067490
386.47 82.45 35.13 64.07 0.067399
552.72 607.56 37.96 61.22 0.067285
933.25 440.39 54.80 102.83 0.066680
481.13 529.60 29.83 54.52 0.066625
604.34 411.13 36.48 89.69 0.066600
609.89 811.87 41.60 65.94 0.065667
604.39 770.01 49.81 73.22 0.065649
819.24 170.81 62.93 110.49 0.065398
872.88 494.42 54.62 80.65 0.065243
329.19 525.55 34.39 60.79 0.065008
591.31 226.12 61.03 104.07 0.064838
464.37 128.48 41.44 83.49 0.064512
700.95 486.75 83.05 155.48 0.063730
641.51 815.93 45.75 67.58 0.063551
1.23 676.77 46.69 122.80 0.063230
629.15 744.38 55.06 74.05 0.062968
698.32 623.24 69.34 107.25 0.062915
463.78 791.45 39.43 73.29 0.062521
645.52 689.84 47.67 85.69 0.062504
498.59 132.30 77.49 142.27 0.062475
704.41 891.81 37.44 72.88 0.061523
580.71 111.43 81.64 133.24 0.060939
244.39 573.21 45.14 69.83 0.060692
885.53 597.17 107.20 240.18 0.060226
90.46 570.61 57.15 75.29 0.060194
6.00 229.93 23.04 48.93 0.059973
324.93 660.20 49.85 105.37 0.059480
649.01 10.56 45.26 33.21 0.059154
552.30 286.24 102.43 174.28 0.059139
607.93 551.82 35.22 60.48 0.058818
552.81 229.84 76.32 120.37 0.058526
887.64 266.53 39.01 92.99 0.058413
420.72 255.05 36.06 70.28 0.058150
366.92 389.34 44.46 76.38 0.058066
38.11 418.38 67.40 80.45 0.057685
650.16 342.03 63.31 152.00 0.057253
512.49 527.92 31.08 57.64 0.057050
138.49 569.99 58.30 79.37 0.056947
707.78 830.11 39.73 61.64 0.056514
429.11 28.46 34.33 81.01 0.056297
366.40 329.54 36.73 61.93 0.056282
79.84 707.20 109.31 196.12 0.055218
60.35 607.18 81.50 60.83 0.055151
514.85 784.81 34.19 51.05 0.055027
275.07 473.83 41.97 36.49 0.054328
222.13 753.62 106.71 245.16 0.054159
585.50 293.80 63.93 104.42 0.054088
749.70 811.46 59.73 107.00 0.053641
691.55 933.91 51.66 57.81 0.053421
956.49 941.45 52.40 63.94 0.053198
553.02 132.12 71.99 109.09 0.052906
431.52 614.92 33.03 59.98 0.052264
245.27 257.17 46.63 77.75 0.051493
525.98 337.76 80.82 121.76 0.050628
562.28 559.02 27.39 59.83 0.050570
12.27 47.53 21.29 42.45 0.050451
142.59 401.33 83.43 111.72 0.050399
604.77 594.77 44.41 74.19 0.050146
