2_Demonstration_Political_Rally_2_90
164
535.73 273.60 52.42 69.09 0.8462
953.85 416.18 36.37 45.70 0.3798
920.70 384.10 21.68 30.40 0.3568
695.77 298.46 49.56 69.64 0.3089
876.10 389.19 25.25 34.89 0.3017
889.22 442.11 23.67 31.78 0.2749
853.09 386.56 18.87 28.03 0.2699
783.77 374.18 28.96 39.08 0.2209
192.48 380.89 21.04 33.67 0.2203
987.84 438.34 29.66 39.76 0.2104
922.38 399.36 23.56 35.62 0.1977
8.97 314.41 23.98 38.73 0.1938
997.06 372.62 26.32 39.86 0.1901
35.76 322.96 25.08 31.95 0.1895
155.56 375.50 20.73 41.31 0.1883
8.45 294.04 25.55 36.91 0.1863
155.14 361.33 17.69 31.50 0.1853
41.93 301.25 19.66 30.06 0.1843
302.89 363.38 17.38 20.36 0.1835
921.54 359.32 23.37 37.11 0.1815
35.65 354.69 26.89 37.59 0.1766
193.97 358.43 20.82 28.47 0.1734
408.36 334.83 20.36 23.82 0.1732
265.51 362.65 15.27 18.13 0.1720
375.17 361.73 16.27 21.22 0.1718
336.42 363.11 18.30 20.99 0.1705
519.77 246.28 64.43 71.51 0.1702
513.44 206.56 45.23 48.05 0.1691
85.53 344.94 30.41 40.00 0.1671
950.67 380.13 33.07 42.17 0.1661
850.32 399.54 20.12 32.88 0.1609
228.58 359.20 17.29 21.42 0.1607
151.39 242.20 29.89 46.19 0.1600
186.52 397.71 23.31 39.52 0.1522
992.90 449.67 28.95 44.66 0.1506
226.30 386.42 17.10 24.24 0.1500
938.85 461.49 36.56 45.03 0.1439
797.36 378.54 28.75 32.80 0.1431
725.93 452.19 50.56 86.61 0.1417
96.26 354.63 35.46 52.75 0.1413
726.26 439.87 40.25 59.91 0.1374
781.08 388.97 30.77 42.71 0.1350
941.70 347.22 34.65 44.40 0.1342
666.76 198.02 27.74 34.72 0.1298
301.46 379.61 17.82 25.14 0.1291
411.95 354.75 22.63 25.86 0.1280
7.74 380.59 21.76 37.73 0.1275
337.48 326.71 21.66 23.26 0.1262
369.54 171.21 112.24 80.09 0.1258
265.60 383.89 16.85 22.10 0.1249
77.96 296.40 20.69 31.63 0.1238
666.69 324.43 39.11 64.09 0.1235
699.24 271.84 55.39 67.91 0.1190
336.53 303.97 29.62 31.45 0.1162
805.14 440.89 26.38 33.82 0.1159
851.03 364.57 18.09 30.76 0.1132
204.48 240.40 58.04 62.55 0.1130
948.22 317.51 27.26 44.23 0.1129
376.26 379.29 15.01 25.07 0.1129
191.89 332.41 21.39 28.04 0.1120
228.49 330.24 22.58 25.23 0.1115
42.28 366.21 28.52 46.33 0.1108
760.09 448.41 47.04 81.08 0.1092
884.69 360.94 21.79 34.95 0.1091
926.82 425.26 34.26 37.75 0.1089
342.33 417.26 16.47 24.10 0.1082
593.01 356.39 33.87 44.00 0.1081
40.32 274.75 23.78 35.28 0.1079
434.39 454.83 30.58 45.80 0.1073
9.67 351.55 23.98 36.76 0.1070
723.82 321.20 37.43 60.98 0.1065
472.72 199.55 52.98 49.52 0.1064
369.69 326.62 25.87 29.32 0.1039
918.36 320.75 26.38 44.79 0.1038
176.32 235.76 47.26 63.70 0.1037
848.46 435.66 24.36 29.77 0.1022
299.94 411.87 21.65 31.17 0.1015
986.51 405.68 34.13 46.46 0.1005
299.90 331.61 21.36 24.41 0.0998
954.92 301.03 22.71 42.04 0.0989
479.20 270.34 59.17 71.42 0.0979
729.55 405.85 38.22 49.80 0.0976
410.31 409.94 18.34 23.44 0.0975
475.57 225.18 72.54 75.65 0.0967
806.75 398.13 26.51 38.11 0.0967
182.56 420.57 27.06 40.23 0.0959
794.69 446.66 38.90 49.00 0.0957
186.02 290.38 34.75 42.99 0.0948
261.07 332.41 20.49 22.89 0.0944
110.66 299.85 24.42 33.73 0.0936
707.95 236.91 52.35 74.45 0.0912
219.30 300.33 33.22 31.84 0.0873
773.84 429.00 34.73 44.45 0.0871
94.04 108.01 47.40 45.42 0.0856
0.58 131.99 47.81 47.50 0.0844
346.83 268.75 52.44 55.64 0.0844
683.77 363.28 37.54 46.10 0.0843
907.04 296.03 34.26 55.62 0.0830
5.65 396.30 23.51 46.16 0.0827
929.82 473.76 35.17 40.07 0.0820
611.29 246.38 32.32 44.04 0.0814
82.89 363.89 35.33 53.49 0.0812
157.38 291.76 25.20 39.04 0.0803
569.21 259.42 42.14 68.74 0.0794
157.79 333.95 16.75 28.34 0.0793
255.91 298.72 27.17 29.84 0.0787
409.07 382.25 22.89 31.94 0.0786
691.41 396.98 41.47 66.63 0.0775
100.74 328.30 31.71 42.78 0.0766
907.79 539.51 33.94 40.28 0.0764
226.89 440.55 26.00 38.75 0.0763
668.02 293.37 53.42 80.58 0.0735
386.44 196.42 102.50 106.38 0.0724
339.01 382.59 15.97 22.58 0.0712
72.28 275.16 24.99 34.65 0.0696
0.00 154.88 37.78 54.17 0.0695
74.85 381.57 35.46 66.06 0.0693
351.12 293.72 43.65 43.34 0.0690
46.52 387.34 35.10 54.08 0.0684
477.86 442.47 39.12 52.09 0.0683
225.31 400.41 20.08 34.34 0.0678
841.97 442.80 32.93 49.69 0.0671
264.31 405.43 19.68 29.50 0.0669
918.87 508.66 29.31 39.53 0.0669
225.30 453.51 37.74 54.56 0.0666
295.49 297.69 33.73 33.79 0.0660
988.51 321.89 35.49 56.90 0.0657
155.24 151.35 44.23 41.79 0.0653
735.72 377.14 31.58 39.62 0.0651
145.51 113.43 50.55 57.49 0.0648
886.98 323.27 27.32 43.29 0.0641
958.80 274.52 19.94 35.94 0.0641
109.91 270.94 27.13 34.65 0.0635
686.98 194.69 39.03 36.06 0.0611
301.32 424.12 28.49 41.87 0.0605
883.70 285.57 30.45 49.95 0.0603
438.95 319.64 31.67 48.61 0.0595
564.88 308.94 47.49 49.27 0.0588
85.58 122.83 58.11 61.21 0.0585
682.65 211.27 48.54 48.44 0.0585
989.74 462.58 34.26 59.76 0.0573
612.68 218.40 34.82 57.92 0.0569
64.33 407.68 38.70 55.25 0.0569
590.78 245.42 29.60 51.40 0.0561
151.16 183.58 37.62 38.76 0.0557
37.75 252.98 28.81 45.62 0.0555
860.24 188.43 60.40 56.67 0.0553
795.98 160.32 92.52 75.45 0.0550
479.89 310.49 55.94 57.56 0.0547
155.83 415.95 31.44 47.04 0.0546
253.42 435.31 31.84 47.86 0.0546
401.51 299.56 29.02 37.98 0.0540
878.47 212.15 43.12 44.10 0.0535
308.56 225.98 108.73 117.28 0.0515
44.01 123.00 66.55 54.07 0.0514
774.73 330.82 29.45 50.14 0.0513
107.19 239.98 35.32 49.27 0.0513
70.81 250.21 28.91 44.20 0.0509
342.39 424.16 28.30 46.99 0.0509
871.38 549.14 43.10 42.47 0.0509
368.28 402.54 21.34 31.37 0.0504
311.49 186.51 98.21 84.05 0.0504
90.65 368.86 44.69 75.76 0.0502
943.07 491.01 39.21 56.23 0.0501
