2_Demonstration_Protesters_2_840
124
258.91 200.51 19.67 18.31 0.3283
906.74 157.15 29.56 31.18 0.2969
177.95 192.24 24.91 20.43 0.2811
826.39 122.68 73.03 60.69 0.2742
331.71 172.13 18.80 23.53 0.2457
879.34 137.47 50.62 53.58 0.2454
88.87 190.85 24.44 22.06 0.2447
401.24 156.73 25.54 27.88 0.2256
723.48 224.47 29.71 30.55 0.2057
999.81 178.76 21.56 30.86 0.2035
284.00 24.12 43.69 42.29 0.2018
303.85 181.15 25.73 23.85 0.1969
304.37 160.96 27.26 22.58 0.1859
987.77 352.59 35.77 52.97 0.1837
998.94 151.21 22.47 33.88 0.1740
257.22 26.28 58.00 43.83 0.1693
522.75 236.54 18.39 20.68 0.1655
391.08 86.54 56.58 89.15 0.1634
770.18 232.24 40.45 38.04 0.1540
807.86 198.94 32.99 31.31 0.1538
796.44 207.05 40.00 36.11 0.1525
393.01 141.36 39.34 46.63 0.1502
961.51 211.85 19.48 21.63 0.1439
788.90 233.22 50.09 40.15 0.1392
305.69 143.64 27.54 25.84 0.1331
47.88 216.06 18.28 18.27 0.1327
48.47 196.73 21.17 25.01 0.1273
184.55 213.47 26.00 23.85 0.1240
400.17 31.41 58.54 86.31 0.1235
519.39 245.98 18.29 26.43 0.1232
777.32 199.19 27.15 26.10 0.1217
771.54 210.56 41.50 42.59 0.1198
782.14 170.43 25.32 23.95 0.1177
991.95 331.98 31.25 47.97 0.1145
225.99 215.38 23.28 21.37 0.1135
993.88 213.67 25.24 29.83 0.1128
255.81 205.53 24.56 25.24 0.1101
840.67 96.63 68.36 61.97 0.1095
954.48 387.40 55.48 51.73 0.1063
960.46 365.19 47.55 52.81 0.1017
335.11 190.41 20.99 26.51 0.1016
304.37 123.19 24.61 25.63 0.1014
281.79 43.45 47.92 56.04 0.0971
406.99 235.49 51.46 43.64 0.0962
801.53 172.91 37.77 30.65 0.0957
261.75 187.25 19.69 26.76 0.0946
993.82 101.89 30.18 72.45 0.0932
901.12 211.63 48.76 40.44 0.0921
706.81 164.29 23.24 19.73 0.0918
114.80 82.71 26.45 47.10 0.0900
1.77 194.98 27.15 32.63 0.0885
838.97 153.57 53.70 50.88 0.0882
42.63 237.03 18.70 16.63 0.0871
906.04 194.33 42.22 40.12 0.0865
988.84 279.97 30.53 48.29 0.0857
2.21 176.60 24.91 29.93 0.0846
705.96 201.75 25.37 24.98 0.0845
250.68 233.74 37.85 43.74 0.0845
878.86 214.97 53.27 40.99 0.0815
835.72 186.54 34.69 31.31 0.0811
184.86 224.83 35.44 37.05 0.0808
839.88 66.05 39.18 33.87 0.0805
984.88 41.71 35.71 71.53 0.0798
709.00 213.41 34.67 28.49 0.0797
231.89 202.37 24.22 18.68 0.0795
426.75 208.93 47.52 50.39 0.0791
669.94 181.98 17.41 19.38 0.0785
402.38 212.79 48.28 46.14 0.0782
48.11 182.73 22.34 24.35 0.0773
988.15 305.75 30.59 52.77 0.0756
120.04 117.35 27.11 34.34 0.0749
98.24 190.07 31.58 24.20 0.0735
304.57 322.41 16.43 16.34 0.0732
669.71 192.45 21.63 24.84 0.0728
227.06 246.38 52.44 42.52 0.0704
520.02 222.64 26.13 32.70 0.0704
226.26 329.30 19.53 17.91 0.0694
376.12 221.28 37.26 41.51 0.0690
288.35 69.27 42.43 57.77 0.0678
81.49 203.98 21.26 28.06 0.0674
844.90 399.93 52.22 31.31 0.0671
662.70 277.16 26.50 26.63 0.0664
463.84 222.66 42.97 58.10 0.0651
477.45 326.09 27.61 18.75 0.0650
845.38 235.49 33.81 38.12 0.0645
727.05 197.60 33.55 34.09 0.0631
953.99 31.16 53.17 75.08 0.0621
992.64 0.00 31.36 26.69 0.0619
376.58 173.72 34.96 31.57 0.0618
900.03 86.97 48.88 60.30 0.0618
223.50 227.35 40.11 39.18 0.0614
442.84 328.96 26.12 16.82 0.0613
321.25 143.54 31.49 37.62 0.0611
669.65 161.01 18.64 21.24 0.0606
430.18 155.24 41.86 35.98 0.0599
953.42 25.50 39.24 43.35 0.0598
371.95 245.40 55.80 55.56 0.0591
991.20 229.70 32.80 47.88 0.0588
364.92 35.71 111.42 157.29 0.0584
961.58 339.50 42.54 49.07 0.0582
726.77 156.89 29.57 25.69 0.0577
986.27 28.68 34.61 44.36 0.0577
80.39 167.64 17.57 24.34 0.0577
188.18 232.55 46.90 48.17 0.0576
879.30 183.89 49.60 40.65 0.0571
868.73 243.25 61.88 55.83 0.0568
952.76 173.93 32.51 38.54 0.0565
955.83 158.28 37.73 37.22 0.0563
304.45 310.95 19.28 22.13 0.0561
988.16 481.78 35.84 25.22 0.0559
851.82 67.81 58.33 55.52 0.0558
400.81 192.16 43.93 45.83 0.0557
279.00 17.37 79.18 65.52 0.0553
409.35 125.38 60.18 60.29 0.0550
256.70 0.00 69.99 45.36 0.0544
152.05 122.69 21.30 25.77 0.0540
1.01 159.49 23.80 28.32 0.0539
535.16 228.47 44.67 37.62 0.0539
545.70 219.95 31.39 31.34 0.0513
845.31 211.50 31.80 33.62 0.0510
730.22 169.51 29.47 31.13 0.0506
414.55 250.46 51.47 45.38 0.0505
304.28 289.77 23.58 21.87 0.0505
370.53 197.65 28.82 34.16 0.0503
