2_Demonstration_Protesters_2_748
108
296.24 230.47 27.37 46.74 0.5473
440.00 183.50 50.28 48.12 0.3533
742.42 239.78 25.12 36.30 0.3483
122.16 203.69 24.67 37.79 0.3154
469.79 167.50 31.12 32.59 0.2930
266.02 271.89 19.02 27.23 0.2808
859.46 313.75 69.24 106.13 0.2268
194.80 277.54 15.93 27.37 0.2235
410.34 186.79 26.14 28.50 0.2188
325.74 592.46 49.32 61.94 0.2031
546.88 195.45 27.59 32.88 0.1972
730.84 432.71 70.95 69.63 0.1933
805.54 307.71 97.88 95.78 0.1901
119.94 276.93 21.47 28.12 0.1884
629.94 195.87 24.85 25.98 0.1867
902.30 336.44 36.59 60.00 0.1752
195.96 221.01 15.08 25.32 0.1746
641.02 447.46 65.75 80.69 0.1674
332.49 235.05 29.10 49.74 0.1607
409.67 167.61 23.38 27.67 0.1566
334.14 219.11 26.15 39.65 0.1562
153.66 248.69 17.42 28.40 0.1541
468.39 189.97 35.30 46.59 0.1525
521.71 196.25 21.42 29.53 0.1511
373.16 226.75 39.14 73.23 0.1466
502.92 247.22 41.93 54.61 0.1464
519.62 207.26 29.83 35.49 0.1451
195.21 241.00 16.48 29.01 0.1410
375.54 216.16 32.36 47.68 0.1376
622.62 202.49 32.72 43.75 0.1372
118.34 240.02 21.46 25.84 0.1314
588.09 208.65 36.73 37.87 0.1299
333.57 256.97 29.79 48.31 0.1227
194.18 288.05 17.46 28.99 0.1199
401.45 210.92 38.56 43.79 0.1193
229.90 209.43 22.10 36.58 0.1150
117.23 287.34 22.63 35.69 0.1147
11.08 260.59 24.59 36.94 0.1140
588.63 196.12 25.65 28.73 0.1117
260.32 277.21 25.86 44.88 0.1108
9.64 248.06 24.22 32.54 0.1089
263.69 243.54 21.18 47.23 0.1089
384.99 228.62 51.20 82.40 0.1073
332.43 259.52 45.03 91.58 0.1043
649.49 183.64 35.88 41.93 0.1032
82.07 245.35 21.45 25.33 0.1025
230.58 234.66 20.85 40.63 0.0999
630.46 168.25 23.39 26.69 0.0973
79.54 212.56 26.51 35.36 0.0956
141.73 209.66 26.92 34.97 0.0895
529.22 240.55 52.31 46.80 0.0875
622.72 223.78 44.65 52.86 0.0867
614.32 249.81 53.15 58.13 0.0857
528.19 258.72 57.19 51.81 0.0851
265.67 208.94 17.66 34.04 0.0840
279.55 262.46 47.55 78.52 0.0834
667.58 423.85 90.94 100.32 0.0826
735.39 191.36 32.77 38.80 0.0823
475.80 144.81 26.31 42.79 0.0809
356.52 243.84 59.20 108.97 0.0772
269.95 198.45 13.19 17.93 0.0771
228.58 264.09 20.22 35.00 0.0771
378.55 192.07 26.22 27.21 0.0759
991.74 326.20 32.26 64.28 0.0748
555.26 168.46 24.41 28.97 0.0727
563.81 219.88 70.21 66.01 0.0721
438.10 230.70 38.49 53.87 0.0719
847.22 301.67 69.20 72.63 0.0717
822.89 211.65 62.20 63.99 0.0715
302.26 198.04 16.55 21.93 0.0707
825.12 349.48 74.28 90.14 0.0701
912.43 212.55 32.76 34.51 0.0700
29.49 704.76 121.85 55.24 0.0693
787.96 382.14 84.76 79.50 0.0664
869.03 212.84 49.43 44.71 0.0663
253.13 279.51 73.04 128.52 0.0653
7.90 215.53 21.29 28.62 0.0652
652.14 267.01 38.43 42.15 0.0650
231.86 198.57 17.52 20.52 0.0643
43.46 273.16 20.97 28.42 0.0640
40.47 240.24 23.01 29.31 0.0635
642.48 193.52 48.50 64.10 0.0630
252.84 574.90 131.21 129.94 0.0630
78.41 263.77 25.93 35.24 0.0609
618.85 133.84 42.21 40.47 0.0608
653.87 167.10 31.97 35.81 0.0599
43.47 218.04 22.05 30.60 0.0595
772.60 279.80 93.33 103.67 0.0593
410.91 144.94 22.50 42.64 0.0593
236.97 299.60 59.47 94.09 0.0591
4.09 295.84 26.17 48.76 0.0585
330.90 334.32 38.92 77.79 0.0569
700.04 186.70 40.41 40.86 0.0563
939.41 329.74 46.26 62.79 0.0562
990.54 402.10 28.53 57.11 0.0557
867.15 234.11 50.61 44.74 0.0554
81.86 188.28 29.81 37.73 0.0548
338.70 197.18 18.69 28.25 0.0544
903.75 229.12 47.95 54.26 0.0541
792.91 213.91 54.93 51.57 0.0532
692.91 437.42 113.76 104.83 0.0530
538.52 237.59 92.99 88.51 0.0528
439.72 142.84 39.54 53.35 0.0518
886.63 294.88 61.12 73.58 0.0517
897.66 262.07 62.12 87.70 0.0507
354.12 289.94 77.71 114.01 0.0506
957.90 216.59 18.18 21.98 0.0505
373.45 417.03 69.01 112.32 0.0505
