2_Demonstration_Political_Rally_2_800
59
349.77 209.42 160.57 193.87 0.7328
178.12 92.49 127.75 151.45 0.3211
611.41 48.11 64.97 115.96 0.2963
376.72 309.81 107.59 119.54 0.2577
534.15 116.12 42.45 61.57 0.2460
899.22 254.16 124.78 185.89 0.2395
120.12 109.36 173.82 212.34 0.2342
356.50 91.51 50.34 41.21 0.2226
630.56 137.48 41.59 54.05 0.2051
356.26 117.42 61.93 72.64 0.1925
589.02 157.98 49.82 81.60 0.1800
580.44 42.42 65.47 120.92 0.1776
398.42 130.13 73.60 56.10 0.1755
571.99 182.55 80.57 154.34 0.1704
620.72 145.02 56.00 89.97 0.1633
0.00 97.53 313.81 356.32 0.1444
602.25 175.04 61.39 86.93 0.1436
540.18 217.62 82.63 124.99 0.1340
583.41 137.51 44.13 67.41 0.1271
472.12 69.24 50.31 60.43 0.1200
381.64 148.53 95.02 78.26 0.1193
224.15 133.07 130.97 149.78 0.1101
318.41 50.27 72.19 87.27 0.1098
303.59 175.16 127.06 174.97 0.1058
550.97 56.56 43.52 89.48 0.1038
679.45 63.66 51.10 93.64 0.1006
298.69 124.69 79.83 102.75 0.0983
259.06 27.93 104.75 160.31 0.0978
431.87 81.91 51.99 52.91 0.0941
375.06 90.93 74.43 46.85 0.0926
156.12 0.00 143.62 134.92 0.0904
335.82 399.05 289.94 276.54 0.0898
0.00 251.88 312.01 431.12 0.0831
719.64 0.00 256.22 339.15 0.0822
508.71 112.84 72.97 93.73 0.0795
823.92 41.08 200.08 366.63 0.0791
811.05 390.63 84.15 190.31 0.0779
447.75 256.37 134.87 150.09 0.0757
695.54 33.04 47.88 95.13 0.0740
464.10 109.30 60.67 62.49 0.0732
479.91 243.81 67.13 95.14 0.0728
674.87 130.80 51.22 88.06 0.0724
410.00 338.21 117.01 111.07 0.0706
538.22 462.37 77.54 114.61 0.0686
510.44 62.24 53.95 82.14 0.0674
4.04 459.22 66.71 185.72 0.0663
631.32 197.47 70.43 96.55 0.0620
706.76 33.64 109.70 147.16 0.0614
112.47 21.28 218.78 195.43 0.0612
276.21 314.58 135.40 183.92 0.0609
424.42 151.32 94.15 93.07 0.0583
0.00 34.98 31.76 59.87 0.0568
0.00 83.17 53.18 96.67 0.0563
0.00 324.74 108.83 358.26 0.0550
349.21 133.33 126.15 158.03 0.0538
81.47 1.32 62.83 86.08 0.0534
257.22 381.47 134.41 195.45 0.0524
165.58 292.44 214.99 304.01 0.0517
709.00 92.96 71.68 130.91 0.0504
