2_Demonstration_Demonstration_Or_Protest_2_924
78
681.56 166.32 145.05 157.35 0.8029
41.99 106.63 21.08 23.45 0.2013
38.20 229.57 25.09 23.77 0.1762
186.35 98.94 24.29 28.35 0.1649
950.60 186.04 32.87 36.24 0.1475
789.36 127.27 51.19 52.86 0.1442
152.79 259.98 33.65 32.88 0.1440
950.18 160.11 27.20 29.86 0.1395
182.61 251.58 23.37 21.59 0.1356
621.24 132.09 33.46 46.89 0.1333
986.54 178.81 30.11 34.60 0.1306
713.59 127.83 64.25 53.11 0.1199
69.64 137.56 27.97 27.21 0.1171
170.72 116.45 37.39 38.02 0.1163
36.49 105.13 31.98 39.56 0.1144
952.42 153.10 21.65 24.78 0.1133
170.20 133.54 35.34 42.94 0.1125
387.44 59.18 207.12 235.26 0.1099
742.90 97.29 82.62 83.11 0.1068
986.85 368.08 36.20 60.18 0.1058
347.52 94.30 125.93 179.84 0.1055
42.04 211.92 23.19 25.65 0.1030
75.22 105.91 25.53 25.56 0.1023
877.20 56.72 26.84 30.68 0.0997
225.95 286.03 129.23 57.86 0.0995
976.31 410.60 44.69 92.95 0.0987
158.16 154.08 30.69 33.89 0.0975
647.98 130.03 83.25 98.31 0.0948
981.02 194.77 39.22 47.30 0.0874
69.47 122.89 29.05 28.64 0.0862
216.86 103.53 30.96 29.53 0.0843
881.76 418.43 50.93 104.87 0.0843
629.96 97.66 43.68 54.79 0.0831
170.12 266.08 36.54 30.72 0.0825
636.15 101.96 67.63 66.14 0.0815
41.75 189.37 27.88 31.92 0.0790
305.58 168.98 88.60 109.16 0.0764
157.25 105.98 26.83 26.35 0.0762
8.18 222.44 31.79 37.69 0.0762
811.45 159.45 66.58 94.49 0.0757
659.78 113.02 135.18 127.44 0.0741
172.66 51.56 32.05 33.46 0.0736
69.23 217.91 32.93 31.15 0.0718
620.05 181.87 43.76 74.41 0.0717
92.54 275.59 46.56 39.31 0.0704
727.27 96.90 66.09 62.67 0.0694
676.36 92.38 80.22 69.37 0.0680
64.75 165.31 36.97 38.83 0.0664
922.77 141.76 22.38 31.53 0.0658
825.36 125.40 49.72 63.65 0.0647
884.17 124.02 33.68 47.15 0.0645
355.68 170.32 70.64 92.91 0.0639
444.63 25.61 167.27 174.42 0.0634
956.15 204.39 45.00 49.69 0.0633
145.16 269.71 39.38 41.80 0.0626
313.76 0.00 209.28 232.40 0.0626
715.48 257.25 106.69 84.84 0.0623
8.31 206.98 28.36 32.62 0.0623
44.63 131.11 41.99 36.36 0.0623
881.13 95.98 32.47 51.32 0.0615
585.68 156.47 41.69 75.02 0.0608
875.46 60.74 33.38 51.19 0.0600
172.63 270.55 45.70 47.84 0.0597
7.20 186.07 25.18 30.91 0.0588
926.24 155.38 28.85 41.35 0.0586
103.70 141.44 31.47 29.67 0.0584
40.30 164.16 36.37 39.00 0.0575
369.22 3.56 79.93 101.53 0.0568
817.95 42.27 65.70 106.62 0.0567
18.70 289.51 154.74 148.82 0.0564
306.09 39.77 112.52 143.19 0.0563
286.00 231.81 82.57 52.03 0.0557
45.16 1.72 21.56 16.30 0.0544
242.53 128.49 79.43 74.31 0.0535
117.47 99.46 25.15 28.76 0.0513
865.67 198.59 40.76 48.50 0.0505
151.44 237.69 32.20 37.91 0.0503
160.40 85.62 31.80 22.56 0.0502
