2_Demonstration_Demonstration_Or_Protest_2_441
200
106.82 183.58 41.78 52.37 0.6308
233.06 156.89 35.62 46.18 0.6285
412.51 55.37 35.49 44.95 0.5167
149.38 154.10 31.54 47.41 0.4746
410.40 169.57 24.25 37.03 0.4419
2.84 185.97 31.71 46.82 0.4324
855.34 164.53 37.47 46.40 0.4097
302.34 176.09 28.19 36.91 0.3833
491.83 573.87 50.64 54.41 0.3758
794.51 157.97 37.35 44.35 0.3728
612.22 173.18 34.01 51.16 0.3511
335.42 207.02 30.76 39.21 0.3339
34.82 440.64 28.98 41.12 0.3162
354.51 562.97 34.97 27.62 0.2922
506.52 165.28 31.55 37.98 0.2816
84.21 187.83 41.40 48.82 0.2798
488.74 102.90 27.06 37.97 0.2757
924.98 133.87 33.52 34.13 0.2474
327.15 157.46 30.97 37.80 0.2449
448.02 549.16 37.89 39.70 0.2427
939.86 155.94 31.48 45.96 0.2408
352.49 65.49 33.79 40.60 0.2393
585.82 128.15 29.85 48.78 0.2343
851.02 348.08 28.10 39.48 0.2178
137.14 169.43 43.66 58.93 0.2097
5.45 141.84 28.78 41.87 0.2017
925.51 143.06 37.48 47.42 0.2012
787.98 176.90 45.41 49.29 0.1880
562.55 170.95 37.20 46.76 0.1862
4.83 453.36 26.37 37.96 0.1828
575.04 172.60 44.16 56.06 0.1774
361.37 173.17 27.82 33.75 0.1690
553.99 411.13 31.48 21.65 0.1662
2.98 470.52 26.54 36.29 0.1660
408.58 454.31 28.47 20.41 0.1655
440.42 445.10 41.66 29.31 0.1649
562.16 98.66 22.59 30.33 0.1633
145.50 134.93 31.34 51.37 0.1599
513.64 101.82 23.33 34.71 0.1584
902.75 602.18 42.27 38.33 0.1575
623.88 377.78 34.04 26.30 0.1536
557.66 382.41 25.58 18.62 0.1499
423.14 218.93 45.27 47.33 0.1472
446.45 433.64 34.48 19.53 0.1438
41.51 195.55 31.77 39.39 0.1434
8.58 431.54 25.89 38.07 0.1421
977.27 324.86 38.58 56.58 0.1407
985.85 347.58 31.65 49.66 0.1403
215.75 336.19 27.29 27.33 0.1390
669.93 19.14 33.76 42.13 0.1321
396.49 555.73 39.75 32.35 0.1314
801.22 304.36 27.32 36.63 0.1311
510.96 170.57 39.67 52.15 0.1297
994.46 63.88 24.73 35.37 0.1280
732.68 586.58 30.59 20.15 0.1279
996.50 188.20 27.50 45.32 0.1274
187.96 175.48 30.94 33.18 0.1272
459.51 444.33 45.06 31.67 0.1259
666.77 58.64 20.67 38.33 0.1257
460.33 429.20 39.98 25.87 0.1253
868.34 598.34 57.28 51.23 0.1250
485.87 151.46 23.54 39.04 0.1223
623.91 359.68 29.46 18.97 0.1217
704.60 169.60 29.44 44.23 0.1216
5.52 127.63 26.18 36.37 0.1216
583.98 574.95 37.12 28.83 0.1216
484.33 198.22 24.06 30.52 0.1212
361.15 155.14 29.93 31.36 0.1210
41.41 462.88 27.78 40.94 0.1206
177.51 187.72 36.90 38.85 0.1206
371.34 435.90 32.77 20.78 0.1202
79.72 233.47 49.26 59.79 0.1201
486.52 168.17 26.15 39.61 0.1198
33.84 214.04 35.99 40.76 0.1193
41.20 406.57 25.59 34.79 0.1177
256.42 180.30 31.58 43.13 0.1168
550.72 532.02 26.62 29.99 0.1166
430.58 182.78 39.59 48.51 0.1158
591.81 162.71 62.19 90.17 0.1149
523.09 553.07 54.30 52.04 0.1144
3.83 241.90 29.96 47.36 0.1141
295.44 244.53 37.65 33.40 0.1130
227.67 549.18 76.23 44.64 0.1126
744.63 54.71 17.89 27.42 0.1117
520.50 312.15 19.83 17.36 0.1117
795.44 203.94 37.89 45.06 0.1116
555.21 114.11 26.75 41.92 0.1115
128.78 201.30 53.62 52.11 0.1113
446.65 411.35 32.36 21.10 0.1100
343.77 79.22 36.41 43.16 0.1096
582.92 380.06 31.45 21.71 0.1087
75.37 150.20 49.05 69.40 0.1084
698.15 146.61 29.71 49.76 0.1084
463.92 410.63 34.08 21.68 0.1080
518.35 234.27 51.00 42.45 0.1078
690.72 114.36 29.44 40.32 0.1055
184.13 341.96 40.51 39.45 0.1053
354.38 187.50 37.67 42.47 0.1041
936.96 130.19 37.93 49.98 0.1037
210.38 345.65 35.04 32.57 0.1037
519.37 384.58 19.91 16.34 0.1037
925.41 174.59 39.83 48.31 0.1030
975.48 541.40 44.42 70.97 0.1028
366.68 22.92 33.04 69.62 0.1026
644.08 210.45 47.81 54.32 0.1024
626.19 332.30 28.11 19.39 0.1022
449.44 386.21 21.24 14.20 0.1019
484.98 385.47 14.98 15.92 0.1002
458.27 665.44 44.55 41.47 0.1001
6.73 488.71 24.71 44.21 0.0999
655.43 190.93 37.61 46.22 0.0993
694.50 101.31 23.94 28.88 0.0991
44.25 172.57 36.11 50.08 0.0987
300.22 103.82 34.20 35.68 0.0986
342.33 23.41 40.20 62.15 0.0985
291.66 556.46 48.83 28.77 0.0979
963.03 353.19 30.32 41.83 0.0979
295.66 216.57 40.05 37.41 0.0975
758.73 506.26 50.67 41.18 0.0973
961.89 324.86 36.71 51.58 0.0972
513.46 434.73 27.48 21.03 0.0964
977.55 282.01 36.93 52.70 0.0961
324.97 228.58 37.12 45.35 0.0960
370.63 452.33 37.20 24.45 0.0960
516.40 569.68 65.77 59.54 0.0959
224.29 133.03 31.59 53.89 0.0959
771.94 586.02 32.55 25.20 0.0954
335.71 539.41 34.55 33.15 0.0934
788.25 599.51 84.55 56.61 0.0926
411.76 437.90 24.69 16.87 0.0923
599.74 509.96 51.59 46.05 0.0922
404.59 0.00 29.24 28.41 0.0918
622.74 125.03 30.59 45.45 0.0916
880.41 133.58 26.68 43.64 0.0910
404.97 535.69 30.20 35.54 0.0907
770.38 600.26 43.22 38.41 0.0905
981.27 218.99 37.49 58.66 0.0897
464.10 531.34 44.81 57.14 0.0895
552.48 422.49 33.47 26.16 0.0889
410.37 112.85 37.21 56.18 0.0881
798.35 510.46 44.32 42.51 0.0874
669.32 146.36 24.37 35.35 0.0873
577.24 425.54 44.76 25.39 0.0870
697.22 184.37 32.46 46.27 0.0868
570.44 409.76 48.68 27.35 0.0867
39.31 381.55 25.25 31.54 0.0865
430.78 93.91 36.75 56.45 0.0864
792.88 66.76 34.99 31.78 0.0863
409.94 211.85 38.97 43.61 0.0860
960.27 295.87 34.22 47.31 0.0860
422.01 30.25 39.00 59.49 0.0859
443.77 567.57 41.44 45.22 0.0854
613.77 558.31 42.15 34.21 0.0848
780.33 305.22 37.18 44.80 0.0843
441.00 150.38 25.77 41.14 0.0841
556.64 76.10 27.09 45.45 0.0840
789.99 582.15 68.85 49.62 0.0831
28.67 227.81 41.10 58.32 0.0830
209.22 520.13 44.14 42.07 0.0828
319.85 422.00 51.76 35.09 0.0823
204.24 385.12 42.72 46.24 0.0815
607.30 213.61 59.88 62.17 0.0813
683.58 346.09 59.61 38.72 0.0811
575.31 95.96 33.23 38.99 0.0805
603.25 566.61 67.67 46.54 0.0799
515.80 80.47 25.96 45.98 0.0797
589.54 363.35 26.15 18.45 0.0796
806.39 549.41 37.57 41.41 0.0796
335.42 118.74 32.62 41.50 0.0795
671.32 502.72 76.07 56.86 0.0794
222.48 215.96 42.25 43.93 0.0793
481.33 222.11 27.19 43.30 0.0793
557.24 362.59 19.85 15.36 0.0791
662.92 553.07 41.15 44.83 0.0788
45.50 527.89 22.39 28.40 0.0786
523.70 331.73 15.97 14.86 0.0777
614.79 527.59 33.09 31.03 0.0777
172.14 545.25 51.04 44.77 0.0775
811.30 351.44 28.69 37.23 0.0767
995.79 113.67 28.21 51.57 0.0767
41.59 496.91 23.85 35.75 0.0766
555.84 331.38 18.13 16.17 0.0764
183.29 520.51 47.26 44.39 0.0762
780.03 325.31 27.75 34.33 0.0755
355.57 212.03 41.70 45.59 0.0752
688.14 65.16 30.18 38.18 0.0751
545.49 511.88 35.87 41.25 0.0750
776.23 208.86 45.26 49.35 0.0745
670.74 126.48 28.44 40.98 0.0745
475.54 592.43 47.06 63.57 0.0744
210.00 553.58 57.62 42.22 0.0741
409.83 410.29 25.83 16.20 0.0732
669.42 95.63 19.82 28.15 0.0730
485.03 361.25 14.18 12.35 0.0725
5.70 259.90 35.97 61.98 0.0724
731.48 560.05 34.04 29.34 0.0722
961.47 263.74 30.08 43.32 0.0717
626.33 15.49 36.43 52.48 0.0709
9.01 409.66 26.78 39.32 0.0709
723.32 594.89 47.90 38.89 0.0708
