2_Demonstration_Protesters_2_811
141
660.02 187.18 84.74 42.64 0.1743
538.93 353.94 35.13 41.76 0.1716
661.40 303.01 37.63 38.49 0.1712
695.20 283.17 27.15 30.35 0.1702
661.47 275.44 44.81 49.59 0.1676
822.55 112.79 54.78 35.76 0.1283
632.34 199.84 70.94 40.13 0.1271
296.80 305.66 23.09 22.31 0.1222
658.34 221.15 49.94 36.07 0.1219
725.15 229.51 38.60 28.42 0.1167
694.84 194.56 70.61 45.07 0.1138
335.73 285.47 22.51 20.24 0.1126
685.13 224.97 50.50 34.20 0.1108
625.75 343.79 30.58 41.33 0.1083
944.41 260.71 33.80 31.18 0.1052
661.44 255.88 50.66 46.18 0.0999
512.96 301.60 28.60 27.39 0.0993
811.30 255.99 21.66 23.10 0.0986
627.24 219.55 57.37 42.82 0.0985
300.62 263.35 21.22 19.34 0.0965
838.40 65.04 50.53 35.48 0.0959
886.29 255.72 30.23 32.43 0.0958
299.12 286.28 24.09 23.62 0.0954
683.24 295.80 35.72 35.06 0.0945
227.99 284.46 22.02 20.69 0.0942
693.65 256.98 38.74 36.51 0.0934
732.61 254.11 30.81 28.38 0.0895
262.41 286.72 19.14 20.10 0.0895
6.30 2.68 20.33 18.50 0.0893
336.64 263.11 20.11 19.21 0.0880
655.77 326.57 48.17 53.54 0.0878
227.00 262.92 22.99 22.22 0.0874
368.04 280.92 27.72 26.15 0.0868
918.90 255.09 41.04 40.92 0.0864
775.63 235.72 22.10 20.60 0.0853
266.29 263.83 16.04 15.84 0.0852
40.22 189.85 23.01 29.37 0.0850
147.54 243.68 43.65 38.85 0.0842
883.57 274.33 36.88 37.21 0.0835
778.23 258.83 24.76 25.33 0.0830
30.37 420.84 139.07 116.15 0.0827
499.98 245.11 43.32 41.92 0.0816
923.45 239.92 33.95 32.20 0.0816
504.67 273.50 37.47 39.61 0.0813
841.99 234.90 23.63 23.39 0.0811
630.86 323.09 37.03 43.54 0.0811
570.85 370.65 47.69 64.11 0.0801
518.68 331.65 44.93 58.48 0.0794
943.44 236.41 32.47 30.75 0.0792
586.05 353.70 34.89 45.58 0.0789
775.02 273.67 28.05 36.43 0.0783
5.12 207.91 20.69 32.55 0.0774
372.44 262.62 21.95 19.81 0.0774
816.53 237.12 21.93 22.17 0.0770
557.71 217.77 61.61 46.40 0.0768
152.74 74.43 25.82 20.37 0.0749
617.71 352.00 49.73 66.89 0.0747
827.92 320.69 62.79 58.48 0.0740
887.94 237.36 31.00 32.27 0.0736
334.63 305.22 25.59 25.57 0.0732
194.97 28.43 13.35 15.16 0.0730
951.07 210.00 23.61 28.57 0.0726
548.05 224.37 42.94 34.84 0.0725
881.84 67.67 37.50 27.06 0.0721
840.13 255.61 32.26 30.46 0.0720
518.43 435.33 85.07 132.59 0.0715
401.06 254.94 39.48 32.73 0.0701
182.53 251.71 38.85 32.43 0.0695
620.16 244.52 45.06 52.67 0.0693
465.78 293.36 50.74 51.12 0.0690
191.86 92.52 24.24 31.25 0.0675
644.53 352.12 71.93 84.11 0.0669
659.64 165.17 127.15 76.03 0.0669
815.40 217.39 19.87 21.65 0.0659
115.14 96.12 75.91 62.05 0.0659
256.60 301.90 28.50 34.37 0.0638
184.63 102.84 40.35 54.40 0.0637
295.69 325.08 27.59 29.72 0.0629
0.00 441.84 45.17 60.22 0.0622
78.34 204.96 40.46 33.89 0.0611
466.60 171.32 85.78 68.20 0.0609
225.42 299.23 31.45 34.72 0.0609
262.41 130.81 39.61 37.63 0.0604
42.09 212.24 21.35 27.95 0.0604
4.50 181.11 21.89 37.71 0.0604
541.92 374.03 50.06 66.11 0.0603
701.97 487.78 66.44 60.78 0.0602
571.95 212.06 44.32 29.88 0.0602
9.36 48.06 17.96 23.30 0.0601
373.49 331.32 27.15 28.51 0.0601
2.11 89.29 25.10 33.46 0.0600
369.78 303.51 30.09 30.34 0.0599
742.74 25.50 19.01 20.93 0.0598
472.40 271.55 50.63 43.35 0.0597
396.94 273.91 50.40 39.74 0.0596
788.30 281.58 235.70 206.51 0.0594
472.06 227.83 51.27 46.41 0.0593
429.47 227.94 59.49 48.40 0.0593
498.99 232.66 41.67 35.44 0.0590
801.69 87.59 72.84 42.23 0.0589
104.27 202.79 40.08 39.65 0.0587
686.74 318.11 36.11 38.45 0.0586
549.43 230.75 74.23 69.19 0.0582
194.40 46.36 14.77 18.23 0.0582
135.88 93.49 45.32 41.78 0.0582
846.78 217.27 18.97 22.05 0.0579
627.26 169.15 74.32 39.22 0.0577
69.32 180.25 64.10 53.12 0.0573
269.82 143.71 67.43 51.91 0.0571
627.37 297.51 38.93 45.92 0.0569
740.97 130.16 64.13 40.51 0.0565
300.80 375.59 18.38 22.39 0.0563
875.49 113.01 38.28 32.31 0.0562
420.98 193.08 72.13 56.47 0.0561
539.76 215.81 43.61 31.65 0.0559
11.34 25.37 14.70 19.16 0.0550
114.13 96.89 34.87 27.32 0.0547
0.00 102.83 28.23 46.60 0.0546
728.60 260.86 41.09 46.95 0.0544
852.61 299.26 88.95 70.27 0.0543
84.23 3.99 16.60 13.90 0.0542
141.52 224.90 46.22 43.05 0.0541
869.27 291.51 43.85 44.69 0.0541
401.14 300.69 45.90 44.45 0.0539
335.97 235.44 23.01 24.55 0.0537
332.62 325.98 27.59 29.30 0.0535
686.03 126.64 102.94 63.94 0.0533
85.29 420.52 63.27 59.80 0.0530
537.64 154.31 62.87 41.20 0.0529
428.28 302.75 59.51 56.24 0.0527
0.00 473.22 55.16 56.89 0.0524
476.95 211.41 47.75 33.51 0.0522
75.91 243.68 35.46 38.36 0.0517
156.41 3.50 18.99 14.84 0.0516
190.83 74.32 21.11 26.71 0.0515
122.47 51.65 14.87 14.68 0.0515
833.19 274.05 55.37 55.79 0.0511
803.49 166.28 30.90 28.23 0.0511
95.46 234.45 66.48 54.39 0.0508
907.97 142.94 52.96 54.39 0.0504
155.11 28.90 16.73 14.98 0.0502
