2_Demonstration_Political_Rally_2_611
16
183.86 160.59 156.58 205.28 0.5369
205.12 374.97 179.09 225.77 0.1333
247.39 292.74 206.32 257.93 0.1184
649.91 68.20 260.69 370.79 0.1162
383.05 323.42 170.45 204.59 0.1036
290.84 426.66 90.93 178.74 0.1031
161.98 55.58 263.90 328.32 0.0906
404.55 417.19 123.60 170.05 0.0819
655.58 122.35 147.51 203.73 0.0780
932.82 532.43 79.79 72.82 0.0771
261.31 504.26 128.79 164.27 0.0673
0.00 0.00 32.45 50.59 0.0637
156.00 189.03 396.20 333.29 0.0609
431.99 462.27 151.36 207.26 0.0583
5.09 439.45 31.44 97.50 0.0541
333.40 435.66 99.86 157.23 0.0514
