2_Demonstration_Demonstration_Or_Protest_2_586
200
405.54 100.78 29.56 27.37 0.5420
514.38 130.22 21.57 23.97 0.4450
697.34 244.56 40.78 38.00 0.4191
472.70 151.56 27.66 27.16 0.4070
560.66 167.18 21.29 24.24 0.3927
982.73 148.79 36.32 37.16 0.3695
337.13 106.76 24.33 23.89 0.3573
810.64 225.94 25.72 29.77 0.3473
697.07 148.29 27.31 28.24 0.3447
847.24 200.19 25.36 29.26 0.3388
766.15 116.96 26.38 26.42 0.3360
448.51 122.26 23.75 24.45 0.3176
337.52 94.21 22.19 19.60 0.3089
260.19 115.14 20.86 19.49 0.2994
523.24 106.55 19.41 20.97 0.2935
596.46 113.86 15.75 18.75 0.2868
631.87 181.76 23.17 27.48 0.2778
737.27 229.60 23.22 26.77 0.2651
483.65 192.35 29.37 31.61 0.2617
88.86 0.00 57.39 45.26 0.2614
440.97 88.13 26.97 24.64 0.2604
297.34 94.81 19.91 17.68 0.2590
157.23 110.10 24.39 23.28 0.2566
297.48 106.45 19.55 20.33 0.2563
333.88 149.74 22.81 21.57 0.2533
262.77 68.40 23.58 23.29 0.2487
811.89 173.77 32.34 32.14 0.2400
479.02 179.55 36.01 30.81 0.2383
946.99 105.06 25.29 21.19 0.2363
186.72 165.48 22.84 20.78 0.2363
230.25 125.18 21.30 18.72 0.2340
8.48 91.81 23.48 21.99 0.2326
185.45 125.57 22.04 18.29 0.2294
5.22 72.80 23.31 20.42 0.2291
368.81 90.40 27.02 23.66 0.2280
448.29 149.38 29.55 31.17 0.2231
442.97 225.71 32.95 32.79 0.2230
442.50 105.11 29.56 28.95 0.2183
775.96 226.65 26.34 27.22 0.2165
142.24 154.51 26.69 30.59 0.2146
231.00 115.27 18.13 17.91 0.2145
522.45 95.39 20.88 23.68 0.2139
42.32 93.04 19.06 15.16 0.2118
550.72 78.46 23.76 20.97 0.2108
852.49 312.79 16.48 17.27 0.2091
303.25 126.64 17.57 16.92 0.2066
744.00 224.71 27.71 26.20 0.2059
392.72 358.47 39.22 43.85 0.2057
228.68 142.30 19.90 21.07 0.2032
375.23 104.62 24.59 23.89 0.2019
181.29 72.85 25.39 17.57 0.1981
334.12 124.19 22.40 20.84 0.1954
83.25 129.65 19.53 17.97 0.1942
889.13 153.96 27.00 30.90 0.1935
606.75 375.94 47.81 32.27 0.1935
225.14 162.03 22.68 23.92 0.1925
431.31 72.29 35.97 28.38 0.1910
670.03 147.78 18.69 21.37 0.1909
741.50 380.55 20.37 18.72 0.1884
806.10 235.32 33.73 45.41 0.1848
183.72 112.56 24.60 23.18 0.1816
106.69 18.09 37.92 35.10 0.1812
78.50 137.58 24.67 27.90 0.1785
120.90 91.20 26.92 21.01 0.1777
8.50 102.94 21.17 22.77 0.1765
378.18 139.83 25.45 22.91 0.1734
368.64 341.40 33.10 32.52 0.1725
159.46 117.96 28.71 25.57 0.1724
373.51 182.14 26.42 33.07 0.1722
658.16 366.10 26.75 21.92 0.1709
839.26 181.53 29.12 33.76 0.1706
80.08 92.33 22.51 17.32 0.1700
84.15 73.28 22.97 16.96 0.1681
951.93 217.02 28.08 32.42 0.1678
262.61 84.98 20.64 19.74 0.1676
82.40 49.53 29.95 24.70 0.1653
150.74 93.34 21.34 19.30 0.1650
177.43 0.80 31.20 18.11 0.1649
773.93 135.40 26.39 29.42 0.1645
2.14 0.00 27.26 19.39 0.1636
834.29 165.14 32.97 30.91 0.1636
410.66 71.71 31.41 33.33 0.1634
220.93 234.67 25.92 26.42 0.1622
363.13 73.46 32.99 27.28 0.1587
81.42 20.51 47.37 35.00 0.1586
377.27 128.48 23.85 21.06 0.1580
111.67 51.53 31.82 24.84 0.1580
398.16 335.26 39.51 50.81 0.1570
918.53 263.24 36.95 38.07 0.1561
80.89 109.50 20.48 16.83 0.1560
231.94 80.42 22.09 23.89 0.1554
558.06 127.96 21.80 21.90 0.1553
360.80 373.89 38.48 50.10 0.1549
360.61 0.00 40.86 28.23 0.1548
807.69 191.45 36.22 47.09 0.1547
401.41 113.08 31.01 29.80 0.1525
631.24 166.53 23.26 27.75 0.1507
770.46 82.59 22.94 24.79 0.1505
118.77 106.63 25.10 19.82 0.1503
39.22 74.72 22.96 18.14 0.1498
43.89 109.19 17.65 15.04 0.1490
692.17 127.29 33.00 29.62 0.1487
442.41 173.57 24.33 25.58 0.1482
883.10 177.31 24.72 27.30 0.1478
943.25 221.89 41.53 48.19 0.1470
367.82 356.07 43.41 49.42 0.1438
589.40 379.98 48.79 38.71 0.1432
186.10 143.52 23.72 21.77 0.1424
945.15 120.81 32.08 30.55 0.1418
509.18 35.13 25.62 17.82 0.1412
777.28 238.77 34.55 39.81 0.1412
776.49 198.63 27.49 29.48 0.1403
626.28 75.94 26.08 21.92 0.1402
485.49 35.75 21.95 18.25 0.1399
115.24 70.18 25.76 20.75 0.1399
178.44 55.18 29.47 24.66 0.1398
613.18 354.73 48.65 38.05 0.1397
722.83 242.08 35.79 41.50 0.1395
935.14 270.24 44.13 44.44 0.1395
340.29 377.47 41.15 56.98 0.1394
701.41 179.07 25.52 23.66 0.1385
929.24 106.02 23.94 20.82 0.1362
863.31 228.84 40.60 38.80 0.1361
806.08 253.56 37.72 47.83 0.1347
693.18 31.95 41.60 20.22 0.1343
914.95 133.16 28.25 37.60 0.1333
373.06 162.40 23.90 26.65 0.1315
476.23 125.69 28.04 35.31 0.1312
336.33 0.57 29.75 25.63 0.1311
696.25 361.09 23.33 19.70 0.1308
328.99 227.08 35.03 37.32 0.1307
478.02 63.90 30.48 27.77 0.1306
694.41 351.63 23.40 17.79 0.1303
556.35 144.90 24.24 29.34 0.1301
7.42 121.12 19.65 21.93 0.1300
879.40 238.69 39.47 51.76 0.1297
548.23 251.65 30.22 26.68 0.1291
262.95 144.59 18.85 20.91 0.1290
267.89 160.45 20.63 21.88 0.1281
4.19 55.92 23.10 21.37 0.1280
303.67 144.27 18.34 20.47 0.1274
111.05 125.17 25.70 24.37 0.1273
439.63 325.08 36.48 49.61 0.1273
157.13 228.17 19.52 23.38 0.1262
187.68 86.08 23.92 21.01 0.1259
953.24 131.80 33.43 46.20 0.1244
151.27 28.91 23.56 24.72 0.1241
926.86 196.00 21.55 27.17 0.1227
4.79 31.31 23.51 23.89 0.1224
985.33 124.85 38.67 51.40 0.1223
924.16 124.33 22.38 26.21 0.1223
931.10 240.84 53.43 61.86 0.1222
337.45 75.31 26.17 24.59 0.1219
842.04 210.24 41.12 49.66 0.1216
338.35 182.37 25.40 18.76 0.1205
589.98 181.51 22.07 27.18 0.1186
337.84 347.51 22.71 21.57 0.1181
868.85 208.96 35.46 34.60 0.1170
665.64 31.10 41.80 19.32 0.1168
249.91 215.71 41.59 44.01 0.1167
955.00 174.73 23.71 27.83 0.1162
734.12 84.69 32.20 29.00 0.1156
300.48 73.59 18.08 17.66 0.1149
662.57 154.22 23.81 27.23 0.1148
962.36 148.51 30.51 40.13 0.1147
298.96 161.38 19.56 22.43 0.1146
671.96 127.03 23.89 23.53 0.1137
338.08 363.40 30.93 38.67 0.1130
658.84 344.97 28.79 24.84 0.1128
777.50 156.22 23.95 25.61 0.1127
921.70 231.65 36.26 45.96 0.1120
744.33 116.00 30.51 29.94 0.1116
954.07 304.77 28.37 24.48 0.1116
39.88 57.21 25.65 23.48 0.1115
925.21 171.12 25.90 33.40 0.1101
954.81 193.21 25.59 32.42 0.1099
385.79 375.80 50.05 51.70 0.1098
506.59 183.65 30.90 27.51 0.1097
666.25 232.00 25.68 24.09 0.1095
871.22 193.55 32.70 35.71 0.1092
138.99 454.53 35.09 34.93 0.1092
3.18 16.94 24.79 21.36 0.1079
42.89 119.69 22.57 24.78 0.1072
46.64 16.74 29.22 25.41 0.1071
147.67 0.00 29.95 21.95 0.1061
553.36 107.26 23.26 19.66 0.1055
116.62 143.15 26.23 31.42 0.1052
700.46 108.96 27.49 29.87 0.1048
228.28 57.33 33.82 32.84 0.1044
927.67 211.16 24.37 27.00 0.1040
690.07 415.02 37.48 32.03 0.1040
301.94 14.79 29.16 17.35 0.1039
468.39 101.22 38.48 33.81 0.1038
668.14 249.16 48.32 41.36 0.1031
470.06 82.29 37.53 34.16 0.1029
371.22 204.16 37.14 35.49 0.1025
663.03 220.00 19.90 23.01 0.1019
589.67 355.01 52.82 47.61 0.1015
777.47 180.70 28.27 23.81 0.1015
688.22 254.61 50.20 55.56 0.1015
