2_Demonstration_Protesters_2_531
200
398.78 508.60 31.31 39.59 0.6106
884.69 268.76 24.14 29.52 0.5604
259.49 464.76 23.99 26.83 0.5262
223.45 490.62 23.51 26.75 0.5252
338.67 406.92 20.52 25.27 0.5004
112.71 507.13 20.31 24.57 0.4729
265.54 318.98 26.25 31.04 0.4655
77.11 453.96 20.79 23.76 0.4452
923.87 546.13 19.85 28.00 0.4406
157.40 512.20 22.24 26.45 0.4405
879.67 536.93 21.65 29.62 0.4393
596.10 443.64 32.54 37.06 0.4316
696.66 95.24 29.80 34.88 0.4250
304.96 480.62 25.51 31.88 0.4219
485.19 437.11 18.66 22.87 0.4072
37.97 365.04 23.02 26.24 0.4050
11.19 520.87 26.61 31.06 0.4034
364.85 473.39 26.29 32.27 0.3965
514.75 465.13 22.65 26.54 0.3911
917.39 477.75 21.29 27.97 0.3905
523.28 312.16 18.85 22.23 0.3902
997.43 574.54 23.33 28.94 0.3872
295.09 645.34 24.32 27.68 0.3828
578.32 485.99 32.58 40.48 0.3808
741.09 487.77 19.26 23.91 0.3773
875.66 222.50 23.88 23.35 0.3765
227.65 646.02 20.35 25.03 0.3732
10.25 405.24 21.43 27.90 0.3708
514.43 504.52 27.97 33.94 0.3631
927.44 223.54 24.13 26.02 0.3586
305.71 218.17 15.32 19.67 0.3551
993.90 159.26 22.97 27.84 0.3531
984.12 636.39 35.81 35.76 0.3530
44.06 317.47 21.05 23.23 0.3522
257.03 574.84 23.41 26.46 0.3440
701.31 77.82 25.15 26.56 0.3437
338.22 451.69 21.44 26.93 0.3436
150.21 477.45 21.63 26.59 0.3419
82.33 289.44 21.37 25.49 0.3414
189.92 429.00 19.41 23.42 0.3410
411.54 451.85 22.05 26.18 0.3399
765.03 535.72 25.60 32.40 0.3386
409.22 339.07 18.87 20.17 0.3383
780.21 488.46 18.52 22.96 0.3377
260.98 268.20 20.93 25.14 0.3360
335.14 509.40 24.29 27.76 0.3317
851.97 174.07 19.01 23.38 0.3312
924.73 163.68 22.08 26.64 0.3301
7.05 461.55 20.53 28.30 0.3276
4.25 565.04 26.06 36.74 0.3266
152.86 334.44 19.92 24.03 0.3252
693.16 518.97 26.96 31.48 0.3237
850.97 103.05 14.63 17.21 0.3234
156.82 646.55 20.34 25.06 0.3223
231.06 221.05 16.86 20.10 0.3207
487.65 125.12 15.90 16.80 0.3186
988.24 433.33 24.50 25.84 0.3181
814.02 361.98 16.42 20.20 0.3165
82.21 267.14 20.62 25.19 0.3163
661.27 471.53 25.50 32.66 0.3153
299.70 384.30 16.08 20.54 0.3127
411.79 377.56 20.80 27.09 0.3114
768.93 0.58 24.74 23.28 0.3066
373.66 343.12 17.65 18.97 0.3061
994.25 217.21 22.03 21.50 0.3037
522.78 100.80 17.61 20.64 0.3023
740.66 414.53 24.67 24.89 0.3023
992.91 243.55 22.94 22.46 0.3018
849.32 414.72 15.01 16.67 0.3012
660.06 547.10 24.46 25.25 0.3008
339.86 318.22 19.18 20.81 0.3006
84.45 415.79 14.54 18.23 0.3002
593.00 101.08 20.34 22.31 0.2990
779.97 294.36 19.75 22.26 0.2989
230.87 383.88 18.78 23.38 0.2988
841.58 511.52 21.83 26.25 0.2972
889.48 103.31 11.85 13.82 0.2968
337.29 332.80 18.06 23.62 0.2967
705.33 198.62 14.83 15.20 0.2956
453.61 355.31 25.99 27.69 0.2925
451.29 508.67 19.34 23.05 0.2911
851.76 146.86 15.33 17.26 0.2905
742.94 100.37 16.31 19.08 0.2899
191.90 223.31 13.25 14.39 0.2895
153.89 414.52 16.62 16.55 0.2887
83.60 220.65 17.02 19.62 0.2884
12.52 254.06 23.79 30.18 0.2880
512.01 413.01 25.70 29.62 0.2880
661.47 72.39 22.07 22.29 0.2863
337.97 370.67 17.27 20.58 0.2862
853.97 462.38 23.16 27.50 0.2860
838.88 248.65 23.67 23.24 0.2858
926.27 235.87 22.57 24.29 0.2832
340.66 145.59 11.47 16.66 0.2828
480.74 309.00 20.03 23.88 0.2809
774.23 215.92 19.12 22.23 0.2808
373.97 363.42 20.08 24.48 0.2806
265.66 414.19 18.11 20.97 0.2801
963.23 435.31 16.05 21.75 0.2799
412.36 199.92 13.32 15.07 0.2795
705.55 246.07 15.49 17.07 0.2788
779.63 439.53 19.70 27.35 0.2785
341.29 291.01 20.84 22.24 0.2781
593.42 4.72 20.39 19.51 0.2779
411.48 246.49 15.74 15.57 0.2779
410.28 268.80 18.78 18.06 0.2778
887.33 174.59 18.19 22.48 0.2776
8.57 314.84 20.06 22.31 0.2776
119.31 295.70 18.93 28.23 0.2770
228.99 245.47 15.74 18.29 0.2760
959.67 174.80 16.20 19.33 0.2748
815.48 194.06 18.95 20.70 0.2747
368.53 460.63 22.69 28.54 0.2734
408.38 320.86 18.47 20.36 0.2718
741.62 307.11 17.77 25.27 0.2710
702.03 427.62 19.72 28.53 0.2705
635.16 479.54 34.06 26.99 0.2702
231.20 365.99 19.33 26.54 0.2700
195.18 171.05 13.45 16.56 0.2696
100.62 582.10 29.69 30.98 0.2692
780.80 260.71 20.92 24.72 0.2686
302.09 264.99 15.31 21.75 0.2681
377.85 172.48 12.19 14.07 0.2677
82.43 243.39 19.27 22.27 0.2675
302.38 463.63 18.11 23.85 0.2675
959.80 289.08 21.27 22.63 0.2665
633.75 292.52 11.27 15.60 0.2663
411.71 219.80 15.01 16.79 0.2643
411.17 289.11 19.06 19.97 0.2639
628.08 115.58 26.22 28.20 0.2638
889.31 392.55 14.17 16.44 0.2637
156.42 365.98 19.44 21.18 0.2635
777.44 117.34 15.73 21.32 0.2627
634.24 198.68 14.45 15.45 0.2620
523.99 0.86 23.79 22.29 0.2615
159.12 29.60 13.94 15.39 0.2603
705.46 173.77 14.53 16.88 0.2602
741.98 392.81 15.07 15.89 0.2595
810.62 436.97 17.26 20.05 0.2586
122.87 236.29 21.82 27.52 0.2584
695.17 464.51 24.31 29.18 0.2581
263.44 219.45 15.68 18.79 0.2573
560.92 485.51 31.36 32.36 0.2573
190.32 295.89 16.83 21.34 0.2570
925.70 437.71 15.66 18.24 0.2570
777.65 171.81 17.22 19.89 0.2569
122.75 221.30 17.95 21.14 0.2567
777.38 102.96 15.58 17.42 0.2565
380.36 126.98 10.75 12.06 0.2562
336.36 386.19 19.96 22.84 0.2561
889.08 149.50 14.16 15.34 0.2560
447.88 417.02 14.89 18.50 0.2559
738.77 429.81 25.58 30.65 0.2559
819.80 531.80 24.08 28.93 0.2555
227.80 267.76 16.11 20.97 0.2549
156.13 147.67 14.28 18.02 0.2544
740.58 195.34 14.62 17.12 0.2542
701.84 414.32 18.36 22.97 0.2535
194.62 341.20 16.50 21.48 0.2528
450.76 198.69 14.89 15.85 0.2526
159.84 270.97 16.07 18.57 0.2522
738.58 146.52 16.19 20.75 0.2519
779.52 248.61 20.79 24.28 0.2519
925.37 394.07 17.45 20.59 0.2517
45.65 243.72 15.82 19.93 0.2516
634.71 30.39 13.97 14.88 0.2512
82.89 309.72 19.49 25.02 0.2511
6.25 475.27 23.09 29.85 0.2510
47.08 487.39 16.84 25.84 0.2508
184.57 511.52 22.23 24.81 0.2508
484.01 269.79 17.80 16.78 0.2505
961.01 267.05 23.80 24.54 0.2500
632.46 75.52 19.81 20.37 0.2496
196.34 264.95 15.42 19.07 0.2496
815.76 218.76 19.33 22.13 0.2495
452.10 317.62 18.10 18.86 0.2491
195.02 151.64 12.80 17.26 0.2484
297.34 436.10 19.07 19.84 0.2484
341.29 194.29 12.82 16.77 0.2479
376.76 440.10 14.05 17.28 0.2477
47.64 52.22 17.12 18.62 0.2474
231.13 148.34 12.78 16.46 0.2474
632.03 388.65 17.19 23.95 0.2474
304.20 171.57 11.89 16.54 0.2473
158.74 195.73 12.00 15.77 0.2473
558.34 314.50 15.93 17.67 0.2472
153.85 321.79 16.56 23.58 0.2468
810.09 268.89 18.51 21.07 0.2466
268.25 197.36 12.71 16.23 0.2465
777.38 455.71 17.10 22.89 0.2465
816.75 146.19 12.51 16.88 0.2461
960.86 191.37 19.15 21.68 0.2459
704.77 25.69 16.02 16.33 0.2455
158.57 246.33 11.76 15.86 0.2453
848.66 222.03 18.05 20.75 0.2439
118.30 336.07 16.71 22.25 0.2438
450.54 128.34 11.89 15.42 0.2436
448.80 458.01 16.97 20.77 0.2436
376.34 248.16 17.19 19.82 0.2435
485.27 419.13 18.45 28.63 0.2428
