2_Demonstration_Demonstrators_2_188
200
796.67 1093.94 60.39 104.89 0.4919
2.72 380.90 41.64 104.72 0.3703
182.68 281.39 32.60 81.63 0.3399
279.70 303.44 42.73 82.13 0.3204
231.87 350.21 40.92 74.00 0.3186
486.98 374.27 44.85 77.39 0.2996
144.03 232.08 30.95 91.89 0.2868
106.56 306.66 30.86 75.99 0.2775
229.81 239.88 24.01 56.91 0.2755
286.30 244.59 37.28 79.64 0.2455
486.29 1058.62 195.47 250.07 0.2446
921.46 592.25 26.13 68.64 0.2442
111.70 195.57 25.71 73.98 0.2385
960.19 372.03 19.94 52.10 0.2367
394.22 419.26 86.15 137.45 0.2329
3.31 190.64 25.88 81.79 0.2294
218.55 169.58 29.21 74.67 0.2230
485.45 499.95 70.69 121.90 0.2111
994.26 364.33 21.41 58.19 0.2036
843.32 473.86 46.59 101.91 0.1982
918.85 361.16 24.86 65.43 0.1953
17.38 405.33 47.50 85.55 0.1933
887.86 344.57 24.99 72.58 0.1925
991.73 506.13 29.23 85.71 0.1919
132.44 431.18 48.75 125.48 0.1891
918.93 313.12 23.42 59.82 0.1803
227.68 313.43 43.31 83.26 0.1762
565.06 419.70 58.12 61.56 0.1689
4.43 4.40 28.63 77.16 0.1687
908.83 425.78 29.38 50.23 0.1658
784.77 422.40 56.10 95.63 0.1646
256.80 313.25 38.77 92.20 0.1615
258.21 239.63 35.15 95.05 0.1598
770.70 149.67 47.78 137.58 0.1544
452.68 232.22 27.15 50.83 0.1539
374.63 359.22 49.09 85.34 0.1534
144.54 1162.34 359.44 409.89 0.1511
572.22 363.23 43.56 59.16 0.1482
35.62 468.73 42.96 94.52 0.1472
536.55 411.84 62.99 64.67 0.1448
333.19 10.01 31.73 54.16 0.1447
960.42 302.98 18.29 49.75 0.1434
762.22 1090.54 97.80 167.57 0.1431
73.19 229.47 25.09 64.82 0.1416
843.85 231.24 30.92 77.42 0.1410
849.06 195.00 23.20 58.08 0.1407
548.62 367.39 50.59 67.06 0.1404
211.19 122.47 35.74 95.83 0.1402
304.97 1171.00 156.16 188.01 0.1392
839.45 284.68 34.08 83.46 0.1390
615.23 360.44 42.29 53.53 0.1381
912.33 461.91 29.34 71.56 0.1353
997.39 313.97 19.14 47.44 0.1348
841.24 431.25 43.87 96.32 0.1331
795.69 470.57 75.76 159.85 0.1326
990.45 987.19 33.55 171.59 0.1320
700.69 1110.17 137.35 172.98 0.1320
324.83 354.72 33.23 67.67 0.1304
34.00 882.84 53.35 131.38 0.1275
995.25 413.79 24.51 62.33 0.1266
59.56 486.89 39.05 64.07 0.1257
287.09 379.37 43.58 95.24 0.1250
597.28 1066.81 101.63 176.63 0.1236
42.60 526.04 57.86 102.04 0.1213
736.79 158.43 51.19 135.20 0.1212
915.92 556.12 30.84 82.00 0.1196
599.75 521.23 99.94 95.29 0.1172
559.67 162.28 30.45 72.24 0.1170
839.30 313.18 39.28 99.48 0.1168
865.46 518.41 40.28 81.81 0.1165
156.19 741.70 87.22 158.99 0.1150
103.60 135.78 30.04 84.48 0.1148
511.55 536.69 74.61 73.65 0.1136
48.76 231.03 25.94 65.15 0.1122
73.46 288.47 27.36 75.27 0.1113
512.68 487.01 81.36 75.96 0.1098
150.00 324.46 34.41 89.80 0.1095
111.65 473.15 57.61 125.01 0.1085
178.90 407.56 38.71 79.07 0.1072
80.15 195.79 22.13 55.24 0.1061
957.58 257.55 18.71 52.82 0.1061
488.54 319.16 58.86 125.35 0.1057
405.39 217.53 27.84 67.24 0.1054
956.41 473.76 26.52 77.01 0.1048
889.37 417.71 29.56 59.65 0.1047
114.90 923.83 54.71 87.93 0.1045
288.08 185.35 33.87 86.16 0.1044
958.29 402.79 24.98 66.04 0.1043
989.28 869.23 34.72 187.88 0.1033
675.78 348.81 53.77 81.01 0.1026
669.59 682.37 83.45 224.73 0.1022
661.77 166.31 28.38 112.21 0.1019
133.79 875.18 77.58 107.18 0.1018
874.19 485.66 29.29 71.43 0.1016
480.45 234.39 25.77 52.22 0.1013
4.01 130.67 25.95 93.10 0.0992
245.19 9.60 40.22 55.41 0.0981
590.50 423.55 83.24 90.44 0.0967
43.29 283.42 26.18 85.19 0.0966
835.67 557.12 45.16 112.36 0.0965
798.72 361.57 43.78 96.88 0.0954
321.02 208.14 43.91 97.36 0.0953
71.93 429.67 29.62 76.54 0.0951
257.83 155.78 35.84 86.15 0.0945
914.01 597.66 39.03 110.05 0.0938
545.89 312.70 46.53 103.68 0.0916
199.63 1104.00 258.58 231.00 0.0910
988.49 666.94 27.92 69.06 0.0908
591.53 610.97 67.54 64.04 0.0906
334.92 158.96 35.18 83.77 0.0906
6.84 877.83 28.95 107.11 0.0905
204.31 811.39 99.24 169.26 0.0899
940.18 598.63 35.18 69.65 0.0890
308.33 291.62 51.75 92.94 0.0887
2.63 803.68 24.66 103.57 0.0883
471.21 0.62 33.27 48.69 0.0872
367.93 299.89 41.35 89.47 0.0871
76.14 342.38 27.61 69.82 0.0864
556.74 105.84 33.39 94.27 0.0860
321.14 386.62 41.85 106.35 0.0860
289.32 1280.69 170.91 188.09 0.0859
481.67 195.34 20.32 44.64 0.0857
6.13 519.29 36.61 96.74 0.0857
68.62 0.00 38.78 63.67 0.0856
192.69 165.67 34.97 82.48 0.0855
625.42 592.77 74.37 76.71 0.0854
357.86 171.12 33.58 83.07 0.0852
898.63 716.12 80.01 158.67 0.0850
660.50 412.33 85.75 100.94 0.0846
196.66 109.19 32.52 89.50 0.0840
957.97 541.88 28.03 65.32 0.0839
48.90 189.52 25.23 54.09 0.0830
262.55 116.35 30.83 71.76 0.0829
701.97 142.52 40.32 120.38 0.0829
2.39 273.72 32.30 110.38 0.0823
587.79 485.60 85.73 83.77 0.0820
214.82 74.67 40.62 97.40 0.0819
287.60 779.24 57.66 143.94 0.0814
39.32 0.00 40.77 78.11 0.0810
516.76 237.77 29.69 55.48 0.0808
412.05 4.98 27.84 44.63 0.0798
400.18 311.34 41.88 99.85 0.0798
938.20 1125.06 44.49 102.43 0.0795
653.40 446.80 126.84 191.32 0.0794
167.27 640.76 96.60 146.10 0.0788
924.60 252.57 23.39 70.24 0.0784
559.20 206.12 35.94 80.32 0.0769
675.78 581.00 99.21 132.40 0.0763
979.53 725.03 37.14 104.11 0.0762
450.54 191.15 28.72 71.40 0.0761
54.73 906.47 61.44 124.45 0.0760
185.35 536.86 90.02 152.71 0.0759
441.18 302.16 40.09 84.57 0.0759
56.29 598.31 93.30 152.44 0.0755
862.31 607.44 59.23 126.58 0.0750
417.27 365.75 63.10 96.11 0.0749
641.40 332.67 56.91 90.44 0.0747
0.00 689.20 27.77 100.57 0.0741
2.21 641.87 30.25 95.20 0.0727
78.81 129.77 33.47 93.68 0.0725
872.80 233.61 34.03 88.03 0.0719
289.20 8.24 34.43 53.85 0.0710
561.17 476.94 81.25 79.00 0.0709
644.69 614.30 85.43 152.11 0.0707
671.53 1314.11 166.13 154.88 0.0703
523.76 170.37 31.52 64.71 0.0700
255.36 69.27 34.70 77.09 0.0698
5.89 584.68 30.82 87.38 0.0697
995.66 593.11 28.34 72.20 0.0690
282.65 453.18 48.45 98.06 0.0688
867.96 580.59 43.52 100.63 0.0688
749.03 421.73 110.06 261.92 0.0678
989.52 1073.29 34.48 156.48 0.0678
996.21 245.86 20.35 54.55 0.0676
779.17 125.06 46.38 106.97 0.0675
671.84 486.39 151.90 272.85 0.0674
679.05 1200.90 158.27 171.60 0.0674
108.43 0.99 36.45 60.06 0.0670
84.59 690.87 63.05 132.86 0.0668
167.91 443.02 61.51 131.14 0.0667
149.81 0.00 32.53 48.16 0.0663
946.17 723.36 59.32 129.84 0.0660
828.93 602.07 54.20 139.45 0.0655
963.74 70.94 23.68 74.74 0.0645
438.79 1109.36 136.98 249.41 0.0642
479.73 1172.44 163.42 213.88 0.0640
769.75 361.79 49.74 106.71 0.0635
365.33 11.09 34.19 53.80 0.0634
147.28 125.90 33.09 103.90 0.0618
991.83 44.64 25.45 95.18 0.0614
205.77 441.88 69.62 134.07 0.0612
142.27 782.46 127.06 199.04 0.0605
974.56 770.94 44.67 156.04 0.0604
566.28 545.58 95.13 91.65 0.0601
357.34 219.24 36.64 81.35 0.0596
565.21 803.71 96.94 131.91 0.0591
826.77 1305.70 105.78 158.94 0.0591
684.34 307.43 50.16 78.82 0.0580
34.48 568.10 72.94 118.91 0.0577
672.56 1078.23 89.03 163.14 0.0573
