2_Demonstration_Demonstration_Or_Protest_2_942
178
210.89 123.78 362.50 640.18 0.4778
10.27 1350.69 56.11 163.94 0.3132
313.76 647.73 295.92 568.25 0.2332
854.20 1056.05 10.23 26.71 0.1866
818.01 1001.54 10.56 27.32 0.1853
855.40 1000.04 8.74 24.65 0.1827
927.54 1059.08 9.03 22.48 0.1753
818.29 947.04 9.69 24.35 0.1752
928.21 1001.95 8.37 22.24 0.1749
928.29 838.52 9.48 24.00 0.1725
928.31 727.43 10.82 27.01 0.1654
891.49 1052.75 10.49 28.99 0.1645
927.93 1113.03 9.98 24.96 0.1630
818.76 892.15 8.59 23.88 0.1619
928.13 949.36 9.08 23.54 0.1616
855.02 948.72 9.19 26.17 0.1592
928.35 783.88 9.93 23.97 0.1584
854.73 837.92 9.21 24.03 0.1569
928.05 1165.81 9.58 24.24 0.1553
892.14 1003.72 9.34 23.65 0.1517
817.63 1049.87 12.80 32.15 0.1516
854.76 1219.53 10.52 26.83 0.1510
964.08 1053.97 9.52 26.02 0.1488
745.09 778.60 12.22 29.16 0.1483
855.11 782.94 9.31 23.74 0.1477
892.01 833.30 9.67 27.72 0.1474
782.44 837.10 10.73 26.46 0.1465
782.38 782.06 9.74 26.98 0.1454
53.90 1444.37 59.70 90.63 0.1445
963.60 1002.00 10.17 26.06 0.1443
890.62 1110.93 10.57 28.63 0.1431
928.12 893.19 9.64 24.63 0.1406
962.20 1274.86 13.64 31.02 0.1402
892.06 728.04 9.81 25.23 0.1397
818.34 838.57 9.12 24.75 0.1387
964.55 945.93 10.56 27.28 0.1360
781.94 889.94 12.53 29.06 0.1352
853.18 1106.03 12.61 34.25 0.1349
818.72 728.02 9.47 26.06 0.1348
853.50 1162.23 12.13 33.06 0.1347
817.17 1104.84 13.68 32.94 0.1339
126.49 1419.98 67.26 114.21 0.1334
854.93 1278.13 9.62 23.49 0.1330
855.09 728.86 9.56 25.96 0.1317
965.04 894.49 9.95 25.11 0.1291
891.86 785.05 9.20 24.65 0.1283
743.14 672.26 11.66 23.57 0.1280
963.93 1167.71 10.06 25.60 0.1280
928.07 1221.00 9.37 21.85 0.1263
927.92 672.40 12.07 28.24 0.1261
818.21 783.30 8.93 24.23 0.1261
964.45 1112.20 9.07 24.98 0.1243
744.83 729.96 10.49 23.68 0.1241
855.15 892.33 9.25 26.45 0.1238
855.72 673.54 9.70 24.90 0.1222
782.41 728.31 9.20 23.05 0.1206
891.63 673.18 10.70 27.80 0.1205
816.83 1220.57 12.99 30.43 0.1200
816.62 1163.72 13.05 32.56 0.1199
996.33 712.24 18.46 46.22 0.1190
890.98 1162.42 10.47 29.15 0.1174
928.27 1276.73 10.59 23.06 0.1167
260.73 872.37 24.64 57.61 0.1141
892.50 950.62 8.84 23.59 0.1109
892.23 890.49 8.75 25.86 0.1087
780.84 941.46 12.50 30.31 0.1081
704.82 670.74 14.71 27.45 0.1068
892.13 1277.67 9.15 21.24 0.1066
779.71 1002.62 13.92 30.76 0.1063
891.33 1221.31 9.82 24.83 0.1058
220.54 872.87 31.18 83.06 0.1057
963.21 1217.73 10.10 25.55 0.1053
998.34 942.75 14.75 34.49 0.1042
816.96 1269.24 11.28 28.65 0.1014
221.96 441.84 269.43 354.71 0.1009
778.74 1050.23 15.41 32.03 0.1005
818.73 564.57 8.54 23.37 0.1002
927.62 616.64 12.75 30.42 0.0992
960.87 666.62 15.66 34.79 0.0988
744.50 836.11 11.99 27.97 0.0988
964.18 839.17 9.91 26.37 0.0963
744.07 562.10 11.14 24.32 0.0957
703.28 773.51 15.48 36.77 0.0929
707.29 339.63 13.85 31.97 0.0920
891.55 619.43 10.67 25.84 0.0912
743.35 450.28 12.52 30.56 0.0910
668.25 333.63 17.73 35.20 0.0905
996.36 883.71 15.42 36.30 0.0903
743.89 621.49 11.54 22.98 0.0902
963.11 781.38 10.83 28.29 0.0901
186.74 854.81 38.35 111.17 0.0895
781.99 563.95 8.95 25.01 0.0864
781.39 674.83 9.58 24.31 0.0862
212.30 1015.20 44.84 105.72 0.0861
180.10 903.74 46.86 112.44 0.0855
289.36 906.68 38.88 102.95 0.0847
818.54 621.62 9.33 24.80 0.0847
364.37 1441.07 70.20 91.54 0.0844
962.61 723.26 12.47 32.53 0.0843
705.45 557.57 13.63 29.66 0.0842
818.78 673.34 9.05 24.66 0.0831
819.38 511.42 8.25 19.45 0.0831
153.51 930.24 57.16 159.59 0.0831
101.15 106.13 207.59 282.97 0.0818
696.92 890.60 20.46 47.14 0.0812
661.92 658.78 30.66 59.33 0.0806
704.02 448.12 16.00 33.63 0.0803
991.68 1266.90 20.51 44.57 0.0789
998.27 991.85 15.55 37.04 0.0786
339.91 893.09 194.28 326.41 0.0785
742.27 886.39 15.04 34.78 0.0784
854.83 618.89 10.30 26.48 0.0783
627.83 326.85 20.50 44.34 0.0781
996.37 666.16 20.37 50.55 0.0772
996.17 1102.44 16.82 39.39 0.0767
996.41 1051.24 16.74 36.96 0.0766
744.39 508.13 11.37 25.84 0.0759
706.07 620.58 12.39 24.07 0.0745
696.09 925.07 21.86 50.39 0.0744
706.37 396.28 14.76 33.61 0.0741
198.32 48.42 302.02 414.48 0.0740
781.67 619.86 9.02 22.45 0.0733
955.03 374.75 28.47 80.18 0.0723
274.52 1424.36 100.66 107.16 0.0722
517.33 1178.12 134.31 149.30 0.0708
853.89 1326.85 11.90 29.06 0.0703
704.72 723.20 14.92 33.53 0.0701
211.76 963.89 41.63 111.17 0.0697
167.94 967.35 68.70 160.17 0.0696
32.59 1284.58 95.99 228.35 0.0694
990.78 586.67 27.55 73.40 0.0688
291.32 871.29 40.51 78.21 0.0688
986.75 315.36 34.70 107.79 0.0686
917.09 375.90 24.44 59.47 0.0685
622.72 272.60 28.68 53.41 0.0680
743.56 400.29 12.47 29.77 0.0676
855.03 566.59 10.03 26.03 0.0676
995.68 835.28 16.84 38.79 0.0668
776.69 1100.13 19.02 41.87 0.0667
781.66 509.69 9.47 21.69 0.0663
995.58 1156.82 17.05 39.89 0.0659
649.97 734.88 39.93 122.28 0.0658
700.49 827.16 18.08 44.36 0.0654
285.84 970.06 39.02 88.29 0.0648
255.96 960.78 35.40 83.68 0.0642
254.67 910.31 34.47 89.55 0.0633
704.52 507.30 15.68 30.75 0.0633
201.37 1057.33 66.57 172.23 0.0622
996.88 762.27 18.79 50.19 0.0616
695.90 1023.30 29.14 81.88 0.0612
777.20 1215.98 16.48 33.93 0.0595
776.32 1159.44 19.55 40.74 0.0593
275.84 992.23 45.04 114.98 0.0590
80.21 663.79 78.11 243.50 0.0587
740.37 938.53 17.54 36.25 0.0585
547.66 202.15 80.23 182.07 0.0581
741.95 342.38 14.16 29.85 0.0581
699.48 984.14 20.88 54.38 0.0572
956.22 1318.40 22.55 50.15 0.0572
889.82 1328.25 12.92 28.97 0.0571
573.29 57.06 88.90 91.27 0.0566
955.97 419.98 30.32 94.34 0.0566
959.06 609.86 19.66 48.96 0.0565
732.30 1153.55 25.36 56.92 0.0560
421.72 122.12 195.32 441.71 0.0559
657.60 662.97 38.81 111.99 0.0559
955.64 541.05 21.83 56.31 0.0556
736.81 1043.51 23.54 50.83 0.0555
659.92 855.12 33.29 127.12 0.0550
986.13 356.50 37.87 121.31 0.0547
732.86 1092.54 26.67 64.65 0.0544
923.71 1324.34 17.46 36.79 0.0542
781.12 400.76 10.77 25.11 0.0541
781.12 453.97 11.27 27.36 0.0537
656.63 550.67 26.42 49.08 0.0536
890.91 564.46 10.33 26.84 0.0536
593.13 12.00 64.66 56.91 0.0524
557.54 12.66 73.65 56.76 0.0506
