36_Football_americanfootball_ball_36_114
129
212.99 25.84 35.08 48.55 0.6643
725.28 91.81 62.29 76.32 0.5834
42.10 27.58 31.04 38.33 0.5252
117.02 36.91 26.45 42.02 0.4227
431.81 3.71 38.17 48.53 0.3986
646.23 80.94 40.61 61.70 0.3978
30.77 99.58 31.18 42.43 0.3966
597.62 22.44 36.20 42.30 0.2773
621.96 63.76 42.59 63.13 0.2709
525.28 26.71 30.34 39.64 0.2547
85.31 119.82 36.06 48.13 0.2524
720.48 130.18 76.36 75.20 0.2387
903.29 25.27 34.14 65.84 0.2291
780.19 75.77 48.41 53.92 0.2174
619.99 108.76 37.61 52.74 0.1864
556.77 114.71 30.37 48.71 0.1801
32.12 34.07 40.12 59.68 0.1796
416.37 18.38 37.69 39.03 0.1718
583.01 93.09 38.39 62.65 0.1702
77.63 92.91 38.24 59.21 0.1691
4.81 27.66 25.95 38.64 0.1688
94.63 127.56 39.15 52.94 0.1670
589.83 171.74 25.12 50.08 0.1643
10.93 88.09 31.11 50.16 0.1629
591.82 54.58 33.39 46.75 0.1610
556.92 86.64 39.52 57.11 0.1561
366.12 89.20 27.89 51.62 0.1547
450.09 86.94 30.50 45.64 0.1546
210.91 449.34 79.71 108.45 0.1498
67.89 26.93 33.45 37.98 0.1462
148.25 86.62 34.06 58.66 0.1395
54.03 245.32 108.30 112.12 0.1331
465.72 191.92 34.45 68.75 0.1301
558.27 138.66 26.20 49.34 0.1270
512.66 112.74 31.05 57.32 0.1221
625.46 136.41 29.36 48.63 0.1220
7.45 252.08 21.30 29.07 0.1191
530.32 1.09 45.91 55.90 0.1191
902.28 223.46 37.15 77.85 0.1185
116.55 6.82 30.09 46.34 0.1169
155.21 137.15 28.21 49.26 0.1164
551.42 56.39 34.71 47.54 0.1160
329.09 268.40 33.08 47.59 0.1136
9.00 60.98 30.84 58.11 0.1120
63.69 2.30 41.48 51.76 0.1106
443.06 121.64 34.27 73.67 0.1090
463.42 306.14 34.11 50.34 0.1087
771.81 99.84 59.59 71.80 0.1061
151.13 68.48 29.33 41.69 0.1056
186.10 116.79 32.96 56.94 0.1040
112.27 91.82 27.45 60.53 0.1005
188.61 202.87 50.03 69.06 0.0992
556.14 211.14 24.38 44.85 0.0987
474.71 123.01 35.69 73.86 0.0974
371.00 294.16 19.96 28.20 0.0952
728.84 527.02 77.01 109.45 0.0944
612.39 227.76 92.18 136.57 0.0933
687.78 124.64 71.40 120.64 0.0925
584.61 242.16 71.43 123.81 0.0922
476.60 32.93 30.15 37.76 0.0909
405.86 311.92 26.50 44.55 0.0882
466.28 86.09 39.51 56.68 0.0860
0.69 790.74 21.96 49.85 0.0858
276.16 576.50 55.38 76.18 0.0842
658.55 133.81 45.92 62.24 0.0834
900.52 61.21 41.20 83.37 0.0819
479.26 56.09 33.10 45.29 0.0813
37.92 118.50 41.05 73.24 0.0810
588.81 202.43 40.39 74.52 0.0808
414.93 294.09 18.55 31.52 0.0805
4.71 2.37 29.80 50.87 0.0800
221.57 310.73 26.87 49.06 0.0792
217.98 72.98 40.63 57.76 0.0776
602.09 482.45 154.23 216.81 0.0774
441.06 177.65 40.70 65.86 0.0774
248.21 91.59 37.52 51.35 0.0764
0.00 118.38 30.32 75.40 0.0755
446.51 55.87 36.45 43.66 0.0750
854.06 318.26 55.43 81.31 0.0746
70.63 57.03 34.75 44.86 0.0742
888.60 210.73 37.36 74.93 0.0741
411.64 182.84 22.44 46.84 0.0739
4.41 282.73 25.36 36.20 0.0725
2.52 225.86 29.11 38.33 0.0714
203.26 133.39 54.30 89.11 0.0711
369.85 306.53 32.07 46.70 0.0709
865.90 44.15 55.33 137.79 0.0691
438.03 620.70 46.86 62.75 0.0685
397.36 73.82 44.04 72.96 0.0673
470.20 0.00 36.97 36.18 0.0671
196.45 5.89 45.19 59.65 0.0670
407.45 134.82 31.48 68.82 0.0669
371.12 65.74 32.54 68.04 0.0669
620.27 162.05 42.15 76.53 0.0663
751.58 122.07 83.83 90.93 0.0663
656.16 167.88 60.45 83.95 0.0659
1.56 630.84 37.39 104.34 0.0656
211.22 113.76 44.04 62.61 0.0650
717.99 175.66 69.57 96.14 0.0647
0.00 760.07 22.48 54.46 0.0644
213.04 294.86 42.25 86.49 0.0631
185.86 169.91 44.75 78.74 0.0622
175.04 274.04 55.87 110.74 0.0618
219.40 115.82 73.78 140.30 0.0617
362.33 106.16 36.67 82.28 0.0598
122.76 201.56 70.93 106.37 0.0596
765.68 535.54 68.97 112.32 0.0590
770.01 532.25 109.74 176.41 0.0586
194.77 32.60 43.82 59.95 0.0582
1001.70 179.32 22.30 48.35 0.0575
295.34 565.04 68.04 75.02 0.0565
157.17 341.92 144.37 229.26 0.0563
0.00 817.93 25.33 45.48 0.0559
0.00 324.14 25.65 58.65 0.0558
656.03 36.71 33.96 44.88 0.0545
399.75 48.64 40.48 54.82 0.0542
555.88 237.94 45.50 74.39 0.0539
878.16 263.31 43.19 64.16 0.0530
242.32 31.75 38.60 35.81 0.0526
668.42 171.46 90.73 125.41 0.0523
369.61 37.09 28.23 36.41 0.0520
1001.02 239.24 16.76 47.70 0.0516
707.18 212.20 76.82 111.47 0.0514
510.87 159.16 38.08 71.82 0.0513
239.83 99.37 52.06 92.32 0.0511
375.41 740.42 45.08 59.38 0.0509
103.14 178.99 46.01 70.95 0.0508
443.38 283.21 30.49 51.72 0.0508
310.71 618.54 54.79 76.20 0.0508
