10_People_Marching_People_Marching_10_People_Marching_People_Marching_10_499
173
375.84 218.93 44.49 63.12 0.3488
611.96 323.73 38.16 51.39 0.3126
446.38 270.07 24.65 30.36 0.2663
512.36 259.60 27.52 34.97 0.2657
548.89 299.72 30.46 38.17 0.2472
699.90 109.01 27.60 34.77 0.2454
910.80 22.54 28.13 28.46 0.2417
723.04 149.44 30.35 38.59 0.2325
595.06 341.43 49.37 56.57 0.2325
806.61 5.26 29.83 27.89 0.2302
588.80 67.81 30.73 49.15 0.2274
443.36 284.84 28.18 36.42 0.2266
808.61 163.70 34.76 52.26 0.2195
848.10 21.42 31.18 28.71 0.2193
738.70 71.90 28.67 37.45 0.2170
586.86 88.57 28.64 45.66 0.2129
553.59 267.04 26.31 32.41 0.2125
368.38 189.97 40.57 70.17 0.1981
488.03 268.97 23.03 26.99 0.1969
519.93 250.78 22.00 31.55 0.1915
592.28 130.01 23.23 29.84 0.1876
628.49 160.38 24.98 31.00 0.1868
340.17 150.97 36.19 51.14 0.1864
486.86 316.68 24.13 29.68 0.1859
803.99 15.04 37.54 35.87 0.1842
405.42 326.58 24.59 30.65 0.1842
392.99 194.63 36.32 46.92 0.1840
509.01 370.79 28.65 29.16 0.1833
740.55 56.82 29.14 37.08 0.1830
603.56 318.43 62.09 85.36 0.1829
354.69 148.68 37.04 51.47 0.1721
654.02 136.33 28.82 33.97 0.1719
884.47 24.37 30.68 26.87 0.1711
633.11 107.19 30.05 35.38 0.1698
444.79 372.31 25.71 26.60 0.1683
486.52 297.80 24.56 29.80 0.1645
651.78 70.14 30.89 40.62 0.1637
686.70 465.17 47.00 45.78 0.1637
703.38 120.25 28.35 43.61 0.1608
700.87 174.07 27.08 35.78 0.1601
631.84 72.90 34.33 44.59 0.1582
560.79 102.70 23.00 35.32 0.1567
445.70 242.73 21.82 28.16 0.1566
706.12 157.98 28.48 36.58 0.1542
510.35 269.04 35.41 52.41 0.1537
484.34 377.22 30.22 25.27 0.1500
699.04 84.09 28.16 39.86 0.1499
443.73 218.87 22.52 30.79 0.1483
731.27 90.43 34.26 46.33 0.1464
777.75 2.65 26.61 25.35 0.1463
658.77 332.02 64.36 69.73 0.1425
627.09 178.21 28.77 35.83 0.1416
518.24 353.83 25.16 30.39 0.1411
767.15 52.76 35.90 43.86 0.1393
859.06 228.00 76.10 64.02 0.1382
797.24 131.48 41.42 61.22 0.1373
550.95 248.31 25.78 37.84 0.1335
481.09 347.83 25.16 30.07 0.1335
366.92 320.15 34.45 39.94 0.1330
399.53 335.72 28.68 35.62 0.1328
483.67 244.54 22.69 25.68 0.1308
651.32 222.85 63.53 71.82 0.1306
630.62 51.64 30.20 45.76 0.1306
776.74 19.52 31.12 33.46 0.1283
630.76 123.27 32.27 40.91 0.1282
589.57 218.84 46.32 55.21 0.1281
716.39 155.78 42.96 61.46 0.1273
371.40 332.57 38.78 46.20 0.1258
958.76 5.02 27.88 28.83 0.1256
993.18 20.57 26.61 31.78 0.1250
556.71 119.67 23.87 36.97 0.1239
804.23 48.94 62.67 73.19 0.1230
447.23 353.12 27.37 34.66 0.1225
629.48 33.88 21.14 32.13 0.1221
662.00 26.67 28.94 43.27 0.1176
365.18 298.68 33.44 42.96 0.1171
987.80 4.04 29.33 34.06 0.1146
799.70 83.42 59.01 75.00 0.1130
636.87 340.84 123.98 147.53 0.1128
584.70 259.57 38.93 47.22 0.1117
592.00 151.65 29.61 39.53 0.1115
550.19 389.17 40.20 41.17 0.1095
510.24 308.97 37.92 48.02 0.1095
589.68 292.31 32.30 36.55 0.1070
480.45 389.09 42.52 39.40 0.1067
698.57 13.54 43.35 49.23 0.1061
612.50 191.07 52.09 69.67 0.1052
907.34 76.62 48.10 49.19 0.1048
443.95 310.60 26.40 34.27 0.1045
662.19 177.81 34.02 37.34 0.1042
539.30 323.31 34.83 51.49 0.1040
567.97 387.34 73.54 91.82 0.1029
955.98 164.13 29.51 29.17 0.1020
795.41 185.03 47.91 57.66 0.1018
678.41 205.80 51.70 60.82 0.1016
649.68 102.15 32.72 42.08 0.1015
607.96 212.04 71.65 79.31 0.1013
506.06 382.80 42.86 46.61 0.1009
885.20 6.04 31.11 32.16 0.0998
771.93 84.18 38.86 53.73 0.0989
615.98 296.65 43.65 47.06 0.0989
559.55 76.89 36.58 55.73 0.0982
408.81 297.09 27.20 36.63 0.0975
691.93 46.44 40.80 53.11 0.0974
589.22 177.72 39.44 55.68 0.0971
953.24 23.37 28.72 28.37 0.0970
850.75 50.81 76.61 77.29 0.0950
616.39 254.15 60.60 57.10 0.0942
722.94 189.03 48.94 60.84 0.0927
590.58 32.79 26.06 46.01 0.0923
767.05 175.20 45.97 58.09 0.0913
585.79 351.84 103.31 115.55 0.0912
544.74 29.45 27.07 32.43 0.0909
724.80 24.09 42.82 48.97 0.0907
435.00 387.43 39.51 46.84 0.0898
934.62 97.94 60.58 47.98 0.0893
772.98 151.27 43.49 55.28 0.0892
878.08 39.70 37.11 39.25 0.0889
913.20 37.72 30.12 36.63 0.0886
477.14 220.04 23.93 30.30 0.0878
686.24 398.16 79.97 69.46 0.0859
832.20 36.07 45.73 48.66 0.0853
546.58 379.51 31.30 35.77 0.0839
775.96 130.30 46.39 54.70 0.0816
521.16 214.90 21.53 28.01 0.0814
677.43 357.09 76.47 73.03 0.0810
764.93 207.52 47.45 47.29 0.0798
727.42 226.25 51.08 59.78 0.0793
340.62 295.61 40.74 42.45 0.0791
337.20 114.17 20.71 28.92 0.0788
861.35 261.91 70.46 64.44 0.0783
543.36 178.03 36.01 47.08 0.0782
554.12 157.32 28.29 39.60 0.0773
672.87 449.82 79.01 87.19 0.0742
137.17 400.59 164.07 143.02 0.0739
434.57 195.41 29.48 36.75 0.0724
830.44 284.79 57.05 51.88 0.0723
404.35 366.73 34.73 44.58 0.0719
719.37 342.93 43.41 38.29 0.0717
28.67 558.30 97.79 88.52 0.0716
875.12 186.39 80.18 88.15 0.0705
897.63 173.44 54.13 56.05 0.0700
991.65 44.00 32.35 37.56 0.0698
732.26 255.90 48.01 49.61 0.0698
940.68 158.08 53.16 62.58 0.0696
826.67 170.15 66.23 78.68 0.0694
408.20 378.71 50.22 56.38 0.0688
684.54 320.71 62.97 68.87 0.0688
549.73 34.94 33.40 52.70 0.0687
720.20 0.00 47.28 31.99 0.0687
546.41 204.07 36.93 48.85 0.0684
900.37 89.65 71.48 80.18 0.0681
657.29 266.36 58.79 60.72 0.0667
341.73 188.32 48.53 66.53 0.0664
666.69 0.08 28.48 31.88 0.0663
932.25 66.92 63.15 59.44 0.0653
373.89 356.23 44.36 48.67 0.0649
339.74 311.08 59.23 66.22 0.0645
706.92 418.83 69.54 73.32 0.0641
699.67 0.00 46.20 36.94 0.0628
524.33 189.07 26.34 32.32 0.0594
551.45 4.78 21.69 21.22 0.0594
965.20 72.21 58.76 62.58 0.0589
945.76 44.36 38.45 39.03 0.0587
676.39 250.59 67.90 77.96 0.0541
910.71 165.43 88.11 115.38 0.0540
477.72 407.07 72.99 63.33 0.0539
783.23 214.45 61.75 64.81 0.0535
871.92 145.21 60.55 68.79 0.0531
523.96 129.93 23.42 32.98 0.0530
824.63 103.82 71.28 82.86 0.0526
727.30 398.73 72.71 64.08 0.0504
863.06 115.51 95.21 88.28 0.0501
