25_Soldier_Patrol_Soldier_Patrol_25_707
200
927.91 0.00 81.03 66.84 0.1923
50.54 202.95 80.24 66.54 0.1921
50.52 248.08 80.25 66.48 0.1920
50.55 67.52 80.19 66.53 0.1920
50.55 112.66 80.19 66.53 0.1920
50.58 451.27 80.22 66.46 0.1920
50.51 315.84 80.28 66.46 0.1920
50.52 360.98 80.28 66.45 0.1920
50.56 157.81 80.28 66.54 0.1920
50.63 406.13 80.16 66.44 0.1918
708.33 0.00 81.23 66.81 0.1918
744.90 0.00 81.23 66.81 0.1918
50.54 518.93 80.25 66.49 0.1918
561.99 0.00 81.20 66.82 0.1918
598.57 0.00 81.29 66.83 0.1918
891.64 44.95 80.19 66.46 0.1918
415.76 0.00 81.26 66.83 0.1917
452.33 0.00 81.26 66.83 0.1917
488.90 0.00 81.26 66.83 0.1917
233.12 315.63 80.70 66.82 0.1917
891.67 315.83 80.20 66.39 0.1917
525.46 0.00 81.28 66.84 0.1917
342.62 0.00 81.13 66.81 0.1916
928.28 541.60 80.20 66.52 0.1916
306.05 0.00 81.22 66.82 0.1916
635.19 0.00 81.22 66.82 0.1916
671.76 0.00 81.22 66.82 0.1916
781.47 0.00 81.23 66.82 0.1916
928.18 270.66 80.43 66.64 0.1916
928.11 44.90 80.58 66.73 0.1916
123.15 0.00 81.28 66.83 0.1915
818.04 0.00 81.13 66.82 0.1915
928.14 315.79 80.51 66.66 0.1915
233.11 360.68 80.73 66.92 0.1915
269.68 383.25 80.73 66.92 0.1915
928.13 90.06 80.53 66.70 0.1915
196.54 293.04 80.73 66.91 0.1915
379.19 0.00 81.27 66.84 0.1915
196.55 338.21 80.70 66.81 0.1915
891.63 90.07 80.20 66.49 0.1915
269.68 428.39 80.74 66.99 0.1915
269.61 292.96 80.81 66.98 0.1915
159.89 315.66 80.72 66.86 0.1915
50.25 0.00 80.91 66.71 0.1914
269.62 338.13 80.78 66.89 0.1914
891.40 0.00 80.80 66.70 0.1914
928.18 157.79 80.44 66.67 0.1914
854.60 0.00 81.16 66.83 0.1914
196.33 0.00 81.22 66.82 0.1913
232.91 0.00 81.22 66.82 0.1913
269.48 0.00 81.22 66.82 0.1913
745.06 315.54 80.79 66.98 0.1913
306.26 428.47 80.71 66.84 0.1913
342.83 428.47 80.71 66.84 0.1913
13.81 157.90 80.14 66.33 0.1913
928.10 496.38 80.54 66.69 0.1913
86.57 0.00 81.28 66.83 0.1913
159.90 360.68 80.70 66.91 0.1913
379.33 450.96 80.70 66.91 0.1913
781.63 315.57 80.77 66.94 0.1913
306.25 338.11 80.73 66.92 0.1913
342.83 338.11 80.73 66.92 0.1913
342.83 383.25 80.73 66.92 0.1913
233.11 405.82 80.73 66.92 0.1913
379.40 405.82 80.73 66.92 0.1913
415.86 518.69 80.87 67.01 0.1913
13.82 293.33 80.20 66.38 0.1913
928.10 360.88 80.55 66.77 0.1913
928.10 406.02 80.55 66.77 0.1913
928.10 451.16 80.55 66.77 0.1913
854.71 518.70 80.84 67.04 0.1913
306.26 383.33 80.73 66.91 0.1913
928.21 202.97 80.41 66.63 0.1913
891.53 360.84 80.38 66.60 0.1913
13.82 406.23 80.23 66.35 0.1913
13.78 112.74 80.21 66.34 0.1912
196.54 247.82 80.74 66.99 0.1912
233.11 247.82 80.74 66.99 0.1912
891.64 270.65 80.20 66.49 0.1912
196.54 383.25 80.74 66.99 0.1912
415.97 428.40 80.74 66.99 0.1912
708.54 450.97 80.74 66.99 0.1912
489.01 112.39 80.85 67.02 0.1912
13.81 338.44 80.25 66.43 0.1912
123.33 360.68 80.81 66.98 0.1912
415.90 360.68 80.81 66.98 0.1912
13.81 451.30 80.25 66.43 0.1912
891.53 428.55 80.35 66.61 0.1912
745.33 541.48 80.34 66.57 0.1912
13.52 0.00 80.87 66.56 0.1912
123.41 315.55 80.72 66.95 0.1912
708.54 180.15 80.71 66.91 0.1912
708.54 315.53 80.72 67.00 0.1912
708.54 360.68 80.72 67.00 0.1912
708.54 405.82 80.72 67.00 0.1912
708.48 247.82 80.78 67.00 0.1911
13.85 519.03 80.20 66.38 0.1911
159.77 0.00 81.21 66.84 0.1911
306.23 202.69 80.74 66.93 0.1911
781.59 518.72 80.81 66.96 0.1911
708.75 541.45 80.39 66.62 0.1911
598.76 135.01 80.79 66.94 0.1911
745.05 157.58 80.79 66.94 0.1911
269.63 247.83 80.76 66.96 0.1911
159.96 270.41 80.74 66.91 0.1911
818.19 293.01 80.79 66.94 0.1911
562.19 338.16 80.79 66.94 0.1911
123.33 518.73 80.79 66.94 0.1911
196.48 518.73 80.79 66.94 0.1911
452.45 112.40 80.86 66.99 0.1911
379.30 270.40 80.86 66.99 0.1911
781.58 270.43 80.82 66.96 0.1911
745.00 225.25 80.83 66.97 0.1911
745.00 270.40 80.83 66.97 0.1911
562.19 134.94 80.80 67.01 0.1911
525.62 360.65 80.80 67.01 0.1911
379.33 496.11 80.67 66.91 0.1911
159.90 518.65 80.80 67.01 0.1911
891.79 541.63 79.86 66.22 0.1911
891.56 473.73 80.32 66.58 0.1911
671.96 247.84 80.76 66.98 0.1910
306.24 292.98 80.76 66.98 0.1910
489.00 67.26 80.87 67.01 0.1910
306.25 473.54 80.73 66.92 0.1910
342.83 473.54 80.73 66.92 0.1910
86.71 496.12 80.87 67.01 0.1910
233.00 518.69 80.87 67.01 0.1910
562.20 67.33 80.73 66.88 0.1910
598.78 67.33 80.73 66.88 0.1910
818.20 67.33 80.73 66.88 0.1910
123.35 89.90 80.73 66.88 0.1910
86.78 157.62 80.73 66.88 0.1910
306.19 247.85 80.81 66.96 0.1910
672.00 315.56 80.70 66.97 0.1910
672.00 360.71 80.70 66.97 0.1910
671.97 405.82 80.71 66.99 0.1910
635.53 541.52 80.41 66.60 0.1910
233.07 112.44 80.75 66.91 0.1910
708.50 135.01 80.75 66.91 0.1910
13.78 203.06 80.22 66.29 0.1910
13.78 248.20 80.22 66.29 0.1910
379.32 360.69 80.79 66.99 0.1910
86.77 67.26 80.75 66.96 0.1910
159.91 67.26 80.75 66.96 0.1910
196.49 67.26 80.75 66.96 0.1910
233.06 67.26 80.75 66.96 0.1910
86.77 112.40 80.75 66.96 0.1910
818.20 405.83 80.75 66.96 0.1910
818.20 450.97 80.75 66.96 0.1910
854.77 473.54 80.75 66.96 0.1910
525.63 496.12 80.75 66.96 0.1910
562.20 496.12 80.75 66.96 0.1910
818.20 496.12 80.75 66.96 0.1910
13.77 44.97 80.25 66.44 0.1910
342.82 67.32 80.72 66.91 0.1910
708.53 67.32 80.72 66.91 0.1910
781.67 112.46 80.72 66.91 0.1910
415.98 473.55 80.69 66.95 0.1910
745.06 496.12 80.76 66.95 0.1909
745.00 383.25 80.83 67.01 0.1909
269.60 112.42 80.81 66.94 0.1909
306.17 112.42 80.81 66.94 0.1909
781.60 157.57 80.81 66.94 0.1909
123.31 180.14 80.81 66.94 0.1909
269.63 180.12 80.79 66.97 0.1909
379.31 180.14 80.81 66.94 0.1909
598.74 180.14 80.81 66.94 0.1909
342.74 202.71 80.81 66.94 0.1909
379.31 225.28 80.81 66.94 0.1909
489.03 225.28 80.81 66.94 0.1909
562.17 225.28 80.81 66.94 0.1909
525.60 247.85 80.81 66.94 0.1909
489.03 270.42 80.81 66.94 0.1909
525.60 293.00 80.81 66.94 0.1909
379.34 315.56 80.79 66.94 0.1909
489.03 315.57 80.81 66.94 0.1909
854.71 383.22 80.83 67.11 0.1909
342.70 134.98 80.84 66.97 0.1909
781.56 202.70 80.84 66.97 0.1909
488.99 360.70 80.84 66.97 0.1909
745.00 428.39 80.86 67.03 0.1909
269.92 541.49 80.32 66.54 0.1909
343.06 541.49 80.32 66.54 0.1909
745.10 89.82 80.74 66.98 0.1909
452.50 247.82 80.80 66.97 0.1909
269.63 67.30 80.78 66.93 0.1909
525.63 67.30 80.78 66.93 0.1909
635.34 67.30 80.78 66.93 0.1909
671.91 67.30 80.78 66.93 0.1909
159.91 112.45 80.78 66.93 0.1909
123.34 135.02 80.78 66.93 0.1909
562.20 180.16 80.78 66.93 0.1909
781.63 360.73 80.78 66.93 0.1909
781.63 405.87 80.78 66.93 0.1909
525.63 451.02 80.78 66.93 0.1909
598.77 451.02 80.78 66.93 0.1909
123.31 473.53 80.84 66.99 0.1909
489.06 473.59 80.78 66.93 0.1909
854.81 44.72 80.77 66.96 0.1909
342.76 270.43 80.83 66.98 0.1909
