28_Sports_Fan_Sports_Fan_28_130
37
517.08 35.86 304.91 176.37 0.3716
196.87 0.00 563.93 528.27 0.3600
84.07 25.82 385.22 224.04 0.3266
684.87 139.41 269.41 255.00 0.2134
305.54 478.67 364.17 188.01 0.1825
136.33 177.73 440.42 534.21 0.1761
800.09 107.73 55.18 62.82 0.1740
778.22 89.20 91.50 107.86 0.1631
940.64 39.39 73.86 200.73 0.1567
245.91 361.22 486.84 356.54 0.1463
425.13 183.43 409.32 454.15 0.1337
5.93 0.00 415.74 433.60 0.1271
722.46 266.92 180.08 366.91 0.1251
377.86 0.00 483.94 313.21 0.1248
365.02 131.06 322.12 362.70 0.1235
756.56 429.25 118.01 201.27 0.1182
95.32 153.15 289.07 396.01 0.1124
802.09 590.24 53.42 60.23 0.0963
80.59 163.43 187.37 224.59 0.0961
933.89 146.37 65.09 131.74 0.0861
973.55 124.88 45.64 115.35 0.0859
197.78 402.27 238.93 290.74 0.0845
989.23 189.73 34.18 83.11 0.0811
801.72 550.27 50.08 65.38 0.0760
794.17 339.98 117.55 213.50 0.0748
563.29 341.76 337.52 381.74 0.0713
149.87 242.76 99.81 178.39 0.0662
808.79 436.25 109.13 169.65 0.0638
132.02 465.99 195.78 194.25 0.0629
565.85 44.74 429.96 440.31 0.0622
291.75 509.73 134.22 152.03 0.0593
56.84 225.25 111.76 155.08 0.0582
20.03 242.40 291.67 480.27 0.0574
41.45 135.51 147.43 181.28 0.0567
529.82 289.43 126.35 144.63 0.0551
775.58 610.39 157.84 143.23 0.0502
155.67 0.00 228.73 123.23 0.0502
