28_Sports_Fan_Sports_Fan_28_711
125
861.95 120.31 58.74 115.02 0.3868
423.79 64.28 201.54 211.60 0.3104
486.50 49.50 173.35 156.00 0.2730
82.58 168.45 88.70 120.02 0.2621
445.21 365.14 42.35 55.83 0.2360
549.63 56.72 90.15 93.17 0.2280
168.77 177.21 93.05 132.37 0.2262
450.95 490.58 60.19 81.54 0.2104
437.47 146.47 103.63 108.34 0.2104
0.00 293.19 49.65 95.74 0.2097
757.06 397.01 116.65 160.47 0.2028
900.22 281.23 113.87 175.93 0.1998
563.81 348.80 86.00 80.17 0.1982
462.78 363.21 40.71 53.92 0.1909
575.76 149.45 279.78 341.49 0.1871
121.13 133.33 133.49 132.94 0.1869
80.81 127.41 104.14 95.21 0.1831
83.33 390.31 203.10 215.53 0.1818
690.99 190.38 85.52 66.72 0.1803
407.87 380.10 42.98 48.14 0.1793
0.00 427.93 91.06 202.82 0.1783
872.48 675.03 67.58 111.43 0.1739
219.71 270.60 90.60 100.97 0.1720
435.99 449.39 55.24 63.61 0.1716
646.07 441.52 130.37 178.28 0.1623
651.47 185.21 151.91 129.51 0.1553
741.93 253.28 107.72 103.97 0.1507
508.86 439.39 47.64 70.75 0.1494
898.08 705.37 63.10 112.99 0.1492
473.74 255.97 83.16 108.40 0.1469
507.97 387.03 75.69 95.17 0.1416
799.99 122.03 83.70 80.51 0.1382
690.73 456.39 181.37 219.21 0.1376
544.33 465.88 68.67 122.43 0.1374
506.68 222.79 240.24 247.20 0.1345
425.98 407.75 63.03 68.38 0.1339
396.35 400.14 69.55 68.62 0.1321
471.52 299.71 44.72 64.45 0.1318
345.47 421.68 81.37 104.53 0.1292
910.52 730.55 76.47 138.76 0.1283
323.23 414.39 61.16 116.28 0.1275
456.92 452.61 60.61 80.34 0.1241
23.97 782.36 59.57 104.62 0.1225
731.40 287.02 155.63 242.20 0.1198
988.92 733.39 35.08 77.15 0.1155
702.92 369.54 100.15 172.90 0.1124
480.88 134.37 207.88 249.84 0.1119
564.34 440.29 63.99 87.94 0.1108
392.43 301.18 75.44 112.09 0.1101
593.69 470.28 69.08 125.02 0.1100
38.11 421.98 167.84 149.88 0.1088
494.36 347.21 56.84 62.32 0.1070
51.36 654.98 136.26 149.39 0.1070
127.99 431.27 192.97 276.08 0.1043
467.49 463.85 158.66 182.74 0.1009
582.05 681.04 207.64 306.96 0.1005
433.41 303.55 49.93 63.96 0.0998
600.54 434.76 69.12 107.11 0.0991
789.86 639.36 67.88 75.75 0.0976
232.39 475.60 110.67 167.38 0.0964
883.16 230.04 88.42 131.85 0.0963
309.24 437.15 91.87 143.23 0.0958
411.71 178.19 78.89 78.88 0.0950
865.48 195.30 85.50 122.71 0.0926
357.84 372.40 66.11 91.15 0.0926
801.57 274.70 98.72 123.95 0.0925
939.66 769.86 84.34 167.74 0.0909
318.26 350.72 79.06 129.66 0.0904
729.89 155.36 95.52 74.15 0.0901
767.90 525.26 107.86 132.88 0.0901
149.47 635.83 102.57 155.37 0.0889
551.74 432.07 184.62 245.43 0.0878
284.56 480.87 83.38 126.53 0.0866
385.44 466.01 100.69 124.84 0.0861
513.43 630.72 70.91 54.17 0.0849
656.00 346.77 116.61 160.41 0.0834
0.00 283.75 81.76 159.17 0.0833
33.45 739.06 76.78 127.68 0.0821
25.95 229.62 53.03 77.92 0.0820
770.54 334.37 205.69 246.03 0.0816
457.93 407.62 57.60 58.20 0.0807
444.94 499.87 111.58 187.61 0.0797
65.82 230.87 104.86 180.38 0.0789
414.11 539.57 90.86 143.42 0.0786
13.88 560.72 77.65 181.19 0.0775
55.44 697.28 65.65 104.17 0.0773
314.37 281.56 112.83 168.25 0.0772
652.57 642.22 239.40 341.53 0.0761
989.61 180.55 34.39 132.79 0.0760
792.39 136.72 121.21 137.25 0.0751
467.12 584.83 70.51 95.28 0.0739
158.09 218.27 174.82 211.06 0.0736
147.23 574.38 274.06 413.62 0.0734
57.82 526.96 187.19 290.52 0.0726
34.28 176.99 69.11 99.21 0.0722
826.68 663.24 142.96 230.60 0.0717
566.75 327.83 138.21 128.05 0.0709
883.71 356.84 112.73 221.59 0.0706
429.02 260.28 92.31 103.43 0.0704
876.72 100.43 63.65 100.25 0.0694
653.19 192.80 73.48 71.54 0.0676
906.20 181.87 76.64 124.18 0.0673
0.00 605.33 282.39 382.67 0.0665
266.03 502.12 128.63 162.87 0.0665
633.91 154.50 111.39 119.18 0.0663
39.91 132.30 99.25 106.61 0.0662
988.52 676.33 35.48 82.05 0.0654
987.44 584.14 36.56 114.03 0.0652
735.18 616.40 144.88 164.75 0.0645
478.42 0.00 59.26 45.11 0.0643
32.06 667.42 47.36 94.08 0.0634
0.00 242.02 40.55 76.02 0.0630
223.75 180.64 96.34 139.58 0.0625
619.16 512.97 176.14 146.92 0.0621
6.14 771.26 135.10 216.74 0.0611
324.25 218.97 63.27 109.59 0.0601
259.71 354.45 95.93 163.59 0.0592
442.64 177.46 144.30 160.34 0.0591
56.36 194.60 217.65 314.34 0.0578
994.36 94.65 29.64 102.64 0.0564
158.53 101.57 138.91 128.14 0.0558
538.49 1.84 52.31 45.86 0.0555
922.71 162.98 55.44 87.25 0.0551
5.80 766.82 48.48 105.69 0.0549
634.66 806.27 117.83 163.98 0.0547
