28_Sports_Fan_Sports_Fan_28_868
200
682.42 36.10 44.30 51.18 0.7448
870.13 179.61 35.92 43.47 0.5233
803.84 62.24 26.86 34.14 0.4394
807.31 186.20 29.37 33.98 0.4345
924.63 69.69 22.02 26.19 0.3730
508.40 253.71 38.79 39.77 0.3615
625.57 4.15 24.71 27.25 0.3257
743.21 3.37 31.33 27.42 0.3194
73.39 318.43 24.02 27.30 0.3035
77.66 193.17 22.13 26.74 0.2839
444.57 191.59 23.21 25.23 0.2794
981.70 123.59 33.12 35.19 0.2782
805.91 306.88 32.23 35.08 0.2637
255.32 377.86 29.57 31.01 0.2609
446.79 68.93 19.79 25.38 0.2597
908.38 299.00 31.97 37.71 0.2546
848.86 298.58 28.90 35.66 0.2420
927.84 183.80 30.45 35.84 0.2396
5.86 323.18 23.29 31.71 0.2346
871.89 129.94 28.40 30.21 0.2345
5.55 384.87 25.32 32.66 0.2324
262.16 125.21 21.91 27.28 0.2287
320.10 318.36 31.63 33.14 0.2268
922.08 131.10 30.81 32.43 0.2262
194.40 312.70 21.37 24.57 0.2229
994.51 245.14 25.63 33.37 0.2214
317.60 449.71 33.67 33.73 0.2180
509.35 4.47 25.86 23.74 0.2097
917.74 253.03 30.24 33.46 0.2086
7.95 256.65 21.90 28.21 0.2086
323.14 190.42 28.59 31.53 0.2080
945.71 373.95 30.51 31.90 0.2019
993.23 371.14 26.58 31.37 0.2011
854.97 5.07 32.03 32.41 0.1969
78.07 66.52 23.29 25.56 0.1942
562.19 66.68 32.10 32.43 0.1904
260.30 4.19 22.36 21.35 0.1870
122.73 342.15 35.78 42.05 0.1852
805.97 132.47 27.41 25.73 0.1825
811.04 435.21 25.24 37.86 0.1818
12.26 393.29 59.89 84.69 0.1798
882.35 304.57 29.21 33.03 0.1798
377.24 1.32 23.91 21.10 0.1781
380.29 131.93 24.46 23.17 0.1779
976.56 73.65 38.97 41.06 0.1773
192.27 193.09 23.05 23.10 0.1759
488.00 251.82 44.45 40.48 0.1757
145.51 329.62 30.37 34.85 0.1753
196.35 66.40 23.79 27.71 0.1750
250.36 323.04 37.44 37.62 0.1743
462.16 429.65 44.24 54.93 0.1669
552.46 15.06 30.11 29.27 0.1665
805.06 144.02 34.58 34.87 0.1642
31.35 434.12 45.87 70.09 0.1638
123.36 257.87 29.92 37.31 0.1632
867.10 13.65 33.43 30.20 0.1612
853.22 395.90 25.76 41.80 0.1600
501.10 65.49 35.73 38.07 0.1593
729.62 52.58 34.53 43.03 0.1589
253.34 340.90 35.86 38.66 0.1586
446.78 310.63 35.07 44.72 0.1571
261.90 254.56 24.92 28.11 0.1549
853.98 131.33 30.54 26.41 0.1543
259.01 507.77 25.93 29.02 0.1539
10.17 132.41 21.17 27.20 0.1529
655.51 209.04 111.58 95.62 0.1518
868.25 68.70 32.78 32.45 0.1516
992.29 308.60 28.13 33.78 0.1509
579.22 63.71 28.58 34.48 0.1497
323.06 75.43 28.26 30.65 0.1474
131.55 354.14 42.45 39.80 0.1455
805.00 0.00 29.68 27.15 0.1454
406.43 0.00 19.79 18.96 0.1438
429.05 259.27 36.52 34.36 0.1438
507.47 500.03 40.05 38.61 0.1433
907.50 279.19 38.74 43.51 0.1429
882.85 259.17 28.55 35.07 0.1424
3.02 441.72 28.99 49.74 0.1421
952.58 253.61 29.87 32.97 0.1416
0.87 382.20 38.24 69.04 0.1413
851.48 66.98 29.67 35.08 0.1410
401.70 253.62 35.00 39.00 0.1409
852.13 139.31 39.33 36.35 0.1404
977.70 11.47 32.76 32.45 0.1379
799.86 19.29 31.47 29.53 0.1378
468.23 306.13 39.99 45.25 0.1370
956.66 127.58 31.29 35.02 0.1370
308.34 262.25 49.63 56.20 0.1358
260.34 13.63 23.46 26.72 0.1341
374.13 258.86 26.91 27.91 0.1338
577.85 304.98 37.49 36.67 0.1335
307.09 66.08 29.19 25.86 0.1318
142.60 130.81 26.68 26.98 0.1314
7.92 3.05 25.21 24.49 0.1304
488.49 17.23 25.67 21.77 0.1293
4.61 273.40 24.71 34.38 0.1275
251.78 195.80 34.24 35.05 0.1268
377.83 20.09 23.58 20.87 0.1268
554.94 38.73 30.67 32.59 0.1256
328.02 133.25 24.60 24.37 0.1255
488.14 2.53 26.43 24.49 0.1224
934.97 180.61 45.56 50.37 0.1209
564.10 362.23 91.50 183.64 0.1201
849.50 111.31 22.70 26.82 0.1193
303.80 191.23 31.86 32.84 0.1183
911.37 10.71 36.94 38.20 0.1181
980.25 191.28 37.05 35.95 0.1180
124.03 132.94 26.55 23.66 0.1178
509.66 132.19 26.01 26.92 0.1168
769.52 189.05 34.98 37.11 0.1164
584.64 13.88 29.39 31.41 0.1156
581.49 0.00 33.92 30.36 0.1154
446.14 1.22 21.19 20.27 0.1153
960.35 104.58 42.14 48.17 0.1151
960.91 13.33 27.20 31.07 0.1124
921.72 198.17 30.43 39.60 0.1122
7.95 16.51 22.98 25.38 0.1115
485.80 131.34 25.92 25.79 0.1115
7.49 196.82 18.31 22.52 0.1106
511.50 299.80 35.60 38.52 0.1104
227.26 322.86 41.01 38.72 0.1102
916.91 113.70 29.38 35.23 0.1100
686.48 3.70 46.57 46.95 0.1091
377.54 370.64 39.17 45.59 0.1091
988.33 213.03 34.16 42.26 0.1089
560.82 176.59 35.32 45.46 0.1087
375.48 507.81 35.06 31.90 0.1084
176.03 430.29 51.29 68.91 0.1075
630.17 62.24 32.05 41.48 0.1072
66.24 263.95 36.37 40.25 0.1070
552.76 244.30 43.57 47.56 0.1067
220.88 306.77 31.25 40.48 0.1048
370.38 308.59 34.93 39.08 0.1041
554.96 321.92 36.71 35.29 0.1021
332.51 21.93 22.50 24.66 0.1021
434.11 277.35 36.00 35.29 0.1013
771.45 17.30 27.12 27.51 0.1006
372.48 42.97 21.24 20.68 0.1004
732.12 73.35 30.59 36.82 0.1001
619.62 75.63 35.07 39.52 0.1000
774.48 60.89 33.35 38.59 0.0997
851.02 39.91 26.95 25.86 0.0992
22.28 367.95 39.04 46.67 0.0987
940.14 133.78 40.56 41.89 0.0982
403.57 22.26 22.41 19.78 0.0982
666.35 58.86 43.38 48.25 0.0980
378.10 137.74 23.69 33.20 0.0978
51.33 379.75 53.49 63.37 0.0971
142.67 3.60 25.70 24.35 0.0970
372.93 195.05 23.76 27.48 0.0970
992.20 174.99 31.80 40.89 0.0969
136.39 13.11 30.91 29.67 0.0967
919.97 459.38 19.81 30.22 0.0966
66.50 399.29 100.59 95.35 0.0962
359.38 455.55 44.20 44.20 0.0962
581.98 280.46 39.20 46.45 0.0959
301.81 23.54 26.20 27.50 0.0959
761.77 0.00 33.18 26.40 0.0947
2.87 498.86 27.94 43.16 0.0943
146.21 139.90 26.31 30.31 0.0943
140.62 75.31 36.12 40.51 0.0943
846.05 373.44 30.13 43.40 0.0940
442.76 199.29 30.44 39.22 0.0937
73.98 47.42 30.92 39.00 0.0936
769.53 151.43 28.62 29.22 0.0935
956.82 320.86 28.32 27.42 0.0929
308.00 318.60 50.66 57.45 0.0926
618.48 168.18 105.75 135.76 0.0923
838.51 235.77 43.49 50.38 0.0919
539.55 400.20 82.37 123.05 0.0911
761.04 196.99 50.77 55.63 0.0911
396.79 128.17 28.10 29.26 0.0910
45.44 197.89 22.52 28.17 0.0908
795.77 250.75 40.58 42.11 0.0906
445.69 24.90 21.63 22.28 0.0906
946.16 194.79 40.38 53.00 0.0904
919.35 405.54 20.28 30.45 0.0902
135.39 257.07 32.33 35.34 0.0899
770.14 76.03 32.94 34.09 0.0890
76.49 134.80 22.30 22.23 0.0889
919.61 44.32 28.28 28.89 0.0888
255.85 78.61 30.63 33.49 0.0886
954.92 299.74 32.91 38.54 0.0885
480.55 473.20 64.03 55.10 0.0884
951.24 562.05 72.76 51.81 0.0882
949.21 433.32 27.06 33.21 0.0880
227.07 386.48 34.14 40.39 0.0879
390.02 414.75 63.98 77.26 0.0876
43.81 216.00 23.09 25.05 0.0868
628.07 34.94 32.43 39.46 0.0867
772.23 108.93 25.90 24.68 0.0867
442.90 146.11 25.84 28.78 0.0866
42.33 323.26 25.69 31.36 0.0863
394.40 371.77 39.24 47.23 0.0860
506.20 213.32 35.98 36.27 0.0859
465.67 405.32 94.95 109.35 0.0854
926.05 370.72 24.14 31.31 0.0853
541.17 257.49 64.09 73.23 0.0852
484.71 146.13 22.69 25.24 0.0846
223.06 0.00 31.22 23.79 0.0844
