32_Worker_Laborer_Worker_Laborer_32_209
60
704.81 125.19 81.66 113.72 0.4444
470.09 298.51 163.10 174.68 0.3225
511.00 201.78 87.01 179.98 0.2079
755.16 328.75 103.27 212.65 0.1802
400.79 150.54 188.61 228.61 0.1780
429.21 200.37 229.05 315.78 0.1554
87.03 79.25 69.10 62.03 0.1497
687.94 59.34 99.78 150.14 0.1404
0.26 285.56 113.72 242.26 0.1387
254.77 379.83 41.51 48.06 0.1383
534.45 226.70 51.83 94.65 0.1358
242.30 308.37 94.06 124.33 0.1292
542.13 316.31 141.44 146.95 0.1260
439.93 153.95 109.69 142.65 0.1217
663.80 135.47 89.26 115.25 0.1159
713.60 299.49 53.15 68.24 0.1141
698.38 302.22 40.77 56.65 0.1125
588.00 301.59 81.38 89.43 0.1072
598.65 270.56 58.16 87.06 0.1043
290.57 309.12 74.43 125.95 0.1020
227.15 214.74 161.49 269.04 0.0989
260.64 400.98 31.60 34.38 0.0938
614.34 41.86 157.57 193.38 0.0871
706.65 296.04 113.82 172.78 0.0870
37.39 152.38 129.62 260.92 0.0865
617.77 190.43 46.90 57.58 0.0828
372.64 137.49 132.67 171.74 0.0827
219.67 399.94 44.05 51.93 0.0825
293.40 91.92 292.71 378.94 0.0823
729.52 138.74 101.47 109.07 0.0781
570.39 198.45 50.70 62.34 0.0781
552.51 214.95 68.60 99.14 0.0774
224.94 426.01 47.37 62.79 0.0763
601.53 205.42 74.87 95.36 0.0751
612.78 121.93 77.49 93.31 0.0745
4.78 286.30 64.38 150.66 0.0738
537.20 176.67 79.10 95.23 0.0737
295.90 0.00 411.73 230.08 0.0710
651.33 300.09 46.46 64.06 0.0698
326.04 424.89 66.08 56.70 0.0694
646.45 222.36 58.25 67.61 0.0672
111.45 88.69 64.24 44.84 0.0672
799.76 140.99 132.56 226.33 0.0653
45.76 285.76 91.85 165.66 0.0644
16.41 204.56 86.45 199.39 0.0635
790.39 316.21 63.62 126.61 0.0621
657.57 188.79 60.16 74.97 0.0619
93.89 262.69 188.78 233.27 0.0616
668.58 317.27 105.84 117.98 0.0615
527.53 259.64 101.49 147.06 0.0615
463.91 382.11 246.37 182.37 0.0596
808.36 315.38 171.46 246.54 0.0593
249.40 415.39 51.11 68.35 0.0593
270.92 377.35 65.15 81.40 0.0581
209.81 362.07 80.44 85.47 0.0577
696.16 220.72 74.79 63.40 0.0576
322.19 400.09 39.44 42.28 0.0551
0.00 59.52 39.41 78.96 0.0521
579.68 165.03 72.18 87.05 0.0509
2.96 99.36 25.67 58.31 0.0508
