40_Gymnastics_Gymnastics_40_138
200
927.92 0.00 81.01 70.22 0.1927
50.59 71.00 80.21 69.79 0.1921
50.59 260.71 80.21 69.79 0.1921
50.59 450.43 80.21 69.79 0.1921
50.43 545.25 80.36 69.84 0.1920
928.12 47.20 80.55 70.08 0.1920
928.12 94.63 80.55 70.08 0.1920
928.12 142.06 80.55 70.08 0.1920
928.12 213.20 80.55 70.08 0.1920
50.58 118.40 80.22 69.82 0.1920
50.58 165.83 80.22 69.82 0.1920
50.54 213.24 80.25 69.84 0.1920
928.12 545.21 80.55 70.07 0.1918
50.59 403.00 80.16 69.78 0.1917
50.55 497.84 80.21 69.81 0.1917
928.16 260.65 80.46 70.04 0.1916
928.16 450.36 80.46 70.04 0.1916
50.24 0.00 80.88 70.03 0.1916
50.59 308.11 80.16 69.81 0.1916
379.12 0.00 81.22 70.20 0.1916
928.21 355.60 80.39 69.93 0.1915
891.31 0.00 80.90 70.07 0.1915
342.55 0.00 81.19 70.21 0.1915
781.41 0.00 81.19 70.21 0.1915
928.20 308.10 80.41 70.01 0.1915
123.41 379.04 80.70 70.20 0.1915
123.12 0.00 81.21 70.22 0.1915
489.11 94.37 80.74 70.38 0.1915
489.11 141.80 80.74 70.38 0.1915
635.39 165.51 80.74 70.38 0.1915
708.54 212.94 80.74 70.38 0.1915
671.96 260.37 80.74 70.38 0.1915
671.96 307.80 80.74 70.38 0.1915
671.96 355.23 80.74 70.38 0.1915
488.85 0.00 81.21 70.23 0.1915
745.04 236.66 80.81 70.38 0.1915
708.47 260.37 80.81 70.38 0.1915
708.47 307.80 80.81 70.38 0.1915
598.63 0.00 81.13 70.18 0.1914
415.73 0.00 81.16 70.19 0.1914
452.33 0.00 81.13 70.19 0.1914
635.16 0.00 81.16 70.19 0.1914
50.62 355.59 80.10 69.79 0.1914
818.26 378.97 80.72 70.28 0.1914
269.69 402.68 80.72 70.28 0.1914
598.76 189.22 80.78 70.39 0.1914
562.19 212.94 80.78 70.39 0.1914
598.76 355.22 80.78 70.39 0.1914
928.18 497.78 80.44 70.05 0.1914
13.59 0.00 80.82 69.93 0.1914
525.40 0.00 81.22 70.20 0.1914
671.74 0.00 81.13 70.21 0.1914
635.65 568.93 80.27 69.87 0.1914
196.30 0.00 81.15 70.19 0.1913
86.55 0.00 81.19 70.20 0.1913
159.69 0.00 81.19 70.20 0.1913
232.83 0.00 81.19 70.20 0.1913
269.41 0.00 81.19 70.20 0.1913
305.98 0.00 81.19 70.20 0.1913
817.98 0.00 81.19 70.20 0.1913
744.88 0.00 81.16 70.21 0.1913
269.69 355.30 80.71 70.23 0.1913
306.26 355.30 80.71 70.23 0.1913
745.12 355.30 80.71 70.23 0.1913
781.69 355.30 80.71 70.23 0.1913
854.54 0.00 81.21 70.20 0.1913
452.47 189.23 80.70 70.30 0.1913
635.40 70.66 80.73 70.30 0.1913
671.97 70.66 80.73 70.30 0.1913
708.54 70.66 80.73 70.30 0.1913
123.40 331.51 80.73 70.30 0.1913
196.54 331.51 80.73 70.30 0.1913
233.11 331.51 80.73 70.30 0.1913
159.97 402.66 80.73 70.30 0.1913
196.54 402.66 80.73 70.30 0.1913
306.25 473.80 80.73 70.30 0.1913
635.32 497.52 80.80 70.36 0.1913
306.25 521.23 80.73 70.30 0.1913
415.90 189.23 80.79 70.30 0.1913
781.62 307.80 80.79 70.30 0.1913
745.04 402.66 80.79 70.30 0.1913
708.47 426.37 80.79 70.30 0.1913
672.18 568.89 80.38 69.97 0.1913
562.02 0.00 81.16 70.18 0.1913
708.31 0.00 81.16 70.18 0.1913
452.54 141.88 80.73 70.30 0.1913
854.83 331.59 80.73 70.30 0.1913
635.41 355.24 80.72 70.32 0.1913
233.11 402.70 80.74 70.27 0.1913
928.20 402.96 80.41 70.01 0.1913
745.11 70.66 80.74 70.38 0.1912
452.54 94.37 80.74 70.38 0.1912
598.82 94.37 80.74 70.38 0.1912
525.68 141.80 80.74 70.38 0.1912
379.40 189.23 80.74 70.38 0.1912
671.97 189.23 80.74 70.38 0.1912
452.48 236.65 80.76 70.32 0.1912
342.82 260.37 80.74 70.38 0.1912
342.82 307.80 80.74 70.38 0.1912
635.40 307.80 80.74 70.38 0.1912
745.11 307.80 80.74 70.38 0.1912
342.82 355.23 80.74 70.38 0.1912
306.25 402.70 80.75 70.26 0.1912
854.82 402.66 80.74 70.38 0.1912
671.97 426.37 80.74 70.38 0.1912
159.97 450.09 80.74 70.38 0.1912
269.68 450.09 80.74 70.38 0.1912
379.33 94.37 80.81 70.37 0.1912
415.90 94.37 80.81 70.37 0.1912
635.33 118.09 80.81 70.37 0.1912
708.47 118.09 80.81 70.37 0.1912
379.33 141.80 80.81 70.37 0.1912
415.90 141.80 80.81 70.37 0.1912
708.47 165.52 80.81 70.37 0.1912
635.33 212.94 80.81 70.37 0.1912
781.61 236.66 80.81 70.37 0.1912
635.33 260.37 80.81 70.37 0.1912
123.33 284.09 80.81 70.37 0.1912
233.04 284.09 80.81 70.37 0.1912
269.61 284.09 80.81 70.37 0.1912
159.90 307.80 80.81 70.37 0.1912
306.18 307.80 80.81 70.37 0.1912
379.33 331.52 80.81 70.37 0.1912
708.47 355.23 80.81 70.37 0.1912
342.76 402.66 80.81 70.37 0.1912
781.61 402.66 80.81 70.37 0.1912
86.76 426.37 80.81 70.37 0.1912
123.33 426.37 80.81 70.37 0.1912
379.33 426.37 80.81 70.37 0.1912
818.18 426.37 80.81 70.37 0.1912
196.47 450.09 80.81 70.37 0.1912
233.04 450.09 80.81 70.37 0.1912
342.76 450.09 80.81 70.37 0.1912
745.04 450.09 80.81 70.37 0.1912
781.61 450.09 80.81 70.37 0.1912
123.33 473.80 80.81 70.37 0.1912
233.04 497.52 80.81 70.37 0.1912
562.20 94.38 80.76 70.34 0.1912
525.62 70.68 80.78 70.27 0.1912
196.48 284.10 80.79 70.33 0.1912
13.80 47.27 80.30 69.84 0.1912
13.80 94.69 80.30 69.84 0.1912
13.80 165.84 80.30 69.84 0.1912
525.69 189.22 80.72 70.40 0.1912
13.80 213.27 80.30 69.84 0.1912
13.80 260.69 80.30 69.84 0.1912
379.40 260.37 80.72 70.40 0.1912
599.06 568.91 80.32 69.90 0.1912
781.62 70.65 80.78 70.39 0.1911
745.05 118.08 80.78 70.39 0.1911
123.33 165.51 80.78 70.39 0.1911
562.19 165.51 80.78 70.39 0.1911
745.05 189.22 80.78 70.39 0.1911
489.05 212.94 80.78 70.39 0.1911
818.19 212.94 80.78 70.39 0.1911
415.90 236.65 80.78 70.39 0.1911
598.76 236.65 80.78 70.39 0.1911
818.19 260.37 80.78 70.39 0.1911
415.90 284.08 80.78 70.39 0.1911
598.76 284.08 80.78 70.39 0.1911
415.90 402.65 80.78 70.39 0.1911
342.76 497.51 80.78 70.39 0.1911
525.89 568.87 80.39 70.00 0.1911
233.28 568.85 80.42 70.02 0.1911
525.63 260.38 80.76 70.35 0.1911
86.82 355.24 80.74 70.30 0.1911
269.68 497.53 80.74 70.30 0.1911
598.77 497.53 80.76 70.35 0.1911
671.89 497.53 80.82 70.35 0.1911
745.04 521.24 80.80 70.29 0.1911
415.87 544.98 80.82 70.35 0.1911
818.26 331.59 80.71 70.23 0.1911
159.96 355.25 80.75 70.29 0.1911
671.97 118.09 80.74 70.36 0.1910
159.88 212.90 80.81 70.43 0.1910
86.82 307.82 80.76 70.37 0.1910
635.40 426.37 80.74 70.36 0.1910
708.53 497.53 80.76 70.37 0.1910
452.78 568.90 80.32 69.93 0.1910
598.76 141.80 80.80 70.36 0.1910
342.75 189.25 80.82 70.36 0.1910
854.75 284.10 80.82 70.36 0.1910
159.97 497.52 80.73 70.30 0.1910
818.18 544.95 80.80 70.36 0.1910
489.33 568.86 80.39 70.02 0.1910
891.62 94.62 80.22 69.86 0.1910
891.62 142.05 80.22 69.86 0.1910
891.63 189.46 80.20 69.87 0.1910
891.63 236.89 80.20 69.87 0.1910
891.62 545.19 80.22 69.86 0.1910
123.61 568.89 80.38 69.97 0.1910
160.20 568.88 80.37 69.97 0.1910
891.63 47.17 80.24 69.88 0.1910
415.93 473.84 80.71 70.28 0.1910
818.20 473.82 80.78 70.32 0.1910
781.62 497.55 80.80 70.32 0.1910
342.77 544.97 80.81 70.35 0.1910
379.60 568.93 80.34 69.97 0.1910
525.68 497.53 80.73 70.39 0.1910
86.75 165.53 80.79 70.38 0.1910
