40_Gymnastics_Gymnastics_40_331
200
927.92 0.00 81.01 62.71 0.1927
50.63 402.27 80.16 62.32 0.1920
50.52 232.81 80.28 62.35 0.1920
50.59 486.97 80.21 62.34 0.1919
50.51 317.46 80.30 62.42 0.1919
50.63 42.21 80.16 62.34 0.1918
50.56 359.82 80.24 62.41 0.1918
50.63 84.60 80.12 62.30 0.1918
50.30 0.00 80.72 62.52 0.1917
50.51 275.10 80.30 62.42 0.1917
50.59 169.29 80.13 62.36 0.1916
928.18 317.49 80.46 62.55 0.1916
891.66 338.71 80.10 62.29 0.1916
50.61 444.65 80.15 62.30 0.1916
50.57 126.96 80.18 62.32 0.1915
379.18 0.00 81.13 62.70 0.1915
415.75 0.00 81.13 62.70 0.1915
159.90 105.46 80.79 62.79 0.1915
159.96 63.21 80.73 62.68 0.1915
928.20 486.94 80.41 62.53 0.1915
452.77 508.08 80.33 62.46 0.1915
745.26 508.02 80.39 62.55 0.1915
928.17 359.85 80.45 62.55 0.1914
123.17 0.00 81.15 62.67 0.1914
891.40 0.00 80.80 62.58 0.1914
489.35 508.08 80.29 62.44 0.1914
891.64 381.05 80.13 62.30 0.1914
306.02 0.00 81.15 62.69 0.1913
342.59 0.00 81.15 62.69 0.1913
452.30 0.00 81.15 62.69 0.1913
488.88 0.00 81.15 62.69 0.1913
525.45 0.00 81.15 62.69 0.1913
562.02 0.00 81.15 62.69 0.1913
598.59 0.00 81.15 62.69 0.1913
635.16 0.00 81.15 62.69 0.1913
671.73 0.00 81.15 62.69 0.1913
928.18 275.14 80.42 62.53 0.1913
525.88 508.08 80.35 62.46 0.1913
708.26 0.00 81.19 62.70 0.1913
744.83 0.00 81.19 62.70 0.1913
269.83 508.00 80.52 62.60 0.1913
13.61 0.00 80.77 62.46 0.1913
928.21 84.62 80.39 62.46 0.1913
928.21 126.97 80.39 62.46 0.1913
854.54 0.00 81.21 62.70 0.1913
196.54 63.10 80.73 62.79 0.1913
233.11 84.28 80.73 62.79 0.1913
86.83 105.46 80.73 62.79 0.1913
123.40 126.64 80.73 62.79 0.1913
159.97 147.81 80.73 62.79 0.1913
123.33 84.28 80.79 62.78 0.1913
159.73 0.00 81.16 62.67 0.1913
928.20 211.62 80.41 62.53 0.1913
928.20 402.23 80.41 62.53 0.1913
928.20 444.59 80.41 62.53 0.1913
781.49 0.00 81.10 62.68 0.1912
818.02 0.00 81.18 62.68 0.1912
196.54 105.46 80.74 62.85 0.1912
123.40 169.00 80.74 62.85 0.1912
635.56 508.03 80.47 62.55 0.1912
86.60 0.00 81.13 62.69 0.1912
196.31 0.00 81.13 62.69 0.1912
13.81 232.84 80.25 62.33 0.1912
13.81 275.20 80.25 62.33 0.1912
13.81 317.56 80.25 62.33 0.1912
562.17 338.41 80.84 62.88 0.1912
232.83 0.00 81.21 62.70 0.1912
123.41 465.51 80.72 62.82 0.1912
415.90 253.71 80.69 62.86 0.1912
854.82 63.21 80.63 62.67 0.1911
269.62 105.46 80.78 62.87 0.1911
196.48 147.81 80.78 62.87 0.1911
891.65 169.25 80.11 62.30 0.1911
891.65 211.61 80.11 62.30 0.1911
891.65 253.97 80.11 62.30 0.1911
891.65 296.32 80.11 62.30 0.1911
269.36 0.00 81.27 62.71 0.1911
562.47 508.05 80.26 62.52 0.1911
745.05 147.86 80.79 62.81 0.1911
708.48 169.04 80.79 62.81 0.1911
598.76 211.40 80.79 62.81 0.1911
635.33 211.40 80.79 62.81 0.1911
159.91 296.11 80.79 62.81 0.1911
196.48 296.11 80.79 62.81 0.1911
269.62 296.11 80.79 62.81 0.1911
745.05 317.29 80.79 62.81 0.1911
781.62 338.47 80.79 62.81 0.1911
160.12 507.98 80.51 62.64 0.1911
196.69 507.98 80.51 62.64 0.1911
233.26 507.98 80.51 62.64 0.1911
598.72 338.46 80.82 62.83 0.1911
416.18 508.05 80.35 62.53 0.1911
708.70 508.00 80.51 62.60 0.1911
13.92 63.47 80.14 62.18 0.1911
672.19 508.07 80.40 62.50 0.1911
891.64 423.37 80.15 62.35 0.1911
891.76 508.24 79.99 62.17 0.1911
233.10 126.65 80.76 62.84 0.1910
379.39 232.55 80.76 62.84 0.1910
342.75 359.62 80.83 62.85 0.1910
928.40 529.48 80.07 62.56 0.1910
928.21 42.19 80.41 62.52 0.1910
818.26 63.16 80.62 62.71 0.1910
159.96 190.19 80.73 62.86 0.1910
343.03 508.02 80.40 62.57 0.1910
854.76 105.46 80.78 62.85 0.1910
452.48 253.71 80.78 62.85 0.1910
379.57 508.01 80.43 62.59 0.1910
781.65 169.02 80.76 62.79 0.1910
598.75 147.83 80.79 62.81 0.1910
928.22 169.27 80.38 62.50 0.1910
598.75 253.72 80.79 62.81 0.1910
489.17 317.27 80.66 62.80 0.1910
306.27 169.01 80.69 62.82 0.1910
452.56 317.26 80.69 62.82 0.1910
818.20 105.47 80.76 62.82 0.1909
269.63 169.01 80.76 62.82 0.1909
415.92 317.26 80.76 62.82 0.1909
123.35 423.15 80.76 62.82 0.1909
306.41 507.99 80.48 62.64 0.1909
745.03 190.20 80.81 62.81 0.1909
781.60 232.56 80.81 62.81 0.1909
635.31 253.74 80.81 62.81 0.1909
781.60 296.09 80.81 62.81 0.1909
306.17 317.27 80.81 62.81 0.1909
379.31 380.81 80.81 62.81 0.1909
818.17 380.81 80.81 62.81 0.1909
415.89 401.99 80.81 62.81 0.1909
232.99 274.90 80.84 62.83 0.1909
598.70 380.80 80.84 62.83 0.1909
196.48 232.53 80.78 62.87 0.1909
123.35 274.89 80.80 62.84 0.1909
671.91 169.04 80.78 62.80 0.1909
562.17 232.52 80.84 62.86 0.1909
635.34 296.11 80.78 62.80 0.1909
708.49 296.11 80.78 62.80 0.1909
671.91 317.29 80.78 62.80 0.1909
196.49 338.47 80.78 62.80 0.1909
635.34 338.47 80.78 62.80 0.1909
818.20 338.47 80.78 62.80 0.1909
233.06 359.65 80.78 62.80 0.1909
269.63 359.65 80.78 62.80 0.1909
306.20 359.65 80.78 62.80 0.1909
671.91 359.65 80.78 62.80 0.1909
708.49 359.65 80.78 62.80 0.1909
745.06 359.65 80.78 62.80 0.1909
671.91 402.01 80.78 62.80 0.1909
123.56 507.98 80.50 62.64 0.1909
598.73 296.10 80.81 62.82 0.1909
123.32 41.94 80.82 62.83 0.1909
86.82 147.83 80.74 62.78 0.1909
233.06 211.36 80.76 62.83 0.1909
525.63 232.54 80.76 62.83 0.1909
86.75 486.69 80.82 62.83 0.1909
342.88 169.06 80.63 62.74 0.1909
745.02 274.89 80.86 62.86 0.1909
196.45 423.14 80.86 62.86 0.1909
233.02 423.14 80.86 62.86 0.1909
269.59 423.14 80.86 62.86 0.1909
306.16 423.14 80.86 62.86 0.1909
452.45 423.14 80.86 62.86 0.1909
745.02 423.14 80.86 62.86 0.1909
379.30 444.32 80.86 62.86 0.1909
708.45 444.32 80.86 62.86 0.1909
781.87 508.04 80.31 62.56 0.1909
342.87 232.57 80.70 62.77 0.1908
233.05 317.22 80.79 62.87 0.1908
86.69 338.41 80.89 62.88 0.1908
488.98 444.31 80.89 62.88 0.1908
86.76 63.13 80.69 62.74 0.1908
13.93 444.72 80.07 62.18 0.1908
123.33 317.27 80.82 62.85 0.1908
13.88 359.91 80.18 62.32 0.1908
525.68 380.79 80.73 62.85 0.1908
13.78 487.04 80.28 62.29 0.1908
233.04 41.94 80.79 62.84 0.1908
123.32 211.37 80.79 62.84 0.1908
489.04 359.62 80.79 62.84 0.1908
562.18 380.79 80.79 62.84 0.1908
854.75 486.69 80.79 62.84 0.1908
599.05 508.03 80.42 62.59 0.1908
13.92 127.02 80.12 62.23 0.1908
306.20 41.98 80.78 62.78 0.1908
525.63 41.98 80.78 62.78 0.1908
525.66 338.46 80.74 62.79 0.1908
635.34 423.20 80.78 62.78 0.1908
818.44 508.01 80.35 62.61 0.1908
233.05 169.02 80.77 62.81 0.1908
489.05 253.74 80.77 62.81 0.1908
525.68 274.94 80.68 62.75 0.1908
306.21 84.32 80.71 62.77 0.1908
635.38 105.49 80.77 62.81 0.1908
562.23 169.03 80.77 62.81 0.1908
269.64 232.57 80.71 62.77 0.1908
159.95 401.99 80.77 62.81 0.1908
415.95 465.53 80.77 62.81 0.1908
891.64 465.77 80.17 62.34 0.1908
671.94 126.67 80.75 62.79 0.1908
635.37 147.85 80.75 62.79 0.1908
269.62 465.53 80.80 62.80 0.1908
