40_Gymnastics_Gymnastics_40_401
200
927.92 0.00 81.01 171.63 0.1927
50.59 579.29 80.21 170.59 0.1921
50.55 1158.90 80.24 170.65 0.1921
50.55 1332.79 80.24 170.65 0.1921
50.48 463.33 80.31 170.64 0.1921
928.12 1216.70 80.55 171.29 0.1920
50.52 115.51 80.28 170.65 0.1920
50.52 695.15 80.28 170.65 0.1920
50.55 231.49 80.21 170.60 0.1919
928.16 289.28 80.49 171.26 0.1919
928.16 405.21 80.49 171.26 0.1919
50.22 0.00 80.93 171.33 0.1918
928.10 1332.59 80.60 171.37 0.1918
928.13 115.35 80.53 171.29 0.1918
50.58 811.10 80.18 170.61 0.1917
50.59 927.07 80.16 170.57 0.1917
50.59 1043.00 80.16 170.57 0.1917
50.63 347.40 80.13 170.58 0.1916
561.97 0.00 81.22 171.59 0.1916
598.54 0.00 81.22 171.59 0.1916
13.59 0.00 80.83 170.96 0.1915
928.21 1043.09 80.39 170.94 0.1915
891.31 0.00 80.90 171.26 0.1915
489.11 288.63 80.73 171.85 0.1915
781.68 752.34 80.73 171.85 0.1915
818.25 752.34 80.73 171.85 0.1915
708.54 810.30 80.73 171.85 0.1915
635.30 1158.01 80.86 172.20 0.1915
708.53 172.82 80.75 171.75 0.1915
708.54 694.38 80.74 172.03 0.1915
818.18 404.56 80.81 172.02 0.1915
818.18 520.49 80.81 172.02 0.1915
159.90 636.42 80.81 172.02 0.1915
818.18 636.42 80.81 172.02 0.1915
159.90 752.34 80.81 172.02 0.1915
196.47 752.34 80.81 172.02 0.1915
233.04 810.31 80.81 172.02 0.1915
635.16 0.00 81.16 171.57 0.1914
671.84 1158.02 80.88 172.16 0.1914
598.76 288.62 80.78 172.06 0.1914
159.73 0.00 81.15 171.57 0.1913
196.30 0.00 81.15 171.57 0.1913
232.88 0.00 81.15 171.57 0.1913
269.45 0.00 81.15 171.57 0.1913
306.02 0.00 81.15 171.57 0.1913
342.59 0.00 81.15 171.57 0.1913
379.16 0.00 81.15 171.57 0.1913
415.73 0.00 81.15 171.57 0.1913
452.30 0.00 81.15 171.57 0.1913
415.87 752.43 80.82 171.95 0.1913
86.55 0.00 81.19 171.59 0.1913
488.83 0.00 81.19 171.59 0.1913
525.41 0.00 81.19 171.59 0.1913
671.75 0.00 81.15 171.61 0.1913
269.83 1390.35 80.43 171.33 0.1913
342.97 1390.35 80.43 171.33 0.1913
306.26 288.82 80.71 171.65 0.1913
379.40 288.82 80.71 171.65 0.1913
196.69 1390.35 80.52 171.34 0.1913
379.55 1390.35 80.52 171.34 0.1913
708.38 0.00 81.07 171.47 0.1913
928.21 811.23 80.40 170.93 0.1913
781.40 0.00 81.21 171.60 0.1913
817.97 0.00 81.21 171.60 0.1913
854.54 0.00 81.21 171.60 0.1913
745.10 288.67 80.76 172.01 0.1913
269.59 1158.00 80.81 172.14 0.1913
123.07 0.00 81.25 171.62 0.1913
635.40 172.70 80.73 171.84 0.1913
671.96 173.01 80.64 171.54 0.1913
525.68 230.67 80.73 171.84 0.1913
123.40 288.63 80.73 171.84 0.1913
269.68 288.63 80.73 171.84 0.1913
342.83 288.63 80.73 171.84 0.1913
452.54 288.63 80.73 171.84 0.1913
196.54 346.59 80.73 171.84 0.1913
233.11 346.59 80.73 171.84 0.1913
562.26 404.56 80.73 171.84 0.1913
196.46 636.46 80.82 172.00 0.1913
854.83 752.34 80.73 171.84 0.1913
745.11 810.31 80.73 171.84 0.1913
781.68 868.27 80.73 171.84 0.1913
818.26 868.27 80.73 171.84 0.1913
854.83 868.27 80.73 171.84 0.1913
269.68 926.24 80.73 171.84 0.1913
745.11 926.24 80.73 171.84 0.1913
123.40 984.20 80.73 171.84 0.1913
159.97 984.20 80.73 171.84 0.1913
744.92 0.00 81.13 171.51 0.1913
415.90 288.63 80.79 171.83 0.1913
233.04 984.20 80.79 171.83 0.1913
306.19 404.75 80.79 171.82 0.1913
928.20 521.23 80.41 171.13 0.1913
928.20 637.16 80.41 171.13 0.1913
598.83 404.55 80.70 171.89 0.1912
123.40 172.71 80.74 172.02 0.1912
196.54 172.71 80.74 172.02 0.1912
233.11 172.71 80.74 172.02 0.1912
452.54 172.71 80.74 172.02 0.1912
159.97 230.67 80.74 172.02 0.1912
562.25 288.64 80.74 172.02 0.1912
635.40 288.64 80.74 172.02 0.1912
379.40 404.56 80.74 172.02 0.1912
159.97 462.53 80.74 172.02 0.1912
196.54 462.53 80.74 172.02 0.1912
745.11 578.46 80.74 172.02 0.1912
671.97 636.42 80.74 172.02 0.1912
781.68 636.42 80.74 172.02 0.1912
745.11 694.39 80.74 172.02 0.1912
269.68 752.35 80.74 172.02 0.1912
306.25 752.35 80.74 172.02 0.1912
671.97 752.35 80.74 172.02 0.1912
159.97 868.28 80.74 172.02 0.1912
891.64 1216.71 80.20 170.74 0.1912
891.64 1332.64 80.20 170.74 0.1912
781.61 230.67 80.81 172.01 0.1912
818.18 230.67 80.81 172.01 0.1912
854.75 230.68 80.83 172.09 0.1912
671.90 288.64 80.81 172.01 0.1912
781.61 346.60 80.81 172.01 0.1912
86.76 404.56 80.81 172.01 0.1912
123.33 404.56 80.81 172.01 0.1912
269.61 404.56 80.81 172.01 0.1912
745.04 462.53 80.81 172.01 0.1912
781.61 462.53 80.81 172.01 0.1912
233.04 520.49 80.81 172.01 0.1912
269.61 520.49 80.81 172.01 0.1912
306.18 520.49 80.81 172.01 0.1912
123.33 578.46 80.81 172.01 0.1912
708.47 578.46 80.81 172.01 0.1912
123.33 694.39 80.81 172.01 0.1912
233.04 694.39 80.81 172.01 0.1912
123.33 810.31 80.81 172.01 0.1912
196.47 868.28 80.81 172.01 0.1912
123.33 1216.06 80.81 172.01 0.1912
196.47 1216.06 80.81 172.01 0.1912
233.04 1274.03 80.81 172.01 0.1912
416.14 1390.44 80.40 171.25 0.1912
562.43 1390.40 80.37 171.39 0.1912
379.27 694.31 80.88 172.16 0.1912
818.20 1274.07 80.79 171.91 0.1912
489.11 404.55 80.72 172.07 0.1912
13.80 521.28 80.30 170.71 0.1912
13.80 637.21 80.30 170.71 0.1912
342.83 752.34 80.72 172.07 0.1912
415.90 404.55 80.78 172.06 0.1911
452.48 404.55 80.78 172.06 0.1911
525.62 404.55 80.78 172.06 0.1911
342.76 868.27 80.78 172.06 0.1911
598.72 1158.06 80.88 172.14 0.1911
745.10 172.75 80.74 171.82 0.1911
342.83 404.56 80.72 171.81 0.1911
671.92 404.59 80.76 171.96 0.1911
342.77 636.45 80.76 171.96 0.1911
452.48 636.54 80.79 171.89 0.1911
489.05 636.54 80.79 171.89 0.1911
525.62 636.54 80.79 171.89 0.1911
562.19 694.50 80.79 171.89 0.1911
196.54 984.21 80.72 171.81 0.1911
452.48 1158.22 80.79 171.89 0.1911
306.41 1390.30 80.51 171.45 0.1911
415.87 636.51 80.82 171.95 0.1911
415.87 868.36 80.82 171.95 0.1911
708.47 926.24 80.79 171.80 0.1911
86.75 984.25 80.80 171.81 0.1911
306.16 1215.95 80.84 172.16 0.1911
233.27 1390.32 80.41 171.34 0.1911
379.32 984.13 80.82 172.06 0.1911
269.67 172.75 80.76 172.00 0.1910
708.53 404.61 80.76 172.00 0.1910
635.40 462.53 80.74 171.99 0.1910
671.96 520.54 80.76 172.00 0.1910
562.18 810.36 80.83 172.03 0.1910
306.24 868.32 80.76 172.00 0.1910
671.96 868.32 80.76 172.00 0.1910
781.68 984.21 80.74 171.99 0.1910
854.82 984.21 80.74 171.99 0.1910
379.32 1158.15 80.83 172.03 0.1910
415.90 1158.15 80.83 172.03 0.1910
489.04 1158.15 80.83 172.03 0.1910
562.26 172.71 80.73 171.84 0.1910
598.83 172.71 80.73 171.84 0.1910
86.76 288.64 80.80 171.98 0.1910
159.97 346.60 80.73 171.84 0.1910
854.75 520.54 80.82 171.99 0.1910
269.61 636.46 80.82 171.99 0.1910
854.75 636.46 80.82 171.99 0.1910
86.75 810.36 80.82 171.99 0.1910
123.32 1100.18 80.82 171.99 0.1910
159.89 1100.18 80.82 171.99 0.1910
196.46 1100.18 80.82 171.99 0.1910
86.75 1158.14 80.82 171.99 0.1910
708.41 1158.08 80.86 172.08 0.1910
269.61 1274.03 80.80 171.98 0.1910
891.62 231.27 80.22 170.75 0.1910
891.62 347.20 80.22 170.75 0.1910
599.00 1390.41 80.37 171.36 0.1910
635.57 1390.41 80.37 171.36 0.1910
818.43 1390.41 80.37 171.36 0.1910
379.27 810.24 80.87 172.12 0.1910
