4_Dancing_Dancing_4_514
32
386.82 99.69 365.65 203.33 0.9892
393.40 142.19 282.46 332.72 0.3187
378.90 352.10 321.68 445.75 0.2769
136.85 352.69 218.82 443.24 0.2486
448.01 150.88 435.55 211.92 0.1784
461.82 49.77 522.69 176.31 0.1704
505.02 61.54 183.29 91.06 0.0997
503.94 294.32 376.47 412.15 0.0992
234.43 360.91 329.72 432.96 0.0770
218.41 97.09 377.71 190.49 0.0738
558.56 482.52 263.23 337.48 0.0688
488.59 101.64 169.25 99.81 0.0609
132.72 90.67 276.12 199.43 0.0564
788.58 491.69 126.96 138.53 0.0460
593.08 283.29 430.92 264.76 0.0450
137.54 212.27 378.66 272.34 0.0430
87.30 313.84 187.73 332.75 0.0393
575.55 32.03 124.85 84.59 0.0307
421.11 62.59 182.79 75.67 0.0304
40.31 378.65 209.20 441.35 0.0287
19.64 305.72 76.61 188.68 0.0254
714.99 522.89 134.80 135.15 0.0252
855.12 488.09 129.20 147.05 0.0249
240.75 60.88 180.48 84.88 0.0229
481.74 43.53 178.29 65.11 0.0229
151.06 157.62 239.83 247.38 0.0220
760.67 549.67 133.07 156.89 0.0219
312.18 426.16 131.91 171.05 0.0219
237.04 567.86 129.83 164.53 0.0219
176.10 92.27 190.61 93.83 0.0205
172.06 66.50 162.73 81.29 0.0205
171.44 561.67 126.48 159.96 0.0203
