20_Family_Group_Family_Group_20_696
125
115.83 393.70 76.89 118.17 0.8404
633.48 319.24 89.61 97.99 0.8041
263.03 280.86 94.63 133.55 0.7297
796.75 320.19 86.82 120.71 0.6928
474.04 325.72 87.78 111.87 0.6194
371.89 426.10 86.24 111.12 0.5691
559.09 573.47 74.20 97.38 0.3616
268.61 380.54 74.53 158.24 0.2803
300.56 393.00 82.24 152.12 0.2358
481.27 704.14 179.15 587.76 0.1998
690.67 320.48 77.38 94.26 0.1935
439.32 348.59 80.78 109.70 0.1836
581.71 388.12 68.77 76.12 0.1695
953.84 720.86 64.46 192.64 0.1669
711.15 350.05 78.58 117.69 0.1630
544.01 569.94 103.64 224.27 0.1617
213.54 429.17 45.72 98.60 0.1497
781.80 225.61 111.85 137.47 0.1486
34.66 830.12 40.16 134.34 0.1462
471.85 506.52 81.18 180.19 0.1378
586.72 344.08 76.43 93.99 0.1361
814.82 1038.65 64.95 187.90 0.1298
438.02 297.08 86.41 111.93 0.1261
4.77 567.69 23.19 66.51 0.1256
521.67 411.28 91.60 149.81 0.1246
222.45 299.41 67.52 117.24 0.1238
252.77 806.11 35.63 125.76 0.1182
344.78 344.38 94.34 116.76 0.1113
409.59 615.79 199.93 580.00 0.1102
336.95 490.06 339.46 945.96 0.1092
581.38 624.35 79.88 143.72 0.1089
82.67 390.89 75.91 100.92 0.1064
568.89 435.40 69.96 111.01 0.1049
438.72 462.65 89.95 184.80 0.1042
492.13 722.17 53.75 169.44 0.1042
386.72 357.74 81.82 135.88 0.1042
454.35 404.48 78.86 142.12 0.1036
779.49 994.37 121.75 288.63 0.0986
376.88 457.47 191.11 361.16 0.0953
45.37 813.58 55.62 193.22 0.0939
922.24 443.00 72.20 223.58 0.0931
31.35 974.33 50.34 147.95 0.0916
849.10 459.24 154.74 284.48 0.0915
179.02 1114.28 26.56 82.20 0.0913
345.78 286.24 64.35 115.39 0.0904
754.75 393.37 95.22 161.80 0.0903
914.75 236.13 26.81 62.17 0.0899
471.79 645.99 96.98 239.91 0.0897
71.59 512.16 39.57 69.84 0.0870
964.02 1087.69 59.98 210.73 0.0854
568.86 294.78 88.95 117.37 0.0843
105.41 1212.73 54.62 115.76 0.0840
6.87 526.39 26.23 70.57 0.0832
693.09 640.75 37.99 65.43 0.0831
28.77 681.29 42.85 162.66 0.0829
912.65 281.32 28.91 66.86 0.0827
299.28 679.04 168.02 364.10 0.0811
221.66 489.77 60.37 101.09 0.0808
908.46 333.72 35.81 81.15 0.0806
807.19 367.22 78.80 150.95 0.0805
237.09 738.37 47.06 158.11 0.0796
221.69 691.72 45.81 139.17 0.0795
985.31 419.16 38.69 165.59 0.0784
533.06 768.67 117.38 302.44 0.0778
885.69 360.83 73.31 151.91 0.0777
290.52 522.97 94.72 181.69 0.0771
438.70 246.38 46.94 81.11 0.0770
950.49 326.68 33.19 90.40 0.0767
121.97 1208.78 60.37 152.81 0.0765
706.83 353.05 115.31 214.25 0.0764
396.09 285.01 54.41 101.42 0.0761
943.95 362.04 47.03 147.78 0.0743
266.60 159.00 91.97 185.18 0.0732
817.42 366.28 120.67 227.11 0.0729
630.28 592.42 80.74 128.33 0.0728
538.11 658.01 132.68 299.36 0.0724
283.76 653.06 236.42 758.61 0.0720
991.80 161.90 23.92 77.78 0.0688
784.13 507.34 162.82 329.59 0.0686
150.84 419.71 66.29 149.53 0.0684
700.37 232.15 66.24 107.20 0.0682
28.43 856.98 77.71 281.42 0.0676
707.22 903.00 191.69 467.69 0.0675
39.76 517.49 33.20 66.81 0.0675
973.44 493.88 50.11 208.85 0.0668
727.29 753.87 53.19 141.41 0.0665
990.99 353.30 33.01 145.56 0.0665
925.17 830.18 98.83 294.30 0.0664
4.91 715.89 39.20 143.94 0.0652
642.33 668.07 80.99 140.10 0.0647
4.41 735.93 58.55 252.18 0.0640
72.96 531.69 44.26 101.39 0.0632
127.56 827.43 60.29 157.33 0.0632
506.90 675.39 92.01 243.46 0.0624
759.06 751.43 47.49 138.66 0.0623
684.21 677.45 45.99 95.20 0.0622
743.06 525.46 96.23 182.40 0.0622
38.63 573.28 33.22 70.86 0.0622
105.22 283.89 84.34 159.63 0.0612
953.32 293.04 30.51 81.10 0.0611
8.39 452.70 30.84 78.22 0.0606
814.60 172.52 115.78 174.57 0.0601
543.41 925.93 91.73 338.29 0.0599
323.11 49.92 41.93 95.95 0.0593
779.40 468.02 115.95 185.79 0.0590
638.27 479.22 82.00 187.18 0.0588
462.98 244.34 81.44 155.67 0.0586
299.26 1244.94 51.98 103.73 0.0581
177.54 1205.02 40.15 118.86 0.0578
686.65 570.94 58.64 124.68 0.0572
600.95 429.72 69.61 136.51 0.0565
0.00 945.15 32.49 149.71 0.0564
463.45 721.28 62.69 160.94 0.0558
878.91 619.67 87.18 164.49 0.0556
63.61 962.01 84.42 218.16 0.0550
630.59 347.59 89.13 216.23 0.0531
708.15 535.87 77.05 140.00 0.0526
996.26 207.80 21.93 80.40 0.0519
34.86 704.23 72.30 199.14 0.0516
404.07 241.67 40.61 83.07 0.0516
728.27 160.43 63.19 144.17 0.0511
894.34 899.45 76.46 212.46 0.0508
277.05 60.66 62.81 123.83 0.0507
582.39 808.13 114.61 256.23 0.0507
717.25 890.45 96.82 302.97 0.0503
