10_People_Marching_People_Marching_2_131
20
635.01 330.64 388.99 304.09 0.7997
355.59 262.84 380.36 279.79 0.6493
228.80 315.66 346.02 332.95 0.4700
428.28 376.68 384.26 361.73 0.4246
634.55 434.29 389.45 417.69 0.2986
195.56 313.06 124.68 341.85 0.2335
120.11 304.00 133.11 356.63 0.1553
312.68 203.82 328.62 245.39 0.1062
632.10 201.76 391.90 228.14 0.0968
363.64 534.22 368.39 339.78 0.0960
227.65 442.57 352.84 399.33 0.0889
177.66 537.12 157.79 336.88 0.0564
69.15 295.57 88.43 373.11 0.0480
10.17 552.43 47.76 321.57 0.0392
0.00 0.28 66.94 90.60 0.0364
685.55 0.00 338.45 129.47 0.0349
669.32 39.05 354.68 192.17 0.0345
105.15 535.88 157.42 338.12 0.0338
21.28 321.68 25.54 321.94 0.0313
167.86 202.60 329.36 227.66 0.0217
