10_People_Marching_People_Marching_2_793
33
599.54 124.78 424.46 201.09 0.4797
604.31 50.70 419.69 89.41 0.3505
133.59 133.27 390.23 178.28 0.2531
103.83 134.71 161.26 180.38 0.2515
619.99 269.49 404.01 301.13 0.2471
191.31 91.90 424.63 138.59 0.2199
493.32 67.18 404.03 191.31 0.2160
171.34 99.53 174.86 142.37 0.1707
640.98 13.34 383.02 54.47 0.1569
66.11 134.19 97.17 191.52 0.1482
339.41 46.28 426.31 101.24 0.1347
167.77 143.06 176.08 281.72 0.1277
369.31 117.78 356.66 205.54 0.1014
21.79 133.29 28.76 191.40 0.1009
534.54 360.35 318.91 286.65 0.0956
516.31 154.16 361.63 259.26 0.0862
185.63 62.80 434.48 95.54 0.0747
337.21 17.99 428.77 42.62 0.0696
11.38 398.76 47.48 248.24 0.0695
100.01 386.82 163.35 260.18 0.0646
124.63 389.68 406.42 257.32 0.0613
68.23 208.39 83.48 278.41 0.0592
22.86 220.45 26.82 263.86 0.0583
113.00 212.86 143.75 269.41 0.0536
50.87 380.91 118.04 266.09 0.0487
356.80 383.18 385.73 263.82 0.0400
161.06 62.21 190.56 89.90 0.0370
0.07 2.77 65.40 60.81 0.0360
308.37 200.97 336.03 295.07 0.0280
435.59 268.20 373.72 305.52 0.0276
97.83 60.72 165.64 84.33 0.0247
19.11 42.47 32.02 110.29 0.0225
167.79 266.16 179.24 291.65 0.0216
