10_People_Marching_People_Marching_2_236
26
621.09 143.30 402.91 190.49 0.7142
123.50 147.84 411.29 176.78 0.3310
112.55 142.05 141.16 191.59 0.2818
63.60 136.01 89.33 210.77 0.2805
537.53 109.89 317.94 154.83 0.2171
519.14 145.64 355.24 303.57 0.2140
23.84 125.01 34.90 231.74 0.1973
152.04 106.73 215.14 159.11 0.1573
618.17 203.96 405.83 319.93 0.1503
612.01 64.15 411.99 92.52 0.1455
166.15 154.04 178.76 293.56 0.1313
369.67 155.17 359.52 309.23 0.1293
199.65 112.35 390.17 144.15 0.0745
351.56 282.57 389.37 308.55 0.0636
243.39 202.68 320.81 333.66 0.0636
456.18 417.95 473.64 265.05 0.0548
363.60 102.81 374.56 158.27 0.0477
642.63 12.23 381.37 55.44 0.0450
24.40 218.95 27.68 302.48 0.0390
5.80 440.24 61.09 242.76 0.0382
0.45 4.66 65.83 62.51 0.0369
117.55 199.07 129.43 325.62 0.0356
64.47 193.81 85.31 340.11 0.0335
19.31 45.27 37.13 116.41 0.0316
315.31 421.00 323.19 262.00 0.0277
22.68 103.26 24.97 150.55 0.0208
