32_Worker_Laborer_Worker_Laborer_32_42
31
400.23 257.34 136.51 287.47 0.537376
345.89 247.68 120.24 231.52 0.433459
599.20 201.73 47.85 72.31 0.283024
292.83 607.22 172.09 432.55 0.259716
594.27 162.08 48.97 80.74 0.193180
567.40 178.41 82.88 107.16 0.149075
461.84 166.28 94.11 195.46 0.132672
469.99 131.85 95.85 124.30 0.113241
587.81 208.18 90.52 124.11 0.111355
218.82 789.49 69.79 180.61 0.098999
595.80 284.22 291.20 284.90 0.094259
600.25 228.95 173.65 188.30 0.088436
372.29 132.88 121.33 247.79 0.088242
270.41 272.53 171.87 286.85 0.076245
373.95 535.05 102.15 284.44 0.075399
177.95 508.28 102.60 228.74 0.071993
177.35 623.30 139.72 325.65 0.069129
449.71 594.31 52.05 165.13 0.067341
108.25 656.23 155.75 416.75 0.065536
200.51 557.93 196.91 449.32 0.065347
322.43 368.11 97.74 177.35 0.064303
363.60 341.12 109.89 219.51 0.060927
263.27 504.39 183.16 325.77 0.058327
579.90 296.65 138.06 150.68 0.056323
607.05 134.95 95.97 108.17 0.055039
454.33 511.75 47.19 116.85 0.054911
208.67 534.15 56.69 118.01 0.054744
550.09 302.89 92.34 132.94 0.053635
443.56 1310.57 76.42 212.76 0.052406
365.36 737.95 125.86 336.06 0.052137
443.95 875.63 79.32 164.81 0.050619
