32_Worker_Laborer_Worker_Laborer_32_692
81
189.21 87.02 125.98 139.41 0.876483
677.35 126.41 65.91 87.00 0.738698
864.34 138.13 74.19 123.83 0.715546
700.41 405.22 59.29 47.57 0.441849
725.44 400.99 52.55 55.61 0.360696
505.36 446.05 67.89 64.10 0.357690
615.16 435.20 52.05 77.35 0.254110
562.06 366.79 40.51 57.52 0.218883
473.88 427.96 113.50 122.60 0.212165
666.21 394.60 29.09 36.01 0.206341
420.47 157.87 79.10 121.28 0.204230
538.89 402.31 52.38 51.77 0.201251
798.66 426.01 37.67 51.17 0.163294
385.80 585.90 92.09 93.13 0.161365
523.04 114.37 77.13 145.17 0.148855
456.85 502.59 83.32 80.91 0.148174
344.47 529.07 70.52 64.36 0.140129
607.79 365.65 39.60 53.54 0.132010
608.69 394.14 42.97 53.11 0.130009
773.81 420.84 80.45 81.60 0.125495
179.82 137.98 112.47 130.89 0.125370
685.14 406.09 116.53 120.38 0.115861
432.61 598.50 118.83 78.41 0.114626
481.83 618.47 86.61 63.33 0.114255
641.35 427.89 52.15 64.62 0.112557
451.15 128.03 121.59 179.00 0.105568
380.82 186.91 88.67 121.00 0.104011
339.20 108.32 165.32 217.59 0.102813
317.86 418.80 69.92 83.22 0.098141
904.70 107.90 66.47 120.88 0.097257
707.45 115.75 66.99 94.36 0.094215
242.35 103.25 131.08 138.97 0.093366
623.46 448.99 88.55 111.79 0.088836
334.42 437.56 81.11 99.95 0.088731
823.96 430.83 51.42 53.64 0.086914
517.71 368.10 61.57 75.95 0.084792
425.46 481.68 139.52 150.14 0.084659
413.28 230.79 61.59 76.23 0.082015
267.20 167.81 53.29 92.83 0.081693
590.24 86.79 94.77 196.31 0.080460
401.00 499.09 107.06 94.54 0.080063
724.31 424.01 154.21 144.54 0.075113
683.66 473.01 90.16 81.45 0.072561
404.55 467.09 74.75 84.77 0.071748
519.75 332.63 38.26 46.62 0.070382
393.09 440.18 81.96 78.27 0.068438
808.62 459.22 92.49 92.21 0.067553
324.38 367.50 83.48 112.76 0.067241
407.78 551.51 113.06 100.99 0.065947
286.61 233.78 60.40 74.77 0.065233
740.87 349.85 35.21 35.02 0.064980
178.47 228.56 75.53 82.59 0.064618
882.78 491.95 38.37 47.70 0.064351
925.99 551.69 41.54 55.15 0.064003
309.16 151.62 118.72 185.08 0.062347
891.50 395.63 31.87 38.49 0.061289
888.94 587.69 50.21 58.85 0.061033
884.05 510.09 48.61 60.45 0.060836
982.98 627.92 41.02 57.08 0.060438
660.28 330.29 40.39 52.79 0.059807
872.60 173.34 94.66 133.76 0.057420
663.11 458.33 123.86 154.55 0.056947
217.00 228.69 64.58 82.77 0.056118
981.01 134.85 39.31 78.71 0.055917
983.04 589.07 36.10 61.99 0.055663
886.69 365.00 45.80 45.41 0.055559
101.35 602.18 37.93 54.40 0.055458
11.81 484.07 30.10 47.44 0.055361
873.90 451.53 47.97 62.35 0.055246
427.72 311.64 43.54 64.48 0.055229
449.76 264.19 49.88 48.58 0.054584
846.24 398.05 31.94 45.01 0.053984
789.89 149.11 51.64 115.41 0.053983
464.25 303.98 35.76 40.05 0.053868
879.69 240.45 46.06 64.36 0.053375
791.39 446.91 153.80 159.79 0.053120
989.24 563.88 29.75 56.82 0.051826
102.50 532.92 22.50 23.67 0.051313
695.48 345.92 39.19 46.22 0.051256
102.50 561.81 25.97 24.55 0.050777
611.38 298.28 48.80 69.53 0.050634
