0_Parade_marchingband_1_869
200
927.92 0.00 81.01 72.23 0.1927
50.59 73.03 80.21 71.79 0.1921
50.52 560.89 80.27 71.78 0.1921
928.12 97.34 80.55 72.08 0.1920
928.12 146.13 80.55 72.08 0.1920
50.58 512.07 80.22 71.82 0.1920
50.51 365.72 80.28 71.82 0.1920
928.13 48.56 80.52 72.05 0.1919
50.47 243.73 80.34 71.84 0.1919
50.22 0.00 80.91 72.02 0.1919
928.16 194.92 80.49 72.07 0.1919
50.59 414.53 80.17 71.76 0.1918
928.12 560.81 80.54 72.08 0.1918
928.14 463.24 80.51 72.05 0.1917
928.14 512.02 80.51 72.05 0.1917
50.48 194.98 80.27 71.80 0.1917
50.51 292.46 80.30 71.89 0.1917
50.63 463.29 80.16 71.80 0.1916
50.59 121.80 80.13 71.82 0.1916
745.11 267.90 80.71 72.24 0.1916
928.18 414.46 80.46 72.04 0.1916
891.66 560.86 80.10 71.75 0.1916
13.59 0.00 80.83 71.94 0.1915
928.21 292.60 80.40 71.93 0.1915
269.61 194.64 80.70 72.31 0.1915
891.31 0.00 80.90 72.07 0.1915
306.18 194.64 80.79 72.31 0.1915
854.76 292.29 80.70 72.30 0.1915
415.69 0.00 81.19 72.22 0.1915
671.97 194.72 80.73 72.31 0.1915
891.67 438.90 80.08 71.72 0.1915
891.67 512.08 80.08 71.72 0.1915
671.96 243.43 80.65 72.39 0.1915
525.61 170.25 80.72 72.39 0.1915
342.82 145.86 80.74 72.39 0.1915
562.25 170.25 80.74 72.39 0.1915
708.54 194.64 80.74 72.39 0.1915
708.54 243.43 80.74 72.39 0.1915
343.03 585.19 80.20 71.95 0.1914
159.73 0.00 81.15 72.20 0.1913
269.45 0.00 81.15 72.20 0.1913
562.02 0.00 81.15 72.20 0.1913
598.59 0.00 81.15 72.20 0.1913
635.16 0.00 81.15 72.20 0.1913
708.30 0.00 81.15 72.20 0.1913
854.59 0.00 81.15 72.20 0.1913
708.44 560.57 80.82 72.36 0.1913
86.55 0.00 81.19 72.21 0.1913
196.26 0.00 81.19 72.21 0.1913
232.83 0.00 81.19 72.21 0.1913
305.98 0.00 81.19 72.21 0.1913
342.55 0.00 81.19 72.21 0.1913
379.12 0.00 81.19 72.21 0.1913
452.26 0.00 81.19 72.21 0.1913
488.83 0.00 81.19 72.21 0.1913
525.41 0.00 81.19 72.21 0.1913
671.69 0.00 81.19 72.21 0.1913
744.83 0.00 81.19 72.21 0.1913
781.41 0.00 81.19 72.21 0.1913
817.98 0.00 81.19 72.21 0.1913
123.40 145.94 80.71 72.24 0.1913
159.97 145.94 80.71 72.24 0.1913
123.40 194.72 80.71 72.24 0.1913
416.18 585.13 80.43 72.05 0.1913
928.21 341.39 80.39 71.94 0.1913
123.07 0.00 81.25 72.22 0.1913
233.11 145.86 80.73 72.32 0.1913
269.68 145.86 80.73 72.32 0.1913
196.54 170.25 80.73 72.32 0.1913
635.40 170.25 80.73 72.32 0.1913
379.40 194.64 80.73 72.32 0.1913
415.97 219.03 80.73 72.32 0.1913
855.02 585.20 80.36 72.02 0.1913
708.45 97.02 80.84 72.46 0.1913
233.04 194.64 80.79 72.31 0.1913
13.82 341.39 80.20 71.73 0.1913
818.27 316.62 80.71 72.27 0.1912
306.50 585.18 80.26 71.96 0.1912
196.54 121.47 80.74 72.39 0.1912
306.25 145.86 80.74 72.39 0.1912
452.54 170.25 80.74 72.39 0.1912
598.82 170.25 80.74 72.39 0.1912
342.82 194.64 80.74 72.39 0.1912
196.54 219.04 80.74 72.39 0.1912
745.11 219.04 80.74 72.39 0.1912
306.18 97.07 80.81 72.39 0.1912
489.04 145.86 80.81 72.39 0.1912
13.81 219.40 80.25 71.79 0.1912
854.76 243.43 80.81 72.39 0.1912
13.81 438.93 80.25 71.79 0.1912
13.81 487.72 80.25 71.79 0.1912
123.33 511.75 80.81 72.39 0.1912
13.81 536.50 80.25 71.79 0.1912
13.75 268.18 80.31 71.78 0.1912
635.31 365.38 80.84 72.42 0.1912
13.84 390.17 80.18 71.70 0.1912
598.84 219.05 80.72 72.35 0.1912
781.69 219.05 80.72 72.35 0.1912
123.57 585.13 80.49 72.07 0.1912
379.61 585.10 80.43 72.08 0.1912
159.97 194.74 80.72 72.23 0.1912
452.54 219.03 80.72 72.41 0.1912
159.97 267.82 80.72 72.41 0.1912
196.54 267.82 80.72 72.41 0.1912
745.05 170.25 80.78 72.41 0.1911
489.05 194.64 80.78 72.41 0.1911
233.05 243.43 80.78 72.41 0.1911
196.48 414.18 80.78 72.41 0.1911
196.48 462.96 80.78 72.41 0.1911
159.90 511.75 80.78 72.41 0.1911
891.65 390.08 80.11 71.76 0.1911
233.32 585.14 80.42 72.04 0.1911
269.61 243.43 80.70 72.29 0.1911
635.41 462.98 80.70 72.37 0.1911
489.37 585.19 80.24 71.93 0.1911
745.05 560.59 80.79 72.34 0.1911
818.19 560.59 80.79 72.34 0.1911
672.17 585.13 80.39 72.02 0.1911
269.61 462.98 80.79 72.35 0.1911
86.99 585.08 80.41 72.10 0.1911
854.76 341.00 80.67 72.31 0.1911
86.82 145.86 80.63 72.31 0.1911
671.88 97.03 80.81 72.44 0.1910
745.02 97.03 80.81 72.44 0.1910
525.67 121.48 80.76 72.38 0.1910
562.24 121.48 80.76 72.38 0.1910
415.96 170.27 80.76 72.38 0.1910
489.04 341.02 80.83 72.39 0.1910
269.61 97.09 80.82 72.38 0.1910
635.40 219.04 80.73 72.32 0.1910
123.32 243.45 80.82 72.38 0.1910
306.18 243.43 80.80 72.37 0.1910
342.75 243.45 80.82 72.38 0.1910
891.62 97.33 80.22 71.86 0.1910
891.62 146.11 80.22 71.86 0.1910
818.26 267.90 80.73 72.31 0.1910
891.63 48.52 80.24 71.88 0.1910
928.21 243.74 80.41 72.01 0.1910
233.07 463.01 80.71 72.29 0.1910
233.05 511.77 80.81 72.36 0.1910
525.96 585.23 80.12 71.89 0.1910
781.89 585.21 80.34 71.97 0.1910
854.71 145.87 80.88 72.43 0.1910
159.96 438.59 80.73 72.40 0.1910
86.76 219.03 80.78 72.39 0.1910
525.62 219.03 80.78 72.39 0.1910
159.90 560.55 80.79 72.40 0.1910
196.47 560.55 80.79 72.40 0.1910
123.40 97.07 80.74 72.39 0.1910
781.68 267.82 80.74 72.39 0.1910
708.54 292.22 80.74 72.39 0.1910
13.82 73.08 80.26 71.76 0.1910
233.04 97.07 80.81 72.39 0.1910
671.90 145.86 80.81 72.39 0.1910
635.33 536.15 80.81 72.39 0.1910
50.84 609.89 79.71 71.80 0.1910
233.00 414.20 80.86 72.39 0.1910
269.63 511.82 80.78 72.33 0.1910
489.06 243.44 80.76 72.35 0.1909
159.92 316.62 80.76 72.35 0.1909
781.63 389.80 80.76 72.35 0.1909
671.88 511.79 80.80 72.34 0.1909
269.62 560.57 80.77 72.36 0.1909
159.98 97.09 80.72 72.35 0.1909
415.91 97.09 80.79 72.35 0.1909
598.77 121.48 80.79 72.35 0.1909
745.05 316.63 80.79 72.35 0.1909
525.60 341.03 80.81 72.34 0.1909
233.06 365.40 80.79 72.37 0.1909
489.03 389.82 80.81 72.34 0.1909
269.60 414.21 80.81 72.34 0.1909
745.03 438.60 80.81 72.34 0.1909
635.40 267.82 80.72 72.41 0.1909
196.54 341.00 80.72 72.41 0.1909
818.26 365.39 80.72 72.41 0.1909
708.42 438.59 80.84 72.37 0.1909
708.42 487.38 80.84 72.37 0.1909
452.48 72.68 80.78 72.41 0.1909
525.62 72.68 80.78 72.41 0.1909
635.33 72.68 80.78 72.41 0.1909
818.19 72.68 80.78 72.41 0.1909
781.62 97.07 80.78 72.41 0.1909
818.19 121.46 80.78 72.41 0.1909
781.62 170.25 80.78 72.41 0.1909
818.19 170.25 80.78 72.41 0.1909
306.20 341.06 80.78 72.34 0.1909
342.77 365.45 80.78 72.34 0.1909
379.34 365.45 80.78 72.34 0.1909
854.77 463.02 80.78 72.34 0.1909
854.77 511.81 80.78 72.34 0.1909
123.25 48.26 80.91 72.47 0.1909
159.82 48.26 80.91 72.47 0.1909
196.39 48.26 80.91 72.47 0.1909
488.97 48.26 80.91 72.47 0.1909
562.11 48.26 80.91 72.47 0.1909
598.68 48.26 80.91 72.47 0.1909
671.82 48.26 80.91 72.47 0.1909
708.39 48.26 80.91 72.47 0.1909
744.97 48.26 80.91 72.47 0.1909
781.54 48.26 80.91 72.47 0.1909
