0_Parade_Parade_0_459
200
927.95 0.00 80.99 133.36 0.1922
50.59 1035.55 80.21 132.54 0.1921
50.58 900.39 80.22 132.60 0.1920
50.47 495.03 80.34 132.64 0.1919
50.63 89.75 80.16 132.57 0.1918
50.63 179.89 80.12 132.48 0.1918
50.63 269.96 80.12 132.48 0.1918
50.52 585.14 80.28 132.59 0.1917
50.52 675.21 80.28 132.59 0.1917
50.52 765.29 80.28 132.59 0.1917
928.14 990.43 80.47 132.90 0.1916
928.18 630.07 80.44 133.02 0.1916
928.16 900.31 80.46 133.02 0.1916
305.97 0.00 81.22 133.32 0.1916
269.93 1080.47 80.29 132.72 0.1915
598.82 764.68 80.73 133.52 0.1915
159.69 0.00 81.19 133.34 0.1915
196.26 0.00 81.19 133.34 0.1915
232.83 0.00 81.19 133.34 0.1915
269.41 0.00 81.19 133.34 0.1915
379.12 0.00 81.19 133.34 0.1915
415.64 0.00 81.27 133.34 0.1915
891.43 0.00 80.77 133.00 0.1915
928.20 495.04 80.41 132.96 0.1915
928.20 810.29 80.41 132.96 0.1915
50.70 360.08 80.01 132.44 0.1915
928.20 89.70 80.45 133.00 0.1915
50.30 0.00 80.68 132.92 0.1915
744.79 0.00 81.25 133.37 0.1915
818.18 494.47 80.81 133.65 0.1915
818.18 584.54 80.81 133.65 0.1915
781.61 629.57 80.81 133.65 0.1915
891.65 1035.45 80.29 132.74 0.1915
123.20 0.00 81.13 133.28 0.1914
342.59 0.00 81.16 133.30 0.1914
452.31 0.00 81.16 133.30 0.1914
525.48 0.00 81.13 133.30 0.1914
562.05 0.00 81.13 133.30 0.1914
708.31 0.00 81.16 133.30 0.1914
781.45 0.00 81.16 133.30 0.1914
818.05 0.00 81.13 133.30 0.1914
928.18 224.76 80.44 133.02 0.1914
928.18 314.83 80.44 133.02 0.1914
928.18 720.15 80.44 133.02 0.1914
671.69 0.00 81.22 133.32 0.1914
123.64 1080.44 80.26 132.80 0.1914
13.62 0.00 80.72 132.78 0.1913
123.40 134.33 80.71 133.37 0.1913
123.40 359.51 80.71 133.37 0.1913
160.20 1080.39 80.21 132.89 0.1913
159.97 404.40 80.63 133.51 0.1913
233.35 1080.39 80.31 132.90 0.1913
488.90 0.00 81.13 133.31 0.1913
598.62 0.00 81.13 133.31 0.1913
159.97 134.18 80.73 133.52 0.1913
196.54 179.22 80.73 133.52 0.1913
123.40 224.25 80.73 133.52 0.1913
86.83 269.29 80.73 133.52 0.1913
159.97 269.29 80.73 133.52 0.1913
818.17 674.64 80.82 133.63 0.1913
562.26 719.65 80.73 133.52 0.1913
635.40 809.72 80.73 133.52 0.1913
598.83 854.75 80.73 133.52 0.1913
671.97 854.75 80.73 133.52 0.1913
708.54 854.75 80.73 133.52 0.1913
781.57 1034.91 80.87 133.70 0.1913
818.45 1080.43 80.36 132.96 0.1913
745.04 854.75 80.79 133.51 0.1913
818.19 854.75 80.79 133.51 0.1913
928.20 404.97 80.41 132.96 0.1913
635.14 0.00 81.19 133.33 0.1912
854.83 494.46 80.71 133.67 0.1912
708.55 134.17 80.70 133.55 0.1912
86.82 179.22 80.74 133.65 0.1912
671.97 179.22 80.74 133.65 0.1912
781.68 494.47 80.74 133.65 0.1912
562.25 809.72 80.74 133.65 0.1912
855.01 1080.37 80.41 133.06 0.1912
86.55 0.00 81.22 133.30 0.1912
13.81 179.88 80.25 132.54 0.1912
13.81 495.13 80.25 132.54 0.1912
745.04 539.51 80.81 133.65 0.1912
13.81 585.20 80.25 132.54 0.1912
745.04 629.58 80.81 133.65 0.1912
781.61 719.65 80.81 133.65 0.1912
708.47 764.69 80.81 133.65 0.1912
745.04 764.69 80.81 133.65 0.1912
818.18 764.69 80.81 133.65 0.1912
13.81 810.38 80.25 132.54 0.1912
781.61 809.72 80.81 133.65 0.1912
13.81 900.45 80.25 132.54 0.1912
13.81 1035.56 80.25 132.54 0.1912
306.17 1034.95 80.81 133.57 0.1912
452.78 1080.40 80.28 132.99 0.1912
489.35 1080.40 80.28 132.99 0.1912
196.48 269.28 80.78 133.68 0.1911
123.33 494.46 80.78 133.68 0.1911
87.07 1080.42 80.29 132.77 0.1911
196.56 359.39 80.70 133.61 0.1911
635.39 899.82 80.74 133.50 0.1911
415.91 944.92 80.79 133.55 0.1911
416.16 1080.40 80.33 133.04 0.1911
854.61 0.00 81.15 133.30 0.1911
671.89 944.86 80.80 133.49 0.1911
818.27 134.22 80.61 133.40 0.1911
672.15 1080.38 80.35 132.95 0.1911
781.71 134.26 80.63 133.34 0.1911
86.83 359.51 80.71 133.36 0.1911
598.72 584.51 80.88 133.77 0.1911
891.66 945.37 80.08 132.43 0.1911
342.75 674.65 80.83 133.66 0.1910
415.90 719.69 80.83 133.66 0.1910
671.96 764.72 80.76 133.64 0.1910
854.82 809.76 80.76 133.64 0.1910
525.61 179.26 80.82 133.63 0.1910
854.76 629.58 80.80 133.62 0.1910
13.81 675.28 80.25 132.51 0.1910
928.45 1126.01 79.93 132.79 0.1910
598.82 134.27 80.64 133.44 0.1910
635.30 584.54 80.86 133.70 0.1910
306.13 674.56 80.87 133.73 0.1910
269.56 719.60 80.87 133.73 0.1910
196.41 854.70 80.87 133.73 0.1910
525.95 1080.47 80.25 132.93 0.1910
13.83 89.94 80.21 132.39 0.1910
13.83 270.08 80.21 132.39 0.1910
745.11 404.46 80.74 133.56 0.1910
635.40 719.71 80.74 133.56 0.1910
818.19 404.46 80.80 133.55 0.1910
708.48 674.68 80.80 133.55 0.1910
159.97 809.72 80.71 133.66 0.1910
233.05 224.25 80.78 133.65 0.1910
598.75 224.28 80.79 133.66 0.1910
781.61 404.43 80.79 133.66 0.1910
781.62 899.79 80.78 133.65 0.1910
233.04 764.72 80.79 133.56 0.1910
708.53 269.34 80.72 133.53 0.1910
452.56 494.50 80.69 133.59 0.1910
379.39 854.89 80.72 133.49 0.1910
745.01 1034.97 80.82 133.67 0.1910
489.10 134.23 80.71 133.42 0.1909
818.20 224.28 80.76 133.58 0.1909
489.06 404.43 80.76 133.58 0.1909
708.48 539.56 80.77 133.59 0.1909
671.98 674.65 80.72 133.58 0.1909
342.74 269.35 80.81 133.57 0.1909
269.60 314.39 80.81 133.57 0.1909
379.31 1034.96 80.81 133.57 0.1909
343.06 1080.40 80.28 132.99 0.1909
854.83 134.25 80.72 133.39 0.1909
379.34 674.71 80.78 133.55 0.1909
306.20 809.82 80.78 133.55 0.1909
342.77 809.82 80.78 133.55 0.1909
233.06 854.86 80.78 133.55 0.1909
269.63 854.86 80.78 133.55 0.1909
306.20 899.89 80.78 133.55 0.1909
342.77 899.89 80.78 133.55 0.1909
269.63 944.93 80.78 133.55 0.1909
379.34 944.93 80.78 133.55 0.1909
562.27 179.25 80.70 133.61 0.1909
854.82 224.30 80.76 133.61 0.1909
233.10 584.58 80.76 133.61 0.1909
525.67 629.62 80.76 133.61 0.1909
525.67 719.69 80.76 133.61 0.1909
854.75 314.37 80.82 133.60 0.1909
854.75 404.44 80.82 133.60 0.1909
854.75 719.69 80.82 133.60 0.1909
598.75 1034.94 80.82 133.60 0.1909
562.49 1080.37 80.28 132.99 0.1909
708.70 1080.22 80.46 133.16 0.1909
306.16 359.37 80.86 133.67 0.1909
452.45 764.69 80.86 133.67 0.1909
415.88 809.73 80.86 133.67 0.1909
452.45 854.76 80.86 133.67 0.1909
452.45 944.83 80.86 133.67 0.1909
635.39 134.23 80.66 133.48 0.1908
306.12 224.24 80.89 133.71 0.1908
562.24 404.53 80.73 133.45 0.1908
379.33 764.73 80.82 133.65 0.1908
891.62 765.10 80.23 132.75 0.1908
525.61 269.32 80.79 133.64 0.1908
598.83 945.04 80.72 133.41 0.1908
745.13 134.21 80.59 133.44 0.1908
891.63 269.74 80.21 132.67 0.1908
818.23 314.41 80.74 133.51 0.1908
891.63 359.81 80.21 132.67 0.1908
598.77 449.57 80.78 133.50 0.1908
891.63 449.88 80.21 132.67 0.1908
891.63 584.99 80.21 132.67 0.1908
891.63 675.06 80.21 132.67 0.1908
781.68 224.37 80.68 133.43 0.1908
635.34 269.35 80.77 133.56 0.1908
562.19 314.39 80.77 133.56 0.1908
415.91 539.57 80.77 133.56 0.1908
708.54 944.90 80.74 133.56 0.1908
708.58 359.42 80.70 133.63 0.1908
598.76 674.68 80.80 133.55 0.1908
196.80 1080.33 80.35 133.04 0.1908
489.11 224.29 80.73 133.67 0.1907
562.25 629.61 80.73 133.67 0.1907
