0_Parade_marchingband_1_404
200
927.89 0.00 81.12 60.50 0.1921
50.58 285.85 80.22 60.15 0.1920
50.58 449.28 80.22 60.15 0.1920
50.52 40.71 80.28 60.14 0.1920
50.52 326.71 80.28 60.14 0.1920
50.52 367.57 80.28 60.14 0.1920
50.51 408.36 80.30 60.21 0.1919
928.14 449.27 80.47 60.30 0.1918
891.66 449.28 80.14 60.11 0.1918
50.63 81.60 80.12 60.09 0.1918
50.59 122.45 80.16 60.11 0.1917
50.59 163.30 80.16 60.11 0.1917
891.58 326.68 80.25 60.15 0.1917
891.60 101.99 80.17 60.08 0.1917
891.60 387.99 80.17 60.08 0.1917
928.14 142.84 80.47 60.28 0.1916
928.14 347.12 80.47 60.28 0.1916
488.82 0.00 81.24 60.50 0.1916
854.62 0.00 81.13 60.47 0.1916
928.10 183.70 80.53 60.26 0.1916
50.61 245.05 80.15 60.09 0.1916
13.59 0.00 80.83 60.25 0.1915
818.05 0.00 81.16 60.49 0.1915
233.11 60.86 80.73 60.57 0.1915
196.54 81.29 80.73 60.57 0.1915
123.12 0.00 81.19 60.49 0.1915
159.69 0.00 81.19 60.49 0.1915
269.36 0.00 81.27 60.48 0.1915
305.93 0.00 81.27 60.48 0.1915
452.29 0.00 81.19 60.49 0.1915
635.12 0.00 81.19 60.49 0.1915
671.69 0.00 81.19 60.49 0.1915
415.96 81.40 80.73 60.46 0.1915
891.60 285.83 80.20 60.17 0.1915
50.29 0.00 80.82 60.32 0.1915
452.55 60.96 80.61 60.47 0.1915
489.12 60.96 80.61 60.47 0.1915
123.32 285.55 80.82 60.65 0.1915
562.26 60.96 80.70 60.47 0.1915
928.14 306.22 80.46 60.36 0.1915
928.15 387.97 80.45 60.27 0.1915
159.96 81.29 80.74 60.63 0.1915
232.79 0.00 81.25 60.50 0.1915
159.90 163.01 80.81 60.62 0.1915
562.41 490.03 80.39 60.34 0.1915
342.59 0.00 81.16 60.47 0.1914
415.73 0.00 81.16 60.47 0.1914
562.02 0.00 81.16 60.47 0.1914
598.59 0.00 81.16 60.47 0.1914
928.15 101.96 80.47 60.27 0.1914
50.62 204.18 80.10 60.12 0.1914
598.83 60.89 80.72 60.54 0.1914
525.40 0.00 81.22 60.48 0.1914
744.88 0.00 81.15 60.47 0.1913
342.76 81.36 80.68 60.49 0.1913
598.97 490.01 80.43 60.38 0.1913
525.69 60.93 80.71 60.50 0.1913
452.55 101.79 80.71 60.50 0.1913
928.10 40.68 80.54 60.36 0.1913
233.05 142.65 80.77 60.49 0.1913
928.10 224.54 80.54 60.36 0.1913
635.33 60.87 80.70 60.56 0.1913
525.70 101.80 80.69 60.46 0.1913
452.47 469.45 80.83 60.63 0.1913
269.94 490.10 80.27 60.20 0.1913
196.22 0.00 81.25 60.49 0.1913
708.22 0.00 81.25 60.49 0.1913
306.25 60.87 80.73 60.56 0.1913
379.39 60.97 80.64 60.46 0.1913
233.11 101.72 80.73 60.56 0.1913
123.33 142.58 80.79 60.56 0.1913
196.47 142.58 80.79 60.56 0.1913
379.16 0.00 81.16 60.46 0.1913
891.31 0.00 80.90 60.36 0.1913
635.41 101.74 80.62 60.53 0.1913
891.68 142.85 80.10 60.08 0.1913
159.85 285.58 80.83 60.63 0.1913
489.06 101.74 80.77 60.53 0.1912
525.88 490.05 80.43 60.32 0.1912
123.40 60.87 80.74 60.63 0.1912
269.68 81.30 80.74 60.63 0.1912
86.82 101.73 80.74 60.63 0.1912
123.40 101.73 80.74 60.63 0.1912
159.97 122.15 80.74 60.63 0.1912
269.68 122.15 80.74 60.63 0.1912
415.97 122.15 80.74 60.63 0.1912
86.82 163.01 80.74 60.63 0.1912
269.68 163.01 80.74 60.63 0.1912
123.40 183.44 80.74 60.63 0.1912
269.68 203.87 80.74 60.63 0.1912
416.18 490.04 80.41 60.38 0.1912
196.47 183.44 80.81 60.62 0.1912
196.47 449.01 80.81 60.62 0.1912
635.57 490.04 80.40 60.36 0.1912
781.85 490.04 80.40 60.36 0.1912
781.44 0.00 81.18 60.47 0.1912
415.98 40.45 80.72 60.59 0.1912
671.92 60.88 80.74 60.54 0.1912
672.14 490.04 80.49 60.36 0.1912
342.77 40.45 80.79 60.59 0.1912
562.20 428.60 80.79 60.59 0.1912
818.17 428.61 80.81 60.59 0.1912
159.91 449.02 80.79 60.59 0.1912
86.59 0.00 81.16 60.47 0.1912
123.40 224.29 80.72 60.64 0.1912
13.80 285.86 80.30 60.16 0.1912
489.10 306.05 80.73 60.56 0.1912
13.80 326.72 80.30 60.16 0.1912
13.80 408.43 80.30 60.16 0.1912
13.80 449.29 80.30 60.16 0.1912
342.76 163.01 80.78 60.64 0.1911
928.10 265.39 80.51 60.40 0.1911
123.33 469.44 80.78 60.64 0.1911
50.70 490.17 80.01 60.04 0.1911
342.77 122.16 80.76 60.60 0.1911
745.05 163.05 80.79 60.58 0.1911
818.19 387.77 80.79 60.58 0.1911
671.87 163.04 80.82 60.60 0.1911
635.29 183.47 80.82 60.60 0.1911
745.02 428.58 80.86 60.63 0.1911
781.59 428.58 80.86 60.63 0.1911
854.73 449.01 80.86 60.63 0.1911
306.15 469.47 80.82 60.60 0.1911
379.40 101.83 80.73 60.45 0.1911
562.27 101.74 80.61 60.51 0.1911
854.76 306.03 80.82 60.63 0.1911
854.76 408.17 80.82 60.63 0.1911
86.99 490.00 80.50 60.39 0.1911
489.27 490.01 80.47 60.36 0.1911
818.44 490.07 80.44 60.31 0.1911
745.30 490.06 80.34 60.31 0.1911
635.29 224.26 80.84 60.67 0.1911
891.60 61.12 80.19 60.16 0.1910
306.18 163.02 80.78 60.57 0.1910
598.75 183.46 80.83 60.63 0.1910
233.11 428.58 80.74 60.61 0.1910
233.11 469.44 80.74 60.61 0.1910
233.04 183.44 80.80 60.61 0.1910
891.61 183.69 80.28 60.17 0.1910
891.61 224.55 80.28 60.17 0.1910
452.41 305.99 80.87 60.66 0.1910
452.52 183.47 80.77 60.58 0.1910
745.06 203.94 80.73 60.53 0.1910
854.78 265.23 80.73 60.53 0.1910
306.27 101.74 80.71 60.53 0.1910
598.77 428.60 80.78 60.58 0.1910
708.46 428.60 80.85 60.64 0.1910
343.03 490.11 80.34 60.28 0.1910
379.60 490.11 80.34 60.28 0.1910
708.54 60.87 80.71 60.63 0.1910
452.48 142.58 80.78 60.63 0.1910
86.75 265.17 80.79 60.63 0.1910
13.87 61.23 80.20 60.06 0.1910
13.82 102.06 80.26 60.10 0.1910
416.02 163.03 80.66 60.57 0.1910
854.77 183.45 80.75 60.60 0.1910
854.77 224.30 80.75 60.60 0.1910
123.33 346.86 80.81 60.64 0.1910
928.29 490.18 80.17 60.16 0.1910
379.35 163.02 80.76 60.59 0.1909
86.82 203.88 80.74 60.54 0.1909
635.35 428.59 80.76 60.59 0.1909
854.97 490.03 80.48 60.35 0.1909
489.03 183.47 80.81 60.59 0.1909
525.60 183.47 80.81 60.59 0.1909
415.89 387.75 80.81 60.59 0.1909
342.74 408.18 80.81 60.59 0.1909
196.42 326.45 80.84 60.61 0.1909
13.80 367.58 80.30 60.16 0.1909
306.13 428.60 80.84 60.61 0.1909
123.33 428.58 80.78 60.64 0.1909
854.77 40.48 80.78 60.58 0.1909
854.77 81.34 80.78 60.58 0.1909
854.77 122.20 80.78 60.58 0.1909
781.63 142.63 80.78 60.58 0.1909
818.20 142.63 80.78 60.58 0.1909
708.49 163.06 80.78 60.58 0.1909
781.63 183.48 80.78 60.58 0.1909
818.20 183.48 80.78 60.58 0.1909
671.91 203.91 80.78 60.58 0.1909
708.49 203.91 80.78 60.58 0.1909
781.63 224.34 80.78 60.58 0.1909
196.46 244.71 80.84 60.63 0.1909
671.91 244.77 80.78 60.58 0.1909
708.49 265.20 80.78 60.58 0.1909
818.20 265.20 80.78 60.58 0.1909
269.63 285.63 80.78 60.58 0.1909
854.77 367.34 80.78 60.58 0.1909
379.34 408.20 80.78 60.58 0.1909
379.43 203.90 80.72 60.59 0.1909
159.92 203.88 80.76 60.60 0.1909
86.77 408.17 80.76 60.60 0.1909
562.16 203.87 80.86 60.63 0.1909
598.73 224.30 80.86 60.63 0.1909
818.16 306.01 80.86 60.63 0.1909
233.02 326.44 80.86 60.63 0.1909
269.59 326.44 80.86 60.63 0.1909
306.16 326.44 80.86 60.63 0.1909
818.19 224.28 80.79 60.65 0.1908
745.05 244.70 80.79 60.65 0.1908
