22_Picnic_Picnic_22_208
19
103.89 310.54 191.90 402.60 0.6092
116.35 288.08 419.45 296.21 0.5779
151.67 455.21 208.17 336.79 0.2547
463.86 431.94 290.03 360.06 0.1762
555.75 235.01 468.25 297.00 0.0890
329.75 469.28 266.12 322.72 0.0871
119.16 203.73 238.74 321.71 0.0471
485.08 340.73 363.80 326.78 0.0372
272.30 350.23 369.15 336.58 0.0360
50.93 424.33 80.15 170.58 0.0345
497.76 475.60 112.18 138.70 0.0277
175.51 472.74 136.79 140.42 0.0275
415.38 496.84 134.45 138.51 0.0267
349.64 504.67 132.73 138.58 0.0265
236.75 560.20 134.12 116.91 0.0265
273.70 493.96 145.57 135.31 0.0236
71.24 402.87 113.37 174.78 0.0224
21.94 410.46 71.22 168.22 0.0215
282.85 204.21 364.61 279.29 0.0203
