16_Award_Ceremony_Awards_Ceremony_16_317
21
216.88 168.25 381.52 241.87 0.9356
272.59 110.72 389.01 155.01 0.9298
187.54 127.33 227.97 194.53 0.3947
534.31 121.07 489.69 184.99 0.3328
421.89 125.61 368.38 163.60 0.2498
168.90 189.35 246.39 249.72 0.1947
545.75 299.24 307.44 340.37 0.1799
219.91 322.18 347.20 301.94 0.0757
101.76 351.95 185.27 325.05 0.0695
332.62 228.84 396.75 238.54 0.0598
497.02 215.45 526.98 232.04 0.0429
387.03 376.28 289.98 300.72 0.0407
407.24 116.21 140.64 119.79 0.0330
199.66 109.68 151.16 105.22 0.0284
333.40 114.93 144.06 115.24 0.0278
15.85 298.41 77.41 139.13 0.0260
591.32 319.62 136.83 111.08 0.0256
604.96 266.45 133.18 125.26 0.0220
517.47 422.11 161.38 138.88 0.0218
366.01 469.93 132.01 124.76 0.0203
599.94 164.45 145.74 123.82 0.0202
