58_Hockey_icehockey_puck_58_653
102
692.28 156.67 59.40 68.08 0.879548
466.59 101.20 58.46 71.73 0.806487
905.44 27.97 56.85 87.89 0.625192
61.82 163.02 61.08 66.07 0.619622
392.39 439.31 68.75 91.18 0.449611
304.74 162.28 110.28 119.92 0.223325
186.83 239.63 52.22 47.48 0.203361
901.28 169.77 42.77 54.12 0.195846
794.91 373.85 52.59 59.14 0.185168
236.53 207.43 63.95 63.77 0.169426
610.86 359.51 43.96 61.02 0.163747
263.76 181.66 67.18 90.37 0.159986
309.47 381.06 137.97 201.15 0.158325
69.90 299.81 55.72 56.10 0.156615
551.51 191.72 41.59 47.23 0.152892
188.77 259.71 35.64 38.48 0.143614
179.44 193.42 77.15 74.47 0.139921
144.89 488.14 47.44 47.58 0.139403
230.69 143.01 139.86 134.09 0.127640
3.48 408.43 31.47 55.12 0.125984
151.07 234.65 52.11 44.46 0.125749
598.04 384.19 51.84 78.02 0.124541
832.89 174.84 71.35 68.08 0.121976
777.14 231.67 65.01 78.34 0.116872
372.87 239.20 41.71 63.08 0.107545
558.67 350.20 66.92 100.94 0.107510
614.16 428.36 47.35 74.72 0.105948
490.45 251.86 71.91 60.16 0.104655
633.89 262.01 67.65 75.82 0.104315
415.20 362.04 36.43 46.03 0.103801
851.89 188.14 83.86 92.82 0.101420
838.20 161.85 57.26 49.31 0.096820
111.83 128.53 83.17 98.49 0.096779
810.74 387.23 56.71 60.30 0.095666
891.10 134.94 57.97 63.07 0.094697
148.34 459.58 62.48 68.73 0.091144
149.01 204.03 74.36 57.28 0.090963
148.99 135.95 124.58 113.35 0.089135
65.57 270.77 71.28 67.73 0.088071
644.14 364.89 47.95 74.09 0.087827
374.17 478.86 91.56 82.40 0.086798
760.92 382.48 56.28 50.78 0.086231
8.70 450.12 20.53 43.32 0.081896
133.10 254.04 62.92 54.98 0.081654
83.30 236.54 56.44 47.36 0.078950
789.13 315.14 52.59 67.60 0.078790
611.62 321.72 59.89 85.16 0.078726
10.39 383.62 33.46 52.79 0.077928
689.26 268.40 45.67 62.98 0.077626
612.17 239.98 70.99 76.99 0.075779
53.43 432.77 36.20 44.44 0.074918
49.03 451.74 45.04 55.22 0.073932
180.28 392.14 71.58 93.29 0.073764
179.68 322.32 246.58 288.68 0.073661
389.74 356.43 53.20 56.61 0.073577
210.74 298.64 66.52 69.82 0.073418
403.44 232.09 60.55 61.18 0.072289
938.27 478.67 21.59 22.99 0.071632
161.55 505.13 77.46 80.20 0.071155
466.20 261.40 89.00 98.43 0.071107
141.11 182.69 60.57 63.02 0.070636
102.59 466.74 44.36 44.43 0.070535
127.44 76.70 205.22 139.18 0.069956
100.68 465.72 72.29 71.77 0.069419
985.73 0.00 38.27 33.02 0.069015
789.42 202.79 61.25 80.83 0.068642
220.70 247.55 61.09 66.38 0.068385
607.32 190.76 32.07 38.34 0.068378
128.02 487.30 80.83 88.86 0.068192
640.27 311.37 65.31 75.35 0.068149
667.06 178.20 60.81 68.47 0.068113
989.37 249.54 34.27 76.06 0.067122
255.82 348.37 61.92 54.57 0.066687
425.60 132.29 53.91 73.91 0.065942
77.66 325.58 52.67 60.49 0.065640
52.81 228.02 69.77 57.29 0.064107
395.32 192.15 63.50 77.71 0.063889
719.63 185.62 62.26 68.03 0.063502
171.13 442.19 58.87 80.52 0.062626
678.46 209.00 58.41 71.60 0.062250
794.61 401.04 53.40 67.47 0.061635
468.90 306.57 151.35 187.67 0.061066
48.19 467.46 72.99 94.95 0.060780
456.82 222.48 122.46 184.50 0.059926
556.05 301.26 60.01 96.67 0.059894
607.76 215.41 38.96 43.55 0.059623
151.50 401.70 67.85 77.16 0.059043
554.13 233.49 44.03 49.60 0.058065
624.69 391.05 62.17 81.67 0.057951
358.78 128.51 61.82 83.21 0.057897
437.42 102.75 59.97 60.57 0.057880
799.64 181.84 50.84 55.27 0.057739
231.83 323.33 65.74 73.59 0.057719
661.32 311.28 79.77 93.64 0.057295
93.21 438.30 50.37 59.17 0.056569
9.31 165.71 53.06 62.61 0.054882
976.14 0.00 47.86 83.07 0.054756
562.96 412.77 44.28 61.86 0.053924
676.55 391.97 69.45 69.95 0.051464
464.74 243.20 60.96 59.78 0.050436
263.61 239.01 67.66 78.22 0.050090
408.90 334.20 54.16 69.24 0.050050
