58_Hockey_icehockey_puck_58_493
240
234.08 114.56 40.66 39.92 0.650505
452.90 90.04 84.44 98.20 0.607992
87.22 129.47 68.76 61.31 0.565969
652.85 57.32 30.69 36.03 0.534035
466.40 389.10 51.76 60.22 0.470721
366.62 76.40 41.88 42.25 0.419312
900.43 126.68 40.05 42.09 0.408841
245.77 46.83 33.64 35.57 0.396798
603.35 142.02 45.41 45.99 0.390810
117.87 129.43 64.36 54.13 0.380047
430.62 57.23 48.19 51.11 0.360992
335.58 79.03 33.45 37.80 0.350603
489.61 79.43 66.91 77.86 0.335186
759.49 74.78 30.04 27.88 0.332910
805.98 0.64 34.44 31.01 0.328175
107.18 16.62 31.69 34.64 0.323192
844.14 53.16 31.76 32.16 0.321896
793.52 78.51 28.43 27.09 0.321241
607.30 6.59 29.10 25.91 0.319948
851.65 68.61 32.11 32.56 0.304871
521.42 1.74 25.06 24.01 0.303394
705.03 2.55 32.19 28.18 0.301976
237.97 1.36 25.90 24.12 0.299074
481.24 0.97 28.79 25.24 0.297086
54.33 132.65 57.15 65.24 0.284715
541.78 353.34 61.96 79.47 0.271679
196.12 1.15 29.26 27.93 0.263118
711.04 78.68 23.68 23.96 0.262548
573.87 37.06 34.13 37.21 0.258206
239.48 26.35 33.04 38.90 0.257845
317.59 181.20 48.12 47.07 0.254202
378.19 2.11 28.29 28.51 0.252341
289.09 73.34 35.33 40.99 0.251649
759.43 24.94 25.77 25.08 0.250835
244.17 64.86 40.08 40.08 0.247085
758.34 142.90 43.42 43.90 0.246610
840.13 0.49 32.30 28.91 0.241804
700.09 15.03 33.29 35.88 0.240346
294.66 2.72 26.18 25.40 0.238651
803.58 16.40 24.79 31.22 0.237609
938.17 6.05 37.05 29.93 0.237345
56.97 3.70 29.05 24.66 0.234968
152.08 0.00 23.60 23.25 0.234787
343.01 50.06 26.03 34.60 0.230831
370.61 18.65 33.58 34.28 0.229755
649.29 339.56 43.58 42.36 0.224679
53.06 18.65 29.63 31.61 0.223211
753.14 122.95 46.09 48.29 0.221360
941.64 16.90 32.16 34.47 0.221271
558.96 335.63 56.42 71.57 0.220361
0.64 116.68 27.91 40.96 0.219015
752.88 3.36 25.86 25.36 0.217379
289.53 55.99 30.06 34.83 0.216165
359.94 50.07 46.80 58.23 0.215033
375.58 285.76 29.01 30.35 0.214858
191.14 20.05 27.42 27.66 0.213119
922.49 128.89 43.28 46.47 0.212486
755.85 55.03 35.26 38.06 0.212407
776.65 90.63 46.82 51.82 0.209220
774.18 137.03 43.90 42.97 0.209087
751.62 100.97 41.96 46.90 0.207884
609.19 96.63 42.65 42.81 0.204391
713.62 51.26 28.10 28.58 0.203635
151.79 26.02 28.82 30.58 0.203504
343.48 30.08 24.72 29.52 0.201680
148.99 45.70 30.33 28.43 0.201211
608.90 273.95 52.64 54.67 0.198912
651.64 99.61 41.66 41.96 0.194652
611.71 74.99 33.05 34.19 0.194579
713.92 155.90 27.62 29.86 0.194249
508.42 369.57 60.28 84.66 0.193873
330.26 273.90 41.19 54.32 0.192419
573.00 3.72 24.46 22.97 0.186920
978.23 130.37 34.12 32.77 0.182826
839.10 23.61 32.85 33.00 0.182181
959.78 400.89 57.51 52.18 0.181787
597.11 288.74 53.59 58.56 0.181471
104.31 37.52 30.18 35.46 0.181460
340.14 0.00 17.23 20.71 0.180603
219.62 210.74 81.04 74.25 0.178385
890.24 4.01 30.46 25.72 0.176744
152.98 424.09 77.17 75.84 0.175862
291.74 19.09 26.42 26.71 0.175821
654.58 116.36 44.65 46.93 0.175667
888.64 76.01 27.78 27.66 0.174894
519.87 53.91 35.05 39.93 0.172540
569.33 307.56 46.47 48.87 0.172227
709.41 96.48 31.26 33.50 0.171226
4.88 2.26 30.11 26.70 0.169687
469.81 327.39 41.42 48.53 0.168007
793.45 53.73 31.55 32.82 0.166294
519.07 17.73 28.93 29.54 0.164701
0.00 143.57 34.53 43.28 0.164629
60.52 45.19 28.61 30.18 0.164126
636.39 284.72 43.55 44.20 0.157417
568.58 278.15 36.90 38.61 0.155815
988.20 150.45 24.78 28.10 0.155712
140.85 112.71 48.51 60.29 0.155011
426.86 0.00 23.05 20.04 0.154838
475.06 11.61 34.98 37.39 0.154134
518.05 339.81 44.73 59.99 0.153820
649.28 144.98 44.52 45.32 0.153342
120.82 218.55 68.07 58.68 0.153145
432.48 31.98 26.54 31.78 0.152807
3.30 13.88 30.44 34.18 0.152063
376.30 263.92 28.36 28.09 0.151902
93.90 232.27 81.62 60.66 0.150642
665.55 30.03 22.46 27.54 0.150266
318.83 248.57 50.51 55.10 0.149964
614.45 55.94 25.06 32.33 0.149433
845.73 92.93 31.14 35.31 0.148481
799.62 187.16 28.64 25.08 0.147951
565.97 72.55 40.09 60.37 0.147233
930.12 102.38 41.05 52.29 0.146887
666.72 0.85 20.28 19.12 0.145073
311.80 152.99 61.82 61.12 0.144346
891.21 54.32 29.03 36.99 0.141448
751.96 178.09 35.36 32.10 0.141420
973.08 23.91 38.61 37.94 0.141391
943.42 34.74 40.19 47.64 0.141163
713.25 130.25 30.43 34.97 0.140904
893.62 19.53 24.53 30.30 0.139063
944.21 73.12 29.18 33.32 0.137216
946.32 406.26 64.47 87.24 0.137006
941.69 206.56 34.06 30.42 0.134876
145.40 465.92 104.25 92.19 0.134203
974.71 99.07 36.74 41.30 0.132677
469.90 281.11 34.02 37.42 0.130667
192.10 49.31 26.24 28.70 0.129560
710.89 178.66 31.75 33.02 0.129454
425.42 372.73 64.19 63.60 0.128696
324.36 118.24 61.08 53.18 0.127459
200.09 78.32 25.06 28.49 0.125505
479.00 396.00 82.25 77.05 0.121986
288.57 237.15 56.71 53.65 0.121312
566.37 266.79 28.45 30.49 0.119599
362.21 401.20 49.45 48.22 0.118633
981.26 2.65 31.70 30.75 0.118249
473.08 265.07 26.73 24.93 0.117579
647.03 176.08 45.68 44.52 0.117383
790.88 205.29 38.78 35.22 0.116883
519.23 226.87 28.39 29.34 0.116546
978.88 208.06 33.20 28.37 0.116019
383.15 364.75 30.72 33.20 0.115101
209.86 475.92 112.72 78.99 0.114830
372.98 301.85 32.86 35.66 0.112626
103.88 78.50 29.75 28.81 0.112572
183.90 127.91 37.32 47.35 0.111002
513.58 213.05 36.30 32.27 0.110432
836.65 187.09 33.24 25.84 0.109528
462.06 48.81 40.52 44.26 0.108923
362.36 100.82 53.24 61.41 0.107918
315.37 214.07 57.98 59.71 0.107122
515.36 274.64 37.38 41.04 0.106828
884.46 232.72 35.52 32.26 0.105324
168.96 257.18 64.35 51.77 0.104892
250.70 492.18 100.17 75.97 0.103520
3.54 167.64 31.57 38.62 0.103293
789.24 225.89 37.37 31.26 0.102919
525.65 268.18 22.10 22.41 0.102312
381.17 342.51 29.63 31.57 0.102144
323.82 177.92 81.90 58.67 0.101865
430.57 262.70 25.55 24.89 0.101733
284.16 167.67 89.87 89.60 0.101316
569.94 155.02 64.37 54.75 0.101222
610.07 232.26 35.20 35.01 0.100077
834.58 204.35 33.07 29.67 0.099872
972.94 78.07 38.57 40.36 0.098398
567.85 108.68 66.70 71.79 0.098197
193.93 187.33 67.89 56.94 0.098011
846.88 158.02 27.02 25.16 0.097200
190.36 150.91 32.80 35.43 0.096960
751.73 201.11 47.23 40.07 0.096712
659.61 202.73 37.11 35.62 0.096042
706.29 207.48 28.89 28.45 0.096020
476.00 236.43 26.93 26.49 0.095520
423.10 277.21 43.97 57.03 0.095369
194.74 106.31 28.57 32.37 0.094763
426.07 334.14 44.56 45.98 0.093578
564.07 341.81 81.99 95.03 0.093489
280.36 206.51 81.48 77.06 0.093054
502.95 306.22 59.04 72.67 0.092764
934.29 220.04 41.39 38.60 0.092113
293.74 151.16 58.98 47.03 0.091894
612.21 209.30 35.35 34.98 0.091255
172.94 500.09 86.58 69.57 0.089893
892.82 208.91 31.43 31.00 0.089191
359.78 231.59 46.42 39.66 0.088844
891.84 171.44 34.10 39.07 0.087473
289.96 267.64 56.36 63.53 0.086760
838.59 130.18 31.46 30.83 0.086744
483.07 157.46 64.26 54.53 0.085261
218.83 175.68 68.38 47.60 0.085232
326.95 327.77 42.96 40.24 0.084798
478.33 210.31 39.33 29.79 0.084532
271.30 548.58 51.31 28.42 0.084459
175.34 537.18 69.30 39.82 0.083241
152.35 72.47 27.30 29.50 0.082908
431.52 151.16 63.62 64.46 0.082885
59.00 228.74 84.34 62.04 0.082429
428.80 304.77 42.89 44.38 0.082097
324.04 384.17 65.04 78.51 0.081689
558.32 203.65 47.84 45.92 0.080237
980.95 182.97 36.94 40.52 0.079254
562.94 232.54 42.48 39.59 0.079239
196.13 180.31 42.73 43.77 0.077834
177.03 208.85 73.74 78.21 0.077313
838.76 237.25 34.84 24.47 0.076836
9.21 44.20 23.22 27.20 0.076212
57.12 70.95 31.77 33.39 0.076086
877.15 258.74 46.90 33.08 0.076022
839.51 268.76 43.82 26.57 0.071436
290.04 123.25 49.17 47.45 0.071387
111.97 289.83 178.38 152.97 0.071206
656.73 232.89 33.65 32.49 0.067582
800.51 267.06 39.17 26.61 0.066646
425.41 415.54 60.21 56.75 0.066347
419.01 236.91 39.43 42.56 0.066297
1.77 278.70 50.70 42.69 0.066256
706.21 227.85 27.59 30.34 0.065656
140.07 378.44 112.00 92.08 0.064808
53.56 198.66 59.58 49.62 0.063603
6.75 84.67 22.54 24.82 0.063325
679.60 350.98 50.78 47.29 0.063155
738.51 266.44 43.09 33.35 0.061593
130.31 293.36 108.89 70.46 0.061066
313.18 350.57 55.07 49.68 0.060187
237.89 265.50 51.64 55.08 0.059681
357.22 417.13 60.69 58.64 0.058700
102.05 425.91 78.25 63.53 0.057115
692.82 286.78 43.39 46.68 0.055123
226.72 539.07 68.98 37.93 0.055028
234.69 384.50 116.06 90.04 0.055014
418.71 200.54 43.10 41.53 0.054998
958.49 213.44 50.86 43.31 0.053588
262.38 434.95 138.27 101.41 0.053237
351.80 474.53 79.56 74.42 0.053153
827.04 286.45 73.20 30.57 0.052845
186.77 418.80 127.65 90.05 0.052394
294.47 485.42 111.59 88.17 0.051344
