58_Hockey_icehockey_puck_58_835
216
295.52 182.09 26.13 35.23 0.349422
844.33 422.22 31.33 44.43 0.313589
702.03 551.62 31.97 38.86 0.255681
570.48 480.01 49.92 67.42 0.247064
600.51 431.76 38.96 44.85 0.223962
76.53 371.94 56.36 69.98 0.220564
33.56 387.23 78.87 76.50 0.216950
888.42 383.25 52.88 72.34 0.215517
438.75 192.80 27.99 30.47 0.210261
794.06 434.14 33.17 37.45 0.197724
878.06 328.26 43.86 48.60 0.195660
697.21 195.82 29.48 40.23 0.182615
465.03 486.33 55.63 71.78 0.180294
588.69 466.38 50.70 70.81 0.176558
763.82 221.18 30.43 39.42 0.170027
565.80 433.86 44.83 48.50 0.168290
554.02 180.34 31.42 42.94 0.160650
472.71 447.08 43.90 48.66 0.160638
206.41 187.68 26.90 36.92 0.157765
605.24 500.38 39.50 60.50 0.156263
402.23 466.72 62.22 90.55 0.154363
187.22 406.88 28.48 31.84 0.154303
458.78 188.71 35.41 41.69 0.152246
609.57 412.59 30.21 42.80 0.150833
880.91 305.99 35.68 46.42 0.150416
390.83 470.04 44.21 67.79 0.148441
405.00 442.69 54.42 53.65 0.144619
761.31 433.81 28.97 33.78 0.141136
565.85 406.25 30.35 39.16 0.139168
493.41 444.43 52.33 59.63 0.134044
620.75 190.40 30.88 40.00 0.132790
488.37 464.50 55.91 85.16 0.130962
710.23 407.27 21.69 32.05 0.130695
619.55 542.82 27.14 37.46 0.128742
419.26 399.50 35.54 43.06 0.128196
292.10 160.83 32.37 48.07 0.127290
520.11 397.67 28.94 39.22 0.125448
237.10 401.59 31.01 32.76 0.123718
469.59 529.46 37.22 50.91 0.123396
226.96 188.96 34.58 36.43 0.122556
701.07 525.11 34.89 49.71 0.121907
569.30 370.84 25.03 31.43 0.120822
523.62 372.85 22.87 31.88 0.119839
659.64 446.34 22.79 29.51 0.118834
711.27 435.45 23.82 32.34 0.118727
390.03 449.12 38.17 39.21 0.116043
343.31 184.59 28.82 31.86 0.116022
761.70 409.33 32.31 43.01 0.115702
615.79 376.45 18.99 22.60 0.115681
154.12 406.17 29.41 31.22 0.114837
852.68 304.13 35.96 46.09 0.114736
566.41 534.17 35.82 49.87 0.113853
853.60 326.18 50.97 48.71 0.113794
705.14 373.43 27.67 34.96 0.112981
937.51 517.37 24.21 44.70 0.112128
427.63 379.87 24.19 28.21 0.112005
384.71 408.49 22.12 27.50 0.109690
473.92 405.36 31.10 38.41 0.109467
238.13 217.93 28.06 39.01 0.109115
481.93 377.22 21.04 24.51 0.108118
757.20 368.22 47.19 54.29 0.108105
939.07 554.73 26.41 33.80 0.104364
104.55 292.84 22.08 32.14 0.101696
372.06 188.34 27.41 31.66 0.100937
662.57 372.79 20.19 26.73 0.100695
515.52 544.62 26.78 35.89 0.100041
754.73 514.59 29.86 41.84 0.099824
184.99 439.25 32.09 33.15 0.098831
528.42 186.40 32.27 39.98 0.098830
759.28 197.15 35.23 45.18 0.098149
285.61 192.90 34.42 60.76 0.097853
784.01 363.36 48.44 62.05 0.096850
155.51 259.86 19.62 27.25 0.096289
750.51 552.50 32.04 42.10 0.096006
571.42 342.22 19.54 26.63 0.095814
204.38 198.60 34.63 49.71 0.095493
236.74 547.44 31.42 32.50 0.094845
53.98 297.99 36.30 34.75 0.094451
849.80 548.77 23.53 34.61 0.093720
898.69 567.37 27.52 51.75 0.093316
659.33 409.31 23.86 34.06 0.093265
328.85 556.95 29.65 30.54 0.093198
847.75 591.26 20.54 29.77 0.093098
286.97 257.14 25.88 33.13 0.093094
547.50 149.70 49.02 65.76 0.093038
846.44 257.62 29.78 34.16 0.092907
798.62 551.69 22.69 33.80 0.092803
661.48 475.10 24.29 35.16 0.091405
697.79 559.06 43.34 53.70 0.090903
143.68 370.62 41.01 46.07 0.090658
850.17 360.19 40.45 49.62 0.090595
795.81 467.43 30.44 41.03 0.090462
238.37 516.43 32.12 35.60 0.090133
450.91 136.04 53.77 61.10 0.090049
49.82 458.46 48.72 63.24 0.089939
294.24 548.53 33.30 32.60 0.089404
182.13 482.46 38.81 42.57 0.089101
417.00 513.67 44.38 64.84 0.088144
384.54 524.08 29.80 52.68 0.088028
337.79 302.81 20.49 22.87 0.087520
436.85 199.99 34.57 45.42 0.087399
659.09 520.47 26.45 40.21 0.087223
247.51 256.47 25.95 32.39 0.086730
175.70 369.39 38.73 39.43 0.086275
341.22 220.30 25.63 33.50 0.085987
760.35 233.72 38.71 51.09 0.085894
47.22 333.61 53.65 71.60 0.085084
337.48 261.11 20.97 26.60 0.084043
88.85 336.72 42.27 65.37 0.083839
342.69 156.41 26.58 30.66 0.083784
335.92 409.40 29.04 28.91 0.083295
707.76 477.48 25.81 38.91 0.083053
482.60 340.17 14.78 21.69 0.082605
527.96 341.91 17.11 24.87 0.082337
597.84 136.69 54.04 84.05 0.082297
378.18 217.23 24.42 33.06 0.081746
386.75 378.47 20.25 23.49 0.080359
182.92 507.90 37.31 45.07 0.079872
894.36 554.69 29.00 40.13 0.079573
660.39 549.56 31.68 43.48 0.079543
237.89 486.55 33.64 35.41 0.079469
463.29 207.28 36.90 46.72 0.079343
479.44 257.07 17.08 23.90 0.078362
597.46 114.99 50.62 64.72 0.078163
238.16 438.91 30.57 31.97 0.078040
893.40 262.53 24.00 26.73 0.078035
148.91 440.00 32.43 32.35 0.077549
97.59 511.74 33.21 51.74 0.076456
663.25 339.70 21.15 28.90 0.076108
52.48 494.15 55.46 67.72 0.074677
893.57 500.77 29.51 58.88 0.074545
923.37 470.08 40.95 54.17 0.073588
800.56 291.22 35.00 42.05 0.073389
783.62 217.10 37.17 43.36 0.073109
871.51 440.65 64.82 89.16 0.072945
336.48 440.93 29.41 27.26 0.072902
792.05 254.53 37.47 41.39 0.072892
149.60 481.08 28.74 38.73 0.072561
236.55 375.24 35.68 39.04 0.072416
800.04 509.52 25.69 43.14 0.071294
89.95 459.64 40.44 56.80 0.071276
7.79 419.34 46.49 99.92 0.070427
340.01 379.93 21.36 21.41 0.070391
139.49 540.99 38.15 52.45 0.070260
663.40 577.60 38.49 49.33 0.070120
103.11 542.49 36.74 59.46 0.070027
890.36 225.49 27.27 36.45 0.069920
198.98 250.06 39.02 51.23 0.069856
668.99 258.59 21.42 27.59 0.069777
691.55 144.23 45.40 79.86 0.069703
141.35 511.53 38.29 48.04 0.069274
936.98 572.77 36.88 55.65 0.069182
597.92 619.52 47.36 74.64 0.068915
753.29 475.76 31.04 43.37 0.068383
291.00 410.30 21.70 25.83 0.067836
636.84 136.22 55.11 85.56 0.067718
664.84 295.10 22.22 27.97 0.067388
378.71 150.90 23.26 35.21 0.066793
380.74 257.96 21.63 26.26 0.066596
702.66 329.19 32.47 42.53 0.066567
108.61 268.19 24.27 27.55 0.066507
182.61 542.11 46.05 47.70 0.065916
326.57 523.98 35.00 32.19 0.065306
338.24 329.03 24.00 28.04 0.065290
694.37 246.08 37.67 42.60 0.064625
203.67 614.64 77.45 80.05 0.063966
182.90 326.82 38.06 45.99 0.063767
487.66 112.32 61.08 73.39 0.063746
613.32 341.68 21.81 26.81 0.063448
756.99 281.07 40.71 49.18 0.063167
573.72 261.26 15.80 24.80 0.063057
845.79 507.86 30.50 51.88 0.062642
898.35 604.10 57.86 76.48 0.062286
902.81 329.10 64.31 89.29 0.061915
1.80 321.03 69.79 108.46 0.061083
291.52 523.41 38.52 39.39 0.060788
832.99 612.79 40.89 55.98 0.060690
293.22 441.92 23.48 25.43 0.060323
152.88 228.47 31.01 44.79 0.060322
435.32 261.37 16.94 21.21 0.059429
643.69 111.03 45.84 60.61 0.059419
429.68 145.24 44.99 55.39 0.059285
845.72 227.61 32.45 41.87 0.059119
805.61 656.53 68.69 79.28 0.058756
286.53 479.66 30.87 38.63 0.058666
278.83 279.64 31.29 43.34 0.058635
243.91 279.08 38.09 47.28 0.057464
190.77 287.22 35.97 46.37 0.057157
936.15 261.66 30.42 30.56 0.057007
689.52 601.90 63.73 61.82 0.056791
700.31 292.37 35.52 43.33 0.056582
426.80 107.50 53.20 63.40 0.056566
525.68 211.25 26.44 36.16 0.056212
559.13 198.22 33.25 49.66 0.056135
282.56 373.38 25.12 24.56 0.055935
803.54 583.18 24.98 41.74 0.055713
741.63 569.66 44.93 58.24 0.055385
616.97 258.77 21.75 30.74 0.055180
475.22 579.28 27.67 38.48 0.055105
572.38 298.26 18.60 24.87 0.055071
788.93 186.84 39.76 47.06 0.055055
838.13 446.06 50.61 68.57 0.054883
655.03 180.04 31.66 47.34 0.054751
552.88 111.41 71.54 92.23 0.054271
426.56 333.19 23.70 30.34 0.054053
374.01 300.21 26.65 26.73 0.053633
664.00 221.63 35.59 46.41 0.052470
612.67 295.64 24.17 28.41 0.052411
793.78 306.23 50.13 65.10 0.052319
525.78 255.84 20.01 28.08 0.051947
7.03 291.91 46.54 49.89 0.051815
423.79 592.18 26.82 33.04 0.051702
381.66 334.44 21.97 30.62 0.051657
331.99 585.64 26.12 28.60 0.051566
618.25 585.76 24.98 37.59 0.050661
151.92 276.47 38.66 49.83 0.050253
