48_Parachutist_Paratrooper_Parachutist_Paratrooper_48_785
71
187.98 30.76 125.93 150.26 0.4580
560.54 68.80 43.15 50.55 0.2376
631.79 159.41 37.56 54.30 0.2139
486.60 49.13 32.87 47.22 0.2054
524.02 3.69 15.08 13.40 0.1624
515.84 36.14 23.57 30.87 0.1622
261.93 160.35 314.66 323.97 0.1489
505.90 48.77 30.25 33.37 0.1482
72.74 318.24 214.99 135.29 0.1442
238.09 11.36 124.21 169.64 0.1423
488.10 39.15 22.21 35.33 0.1413
556.94 70.18 66.14 87.41 0.1393
773.35 0.00 36.15 22.76 0.1383
521.09 18.76 19.56 20.20 0.1318
628.53 39.47 20.01 22.13 0.1300
581.19 221.37 35.75 49.48 0.1293
558.65 2.71 17.67 16.01 0.1277
480.79 80.38 43.27 55.13 0.1234
557.18 16.39 21.07 20.99 0.1197
708.21 37.23 17.11 18.60 0.1173
323.15 269.81 199.34 179.53 0.1095
96.80 4.48 134.45 166.91 0.1044
736.57 0.00 29.54 20.47 0.1043
667.33 1.59 22.52 19.08 0.1013
631.95 2.23 20.25 17.82 0.0993
384.45 357.17 90.84 79.42 0.0987
583.11 15.73 26.74 22.53 0.0986
582.42 32.10 32.71 35.02 0.0985
486.80 19.64 22.58 25.36 0.0976
624.97 49.98 25.76 30.17 0.0966
722.16 145.30 56.00 72.38 0.0936
554.09 30.74 27.41 33.96 0.0931
800.73 0.00 41.77 29.52 0.0930
623.26 73.03 33.88 42.21 0.0897
660.73 54.92 23.89 24.14 0.0883
589.20 0.39 21.85 18.51 0.0874
631.55 17.14 19.57 21.06 0.0866
637.38 135.06 49.53 61.28 0.0864
657.70 112.93 32.60 47.65 0.0860
548.82 88.00 91.28 135.05 0.0855
666.41 36.91 18.88 22.26 0.0847
735.99 32.21 23.26 23.95 0.0846
795.70 8.35 52.65 59.00 0.0838
696.03 120.91 137.91 142.24 0.0831
489.45 71.50 66.62 75.74 0.0816
571.64 175.41 49.16 81.80 0.0814
567.87 208.90 67.17 82.77 0.0788
0.00 280.54 438.70 243.46 0.0756
690.32 167.29 36.72 53.83 0.0724
248.86 2.01 81.20 96.69 0.0722
604.35 87.16 62.97 101.40 0.0714
602.22 185.66 60.93 69.24 0.0710
651.69 66.82 32.83 30.88 0.0707
737.67 46.93 25.84 31.88 0.0698
703.95 49.16 18.74 24.13 0.0693
666.51 15.47 20.85 22.42 0.0688
699.93 74.54 19.92 23.08 0.0682
486.33 0.00 22.39 19.40 0.0676
690.17 132.20 36.86 52.58 0.0641
701.28 0.00 24.06 17.31 0.0641
208.04 20.16 252.58 243.65 0.0613
481.73 102.30 62.38 59.26 0.0610
793.51 37.98 49.09 56.08 0.0596
342.66 19.13 119.31 139.18 0.0595
645.78 77.66 41.36 40.21 0.0577
231.58 239.59 233.94 160.09 0.0575
23.58 196.50 218.38 174.28 0.0573
768.62 10.48 40.51 42.27 0.0568
534.07 214.42 101.02 131.62 0.0543
405.37 115.53 210.83 284.57 0.0529
714.59 55.74 181.02 172.46 0.0519
