23_Shoppers_Shoppers_23_22
35
607.38 75.01 416.62 143.27 0.6080
622.39 129.85 401.61 251.17 0.3530
588.34 47.76 435.66 92.87 0.2870
623.64 244.00 400.36 258.60 0.2547
347.03 252.95 400.60 251.54 0.2023
132.23 15.92 395.57 39.26 0.1780
208.43 343.44 387.57 233.56 0.1749
133.55 27.14 391.31 100.69 0.1479
105.79 1.67 154.57 61.82 0.1112
605.78 16.97 418.22 30.96 0.1108
104.39 39.76 160.61 81.97 0.0935
620.29 22.24 403.71 11.34 0.0872
488.10 312.66 408.94 264.34 0.0852
257.07 41.94 434.47 75.64 0.0796
240.73 10.65 467.61 55.06 0.0768
97.20 62.74 173.12 155.35 0.0716
1.47 3.60 71.37 58.80 0.0675
45.04 7.35 137.17 47.15 0.0634
494.48 105.12 413.30 189.16 0.0601
34.51 79.13 154.64 131.23 0.0577
152.21 346.90 212.10 230.10 0.0575
16.67 85.87 46.13 228.68 0.0554
32.16 43.57 159.31 83.68 0.0515
4.35 34.72 69.93 100.75 0.0467
478.83 191.52 438.09 257.64 0.0431
423.45 83.22 403.54 112.31 0.0423
93.76 55.37 470.02 162.77 0.0403
201.04 203.39 408.15 237.88 0.0385
50.58 126.41 123.15 259.14 0.0357
156.55 69.94 196.23 251.91 0.0338
104.10 129.89 159.06 252.10 0.0328
527.88 24.24 339.24 28.19 0.0318
170.69 246.19 172.42 247.63 0.0295
5.46 181.08 62.70 265.58 0.0273
22.88 370.97 30.04 206.03 0.0206
