41_Swimming_Swimmer_41_843
83
788.91 65.02 87.21 118.83 0.674532
412.36 316.18 99.72 145.99 0.331949
524.17 276.96 33.28 37.17 0.260256
439.06 310.73 68.05 78.79 0.244041
598.58 268.88 46.07 57.38 0.243847
858.03 186.25 65.68 93.03 0.243718
155.79 227.99 47.91 51.20 0.240715
386.03 358.37 84.32 92.87 0.213673
566.64 267.57 50.53 53.77 0.196789
173.59 214.97 42.27 51.97 0.186170
523.79 253.57 31.96 36.75 0.177012
458.48 281.31 50.50 56.02 0.175684
804.00 106.35 83.00 125.48 0.165682
579.73 278.73 90.64 114.15 0.163477
502.34 352.12 58.03 86.17 0.162023
606.63 478.76 79.22 64.65 0.144357
565.87 151.74 219.29 259.63 0.142542
105.49 217.53 26.41 34.83 0.140910
424.47 270.72 60.97 65.39 0.140881
477.01 248.39 27.52 29.86 0.133588
102.44 236.99 30.49 39.31 0.131678
50.68 213.93 28.17 30.19 0.126684
423.79 240.52 32.91 44.46 0.124948
519.69 272.31 62.22 76.42 0.124645
844.72 180.24 109.31 155.22 0.123064
565.85 245.36 42.48 55.13 0.122313
375.28 175.45 29.79 33.33 0.120972
422.75 208.47 31.69 41.98 0.118297
556.91 369.70 68.08 67.67 0.118253
11.36 211.05 31.37 49.35 0.112688
244.07 335.01 89.06 96.62 0.110216
39.56 235.39 45.80 56.43 0.106558
143.87 349.83 88.80 75.69 0.101972
4.30 230.49 40.26 80.13 0.101615
199.36 362.25 76.02 76.57 0.101174
827.48 722.00 66.18 46.00 0.099997
588.27 206.82 71.89 102.32 0.098129
599.39 448.15 154.51 170.15 0.096930
826.07 38.10 103.28 159.33 0.094045
369.48 191.68 38.89 52.10 0.093704
543.87 258.30 209.14 238.10 0.092284
368.36 249.81 90.91 102.30 0.091044
897.94 185.35 76.39 108.24 0.089995
19.31 258.31 68.44 90.12 0.086183
366.63 233.30 51.05 63.54 0.084875
314.76 367.66 90.82 78.96 0.084671
916.51 670.72 77.68 81.09 0.083253
151.75 211.66 74.80 108.18 0.082945
617.63 639.01 127.84 115.98 0.078199
0.00 249.24 55.28 120.76 0.077946
465.10 208.35 44.54 54.77 0.077642
581.17 340.73 94.15 95.54 0.076191
38.11 166.14 52.09 52.48 0.076038
587.70 210.02 144.59 157.21 0.075993
756.27 86.38 97.49 146.75 0.072047
74.40 155.96 62.95 65.70 0.071214
234.83 236.91 46.43 57.87 0.070540
98.82 261.98 47.08 54.79 0.070506
519.58 210.51 41.23 59.57 0.070162
557.38 207.31 65.99 98.64 0.070101
259.80 493.16 104.62 78.30 0.068911
4.70 157.80 43.83 59.54 0.067471
300.70 267.23 123.66 152.83 0.067272
214.92 255.82 83.80 120.23 0.065773
12.36 314.41 68.12 85.76 0.065013
773.41 156.56 80.90 123.54 0.063684
667.16 142.68 165.22 203.44 0.062719
569.71 635.72 115.50 116.91 0.062607
178.91 179.60 44.51 54.73 0.061862
138.78 175.10 51.31 61.74 0.060125
962.33 697.67 61.67 70.33 0.060050
414.15 181.58 41.11 40.54 0.059248
887.71 241.98 73.62 120.14 0.059207
807.64 491.60 44.36 62.95 0.058193
322.99 431.59 93.20 100.83 0.058143
885.36 432.56 31.00 47.14 0.057573
883.76 409.42 41.00 56.97 0.057523
892.05 71.21 98.89 170.41 0.057095
821.17 474.97 55.53 85.24 0.056168
199.98 487.79 111.53 96.55 0.055553
31.69 0.00 84.84 76.88 0.051975
29.59 402.41 46.65 79.64 0.051461
339.16 164.52 37.43 43.52 0.050947
