4_Dancing_Dancing_4_57
123
568.80 209.46 48.77 55.26 0.3290
528.17 140.27 50.09 60.19 0.2832
546.99 204.59 41.54 49.33 0.2825
520.37 193.19 48.24 52.26 0.2663
573.27 284.54 37.29 43.10 0.2539
393.66 206.01 73.18 89.77 0.2417
925.45 315.50 15.90 22.01 0.2099
705.29 120.61 48.03 90.96 0.2049
568.48 257.90 45.67 52.35 0.2033
918.65 199.41 26.40 41.91 0.1846
448.90 142.20 64.94 76.68 0.1740
951.57 192.97 26.48 37.01 0.1633
8.60 250.63 78.20 87.48 0.1629
923.30 167.01 18.76 29.00 0.1497
412.31 160.72 116.77 126.64 0.1434
623.51 311.26 32.01 47.76 0.1428
335.46 154.97 32.57 50.36 0.1413
883.96 168.42 18.87 27.75 0.1394
996.66 172.62 20.29 32.47 0.1358
985.60 313.67 28.02 34.90 0.1325
554.61 317.47 38.98 66.34 0.1320
422.04 210.46 97.56 125.19 0.1271
625.67 286.30 27.10 36.75 0.1236
359.69 156.15 71.76 96.67 0.1220
702.87 275.20 26.48 35.51 0.1204
847.90 182.99 22.58 35.68 0.1196
579.19 330.70 47.26 85.46 0.1182
613.57 326.06 40.18 57.36 0.1145
997.20 187.37 21.53 34.81 0.1128
669.89 208.42 36.35 43.23 0.1121
957.32 173.00 21.23 37.49 0.1077
964.50 88.86 21.85 31.77 0.1072
285.34 77.77 118.93 136.08 0.1061
925.01 149.55 16.42 25.36 0.1058
1.49 250.20 141.61 148.55 0.1054
963.02 117.83 19.48 26.80 0.1022
875.72 178.58 27.84 39.30 0.1010
960.15 141.57 19.11 27.31 0.0999
729.61 279.88 28.94 31.71 0.0997
599.09 336.73 60.25 79.02 0.0997
86.53 343.28 148.87 76.45 0.0995
350.26 128.06 62.10 82.23 0.0991
926.81 300.70 15.40 30.37 0.0951
327.98 170.94 51.00 62.19 0.0945
447.92 111.85 53.60 70.62 0.0939
552.82 161.46 61.11 58.92 0.0913
847.82 165.60 21.14 36.89 0.0907
624.36 266.03 28.48 39.56 0.0905
679.61 189.14 54.94 69.99 0.0901
700.29 318.37 24.98 34.82 0.0895
505.70 267.90 52.27 84.55 0.0894
995.85 142.50 19.36 28.43 0.0894
849.32 117.72 20.20 34.04 0.0879
386.67 163.63 85.79 99.06 0.0873
764.11 153.74 44.14 82.50 0.0871
0.00 55.62 36.53 65.99 0.0866
730.48 265.86 31.30 31.25 0.0852
147.09 277.79 45.49 44.85 0.0833
287.09 430.90 43.19 42.72 0.0831
804.39 160.79 29.47 56.45 0.0813
550.88 339.15 48.79 77.47 0.0802
513.78 96.56 50.30 69.55 0.0796
434.23 272.15 48.84 72.91 0.0796
121.12 294.91 107.87 93.42 0.0793
591.20 206.02 59.53 56.31 0.0789
996.41 116.60 17.47 29.43 0.0788
926.39 126.56 15.40 21.07 0.0751
463.30 327.45 70.53 73.29 0.0751
439.53 89.70 27.57 35.35 0.0747
711.76 192.02 61.17 80.61 0.0739
470.46 291.36 60.76 78.67 0.0738
648.16 330.91 47.45 53.80 0.0730
758.86 238.41 43.65 51.20 0.0728
843.92 270.03 25.78 38.29 0.0727
616.72 230.54 36.57 43.93 0.0726
661.87 222.05 32.67 46.64 0.0717
729.44 230.57 37.53 42.80 0.0714
148.24 389.33 131.41 83.35 0.0710
944.73 212.20 51.46 64.63 0.0709
217.07 399.80 88.57 79.30 0.0707
683.68 228.78 43.87 50.59 0.0693
695.91 337.74 31.18 46.44 0.0690
886.72 151.94 17.96 35.76 0.0686
52.72 244.43 102.87 87.99 0.0668
914.07 220.31 32.38 49.99 0.0666
58.84 507.21 66.31 67.05 0.0659
652.63 345.57 57.09 74.86 0.0636
773.45 366.93 63.10 77.36 0.0636
406.92 87.99 30.00 42.07 0.0633
955.88 313.53 53.75 70.07 0.0627
650.23 278.83 36.34 39.98 0.0626
772.75 336.90 39.64 40.05 0.0626
850.14 140.67 19.54 37.94 0.0618
494.67 334.80 59.69 69.30 0.0617
701.12 68.03 49.49 91.30 0.0615
869.02 263.87 40.69 41.37 0.0591
734.11 305.14 31.64 40.11 0.0580
356.25 92.21 72.80 92.59 0.0580
641.12 307.60 47.67 50.63 0.0578
772.30 132.06 28.71 68.70 0.0576
771.48 359.73 49.06 49.40 0.0567
923.66 317.30 24.63 44.78 0.0566
318.22 176.52 86.17 85.73 0.0558
997.49 94.75 18.29 35.83 0.0553
546.42 135.45 65.06 55.86 0.0550
871.74 191.83 40.44 63.63 0.0544
695.12 355.24 40.66 61.89 0.0541
406.27 432.55 24.72 46.48 0.0539
469.82 440.01 37.60 53.16 0.0537
385.68 116.23 70.01 83.28 0.0537
469.92 87.96 62.24 62.85 0.0534
731.81 338.30 33.31 41.51 0.0530
26.30 306.04 153.23 126.07 0.0530
883.49 316.75 23.85 26.71 0.0526
989.76 292.62 28.19 48.36 0.0524
39.19 77.31 46.19 67.48 0.0521
921.06 252.59 26.05 39.64 0.0516
663.67 160.77 37.27 59.81 0.0514
874.04 290.64 31.41 28.07 0.0508
786.47 339.11 48.38 54.01 0.0503
985.65 222.58 31.31 56.17 0.0502
801.34 123.71 33.18 70.16 0.0501
794.64 260.72 38.95 38.30 0.0501
