18_Concerts_Concerts_18_469
147
844.99 220.49 40.17 51.02 0.8022
667.57 247.42 42.12 54.04 0.6514
7.75 291.12 37.78 59.60 0.6337
485.01 266.48 34.71 45.95 0.5119
249.32 162.06 67.24 67.45 0.4001
697.38 312.62 37.81 46.60 0.3493
557.87 329.59 35.56 45.59 0.3393
495.08 273.09 43.85 51.85 0.3089
671.31 270.51 60.37 72.50 0.2936
576.78 325.62 36.37 46.48 0.2874
296.70 101.50 40.55 59.90 0.2394
115.96 422.97 18.54 25.37 0.2318
78.64 367.49 24.82 29.59 0.2271
274.58 126.67 72.69 88.79 0.2227
480.19 287.64 45.39 59.77 0.1947
40.13 434.61 24.49 27.06 0.1880
562.81 398.66 49.31 50.20 0.1879
859.42 342.94 47.00 67.80 0.1800
505.41 331.04 39.03 59.24 0.1755
615.84 418.55 28.68 32.67 0.1749
655.00 327.31 41.19 49.11 0.1722
841.09 347.79 43.12 69.01 0.1695
46.33 375.22 25.25 37.55 0.1665
44.99 419.35 20.70 25.76 0.1628
653.10 288.55 55.29 70.73 0.1611
911.45 267.27 28.35 38.21 0.1592
913.98 247.25 24.93 30.68 0.1592
627.49 304.17 32.07 49.58 0.1587
154.61 237.94 25.03 58.28 0.1571
628.10 329.80 32.82 41.75 0.1522
465.58 318.42 43.49 64.14 0.1501
158.34 436.84 21.46 25.61 0.1498
853.71 238.54 50.60 58.73 0.1476
16.44 307.74 42.74 61.10 0.1442
154.79 201.98 24.04 50.40 0.1442
324.01 241.07 28.50 38.07 0.1427
41.93 483.24 48.41 54.24 0.1408
468.53 347.60 45.22 54.82 0.1406
468.20 378.15 46.59 74.95 0.1372
1000.74 456.87 18.50 42.42 0.1307
210.64 275.15 97.48 151.79 0.1303
1000.57 432.80 16.56 37.60 0.1301
869.02 271.70 37.28 50.19 0.1295
537.30 298.16 38.61 49.39 0.1295
11.38 441.91 23.44 26.19 0.1293
11.06 461.25 23.28 30.13 0.1278
252.85 187.17 75.12 85.24 0.1273
807.99 285.23 24.32 39.81 0.1260
237.10 70.05 94.65 117.68 0.1248
152.84 274.89 22.84 42.74 0.1174
928.24 473.52 27.57 40.07 0.1168
6.24 414.30 20.17 26.97 0.1161
333.84 250.76 21.86 39.54 0.1147
549.15 407.91 48.88 60.56 0.1133
811.68 308.74 27.22 41.70 0.1075
661.60 346.78 32.56 44.12 0.1059
40.00 457.45 31.51 35.89 0.1055
218.94 122.87 103.81 124.10 0.1049
513.11 406.10 46.79 63.67 0.1047
77.24 409.21 24.50 27.44 0.1018
104.81 282.87 31.66 43.70 0.1001
0.00 341.63 29.12 52.88 0.0990
78.23 439.95 23.72 24.48 0.0987
6.58 475.52 27.23 43.70 0.0983
1000.98 416.09 17.24 35.08 0.0974
155.85 419.76 21.03 29.53 0.0969
102.58 253.82 33.47 52.15 0.0965
181.48 433.50 28.60 28.68 0.0963
887.09 364.61 51.71 64.34 0.0931
288.83 193.86 67.71 62.73 0.0927
691.91 285.98 63.15 69.34 0.0925
163.66 205.02 53.18 90.52 0.0913
216.98 182.30 78.84 120.41 0.0912
630.15 259.07 38.21 58.59 0.0908
621.08 350.81 34.81 43.09 0.0899
103.84 217.38 30.28 52.78 0.0898
167.98 155.80 58.99 113.92 0.0896
811.32 355.80 62.42 85.10 0.0877
76.78 343.18 26.45 43.76 0.0873
231.35 490.31 42.16 47.09 0.0867
224.29 253.77 50.13 93.51 0.0849
502.57 374.48 46.60 72.43 0.0829
135.34 551.22 44.96 36.46 0.0818
0.06 382.81 25.38 37.31 0.0816
609.08 0.00 414.92 384.22 0.0809
165.09 547.03 50.28 51.08 0.0804
449.91 336.34 50.48 61.00 0.0801
843.96 262.28 45.87 61.91 0.0799
84.15 262.33 18.60 39.37 0.0799
155.48 338.89 20.32 27.64 0.0778
360.73 0.00 349.65 414.08 0.0776
651.76 460.14 30.59 46.00 0.0775
840.68 452.89 27.59 43.47 0.0763
112.54 563.11 60.94 47.81 0.0761
686.55 329.82 43.64 60.46 0.0749
585.51 289.52 33.28 45.29 0.0736
114.00 479.77 48.50 57.01 0.0731
53.91 499.12 42.82 57.18 0.0730
134.54 56.87 42.38 94.42 0.0728
156.73 360.60 21.36 28.69 0.0726
97.81 585.28 87.70 58.28 0.0724
0.00 222.10 26.93 57.29 0.0713
261.47 266.85 62.57 112.72 0.0711
79.64 283.00 22.58 41.34 0.0710
815.38 450.15 29.84 42.10 0.0706
328.76 273.96 34.70 57.51 0.0698
842.13 296.08 43.78 54.49 0.0697
191.18 11.22 145.92 215.56 0.0666
817.01 422.16 37.38 51.64 0.0664
4.51 490.20 34.66 62.41 0.0660
604.89 385.34 44.41 57.46 0.0660
833.90 418.59 36.91 58.88 0.0643
258.74 156.38 101.31 96.61 0.0643
273.87 7.74 277.85 295.49 0.0641
82.61 311.14 21.27 34.16 0.0639
262.14 239.31 62.05 81.68 0.0638
911.87 298.54 30.05 51.53 0.0638
135.68 100.83 36.70 81.06 0.0637
176.80 97.86 60.96 126.41 0.0628
239.44 263.21 137.08 186.17 0.0619
112.26 453.67 32.60 37.49 0.0615
68.53 460.81 31.14 39.37 0.0592
152.45 305.71 24.33 39.57 0.0587
106.48 300.34 29.12 44.36 0.0587
179.32 318.97 38.01 58.27 0.0584
507.49 46.36 330.16 316.68 0.0574
1000.40 495.42 18.00 45.28 0.0573
881.07 423.03 41.75 56.50 0.0566
655.98 371.04 43.40 57.39 0.0560
182.24 267.23 33.26 61.76 0.0558
116.84 611.31 128.76 72.69 0.0553
884.10 473.45 30.93 42.27 0.0553
136.65 576.80 72.89 59.76 0.0548
177.22 337.24 47.30 66.77 0.0542
151.83 387.65 23.43 31.91 0.0532
816.28 218.61 25.31 45.60 0.0526
179.55 413.16 33.67 40.97 0.0520
7.79 548.24 22.87 42.95 0.0519
132.26 0.00 57.45 42.77 0.0519
628.49 444.44 32.44 64.52 0.0517
944.49 461.94 32.85 44.30 0.0513
218.42 404.93 38.11 52.66 0.0512
949.94 493.28 33.81 48.00 0.0509
1001.10 391.29 16.68 30.28 0.0508
116.31 335.64 21.87 32.54 0.0507
536.39 403.46 87.83 97.51 0.0507
5.77 523.43 33.43 60.61 0.0503
