18_Concerts_Concerts_18_252
26
490.39 169.49 133.43 186.89 0.8657
436.05 177.28 400.77 722.13 0.1838
519.64 223.22 183.50 198.04 0.1804
553.61 189.32 118.31 153.92 0.1587
216.32 775.97 102.49 109.79 0.1467
707.51 484.96 220.87 299.46 0.1259
411.27 575.06 72.79 119.62 0.1218
830.40 515.75 85.40 130.53 0.1151
756.02 662.03 48.50 81.59 0.1020
456.01 328.95 153.68 247.05 0.0967
402.82 87.28 184.87 333.47 0.0933
366.45 663.20 45.03 59.05 0.0837
456.50 195.15 268.33 423.48 0.0833
461.66 387.80 103.31 128.17 0.0829
952.50 0.00 34.90 53.13 0.0814
775.88 436.99 120.82 201.58 0.0759
995.51 0.00 23.68 56.41 0.0688
998.80 48.35 22.13 67.21 0.0650
536.99 481.46 243.12 334.18 0.0648
738.70 608.20 120.49 168.98 0.0617
241.04 721.66 88.78 135.87 0.0591
445.74 0.00 94.67 84.27 0.0571
415.18 727.17 297.85 767.65 0.0559
952.11 19.84 47.61 108.50 0.0543
598.65 265.24 156.06 198.58 0.0536
364.73 664.29 65.87 103.72 0.0510
