18_Concerts_Concerts_18_60
150
34.66 438.46 40.55 43.16 0.2285
60.06 438.39 45.42 41.61 0.2273
483.93 406.61 28.19 34.00 0.1928
504.96 439.98 31.14 30.61 0.1885
479.81 434.02 29.64 36.02 0.1885
259.89 385.13 20.01 23.83 0.1740
6.41 425.79 34.47 61.66 0.1636
665.83 564.19 20.24 16.70 0.1579
217.38 413.97 29.60 28.54 0.1517
704.97 561.04 20.48 17.42 0.1476
924.72 588.63 25.87 38.29 0.1439
53.24 408.94 47.26 51.77 0.1408
944.57 601.00 43.65 60.43 0.1397
117.38 439.88 21.93 25.09 0.1349
758.33 119.31 127.94 139.33 0.1345
43.47 369.67 43.97 47.79 0.1317
253.03 371.57 28.84 34.45 0.1306
691.31 69.46 43.87 77.16 0.1191
450.60 435.20 31.64 33.68 0.1175
625.64 431.64 28.09 30.73 0.1175
554.81 459.68 27.18 24.54 0.1173
373.98 162.38 194.04 284.04 0.1131
594.34 438.86 28.64 30.26 0.1118
702.83 540.40 22.75 19.47 0.1116
45.04 338.85 60.99 85.67 0.1115
265.14 457.32 27.15 26.17 0.1097
990.95 622.72 32.06 48.08 0.1087
112.40 405.56 32.23 41.34 0.1059
498.75 412.69 42.40 50.74 0.1057
363.22 587.46 27.72 45.31 0.1057
511.72 532.51 25.59 42.24 0.1053
777.71 541.78 15.94 16.24 0.1042
484.54 485.72 20.76 26.49 0.1042
512.94 490.06 23.97 24.61 0.1042
508.36 503.18 26.58 30.26 0.1034
410.46 485.29 30.74 46.23 0.1013
954.98 483.24 34.65 36.97 0.1000
332.58 24.66 192.21 166.96 0.0999
447.29 509.73 26.98 36.42 0.0982
0.46 375.64 28.28 47.48 0.0964
694.44 54.92 84.97 111.80 0.0963
591.87 449.04 25.43 32.57 0.0961
814.82 539.38 17.66 15.80 0.0934
6.18 461.71 26.93 49.43 0.0933
327.47 72.83 125.97 86.47 0.0924
481.13 501.43 25.00 33.69 0.0922
696.81 303.48 260.67 250.65 0.0917
851.95 541.01 16.39 14.82 0.0902
946.75 583.20 34.11 39.66 0.0897
706.50 102.44 211.82 244.20 0.0897
134.40 84.90 117.93 128.32 0.0883
373.33 456.50 21.05 28.91 0.0880
542.46 431.99 38.64 37.19 0.0868
738.34 563.68 16.03 14.04 0.0853
920.50 652.47 26.54 27.80 0.0850
737.09 540.37 19.79 18.83 0.0849
325.14 614.13 40.39 51.75 0.0847
178.35 406.95 53.66 43.43 0.0842
737.61 592.22 16.27 15.84 0.0832
285.65 488.03 39.70 48.00 0.0831
338.77 490.28 22.64 37.24 0.0824
428.47 131.42 343.13 362.26 0.0817
776.57 564.28 16.83 14.18 0.0816
697.45 103.66 41.14 59.16 0.0809
340.38 509.12 30.20 45.43 0.0796
922.87 592.31 36.48 66.12 0.0786
448.07 446.54 32.19 40.07 0.0772
723.10 420.83 32.61 54.79 0.0767
438.95 385.14 41.51 39.15 0.0758
142.68 388.40 91.30 73.77 0.0739
836.32 586.72 31.17 28.75 0.0738
817.57 567.35 20.47 15.59 0.0735
22.32 190.81 40.25 64.47 0.0735
444.57 402.86 33.81 40.84 0.0729
982.59 607.91 32.68 48.76 0.0724
686.58 36.14 50.04 68.50 0.0721
925.32 538.42 17.85 17.51 0.0720
174.88 44.17 173.76 168.54 0.0716
526.49 402.21 52.50 60.05 0.0715
706.98 94.87 125.46 132.12 0.0711
281.34 508.47 39.26 48.01 0.0709
578.46 519.07 57.84 58.99 0.0706
299.35 577.52 29.81 64.82 0.0704
215.29 390.68 40.67 50.21 0.0701
610.85 515.37 34.48 22.58 0.0697
549.52 484.09 31.82 26.00 0.0694
701.45 586.26 24.33 20.39 0.0687
740.05 515.46 18.90 18.29 0.0686
668.64 163.46 40.56 43.22 0.0684
145.14 421.49 58.24 46.15 0.0681
797.02 111.89 78.63 86.60 0.0678
706.25 515.12 22.99 18.37 0.0677
485.96 381.12 73.24 69.76 0.0670
34.78 451.54 43.30 58.96 0.0667
442.81 485.09 29.67 47.13 0.0665
3.64 503.25 22.84 39.14 0.0662
695.61 10.04 60.08 63.40 0.0654
1.62 186.03 36.51 86.61 0.0647
52.87 452.82 65.23 63.89 0.0647
18.55 162.13 48.38 62.60 0.0646
35.72 485.53 49.63 64.02 0.0641
292.47 463.15 27.78 28.14 0.0641
261.49 439.98 34.22 35.99 0.0640
702.68 425.73 31.61 47.51 0.0638
361.14 646.79 39.94 34.10 0.0637
705.77 406.80 34.10 42.14 0.0632
525.89 122.71 60.53 101.67 0.0629
233.21 559.06 17.51 30.18 0.0614
594.11 489.35 24.28 21.98 0.0614
33.30 586.29 36.52 37.29 0.0613
767.72 512.50 24.65 21.65 0.0611
602.90 520.93 44.88 39.01 0.0603
665.31 538.56 27.52 24.03 0.0602
444.57 335.64 100.41 91.08 0.0598
740.22 607.96 17.35 21.64 0.0598
374.53 559.97 72.65 93.15 0.0597
107.45 248.77 178.99 160.07 0.0589
0.00 331.59 38.51 80.23 0.0587
732.71 440.86 27.22 43.25 0.0584
285.52 437.17 32.79 31.10 0.0584
592.60 188.21 185.78 244.48 0.0583
209.65 355.17 68.50 73.77 0.0580
947.43 628.90 54.61 53.10 0.0574
334.33 581.69 28.92 44.95 0.0571
616.23 585.59 35.40 36.75 0.0571
353.84 510.46 39.06 53.02 0.0571
70.63 586.49 39.97 34.49 0.0568
664.10 65.60 51.15 73.97 0.0567
951.69 529.00 30.54 27.73 0.0565
105.43 371.64 47.88 60.13 0.0558
846.06 568.22 19.49 23.33 0.0546
0.00 55.27 83.14 99.71 0.0544
796.30 644.40 57.57 37.60 0.0540
506.16 80.25 46.65 97.02 0.0537
587.18 402.65 72.33 67.20 0.0537
471.50 519.62 36.42 51.19 0.0533
357.26 616.26 43.35 51.25 0.0533
144.73 454.98 35.76 36.78 0.0532
293.50 644.51 33.18 34.34 0.0529
267.73 483.40 37.48 39.59 0.0526
256.72 401.25 31.30 38.80 0.0525
268.59 507.67 32.99 39.75 0.0524
880.02 513.94 26.89 21.80 0.0523
366.02 478.24 30.60 46.34 0.0520
374.08 443.97 19.05 27.29 0.0519
392.25 76.50 150.18 177.21 0.0515
885.74 539.31 19.90 18.45 0.0514
390.00 336.97 81.08 83.05 0.0507
667.95 583.89 26.27 26.75 0.0506
230.22 487.79 22.68 31.43 0.0503
