9_Press_Conference_Press_Conference_9_60
14
243.69 359.58 313.50 408.42 0.9751
380.70 353.39 316.10 414.61 0.9457
510.70 323.33 307.33 426.49 0.9005
120.04 371.59 164.97 396.41 0.8250
504.15 291.68 519.85 262.90 0.6494
381.29 391.69 150.15 114.11 0.0446
748.61 388.50 144.24 118.72 0.0441
542.37 308.88 145.16 125.70 0.0288
272.95 396.94 142.31 115.58 0.0277
631.86 208.34 392.14 221.07 0.0275
626.30 516.08 125.07 154.89 0.0262
518.21 414.04 139.18 144.79 0.0210
325.79 456.66 151.13 146.27 0.0205
159.88 305.19 212.48 383.42 0.0201
