32_Worker_Laborer_Worker_Laborer_32_516
22
583.30 111.35 440.70 165.03 0.9328
57.95 22.88 128.72 98.42 0.8182
346.79 115.65 396.03 167.05 0.6643
245.97 126.20 310.18 150.56 0.5876
444.99 258.74 339.89 169.26 0.5647
627.04 249.98 396.96 178.02 0.4059
62.36 75.13 123.53 137.48 0.3222
68.50 172.93 114.50 226.00 0.1964
150.79 31.27 221.81 73.84 0.1534
20.69 21.69 67.50 84.96 0.1235
311.84 230.77 333.71 197.23 0.1173
158.56 178.59 194.31 211.78 0.0840
589.62 65.91 434.38 89.21 0.0706
615.09 42.23 408.91 58.71 0.0692
559.66 96.66 284.83 134.89 0.0656
137.62 91.81 364.17 112.81 0.0566
39.05 8.36 127.44 52.89 0.0481
111.53 62.76 394.47 77.00 0.0410
23.66 178.64 47.57 204.89 0.0381
524.54 154.97 311.86 129.19 0.0378
7.52 0.64 65.76 47.26 0.0300
99.56 198.88 148.49 229.12 0.0290
