2_Demonstration_Demonstrators_2_689
63
373.56 305.99 54.36 93.56 0.545586
319.63 230.24 41.80 75.45 0.389125
189.27 242.48 29.63 56.75 0.322458
199.02 216.61 21.79 40.73 0.239463
919.49 232.00 46.30 55.59 0.210529
53.80 251.54 20.63 44.33 0.208400
277.17 303.96 38.47 69.84 0.205222
146.56 254.59 32.71 68.66 0.203680
135.41 290.29 37.76 78.98 0.197230
291.78 237.39 36.40 71.30 0.196513
109.75 259.21 29.99 53.73 0.194732
323.20 264.34 47.95 91.58 0.189726
391.66 373.58 65.64 94.70 0.183296
245.72 212.69 21.60 46.84 0.168223
108.74 273.60 42.13 78.47 0.162212
270.05 329.27 39.98 64.72 0.159013
187.80 275.47 36.04 71.01 0.157935
243.56 241.56 25.88 55.42 0.157095
238.82 304.54 33.24 64.51 0.156319
54.38 301.37 22.15 44.33 0.153738
235.65 342.03 45.19 72.48 0.144161
15.55 210.08 23.23 46.16 0.142161
333.74 322.79 52.35 86.15 0.139690
892.91 225.49 58.20 62.92 0.132486
15.84 240.90 28.41 54.00 0.121368
503.41 554.30 60.78 90.54 0.116616
504.42 498.88 127.85 191.04 0.109172
472.13 442.16 325.44 401.90 0.104883
53.64 219.23 20.68 39.80 0.103955
224.28 394.37 57.17 102.81 0.102995
14.65 300.16 26.94 52.21 0.102887
157.01 216.03 17.62 34.11 0.102617
109.57 216.09 15.99 34.91 0.100608
59.64 344.88 19.15 48.74 0.089715
339.49 207.06 65.16 104.00 0.088993
325.92 140.08 54.13 119.26 0.087839
106.57 312.29 54.27 95.39 0.086746
188.71 328.04 49.30 101.50 0.081903
461.81 340.41 37.16 80.50 0.081215
333.12 330.02 81.56 130.21 0.081092
100.24 398.21 45.24 93.50 0.074861
433.19 921.37 86.28 173.11 0.073715
409.85 1006.65 77.42 101.35 0.072375
461.89 856.26 40.11 64.50 0.071322
14.77 335.61 24.13 63.21 0.070850
268.70 388.02 46.83 78.75 0.070505
477.90 547.55 56.89 90.67 0.066910
411.17 783.04 44.18 75.94 0.066315
10.58 446.67 27.32 66.01 0.065214
351.56 364.22 91.20 151.56 0.064348
13.81 409.42 21.95 50.89 0.064079
376.94 758.93 51.52 108.01 0.061057
60.02 409.98 25.96 50.86 0.059886
230.85 451.14 52.71 90.22 0.058295
413.04 819.99 54.58 94.51 0.057597
372.74 790.84 62.72 149.97 0.054052
319.24 66.82 57.09 147.44 0.053606
892.20 290.69 83.48 143.29 0.052806
895.44 414.55 105.39 208.54 0.052616
462.28 252.42 39.54 74.40 0.051675
446.40 882.79 68.04 133.40 0.051397
896.27 269.53 72.87 89.47 0.051055
194.29 368.68 58.57 119.77 0.050067
