2_Demonstration_Demonstration_Or_Protest_2_512
190
98.49 332.62 77.61 84.35 0.420340
173.44 188.05 76.87 80.96 0.363908
386.31 229.46 35.55 47.22 0.354747
867.34 268.83 70.52 92.80 0.348489
48.17 128.21 57.88 78.01 0.336840
261.01 400.09 44.25 50.56 0.328422
704.26 164.04 42.91 48.46 0.320505
839.90 226.89 46.69 58.45 0.319524
207.88 203.14 55.24 75.61 0.319268
846.36 204.47 37.89 49.52 0.316836
1.89 154.99 45.89 98.07 0.316030
431.20 307.79 33.06 41.37 0.296383
330.42 362.57 27.27 38.10 0.291483
746.02 199.21 32.39 40.38 0.283498
796.59 207.60 33.67 39.47 0.280939
662.85 210.72 27.28 33.55 0.274458
234.86 396.50 55.90 78.85 0.274156
506.84 407.92 61.41 88.75 0.265432
291.77 206.55 48.27 57.06 0.264377
696.45 300.00 58.32 59.87 0.261744
200.46 416.17 50.51 65.97 0.261431
937.46 262.03 49.37 81.73 0.260587
12.95 133.71 52.28 89.70 0.258524
662.85 297.14 39.99 45.30 0.256023
83.85 105.74 41.86 97.42 0.251546
844.90 170.00 34.44 51.33 0.250839
789.77 222.03 41.78 52.08 0.248463
469.34 200.86 30.19 34.49 0.243786
515.06 362.88 45.25 53.58 0.240891
428.75 322.56 33.06 52.63 0.237528
519.56 206.90 23.00 28.58 0.233337
374.94 170.86 30.90 33.60 0.232179
482.31 328.23 39.30 51.55 0.231542
971.43 373.98 52.57 88.63 0.231037
381.93 371.28 29.08 33.94 0.227934
708.35 197.93 40.70 47.41 0.227568
557.99 275.78 30.85 40.47 0.227292
34.51 224.45 61.52 93.40 0.221262
246.59 307.41 36.24 41.82 0.220688
735.09 175.05 41.84 46.79 0.220413
615.34 208.82 24.83 29.65 0.217955
712.28 233.95 27.94 29.37 0.217557
318.53 200.26 42.49 53.32 0.214949
518.01 274.50 27.83 38.42 0.213081
840.47 244.20 79.15 95.86 0.212373
661.57 231.61 28.80 34.01 0.210582
555.06 341.61 48.26 57.15 0.207860
750.77 230.08 29.04 36.70 0.207568
337.26 296.90 37.31 46.66 0.206507
334.81 171.52 36.19 44.31 0.205437
39.22 171.74 64.25 82.02 0.204494
615.66 241.25 26.82 28.93 0.203610
569.40 239.46 24.78 32.08 0.202272
736.29 380.60 69.32 66.45 0.201548
570.69 176.59 23.59 27.52 0.201086
467.11 179.28 31.16 33.79 0.201040
663.48 280.81 32.00 41.31 0.200759
522.95 177.64 21.86 28.74 0.198219
435.53 179.25 25.70 29.67 0.194996
573.64 207.61 24.07 28.62 0.194951
216.93 226.08 56.91 85.62 0.194785
499.88 288.28 47.99 73.11 0.193701
382.33 253.94 33.26 45.93 0.193580
545.70 283.16 44.21 60.06 0.191824
618.23 177.77 19.80 25.17 0.190824
930.19 241.27 50.09 59.77 0.189829
594.83 359.63 46.63 55.94 0.188930
434.64 201.87 27.97 35.74 0.188371
955.14 283.35 57.65 78.72 0.187982
181.20 218.82 64.86 92.24 0.186604
115.35 256.67 82.68 105.58 0.186137
612.16 346.57 32.32 39.22 0.186100
876.06 179.37 45.03 72.71 0.185772
475.09 357.17 43.22 47.96 0.176893
929.19 366.75 71.80 85.13 0.175633
499.40 325.42 43.90 65.80 0.173827
742.84 297.56 42.34 47.34 0.173804
516.01 239.61 29.72 35.75 0.170048
149.85 309.74 74.55 96.04 0.169564
801.11 174.66 39.04 47.82 0.169415
336.10 141.73 33.87 34.82 0.168784
436.06 80.68 76.20 67.79 0.168685
660.85 320.23 42.18 51.40 0.163399
619.53 274.29 26.83 31.73 0.161507
933.10 150.65 48.33 65.10 0.161263
482.72 269.99 30.78 38.41 0.160857
791.23 260.43 43.37 55.73 0.160770
6.71 583.72 44.59 105.09 0.160751
427.42 238.50 26.10 33.37 0.160713
481.39 237.07 33.39 37.11 0.160575
287.64 333.87 29.99 51.20 0.160289
337.80 278.89 33.40 45.48 0.156802
243.86 323.29 37.96 51.73 0.154618
287.43 244.77 38.00 58.03 0.151352
83.47 160.66 59.76 84.53 0.151198
982.48 240.77 31.24 35.77 0.148659
754.98 276.91 31.43 42.15 0.148392
293.22 173.01 47.71 58.78 0.146744
433.26 278.76 27.26 33.61 0.145819
379.70 146.25 28.59 34.72 0.145586
456.45 115.12 47.78 57.78 0.143703
666.53 180.75 20.77 26.35 0.143474
59.46 334.23 80.99 86.17 0.141948
156.15 142.70 80.50 90.18 0.141672
721.19 329.05 76.99 68.56 0.139897
98.49 195.82 87.34 105.06 0.139748
430.10 124.01 60.37 56.15 0.139340
695.33 280.05 45.51 58.81 0.137231
293.63 130.85 48.46 40.36 0.137041
514.74 140.94 26.68 32.04 0.135162
619.88 302.56 33.89 44.40 0.134032
476.65 423.66 79.28 104.40 0.132759
422.65 355.82 36.85 50.90 0.129405
375.08 346.80 36.27 51.05 0.126795
377.12 300.92 31.34 43.70 0.126042
543.33 404.19 53.24 87.61 0.124680
923.03 176.29 57.08 74.17 0.124399
783.09 290.19 43.42 48.82 0.123597
839.05 139.01 37.50 45.17 0.119276
928.05 104.77 72.77 104.19 0.118521
734.15 147.12 43.92 43.98 0.118493
969.22 191.03 42.51 58.60 0.114034
286.49 305.57 33.65 49.57 0.112142
960.29 140.41 48.77 69.51 0.104042
496.78 470.08 64.87 79.02 0.101926
459.70 587.97 43.21 56.27 0.100760
516.29 637.34 65.41 49.00 0.099950
375.03 369.09 45.24 75.92 0.099784
474.00 393.02 73.47 86.51 0.099539
50.86 353.56 52.62 90.92 0.097709
80.01 68.96 62.71 104.91 0.096848
593.73 379.60 54.79 83.26 0.095279
972.35 633.68 42.03 48.06 0.093014
542.73 604.96 60.72 51.30 0.092993
195.10 643.22 37.30 38.91 0.092706
546.59 641.02 57.63 54.73 0.092153
570.35 148.96 21.08 23.37 0.091803
646.27 366.39 61.05 71.92 0.090648
383.84 70.81 65.56 52.14 0.089696
48.85 62.97 70.24 123.31 0.088705
797.63 141.33 36.85 39.85 0.087855
0.00 200.74 72.90 119.81 0.087574
332.31 637.88 47.53 51.04 0.085034
896.75 402.19 74.03 90.47 0.084511
414.31 381.74 46.08 64.35 0.084169
231.60 651.03 46.38 42.29 0.082957
687.59 360.59 92.70 107.03 0.082703
889.23 94.08 82.13 106.57 0.082628
885.37 314.56 59.12 104.37 0.081507
947.87 636.62 43.22 41.19 0.080947
514.25 585.95 58.47 60.89 0.079721
209.23 425.95 66.79 78.40 0.079280
370.76 647.15 30.80 35.77 0.077030
423.46 643.42 42.76 42.98 0.076476
616.57 147.57 21.70 25.36 0.074146
429.41 601.12 46.60 57.03 0.071100
278.43 647.89 38.86 43.52 0.069836
328.75 386.04 43.15 58.97 0.068970
660.04 436.81 30.36 53.02 0.067511
465.82 639.88 39.54 41.74 0.066657
228.45 135.51 58.57 73.23 0.066184
290.42 110.12 69.21 54.03 0.065510
362.66 599.63 39.19 55.16 0.065040
329.92 113.89 39.68 43.81 0.064883
340.05 597.09 44.28 58.52 0.064718
418.12 30.18 114.18 98.42 0.064500
672.80 428.19 66.44 87.68 0.064172
153.86 98.93 79.04 99.39 0.062696
129.58 98.91 68.52 113.06 0.061695
835.57 84.61 58.80 92.93 0.061422
956.98 0.00 59.80 49.70 0.061148
663.89 147.54 32.23 34.92 0.059062
8.89 46.24 71.03 124.90 0.058258
471.95 101.29 70.56 64.41 0.058183
905.94 29.84 104.59 144.14 0.057622
423.68 570.82 62.94 75.67 0.057617
113.81 362.98 72.90 120.95 0.056155
588.22 420.57 68.14 89.99 0.055217
274.60 434.56 51.14 76.59 0.055067
799.41 475.43 147.33 116.82 0.053915
407.10 391.17 84.38 124.42 0.053818
553.82 492.51 44.25 58.64 0.053657
174.77 45.07 54.61 83.60 0.052965
40.57 17.46 63.71 131.69 0.052578
663.68 537.13 58.42 60.54 0.052161
862.73 462.45 71.91 63.01 0.051723
513.54 534.83 48.64 49.49 0.051315
0.00 288.06 46.51 107.89 0.051246
491.12 632.02 108.84 88.06 0.050248
561.28 579.93 98.52 75.32 0.050095
