2_Demonstration_Demonstration_Or_Protest_2_158
217
9.48 191.35 38.49 56.21 0.391979
162.44 390.66 75.21 102.85 0.353863
175.39 219.50 41.86 50.14 0.349350
805.47 233.09 24.20 32.32 0.337044
517.29 191.34 47.30 52.49 0.322671
84.22 248.56 59.35 81.20 0.290084
993.26 216.90 28.93 49.65 0.269573
506.37 172.56 45.10 50.63 0.266885
153.49 205.87 43.88 53.35 0.262430
245.70 238.13 26.16 38.38 0.249551
855.86 227.33 32.43 40.73 0.239643
520.80 272.92 34.73 40.75 0.228186
713.24 369.54 25.99 33.10 0.221685
287.57 238.00 23.98 28.65 0.217704
621.03 70.29 26.27 35.50 0.215872
664.65 240.82 28.42 34.36 0.213106
517.98 229.75 48.89 46.66 0.205968
661.91 74.31 31.27 41.18 0.197031
129.46 293.32 55.09 71.02 0.191635
709.63 242.69 23.63 31.28 0.190894
805.27 346.59 26.85 35.77 0.189865
134.63 263.51 50.60 60.66 0.188806
801.18 216.17 26.53 37.90 0.187505
9.49 63.67 32.51 83.44 0.184602
876.59 223.82 35.31 48.44 0.183026
554.74 211.40 32.74 37.62 0.182801
705.54 270.16 31.83 42.76 0.182569
804.64 278.90 25.98 34.79 0.181221
841.21 301.81 26.04 33.56 0.181159
931.94 175.84 30.25 35.26 0.179263
845.41 347.84 24.26 32.62 0.178456
57.58 254.18 52.67 64.75 0.174769
800.94 358.07 35.96 47.00 0.173938
841.94 273.44 30.95 43.15 0.170292
382.80 240.57 23.03 28.45 0.169977
707.34 102.37 23.22 30.61 0.168547
96.92 211.61 34.09 53.84 0.168243
705.12 75.94 24.79 34.90 0.167977
663.38 93.21 29.12 37.22 0.164080
53.54 224.43 36.92 65.15 0.160282
758.54 275.25 24.02 29.51 0.158695
555.70 230.90 32.16 37.64 0.155439
623.40 168.62 20.93 29.46 0.155319
803.71 301.94 28.18 36.40 0.155134
659.19 263.63 35.42 47.91 0.153285
433.04 211.53 23.16 33.28 0.153278
433.83 243.72 24.33 33.17 0.153029
566.60 63.44 26.06 35.14 0.152472
757.60 242.15 20.30 29.22 0.149966
841.04 59.19 62.11 57.09 0.148432
933.42 192.44 32.86 44.26 0.148248
707.86 303.74 26.66 30.90 0.147161
938.16 410.47 24.37 28.87 0.146635
753.76 70.30 29.93 34.36 0.146121
475.49 212.31 21.71 36.97 0.144370
859.02 71.80 59.11 60.10 0.144060
846.72 136.42 31.96 38.84 0.141879
991.26 400.86 29.96 39.42 0.141816
992.84 478.32 30.16 43.24 0.140208
340.44 238.71 25.16 31.79 0.140060
617.31 93.16 20.81 32.34 0.139932
621.05 245.11 17.01 23.58 0.139826
288.17 132.44 38.56 44.23 0.139569
283.41 164.38 39.35 50.78 0.139296
848.31 369.82 30.41 41.56 0.136666
752.86 103.67 28.52 31.52 0.135576
170.73 240.50 52.50 61.91 0.135360
45.07 198.13 34.54 55.25 0.134968
622.18 147.74 18.78 25.79 0.134563
283.12 207.19 34.03 38.95 0.134329
560.93 291.47 45.72 59.02 0.132349
469.38 238.07 26.26 34.89 0.132205
667.44 216.75 21.49 27.25 0.132117
662.88 37.21 25.47 32.14 0.131899
752.74 140.22 27.01 30.28 0.126472
704.69 37.35 27.77 37.33 0.125816
710.07 139.51 24.10 33.59 0.125521
947.13 447.67 31.29 29.16 0.125143
889.43 379.47 26.06 33.29 0.124847
758.90 211.06 20.39 28.92 0.123949
427.86 156.97 43.89 56.65 0.123943
610.73 307.25 31.00 41.60 0.120480
123.68 310.39 75.89 110.23 0.119911
992.30 384.22 25.36 32.30 0.119361
805.35 171.91 23.14 33.52 0.117075
758.65 307.49 22.91 31.97 0.116624
982.17 437.12 39.41 51.57 0.116384
471.72 271.84 29.98 43.67 0.116114
621.77 213.55 17.92 24.71 0.115196
454.15 302.41 43.11 54.91 0.114883
189.20 177.04 32.63 48.48 0.113857
779.61 447.70 62.46 74.95 0.113306
848.29 448.96 50.64 53.45 0.113126
756.59 174.40 22.39 27.92 0.112514
0.00 14.15 40.98 111.91 0.112396
369.60 168.30 33.65 47.23 0.112175
617.38 271.17 23.94 37.27 0.112097
548.95 270.73 41.71 47.47 0.111823
620.97 41.90 28.36 37.94 0.111577
469.94 167.77 31.58 49.93 0.111436
144.27 181.94 35.51 50.75 0.110758
663.19 138.36 22.44 30.39 0.110359
376.16 207.25 29.64 37.48 0.109476
798.23 132.80 30.78 39.64 0.109022
652.57 373.28 29.51 39.46 0.108616
713.05 167.16 21.77 29.07 0.108401
321.23 27.03 37.15 49.00 0.107692
335.10 365.56 55.87 60.57 0.107095
665.15 169.93 18.23 26.64 0.106844
879.43 129.71 36.34 38.49 0.106757
571.49 1.48 22.83 25.39 0.106468
666.71 7.90 21.47 25.16 0.106029
888.51 168.22 31.83 46.01 0.105194
520.82 0.49 23.97 26.42 0.104424
846.10 158.90 30.50 44.59 0.103634
572.09 339.56 38.64 54.33 0.102564
663.82 303.41 23.57 30.10 0.102515
798.65 102.59 31.09 35.11 0.102472
751.13 37.46 34.54 38.80 0.102172
431.27 264.26 25.57 40.63 0.101650
48.38 646.94 44.56 48.75 0.101649
3.94 209.27 43.79 95.25 0.101180
47.20 178.02 29.37 43.44 0.101135
505.19 144.64 45.98 49.61 0.099709
988.83 247.75 35.17 66.91 0.099616
98.59 294.89 70.20 106.21 0.099416
801.02 72.95 31.87 33.60 0.098680
755.27 335.10 26.10 40.45 0.098669
433.08 309.60 36.67 54.57 0.098367
478.21 5.23 26.88 30.51 0.098260
235.50 249.34 33.65 47.97 0.097978
706.38 215.05 23.17 26.77 0.097831
848.66 406.03 39.42 43.40 0.097198
878.38 394.59 43.25 51.44 0.097115
320.13 137.16 40.37 46.24 0.096703
167.16 329.56 90.37 121.62 0.095574
704.80 6.03 27.52 23.74 0.094479
166.68 298.89 73.96 88.76 0.094058
839.57 466.05 63.59 66.55 0.093045
380.62 310.51 28.89 41.06 0.091831
318.45 373.22 113.25 136.19 0.088947
328.77 162.09 37.51 46.89 0.088132
568.77 100.42 27.39 33.11 0.088002
648.76 349.59 37.74 53.32 0.087733
422.32 133.93 46.37 59.64 0.087336
383.09 6.20 28.34 28.03 0.086796
880.91 256.08 33.65 44.05 0.086409
939.81 389.48 24.38 35.55 0.086050
317.89 52.65 44.11 50.77 0.085497
240.80 214.31 28.37 41.55 0.085306
524.55 66.00 28.81 36.94 0.084873
426.46 37.88 32.51 34.84 0.084719
928.41 482.80 40.89 46.45 0.084680
338.95 212.77 27.59 34.42 0.084572
593.59 341.26 50.58 59.75 0.084125
617.06 5.86 18.74 23.41 0.082872
377.55 22.73 35.82 47.13 0.082786
8.95 648.98 38.43 51.33 0.082281
925.42 505.95 42.68 40.18 0.081526
478.45 34.72 28.95 35.40 0.081226
372.84 136.40 35.56 57.12 0.081067
466.57 137.33 36.73 53.90 0.080902
562.33 180.96 27.70 34.54 0.080552
248.75 367.77 240.14 244.65 0.080517
749.18 449.93 42.79 53.53 0.080472
323.75 7.08 35.55 37.69 0.080186
562.81 42.65 30.47 43.35 0.080169
380.21 90.30 35.36 50.35 0.079994
424.63 335.25 48.86 65.09 0.079163
786.70 399.67 49.94 54.94 0.078848
423.20 5.56 30.58 28.15 0.076701
285.32 22.44 46.42 67.29 0.076440
387.85 268.66 23.04 33.95 0.076263
987.02 299.08 36.98 37.61 0.074847
939.75 307.90 40.47 39.77 0.074372
108.69 178.28 27.25 40.10 0.074349
793.47 34.73 41.06 36.74 0.073813
650.94 400.65 33.43 43.72 0.073333
991.45 174.59 29.65 44.51 0.073041
447.58 320.38 46.81 65.81 0.073033
927.19 223.93 46.16 50.97 0.072935
864.34 496.48 65.25 50.49 0.072579
936.20 91.27 42.23 41.71 0.071428
289.14 271.04 24.95 28.81 0.070744
5.00 468.22 71.67 93.22 0.070722
930.93 142.35 40.23 48.22 0.070693
516.21 41.47 33.36 41.38 0.070456
427.52 59.75 35.78 42.91 0.069034
757.74 377.07 24.70 36.06 0.068464
781.81 488.03 49.41 54.33 0.068439
890.31 352.21 24.84 30.55 0.067407
751.91 6.29 30.91 23.83 0.066275
46.74 284.96 66.03 115.44 0.066078
932.66 264.86 49.71 51.43 0.065590
472.42 59.87 31.00 45.62 0.065196
517.22 89.17 37.03 51.60 0.064655
896.92 309.29 18.99 24.14 0.064617
360.30 343.65 53.96 58.39 0.064434
757.02 400.65 25.93 38.03 0.064129
793.21 7.55 42.32 30.90 0.063915
565.52 136.80 27.99 33.98 0.062818
187.70 404.11 89.34 121.78 0.061313
198.79 144.61 35.56 39.94 0.060685
205.23 313.37 58.38 60.01 0.059634
410.65 91.70 65.24 82.71 0.059231
68.87 639.53 57.77 55.82 0.059192
242.35 171.71 26.84 43.54 0.059071
693.52 401.31 47.12 58.09 0.058753
746.65 548.17 39.18 29.77 0.058006
893.57 536.88 60.99 44.40 0.057408
987.98 336.52 36.02 54.15 0.057045
243.09 138.96 29.11 37.11 0.056586
987.70 539.28 35.55 43.70 0.055876
698.39 527.66 55.84 51.37 0.055814
364.25 68.22 49.84 58.77 0.053843
27.27 641.84 60.39 79.98 0.051900
41.72 138.42 31.04 47.00 0.051051
