31_Waiter_Waitress_Waiter_Waitress_31_304
41
89.16 133.67 215.08 254.12 0.8694
396.38 188.57 238.59 300.45 0.7874
698.09 144.41 240.56 260.51 0.7775
264.99 325.00 181.57 258.00 0.2281
72.56 51.04 97.03 99.10 0.1845
659.10 76.05 76.12 102.46 0.1466
176.09 421.24 128.73 161.76 0.1251
227.76 383.78 127.00 199.22 0.1170
146.71 56.15 96.82 87.21 0.1002
9.46 388.27 61.96 160.31 0.0964
312.73 0.00 353.76 263.19 0.0924
718.69 66.68 125.96 103.64 0.0863
753.49 325.35 185.65 228.72 0.0845
98.85 507.37 84.80 75.63 0.0841
557.63 122.27 56.39 63.88 0.0837
310.71 283.78 283.16 299.22 0.0832
407.60 477.29 76.76 105.71 0.0820
360.94 339.70 67.04 144.10 0.0818
620.13 85.39 87.57 121.55 0.0795
789.22 65.17 60.82 59.19 0.0775
669.99 82.64 152.80 155.36 0.0768
126.20 78.90 107.96 115.77 0.0751
62.12 0.00 147.25 137.47 0.0718
490.77 219.77 173.37 189.79 0.0636
958.15 374.54 65.85 112.32 0.0632
977.52 203.90 46.48 87.50 0.0627
277.55 495.25 138.31 87.75 0.0622
111.86 326.02 210.34 256.98 0.0607
7.49 329.53 69.27 143.39 0.0605
0.00 315.39 142.90 267.61 0.0599
853.25 286.16 157.38 236.37 0.0598
698.37 56.91 244.54 203.01 0.0571
123.36 0.00 159.68 137.87 0.0554
375.10 312.96 107.01 169.55 0.0544
0.00 44.88 37.12 78.30 0.0540
859.65 158.22 103.55 141.98 0.0537
82.65 84.38 115.22 151.10 0.0534
896.94 172.65 56.45 86.49 0.0528
345.60 111.76 264.83 257.99 0.0523
982.45 421.61 41.55 100.53 0.0522
38.11 49.25 57.60 93.09 0.0513
