31_Waiter_Waitress_Waiter_Waitress_31_465
86
280.41 253.54 109.91 156.88 0.8879
658.87 110.50 128.02 152.31 0.8610
239.78 333.98 407.56 665.54 0.2831
100.81 539.32 125.22 314.84 0.2762
508.34 239.03 255.68 553.67 0.2649
617.22 205.43 357.28 697.14 0.2520
557.86 109.75 289.21 529.54 0.2077
140.91 221.49 332.51 588.45 0.1380
619.84 395.50 239.35 405.82 0.1345
511.27 731.60 50.39 90.10 0.1334
913.38 823.79 50.97 103.27 0.1219
333.12 42.56 26.21 37.10 0.1193
996.85 315.00 24.62 62.67 0.1187
593.32 691.27 57.78 136.94 0.1169
513.58 381.90 126.21 340.76 0.1164
186.20 62.74 95.89 156.08 0.1095
250.12 8.01 165.56 236.37 0.1092
214.02 66.44 40.55 59.80 0.1075
554.76 724.98 64.74 200.57 0.1069
536.41 739.43 50.42 116.17 0.1066
450.68 750.40 74.61 96.70 0.1049
143.37 625.09 172.66 326.96 0.1047
328.94 58.86 34.43 58.21 0.1041
192.26 71.11 32.10 43.53 0.1014
372.52 637.62 166.83 234.58 0.0991
915.70 691.86 35.28 86.33 0.0973
912.37 721.41 51.70 158.52 0.0971
520.56 77.81 18.76 32.56 0.0968
196.42 82.89 64.76 87.31 0.0960
22.65 465.57 74.23 230.17 0.0957
7.53 365.47 153.98 421.30 0.0919
257.73 43.01 23.26 30.54 0.0900
357.85 681.46 113.21 149.89 0.0879
307.02 31.07 74.69 129.20 0.0873
456.10 521.04 158.56 341.67 0.0856
134.90 326.12 160.12 395.82 0.0855
332.93 6.46 24.23 34.39 0.0854
958.14 684.86 36.26 71.30 0.0847
705.26 155.54 175.21 258.50 0.0812
997.31 291.32 21.78 52.41 0.0802
988.17 691.97 28.79 68.34 0.0797
932.16 754.71 47.69 100.95 0.0789
142.21 64.19 31.94 52.35 0.0765
974.44 638.55 40.89 101.60 0.0757
27.54 398.25 54.84 164.44 0.0715
900.88 604.42 60.31 143.62 0.0709
255.51 238.46 174.38 249.19 0.0705
378.24 726.81 65.19 87.11 0.0701
227.96 37.62 29.82 38.78 0.0668
574.54 676.72 52.63 127.62 0.0665
564.06 654.40 108.73 289.75 0.0665
251.02 188.34 127.09 177.79 0.0660
884.69 593.29 45.54 110.88 0.0658
965.34 794.83 49.61 97.19 0.0654
188.78 111.01 118.31 182.31 0.0652
842.57 89.38 40.88 80.76 0.0648
518.60 94.39 28.00 56.55 0.0640
763.54 119.54 77.34 138.52 0.0640
247.65 68.78 38.47 54.68 0.0638
844.04 75.03 29.29 51.51 0.0634
123.85 713.39 95.65 252.40 0.0632
519.02 231.55 58.36 89.46 0.0631
527.79 177.78 67.47 112.68 0.0618
74.49 46.30 36.63 55.88 0.0610
430.79 227.02 59.20 131.62 0.0604
540.05 864.21 91.49 159.79 0.0603
837.31 299.70 135.97 365.90 0.0597
486.50 705.32 117.48 245.95 0.0596
707.70 56.12 105.50 151.04 0.0591
553.18 580.32 101.35 205.23 0.0590
149.84 46.58 23.68 37.36 0.0586
981.75 561.01 36.49 109.40 0.0571
483.37 69.42 20.53 38.65 0.0564
11.75 641.15 117.12 168.59 0.0562
932.26 564.78 65.84 178.93 0.0551
44.37 75.92 40.82 78.15 0.0544
185.43 285.17 214.04 343.90 0.0544
457.76 244.02 46.66 99.12 0.0543
957.60 295.52 23.85 42.83 0.0540
62.40 675.79 142.25 211.86 0.0537
40.87 33.63 47.88 81.54 0.0531
227.68 8.31 26.00 34.19 0.0528
825.74 155.89 62.19 115.21 0.0521
69.38 64.45 45.19 68.10 0.0506
559.73 195.42 118.30 156.87 0.0501
297.52 39.50 36.54 52.75 0.0500
