31_Waiter_Waitress_Waiter_Waitress_31_842
76
358.61 155.84 151.01 238.16 0.9047
789.65 567.84 77.31 171.15 0.3871
797.46 666.45 129.79 285.66 0.3638
835.87 951.10 50.54 138.52 0.1845
758.43 552.39 150.51 266.28 0.1716
550.09 672.79 82.58 131.93 0.1590
460.39 374.83 113.69 165.98 0.1451
1.02 1190.48 63.30 160.67 0.1434
459.04 629.10 62.76 66.94 0.1282
711.97 1067.42 63.36 127.88 0.1064
604.43 894.86 100.37 238.43 0.1057
841.59 799.21 117.78 285.59 0.1047
771.56 973.84 63.44 143.01 0.1026
227.82 509.79 73.97 156.27 0.1014
801.45 934.09 68.96 178.11 0.0997
221.99 287.88 74.55 157.91 0.0974
625.81 933.99 111.44 290.10 0.0956
481.25 706.89 71.68 98.62 0.0937
0.00 1140.98 46.34 142.70 0.0914
61.81 697.54 38.71 87.00 0.0910
723.35 950.56 66.40 139.70 0.0909
450.65 606.05 113.49 129.40 0.0897
183.58 489.95 97.66 207.96 0.0885
765.68 838.78 103.95 201.95 0.0864
431.43 633.32 68.25 87.35 0.0851
663.68 753.16 76.65 132.99 0.0847
440.20 670.77 56.53 72.97 0.0837
572.06 708.38 91.48 158.21 0.0826
716.18 717.03 49.03 90.76 0.0825
40.75 693.78 39.64 83.56 0.0793
453.26 656.08 76.73 103.92 0.0792
890.26 815.05 107.41 224.64 0.0788
221.36 373.44 61.60 124.33 0.0763
440.26 735.32 53.51 72.82 0.0755
215.77 181.59 173.68 247.65 0.0754
684.57 717.69 59.67 94.19 0.0751
640.75 728.44 53.77 98.25 0.0742
519.62 816.91 98.47 179.89 0.0731
853.94 669.94 90.36 154.52 0.0726
881.31 890.17 97.06 228.31 0.0705
95.88 1203.19 305.69 337.97 0.0692
535.15 601.93 122.30 235.12 0.0685
707.13 1170.67 67.36 130.47 0.0680
448.47 445.62 214.10 349.53 0.0666
214.77 438.94 57.67 126.52 0.0661
887.42 746.34 95.45 179.71 0.0656
826.27 596.48 92.42 198.66 0.0654
668.42 973.20 89.07 171.50 0.0654
0.00 1262.14 69.04 193.86 0.0653
157.36 713.31 214.89 394.27 0.0643
45.13 1179.52 65.91 141.73 0.0625
628.57 764.03 78.87 154.81 0.0620
131.70 1282.88 91.00 118.40 0.0585
61.67 866.82 65.52 148.90 0.0584
41.76 793.32 30.43 71.16 0.0575
252.23 525.05 123.67 197.08 0.0572
118.25 970.20 70.10 174.40 0.0571
29.75 850.33 35.58 87.93 0.0569
706.23 659.96 77.62 130.09 0.0568
26.56 889.27 44.46 120.24 0.0567
146.38 514.56 124.56 299.13 0.0563
706.67 582.92 126.62 215.91 0.0559
714.41 816.17 76.51 144.86 0.0556
35.04 1232.35 74.86 147.14 0.0555
623.46 822.90 82.67 171.96 0.0547
563.94 787.66 104.72 217.26 0.0543
63.89 844.11 42.58 103.10 0.0534
729.11 1086.32 78.38 195.95 0.0533
380.92 602.36 74.84 100.56 0.0532
454.09 729.35 86.01 133.15 0.0526
138.33 682.44 86.92 168.40 0.0520
446.35 350.86 185.72 275.11 0.0519
675.29 1076.75 90.06 196.20 0.0518
145.66 807.73 76.68 161.30 0.0507
0.00 1085.99 34.40 93.84 0.0503
438.27 285.88 117.40 172.41 0.0503
