12_Group_Team_Organized_Group_12_Group_Team_Organized_Group_12_211
14
382.15 187.65 351.92 201.14 0.9915
150.23 144.04 369.72 214.95 0.9895
608.19 171.21 415.81 181.71 0.9440
486.58 204.11 378.71 252.25 0.2406
65.43 148.60 111.21 114.27 0.1891
220.93 218.70 352.55 258.62 0.1148
82.63 158.11 164.67 247.41 0.0554
54.73 202.94 109.29 114.87 0.0444
144.26 229.21 205.06 270.28 0.0419
539.46 311.06 278.58 238.94 0.0334
479.21 128.74 544.79 146.79 0.0253
659.95 201.38 174.32 90.11 0.0228
362.07 258.51 365.56 280.46 0.0227
775.11 199.02 142.61 92.21 0.0201
