12_Group_Large_Group_12_Group_Large_Group_12_286
19
491.41 245.14 408.98 273.11 0.9948
264.27 132.57 354.41 208.22 0.9902
344.15 196.05 370.11 279.94 0.9159
146.70 169.12 370.38 277.39 0.5538
67.79 165.80 176.32 320.03 0.2482
301.42 291.23 356.79 336.13 0.1275
46.00 155.86 151.10 129.11 0.0939
73.86 128.53 416.94 180.64 0.0718
487.70 156.61 536.30 265.35 0.0386
172.65 294.75 320.61 365.68 0.0373
260.66 227.09 142.30 161.58 0.0354
636.05 88.81 153.37 93.34 0.0346
273.04 138.31 143.13 122.37 0.0285
558.85 249.06 133.62 130.53 0.0282
489.48 235.78 134.47 118.33 0.0281
173.72 185.99 107.97 154.69 0.0242
28.45 169.63 102.65 156.90 0.0233
449.44 318.66 334.88 385.91 0.0231
560.83 87.63 162.78 95.35 0.0221
