7_Cheering_Cheering_7_631
121
387.74 215.25 131.22 205.98 0.9258
138.68 1087.51 74.61 168.03 0.4490
706.60 319.66 86.16 136.90 0.3710
282.83 545.17 105.71 141.23 0.2284
68.77 715.05 35.21 71.39 0.1999
488.21 713.98 32.94 56.30 0.1898
156.66 1045.93 79.93 165.99 0.1882
169.95 752.32 78.84 131.21 0.1743
260.10 679.01 82.45 108.14 0.1617
273.78 911.98 67.63 100.04 0.1457
54.01 803.56 49.95 86.93 0.1392
205.76 462.53 181.89 232.14 0.1315
296.53 673.51 73.56 88.93 0.1261
38.15 767.32 47.67 88.84 0.1254
361.25 788.76 47.27 104.33 0.1253
659.95 322.17 63.81 124.33 0.1204
249.46 587.57 122.03 162.34 0.1134
51.89 1393.19 161.81 146.81 0.1110
735.81 309.50 142.11 181.94 0.1109
685.74 555.80 39.25 68.67 0.1108
0.00 1438.16 31.92 101.84 0.1099
96.93 746.73 56.39 117.60 0.1094
628.80 144.60 241.30 300.58 0.1076
435.36 442.50 91.30 179.93 0.1071
667.38 556.44 73.90 145.86 0.1062
639.04 569.93 81.67 202.26 0.1059
4.26 1087.87 34.69 101.87 0.1042
327.16 944.42 61.18 111.83 0.1039
643.61 535.78 52.72 103.11 0.1036
644.09 417.13 51.47 114.11 0.1030
59.45 292.86 334.05 414.26 0.1011
751.91 933.55 119.13 173.87 0.0988
33.31 840.57 46.63 84.02 0.0981
151.35 798.01 110.47 157.44 0.0964
178.40 1038.10 119.50 202.53 0.0962
4.47 854.81 35.59 76.23 0.0955
56.97 660.47 48.51 99.68 0.0946
271.66 1049.98 83.42 176.34 0.0929
487.15 723.85 52.54 90.85 0.0924
468.23 594.75 43.92 93.67 0.0920
1.14 1164.39 33.06 116.45 0.0897
149.80 699.83 97.76 132.42 0.0893
169.32 1131.38 90.07 142.61 0.0891
258.63 725.18 80.98 147.82 0.0888
54.89 837.39 51.98 95.52 0.0874
364.00 286.48 91.81 183.18 0.0873
328.36 996.81 63.37 127.51 0.0871
662.58 652.09 117.05 220.50 0.0846
357.80 1087.93 62.86 146.46 0.0841
314.50 1035.39 63.62 153.67 0.0840
494.37 667.19 47.03 98.67 0.0836
637.79 456.80 52.63 121.78 0.0809
367.67 792.14 70.42 142.81 0.0790
792.62 411.40 105.89 173.95 0.0780
765.71 547.49 36.93 90.62 0.0774
6.72 819.98 48.21 89.60 0.0765
797.13 514.23 81.98 126.30 0.0765
308.74 733.48 72.05 112.94 0.0762
148.09 967.30 98.57 124.94 0.0756
328.82 1113.41 71.77 142.06 0.0747
64.79 1270.41 45.15 95.28 0.0745
548.26 722.95 27.58 53.82 0.0743
60.47 487.09 231.59 228.75 0.0735
93.07 699.71 65.01 105.51 0.0726
210.20 702.98 64.82 122.81 0.0724
610.73 429.63 54.24 134.31 0.0709
615.13 663.64 67.33 118.01 0.0702
255.88 869.12 84.53 109.76 0.0691
326.36 751.29 72.82 142.54 0.0690
740.10 622.84 90.15 195.54 0.0689
646.94 1284.29 58.21 160.35 0.0688
426.06 569.01 63.25 118.06 0.0667
757.72 1135.45 66.48 156.44 0.0647
120.41 1153.72 77.87 129.69 0.0646
513.78 290.01 81.65 168.15 0.0644
295.88 449.46 109.37 173.56 0.0635
622.75 1165.27 62.96 119.92 0.0630
333.77 862.71 87.02 156.64 0.0629
473.39 479.64 83.08 144.90 0.0618
0.00 525.40 27.51 84.46 0.0614
711.24 541.64 79.94 182.25 0.0613
791.07 604.84 118.61 203.27 0.0611
780.74 1041.10 81.46 129.53 0.0603
501.58 577.66 55.84 117.35 0.0600
128.37 48.66 292.63 390.43 0.0600
735.41 451.50 88.74 167.58 0.0598
135.40 846.41 130.24 223.10 0.0589
728.44 539.10 43.33 82.40 0.0586
437.01 653.47 44.35 92.92 0.0583
41.23 1266.90 41.07 119.39 0.0580
388.74 479.40 78.52 155.06 0.0580
9.56 979.59 35.89 79.21 0.0579
326.07 622.12 72.14 101.29 0.0579
39.17 704.22 53.44 100.79 0.0574
459.59 1183.56 41.24 153.87 0.0573
0.00 1363.50 30.86 102.09 0.0569
338.48 935.94 113.48 177.53 0.0567
438.15 701.85 36.97 64.92 0.0562
0.00 1217.87 31.93 128.80 0.0557
328.98 845.90 65.27 95.33 0.0556
354.99 1006.32 87.91 178.98 0.0551
334.74 690.58 63.41 84.65 0.0548
534.10 377.66 81.60 138.95 0.0544
440.16 1254.81 42.51 161.71 0.0540
535.15 537.16 48.60 79.53 0.0539
240.05 946.39 79.98 112.70 0.0539
4.60 918.07 38.53 82.57 0.0538
375.63 541.33 78.90 165.72 0.0538
901.53 1030.49 45.68 81.29 0.0534
135.02 641.30 101.19 116.44 0.0532
573.73 1104.67 73.43 138.59 0.0532
285.37 360.39 125.81 196.86 0.0523
613.75 1073.97 87.46 168.17 0.0521
403.34 705.92 38.31 68.25 0.0516
387.66 624.99 51.23 109.21 0.0516
3.86 762.69 63.52 113.17 0.0510
825.33 632.10 148.05 207.97 0.0509
0.00 1293.09 31.65 106.21 0.0509
610.77 310.57 62.49 146.42 0.0508
579.72 543.07 39.37 72.00 0.0506
614.73 735.96 69.75 112.80 0.0505
