8_Election_Campain_Election_Campaign_8_412
200
291.41 562.58 46.85 62.47 0.5094
698.85 459.42 28.43 42.84 0.5021
814.79 141.66 23.30 33.22 0.4976
360.31 492.68 44.53 48.09 0.4838
876.82 354.68 36.59 39.84 0.4665
629.13 388.35 28.88 39.47 0.4662
332.91 402.00 40.23 50.23 0.4610
481.10 254.55 31.90 40.95 0.4581
428.77 420.68 34.93 46.31 0.4546
698.97 380.00 28.32 34.06 0.4467
649.30 424.48 32.76 50.83 0.4401
621.68 519.92 34.66 46.29 0.4339
810.58 424.99 26.76 46.09 0.4286
152.02 559.50 29.65 42.75 0.4269
621.63 297.30 24.46 31.57 0.4244
661.93 316.48 25.70 35.24 0.4206
845.63 315.92 24.14 34.73 0.4187
335.42 168.65 25.87 36.39 0.4165
517.78 98.73 24.36 32.30 0.4155
770.22 124.79 25.89 37.86 0.4151
4.68 342.31 36.93 54.12 0.4137
0.00 152.13 25.92 43.21 0.4115
139.71 306.08 30.62 42.76 0.4039
6.17 515.76 41.42 50.54 0.3944
113.47 361.36 26.79 37.94 0.3942
876.02 470.01 31.05 37.37 0.3897
488.32 575.48 28.90 37.52 0.3816
546.84 148.59 24.57 31.93 0.3776
973.77 542.71 40.72 41.83 0.3767
912.79 125.12 27.94 35.53 0.3754
988.97 318.76 32.93 46.18 0.3754
6.42 262.24 25.72 35.83 0.3748
724.81 503.64 32.11 43.77 0.3721
446.71 196.88 23.83 32.64 0.3683
230.16 72.35 20.25 25.57 0.3666
339.23 267.70 23.29 32.59 0.3660
83.19 527.68 27.41 38.65 0.3660
265.77 258.79 26.37 32.77 0.3610
84.07 194.12 31.85 43.55 0.3554
728.39 2.53 30.99 30.10 0.3550
340.04 486.85 47.00 49.57 0.3535
809.40 211.21 23.55 32.17 0.3508
994.47 48.87 24.49 35.46 0.3494
660.70 124.07 23.42 31.67 0.3488
921.25 513.34 28.55 38.16 0.3469
624.90 244.66 23.75 29.16 0.3451
74.90 332.55 30.06 38.21 0.3421
360.55 229.06 27.99 38.07 0.3400
560.31 220.15 32.09 38.20 0.3381
113.45 484.77 30.53 39.30 0.3363
47.09 99.21 27.30 33.18 0.3306
772.10 596.43 31.57 50.76 0.3303
259.87 534.79 37.94 63.73 0.3246
485.83 138.87 23.06 31.15 0.3235
378.82 600.14 33.48 41.68 0.3227
77.95 433.23 39.69 58.66 0.3195
803.05 356.71 26.87 33.61 0.3179
219.70 368.26 31.58 35.39 0.3165
252.53 173.86 25.65 35.37 0.3136
669.86 244.96 24.37 25.58 0.3096
85.38 136.54 30.34 35.18 0.3036
908.65 362.89 32.24 36.43 0.3022
773.57 450.25 27.96 34.34 0.3012
266.70 557.05 45.02 56.77 0.3003
478.24 414.13 32.30 41.48 0.2999
808.89 490.39 24.54 30.20 0.2983
181.76 403.70 26.60 32.87 0.2959
516.72 404.87 32.05 42.46 0.2956
229.98 126.05 24.94 30.73 0.2949
3.67 99.07 22.86 26.63 0.2945
440.48 100.35 20.83 25.59 0.2933
285.72 532.93 41.31 70.53 0.2928
701.52 166.59 23.73 31.46 0.2909
909.75 596.71 36.82 51.49 0.2898
445.84 140.11 20.57 30.91 0.2898
850.26 475.92 26.43 37.90 0.2898
775.12 313.00 24.88 32.22 0.2877
989.14 450.10 30.32 45.58 0.2856
355.52 402.65 38.68 50.66 0.2855
3.63 366.80 32.42 49.15 0.2811
119.55 376.20 26.61 39.04 0.2803
743.27 203.73 23.42 37.24 0.2799
228.36 526.94 30.67 48.36 0.2796
994.24 126.13 25.15 34.44 0.2792
524.03 342.30 23.43 31.28 0.2785
632.21 417.58 36.54 54.99 0.2771
193.72 100.11 21.60 25.60 0.2763
333.58 92.62 22.67 28.06 0.2758
308.59 580.84 43.43 51.09 0.2757
810.74 546.52 36.47 42.07 0.2756
227.38 430.08 29.20 36.93 0.2753
43.01 110.47 25.58 35.21 0.2751
156.84 75.79 19.27 21.90 0.2738
852.32 77.66 20.26 26.09 0.2734
78.29 267.59 23.66 26.49 0.2724
151.93 124.43 22.64 24.04 0.2722
84.31 77.63 20.69 25.56 0.2721
302.51 135.18 24.54 32.07 0.2719
551.26 408.95 29.83 31.66 0.2715
153.13 141.86 25.43 31.55 0.2711
814.52 123.45 19.70 31.87 0.2704
34.47 184.75 37.18 55.83 0.2701
981.08 269.17 32.17 39.21 0.2697
594.12 139.17 20.71 26.59 0.2692
921.23 197.92 19.04 23.39 0.2690
916.01 231.07 24.66 31.86 0.2689
582.46 590.56 40.23 63.40 0.2687
919.74 315.64 23.48 27.23 0.2678
222.16 497.56 27.87 44.59 0.2671
949.27 94.37 24.55 29.49 0.2669
91.14 188.57 45.16 56.57 0.2651
778.88 73.33 16.30 20.99 0.2633
959.77 456.82 39.59 52.09 0.2616
187.17 255.45 26.12 31.42 0.2599
377.08 191.70 21.80 28.25 0.2598
142.89 406.96 29.17 31.58 0.2589
701.74 205.93 26.53 35.38 0.2575
156.02 385.71 30.89 35.88 0.2560
337.26 77.57 19.94 24.97 0.2558
556.31 2.67 16.76 20.18 0.2554
372.65 50.95 19.19 24.02 0.2554
486.46 2.19 17.04 18.95 0.2554
189.75 452.58 26.63 35.09 0.2550
404.18 150.83 22.16 30.18 0.2549
121.06 99.99 22.10 22.85 0.2547
338.38 3.00 19.27 21.56 0.2543
943.58 393.43 34.14 45.59 0.2519
405.48 369.31 29.79 34.37 0.2500
633.57 101.15 19.80 23.02 0.2482
509.24 185.29 26.57 33.03 0.2471
5.96 71.02 22.05 27.21 0.2458
6.85 49.37 21.40 26.12 0.2458
295.01 49.61 20.84 23.98 0.2452
889.95 103.03 22.04 29.80 0.2451
841.40 626.33 29.09 35.97 0.2450
366.02 248.46 31.51 49.23 0.2444
847.59 583.98 31.41 32.12 0.2440
445.72 255.53 34.63 40.43 0.2433
517.92 485.96 30.64 42.95 0.2431
476.91 366.31 26.24 33.74 0.2411
446.93 560.47 34.29 36.77 0.2408
408.86 71.15 21.28 25.06 0.2408
956.51 429.76 34.22 44.74 0.2406
584.75 398.35 31.41 40.85 0.2403
36.87 384.06 28.00 38.23 0.2392
739.52 70.44 16.92 22.75 0.2386
195.01 161.11 24.77 31.02 0.2383
888.24 307.92 24.72 30.24 0.2381
121.70 400.58 30.70 39.92 0.2375
83.22 156.24 31.56 47.26 0.2357
302.07 169.14 19.76 25.11 0.2352
958.58 328.06 28.93 41.90 0.2346
514.68 177.43 22.46 25.61 0.2334
627.05 193.56 24.73 28.20 0.2332
704.01 522.86 37.71 52.02 0.2328
227.60 263.11 28.67 28.39 0.2325
849.09 89.29 22.73 31.66 0.2305
414.23 96.85 21.81 24.72 0.2303
104.53 549.61 36.28 45.40 0.2292
622.69 254.31 27.79 38.76 0.2282
439.38 122.51 23.70 28.60 0.2280
153.19 99.57 19.59 22.51 0.2272
449.80 378.19 31.31 37.30 0.2271
470.35 383.26 30.92 35.52 0.2270
664.40 172.81 22.62 29.52 0.2268
405.46 166.27 20.36 26.59 0.2268
375.81 101.75 17.29 20.31 0.2248
68.02 448.00 40.51 60.72 0.2242
560.25 101.59 20.98 29.14 0.2239
121.06 289.10 27.51 35.15 0.2238
448.89 172.00 21.79 23.49 0.2237
705.55 325.86 27.43 37.93 0.2236
688.40 576.94 31.64 39.96 0.2235
221.69 540.34 28.80 47.51 0.2230
81.08 416.07 34.13 45.25 0.2229
957.29 567.57 35.86 46.65 0.2228
849.79 116.07 21.53 28.42 0.2226
704.73 123.64 17.81 23.38 0.2223
775.94 292.23 26.05 37.27 0.2218
742.74 244.53 18.75 20.58 0.2206
450.26 319.10 24.13 32.20 0.2205
5.44 538.23 31.13 44.73 0.2204
736.74 360.48 23.17 32.11 0.2203
375.75 66.39 18.10 27.11 0.2203
703.77 75.61 17.47 22.14 0.2187
705.91 505.23 39.31 45.55 0.2181
413.30 3.47 20.58 22.66 0.2176
772.66 328.45 25.13 33.01 0.2161
377.00 3.83 15.93 17.14 0.2161
332.66 147.59 22.78 29.33 0.2157
662.86 295.62 24.10 31.91 0.2149
121.11 47.10 18.81 22.78 0.2148
101.34 159.60 37.33 41.88 0.2144
626.12 173.09 24.02 28.36 0.2141
543.73 582.30 49.77 67.49 0.2137
633.07 3.91 18.04 19.96 0.2131
300.91 72.82 17.82 21.59 0.2129
267.95 76.81 16.95 20.35 0.2125
593.40 99.78 16.28 21.25 0.2119
707.40 314.49 28.03 32.75 0.2111
