22_Picnic_Picnic_22_36
193
634.47 224.82 31.32 47.17 0.4393
104.82 503.54 71.18 82.65 0.4228
125.92 535.44 56.96 82.44 0.3906
465.41 434.26 32.98 41.64 0.3729
285.88 501.76 29.28 37.70 0.3700
612.16 318.58 39.70 61.03 0.3653
767.98 440.34 40.54 66.21 0.3443
186.10 486.46 27.18 39.87 0.3240
249.32 565.49 35.33 43.29 0.3122
710.41 282.80 27.30 41.09 0.2854
630.94 655.10 37.80 49.92 0.2781
183.45 547.31 41.10 58.27 0.2590
220.47 541.31 37.55 48.74 0.2527
511.14 584.00 31.63 39.33 0.2445
781.77 450.25 57.52 69.19 0.2432
267.64 510.71 34.14 34.11 0.2356
799.93 318.96 31.48 50.71 0.2311
217.95 683.63 42.50 57.37 0.2282
372.49 303.81 18.97 24.92 0.2141
175.92 495.40 40.50 51.04 0.2107
590.98 559.62 31.02 46.16 0.1982
799.11 287.65 29.88 51.76 0.1979
409.34 516.28 33.90 40.08 0.1922
331.96 571.21 31.97 32.66 0.1886
300.29 552.08 27.60 32.07 0.1832
443.60 467.29 49.72 61.51 0.1749
102.25 528.48 86.42 143.11 0.1732
579.12 589.61 35.94 42.09 0.1727
630.82 408.88 65.75 131.53 0.1702
451.05 439.00 40.87 58.69 0.1670
697.44 582.30 28.86 43.37 0.1616
325.11 553.80 36.01 32.99 0.1603
357.12 569.11 37.92 37.70 0.1568
454.58 485.99 52.54 69.51 0.1551
705.94 294.52 35.81 64.18 0.1540
612.45 316.55 58.62 108.70 0.1515
227.76 526.94 34.78 38.75 0.1507
629.38 408.91 40.91 79.62 0.1469
44.57 361.84 18.96 29.05 0.1467
580.49 657.86 45.32 56.71 0.1464
635.46 631.70 52.83 71.38 0.1391
545.32 326.99 27.91 39.25 0.1378
255.16 577.29 37.47 50.13 0.1378
369.91 517.52 24.23 31.42 0.1353
655.19 324.00 34.57 53.79 0.1329
542.17 561.54 34.51 49.51 0.1317
163.50 690.84 82.36 76.16 0.1281
179.79 578.39 42.41 63.21 0.1280
679.19 712.54 49.00 52.20 0.1270
574.04 617.03 42.34 54.74 0.1270
412.61 354.56 25.37 29.09 0.1263
403.75 528.61 32.54 41.35 0.1219
652.67 680.36 53.97 82.54 0.1210
914.95 574.77 25.41 30.07 0.1199
185.93 613.81 43.04 55.18 0.1199
621.95 668.90 44.46 78.36 0.1194
804.91 451.41 72.22 66.98 0.1193
361.82 549.88 32.90 31.37 0.1188
539.31 335.34 34.36 56.83 0.1180
77.12 591.06 87.78 132.85 0.1160
721.15 435.65 59.24 97.96 0.1147
553.99 586.40 35.32 50.06 0.1145
292.49 721.32 81.89 46.68 0.1139
374.39 319.95 18.23 31.97 0.1130
553.65 617.51 41.14 55.81 0.1110
33.14 372.06 27.61 39.18 0.1109
77.97 687.01 41.48 59.00 0.1098
209.38 620.42 47.68 52.94 0.1094
866.05 502.25 43.19 50.42 0.1085
143.45 468.41 58.27 78.91 0.1080
451.05 324.67 17.73 27.58 0.1080
281.04 601.62 39.60 35.23 0.1077
735.63 417.91 50.57 74.52 0.1029
481.54 557.11 39.01 60.49 0.1022
507.86 552.69 39.82 57.86 0.1010
391.83 570.60 38.69 41.72 0.1008
258.79 609.78 37.95 48.51 0.1006
408.70 484.54 46.61 54.90 0.1000
773.19 311.04 38.34 56.86 0.0996
917.23 600.89 26.83 31.78 0.0988
181.82 638.45 72.30 95.80 0.0978
372.83 280.24 21.02 34.31 0.0976
844.62 122.96 55.07 44.64 0.0968
374.98 496.31 20.71 31.44 0.0954
646.76 381.84 64.81 104.98 0.0952
284.22 616.50 39.78 44.90 0.0948
371.72 354.10 25.07 32.79 0.0942
452.33 309.42 17.29 27.40 0.0937
217.20 563.44 53.82 70.07 0.0937
524.30 347.17 37.84 46.02 0.0930
1.56 432.18 31.14 73.80 0.0917
408.44 436.36 54.64 68.41 0.0893
910.76 551.60 26.71 33.36 0.0887
499.84 583.47 59.96 95.68 0.0885
890.58 726.04 43.02 40.19 0.0884
687.34 624.74 39.16 46.24 0.0879
657.17 602.03 32.96 44.77 0.0874
694.83 309.39 46.23 85.39 0.0872
0.00 527.29 30.47 61.47 0.0866
39.54 617.36 48.32 83.60 0.0864
731.78 559.50 44.66 74.76 0.0860
873.27 537.65 40.82 47.17 0.0836
588.93 512.98 44.64 76.48 0.0835
76.67 648.41 69.90 101.89 0.0833
608.25 596.14 42.72 50.89 0.0832
607.77 468.08 52.90 118.17 0.0819
623.00 703.55 56.35 61.04 0.0812
522.29 324.99 26.32 38.34 0.0809
790.81 404.74 57.10 83.25 0.0804
683.85 63.02 41.09 44.46 0.0801
468.34 342.28 37.13 45.47 0.0789
553.18 654.29 51.51 67.79 0.0786
434.36 370.55 43.09 56.60 0.0779
631.44 70.31 31.99 40.22 0.0770
829.10 474.64 55.47 86.33 0.0768
783.32 370.07 57.46 64.02 0.0760
226.87 652.97 61.29 77.30 0.0759
331.42 514.89 31.33 36.99 0.0758
70.26 462.70 69.76 93.44 0.0747
807.88 121.20 111.24 81.10 0.0744
0.00 550.44 35.25 72.43 0.0743
439.38 349.05 30.47 37.61 0.0735
334.82 494.62 26.34 31.31 0.0730
607.34 534.91 40.31 57.69 0.0725
663.42 56.52 46.32 52.10 0.0721
639.26 290.75 54.40 79.95 0.0719
371.61 583.62 61.79 51.06 0.0712
324.25 574.19 45.97 53.77 0.0708
578.20 686.00 54.56 68.00 0.0688
873.48 559.43 43.25 53.77 0.0688
296.72 654.07 39.95 41.61 0.0683
42.82 524.94 41.79 63.54 0.0680
797.10 554.64 101.06 121.19 0.0664
841.00 85.58 41.57 53.54 0.0659
830.74 398.96 48.68 69.30 0.0658
754.55 356.23 63.72 85.14 0.0650
334.30 192.29 21.69 23.17 0.0645
903.38 709.39 43.13 52.38 0.0645
483.49 595.84 86.35 137.35 0.0641
14.87 428.38 57.47 92.31 0.0637
409.11 402.78 55.10 59.59 0.0636
588.99 417.49 81.25 145.79 0.0635
237.68 43.14 80.49 78.29 0.0633
550.94 301.18 30.07 55.86 0.0633
805.40 107.32 64.74 46.79 0.0632
410.13 364.81 40.52 47.57 0.0631
753.15 448.90 71.41 116.26 0.0631
25.59 380.70 40.55 65.78 0.0625
833.08 351.86 45.27 50.18 0.0624
517.16 297.02 26.77 42.85 0.0622
483.48 503.45 61.45 75.94 0.0622
452.90 357.43 64.63 99.17 0.0620
279.48 37.20 86.29 98.98 0.0613
827.20 520.13 63.40 93.01 0.0612
444.10 588.10 52.65 65.23 0.0612
104.73 654.23 103.63 113.77 0.0601
586.16 233.70 39.04 52.23 0.0582
587.03 375.91 50.04 104.14 0.0578
718.22 587.47 61.81 91.22 0.0577
907.25 621.85 38.81 46.95 0.0576
601.42 560.81 43.96 48.64 0.0568
543.78 38.04 32.96 65.43 0.0563
412.09 327.52 24.78 31.46 0.0562
472.45 207.30 30.50 66.12 0.0557
470.98 466.73 67.62 85.02 0.0557
659.51 410.87 74.65 157.14 0.0556
905.25 671.13 48.51 61.66 0.0555
989.00 725.17 35.00 42.83 0.0551
447.19 559.83 45.68 50.40 0.0549
837.86 724.88 40.07 41.86 0.0547
520.00 38.55 35.08 57.94 0.0544
8.88 375.52 39.63 54.35 0.0541
334.60 171.08 22.30 29.21 0.0541
372.58 618.16 67.13 57.29 0.0541
4.75 476.86 30.66 49.02 0.0540
43.65 221.70 23.97 23.88 0.0536
179.59 69.20 58.27 56.69 0.0534
811.81 172.73 136.34 107.92 0.0532
347.12 562.99 66.33 64.58 0.0530
841.49 612.48 46.57 74.29 0.0527
542.64 127.89 27.93 56.99 0.0526
3.65 394.03 35.03 68.39 0.0526
3.33 600.55 46.36 89.17 0.0521
878.44 591.33 42.38 58.29 0.0520
586.47 0.00 30.56 22.84 0.0513
877.18 140.27 78.75 102.26 0.0510
35.73 687.06 55.26 71.99 0.0510
747.36 569.11 61.86 95.49 0.0509
947.83 159.33 36.44 67.52 0.0508
645.66 533.76 54.44 81.56 0.0507
444.86 615.90 62.63 70.50 0.0504
519.90 187.95 37.73 79.20 0.0501
228.45 711.73 66.54 56.27 0.0500
