22_Picnic_Picnic_22_241
75
381.47 257.93 80.09 93.07 0.5004
356.00 87.33 82.20 103.07 0.4889
414.80 249.84 96.77 101.93 0.2850
227.86 278.68 56.90 87.39 0.2513
335.69 377.52 119.39 119.07 0.2375
728.53 314.18 95.96 92.64 0.2214
848.20 289.13 31.11 33.29 0.1872
500.73 275.70 75.42 59.37 0.1785
539.86 282.30 80.08 44.24 0.1682
314.87 330.19 107.46 111.68 0.1668
581.43 267.19 73.78 44.49 0.1605
881.42 367.88 24.53 30.67 0.1571
347.91 303.49 94.92 101.43 0.1433
304.11 134.03 161.50 158.40 0.1271
367.05 49.21 72.20 78.76 0.1260
402.89 419.60 81.39 60.50 0.1216
272.64 296.79 49.90 56.47 0.1216
389.87 364.01 104.18 96.03 0.1175
842.28 298.49 46.13 65.96 0.1156
194.97 241.99 67.30 96.71 0.1128
477.33 432.21 38.87 32.02 0.1109
451.73 288.67 77.30 80.48 0.0998
464.98 413.02 46.47 43.91 0.0986
543.00 281.12 128.29 87.38 0.0954
513.86 183.14 30.29 29.97 0.0942
682.73 256.16 85.51 76.33 0.0932
628.59 256.94 107.38 76.08 0.0924
286.41 340.81 70.69 71.87 0.0892
265.90 338.42 175.17 172.78 0.0867
377.67 186.81 115.89 144.93 0.0865
192.19 264.13 87.49 132.94 0.0861
765.22 347.60 67.29 63.91 0.0849
305.26 437.81 153.18 124.60 0.0839
505.95 439.60 37.68 24.32 0.0836
235.67 334.48 63.03 79.09 0.0770
479.44 451.00 42.73 32.55 0.0764
282.31 360.65 110.43 105.54 0.0763
260.93 245.22 81.38 107.24 0.0762
907.84 383.56 31.11 40.41 0.0748
839.73 369.07 51.19 64.90 0.0745
587.13 278.26 182.22 158.31 0.0741
404.07 323.74 88.28 96.82 0.0735
476.88 166.47 47.51 40.32 0.0731
514.44 302.07 89.35 63.01 0.0727
468.43 378.25 43.85 39.46 0.0704
315.13 305.12 48.35 49.42 0.0654
294.99 87.71 100.75 111.70 0.0646
416.87 76.44 115.82 131.58 0.0642
844.57 273.32 27.22 37.46 0.0642
869.80 341.12 36.04 51.83 0.0631
511.51 457.94 48.52 31.69 0.0620
58.15 35.65 166.51 164.70 0.0601
517.75 486.28 64.86 30.85 0.0594
471.79 354.05 44.40 45.16 0.0594
689.12 240.66 130.49 125.58 0.0594
222.78 502.87 97.14 67.14 0.0592
295.83 81.75 59.63 65.49 0.0588
857.46 310.50 43.96 64.76 0.0587
190.42 178.47 57.90 58.82 0.0584
546.64 468.35 44.76 24.66 0.0578
208.95 384.09 123.54 154.68 0.0575
126.74 507.18 99.39 92.94 0.0575
547.22 487.88 43.57 22.22 0.0559
509.73 244.58 94.14 76.42 0.0558
705.47 493.52 11.95 12.28 0.0551
264.72 192.75 117.25 113.60 0.0549
510.07 416.30 39.36 29.62 0.0546
193.42 206.16 68.12 86.99 0.0542
907.30 362.08 32.62 41.55 0.0528
669.78 517.65 12.51 13.87 0.0519
307.35 282.41 57.22 55.34 0.0516
479.25 480.55 57.74 38.72 0.0516
257.03 135.25 61.02 77.17 0.0514
581.68 488.88 29.44 18.52 0.0507
448.16 201.38 89.01 111.21 0.0502
