53_Raid_policeraid_53_43
200
927.89 0.00 81.03 82.81 0.1924
50.58 587.04 80.21 82.34 0.1922
50.59 643.01 80.21 82.30 0.1921
50.53 363.26 80.27 82.42 0.1921
50.53 475.12 80.24 82.44 0.1920
50.53 419.19 80.29 82.50 0.1920
50.58 167.49 80.23 82.43 0.1919
891.66 167.58 80.14 82.28 0.1918
50.49 223.42 80.33 82.45 0.1918
50.49 307.31 80.30 82.47 0.1917
489.11 167.33 80.61 82.78 0.1917
891.67 83.68 80.11 82.25 0.1917
562.19 363.08 80.68 82.77 0.1917
928.22 419.31 80.38 82.48 0.1917
928.14 223.46 80.51 82.60 0.1917
50.30 0.00 80.72 82.55 0.1917
525.68 167.24 80.72 82.87 0.1917
562.26 223.17 80.72 82.87 0.1917
50.51 531.03 80.30 82.42 0.1917
50.66 111.74 80.09 82.22 0.1916
854.83 391.01 80.62 82.81 0.1916
598.83 279.16 80.71 82.81 0.1916
854.83 335.09 80.71 82.81 0.1916
928.21 587.12 80.39 82.47 0.1915
854.61 0.00 81.13 82.78 0.1915
891.31 0.00 80.90 82.62 0.1915
635.40 279.07 80.73 82.91 0.1915
671.97 307.03 80.73 82.91 0.1915
708.54 307.03 80.73 82.91 0.1915
781.68 307.03 80.73 82.91 0.1915
635.40 334.99 80.73 82.91 0.1915
745.04 307.03 80.79 82.90 0.1915
452.54 111.37 80.73 82.90 0.1915
489.11 111.37 80.73 82.90 0.1915
928.20 363.32 80.41 82.56 0.1915
928.20 475.17 80.41 82.56 0.1915
928.20 531.10 80.41 82.56 0.1915
525.69 223.26 80.61 82.77 0.1915
562.26 307.15 80.61 82.77 0.1915
818.26 363.08 80.61 82.77 0.1915
562.19 419.01 80.68 82.77 0.1915
928.15 139.59 80.45 82.51 0.1915
562.26 167.20 80.70 82.93 0.1915
489.12 279.19 80.70 82.78 0.1915
525.69 279.19 80.70 82.78 0.1915
598.83 391.05 80.70 82.78 0.1915
598.75 530.75 80.72 82.98 0.1915
306.26 614.76 80.70 82.78 0.1915
562.25 530.75 80.74 82.99 0.1915
50.66 55.80 80.06 82.27 0.1914
86.59 0.00 81.16 82.77 0.1914
123.16 0.00 81.16 82.77 0.1914
525.45 0.00 81.16 82.77 0.1914
525.69 502.81 80.72 82.87 0.1914
708.47 223.13 80.78 83.01 0.1914
13.59 0.00 80.80 82.51 0.1914
928.14 83.66 80.51 82.51 0.1914
306.02 0.00 81.15 82.77 0.1913
342.59 0.00 81.15 82.77 0.1913
379.16 0.00 81.15 82.77 0.1913
781.45 0.00 81.15 82.77 0.1913
818.02 0.00 81.15 82.77 0.1913
452.54 223.23 80.62 82.81 0.1913
598.83 474.91 80.62 82.81 0.1913
342.83 614.73 80.62 82.81 0.1913
415.90 642.64 80.80 82.95 0.1913
708.48 391.02 80.68 82.80 0.1913
708.48 474.91 80.68 82.80 0.1913
598.83 335.09 80.71 82.81 0.1913
635.40 446.94 80.71 82.81 0.1913
745.12 474.91 80.71 82.81 0.1913
415.97 502.87 80.71 82.81 0.1913
379.40 530.84 80.71 82.81 0.1913
635.40 530.84 80.71 82.81 0.1913
671.97 530.84 80.71 82.81 0.1913
745.12 530.84 80.71 82.81 0.1913
379.40 586.77 80.71 82.81 0.1913
671.97 614.73 80.71 82.81 0.1913
452.48 446.94 80.77 82.81 0.1913
489.11 474.82 80.63 82.90 0.1913
854.75 474.82 80.71 82.97 0.1913
13.80 643.02 80.29 82.32 0.1913
562.05 0.00 81.13 82.78 0.1913
635.33 614.64 80.70 82.89 0.1913
781.61 614.64 80.70 82.89 0.1913
452.54 167.21 80.73 82.90 0.1913
489.11 223.29 80.64 82.76 0.1913
598.83 223.14 80.73 82.90 0.1913
671.97 251.10 80.73 82.90 0.1913
745.11 362.96 80.73 82.90 0.1913
781.68 362.96 80.73 82.90 0.1913
635.40 390.93 80.73 82.90 0.1913
671.97 390.93 80.73 82.90 0.1913
781.68 418.89 80.73 82.90 0.1913
562.25 474.97 80.64 82.76 0.1913
671.97 474.82 80.73 82.90 0.1913
781.68 474.82 80.73 82.90 0.1913
708.54 530.75 80.73 82.90 0.1913
415.97 558.71 80.73 82.90 0.1913
269.68 586.68 80.73 82.90 0.1913
598.83 614.64 80.73 82.90 0.1913
708.54 614.64 80.73 82.90 0.1913
525.61 642.61 80.80 82.97 0.1913
415.78 0.00 81.13 82.74 0.1913
818.19 279.07 80.79 82.90 0.1913
818.18 419.04 80.70 82.75 0.1913
452.47 502.78 80.79 82.90 0.1913
818.19 502.78 80.79 82.90 0.1913
452.31 0.00 81.16 82.76 0.1913
488.88 0.00 81.16 82.76 0.1913
598.62 0.00 81.12 82.76 0.1913
745.11 419.04 80.73 82.76 0.1913
781.69 530.84 80.73 82.90 0.1913
928.20 279.43 80.41 82.56 0.1913
854.76 530.74 80.69 82.99 0.1912
854.75 614.64 80.71 82.98 0.1912
635.40 111.29 80.74 82.99 0.1912
745.11 167.21 80.74 82.99 0.1912
781.68 195.18 80.74 82.99 0.1912
635.40 223.14 80.74 82.99 0.1912
745.11 223.14 80.74 82.99 0.1912
781.68 251.11 80.74 82.99 0.1912
489.11 335.00 80.74 82.99 0.1912
525.68 335.00 80.74 82.99 0.1912
489.11 390.93 80.74 82.99 0.1912
525.68 390.93 80.74 82.99 0.1912
489.11 614.64 80.74 82.99 0.1912
562.25 642.61 80.74 82.99 0.1912
818.25 642.61 80.74 82.99 0.1912
232.88 0.00 81.13 82.77 0.1912
708.31 0.00 81.13 82.77 0.1912
13.81 307.45 80.25 82.30 0.1912
13.81 559.12 80.25 82.30 0.1912
452.47 642.61 80.81 82.99 0.1912
233.04 642.75 80.81 82.84 0.1912
671.69 0.00 81.19 82.79 0.1911
13.77 195.57 80.30 82.33 0.1911
818.19 223.14 80.78 83.01 0.1911
891.65 223.48 80.11 82.26 0.1911
379.32 642.66 80.83 82.94 0.1911
379.39 474.84 80.65 82.89 0.1911
159.76 0.00 81.13 82.76 0.1911
635.19 0.00 81.13 82.76 0.1911
671.98 195.19 80.70 82.97 0.1911
452.55 279.20 80.70 82.75 0.1911
525.68 446.97 80.73 82.80 0.1911
525.68 83.34 80.74 82.89 0.1911
123.33 195.24 80.79 82.93 0.1911
159.91 195.24 80.79 82.93 0.1911
342.76 279.13 80.79 82.93 0.1911
233.05 390.99 80.79 82.93 0.1911
233.06 530.76 80.76 82.96 0.1911
342.82 558.73 80.74 82.89 0.1911
562.19 111.29 80.79 82.88 0.1911
854.73 111.29 80.86 83.00 0.1911
854.73 167.21 80.86 83.00 0.1911
13.82 503.23 80.20 82.22 0.1911
928.20 643.08 80.42 82.45 0.1911
123.41 83.34 80.70 82.84 0.1911
928.40 699.14 80.10 82.58 0.1911
196.34 0.00 81.10 82.78 0.1911
489.12 530.74 80.70 82.91 0.1911
744.88 0.00 81.16 82.78 0.1910
598.82 111.29 80.74 82.97 0.1910
598.82 167.23 80.76 82.98 0.1910
196.47 390.95 80.83 82.99 0.1910
635.32 167.23 80.82 82.97 0.1910
818.26 558.71 80.73 82.90 0.1910
269.67 642.78 80.76 82.84 0.1910
781.69 111.31 80.72 82.93 0.1910
415.97 446.90 80.74 82.93 0.1910
562.26 586.72 80.74 82.93 0.1910
745.10 642.63 80.77 82.97 0.1910
269.40 0.00 81.21 82.80 0.1910
708.54 167.21 80.71 83.00 0.1910
854.76 251.10 80.78 82.99 0.1910
452.47 390.94 80.79 83.00 0.1910
233.04 586.68 80.71 82.98 0.1910
452.47 586.69 80.79 83.00 0.1910
123.63 670.88 80.23 82.52 0.1910
708.75 670.80 80.30 82.63 0.1910
196.54 586.68 80.74 82.99 0.1910
745.11 586.68 80.74 82.99 0.1910
196.47 139.27 80.79 82.93 0.1910
13.83 391.34 80.22 82.25 0.1910
13.83 447.27 80.22 82.25 0.1910
891.75 671.08 80.02 82.03 0.1910
891.66 279.42 80.13 82.28 0.1910
525.70 558.73 80.69 82.95 0.1910
196.73 670.77 80.36 82.69 0.1910
306.44 670.77 80.36 82.69 0.1910
343.01 670.77 80.36 82.69 0.1910
599.01 670.77 80.36 82.69 0.1910
818.20 111.30 80.76 82.94 0.1909
269.60 167.25 80.81 82.94 0.1909
196.46 195.21 80.81 82.94 0.1909
233.03 195.21 80.81 82.94 0.1909
269.60 223.18 80.81 82.94 0.1909
306.17 223.18 80.81 82.94 0.1909
379.31 335.04 80.81 82.94 0.1909
