57_Angler_peoplefishing_57_880
109
120.33 270.41 31.19 40.32 0.6367
191.77 289.24 29.92 42.34 0.4996
829.04 353.71 60.80 36.26 0.2031
133.26 264.10 37.53 47.83 0.1635
429.41 262.56 33.37 38.50 0.1622
412.20 274.15 35.69 40.21 0.1478
405.74 287.38 39.06 48.72 0.1341
422.10 463.59 154.61 146.99 0.1216
155.46 441.14 20.54 28.23 0.1210
231.20 387.03 22.15 32.51 0.1154
862.50 545.34 100.38 81.27 0.1151
328.10 388.98 24.47 38.97 0.1077
85.54 352.18 23.71 37.31 0.0979
113.09 405.91 25.11 38.80 0.0977
333.98 441.75 23.31 35.20 0.0974
980.86 568.05 43.14 66.03 0.0962
189.14 431.98 21.26 33.35 0.0952
334.43 457.51 26.62 37.88 0.0947
957.61 403.36 23.11 31.01 0.0927
931.33 560.24 65.35 69.27 0.0925
835.10 350.94 80.01 69.26 0.0922
83.35 298.74 24.28 40.95 0.0909
498.32 338.61 315.06 230.20 0.0902
219.78 524.11 27.66 43.50 0.0887
83.49 324.79 22.76 39.54 0.0877
767.74 547.11 206.14 172.12 0.0871
46.90 351.37 18.05 28.99 0.0867
48.98 410.53 23.92 33.60 0.0864
372.09 471.49 29.27 36.65 0.0850
3.63 412.04 20.88 34.54 0.0839
299.03 382.27 21.34 31.23 0.0837
187.96 326.30 37.08 55.93 0.0833
154.22 456.85 22.37 32.81 0.0833
299.75 437.94 25.04 30.46 0.0811
779.72 492.84 180.02 138.25 0.0799
4.18 348.81 18.75 34.22 0.0795
144.33 310.17 33.63 55.63 0.0780
216.31 343.66 26.38 39.22 0.0773
397.15 458.07 47.11 48.58 0.0772
110.63 424.87 29.68 38.34 0.0757
112.39 307.80 34.51 58.79 0.0753
419.73 359.42 175.60 199.90 0.0750
227.20 466.23 20.14 29.57 0.0746
997.54 378.20 25.12 32.57 0.0741
6.66 301.77 19.81 29.20 0.0733
283.06 575.63 55.19 55.90 0.0732
296.97 404.50 25.44 35.53 0.0728
450.67 662.34 57.50 52.60 0.0727
284.92 558.95 93.55 80.86 0.0727
750.66 560.07 48.14 74.19 0.0723
294.57 457.28 32.10 47.28 0.0715
413.59 252.81 34.32 38.79 0.0713
205.21 319.24 36.92 44.76 0.0712
905.36 502.26 81.02 100.21 0.0703
5.25 379.49 19.64 32.59 0.0698
150.64 345.61 27.42 41.38 0.0683
190.97 461.42 24.08 32.14 0.0679
435.82 327.85 48.63 69.78 0.0678
106.10 383.57 29.24 41.97 0.0677
409.09 276.12 65.20 90.06 0.0670
108.27 345.03 30.19 44.11 0.0667
5.04 333.72 18.84 30.69 0.0665
185.42 408.42 24.57 36.97 0.0663
405.04 433.71 38.98 41.47 0.0661
326.39 563.50 101.51 80.69 0.0659
222.93 487.60 25.88 42.28 0.0653
201.35 295.40 40.16 50.10 0.0650
376.88 289.54 55.60 68.90 0.0643
552.16 383.10 38.08 41.62 0.0642
76.18 460.53 26.30 41.86 0.0642
928.48 464.84 61.83 88.80 0.0636
421.18 426.42 112.40 116.40 0.0634
297.45 491.28 29.26 39.84 0.0630
484.66 565.17 96.03 65.24 0.0626
155.59 408.08 23.06 37.20 0.0615
113.10 464.74 27.99 36.96 0.0614
262.87 403.00 22.75 35.60 0.0609
439.23 368.66 48.94 60.05 0.0608
278.51 544.33 52.57 68.59 0.0600
712.34 535.94 67.79 82.10 0.0599
988.25 598.71 35.75 62.77 0.0595
265.61 436.49 18.04 28.44 0.0595
85.24 269.92 26.99 40.83 0.0594
76.46 404.08 22.71 35.29 0.0593
461.57 404.33 185.22 202.49 0.0590
404.10 369.07 45.24 56.41 0.0588
296.49 512.96 32.52 39.56 0.0587
507.40 593.05 67.99 52.82 0.0575
933.71 581.98 74.96 93.10 0.0574
227.76 441.38 20.73 32.35 0.0568
436.94 531.74 113.19 85.21 0.0560
259.41 383.72 22.99 35.65 0.0558
63.21 517.20 197.62 194.67 0.0551
327.22 537.92 37.11 50.82 0.0541
950.85 427.17 37.02 50.34 0.0538
183.45 379.92 29.62 39.80 0.0532
796.83 367.39 84.89 79.26 0.0530
46.07 332.61 18.80 33.56 0.0530
500.00 384.17 44.55 40.38 0.0527
158.17 490.04 29.14 47.62 0.0527
398.86 320.02 52.40 78.80 0.0523
607.19 323.30 181.41 111.34 0.0523
995.17 394.44 28.83 47.93 0.0519
903.71 693.55 52.49 72.80 0.0516
83.89 372.47 23.19 37.86 0.0515
462.67 620.67 66.11 54.46 0.0515
404.43 399.93 46.98 60.61 0.0511
333.74 523.31 29.24 36.70 0.0505
333.99 487.63 29.05 35.65 0.0504
