39_Ice_Skating_iceskiing_39_529
19
379.11 106.56 377.38 213.92 0.5073
179.03 259.12 310.12 320.84 0.2274
461.36 273.92 324.13 332.44 0.1263
59.47 54.77 112.08 89.12 0.0793
560.08 120.57 463.92 164.75 0.0682
521.72 221.17 502.28 219.86 0.0554
111.81 236.15 181.43 336.00 0.0529
282.86 278.26 338.28 351.77 0.0479
274.60 60.64 137.24 97.26 0.0285
148.71 365.04 208.58 275.96 0.0283
296.43 72.27 385.46 162.41 0.0276
292.07 39.79 151.22 68.69 0.0261
707.48 270.50 146.56 100.28 0.0240
479.46 80.76 426.32 153.49 0.0240
650.68 44.44 168.26 61.28 0.0232
77.44 79.40 99.26 143.18 0.0230
121.49 45.09 379.58 136.13 0.0222
23.90 35.66 70.54 103.84 0.0216
406.95 189.43 426.07 213.47 0.0215
