12_Group_Large_Group_12_Group_Large_Group_12_527
200
928.07 1262.84 80.60 162.38 0.1920
927.95 0.00 80.99 162.65 0.1919
50.47 878.42 80.34 161.78 0.1919
50.53 1098.04 80.27 161.88 0.1919
50.53 1207.90 80.27 161.88 0.1919
891.66 768.59 80.14 161.61 0.1918
50.49 988.14 80.33 161.95 0.1918
50.63 329.26 80.12 161.58 0.1918
50.59 494.02 80.16 161.63 0.1917
891.58 1207.96 80.25 161.72 0.1917
306.26 163.89 80.61 162.59 0.1917
891.60 658.73 80.17 161.54 0.1917
891.60 1098.16 80.17 161.54 0.1917
928.14 658.63 80.51 162.25 0.1917
928.14 768.49 80.51 162.25 0.1917
928.14 933.28 80.51 162.25 0.1917
928.14 1043.13 80.51 162.25 0.1917
928.14 1152.99 80.51 162.25 0.1917
50.30 0.00 80.81 162.16 0.1917
50.66 219.49 80.09 161.50 0.1916
50.66 603.99 80.09 161.50 0.1916
50.63 109.47 80.16 161.69 0.1916
196.30 0.00 81.18 162.58 0.1916
708.54 328.62 80.71 162.67 0.1916
891.66 988.32 80.10 161.56 0.1916
159.69 0.00 81.22 162.60 0.1916
635.12 0.00 81.22 162.60 0.1916
671.69 0.00 81.22 162.60 0.1916
928.21 164.53 80.40 161.98 0.1915
928.21 274.39 80.39 161.99 0.1915
50.57 713.78 80.18 161.63 0.1915
342.82 163.65 80.73 162.85 0.1915
781.68 218.58 80.73 162.85 0.1915
342.82 273.51 80.73 162.85 0.1915
415.97 328.44 80.73 162.85 0.1915
452.54 383.37 80.73 162.85 0.1915
232.83 0.00 81.19 162.64 0.1915
488.78 0.00 81.27 162.63 0.1915
708.21 0.00 81.27 162.63 0.1915
744.78 0.00 81.27 162.63 0.1915
781.36 0.00 81.27 162.63 0.1915
891.43 0.00 80.77 162.22 0.1915
269.69 163.90 80.61 162.59 0.1915
525.69 603.33 80.61 162.59 0.1915
489.05 548.40 80.68 162.58 0.1915
708.55 163.90 80.70 162.60 0.1915
123.07 0.00 81.25 162.67 0.1915
452.47 218.59 80.81 163.01 0.1915
489.04 218.59 80.81 163.01 0.1915
50.70 1317.98 80.00 161.61 0.1914
269.45 0.00 81.16 162.58 0.1914
342.59 0.00 81.16 162.58 0.1914
379.16 0.00 81.16 162.58 0.1914
415.73 0.00 81.16 162.58 0.1914
598.59 0.00 81.16 162.58 0.1914
671.97 163.72 80.72 162.78 0.1914
891.64 878.42 80.13 161.58 0.1914
305.98 0.00 81.22 162.61 0.1914
452.26 0.00 81.22 162.61 0.1914
525.40 0.00 81.22 162.61 0.1914
561.98 0.00 81.22 162.61 0.1914
817.98 0.00 81.22 162.61 0.1914
342.83 493.29 80.74 162.95 0.1914
415.97 493.29 80.74 162.95 0.1914
928.18 548.81 80.42 162.17 0.1913
635.40 328.62 80.71 162.66 0.1913
452.55 493.41 80.71 162.66 0.1913
525.69 493.41 80.71 162.66 0.1913
891.66 548.90 80.11 161.55 0.1913
269.69 603.26 80.71 162.66 0.1913
452.55 658.19 80.71 162.66 0.1913
489.12 658.19 80.71 162.66 0.1913
123.33 273.69 80.77 162.65 0.1913
671.91 273.69 80.77 162.65 0.1913
598.76 328.62 80.77 162.65 0.1913
928.21 384.25 80.40 161.98 0.1913
13.78 1098.19 80.29 161.68 0.1913
86.50 0.00 81.25 162.64 0.1913
379.40 163.66 80.73 162.84 0.1913
562.26 163.66 80.73 162.84 0.1913
598.82 163.95 80.64 162.55 0.1913
196.54 218.59 80.73 162.84 0.1913
233.11 218.59 80.73 162.84 0.1913
635.40 218.59 80.73 162.84 0.1913
745.11 218.59 80.73 162.84 0.1913
818.26 218.59 80.73 162.84 0.1913
269.68 273.51 80.73 162.84 0.1913
306.25 273.51 80.73 162.84 0.1913
379.40 273.51 80.73 162.84 0.1913
562.26 273.51 80.73 162.84 0.1913
525.68 328.44 80.73 162.84 0.1913
745.11 328.44 80.73 162.84 0.1913
781.68 328.44 80.73 162.84 0.1913
818.26 328.44 80.73 162.84 0.1913
196.47 383.38 80.80 162.97 0.1913
306.25 383.37 80.73 162.84 0.1913
379.40 383.37 80.73 162.84 0.1913
489.11 383.37 80.73 162.84 0.1913
562.26 383.37 80.73 162.84 0.1913
306.25 548.16 80.73 162.84 0.1913
379.40 548.16 80.73 162.84 0.1913
233.11 603.09 80.73 162.84 0.1913
342.83 603.09 80.73 162.84 0.1913
415.97 603.09 80.73 162.84 0.1913
562.26 603.09 80.73 162.84 0.1913
306.25 658.01 80.73 162.84 0.1913
379.40 658.01 80.73 162.84 0.1913
342.83 712.94 80.73 162.84 0.1913
415.97 712.94 80.73 162.84 0.1913
415.97 822.80 80.73 162.84 0.1913
525.62 163.66 80.79 162.83 0.1913
854.76 273.51 80.79 162.83 0.1913
671.90 383.37 80.79 162.83 0.1913
598.76 438.30 80.79 162.83 0.1913
562.19 493.23 80.79 162.83 0.1913
379.33 767.87 80.79 162.83 0.1913
452.47 767.87 80.79 162.83 0.1913
159.97 163.95 80.73 162.56 0.1913
13.97 1318.31 79.97 161.04 0.1913
635.40 108.73 80.74 163.01 0.1912
635.33 438.29 80.76 162.88 0.1912
525.62 712.93 80.76 162.88 0.1912
306.25 767.88 80.74 163.01 0.1912
489.11 767.88 80.74 163.01 0.1912
415.90 218.59 80.81 163.00 0.1912
159.90 273.52 80.81 163.00 0.1912
233.04 328.45 80.81 163.00 0.1912
86.76 383.38 80.81 163.00 0.1912
854.76 383.38 80.81 163.00 0.1912
269.69 712.98 80.72 162.92 0.1912
123.33 383.37 80.78 163.05 0.1911
159.92 383.40 80.76 162.95 0.1911
86.82 548.20 80.74 162.82 0.1911
196.54 658.02 80.72 162.81 0.1911
781.62 822.92 80.79 162.89 0.1911
452.49 877.76 80.76 162.95 0.1911
781.62 987.70 80.79 162.89 0.1911
818.19 1042.63 80.79 162.89 0.1911
86.76 1097.56 80.79 162.89 0.1911
123.32 548.20 80.80 162.81 0.1911
196.47 548.20 80.80 162.81 0.1911
123.33 712.95 80.79 162.80 0.1911
13.76 933.37 80.36 161.84 0.1911
598.80 987.63 80.78 162.95 0.1911
13.56 0.00 80.83 162.01 0.1911
306.18 1042.45 80.82 163.05 0.1911
379.32 1042.45 80.82 163.05 0.1911
233.10 438.35 80.76 162.99 0.1910
818.18 603.14 80.83 163.02 0.1910
854.75 603.14 80.83 163.02 0.1910
159.91 712.94 80.76 162.84 0.1910
708.47 822.85 80.83 163.02 0.1910
745.04 877.78 80.83 163.02 0.1910
708.47 987.64 80.83 163.02 0.1910
745.04 987.64 80.83 163.02 0.1910
854.75 987.64 80.83 163.02 0.1910
415.90 1097.49 80.83 163.02 0.1910
598.75 1097.49 80.83 163.02 0.1910
671.90 1097.49 80.83 163.02 0.1910
745.04 1097.49 80.83 163.02 0.1910
781.61 1097.49 80.83 163.02 0.1910
854.75 1097.49 80.83 163.02 0.1910
269.61 1152.42 80.83 163.02 0.1910
306.18 1152.42 80.83 163.02 0.1910
452.47 1152.42 80.83 163.02 0.1910
489.04 1152.42 80.83 163.02 0.1910
525.61 1152.42 80.83 163.02 0.1910
635.32 1152.42 80.83 163.02 0.1910
818.18 1152.42 80.83 163.02 0.1910
86.75 1207.35 80.83 163.02 0.1910
233.04 1207.35 80.83 163.02 0.1910
415.90 1207.35 80.83 163.02 0.1910
708.47 1207.35 80.83 163.02 0.1910
781.61 1207.35 80.83 163.02 0.1910
854.75 1207.35 80.83 163.02 0.1910
452.47 1262.28 80.83 163.02 0.1910
562.18 1262.28 80.83 163.02 0.1910
598.75 1262.28 80.83 163.02 0.1910
635.32 1262.28 80.83 163.02 0.1910
671.90 1262.28 80.83 163.02 0.1910
745.04 1262.28 80.83 163.02 0.1910
818.18 1262.28 80.83 163.02 0.1910
233.03 108.77 80.82 162.98 0.1910
342.83 383.38 80.73 162.84 0.1910
86.83 658.02 80.73 162.84 0.1910
671.86 987.61 80.87 163.07 0.1910
635.28 1042.53 80.87 163.07 0.1910
342.71 1152.39 80.87 163.07 0.1910
196.43 1207.32 80.87 163.07 0.1910
379.28 1207.32 80.87 163.07 0.1910
123.28 1262.25 80.87 163.07 0.1910
159.86 1262.25 80.87 163.07 0.1910
269.57 1262.25 80.87 163.07 0.1910
306.14 1262.25 80.87 163.07 0.1910
342.71 1262.25 80.87 163.07 0.1910
489.00 1262.25 80.87 163.07 0.1910
525.57 1262.25 80.87 163.07 0.1910
891.79 1318.16 79.94 161.18 0.1910
635.36 603.19 80.71 162.80 0.1910
342.76 822.88 80.80 162.89 0.1910
