12_Group_Large_Group_12_Group_Large_Group_12_107
200
927.91 0.00 81.04 72.23 0.1925
50.59 390.14 80.21 71.79 0.1921
50.59 146.21 80.17 71.77 0.1920
50.58 219.36 80.21 71.82 0.1920
50.59 560.88 80.19 71.80 0.1920
50.53 72.95 80.22 71.82 0.1919
50.53 268.09 80.27 71.89 0.1919
50.63 438.94 80.12 71.75 0.1918
50.63 487.72 80.12 71.75 0.1918
452.33 0.00 81.26 72.23 0.1917
488.90 0.00 81.26 72.23 0.1917
598.61 0.00 81.26 72.23 0.1917
635.18 0.00 81.26 72.23 0.1917
671.76 0.00 81.26 72.23 0.1917
818.26 145.96 80.61 72.20 0.1917
818.26 194.75 80.61 72.20 0.1917
379.33 365.50 80.68 72.20 0.1917
525.46 0.00 81.28 72.23 0.1917
562.04 0.00 81.28 72.23 0.1917
50.51 316.85 80.30 71.89 0.1917
928.21 341.29 80.40 72.02 0.1917
781.69 72.78 80.72 72.28 0.1916
745.16 194.75 80.56 72.19 0.1916
379.40 145.93 80.62 72.23 0.1916
269.69 170.33 80.71 72.24 0.1916
854.83 170.33 80.71 72.24 0.1916
233.11 194.72 80.71 72.24 0.1916
379.40 414.25 80.71 72.24 0.1916
415.97 438.65 80.71 72.24 0.1916
928.11 560.78 80.58 72.11 0.1916
415.75 0.00 81.13 72.21 0.1915
708.32 0.00 81.13 72.21 0.1915
891.31 0.00 80.90 72.07 0.1915
818.25 97.07 80.73 72.32 0.1915
306.25 145.85 80.73 72.32 0.1915
306.25 194.64 80.73 72.32 0.1915
306.25 267.82 80.73 72.32 0.1915
196.54 292.21 80.73 72.32 0.1915
233.11 341.00 80.73 72.32 0.1915
196.54 365.39 80.73 72.32 0.1915
269.68 414.18 80.73 72.32 0.1915
708.54 487.35 80.73 72.32 0.1915
745.11 487.35 80.73 72.32 0.1915
818.25 487.35 80.73 72.32 0.1915
781.68 536.14 80.73 72.32 0.1915
818.25 536.14 80.73 72.32 0.1915
781.45 0.00 81.16 72.21 0.1915
342.76 145.85 80.79 72.31 0.1915
269.61 267.82 80.79 72.31 0.1915
306.18 414.18 80.79 72.31 0.1915
452.47 438.57 80.79 72.31 0.1915
196.26 0.00 81.19 72.22 0.1915
232.83 0.00 81.19 72.22 0.1915
817.98 0.00 81.19 72.22 0.1915
415.97 121.54 80.73 72.31 0.1915
379.54 585.09 80.43 72.12 0.1915
928.20 97.38 80.41 72.02 0.1915
928.20 268.13 80.41 72.01 0.1915
928.20 414.49 80.41 72.01 0.1915
525.69 121.57 80.61 72.20 0.1915
708.55 121.57 80.61 72.20 0.1915
745.12 121.57 80.61 72.20 0.1915
781.69 145.96 80.61 72.20 0.1915
598.83 219.14 80.61 72.20 0.1915
342.97 585.09 80.52 72.12 0.1915
708.55 243.53 80.70 72.21 0.1915
379.41 463.07 80.70 72.21 0.1915
672.02 194.72 80.56 72.22 0.1915
342.82 292.21 80.74 72.39 0.1915
269.68 316.61 80.74 72.39 0.1915
233.11 414.18 80.74 72.39 0.1915
745.11 414.18 80.74 72.39 0.1915
159.96 462.96 80.74 72.39 0.1915
306.25 462.96 80.74 72.39 0.1915
525.68 462.96 80.74 72.39 0.1915
671.96 462.96 80.74 72.39 0.1915
781.68 462.96 80.74 72.39 0.1915
525.68 536.14 80.74 72.39 0.1915
562.25 536.14 80.74 72.39 0.1915
306.18 97.07 80.81 72.39 0.1915
781.61 341.00 80.81 72.39 0.1915
854.75 414.18 80.81 72.39 0.1915
489.04 438.57 80.81 72.39 0.1915
196.47 462.96 80.81 72.39 0.1915
233.04 462.96 80.81 72.39 0.1915
415.90 487.36 80.81 72.39 0.1915
452.47 194.67 80.69 72.28 0.1914
50.25 0.00 80.91 72.10 0.1914
13.82 316.94 80.22 71.80 0.1914
13.52 0.00 80.89 71.91 0.1914
269.62 97.07 80.78 72.41 0.1914
928.18 512.02 80.44 72.05 0.1914
781.73 194.77 80.67 72.18 0.1914
159.73 0.00 81.15 72.20 0.1913
379.16 0.00 81.15 72.20 0.1913
744.88 0.00 81.15 72.20 0.1913
452.54 121.54 80.62 72.23 0.1913
489.11 121.54 80.62 72.23 0.1913
196.54 170.33 80.62 72.23 0.1913
379.40 194.72 80.62 72.23 0.1913
196.54 219.11 80.62 72.23 0.1913
635.57 585.13 80.49 72.09 0.1913
86.55 0.00 81.19 72.21 0.1913
269.41 0.00 81.19 72.21 0.1913
305.98 0.00 81.19 72.21 0.1913
854.55 0.00 81.19 72.21 0.1913
379.33 316.69 80.68 72.23 0.1913
416.02 365.50 80.65 72.19 0.1913
598.97 585.09 80.43 72.10 0.1913
854.97 585.09 80.43 72.10 0.1913
671.97 97.15 80.71 72.24 0.1913
159.97 170.33 80.71 72.24 0.1913
489.12 194.72 80.71 72.24 0.1913
159.97 243.51 80.71 72.24 0.1913
671.97 267.90 80.71 72.24 0.1913
342.83 341.08 80.71 72.24 0.1913
233.12 511.83 80.71 72.24 0.1913
489.26 585.09 80.52 72.11 0.1913
525.83 585.09 80.52 72.11 0.1913
562.40 585.09 80.52 72.11 0.1913
928.21 195.03 80.40 71.93 0.1913
745.11 267.82 80.63 72.31 0.1913
342.54 0.00 81.21 72.21 0.1913
854.81 462.98 80.76 72.38 0.1913
635.39 121.59 80.64 72.19 0.1913
854.83 121.46 80.73 72.32 0.1913
233.11 145.86 80.73 72.32 0.1913
562.25 170.38 80.64 72.19 0.1913
598.82 170.38 80.64 72.19 0.1913
342.83 194.64 80.73 72.32 0.1913
269.68 219.03 80.73 72.32 0.1913
525.68 219.03 80.73 72.32 0.1913
562.26 219.03 80.73 72.32 0.1913
233.11 243.43 80.73 72.32 0.1913
598.83 267.82 80.73 72.32 0.1913
781.68 267.82 80.73 72.32 0.1913
818.26 267.82 80.73 72.32 0.1913
708.54 292.21 80.73 72.32 0.1913
306.25 316.61 80.73 72.32 0.1913
745.11 316.61 80.73 72.32 0.1913
671.97 341.00 80.73 72.32 0.1913
708.54 341.00 80.73 72.32 0.1913
269.68 365.39 80.73 72.32 0.1913
306.25 365.39 80.73 72.32 0.1913
342.83 389.78 80.73 72.32 0.1913
781.68 414.18 80.73 72.32 0.1913
818.26 438.57 80.73 72.32 0.1913
342.83 462.96 80.73 72.32 0.1913
562.17 462.98 80.82 72.38 0.1913
452.54 511.75 80.73 72.32 0.1913
489.11 511.75 80.73 72.32 0.1913
123.40 536.14 80.73 72.32 0.1913
159.97 536.14 80.73 72.32 0.1913
269.68 536.14 80.73 72.32 0.1913
306.25 536.14 80.73 72.32 0.1913
598.83 536.14 80.73 72.32 0.1913
635.40 536.14 80.73 72.32 0.1913
671.97 536.14 80.73 72.32 0.1913
708.54 536.14 80.73 72.32 0.1913
745.11 536.14 80.73 72.32 0.1913
342.76 243.43 80.79 72.31 0.1913
196.47 536.14 80.79 72.31 0.1913
379.33 536.14 80.79 72.31 0.1913
415.90 536.14 80.79 72.31 0.1913
525.68 170.38 80.73 72.19 0.1913
928.20 48.60 80.41 72.02 0.1913
928.21 146.17 80.41 72.01 0.1913
13.82 390.22 80.23 71.71 0.1913
928.21 463.27 80.41 72.01 0.1913
745.11 72.68 80.74 72.39 0.1912
379.40 97.07 80.74 72.39 0.1912
159.97 121.47 80.74 72.39 0.1912
196.54 121.47 80.74 72.39 0.1912
415.97 219.04 80.74 72.39 0.1912
379.33 243.42 80.76 72.33 0.1912
415.97 267.82 80.74 72.39 0.1912
854.82 267.82 80.74 72.39 0.1912
159.97 292.22 80.74 72.39 0.1912
233.11 292.22 80.74 72.39 0.1912
635.40 292.22 80.74 72.39 0.1912
818.25 316.61 80.74 72.39 0.1912
452.49 341.03 80.73 72.35 0.1912
745.11 365.39 80.74 72.39 0.1912
818.25 365.39 80.74 72.39 0.1912
452.54 389.79 80.74 72.39 0.1912
708.54 389.79 80.74 72.39 0.1912
196.54 414.18 80.74 72.39 0.1912
269.68 462.97 80.74 72.39 0.1912
86.82 487.36 80.74 72.39 0.1912
598.82 487.36 80.74 72.39 0.1912
342.82 511.75 80.74 72.39 0.1912
342.76 97.07 80.81 72.39 0.1912
562.18 267.82 80.81 72.39 0.1912
854.76 316.61 80.81 72.39 0.1912
635.33 341.00 80.81 72.39 0.1912
854.76 365.39 80.81 72.39 0.1912
635.33 389.79 80.81 72.39 0.1912
671.90 389.79 80.81 72.39 0.1912
562.18 414.18 80.81 72.39 0.1912
598.76 438.57 80.81 72.39 0.1912
