12_Group_Large_Group_12_Group_Large_Group_12_550
200
927.95 0.00 80.99 96.77 0.1922
928.12 359.16 80.55 96.57 0.1920
50.63 391.95 80.16 96.16 0.1920
50.58 261.19 80.22 96.21 0.1920
50.58 326.55 80.22 96.21 0.1920
50.52 195.83 80.28 96.21 0.1920
50.52 653.33 80.28 96.21 0.1920
50.52 718.69 80.28 96.21 0.1920
928.13 130.41 80.49 96.50 0.1919
928.08 293.80 80.57 96.57 0.1919
50.43 555.31 80.33 96.21 0.1918
891.66 718.68 80.14 96.15 0.1918
928.12 751.30 80.54 96.56 0.1918
50.52 65.12 80.28 96.21 0.1917
928.14 195.77 80.51 96.53 0.1917
928.14 620.59 80.51 96.53 0.1917
928.14 685.95 80.51 96.53 0.1917
50.51 130.38 80.30 96.32 0.1917
196.25 0.00 81.21 96.79 0.1916
232.83 0.00 81.22 96.74 0.1916
305.97 0.00 81.22 96.74 0.1916
342.54 0.00 81.22 96.74 0.1916
415.69 0.00 81.22 96.74 0.1916
781.40 0.00 81.22 96.74 0.1916
817.97 0.00 81.22 96.74 0.1916
854.54 0.00 81.22 96.74 0.1916
891.59 653.34 80.17 96.11 0.1916
891.67 261.17 80.12 96.15 0.1916
123.40 489.50 80.73 96.88 0.1915
598.82 489.50 80.73 96.88 0.1915
452.54 522.18 80.73 96.88 0.1915
562.25 522.18 80.73 96.88 0.1915
708.47 489.50 80.79 96.88 0.1915
415.90 554.86 80.79 96.88 0.1915
379.12 0.00 81.19 96.76 0.1915
452.26 0.00 81.19 96.76 0.1915
488.83 0.00 81.19 96.76 0.1915
525.41 0.00 81.19 96.76 0.1915
561.98 0.00 81.19 96.76 0.1915
598.55 0.00 81.19 96.76 0.1915
708.26 0.00 81.19 96.76 0.1915
50.30 0.00 80.68 96.45 0.1915
525.68 391.47 80.74 96.98 0.1915
342.82 456.83 80.74 96.98 0.1915
525.68 456.83 80.74 96.98 0.1915
635.39 489.51 80.74 96.98 0.1915
671.96 489.51 80.74 96.98 0.1915
269.68 522.19 80.74 96.98 0.1915
598.82 554.86 80.74 96.98 0.1915
379.32 456.83 80.81 96.98 0.1915
233.04 489.51 80.81 96.98 0.1915
379.32 554.86 80.81 96.98 0.1915
525.61 587.54 80.81 96.98 0.1915
562.18 587.54 80.81 96.98 0.1915
891.31 0.00 80.89 96.54 0.1914
50.66 457.35 80.06 96.14 0.1914
123.16 0.00 81.16 96.72 0.1914
159.73 0.00 81.16 96.72 0.1914
269.45 0.00 81.16 96.72 0.1914
671.73 0.00 81.16 96.72 0.1914
744.83 0.00 81.21 96.72 0.1914
13.59 0.00 80.80 96.42 0.1914
635.12 0.00 81.22 96.74 0.1914
708.48 751.00 80.79 96.91 0.1914
196.44 750.98 80.82 96.94 0.1913
745.01 750.98 80.82 96.94 0.1913
635.28 685.57 80.87 97.07 0.1913
891.60 195.82 80.15 96.12 0.1913
635.59 783.88 80.40 96.49 0.1913
928.21 490.03 80.39 96.37 0.1913
123.40 97.36 80.73 96.88 0.1913
269.68 97.36 80.73 96.88 0.1913
452.54 97.36 80.73 96.88 0.1913
489.11 97.36 80.73 96.88 0.1913
818.26 97.36 80.73 96.88 0.1913
159.97 424.15 80.73 96.88 0.1913
489.11 424.15 80.73 96.88 0.1913
86.83 456.83 80.73 96.88 0.1913
452.54 456.83 80.73 96.88 0.1913
745.11 456.83 80.73 96.88 0.1913
306.25 489.51 80.73 96.88 0.1913
781.68 489.51 80.73 96.88 0.1913
818.26 489.51 80.73 96.88 0.1913
342.83 522.19 80.73 96.88 0.1913
489.11 522.19 80.73 96.88 0.1913
269.57 750.94 80.87 97.02 0.1913
781.57 750.94 80.87 97.02 0.1913
854.71 750.94 80.87 97.02 0.1913
233.30 783.93 80.39 96.45 0.1913
562.19 97.36 80.79 96.87 0.1913
196.47 456.83 80.79 96.87 0.1913
415.90 489.51 80.79 96.87 0.1913
525.62 522.19 80.79 96.87 0.1913
672.12 783.96 80.40 96.51 0.1913
891.85 784.26 79.83 95.81 0.1913
818.48 783.93 80.36 96.51 0.1913
928.20 65.10 80.41 96.48 0.1913
928.20 424.57 80.41 96.48 0.1913
87.00 783.87 80.48 96.65 0.1912
342.83 97.36 80.70 96.91 0.1912
306.25 97.37 80.74 96.98 0.1912
159.97 130.05 80.74 96.98 0.1912
525.68 293.44 80.74 96.98 0.1912
562.25 326.12 80.74 96.98 0.1912
452.54 391.47 80.74 96.98 0.1912
562.25 391.47 80.74 96.98 0.1912
123.40 424.15 80.74 96.98 0.1912
415.97 424.15 80.74 96.98 0.1912
598.82 424.15 80.74 96.98 0.1912
671.97 424.15 80.74 96.98 0.1912
818.25 424.15 80.74 96.98 0.1912
269.68 456.83 80.74 96.98 0.1912
562.25 456.83 80.74 96.98 0.1912
86.82 522.19 80.74 96.98 0.1912
123.40 554.87 80.74 96.98 0.1912
781.68 554.87 80.74 96.98 0.1912
818.25 554.87 80.74 96.98 0.1912
452.54 587.55 80.74 96.98 0.1912
489.11 587.55 80.74 96.98 0.1912
635.40 587.55 80.74 96.98 0.1912
123.40 620.22 80.74 96.98 0.1912
598.82 620.22 80.74 96.98 0.1912
306.47 783.90 80.41 96.58 0.1912
13.81 97.85 80.25 96.17 0.1912
196.47 130.05 80.81 96.98 0.1912
525.61 130.05 80.81 96.98 0.1912
781.61 130.05 80.81 96.98 0.1912
854.76 130.05 80.81 96.98 0.1912
13.81 163.20 80.25 96.17 0.1912
489.04 162.72 80.81 96.98 0.1912
13.81 228.56 80.25 96.17 0.1912
489.04 228.08 80.81 96.98 0.1912
13.81 293.92 80.25 96.17 0.1912
489.04 326.12 80.81 96.98 0.1912
13.81 359.28 80.25 96.17 0.1912
635.33 391.47 80.81 96.98 0.1912
781.61 391.47 80.81 96.98 0.1912
306.18 424.15 80.81 96.98 0.1912
159.90 489.51 80.81 96.98 0.1912
854.76 489.51 80.81 96.98 0.1912
159.90 554.87 80.81 96.98 0.1912
928.22 555.28 80.38 96.44 0.1912
342.76 587.55 80.81 96.98 0.1912
159.90 620.22 80.81 96.98 0.1912
13.81 653.38 80.25 96.17 0.1912
13.81 718.74 80.25 96.17 0.1912
525.61 718.26 80.81 96.98 0.1912
160.11 783.92 80.44 96.58 0.1912
671.98 130.07 80.72 96.93 0.1912
562.21 260.81 80.71 96.87 0.1912
306.27 554.89 80.72 96.93 0.1912
598.77 326.14 80.79 96.92 0.1912
306.20 620.25 80.79 96.92 0.1912
818.26 162.72 80.72 97.01 0.1912
233.11 424.15 80.72 97.01 0.1912
854.83 424.15 80.72 97.01 0.1912
13.80 587.99 80.30 96.24 0.1912
123.57 783.83 80.47 96.59 0.1912
233.05 130.04 80.78 97.00 0.1911
159.90 195.40 80.78 97.00 0.1911
452.48 195.40 80.78 97.00 0.1911
525.62 195.40 80.78 97.00 0.1911
671.90 554.86 80.78 97.00 0.1911
708.48 554.86 80.78 97.00 0.1911
854.76 554.86 80.78 97.00 0.1911
196.48 587.54 80.78 97.00 0.1911
379.33 620.22 80.78 97.00 0.1911
489.05 652.90 80.78 97.00 0.1911
525.62 652.90 80.78 97.00 0.1911
562.19 652.90 80.78 97.00 0.1911
489.05 718.25 80.78 97.00 0.1911
562.19 718.25 80.78 97.00 0.1911
86.62 0.00 81.13 96.71 0.1911
306.27 162.74 80.70 96.95 0.1911
123.41 685.60 80.70 96.95 0.1911
415.97 97.37 80.72 96.86 0.1911
635.40 97.37 80.72 96.86 0.1911
342.77 162.74 80.76 96.95 0.1911
562.20 195.42 80.76 96.95 0.1911
781.63 195.42 80.76 96.95 0.1911
818.20 620.24 80.76 96.95 0.1911
452.49 750.95 80.76 96.95 0.1911
708.44 685.63 80.82 96.94 0.1911
708.41 228.06 80.89 97.03 0.1911
745.05 97.40 80.76 96.82 0.1911
196.42 685.58 80.83 96.96 0.1911
306.18 685.54 80.82 97.00 0.1911
379.34 260.79 80.81 96.98 0.1911
123.40 162.73 80.74 96.96 0.1910
86.82 391.50 80.76 96.97 0.1910
745.04 685.61 80.83 96.98 0.1910
671.90 293.45 80.83 97.00 0.1910
635.33 326.12 80.80 96.96 0.1910
123.32 358.82 80.82 96.96 0.1910
745.04 522.19 80.80 96.96 0.1910
854.71 685.59 80.87 97.02 0.1910
891.63 359.12 80.20 96.28 0.1910
379.42 97.38 80.68 96.83 0.1910
671.84 228.04 80.87 97.04 0.1910
159.90 358.84 80.80 96.91 0.1910
