12_Group_Team_Organized_Group_12_Group_Team_Organized_Group_12_21
200
927.92 0.00 81.02 84.91 0.1925
50.59 229.25 80.21 84.40 0.1921
50.59 286.61 80.21 84.40 0.1921
50.53 85.76 80.29 84.61 0.1920
928.12 57.09 80.55 84.75 0.1920
50.58 171.86 80.22 84.44 0.1920
50.57 544.72 80.22 84.38 0.1920
50.54 630.71 80.25 84.46 0.1920
928.16 114.45 80.49 84.73 0.1919
928.18 401.22 80.47 84.73 0.1919
50.63 458.65 80.16 84.42 0.1918
671.76 0.00 81.23 84.89 0.1918
50.63 343.98 80.12 84.36 0.1918
50.63 401.34 80.12 84.36 0.1918
708.33 0.00 81.26 84.92 0.1917
744.90 0.00 81.26 84.92 0.1917
928.15 659.32 80.54 84.77 0.1917
928.16 171.82 80.46 84.71 0.1916
928.18 343.87 80.44 84.71 0.1916
50.28 0.00 80.89 84.78 0.1916
123.19 0.00 81.22 84.90 0.1916
159.76 0.00 81.22 84.90 0.1916
196.33 0.00 81.22 84.90 0.1916
232.91 0.00 81.22 84.90 0.1916
269.48 0.00 81.22 84.90 0.1916
598.62 0.00 81.22 84.90 0.1916
635.19 0.00 81.22 84.90 0.1916
13.80 57.24 80.22 84.24 0.1916
598.83 257.61 80.71 84.93 0.1916
781.47 0.00 81.13 84.90 0.1915
891.31 0.00 80.90 84.73 0.1915
635.40 286.19 80.73 85.02 0.1915
415.97 515.62 80.73 85.02 0.1915
196.54 630.34 80.73 85.02 0.1915
233.11 630.34 80.73 85.02 0.1915
745.26 687.89 80.52 84.79 0.1915
781.83 687.89 80.52 84.79 0.1915
781.68 257.52 80.74 85.11 0.1915
379.39 458.27 80.74 85.11 0.1915
452.54 515.63 80.74 85.11 0.1915
489.11 515.63 80.74 85.11 0.1915
598.82 544.30 80.74 85.11 0.1915
818.18 114.13 80.81 85.11 0.1915
781.61 142.80 80.81 85.11 0.1915
745.04 171.48 80.81 85.11 0.1915
818.18 171.48 80.81 85.11 0.1915
781.61 200.16 80.81 85.11 0.1915
818.18 228.84 80.81 85.11 0.1915
745.04 257.52 80.81 85.11 0.1915
708.47 286.20 80.81 85.11 0.1915
818.18 286.20 80.81 85.11 0.1915
781.61 314.88 80.81 85.11 0.1915
818.18 343.55 80.81 85.11 0.1915
708.47 372.23 80.81 85.11 0.1915
781.61 372.23 80.81 85.11 0.1915
598.75 400.91 80.81 85.11 0.1915
525.61 429.59 80.81 85.11 0.1915
708.47 429.59 80.81 85.11 0.1915
745.04 429.59 80.81 85.11 0.1915
818.18 486.95 80.81 85.11 0.1915
635.32 544.30 80.81 85.11 0.1915
818.18 544.30 80.81 85.11 0.1915
159.90 601.66 80.81 85.11 0.1915
233.11 286.27 80.63 84.92 0.1914
489.05 458.29 80.79 85.06 0.1914
928.18 257.84 80.44 84.71 0.1914
928.18 458.59 80.44 84.71 0.1914
928.18 544.62 80.44 84.71 0.1914
928.18 601.98 80.44 84.71 0.1914
123.57 687.94 80.40 84.75 0.1914
306.05 0.00 81.22 84.90 0.1913
342.62 0.00 81.22 84.90 0.1913
525.48 0.00 81.22 84.90 0.1913
562.05 0.00 81.22 84.90 0.1913
818.02 0.00 81.15 84.89 0.1913
854.59 0.00 81.15 84.89 0.1913
562.26 257.61 80.62 84.92 0.1913
13.52 0.00 80.90 84.63 0.1913
635.39 343.58 80.75 85.01 0.1913
452.69 687.89 80.52 84.78 0.1913
489.26 687.89 80.52 84.78 0.1913
562.40 687.89 80.52 84.78 0.1913
598.97 687.89 80.52 84.78 0.1913
635.55 687.87 80.49 84.84 0.1913
672.12 687.89 80.52 84.78 0.1913
708.69 687.89 80.52 84.78 0.1913
86.57 0.00 81.28 84.91 0.1913
488.86 0.00 81.28 84.91 0.1913
745.03 314.90 80.82 85.10 0.1913
86.83 343.55 80.73 85.02 0.1913
123.40 343.55 80.73 85.02 0.1913
159.97 343.55 80.73 85.02 0.1913
342.83 400.91 80.73 85.02 0.1913
269.68 630.34 80.73 85.02 0.1913
562.19 372.23 80.79 85.02 0.1913
525.69 257.54 80.62 84.97 0.1913
342.83 343.65 80.73 85.01 0.1913
306.26 372.33 80.73 85.01 0.1913
306.24 114.25 80.69 85.04 0.1912
598.82 343.61 80.65 84.97 0.1912
123.40 429.58 80.70 85.05 0.1912
635.40 228.84 80.74 85.11 0.1912
671.97 286.20 80.74 85.11 0.1912
562.25 315.03 80.65 84.96 0.1912
671.97 343.56 80.74 85.11 0.1912
379.40 400.91 80.74 85.11 0.1912
635.40 400.91 80.74 85.11 0.1912
415.97 429.59 80.74 85.11 0.1912
342.82 458.27 80.74 85.11 0.1912
452.54 458.27 80.74 85.11 0.1912
123.40 486.95 80.74 85.11 0.1912
525.68 486.95 80.74 85.11 0.1912
379.40 515.63 80.74 85.11 0.1912
123.40 544.31 80.74 85.11 0.1912
196.54 544.31 80.74 85.11 0.1912
562.25 544.31 80.74 85.11 0.1912
233.11 572.98 80.74 85.11 0.1912
854.76 114.13 80.81 85.11 0.1912
13.81 143.23 80.25 84.40 0.1912
671.90 228.84 80.81 85.11 0.1912
708.47 228.84 80.81 85.11 0.1912
745.04 372.23 80.81 85.11 0.1912
86.76 400.91 80.81 85.11 0.1912
671.90 400.91 80.81 85.11 0.1912
818.18 400.91 80.81 85.11 0.1912
562.18 429.59 80.81 85.11 0.1912
86.76 458.27 80.81 85.11 0.1912
598.76 458.27 80.81 85.11 0.1912
635.33 458.27 80.81 85.11 0.1912
671.90 458.27 80.81 85.11 0.1912
159.90 486.95 80.81 85.11 0.1912
708.47 486.95 80.81 85.11 0.1912
671.90 515.63 80.81 85.11 0.1912
745.04 515.63 80.81 85.11 0.1912
781.61 515.63 80.81 85.11 0.1912
159.90 544.31 80.81 85.11 0.1912
708.47 544.31 80.81 85.11 0.1912
379.33 572.98 80.81 85.11 0.1912
415.90 572.98 80.81 85.11 0.1912
452.47 572.98 80.81 85.11 0.1912
489.04 572.98 80.81 85.11 0.1912
525.61 572.98 80.81 85.11 0.1912
671.90 572.98 80.81 85.11 0.1912
745.04 572.98 80.81 85.11 0.1912
781.61 572.98 80.81 85.11 0.1912
123.33 601.66 80.81 85.11 0.1912
342.76 601.66 80.81 85.11 0.1912
562.18 601.66 80.81 85.11 0.1912
598.76 601.66 80.81 85.11 0.1912
635.33 601.66 80.81 85.11 0.1912
708.47 601.66 80.81 85.11 0.1912
818.18 601.66 80.81 85.11 0.1912
306.18 630.34 80.81 85.11 0.1912
415.90 630.34 80.81 85.11 0.1912
452.47 630.34 80.81 85.11 0.1912
489.04 630.34 80.81 85.11 0.1912
525.61 630.34 80.81 85.11 0.1912
745.04 630.34 80.81 85.11 0.1912
159.90 659.02 80.81 85.11 0.1912
342.76 659.02 80.81 85.11 0.1912
379.33 659.02 80.81 85.11 0.1912
452.48 56.76 80.77 85.18 0.1912
452.57 286.25 80.65 85.02 0.1912
196.57 372.28 80.65 85.02 0.1912
196.55 314.90 80.72 85.06 0.1912
525.69 314.90 80.72 85.06 0.1912
306.19 56.76 80.86 85.19 0.1912
415.91 56.76 80.86 85.19 0.1912
233.05 515.65 80.79 85.06 0.1912
13.80 200.55 80.30 84.46 0.1912
13.80 257.91 80.30 84.46 0.1912
13.80 659.41 80.30 84.46 0.1912
379.33 343.55 80.78 85.13 0.1911
489.05 400.91 80.78 85.13 0.1911
269.62 458.27 80.78 85.13 0.1911
818.19 659.02 80.78 85.13 0.1911
416.12 687.88 80.49 84.83 0.1911
525.83 687.88 80.49 84.83 0.1911
379.19 0.00 81.21 84.92 0.1911
415.77 0.00 81.21 84.92 0.1911
452.34 0.00 81.21 84.92 0.1911
379.41 286.21 80.70 85.08 0.1911
306.25 314.99 80.73 84.91 0.1911
525.70 372.25 80.70 85.08 0.1911
269.87 687.92 80.38 84.75 0.1911
379.33 142.86 80.79 85.05 0.1911
415.91 142.86 80.79 85.05 0.1911
452.48 142.86 80.79 85.05 0.1911
415.92 343.57 80.76 85.08 0.1911
159.92 400.93 80.76 85.08 0.1911
269.63 544.32 80.76 85.08 0.1911
854.98 687.90 80.51 84.77 0.1911
86.99 687.88 80.41 84.77 0.1911
50.70 688.13 80.02 84.37 0.1911
233.11 228.99 80.63 84.88 0.1911
13.87 315.35 80.21 84.36 0.1911
598.75 85.47 80.83 85.11 0.1910
86.75 114.15 80.83 85.11 0.1910
598.82 171.51 80.76 85.10 0.1910
635.39 171.51 80.76 85.10 0.1910
