12_Group_Group_12_Group_Group_12_823
200
927.91 0.00 81.04 89.69 0.1925
50.59 90.67 80.21 89.13 0.1921
50.59 302.67 80.21 89.13 0.1921
928.12 151.14 80.55 89.50 0.1920
928.12 211.71 80.55 89.50 0.1920
928.12 272.29 80.55 89.50 0.1920
928.12 332.86 80.55 89.50 0.1920
928.12 393.43 80.55 89.50 0.1920
50.58 151.21 80.22 89.17 0.1920
50.58 211.78 80.22 89.17 0.1920
50.52 363.21 80.28 89.16 0.1920
50.48 423.76 80.31 89.19 0.1920
928.13 60.29 80.52 89.46 0.1919
50.43 605.46 80.37 89.23 0.1919
50.45 696.26 80.47 89.39 0.1918
50.22 0.00 80.93 89.52 0.1918
50.59 514.67 80.16 89.12 0.1917
452.54 484.08 80.61 89.65 0.1917
269.69 453.79 80.70 89.65 0.1917
928.14 635.72 80.51 89.46 0.1917
928.27 726.67 80.22 89.30 0.1917
159.97 483.98 80.72 89.75 0.1917
891.59 666.02 80.23 89.13 0.1917
928.18 453.99 80.47 89.48 0.1916
489.11 332.62 80.62 89.68 0.1916
489.11 514.33 80.62 89.68 0.1916
745.11 241.76 80.71 89.69 0.1916
13.59 0.00 80.83 89.32 0.1915
891.31 0.00 80.90 89.48 0.1915
525.68 211.38 80.73 89.79 0.1915
379.40 393.09 80.73 89.79 0.1915
415.97 393.09 80.73 89.79 0.1915
123.40 514.23 80.73 89.79 0.1915
159.97 544.52 80.73 89.79 0.1915
489.04 393.09 80.79 89.78 0.1915
269.41 0.00 81.19 89.67 0.1915
305.98 0.00 81.19 89.67 0.1915
745.11 302.33 80.73 89.78 0.1915
196.54 514.33 80.73 89.78 0.1915
928.20 575.19 80.41 89.41 0.1915
415.97 241.80 80.61 89.64 0.1915
598.83 241.80 80.61 89.64 0.1915
233.12 423.51 80.61 89.64 0.1915
196.48 423.51 80.68 89.64 0.1915
562.26 241.80 80.70 89.65 0.1915
159.98 423.51 80.70 89.65 0.1915
818.26 514.37 80.70 89.65 0.1915
781.68 241.66 80.74 89.88 0.1915
781.68 302.23 80.74 89.88 0.1915
818.25 302.23 80.74 89.88 0.1915
781.68 362.81 80.74 89.88 0.1915
818.25 362.81 80.74 89.88 0.1915
818.25 453.66 80.74 89.88 0.1915
269.68 514.24 80.74 89.88 0.1915
781.61 423.38 80.81 89.88 0.1915
525.45 0.00 81.16 89.64 0.1914
306.26 302.27 80.72 89.75 0.1914
342.83 453.70 80.72 89.75 0.1914
379.44 302.40 80.58 89.61 0.1914
562.03 0.00 81.13 89.66 0.1914
196.30 0.00 81.15 89.64 0.1913
708.30 0.00 81.15 89.64 0.1913
818.02 0.00 81.15 89.64 0.1913
854.59 0.00 81.15 89.64 0.1913
342.83 211.48 80.62 89.68 0.1913
452.54 211.48 80.62 89.68 0.1913
489.11 211.48 80.62 89.68 0.1913
306.26 241.76 80.62 89.68 0.1913
233.11 272.05 80.62 89.68 0.1913
196.54 362.90 80.62 89.68 0.1913
415.97 514.33 80.62 89.68 0.1913
86.55 0.00 81.19 89.66 0.1913
159.69 0.00 81.19 89.66 0.1913
232.83 0.00 81.19 89.66 0.1913
342.55 0.00 81.19 89.66 0.1913
415.64 0.00 81.27 89.65 0.1913
781.41 0.00 81.19 89.66 0.1913
379.40 211.48 80.71 89.69 0.1913
306.26 423.48 80.71 89.69 0.1913
489.12 453.76 80.71 89.69 0.1913
306.26 484.05 80.71 89.69 0.1913
379.40 514.33 80.71 89.69 0.1913
562.25 302.23 80.63 89.78 0.1913
123.12 0.00 81.21 89.66 0.1913
708.47 302.23 80.70 89.78 0.1913
342.76 362.81 80.70 89.78 0.1913
452.47 362.81 80.70 89.78 0.1913
452.47 423.38 80.70 89.78 0.1913
379.07 0.00 81.25 89.67 0.1913
671.65 0.00 81.25 89.67 0.1913
744.79 0.00 81.25 89.67 0.1913
598.83 90.24 80.73 89.79 0.1913
635.40 211.38 80.73 89.79 0.1913
269.68 241.66 80.73 89.79 0.1913
671.97 302.23 80.73 89.79 0.1913
525.68 332.52 80.73 89.79 0.1913
123.40 362.81 80.73 89.79 0.1913
269.68 362.81 80.73 89.79 0.1913
854.75 393.09 80.80 89.86 0.1913
123.40 423.38 80.73 89.79 0.1913
379.40 453.66 80.73 89.79 0.1913
415.97 453.66 80.73 89.79 0.1913
233.11 483.95 80.73 89.79 0.1913
525.68 483.95 80.73 89.79 0.1913
781.68 483.95 80.73 89.79 0.1913
342.83 514.24 80.73 89.79 0.1913
233.11 544.52 80.73 89.79 0.1913
306.25 544.52 80.73 89.79 0.1913
123.40 574.81 80.73 89.79 0.1913
196.54 574.81 80.73 89.79 0.1913
379.40 574.81 80.73 89.79 0.1913
452.54 574.81 80.73 89.79 0.1913
708.47 211.38 80.79 89.78 0.1913
342.75 272.11 80.70 89.62 0.1913
452.47 272.11 80.70 89.62 0.1913
159.90 302.23 80.79 89.78 0.1913
196.47 302.39 80.70 89.62 0.1913
159.90 362.81 80.79 89.78 0.1913
306.19 362.81 80.79 89.78 0.1913
86.76 453.66 80.79 89.78 0.1913
86.76 514.24 80.79 89.78 0.1913
562.19 544.52 80.79 89.78 0.1913
854.70 695.93 80.87 89.92 0.1913
452.31 0.00 81.16 89.63 0.1913
488.88 0.00 81.16 89.63 0.1913
233.11 332.68 80.73 89.63 0.1913
196.48 241.76 80.79 89.77 0.1913
379.28 695.86 80.88 90.01 0.1912
415.85 695.86 80.88 90.01 0.1912
635.16 0.00 81.18 89.63 0.1912
306.25 90.24 80.74 89.88 0.1912
342.82 120.52 80.74 89.88 0.1912
525.68 150.81 80.74 89.88 0.1912
598.82 150.81 80.74 89.88 0.1912
562.25 181.09 80.74 89.88 0.1912
233.11 211.38 80.74 89.88 0.1912
671.97 211.38 80.74 89.88 0.1912
525.68 393.09 80.74 89.88 0.1912
708.54 453.67 80.74 89.88 0.1912
745.11 453.67 80.74 89.88 0.1912
708.54 514.24 80.74 89.88 0.1912
671.97 544.52 80.74 89.88 0.1912
708.54 574.81 80.74 89.88 0.1912
818.25 574.81 80.74 89.88 0.1912
598.60 0.00 81.13 89.64 0.1912
635.33 90.24 80.81 89.87 0.1912
269.61 120.52 80.81 89.87 0.1912
562.18 120.52 80.81 89.87 0.1912
306.18 150.81 80.81 89.87 0.1912
635.33 150.81 80.81 89.87 0.1912
269.61 181.09 80.81 89.87 0.1912
415.90 181.09 80.81 89.87 0.1912
818.18 241.67 80.81 89.87 0.1912
86.76 393.09 80.81 89.87 0.1912
854.76 574.81 80.81 89.87 0.1912
13.72 696.38 80.40 89.11 0.1912
123.41 271.97 80.72 89.83 0.1912
13.80 60.36 80.30 89.19 0.1912
13.80 120.93 80.30 89.19 0.1912
13.80 302.65 80.30 89.19 0.1912
13.80 605.51 80.30 89.19 0.1912
891.75 726.70 79.99 88.91 0.1912
452.48 150.80 80.78 89.90 0.1911
489.15 272.11 80.58 89.61 0.1911
562.19 362.80 80.78 89.90 0.1911
708.48 362.80 80.78 89.90 0.1911
745.05 362.80 80.78 89.90 0.1911
745.10 544.65 80.64 89.66 0.1911
854.68 211.34 80.91 89.97 0.1911
525.73 272.11 80.67 89.62 0.1911
269.73 302.40 80.67 89.62 0.1911
416.01 302.40 80.67 89.62 0.1911
379.41 150.82 80.70 89.85 0.1911
635.39 302.36 80.73 89.67 0.1911
562.27 483.97 80.70 89.85 0.1911
525.68 90.26 80.74 89.77 0.1911
562.20 423.39 80.76 89.85 0.1911
525.68 544.54 80.74 89.77 0.1911
269.68 574.81 80.72 89.77 0.1911
342.82 574.83 80.74 89.77 0.1911
854.69 150.79 80.89 89.92 0.1911
818.15 695.95 80.81 89.86 0.1911
160.05 726.45 80.50 89.55 0.1911
196.63 726.45 80.50 89.55 0.1911
598.76 332.52 80.67 89.78 0.1911
928.21 514.72 80.40 89.31 0.1911
489.10 150.83 80.76 89.87 0.1910
854.82 453.69 80.76 89.87 0.1910
671.89 150.83 80.82 89.86 0.1910
86.75 332.55 80.82 89.86 0.1910
415.97 574.81 80.73 89.78 0.1910
489.11 574.81 80.73 89.78 0.1910
86.71 665.67 80.87 89.91 0.1910
342.71 665.67 80.87 89.91 0.1910
891.62 90.55 80.22 89.22 0.1910
891.62 151.12 80.22 89.22 0.1910
891.62 211.69 80.22 89.22 0.1910
891.62 272.27 80.22 89.22 0.1910
891.62 332.84 80.22 89.22 0.1910
123.28 695.92 80.85 89.93 0.1910
