43_Row_Boat_Canoe_43_125
21
495.40 199.89 528.60 305.03 0.3031
274.42 190.80 402.67 308.07 0.2061
142.60 159.88 376.35 221.47 0.0908
178.21 180.39 159.53 334.65 0.0699
431.22 156.48 383.43 249.81 0.0604
151.24 253.95 355.03 339.52 0.0585
185.97 317.14 144.82 346.20 0.0540
462.05 289.01 464.09 404.83 0.0512
112.09 178.90 147.70 338.19 0.0477
623.72 470.30 400.28 297.70 0.0439
266.72 121.43 410.54 167.48 0.0408
301.61 297.22 350.12 383.88 0.0401
1.61 0.00 63.21 79.66 0.0376
119.16 310.15 134.91 362.12 0.0355
442.22 118.35 503.29 163.50 0.0329
640.22 1.35 383.78 80.02 0.0303
7.63 490.81 51.24 277.19 0.0300
621.15 45.97 402.85 149.41 0.0296
52.78 187.66 118.01 319.46 0.0290
20.30 208.28 27.89 278.18 0.0284
158.37 113.88 201.32 177.54 0.0245
