43_Row_Boat_Canoe_43_458
14
613.72 432.03 410.28 295.01 0.7760
354.78 356.30 387.46 303.57 0.3828
235.90 327.65 333.27 335.77 0.1875
129.38 270.12 253.29 316.48 0.1380
622.83 284.00 401.17 277.34 0.1262
633.56 159.52 390.44 233.74 0.0864
14.31 268.42 39.23 316.63 0.0526
60.40 262.33 92.82 324.15 0.0494
0.00 511.08 107.80 256.92 0.0462
101.80 200.11 158.82 315.03 0.0449
626.37 51.32 397.63 136.28 0.0403
641.03 3.86 382.97 75.86 0.0366
0.00 0.00 68.62 83.91 0.0350
226.76 211.37 349.21 294.01 0.0342
