58_Hockey_icehockey_puck_58_493
51
513.42 92.62 403.99 152.77 0.9960
170.29 117.44 364.01 165.84 0.9803
102.82 135.54 184.02 254.60 0.8765
507.16 138.58 516.84 175.85 0.7731
173.47 132.57 187.60 226.50 0.6911
370.76 64.51 390.66 133.33 0.6790
273.40 135.56 369.07 210.92 0.6723
464.70 301.61 286.21 275.39 0.2401
91.50 228.05 180.06 294.18 0.2024
262.01 62.84 142.41 68.84 0.1516
780.63 66.72 157.87 68.09 0.1499
159.76 259.72 186.17 309.83 0.1484
335.30 36.98 137.32 61.95 0.1309
342.16 62.95 137.41 70.36 0.1302
327.50 314.27 278.94 262.73 0.1173
663.73 64.33 145.87 74.83 0.1111
253.69 39.51 144.76 59.99 0.1098
224.95 202.34 344.97 291.25 0.0924
333.64 15.48 146.02 55.57 0.0733
113.07 15.92 154.64 53.42 0.0659
707.29 47.29 149.68 74.00 0.0640
110.78 41.85 158.41 61.03 0.0599
806.98 45.00 163.90 58.92 0.0534
384.98 73.16 167.50 70.63 0.0529
66.52 31.09 126.87 65.05 0.0520
392.20 42.70 169.64 60.25 0.0463
36.18 48.74 88.56 83.34 0.0449
52.49 124.27 84.15 128.70 0.0449
234.94 20.73 149.70 51.84 0.0427
745.32 92.92 129.71 90.56 0.0403
788.18 22.47 154.82 47.75 0.0384
568.72 39.48 455.28 132.27 0.0360
655.54 42.33 147.69 59.61 0.0351
89.47 128.19 151.88 104.03 0.0350
78.68 59.13 110.64 71.21 0.0345
152.78 63.59 169.02 63.76 0.0332
240.22 93.96 135.13 109.99 0.0329
565.41 19.69 155.93 50.51 0.0300
580.68 59.46 173.07 75.56 0.0289
812.97 226.44 129.67 105.38 0.0266
781.46 162.40 127.77 117.53 0.0264
681.95 89.41 117.77 108.15 0.0254
708.67 24.35 157.68 46.31 0.0252
790.85 106.09 128.78 130.04 0.0251
245.89 57.01 325.69 124.67 0.0243
571.48 37.72 129.16 56.93 0.0242
461.33 42.40 175.08 55.85 0.0227
71.56 164.16 109.93 101.47 0.0225
61.93 85.86 81.04 104.02 0.0222
453.54 106.13 179.84 92.66 0.0205
746.11 195.66 142.73 117.01 0.0201
