59_peopledrivingcar_peopledrivingcar_59_401
88
219.80 262.33 154.87 198.31 0.8968
399.55 242.26 100.80 144.28 0.7739
505.37 277.37 68.10 109.15 0.2522
395.09 438.97 128.03 156.78 0.2360
397.84 212.88 84.68 84.86 0.2134
678.51 246.81 64.27 73.77 0.2031
872.85 96.87 30.96 34.42 0.1901
474.20 252.83 92.35 102.47 0.1897
455.10 176.67 175.40 139.36 0.1872
623.28 260.44 58.65 65.26 0.1862
635.99 240.56 76.79 53.80 0.1845
536.27 464.96 39.27 49.92 0.1794
962.06 53.45 15.99 17.87 0.1791
640.48 253.46 89.28 90.03 0.1717
890.71 52.32 20.65 23.41 0.1677
521.93 188.12 113.60 84.60 0.1585
613.23 227.75 73.80 52.93 0.1558
631.70 341.36 19.87 25.99 0.1463
484.05 439.92 98.96 138.51 0.1427
573.42 475.86 58.79 72.10 0.1408
144.59 179.67 70.17 70.12 0.1335
467.67 173.56 47.30 37.79 0.1314
879.63 72.62 28.99 38.95 0.1274
572.08 209.83 98.13 64.73 0.1222
747.25 262.56 60.58 63.87 0.1218
946.69 92.71 32.64 29.92 0.1202
614.71 458.85 68.23 89.59 0.1196
419.23 191.32 134.01 142.65 0.1169
449.26 175.25 34.32 27.21 0.1144
551.16 268.27 72.54 80.37 0.1071
110.58 398.74 57.78 77.98 0.1038
572.91 328.22 44.64 51.50 0.1034
922.70 95.81 26.23 32.45 0.1012
141.34 197.63 98.11 99.07 0.1005
950.73 70.45 26.15 26.48 0.0999
579.05 446.51 60.08 65.80 0.0992
631.28 302.38 40.23 47.19 0.0981
683.60 218.00 59.68 61.21 0.0964
872.02 346.71 68.45 83.41 0.0943
197.95 194.04 67.00 61.64 0.0943
923.73 75.99 23.82 32.63 0.0911
922.88 51.41 17.72 21.03 0.0881
531.81 469.78 68.41 80.75 0.0880
557.15 302.56 58.23 65.30 0.0865
160.23 136.72 72.88 51.42 0.0837
201.46 143.51 43.23 27.80 0.0825
912.86 556.57 94.97 86.73 0.0815
226.88 188.93 63.04 50.26 0.0812
715.97 296.77 56.92 61.12 0.0811
653.51 438.37 39.82 46.39 0.0799
725.00 316.35 71.68 85.56 0.0785
699.63 321.98 53.68 56.18 0.0780
731.95 224.26 71.93 83.10 0.0769
614.05 440.25 49.32 60.59 0.0766
438.46 176.00 63.39 56.85 0.0765
492.55 160.17 120.36 91.52 0.0754
102.68 164.63 67.14 71.11 0.0750
751.97 331.48 90.78 82.65 0.0740
920.33 110.30 28.55 35.88 0.0733
592.04 483.08 74.00 82.16 0.0690
990.43 93.89 26.22 34.15 0.0687
745.30 275.64 84.26 98.36 0.0682
739.96 499.13 200.28 170.85 0.0674
644.12 323.31 44.52 48.51 0.0668
0.00 161.51 39.30 85.18 0.0636
194.68 196.13 120.47 102.44 0.0631
197.54 169.22 52.00 45.22 0.0620
195.58 122.38 55.49 41.41 0.0593
995.74 48.34 19.73 26.42 0.0592
444.82 150.24 38.45 27.53 0.0585
586.58 432.57 39.02 55.66 0.0583
240.77 169.95 48.58 38.81 0.0576
852.26 70.17 34.25 45.01 0.0574
951.27 429.72 40.39 51.89 0.0570
815.17 342.71 117.56 110.07 0.0560
367.44 168.77 30.39 27.87 0.0546
363.11 303.48 179.37 248.47 0.0545
475.74 147.14 56.00 33.03 0.0544
408.31 171.99 32.79 31.90 0.0542
287.06 407.44 231.75 215.65 0.0540
745.92 225.17 100.51 118.83 0.0532
995.50 70.67 23.76 32.34 0.0521
940.21 397.83 55.52 70.98 0.0509
329.55 246.30 144.84 185.99 0.0509
918.68 363.30 64.27 64.25 0.0506
685.34 411.03 48.51 59.64 0.0503
789.52 423.10 234.48 258.90 0.0502
986.52 429.81 29.68 42.88 0.0501
