59_peopledrivingcar_peopledrivingcar_59_659
150
250.53 238.86 32.12 41.88 0.4194
295.05 277.35 23.98 25.98 0.4079
179.16 253.39 29.40 34.33 0.3862
220.46 415.95 23.87 27.78 0.3347
60.13 369.95 45.54 51.40 0.2676
37.94 374.42 39.39 58.03 0.2489
107.81 393.17 40.69 44.36 0.2416
446.98 255.71 22.62 32.31 0.2350
150.46 409.68 33.78 33.82 0.2294
822.47 107.31 55.22 36.85 0.2282
791.24 324.60 33.98 35.06 0.2112
949.86 439.13 42.60 45.44 0.2090
257.62 199.53 28.09 35.82 0.2026
591.19 254.76 16.55 22.08 0.1976
757.76 488.94 164.55 162.13 0.1881
513.41 249.17 21.33 22.68 0.1554
268.44 413.08 23.90 27.36 0.1505
377.73 469.72 17.68 18.08 0.1500
338.10 417.27 17.97 22.24 0.1492
847.92 470.34 58.85 51.86 0.1492
194.73 470.33 26.63 33.22 0.1454
488.76 246.28 19.76 22.71 0.1427
301.23 436.35 20.70 26.83 0.1417
264.78 471.33 18.69 23.07 0.1388
334.91 436.87 21.58 25.14 0.1352
338.12 471.59 18.60 21.15 0.1333
301.18 469.14 21.80 24.54 0.1333
190.31 433.95 22.23 31.17 0.1303
629.89 554.80 19.90 22.63 0.1253
594.60 268.74 14.42 25.06 0.1218
296.00 253.14 26.18 41.23 0.1218
181.26 414.82 29.14 32.24 0.1212
857.52 432.93 53.40 55.80 0.1211
172.84 220.06 52.34 61.84 0.1197
379.08 254.30 16.74 19.27 0.1190
798.03 410.23 89.85 76.65 0.1149
917.26 434.24 45.68 47.01 0.1141
668.30 335.07 18.61 25.34 0.1131
208.78 195.50 43.90 52.60 0.1119
224.43 253.31 36.26 47.11 0.1117
227.24 230.88 43.20 52.09 0.1115
373.71 443.59 21.20 25.71 0.1113
298.66 416.44 20.83 28.37 0.1113
625.58 571.33 25.89 28.13 0.1098
588.89 578.07 23.70 26.88 0.1097
802.51 118.01 54.41 57.70 0.1079
335.80 490.83 27.21 27.14 0.1070
486.07 465.82 19.43 22.14 0.1062
412.54 441.94 20.44 23.38 0.1047
267.77 346.78 29.57 34.10 0.1029
515.93 462.29 26.82 30.57 0.0993
412.20 252.33 17.46 19.33 0.0992
618.91 603.35 35.82 35.89 0.0959
369.63 414.97 23.32 23.92 0.0956
263.85 432.04 24.10 34.02 0.0942
517.17 229.57 20.24 33.41 0.0930
802.40 461.49 95.56 88.63 0.0924
220.73 470.23 25.43 23.97 0.0920
179.50 190.92 54.15 55.00 0.0892
375.60 491.21 22.84 25.41 0.0890
668.68 485.53 19.57 30.20 0.0875
840.81 327.31 33.01 37.54 0.0874
222.90 495.09 26.28 22.48 0.0864
487.17 228.71 20.50 29.63 0.0862
159.72 255.27 38.26 39.79 0.0846
737.71 334.84 26.27 29.06 0.0839
412.61 465.79 20.51 22.15 0.0838
662.47 344.64 26.20 35.69 0.0836
288.02 219.88 32.63 35.56 0.0815
263.92 384.78 24.52 32.38 0.0813
948.46 416.90 43.31 49.19 0.0813
298.48 197.98 21.94 22.09 0.0805
733.27 351.61 41.15 35.71 0.0792
978.60 446.64 37.47 48.11 0.0789
256.14 268.38 37.72 54.28 0.0787
994.99 487.19 26.01 42.12 0.0782
378.75 271.97 19.97 25.91 0.0773
89.40 361.20 53.08 62.83 0.0773
743.02 399.53 59.34 52.24 0.0769
590.41 590.04 34.08 46.97 0.0764
592.26 554.68 19.90 21.25 0.0753
5.62 390.86 30.55 50.22 0.0744
666.49 576.99 24.46 26.65 0.0744
985.17 411.24 29.78 44.27 0.0734
903.01 484.29 53.52 45.66 0.0727
561.83 251.24 15.12 21.18 0.0722
296.72 387.88 23.45 27.22 0.0713
844.73 347.25 29.59 38.15 0.0712
564.92 648.44 77.51 77.26 0.0708
447.25 227.26 25.82 25.94 0.0707
444.95 469.10 22.30 20.96 0.0704
71.75 402.37 50.81 61.69 0.0703
941.34 453.73 46.74 63.12 0.0685
262.01 489.15 23.57 24.85 0.0683
665.67 270.37 34.65 48.75 0.0676
411.84 223.52 26.69 24.29 0.0674
442.98 438.20 28.56 30.26 0.0664
620.25 629.51 49.25 61.31 0.0661
370.90 223.30 22.44 22.62 0.0658
560.72 499.91 17.99 19.09 0.0656
755.55 423.28 62.01 59.31 0.0653
907.40 520.72 76.81 75.03 0.0648
71.98 334.70 38.18 46.69 0.0646
953.67 269.03 27.15 42.31 0.0646
517.74 265.21 21.28 33.03 0.0641
123.05 279.04 24.01 22.68 0.0638
740.29 376.23 56.21 41.07 0.0637
482.21 443.28 29.45 35.65 0.0636
713.90 552.77 123.46 91.80 0.0635
330.06 388.65 27.93 30.69 0.0633
446.40 496.47 24.70 21.02 0.0629
593.11 495.61 18.24 20.02 0.0627
188.29 289.45 26.61 36.58 0.0625
625.73 643.07 68.15 74.04 0.0625
594.83 525.40 17.00 18.77 0.0623
227.63 521.16 37.00 38.66 0.0622
958.46 288.19 28.75 49.01 0.0617
144.94 455.33 44.78 57.93 0.0617
229.57 541.90 42.65 37.59 0.0610
749.72 448.31 93.14 88.55 0.0607
866.46 327.87 40.31 49.76 0.0604
817.98 139.39 63.48 64.27 0.0599
625.65 521.58 23.69 27.36 0.0595
838.31 300.33 30.38 32.96 0.0590
293.60 484.24 32.42 32.16 0.0589
331.93 219.57 23.83 23.55 0.0577
406.21 496.00 26.42 24.99 0.0575
327.60 268.64 32.81 33.67 0.0575
700.06 494.08 28.81 27.77 0.0568
329.42 513.90 42.97 35.00 0.0567
775.63 135.01 64.00 68.20 0.0566
669.36 303.98 23.92 37.39 0.0565
695.71 441.58 30.32 25.57 0.0561
8.21 358.96 19.43 34.59 0.0551
651.09 232.47 55.10 67.77 0.0548
164.55 388.89 43.66 48.31 0.0544
676.66 577.62 50.69 32.04 0.0540
312.83 523.65 73.09 55.73 0.0540
485.36 493.05 21.36 22.68 0.0533
559.18 225.52 14.45 20.86 0.0530
957.38 385.30 25.86 29.02 0.0529
327.99 249.06 27.74 26.84 0.0523
6.51 543.59 243.41 221.25 0.0522
402.18 413.69 34.49 43.98 0.0522
654.62 587.03 36.75 42.99 0.0514
223.84 290.72 27.77 38.74 0.0508
158.34 218.97 31.16 39.65 0.0508
164.50 135.15 62.52 35.93 0.0504
448.58 277.46 24.54 45.88 0.0502
585.64 223.14 28.29 33.73 0.0502
