54_Rescue_rescuepeople_54_143
141
237.42 130.14 416.81 193.73 0.5641
308.79 69.80 443.83 177.33 0.3771
157.25 164.18 257.89 264.23 0.1383
445.87 173.76 450.79 235.93 0.1374
187.33 90.35 341.14 175.16 0.1136
211.51 200.35 359.29 267.83 0.1123
506.11 297.12 457.46 246.11 0.1087
161.27 274.83 233.85 285.76 0.0852
441.25 286.18 332.07 354.72 0.0768
272.22 290.04 398.57 261.41 0.0733
232.25 345.75 326.06 338.25 0.0670
225.90 139.67 103.70 142.28 0.0662
358.81 63.02 115.64 115.41 0.0631
431.55 212.19 108.59 152.97 0.0608
72.92 94.84 250.42 233.58 0.0606
539.23 35.68 297.67 288.35 0.0550
348.40 41.39 154.45 72.74 0.0539
259.89 116.93 99.69 125.83 0.0527
161.12 411.46 229.42 272.54 0.0525
400.01 79.78 135.24 118.46 0.0519
422.04 25.96 467.21 163.25 0.0507
899.37 517.40 84.35 166.60 0.0487
294.15 93.96 153.72 102.17 0.0482
468.14 256.81 116.58 128.11 0.0479
390.20 145.67 117.67 128.12 0.0477
602.50 221.42 421.50 239.33 0.0453
116.34 205.78 186.10 309.50 0.0453
294.93 292.07 109.39 140.83 0.0439
432.75 289.13 115.49 152.03 0.0434
295.77 42.50 113.08 96.20 0.0429
369.98 476.57 103.92 124.50 0.0428
0.00 40.30 220.14 236.54 0.0416
152.95 329.23 103.77 142.39 0.0413
465.96 319.97 117.34 162.82 0.0408
252.56 364.40 107.46 144.35 0.0406
184.39 358.17 107.53 145.14 0.0406
235.54 542.43 96.96 125.45 0.0406
436.16 148.22 125.00 139.69 0.0404
515.23 311.05 108.97 124.63 0.0403
218.98 315.89 109.99 149.02 0.0402
401.70 521.14 111.76 124.40 0.0401
558.43 366.53 353.83 317.47 0.0401
329.91 438.70 106.92 135.10 0.0401
487.90 485.38 99.00 115.03 0.0400
330.24 330.30 105.80 143.30 0.0400
343.82 109.18 140.66 115.60 0.0400
448.44 86.06 138.01 133.44 0.0398
599.88 0.00 424.12 143.46 0.0397
360.67 317.95 113.73 116.74 0.0396
923.92 0.00 100.08 160.62 0.0393
486.04 188.95 114.54 161.84 0.0392
187.80 33.12 141.38 99.78 0.0392
303.42 536.27 98.79 127.11 0.0390
330.92 270.06 108.60 139.34 0.0388
635.38 88.11 388.62 251.95 0.0387
335.66 511.26 101.01 118.41 0.0384
314.53 148.94 131.78 120.91 0.0384
288.00 398.63 108.10 138.36 0.0383
403.25 441.25 100.57 130.48 0.0383
256.78 270.03 110.25 134.15 0.0381
435.31 476.93 110.95 141.65 0.0380
298.11 481.74 100.31 126.27 0.0380
220.77 395.85 104.82 137.78 0.0379
358.97 207.01 120.62 125.08 0.0378
540.75 254.70 79.82 130.64 0.0378
362.95 401.11 110.21 141.65 0.0378
363.58 550.77 116.19 116.14 0.0373
294.98 0.00 136.60 64.69 0.0367
334.68 19.77 142.36 61.55 0.0361
152.68 184.91 154.06 104.93 0.0359
801.95 546.77 122.53 128.40 0.0358
395.34 342.82 108.85 122.20 0.0355
233.55 481.80 96.34 121.28 0.0354
690.21 545.34 136.91 138.66 0.0350
378.47 30.67 217.50 63.43 0.0346
438.50 398.52 108.68 141.80 0.0344
215.53 231.16 124.33 143.80 0.0344
198.45 0.00 153.84 51.59 0.0343
425.87 555.98 121.77 113.15 0.0340
554.99 322.19 116.63 140.49 0.0340
202.08 515.36 97.88 117.72 0.0338
402.45 51.11 122.92 89.11 0.0337
0.00 425.22 202.83 258.78 0.0337
0.00 169.21 210.44 230.98 0.0337
417.83 0.00 176.29 31.27 0.0336
190.18 432.02 106.28 128.82 0.0335
250.10 449.82 116.74 116.22 0.0335
152.06 403.09 117.61 123.09 0.0329
45.67 226.88 178.45 355.65 0.0327
258.69 198.28 111.38 141.41 0.0323
470.34 527.27 112.67 121.64 0.0322
0.00 0.00 60.23 62.95 0.0321
95.24 374.51 133.86 119.96 0.0318
176.62 270.86 125.52 128.91 0.0318
525.15 494.71 92.29 128.80 0.0316
278.52 237.52 135.37 137.85 0.0315
466.02 417.79 154.60 95.40 0.0312
10.01 359.00 92.94 128.09 0.0312
668.34 555.04 83.43 119.01 0.0311
281.56 166.77 122.54 136.23 0.0303
0.00 0.00 204.58 19.84 0.0295
190.76 569.83 100.84 114.17 0.0294
0.00 0.00 206.91 125.79 0.0290
325.36 0.00 163.36 38.97 0.0288
249.93 59.21 129.82 115.70 0.0288
758.84 553.76 96.46 124.43 0.0287
378.57 73.27 372.91 81.80 0.0283
485.29 289.65 257.82 86.82 0.0281
395.58 0.00 110.86 82.41 0.0278
843.72 595.71 126.37 88.29 0.0278
840.94 508.18 124.74 138.33 0.0275
940.37 0.00 83.63 64.10 0.0274
496.03 141.73 143.08 152.79 0.0273
66.68 0.00 230.76 84.63 0.0270
273.01 0.00 99.17 99.93 0.0268
461.63 0.00 230.65 10.83 0.0265
0.00 385.93 204.01 87.05 0.0262
566.37 471.80 89.62 131.34 0.0262
138.89 214.66 134.81 126.55 0.0259
11.71 273.79 98.00 165.54 0.0258
51.27 68.70 364.80 128.74 0.0240
322.15 577.07 108.89 106.93 0.0238
365.51 161.79 488.74 74.92 0.0235
624.06 556.65 95.02 120.63 0.0231
240.62 27.11 691.91 58.63 0.0231
24.78 412.18 183.49 119.67 0.0229
281.93 599.66 103.94 84.34 0.0226
928.43 0.00 95.57 23.66 0.0224
291.75 0.00 379.92 132.32 0.0223
7.20 0.00 112.28 82.08 0.0223
370.44 612.90 174.68 71.10 0.0216
501.81 539.62 174.77 107.61 0.0215
169.62 0.00 324.27 128.47 0.0211
739.05 514.76 159.64 98.75 0.0209
570.48 535.30 199.56 98.39 0.0209
737.53 431.76 286.47 252.24 0.0208
559.02 236.47 125.02 182.17 0.0208
88.37 0.00 245.15 22.58 0.0206
585.37 366.30 97.00 132.20 0.0205
531.55 376.47 118.02 143.25 0.0202
903.01 125.54 120.99 356.73 0.0200
