54_Rescue_rescuepeople_54_1035
199
341.09 912.80 259.33 615.20 0.1444
193.10 796.76 263.70 731.24 0.1334
244.59 661.69 332.08 618.64 0.1163
126.65 628.81 276.19 607.03 0.1148
412.40 152.83 447.14 400.74 0.1105
454.82 899.04 310.35 628.96 0.1071
530.20 256.37 493.80 463.77 0.0940
331.68 265.14 421.29 488.13 0.0919
250.50 365.12 322.33 596.57 0.0854
337.61 508.57 398.92 558.33 0.0743
40.81 592.94 186.17 728.49 0.0741
500.96 350.58 380.97 596.30 0.0703
518.00 630.61 364.46 658.61 0.0698
101.10 774.80 191.78 753.20 0.0672
611.92 500.94 412.08 556.12 0.0603
86.92 352.60 220.49 663.33 0.0595
317.32 951.84 132.58 279.96 0.0554
257.29 799.21 107.28 351.58 0.0553
374.69 997.37 146.50 235.50 0.0542
450.17 85.25 142.17 189.43 0.0536
517.08 89.61 139.48 191.31 0.0535
218.63 181.32 394.77 412.75 0.0533
53.37 647.76 80.73 286.19 0.0531
282.95 81.34 170.62 171.41 0.0527
0.00 99.43 228.52 461.10 0.0521
475.92 959.11 105.12 325.86 0.0513
278.38 783.95 155.57 226.17 0.0512
379.55 90.70 148.95 185.71 0.0503
47.46 1197.03 82.27 305.10 0.0492
358.08 1042.35 120.36 320.94 0.0481
290.50 476.12 104.85 288.61 0.0480
647.28 50.62 107.75 238.59 0.0478
544.91 746.75 114.63 310.11 0.0476
178.32 1102.52 125.40 323.68 0.0473
692.62 308.75 126.46 324.24 0.0471
15.34 219.04 192.04 648.50 0.0471
296.46 598.19 102.68 302.52 0.0470
258.49 951.01 112.73 326.76 0.0469
499.65 856.23 142.03 311.83 0.0465
462.82 0.00 337.36 249.87 0.0464
733.73 65.06 107.54 221.55 0.0462
268.47 76.49 423.37 331.60 0.0460
256.60 700.22 128.27 255.11 0.0457
272.54 0.00 139.65 110.71 0.0454
422.09 1047.49 120.63 299.76 0.0450
228.19 764.61 103.83 267.06 0.0448
141.84 1188.00 124.96 317.87 0.0440
601.23 42.39 100.93 171.79 0.0438
716.61 228.79 122.60 256.46 0.0436
30.17 698.07 68.88 309.94 0.0435
70.89 670.45 141.25 261.17 0.0434
59.88 931.44 86.41 364.63 0.0434
202.25 985.90 129.32 260.19 0.0433
663.45 0.00 119.56 123.59 0.0428
321.06 523.83 112.55 301.85 0.0428
319.63 872.01 187.26 215.31 0.0423
615.57 678.77 115.12 305.56 0.0423
783.34 83.83 125.76 181.55 0.0422
296.45 1050.46 106.33 369.10 0.0421
232.35 82.04 132.05 213.05 0.0418
633.04 359.76 154.89 362.30 0.0415
21.58 1198.24 70.34 329.76 0.0413
467.08 134.03 129.73 293.95 0.0412
735.89 0.00 117.59 146.71 0.0410
230.13 367.12 96.04 311.70 0.0407
232.00 620.87 99.81 278.76 0.0404
318.45 387.08 121.01 309.98 0.0404
141.71 582.16 148.61 274.38 0.0404
736.00 391.52 115.81 263.11 0.0400
761.66 288.75 119.68 261.56 0.0399
478.42 424.80 125.85 279.32 0.0399
444.21 223.14 103.70 305.70 0.0397
799.05 144.63 106.24 242.21 0.0397
265.14 415.56 114.37 236.10 0.0394
441.05 688.44 97.93 311.34 0.0389
238.86 1093.95 123.03 329.18 0.0389
263.47 545.43 100.64 283.34 0.0389
693.95 144.92 160.91 207.78 0.0387
521.96 242.90 103.44 290.79 0.0386
746.21 810.28 96.27 299.10 0.0384
154.06 226.39 237.87 498.70 0.0383
544.42 141.75 134.16 278.99 0.0380
87.02 577.81 101.48 250.62 0.0380
364.69 175.21 121.92 304.63 0.0380
365.87 580.00 105.93 330.40 0.0380
483.83 697.49 95.21 299.82 0.0378
66.55 480.74 80.61 271.78 0.0377
804.76 0.66 124.35 151.80 0.0376
402.95 128.80 128.20 303.61 0.0374
154.75 983.15 99.43 293.47 0.0374
362.62 429.83 135.95 278.89 0.0372
76.59 1205.68 112.06 259.43 0.0372
358.46 0.00 141.15 132.55 0.0370
450.15 497.78 120.81 277.86 0.0369
63.35 753.82 76.14 384.55 0.0369
222.83 509.59 110.95 253.35 0.0369
435.55 915.83 113.69 295.51 0.0368
387.20 301.48 103.34 307.05 0.0363
690.87 851.94 114.80 265.72 0.0362
584.56 466.38 116.94 300.28 0.0361
328.88 1157.35 112.05 310.05 0.0360
332.98 116.19 108.83 299.41 0.0358
183.95 762.02 101.76 265.13 0.0357
299.26 90.49 86.66 262.00 0.0356
0.00 0.00 67.93 154.69 0.0356
31.04 554.27 70.33 288.06 0.0353
317.76 264.44 136.89 289.81 0.0352
654.98 717.55 113.91 329.72 0.0351
663.27 260.96 108.90 308.17 0.0350
547.15 507.37 108.66 313.92 0.0349
844.36 101.45 102.68 299.38 0.0348
593.04 312.11 111.28 297.07 0.0346
264.03 0.00 316.94 237.95 0.0344
120.87 909.21 104.95 305.57 0.0344
181.44 436.41 105.08 242.75 0.0344
404.12 606.34 109.63 274.79 0.0343
118.29 1140.84 102.13 258.09 0.0343
816.21 249.34 102.74 290.73 0.0343
588.11 607.53 109.05 299.09 0.0343
28.70 960.28 72.55 378.64 0.0342
74.28 1077.91 110.79 286.86 0.0340
410.25 775.26 102.44 302.06 0.0337
201.89 0.00 154.14 93.37 0.0334
0.00 709.65 64.81 277.12 0.0333
554.00 11.92 123.30 132.31 0.0333
453.37 341.06 156.92 229.13 0.0330
514.50 593.45 103.83 313.76 0.0330
780.58 412.64 119.04 283.97 0.0329
103.06 740.98 123.26 306.33 0.0326
725.07 498.94 149.51 312.64 0.0326
153.60 806.93 106.29 303.37 0.0326
736.31 926.39 127.02 295.82 0.0324
22.90 821.00 82.18 293.48 0.0323
369.72 1194.62 112.92 297.94 0.0322
434.80 0.00 129.90 144.86 0.0320
647.17 585.18 131.17 334.34 0.0314
127.03 492.04 98.46 256.86 0.0312
605.75 813.14 128.39 301.84 0.0312
162.41 690.93 151.12 237.24 0.0311
659.55 915.16 107.48 273.50 0.0308
187.64 896.50 102.58 270.69 0.0307
246.44 254.15 131.19 295.44 0.0307
165.55 70.16 140.44 221.73 0.0307
0.00 0.00 172.48 66.79 0.0304
815.09 1117.12 88.03 410.88 0.0303
0.00 1357.76 48.55 170.24 0.0302
48.01 902.84 158.81 235.23 0.0295
572.45 106.12 165.92 238.22 0.0293
653.42 165.38 119.34 247.89 0.0293
24.61 429.92 73.01 294.52 0.0292
622.68 536.39 114.06 295.43 0.0292
0.00 985.70 210.14 542.30 0.0291
513.34 72.10 510.66 360.43 0.0291
585.28 0.00 337.28 312.82 0.0291
833.25 0.00 162.45 94.49 0.0283
237.35 1217.12 90.58 310.88 0.0281
760.72 0.00 263.28 274.47 0.0281
695.75 687.14 113.97 286.91 0.0280
821.76 801.13 100.31 334.88 0.0280
950.96 0.00 73.04 166.10 0.0278
290.53 196.48 122.97 289.14 0.0275
0.79 1135.58 109.89 276.25 0.0274
568.75 840.97 118.55 348.86 0.0271
313.73 0.00 110.59 207.33 0.0264
65.46 91.38 364.05 301.98 0.0263
512.34 1019.77 105.63 347.70 0.0263
0.00 882.09 68.71 278.21 0.0261
705.22 977.37 100.63 309.51 0.0261
864.45 546.16 100.76 274.02 0.0259
534.71 404.34 137.97 246.68 0.0256
627.96 222.90 107.12 287.61 0.0255
805.84 549.99 130.65 331.77 0.0254
787.90 744.60 96.54 314.68 0.0253
0.00 347.93 77.40 244.26 0.0251
607.19 0.00 127.46 88.58 0.0251
860.91 316.18 96.48 303.46 0.0249
731.87 1367.67 292.13 144.48 0.0247
81.49 437.22 153.59 230.67 0.0242
482.94 0.00 135.46 98.21 0.0242
759.14 1183.59 99.60 308.99 0.0238
865.87 889.18 101.49 352.08 0.0238
6.92 0.00 127.31 195.72 0.0237
829.26 946.48 94.62 390.16 0.0236
620.13 991.99 117.46 321.87 0.0230
0.00 621.69 56.82 245.08 0.0228
0.00 1000.62 69.77 349.59 0.0223
487.14 1114.64 106.03 334.84 0.0221
892.66 621.79 109.25 292.59 0.0220
138.01 352.30 117.29 268.20 0.0218
921.50 0.00 102.50 49.76 0.0217
113.89 0.00 311.08 267.20 0.0213
73.36 1365.07 162.20 162.93 0.0211
424.80 1187.68 87.97 340.32 0.0211
843.18 70.26 164.38 163.31 0.0210
18.64 1379.90 138.92 148.10 0.0210
0.00 1205.45 53.04 236.99 0.0207
868.84 175.17 117.11 303.55 0.0207
182.77 260.88 118.96 283.29 0.0201
7.76 90.57 60.95 209.68 0.0201
