21_Festival_Festival_21_395
200
927.92 0.00 81.01 72.23 0.1927
50.63 560.91 80.17 71.73 0.1922
50.59 73.03 80.21 71.79 0.1921
50.59 341.35 80.21 71.79 0.1921
928.12 72.95 80.55 72.08 0.1920
928.12 121.73 80.55 72.08 0.1920
928.12 170.52 80.55 72.08 0.1920
928.12 219.31 80.55 72.08 0.1920
928.12 268.09 80.55 72.08 0.1920
50.58 121.79 80.22 71.82 0.1920
50.58 170.57 80.22 71.82 0.1920
50.58 292.54 80.22 71.82 0.1920
50.52 219.36 80.28 71.81 0.1920
50.63 463.29 80.16 71.80 0.1918
50.63 512.08 80.16 71.80 0.1918
13.58 0.00 80.84 71.95 0.1918
928.12 316.89 80.51 72.06 0.1918
50.21 0.00 80.93 72.03 0.1917
671.97 536.17 80.63 72.29 0.1917
635.40 145.88 80.72 72.29 0.1917
635.40 97.18 80.72 72.28 0.1916
525.73 97.18 80.56 72.19 0.1916
306.31 170.36 80.56 72.19 0.1916
50.59 390.11 80.16 71.81 0.1916
745.11 389.86 80.62 72.23 0.1916
562.26 72.75 80.71 72.24 0.1916
781.69 389.86 80.71 72.24 0.1916
489.11 243.43 80.63 72.31 0.1915
818.25 414.18 80.64 72.31 0.1915
928.21 536.53 80.39 71.94 0.1915
671.90 243.43 80.70 72.31 0.1915
891.31 0.00 80.90 72.07 0.1915
269.68 170.25 80.73 72.32 0.1915
598.82 194.64 80.73 72.32 0.1915
708.54 243.43 80.73 72.32 0.1915
233.11 316.60 80.73 72.32 0.1915
708.54 511.75 80.73 72.32 0.1915
671.90 97.15 80.79 72.31 0.1915
489.12 72.78 80.70 72.21 0.1915
708.54 341.00 80.74 72.39 0.1915
745.11 341.00 80.74 72.39 0.1915
196.54 560.53 80.74 72.39 0.1915
745.04 560.53 80.81 72.39 0.1915
269.62 316.63 80.69 72.28 0.1914
671.90 487.38 80.69 72.28 0.1914
452.54 72.70 80.72 72.29 0.1914
269.61 536.14 80.69 72.40 0.1914
306.25 536.14 80.72 72.41 0.1914
379.44 145.99 80.58 72.18 0.1914
379.44 194.77 80.58 72.18 0.1914
416.01 219.17 80.58 72.18 0.1914
233.15 267.95 80.58 72.18 0.1914
928.18 365.66 80.44 72.05 0.1914
708.53 560.58 80.76 72.35 0.1914
452.58 219.17 80.67 72.18 0.1914
452.58 267.95 80.67 72.18 0.1914
342.59 0.00 81.15 72.20 0.1913
452.30 0.00 81.15 72.20 0.1913
488.88 0.00 81.15 72.20 0.1913
562.02 0.00 81.15 72.20 0.1913
598.59 0.00 81.15 72.20 0.1913
635.16 0.00 81.15 72.20 0.1913
671.73 0.00 81.15 72.20 0.1913
708.30 0.00 81.15 72.20 0.1913
854.59 0.00 81.15 72.20 0.1913
342.83 121.54 80.62 72.23 0.1913
86.55 0.00 81.19 72.21 0.1913
159.69 0.00 81.19 72.21 0.1913
196.26 0.00 81.19 72.21 0.1913
232.83 0.00 81.19 72.21 0.1913
269.41 0.00 81.19 72.21 0.1913
305.98 0.00 81.19 72.21 0.1913
379.12 0.00 81.19 72.21 0.1913
415.69 0.00 81.19 72.21 0.1913
525.41 0.00 81.19 72.21 0.1913
744.83 0.00 81.19 72.21 0.1913
781.41 0.00 81.19 72.21 0.1913
817.98 0.00 81.19 72.21 0.1913
562.31 170.36 80.65 72.19 0.1913
525.62 194.72 80.68 72.23 0.1913
415.97 72.76 80.71 72.24 0.1913
598.83 72.76 80.71 72.24 0.1913
306.26 121.54 80.71 72.24 0.1913
196.55 219.11 80.71 72.24 0.1913
635.40 487.44 80.71 72.24 0.1913
891.64 48.55 80.19 71.83 0.1913
598.84 536.24 80.60 72.19 0.1913
489.11 194.64 80.63 72.31 0.1913
671.89 316.61 80.71 72.37 0.1913
745.11 438.57 80.63 72.31 0.1913
635.33 267.82 80.70 72.31 0.1913
123.07 0.00 81.25 72.22 0.1913
379.40 97.07 80.73 72.32 0.1913
598.82 145.98 80.64 72.19 0.1913
233.11 170.25 80.73 72.32 0.1913
233.11 219.03 80.73 72.32 0.1913
562.26 219.03 80.73 72.32 0.1913
159.97 267.82 80.73 72.32 0.1913
415.96 292.34 80.64 72.19 0.1913
196.54 316.61 80.73 72.32 0.1913
306.25 316.61 80.73 72.32 0.1913
196.54 365.39 80.73 72.32 0.1913
233.11 365.39 80.73 72.32 0.1913
818.26 365.39 80.73 72.32 0.1913
708.54 462.96 80.73 72.32 0.1913
745.11 487.36 80.73 72.32 0.1913
818.26 536.14 80.73 72.32 0.1913
671.90 145.86 80.79 72.31 0.1913
891.61 243.68 80.22 71.86 0.1913
123.33 267.82 80.79 72.31 0.1913
159.90 316.61 80.79 72.31 0.1913
123.33 365.39 80.79 72.31 0.1913
269.62 365.39 80.79 72.31 0.1913
781.62 536.14 80.79 72.31 0.1913
891.76 585.40 79.97 71.50 0.1913
196.54 267.95 80.73 72.19 0.1913
342.82 292.34 80.73 72.19 0.1913
159.91 389.80 80.69 72.33 0.1913
598.83 487.44 80.73 72.31 0.1913
379.32 316.61 80.71 72.38 0.1912
452.55 316.60 80.70 72.34 0.1912
562.18 511.75 80.71 72.38 0.1912
635.40 194.64 80.74 72.39 0.1912
708.54 194.64 80.74 72.39 0.1912
745.11 194.64 80.74 72.39 0.1912
123.40 219.04 80.74 72.39 0.1912
159.97 219.04 80.74 72.39 0.1912
269.73 219.12 80.56 72.22 0.1912
745.11 243.43 80.74 72.39 0.1912
708.54 292.22 80.74 72.39 0.1912
745.11 292.22 80.74 72.39 0.1912
86.82 316.61 80.74 72.39 0.1912
781.68 341.00 80.74 72.39 0.1912
671.97 389.79 80.74 72.39 0.1912
708.54 389.79 80.74 72.39 0.1912
781.68 438.62 80.75 72.27 0.1912
379.40 560.54 80.74 72.39 0.1912
489.11 560.54 80.74 72.39 0.1912
708.47 97.07 80.81 72.39 0.1912
708.47 145.86 80.81 72.39 0.1912
781.61 267.82 80.81 72.39 0.1912
123.33 316.61 80.81 72.39 0.1912
818.18 462.97 80.81 72.39 0.1912
233.04 536.14 80.81 72.39 0.1912
123.33 560.54 80.81 72.39 0.1912
342.76 560.54 80.81 72.39 0.1912
635.39 560.67 80.75 72.27 0.1912
489.13 316.62 80.68 72.29 0.1912
635.35 341.01 80.74 72.29 0.1912
269.64 487.40 80.71 72.31 0.1912
818.20 316.62 80.79 72.35 0.1912
781.63 487.37 80.79 72.35 0.1912
13.80 48.62 80.30 71.84 0.1912
13.80 97.40 80.30 71.84 0.1912
13.80 146.19 80.30 71.84 0.1912
13.80 194.98 80.30 71.84 0.1912
13.80 243.76 80.30 71.84 0.1912
13.80 292.55 80.30 71.84 0.1912
598.83 316.60 80.72 72.41 0.1912
562.26 365.39 80.72 72.41 0.1912
233.11 414.18 80.72 72.41 0.1912
196.54 462.96 80.72 72.41 0.1912
196.54 511.75 80.72 72.41 0.1912
489.11 511.75 80.72 72.41 0.1912
416.01 121.60 80.58 72.17 0.1911
452.58 121.60 80.58 72.17 0.1911
489.15 121.60 80.58 72.17 0.1911
562.30 121.60 80.58 72.17 0.1911
525.73 145.99 80.58 72.17 0.1911
745.05 145.85 80.78 72.41 0.1911
342.87 170.38 80.58 72.17 0.1911
416.01 170.38 80.58 72.17 0.1911
452.58 170.38 80.58 72.17 0.1911
306.30 219.17 80.58 72.17 0.1911
342.87 219.17 80.58 72.17 0.1911
781.62 219.03 80.78 72.41 0.1911
379.44 243.56 80.58 72.17 0.1911
269.73 267.95 80.58 72.17 0.1911
525.62 316.60 80.78 72.41 0.1911
342.76 341.00 80.78 72.41 0.1911
415.90 341.00 80.78 72.41 0.1911
306.19 365.39 80.78 72.41 0.1911
598.76 365.39 80.78 72.41 0.1911
379.33 511.75 80.78 72.41 0.1911
415.90 511.75 80.78 72.41 0.1911
452.48 511.75 80.78 72.41 0.1911
525.62 511.75 80.78 72.41 0.1911
854.76 536.14 80.78 72.41 0.1911
415.90 560.53 80.78 72.41 0.1911
525.62 560.53 80.78 72.41 0.1911
781.62 145.85 80.81 72.43 0.1911
306.30 267.95 80.67 72.18 0.1911
562.19 560.60 80.71 72.30 0.1911
635.35 389.80 80.76 72.37 0.1911
525.69 243.51 80.62 72.23 0.1911
562.26 267.90 80.62 72.23 0.1911
598.83 267.90 80.71 72.23 0.1911
928.40 609.85 80.10 72.03 0.1911
123.31 145.82 80.81 72.44 0.1910
306.20 487.39 80.73 72.34 0.1910
