21_Festival_Festival_21_660
200
927.95 0.00 80.99 134.84 0.1922
50.59 955.97 80.21 134.01 0.1921
50.53 318.31 80.27 134.20 0.1921
50.52 1047.04 80.27 134.01 0.1921
50.55 136.22 80.20 134.05 0.1921
928.12 546.00 80.55 134.56 0.1920
928.12 728.14 80.55 134.56 0.1920
928.12 819.21 80.55 134.56 0.1920
928.12 910.28 80.55 134.56 0.1920
50.63 773.84 80.16 133.99 0.1920
50.63 864.91 80.16 133.99 0.1920
50.54 227.24 80.26 134.29 0.1920
928.13 227.25 80.52 134.51 0.1919
928.13 363.86 80.52 134.51 0.1919
928.13 454.93 80.52 134.51 0.1919
50.51 409.35 80.29 134.22 0.1919
928.16 1001.36 80.49 134.54 0.1919
379.19 0.00 81.21 134.79 0.1919
306.04 0.00 81.14 134.78 0.1918
342.61 0.00 81.23 134.79 0.1918
598.61 0.00 81.17 134.83 0.1918
232.90 0.00 81.26 134.83 0.1917
50.52 637.17 80.28 134.06 0.1917
928.14 637.08 80.51 134.50 0.1917
891.63 773.66 80.23 134.18 0.1917
50.51 500.42 80.30 134.21 0.1917
159.77 0.00 81.11 134.78 0.1917
415.77 0.00 81.11 134.78 0.1917
452.34 0.00 81.11 134.78 0.1917
488.91 0.00 81.11 134.78 0.1917
196.34 0.00 81.20 134.79 0.1916
635.19 0.00 81.12 134.78 0.1916
269.47 0.00 81.13 134.79 0.1916
123.15 0.00 81.26 134.82 0.1916
891.66 227.35 80.10 133.94 0.1916
86.57 0.00 81.28 134.82 0.1915
708.32 0.00 81.13 134.80 0.1915
525.48 0.00 81.25 134.84 0.1915
562.05 0.00 81.25 134.84 0.1915
781.45 0.00 81.16 134.80 0.1915
415.90 1000.85 80.79 134.99 0.1915
891.43 0.00 80.77 134.48 0.1915
598.97 1092.23 80.52 134.63 0.1915
891.63 546.00 80.20 134.14 0.1915
817.93 0.00 81.25 134.85 0.1915
50.25 0.00 80.91 134.59 0.1914
744.88 0.00 81.15 134.78 0.1913
342.83 1001.00 80.71 134.85 0.1913
379.40 1001.00 80.71 134.85 0.1913
562.40 1092.23 80.52 134.61 0.1913
671.75 0.00 81.13 134.80 0.1913
854.75 727.67 80.83 135.14 0.1913
891.66 682.64 80.14 134.04 0.1913
306.19 1000.85 80.79 134.99 0.1913
13.82 728.46 80.23 133.86 0.1913
452.54 1000.85 80.71 135.15 0.1912
13.78 90.83 80.21 133.84 0.1912
415.90 408.89 80.82 135.16 0.1912
452.48 408.89 80.82 135.16 0.1912
818.19 727.64 80.82 135.16 0.1912
891.64 1046.90 80.20 134.13 0.1912
708.47 226.75 80.81 135.13 0.1912
745.04 272.28 80.81 135.13 0.1912
13.81 500.63 80.25 134.01 0.1912
13.81 910.45 80.25 134.01 0.1912
781.61 1000.85 80.81 135.13 0.1912
269.61 1046.39 80.81 135.13 0.1912
13.52 0.00 80.89 134.23 0.1911
854.55 0.00 81.19 134.81 0.1911
928.19 90.65 80.41 134.42 0.1911
745.05 363.35 80.78 135.17 0.1911
525.62 818.70 80.78 135.17 0.1911
708.48 909.77 80.78 135.17 0.1911
891.65 90.69 80.11 133.95 0.1911
891.65 318.37 80.11 133.95 0.1911
891.65 409.44 80.11 133.95 0.1911
13.83 591.70 80.22 133.96 0.1911
452.49 909.80 80.76 135.09 0.1911
745.06 909.80 80.76 135.09 0.1911
635.35 955.34 80.76 135.09 0.1911
854.98 1092.24 80.51 134.60 0.1911
854.69 818.69 80.89 135.20 0.1911
818.42 1092.21 80.41 134.60 0.1911
781.67 181.25 80.76 135.12 0.1910
671.96 226.78 80.76 135.12 0.1910
818.25 272.29 80.74 135.11 0.1910
562.18 363.39 80.83 135.14 0.1910
635.32 500.00 80.83 135.14 0.1910
562.18 591.07 80.83 135.14 0.1910
781.61 682.14 80.83 135.14 0.1910
306.24 909.82 80.76 135.12 0.1910
233.10 1000.89 80.76 135.12 0.1910
489.11 1000.86 80.74 135.11 0.1910
781.61 317.82 80.80 135.10 0.1910
13.81 364.03 80.25 133.98 0.1910
598.71 363.37 80.87 135.19 0.1910
671.86 499.97 80.87 135.19 0.1910
269.61 955.35 80.82 135.11 0.1910
196.46 1046.42 80.82 135.11 0.1910
635.32 1046.42 80.82 135.11 0.1910
671.89 1046.42 80.82 135.11 0.1910
708.46 1046.42 80.82 135.11 0.1910
745.03 1046.42 80.82 135.11 0.1910
891.62 864.72 80.22 134.14 0.1910
891.62 955.79 80.22 134.14 0.1910
13.85 1001.48 80.24 134.08 0.1910
416.19 1092.34 80.25 134.46 0.1910
13.77 227.47 80.24 133.82 0.1910
13.88 819.56 80.15 133.78 0.1910
928.40 1138.44 80.07 134.50 0.1910
123.35 181.37 80.73 134.93 0.1910
159.92 226.91 80.73 134.93 0.1910
123.35 272.44 80.73 134.93 0.1910
86.76 90.10 80.77 135.28 0.1910
598.75 454.32 80.85 135.29 0.1910
562.19 1000.92 80.80 135.03 0.1910
598.76 1000.92 80.80 135.03 0.1910
489.05 864.24 80.78 135.14 0.1910
671.90 864.27 80.79 135.15 0.1910
452.75 1092.29 80.30 134.56 0.1910
86.77 272.30 80.75 135.08 0.1910
708.47 317.82 80.81 135.13 0.1910
525.73 1000.93 80.68 135.03 0.1910
343.01 1092.25 80.33 134.60 0.1910
50.84 1138.51 79.71 134.03 0.1910
379.39 90.28 80.72 134.97 0.1910
342.82 135.81 80.72 134.97 0.1910
671.96 727.69 80.72 135.01 0.1910
708.53 727.69 80.72 135.01 0.1910
160.15 1092.28 80.38 134.54 0.1910
306.44 1092.25 80.36 134.65 0.1910
854.77 135.70 80.76 135.06 0.1909
562.19 773.23 80.77 135.07 0.1909
562.20 864.27 80.76 135.06 0.1909
123.34 909.84 80.77 135.07 0.1909
525.63 909.81 80.76 135.06 0.1909
123.41 1000.89 80.72 135.06 0.1909
123.59 1092.28 80.47 134.55 0.1909
781.87 1092.28 80.47 134.55 0.1909
452.46 90.20 80.81 135.05 0.1909
489.03 90.20 80.81 135.05 0.1909
123.31 545.56 80.81 135.05 0.1909
86.74 591.09 80.81 135.05 0.1909
342.74 682.16 80.81 135.05 0.1909
269.60 727.70 80.81 135.05 0.1909
306.17 727.70 80.81 135.05 0.1909
818.20 1000.89 80.79 135.05 0.1909
415.92 135.79 80.80 135.08 0.1909
818.19 181.21 80.78 135.17 0.1909
671.90 363.35 80.78 135.17 0.1909
489.07 636.57 80.80 135.10 0.1909
415.92 682.10 80.80 135.10 0.1909
415.90 909.78 80.78 135.17 0.1909
671.90 955.31 80.78 135.17 0.1909
525.85 1092.19 80.47 134.69 0.1909
159.91 135.78 80.78 135.03 0.1909
196.49 135.78 80.78 135.03 0.1909
269.63 135.78 80.78 135.03 0.1909
306.20 135.78 80.78 135.03 0.1909
233.06 181.31 80.78 135.03 0.1909
196.49 226.85 80.78 135.03 0.1909
159.91 317.92 80.78 135.03 0.1909
196.49 317.92 80.78 135.03 0.1909
233.06 317.92 80.78 135.03 0.1909
86.77 363.46 80.78 135.03 0.1909
123.34 363.46 80.78 135.03 0.1909
159.91 408.99 80.78 135.03 0.1909
233.06 408.99 80.78 135.03 0.1909
269.63 408.99 80.78 135.03 0.1909
86.77 454.53 80.78 135.03 0.1909
123.34 454.53 80.78 135.03 0.1909
196.49 454.53 80.78 135.03 0.1909
306.20 454.53 80.78 135.03 0.1909
159.91 500.06 80.78 135.03 0.1909
415.91 500.06 80.78 135.03 0.1909
489.06 500.06 80.78 135.03 0.1909
196.49 545.60 80.78 135.03 0.1909
233.06 545.60 80.78 135.03 0.1909
269.63 545.60 80.78 135.03 0.1909
525.63 545.60 80.78 135.03 0.1909
525.59 90.14 80.86 135.15 0.1909
598.73 90.14 80.86 135.15 0.1909
635.30 90.14 80.86 135.15 0.1909
671.88 90.14 80.86 135.15 0.1909
379.30 454.43 80.86 135.15 0.1909
598.73 591.04 80.86 135.15 0.1909
635.30 591.04 80.86 135.15 0.1909
671.88 591.04 80.86 135.15 0.1909
452.45 636.57 80.86 135.15 0.1909
525.59 636.57 80.86 135.15 0.1909
379.30 682.11 80.86 135.15 0.1909
745.02 682.11 80.86 135.15 0.1909
86.77 181.17 80.79 135.18 0.1908
781.55 773.15 80.89 135.20 0.1908
489.05 363.40 80.82 135.14 0.1908
525.62 363.40 80.82 135.14 0.1908
854.76 408.96 80.80 135.01 0.1908
525.62 454.47 80.82 135.14 0.1908
452.48 500.01 80.82 135.14 0.1908
562.19 500.01 80.82 135.14 0.1908
