21_Festival_Festival_21_562
200
927.92 0.00 81.01 72.23 0.1927
50.52 560.89 80.27 71.78 0.1921
50.63 73.03 80.16 71.78 0.1920
50.63 390.14 80.16 71.78 0.1920
50.63 512.10 80.16 71.78 0.1920
50.58 316.93 80.22 71.82 0.1920
50.52 243.75 80.28 71.81 0.1920
928.16 97.35 80.49 72.07 0.1919
50.22 0.00 80.93 72.10 0.1918
928.21 268.21 80.39 71.94 0.1918
50.59 121.81 80.16 71.78 0.1917
50.53 170.60 80.22 71.77 0.1917
379.40 243.53 80.61 72.20 0.1917
928.14 48.54 80.51 72.06 0.1917
159.97 72.70 80.72 72.29 0.1917
50.62 438.96 80.13 71.74 0.1916
488.83 0.00 81.22 72.21 0.1916
13.59 0.00 80.83 71.94 0.1915
671.96 72.68 80.64 72.31 0.1915
928.21 219.42 80.40 71.93 0.1915
891.31 0.00 80.90 72.07 0.1915
306.02 0.00 81.16 72.21 0.1915
159.90 121.46 80.79 72.31 0.1915
342.55 0.00 81.19 72.22 0.1915
744.83 0.00 81.19 72.22 0.1915
928.20 170.56 80.41 72.02 0.1915
928.20 341.31 80.41 72.02 0.1915
928.20 390.09 80.41 72.02 0.1915
928.20 560.84 80.41 72.02 0.1915
708.54 72.68 80.74 72.39 0.1915
745.11 72.68 80.74 72.39 0.1915
196.54 97.07 80.74 72.39 0.1915
233.11 97.07 80.74 72.39 0.1915
708.54 121.46 80.74 72.39 0.1915
342.82 316.61 80.74 72.39 0.1915
123.07 0.00 81.25 72.24 0.1915
671.90 121.46 80.81 72.39 0.1915
745.04 194.64 80.81 72.39 0.1915
745.04 316.61 80.81 72.39 0.1915
781.61 341.00 80.81 72.39 0.1915
379.34 97.09 80.79 72.35 0.1914
123.33 121.49 80.78 72.28 0.1914
708.78 585.19 80.29 71.91 0.1914
525.45 0.00 81.13 72.22 0.1914
745.06 267.94 80.67 72.23 0.1914
159.73 0.00 81.15 72.20 0.1913
196.30 0.00 81.15 72.20 0.1913
232.88 0.00 81.15 72.20 0.1913
269.45 0.00 81.15 72.20 0.1913
379.16 0.00 81.15 72.20 0.1913
671.74 0.00 81.13 72.20 0.1913
708.30 0.00 81.15 72.20 0.1913
854.59 0.00 81.15 72.20 0.1913
379.40 292.29 80.62 72.23 0.1913
86.55 0.00 81.19 72.21 0.1913
415.69 0.00 81.19 72.21 0.1913
452.26 0.00 81.19 72.21 0.1913
781.41 0.00 81.19 72.21 0.1913
817.98 0.00 81.19 72.21 0.1913
599.05 585.20 80.34 71.92 0.1913
306.26 170.33 80.71 72.24 0.1913
379.40 194.72 80.71 72.24 0.1913
415.97 194.72 80.71 72.24 0.1913
781.69 243.51 80.71 72.24 0.1913
415.97 267.90 80.71 72.24 0.1913
562.05 0.00 81.13 72.20 0.1913
854.76 267.82 80.70 72.31 0.1913
196.47 511.75 80.70 72.31 0.1913
269.68 145.86 80.73 72.32 0.1913
342.83 145.86 80.73 72.32 0.1913
342.83 194.64 80.73 72.32 0.1913
452.54 219.03 80.73 72.32 0.1913
818.26 219.03 80.73 72.32 0.1913
452.54 267.82 80.73 72.32 0.1913
818.26 267.82 80.73 72.32 0.1913
708.54 292.21 80.73 72.32 0.1913
233.11 487.36 80.73 72.32 0.1913
745.30 585.20 80.36 72.02 0.1913
379.33 145.86 80.79 72.31 0.1913
415.90 145.86 80.79 72.31 0.1913
415.90 316.61 80.79 72.31 0.1913
635.19 0.00 81.12 72.19 0.1913
233.11 536.22 80.73 72.31 0.1913
928.20 438.88 80.41 72.02 0.1913
13.82 536.58 80.23 71.71 0.1913
781.61 292.26 80.72 72.26 0.1912
635.27 414.16 80.87 72.43 0.1912
86.82 121.47 80.74 72.39 0.1912
196.54 145.86 80.74 72.39 0.1912
233.11 145.86 80.74 72.39 0.1912
452.54 145.86 80.74 72.39 0.1912
708.54 170.25 80.74 72.39 0.1912
306.25 243.43 80.74 72.39 0.1912
489.05 243.42 80.76 72.33 0.1912
818.25 316.61 80.74 72.39 0.1912
269.68 438.57 80.74 72.39 0.1912
269.68 487.36 80.74 72.39 0.1912
123.40 536.14 80.74 72.39 0.1912
159.97 536.14 80.74 72.39 0.1912
269.68 536.14 80.74 72.39 0.1912
306.25 536.14 80.74 72.39 0.1912
269.61 72.68 80.81 72.39 0.1912
415.90 72.68 80.81 72.39 0.1912
452.47 97.07 80.81 72.39 0.1912
781.61 97.07 80.81 72.39 0.1912
745.04 121.47 80.81 72.39 0.1912
635.33 145.86 80.81 72.39 0.1912
781.61 145.86 80.81 72.39 0.1912
818.18 145.86 80.81 72.39 0.1912
854.76 145.86 80.81 72.39 0.1912
708.47 219.04 80.81 72.39 0.1912
854.76 219.04 80.81 72.39 0.1912
13.81 317.02 80.28 71.76 0.1912
379.33 341.00 80.81 72.39 0.1912
379.33 389.79 80.81 72.39 0.1912
306.18 414.18 80.81 72.39 0.1912
342.76 438.57 80.81 72.39 0.1912
306.18 462.97 80.81 72.39 0.1912
196.47 560.54 80.81 72.39 0.1912
306.20 341.01 80.76 72.35 0.1912
672.21 585.17 80.28 71.96 0.1912
562.21 121.51 80.71 72.31 0.1912
708.55 341.02 80.72 72.35 0.1912
818.27 365.41 80.72 72.35 0.1912
489.11 97.07 80.72 72.41 0.1912
489.11 145.85 80.72 72.41 0.1912
854.76 97.07 80.78 72.41 0.1911
525.62 121.46 80.78 72.41 0.1911
525.62 170.25 80.78 72.41 0.1911
489.05 194.64 80.78 72.41 0.1911
489.05 292.21 80.78 72.41 0.1911
452.48 316.60 80.78 72.41 0.1911
854.76 316.60 80.78 72.41 0.1911
415.90 365.39 80.78 72.41 0.1911
854.76 365.39 80.78 72.41 0.1911
379.33 438.57 80.78 72.41 0.1911
342.76 487.35 80.78 72.41 0.1911
342.76 536.14 80.78 72.41 0.1911
342.82 243.53 80.64 72.22 0.1911
891.65 487.65 80.11 71.76 0.1911
891.65 536.44 80.11 71.76 0.1911
123.41 462.98 80.70 72.37 0.1911
123.58 585.12 80.38 72.09 0.1911
269.63 341.01 80.76 72.37 0.1911
745.06 365.41 80.76 72.37 0.1911
781.62 560.59 80.79 72.34 0.1911
891.64 48.56 80.16 71.81 0.1911
269.69 194.73 80.72 72.30 0.1911
233.11 438.65 80.72 72.30 0.1911
123.39 72.70 80.75 72.30 0.1911
635.39 72.70 80.75 72.30 0.1911
489.06 414.22 80.76 72.34 0.1911
671.90 414.15 80.80 72.42 0.1911
891.77 585.36 79.96 71.62 0.1911
671.97 170.25 80.74 72.38 0.1910
525.63 219.06 80.73 72.34 0.1910
671.96 243.45 80.76 72.38 0.1910
671.96 292.23 80.76 72.38 0.1910
635.32 365.41 80.83 72.39 0.1910
342.82 389.80 80.76 72.38 0.1910
708.47 414.20 80.83 72.39 0.1910
745.04 438.59 80.83 72.39 0.1910
781.61 462.99 80.83 72.39 0.1910
818.18 487.38 80.83 72.39 0.1910
379.34 560.56 80.73 72.34 0.1910
452.79 585.18 80.32 72.00 0.1910
525.68 72.68 80.73 72.32 0.1910
489.05 560.60 80.78 72.31 0.1910
635.62 585.16 80.31 71.99 0.1910
635.39 487.38 80.69 72.33 0.1910
928.40 609.84 80.07 72.05 0.1910
562.21 194.69 80.71 72.29 0.1910
233.12 365.41 80.72 72.33 0.1910
598.75 365.34 80.85 72.47 0.1910
562.26 72.80 80.61 72.21 0.1910
489.05 341.00 80.78 72.39 0.1910
452.48 365.39 80.78 72.39 0.1910
123.33 389.78 80.78 72.39 0.1910
854.76 414.18 80.78 72.39 0.1910
818.22 560.59 80.75 72.31 0.1910
598.68 0.00 81.09 72.20 0.1910
306.25 121.47 80.74 72.39 0.1910
306.18 72.68 80.81 72.39 0.1910
342.76 72.68 80.81 72.39 0.1910
818.18 97.07 80.81 72.39 0.1910
781.61 194.65 80.81 72.39 0.1910
196.49 389.80 80.67 72.35 0.1910
562.20 462.97 80.75 72.36 0.1910
598.77 487.37 80.75 72.36 0.1910
745.06 487.37 80.75 72.36 0.1910
928.22 487.67 80.38 71.99 0.1910
671.91 511.76 80.75 72.36 0.1910
708.49 511.76 80.75 72.36 0.1910
854.72 560.56 80.86 72.39 0.1910
123.35 170.26 80.76 72.35 0.1909
635.35 194.66 80.76 72.35 0.1909
818.20 414.19 80.76 72.35 0.1909
671.91 462.96 80.77 72.45 0.1909
159.98 462.98 80.72 72.35 0.1909
525.95 585.20 80.17 71.95 0.1909
