43_Row_Boat_Canoe_43_372
15
257.59 292.74 22.10 32.65 0.3980
252.91 307.48 29.02 49.22 0.1569
141.11 375.79 35.35 34.01 0.1011
422.16 124.02 49.15 41.75 0.0916
916.44 362.42 22.02 25.40 0.0814
235.40 293.83 37.93 38.56 0.0705
226.25 340.65 43.11 48.96 0.0690
182.16 362.08 31.80 42.10 0.0686
234.50 316.21 39.38 40.74 0.0682
118.17 380.97 24.97 31.84 0.0576
144.70 378.05 48.78 56.92 0.0576
209.34 373.83 40.98 46.87 0.0561
251.12 321.06 38.62 63.55 0.0556
77.85 389.82 27.97 28.50 0.0521
915.27 373.64 24.56 31.49 0.0503
