21_Festival_Festival_21_373
27
598.85 181.24 425.15 266.79 0.8636
518.70 245.08 350.13 263.02 0.6278
56.69 172.40 104.23 293.16 0.5334
14.13 186.66 50.24 261.56 0.4695
113.23 179.49 134.52 270.68 0.4575
150.16 206.69 207.76 213.96 0.3919
391.66 248.62 318.47 265.19 0.3076
605.24 297.93 418.76 277.48 0.2630
324.57 151.05 302.02 177.77 0.2453
130.65 175.87 397.56 161.99 0.2335
447.73 175.89 342.02 164.63 0.2013
113.02 234.03 430.95 280.78 0.1511
323.98 110.12 447.02 149.56 0.1384
609.58 421.36 414.42 273.64 0.1376
646.04 122.06 377.96 147.07 0.0696
432.05 326.28 380.40 368.72 0.0677
106.89 418.50 150.96 276.50 0.0599
12.04 104.73 47.07 156.96 0.0534
88.37 301.49 192.14 277.22 0.0530
27.77 230.49 16.98 282.14 0.0513
5.10 429.78 69.31 265.22 0.0503
141.88 416.35 371.83 278.65 0.0432
3.50 285.41 67.53 315.39 0.0423
54.64 416.24 113.83 278.76 0.0381
295.20 374.12 361.53 320.88 0.0286
5.58 151.44 211.19 212.38 0.0274
23.30 118.41 164.61 144.97 0.0202
