44_Aerobics_Aerobics_44_370
200
927.94 0.00 80.98 39.96 0.1925
50.59 256.42 80.17 39.72 0.1923
50.58 310.41 80.23 39.72 0.1922
50.63 283.40 80.16 39.74 0.1921
50.51 202.36 80.30 39.79 0.1919
50.51 229.36 80.29 39.79 0.1919
50.59 80.86 80.21 39.78 0.1918
50.63 107.90 80.16 39.74 0.1918
50.63 134.90 80.16 39.74 0.1918
50.63 161.90 80.16 39.74 0.1918
928.20 242.89 80.41 39.86 0.1917
818.26 283.28 80.61 39.96 0.1917
781.69 296.78 80.61 39.96 0.1917
854.83 296.78 80.61 39.96 0.1917
342.60 0.00 81.18 39.97 0.1917
50.52 40.40 80.28 39.74 0.1917
50.39 0.00 80.66 39.84 0.1916
744.91 0.00 81.20 39.96 0.1916
928.18 53.87 80.47 39.89 0.1916
781.47 0.00 81.13 39.96 0.1916
379.19 0.00 81.22 39.96 0.1916
671.72 0.00 81.26 39.97 0.1916
671.97 296.77 80.71 39.98 0.1916
306.05 0.00 81.16 39.97 0.1915
928.21 94.44 80.39 39.81 0.1915
928.21 121.44 80.40 39.81 0.1915
928.21 148.44 80.40 39.81 0.1915
928.21 215.94 80.40 39.81 0.1915
928.21 283.44 80.40 39.81 0.1915
598.61 0.00 81.13 39.96 0.1915
854.75 269.72 80.70 40.02 0.1915
745.11 296.72 80.73 40.02 0.1915
488.90 0.00 81.26 39.98 0.1915
818.03 0.00 81.15 39.97 0.1915
818.26 256.28 80.70 39.96 0.1915
781.61 269.72 80.72 40.06 0.1915
708.54 269.72 80.74 40.07 0.1915
635.19 0.00 81.08 39.95 0.1914
452.34 0.00 81.11 39.96 0.1914
854.76 242.77 80.68 39.97 0.1914
928.13 26.86 80.52 39.88 0.1914
123.20 0.00 81.10 39.97 0.1914
708.33 0.00 81.13 39.96 0.1914
269.45 0.00 81.15 39.96 0.1913
415.76 0.00 81.22 39.96 0.1913
891.65 26.89 80.16 39.78 0.1913
232.83 0.00 81.19 39.96 0.1913
854.62 0.00 81.12 39.97 0.1913
13.83 269.98 80.18 39.65 0.1913
891.31 0.00 80.89 39.89 0.1913
781.68 121.22 80.63 40.02 0.1913
928.21 175.44 80.40 39.81 0.1913
525.47 0.00 81.13 39.97 0.1913
818.25 107.79 80.64 39.95 0.1913
854.84 107.79 80.59 39.93 0.1913
818.26 229.22 80.73 40.02 0.1913
598.83 296.72 80.73 40.02 0.1913
635.40 296.72 80.73 40.02 0.1913
708.54 296.72 80.73 40.02 0.1913
196.43 310.23 80.87 40.08 0.1913
562.04 0.00 81.22 39.97 0.1913
13.82 215.94 80.20 39.70 0.1913
928.17 310.39 80.45 39.87 0.1912
745.11 256.22 80.74 40.06 0.1912
562.25 296.72 80.74 40.06 0.1912
196.31 0.00 81.13 39.96 0.1912
781.61 229.22 80.81 40.06 0.1912
13.81 296.92 80.25 39.73 0.1912
635.33 80.72 80.69 40.07 0.1912
854.76 202.27 80.68 39.96 0.1912
598.83 107.72 80.72 40.08 0.1912
525.62 161.72 80.78 40.07 0.1911
233.06 310.25 80.78 40.03 0.1911
13.61 0.00 80.77 39.81 0.1911
13.83 53.92 80.22 39.71 0.1911
13.87 161.97 80.18 39.68 0.1911
854.76 161.72 80.70 40.01 0.1911
781.63 148.23 80.76 40.05 0.1911
671.91 188.75 80.79 40.03 0.1911
452.48 242.75 80.79 40.03 0.1911
306.19 269.75 80.79 40.03 0.1911
415.91 310.25 80.79 40.03 0.1911
13.82 242.94 80.20 39.69 0.1911
233.01 256.24 80.82 40.05 0.1911
269.58 256.24 80.82 40.05 0.1911
452.44 310.24 80.82 40.05 0.1911
86.69 0.00 81.04 39.96 0.1911
818.25 80.79 80.63 39.95 0.1911
159.77 0.00 81.10 39.96 0.1911
415.90 269.71 80.80 40.08 0.1911
818.25 148.22 80.63 40.02 0.1911
452.47 175.23 80.71 40.05 0.1911
708.53 107.73 80.76 40.06 0.1910
489.10 148.23 80.76 40.06 0.1910
635.32 161.74 80.83 40.07 0.1910
489.11 175.23 80.74 40.06 0.1910
159.90 229.24 80.83 40.07 0.1910
196.47 242.74 80.83 40.07 0.1910
379.32 283.24 80.83 40.07 0.1910
13.81 26.92 80.25 39.72 0.1910
13.81 80.92 80.25 39.72 0.1910
13.81 121.42 80.25 39.72 0.1910
891.63 53.86 80.20 39.77 0.1910
269.75 80.76 80.62 40.00 0.1910
415.96 40.24 80.69 40.03 0.1910
379.39 53.74 80.69 40.03 0.1910
818.26 310.30 80.73 39.95 0.1910
489.32 323.81 80.31 39.91 0.1910
854.82 80.78 80.63 39.96 0.1910
379.35 94.27 80.73 40.00 0.1910
233.07 107.75 80.71 40.01 0.1910
123.36 161.75 80.71 40.01 0.1910
818.21 202.25 80.70 39.98 0.1910
525.69 188.72 80.71 40.07 0.1910
306.21 94.25 80.75 40.02 0.1910
306.22 242.74 80.76 40.02 0.1910
342.77 26.73 80.75 40.05 0.1910
342.77 53.73 80.75 40.05 0.1910
306.20 296.73 80.75 40.05 0.1910
891.75 323.97 80.02 39.60 0.1910
452.53 53.76 80.72 40.02 0.1910
452.53 94.26 80.72 40.02 0.1910
854.82 134.78 80.73 39.96 0.1910
306.24 188.74 80.72 40.03 0.1910
745.30 323.82 80.36 39.92 0.1910
671.89 215.74 80.81 40.04 0.1909
342.74 242.74 80.81 40.04 0.1909
489.03 242.74 80.81 40.04 0.1909
452.46 269.74 80.81 40.04 0.1909
196.46 283.24 80.81 40.04 0.1909
562.26 107.72 80.72 40.08 0.1909
745.10 26.72 80.74 40.06 0.1909
306.20 26.75 80.78 40.03 0.1909
306.20 53.75 80.78 40.03 0.1909
342.77 80.75 80.78 40.03 0.1909
415.91 94.25 80.78 40.03 0.1909
598.77 188.75 80.78 40.03 0.1909
86.77 215.75 80.78 40.03 0.1909
123.34 229.25 80.78 40.03 0.1909
415.91 229.25 80.78 40.03 0.1909
342.77 269.75 80.78 40.03 0.1909
342.77 296.75 80.78 40.03 0.1909
781.67 94.23 80.65 40.02 0.1909
452.57 148.24 80.72 40.04 0.1909
415.96 67.22 80.70 40.05 0.1909
818.27 175.23 80.70 40.05 0.1909
379.55 323.82 80.40 39.91 0.1909
745.10 94.23 80.74 40.02 0.1909
525.63 134.73 80.76 40.05 0.1909
269.63 175.23 80.76 40.05 0.1909
269.77 323.82 80.47 39.91 0.1909
342.91 323.82 80.47 39.91 0.1909
598.73 229.23 80.86 40.07 0.1909
635.30 229.23 80.86 40.07 0.1909
708.48 26.71 80.79 40.08 0.1908
598.69 161.72 80.89 40.08 0.1908
671.84 161.72 80.89 40.08 0.1908
562.12 175.22 80.89 40.08 0.1908
233.05 283.21 80.79 40.08 0.1908
269.62 283.21 80.79 40.08 0.1908
269.63 107.76 80.73 40.01 0.1908
269.63 202.26 80.73 40.01 0.1908
13.88 188.92 80.18 39.72 0.1908
635.33 188.74 80.82 40.06 0.1908
159.90 256.24 80.82 40.06 0.1908
160.22 323.88 80.21 39.80 0.1908
671.96 67.23 80.73 40.06 0.1908
635.32 121.23 80.79 40.06 0.1908
86.75 310.23 80.79 40.06 0.1908
123.32 310.23 80.79 40.06 0.1908
598.76 53.75 80.75 40.04 0.1908
745.10 134.74 80.76 40.06 0.1908
598.82 269.74 80.76 40.06 0.1908
928.41 337.52 80.06 39.87 0.1908
269.76 53.75 80.64 40.01 0.1908
562.20 26.76 80.78 40.02 0.1908
745.05 53.76 80.78 40.02 0.1908
269.64 134.75 80.62 40.01 0.1908
123.38 283.25 80.74 40.02 0.1908
525.69 310.24 80.71 40.04 0.1908
562.44 323.82 80.35 39.91 0.1908
599.01 323.82 80.35 39.91 0.1908
635.58 323.82 80.35 39.91 0.1908
672.15 323.82 80.35 39.91 0.1908
708.73 323.82 80.35 39.91 0.1908
781.87 323.82 80.35 39.91 0.1908
855.01 323.82 80.35 39.91 0.1908
233.05 80.74 80.77 40.04 0.1908
525.65 26.75 80.74 40.02 0.1908
781.65 26.75 80.74 40.02 0.1908
818.22 26.75 80.74 40.02 0.1908
854.80 26.75 80.74 40.02 0.1908
123.36 40.25 80.71 40.01 0.1908
562.26 80.74 80.74 40.04 0.1908
708.54 80.74 80.74 40.04 0.1908
233.07 134.75 80.71 40.01 0.1908
635.40 269.74 80.74 40.04 0.1908
671.97 269.74 80.74 40.04 0.1908
379.34 26.71 80.77 40.11 0.1908
452.48 26.74 80.78 40.05 0.1908
