25_Soldier_Patrol_Soldier_Patrol_25_515
116
910.76 310.44 27.19 32.91 0.5151
847.32 310.02 21.53 25.39 0.4302
525.94 315.67 21.69 25.10 0.4263
409.34 314.23 19.90 24.42 0.3528
888.97 314.66 28.32 34.78 0.3505
473.82 319.25 23.59 22.50 0.3391
660.01 394.17 23.49 30.04 0.3228
625.74 363.47 28.83 33.70 0.3110
799.31 296.25 27.10 28.34 0.3090
623.91 310.75 25.24 28.37 0.3040
45.40 308.97 27.61 32.10 0.2879
560.95 392.95 24.93 29.96 0.2687
450.68 317.01 19.05 22.85 0.2566
705.90 316.56 19.23 22.62 0.2563
778.56 308.32 22.01 26.86 0.2544
557.26 318.66 15.38 21.28 0.2490
781.32 295.14 28.31 28.11 0.2428
739.49 315.89 19.69 21.35 0.2425
594.99 315.38 18.20 23.24 0.2397
668.19 319.47 18.13 22.72 0.2267
707.23 391.91 22.56 29.42 0.2234
369.63 306.89 25.03 28.63 0.2160
707.57 299.37 18.55 21.44 0.2134
623.07 341.86 30.74 38.95 0.2054
559.84 341.49 18.11 22.09 0.1792
627.78 299.85 22.14 25.89 0.1791
65.30 323.86 33.92 44.53 0.1785
761.75 390.56 35.93 45.40 0.1726
664.25 364.81 23.23 30.81 0.1718
480.21 336.43 23.50 27.40 0.1705
743.06 392.63 37.49 43.79 0.1700
703.51 367.83 19.87 26.07 0.1696
667.22 335.95 23.60 28.37 0.1643
740.63 360.60 28.77 33.52 0.1617
738.16 299.61 20.70 23.18 0.1597
560.46 365.98 26.49 30.65 0.1559
706.51 404.21 22.48 30.73 0.1540
926.15 390.13 22.70 33.34 0.1521
667.08 298.07 18.87 20.69 0.1506
770.88 367.42 28.63 47.13 0.1407
521.06 328.78 21.62 31.57 0.1388
700.08 336.43 21.63 28.55 0.1383
447.87 338.51 20.57 24.19 0.1354
596.96 299.24 20.20 25.72 0.1312
523.68 301.42 21.53 30.79 0.1281
816.38 343.97 30.11 37.99 0.1268
448.40 385.59 15.68 25.08 0.1246
518.85 388.48 18.44 24.19 0.1225
411.15 332.18 19.10 28.06 0.1222
738.32 336.74 25.04 30.82 0.1211
628.48 412.11 24.33 26.81 0.1206
485.95 359.85 24.14 31.24 0.1205
844.82 326.83 24.74 35.20 0.1185
885.97 300.01 24.65 39.75 0.1161
774.45 335.74 24.37 30.38 0.1127
42.31 321.22 42.01 49.50 0.1121
515.60 365.71 21.59 31.43 0.1089
587.14 388.83 24.97 28.68 0.1005
779.15 275.76 32.02 32.77 0.0978
911.51 102.75 35.92 37.82 0.0974
481.45 300.12 18.23 21.46 0.0971
624.49 457.05 26.49 34.13 0.0948
449.24 366.54 19.05 31.84 0.0923
740.75 415.13 27.92 43.22 0.0909
449.99 299.98 16.84 20.94 0.0909
378.63 341.24 24.89 28.36 0.0902
994.96 474.09 21.67 37.72 0.0856
625.65 436.43 24.48 27.69 0.0855
557.77 300.67 16.46 23.00 0.0851
962.08 513.69 19.58 23.07 0.0839
590.80 332.82 23.58 34.98 0.0833
589.17 360.68 25.27 34.18 0.0823
43.63 269.89 23.80 30.08 0.0818
997.63 312.42 17.11 25.74 0.0798
605.16 463.00 55.83 47.32 0.0798
698.35 460.38 22.43 32.90 0.0768
841.34 356.60 29.76 41.36 0.0746
798.59 277.53 31.11 39.64 0.0726
842.46 274.30 26.33 25.61 0.0724
807.94 382.23 23.25 43.24 0.0719
405.98 362.92 22.08 27.87 0.0716
875.95 375.70 30.38 45.22 0.0707
661.75 428.08 25.89 31.88 0.0699
8.31 314.83 26.45 42.88 0.0688
590.84 404.60 25.70 31.90 0.0688
557.18 450.07 96.77 78.25 0.0670
906.50 116.31 48.96 51.38 0.0666
957.52 341.43 22.66 23.85 0.0660
958.16 431.26 31.13 37.69 0.0658
998.23 339.72 16.09 27.02 0.0656
132.27 317.14 41.64 40.46 0.0635
657.16 470.92 38.25 39.11 0.0633
921.76 366.11 27.58 44.06 0.0632
484.81 380.23 24.65 32.15 0.0621
769.46 414.42 25.26 42.24 0.0603
591.48 457.35 28.88 33.72 0.0599
663.44 457.70 24.73 34.61 0.0596
956.18 389.20 25.28 32.35 0.0593
843.46 371.24 29.84 47.87 0.0591
959.46 314.78 28.17 27.68 0.0587
378.96 358.95 21.72 31.52 0.0576
951.69 167.78 44.25 35.24 0.0571
38.36 196.86 33.38 27.65 0.0569
892.86 471.48 30.16 42.64 0.0560
688.56 472.16 33.76 35.16 0.0547
72.24 294.18 30.26 32.60 0.0545
888.28 170.09 39.63 24.63 0.0543
960.73 486.83 26.51 36.85 0.0537
739.59 480.01 22.56 29.52 0.0525
970.91 180.65 45.42 38.80 0.0523
801.51 407.76 26.49 31.91 0.0516
700.69 435.00 25.20 32.39 0.0514
0.00 318.81 51.36 94.39 0.0510
886.25 40.06 28.41 34.51 0.0510
993.75 293.34 23.07 34.00 0.0502
908.39 159.78 49.59 35.41 0.0500
