26_Soldier_Drilling_Soldiers_Drilling_26_259
15
444.39 359.76 362.77 439.75 0.2099
378.75 568.18 309.10 582.82 0.1446
481.85 220.86 513.52 321.97 0.0927
140.48 521.53 372.96 549.89 0.0890
517.61 602.73 322.21 548.27 0.0728
56.93 46.66 273.24 407.54 0.0561
124.37 201.11 236.79 406.47 0.0550
181.81 399.32 389.64 420.66 0.0533
320.91 275.48 338.43 488.75 0.0402
72.70 421.39 206.12 643.38 0.0355
139.76 385.00 214.66 483.11 0.0324
192.96 236.85 392.34 292.37 0.0218
151.92 642.37 203.35 508.63 0.0217
594.26 377.66 429.74 400.90 0.0214
0.00 105.57 53.95 128.76 0.0208
