26_Soldier_Drilling_Soldiers_Drilling_26_991
17
300.58 95.09 353.87 125.65 0.4824
507.23 92.77 366.25 131.75 0.2874
366.57 80.86 372.48 84.57 0.2785
162.59 99.65 339.60 124.61 0.1589
532.36 213.98 289.32 157.02 0.1044
510.77 144.40 351.39 165.57 0.0767
532.02 62.48 491.98 96.22 0.0734
390.49 210.48 285.68 160.52 0.0701
161.03 148.11 339.99 167.94 0.0648
236.10 207.42 288.46 163.58 0.0517
584.74 122.75 439.26 125.40 0.0425
152.69 126.20 203.60 141.77 0.0411
312.51 151.80 321.25 171.90 0.0297
149.35 74.50 221.92 111.47 0.0256
86.01 87.47 195.52 180.28 0.0253
150.97 214.78 206.53 156.22 0.0253
285.59 55.60 373.71 75.86 0.0209
