33_Running_Running_33_203
39
367.43 106.41 43.52 49.29 0.8399
811.13 215.05 33.93 41.31 0.3110
919.27 158.26 30.73 37.31 0.2047
404.53 228.78 44.28 67.22 0.1541
335.54 251.31 22.54 33.27 0.1399
595.98 423.29 214.54 84.50 0.1305
814.50 195.69 56.39 68.71 0.1261
434.87 212.52 36.90 65.93 0.1259
737.45 217.18 23.27 33.74 0.1156
354.31 224.22 79.91 88.82 0.0982
644.88 235.16 45.83 57.54 0.0907
635.24 221.95 34.70 49.45 0.0899
735.42 199.78 20.55 28.22 0.0886
851.13 168.50 25.33 38.50 0.0861
833.50 199.00 94.42 99.47 0.0831
878.72 154.92 35.78 51.25 0.0769
911.11 192.90 58.01 67.50 0.0763
571.47 372.73 338.02 150.97 0.0753
951.02 164.06 35.56 47.53 0.0746
643.21 247.98 65.31 81.56 0.0743
996.67 121.46 22.90 44.53 0.0722
993.60 137.26 26.12 49.74 0.0675
911.62 171.74 47.07 62.74 0.0671
735.10 221.62 33.96 49.49 0.0666
516.50 257.51 32.00 36.07 0.0621
702.90 195.94 24.27 33.54 0.0620
428.57 431.72 448.43 252.28 0.0616
663.33 233.10 63.54 71.95 0.0604
508.70 221.66 33.76 46.71 0.0583
993.87 161.23 27.15 55.76 0.0574
740.40 270.36 76.49 69.89 0.0566
528.86 290.84 77.87 68.42 0.0559
513.83 240.19 32.92 40.54 0.0558
471.72 277.65 114.64 97.55 0.0552
557.30 265.13 26.15 28.15 0.0551
585.59 269.44 31.56 32.04 0.0519
662.47 199.86 28.14 40.10 0.0515
369.27 281.41 64.95 112.24 0.0511
851.39 161.81 69.02 99.13 0.0500
