13_Interview_Interview_On_Location_13_852
33
268.36 187.75 223.68 299.97 0.866437
833.15 324.57 37.32 34.45 0.110592
305.74 109.31 98.82 107.07 0.092849
808.20 325.99 29.20 32.47 0.089116
807.31 348.64 36.25 35.68 0.077743
283.04 93.21 91.58 72.43 0.074949
226.65 588.58 94.96 111.02 0.074043
307.69 52.86 182.98 178.75 0.073044
715.27 357.99 16.35 16.83 0.072970
830.18 349.26 39.01 35.18 0.072399
447.72 691.12 82.24 71.16 0.072074
656.16 217.36 34.75 57.81 0.071157
331.58 23.62 78.18 82.09 0.071119
503.46 240.45 82.85 181.08 0.069908
519.02 213.57 52.48 85.82 0.065806
390.63 10.05 77.47 78.91 0.063643
746.38 237.56 68.38 72.69 0.062465
516.38 185.07 61.80 73.81 0.062351
442.38 210.67 69.20 119.96 0.060905
245.66 147.58 115.18 180.60 0.060818
36.20 388.91 162.47 295.17 0.060376
832.22 363.14 42.09 46.81 0.059991
796.43 367.95 40.40 43.18 0.059166
457.25 169.77 68.61 103.21 0.058863
350.16 552.68 88.47 145.35 0.058652
410.55 634.02 80.80 102.19 0.058363
73.86 22.91 66.17 79.81 0.055816
348.81 380.27 188.38 318.38 0.055327
190.84 593.10 72.90 70.41 0.054256
370.69 719.78 47.91 45.25 0.053730
316.82 67.15 103.37 93.24 0.052958
243.20 129.47 69.74 72.61 0.052841
555.03 200.86 36.17 43.14 0.052487
