13_Interview_Interview_On_Location_13_513
13
495.37 101.26 115.95 184.21 0.761757
542.95 238.57 79.24 113.82 0.188653
524.81 197.28 75.18 127.38 0.173424
520.48 74.41 87.27 92.10 0.150017
560.98 277.34 83.32 87.18 0.136245
556.97 165.95 292.77 221.76 0.090312
476.22 151.80 88.58 163.14 0.086967
511.77 90.37 274.79 225.64 0.066979
522.38 120.02 134.12 242.49 0.064959
874.31 311.32 63.31 56.20 0.064909
884.69 337.23 51.90 44.83 0.058223
818.69 308.59 79.89 67.39 0.056380
546.10 225.59 180.23 152.11 0.054004
