13_Interview_Interview_Sequences_13_37
99
483.53 172.82 84.63 75.86 0.805781
71.91 417.59 94.97 134.28 0.534596
224.46 179.59 90.37 108.30 0.487464
795.70 186.99 72.37 76.10 0.480185
593.99 114.13 50.34 60.78 0.338099
362.66 349.68 85.75 82.90 0.331842
259.81 111.34 64.85 90.58 0.315129
758.99 471.80 149.42 151.98 0.308122
275.50 107.77 43.22 53.84 0.275492
617.38 341.52 52.61 85.25 0.267803
748.03 203.90 80.59 81.33 0.253326
70.06 346.73 63.56 101.61 0.243088
767.53 197.14 127.19 139.16 0.221407
720.28 230.94 133.80 156.58 0.184150
232.21 119.73 58.92 87.78 0.181144
659.03 104.49 50.07 64.18 0.178919
596.29 379.04 67.14 96.01 0.178234
513.43 104.11 51.48 63.84 0.175829
180.88 553.05 148.83 108.60 0.175394
235.03 107.04 36.53 54.82 0.174373
573.97 132.95 84.11 86.97 0.172224
510.67 143.06 90.34 98.72 0.170843
695.00 268.57 93.72 125.00 0.154809
674.22 120.45 53.82 51.61 0.153358
314.21 131.60 47.84 62.50 0.148530
244.92 352.22 38.48 52.77 0.146012
5.15 520.00 53.05 66.38 0.144844
835.69 210.76 93.77 98.36 0.132166
204.81 102.89 29.82 40.57 0.128316
330.42 101.49 31.06 38.95 0.125083
757.79 178.15 201.04 246.08 0.118666
623.03 307.21 69.96 89.62 0.115573
4.65 464.70 56.39 84.98 0.109339
727.04 447.27 92.20 118.98 0.108806
668.69 167.36 149.73 168.79 0.108101
564.28 100.63 56.57 66.14 0.107178
392.35 366.35 137.26 102.06 0.104112
625.05 269.50 84.53 92.87 0.103928
549.42 390.09 95.61 95.63 0.102890
348.51 261.12 70.23 117.57 0.102457
273.26 192.33 83.36 101.75 0.101477
288.47 83.58 25.81 35.93 0.100249
340.53 83.18 20.22 28.99 0.095868
609.44 82.82 41.51 52.20 0.094574
634.66 117.94 97.29 109.04 0.093324
599.23 523.69 53.52 76.75 0.092300
376.07 97.97 28.46 31.06 0.090950
870.75 158.87 59.87 86.67 0.090286
489.35 349.77 149.95 128.51 0.086690
656.69 82.81 38.53 50.98 0.085612
763.82 559.17 134.75 86.75 0.084925
705.48 401.63 57.82 65.80 0.083233
864.50 210.02 112.36 134.60 0.083097
982.55 401.27 37.27 52.08 0.082047
483.08 205.04 79.89 101.87 0.080882
706.52 429.05 71.34 81.52 0.079946
808.47 616.43 96.55 51.79 0.079140
429.17 171.39 70.91 62.66 0.078511
153.45 451.47 135.45 160.40 0.077419
704.54 356.25 57.02 62.90 0.077105
438.08 499.42 77.04 126.09 0.075432
471.22 99.19 82.24 66.24 0.073755
569.56 193.52 109.51 104.10 0.073407
856.77 616.50 70.92 44.41 0.071322
606.55 159.00 127.50 151.08 0.070114
237.08 81.32 33.08 51.78 0.068761
364.73 419.22 66.29 85.97 0.067589
75.85 486.04 76.50 105.02 0.067236
526.93 232.08 80.32 89.01 0.065920
382.33 83.31 23.16 31.23 0.065412
202.32 110.24 60.51 79.07 0.065049
288.50 213.73 101.96 159.99 0.064828
224.90 289.39 68.82 101.80 0.061781
369.41 135.88 35.77 39.78 0.061360
893.59 182.35 75.52 92.90 0.061271
619.11 226.06 133.74 127.66 0.061136
568.80 435.34 103.24 124.96 0.060976
932.46 414.66 48.94 39.40 0.059943
515.80 82.53 34.59 53.45 0.059360
412.99 425.97 132.92 183.12 0.059042
426.50 89.17 56.77 51.12 0.058632
922.73 433.97 58.21 65.41 0.058329
166.11 271.29 69.77 117.63 0.057284
173.80 429.41 81.79 127.37 0.057124
368.02 164.74 47.93 53.26 0.056937
441.23 570.11 86.13 109.70 0.056905
681.12 435.91 166.09 215.14 0.056852
358.62 195.28 61.31 64.10 0.056387
385.68 408.75 112.01 135.22 0.055323
0.00 394.60 58.57 109.28 0.055056
308.82 365.51 95.43 137.65 0.054364
35.52 510.74 72.72 90.30 0.054111
419.57 226.81 56.78 57.98 0.053504
98.36 497.75 126.40 120.79 0.052818
860.60 295.95 129.57 134.28 0.052523
344.67 226.88 84.13 90.21 0.052416
753.03 98.22 34.14 40.25 0.051660
238.33 356.08 52.59 101.35 0.051431
921.88 379.16 59.73 50.53 0.050052
