13_Interview_Interview_On_Location_13_512
24
361.79 141.41 178.19 308.08 0.772341
271.73 795.65 97.14 288.98 0.235836
699.82 726.85 164.98 377.10 0.174826
201.41 845.45 154.13 378.63 0.096955
265.19 729.25 88.63 233.96 0.088679
701.87 265.82 136.63 172.21 0.086309
472.50 186.78 136.65 278.94 0.075481
345.95 497.34 252.77 447.55 0.074005
303.47 764.82 61.19 154.05 0.073296
989.87 386.91 26.11 100.97 0.071231
667.80 1222.57 125.62 231.32 0.066959
722.25 364.49 89.19 106.58 0.065999
380.14 556.16 170.89 254.13 0.063809
333.93 100.10 146.14 224.74 0.063696
991.48 442.38 24.35 110.44 0.062202
168.97 1157.34 106.67 256.81 0.061966
991.84 338.59 23.31 89.43 0.060103
280.48 936.86 83.74 248.41 0.056636
892.32 531.73 35.10 134.59 0.054623
887.76 583.98 44.48 188.95 0.052682
774.07 288.25 89.34 138.68 0.051514
740.79 839.64 141.28 396.70 0.051248
815.88 276.46 89.89 182.36 0.050676
530.10 593.29 303.00 422.79 0.050183
