13_Interview_Interview_On_Location_13_33
22
399.82 98.67 73.07 92.65 0.814130
789.42 53.81 68.12 124.40 0.763115
100.18 76.53 82.45 125.99 0.582389
540.80 97.19 106.41 128.03 0.248410
542.69 178.18 92.67 126.28 0.181869
596.25 95.60 119.26 158.35 0.168372
510.13 91.42 57.35 106.81 0.109324
573.09 219.15 80.55 94.30 0.103132
628.27 249.92 61.30 71.52 0.093904
383.47 203.24 58.77 55.99 0.077567
116.48 59.61 60.67 79.50 0.077496
428.45 73.96 74.56 106.15 0.068803
135.36 53.48 81.65 89.34 0.063968
433.40 190.41 83.57 96.22 0.063847
139.19 120.59 75.63 69.27 0.063825
801.69 34.94 66.28 87.25 0.062354
747.26 94.81 90.68 116.38 0.055418
49.23 66.72 70.43 101.47 0.054901
587.53 258.24 83.13 84.99 0.054610
633.93 172.74 104.28 158.07 0.054308
681.61 65.31 65.34 154.91 0.052927
649.83 66.34 62.50 84.93 0.052890
