13_Interview_Interview_Sequences_13_813
20
394.62 163.63 198.60 271.53 0.915620
235.52 671.41 131.84 309.10 0.145265
807.03 1190.13 122.71 232.31 0.143294
231.28 639.49 49.61 190.27 0.126158
809.43 720.97 73.61 239.21 0.119494
184.96 601.08 63.48 143.64 0.104442
168.86 626.47 208.37 519.56 0.087560
723.81 857.48 108.26 259.69 0.086356
763.40 892.97 116.43 326.40 0.084874
138.72 562.08 128.94 382.36 0.077479
539.68 575.79 116.33 171.05 0.077219
308.57 626.93 62.21 213.73 0.075319
443.96 244.07 170.32 278.70 0.073672
793.51 1044.28 67.35 144.67 0.070045
269.37 582.80 261.76 628.68 0.068427
144.77 610.73 85.27 142.93 0.066390
765.87 693.05 92.79 282.65 0.057498
514.43 601.46 78.93 111.75 0.054571
379.08 1397.06 117.78 149.94 0.051736
178.91 1011.36 94.87 189.28 0.051681
