22_Picnic_Picnic_22_357
30
548.29 235.35 27.74 40.32 0.6987
488.14 218.91 26.64 38.77 0.6313
380.79 261.38 27.68 38.57 0.4470
371.08 264.01 39.73 65.41 0.1266
338.78 313.38 26.62 54.32 0.1200
390.19 262.63 33.81 40.57 0.1100
400.80 285.21 30.68 49.04 0.0966
334.21 320.68 44.64 99.60 0.0966
671.92 469.81 22.14 23.30 0.0956
701.21 503.87 20.93 35.94 0.0954
436.81 354.33 34.89 62.88 0.0938
353.12 361.51 84.94 154.75 0.0824
366.95 314.46 44.41 66.69 0.0816
593.75 245.60 20.47 30.79 0.0805
304.74 384.39 28.18 49.83 0.0798
446.43 271.84 25.69 31.60 0.0775
442.56 299.06 30.08 53.99 0.0763
660.34 494.41 24.44 29.07 0.0733
611.92 365.92 45.14 58.90 0.0711
395.30 324.18 48.81 100.48 0.0701
295.36 331.97 40.06 84.20 0.0688
440.29 316.41 34.79 70.17 0.0664
517.13 226.31 26.44 37.11 0.0659
319.32 356.70 77.35 122.84 0.0595
298.55 245.77 24.58 37.89 0.0575
669.25 442.63 24.76 37.49 0.0566
336.26 271.70 28.34 46.84 0.0563
626.45 446.10 25.91 35.38 0.0556
446.26 251.79 25.94 29.00 0.0524
456.38 347.26 58.27 79.52 0.0518
