42_Car_Racing_Car_Racing_42_906
22
616.93 90.00 407.07 131.60 0.7808
261.41 110.73 425.81 101.27 0.6166
436.19 101.75 366.12 191.56 0.4812
181.96 108.91 294.12 182.86 0.3581
468.70 240.81 451.61 183.85 0.1843
159.56 99.52 196.34 131.16 0.1708
427.69 80.56 387.61 90.88 0.1484
132.61 101.74 107.66 197.92 0.1432
280.38 130.72 392.37 213.35 0.1137
622.94 125.99 401.06 225.12 0.0824
606.83 45.30 417.17 59.97 0.0809
233.13 82.30 342.22 88.44 0.0721
10.77 281.45 49.67 165.55 0.0635
180.00 136.18 157.59 200.56 0.0630
299.61 272.58 350.64 174.42 0.0574
64.64 103.75 91.18 194.51 0.0550
127.64 273.49 258.19 173.51 0.0529
45.15 271.51 124.94 175.49 0.0386
0.00 0.00 76.34 48.13 0.0364
23.15 117.76 27.02 168.41 0.0355
645.01 275.59 378.99 171.41 0.0302
643.27 6.07 380.73 34.96 0.0255
