42_Car_Racing_Car_Racing_42_600
22
82.20 160.41 496.06 219.23 0.4604
110.68 161.76 144.67 224.83 0.4000
70.57 165.28 81.16 223.72 0.3490
152.01 163.21 209.33 356.12 0.3255
494.87 155.72 529.13 225.24 0.2443
258.08 122.00 435.16 177.31 0.2439
22.76 153.88 33.21 239.50 0.2073
133.92 118.38 247.45 190.71 0.1428
262.07 151.33 421.40 365.03 0.0997
67.90 227.58 85.74 361.76 0.0948
21.95 249.13 31.85 334.31 0.0862
121.42 230.73 123.21 355.29 0.0809
628.58 105.28 395.42 187.06 0.0613
227.09 294.66 498.09 403.03 0.0473
614.54 224.28 409.46 405.01 0.0421
118.20 214.51 422.95 386.74 0.0390
0.00 5.83 66.67 66.47 0.0345
4.21 491.84 61.53 276.16 0.0326
619.77 53.87 404.23 141.05 0.0325
633.23 478.70 390.77 289.30 0.0305
643.92 2.27 380.08 76.52 0.0268
18.35 51.44 33.78 130.33 0.0206
