14_Traffic_Traffic_14_840
32
589.32 192.60 434.68 228.57 0.8213
593.29 292.06 430.71 240.49 0.7611
75.08 208.02 64.06 202.18 0.6849
73.00 289.08 71.13 251.60 0.6391
124.94 203.03 111.21 212.23 0.6201
17.78 198.81 44.44 218.77 0.5948
125.68 294.92 113.56 241.33 0.5884
303.38 254.14 341.78 215.32 0.5878
157.89 292.53 194.40 243.87 0.5821
434.98 196.06 370.07 221.43 0.5363
136.66 199.59 234.06 218.83 0.5278
19.08 293.24 39.16 246.35 0.5262
427.75 297.58 386.15 233.14 0.5070
607.17 113.30 416.83 171.23 0.3653
288.16 143.05 376.18 222.67 0.2543
221.49 333.45 357.27 223.55 0.2010
200.44 105.72 401.25 174.40 0.1554
424.14 120.71 394.10 167.31 0.1231
12.73 131.54 46.17 136.44 0.1169
602.10 43.16 421.90 97.64 0.1093
120.82 68.83 421.21 146.94 0.1001
329.14 72.41 434.64 141.67 0.0877
99.91 125.70 166.65 146.36 0.0853
51.37 130.19 115.92 141.68 0.0795
96.79 83.33 174.13 112.13 0.0495
16.49 75.67 36.17 129.72 0.0423
184.78 41.75 432.54 101.78 0.0384
620.75 5.41 403.25 53.42 0.0369
60.12 86.17 99.31 105.18 0.0359
1.34 1.91 63.52 54.56 0.0327
19.64 39.20 34.14 89.69 0.0269
124.59 43.79 258.77 96.36 0.0243
