14_Traffic_Traffic_14_55
32
612.33 70.75 411.67 141.29 0.3725
607.13 183.44 416.87 262.77 0.2144
220.66 39.88 362.70 84.32 0.1308
160.28 14.70 338.40 41.82 0.0867
348.93 75.54 399.05 131.79 0.0796
207.64 248.13 389.51 256.54 0.0758
163.91 41.72 191.23 79.68 0.0709
623.81 9.85 400.19 52.77 0.0641
335.43 359.57 425.57 223.43 0.0611
90.82 152.96 186.08 220.82 0.0566
606.73 47.37 417.27 85.91 0.0537
62.70 144.45 99.02 234.69 0.0530
5.52 1.96 56.80 56.21 0.0483
619.83 358.98 404.17 224.02 0.0477
117.67 46.23 132.30 71.94 0.0474
357.84 185.12 379.21 271.54 0.0467
436.28 122.30 369.60 149.86 0.0452
92.87 12.73 178.10 39.40 0.0443
21.73 151.78 28.90 222.07 0.0438
174.08 191.59 164.77 254.98 0.0413
164.71 77.70 185.61 130.83 0.0397
107.86 80.43 153.64 130.33 0.0374
8.41 369.56 49.04 213.44 0.0324
113.30 248.92 148.13 249.61 0.0316
22.62 34.98 27.35 101.01 0.0303
36.66 11.63 145.37 36.35 0.0299
22.11 70.61 28.18 150.79 0.0294
66.68 45.52 86.99 75.88 0.0291
64.20 77.43 94.34 136.18 0.0271
431.21 48.70 375.47 94.22 0.0233
185.30 305.56 144.78 251.33 0.0230
148.52 348.80 364.66 234.20 0.0230
