54_Rescue_rescuepeople_54_845
14
238.06 228.73 335.35 290.97 0.1089
606.92 178.48 417.08 261.13 0.0932
627.44 408.93 396.56 271.07 0.0850
297.64 370.04 358.28 269.62 0.0697
558.52 296.13 421.93 287.31 0.0515
451.88 386.73 345.40 255.23 0.0500
0.00 0.00 72.70 78.32 0.0415
153.85 394.10 355.44 285.90 0.0400
637.74 39.59 386.26 132.30 0.0388
643.21 4.11 380.79 65.15 0.0384
237.26 173.27 480.42 154.48 0.0352
0.00 182.12 118.59 248.34 0.0281
0.80 436.24 68.18 243.76 0.0245
4.53 27.03 56.19 149.86 0.0215
