5_Car_Accident_Car_Crash_5_133
19
621.95 93.40 402.05 150.08 0.7539
619.00 48.92 405.00 108.70 0.6752
622.02 19.68 401.98 43.73 0.3795
130.40 257.08 100.15 236.99 0.2403
75.97 262.95 76.87 229.88 0.2099
174.35 252.70 159.63 238.18 0.1816
650.58 352.55 373.42 310.42 0.1364
230.05 163.59 343.41 276.12 0.1158
584.14 151.60 439.86 267.79 0.1024
526.91 58.25 338.60 80.81 0.0966
25.55 262.36 29.86 224.40 0.0955
139.12 292.20 376.86 271.44 0.0807
351.81 131.08 388.60 214.66 0.0749
10.81 299.74 55.40 258.26 0.0666
348.25 403.58 399.40 266.42 0.0624
41.08 253.09 1.02 245.63 0.0426
432.66 295.15 377.82 280.56 0.0425
445.01 94.99 359.70 144.33 0.0387
472.62 13.34 307.90 49.17 0.0342
