40_Gymnastics_Gymnastics_40_273
22
627.00 54.12 397.00 111.61 0.9376
606.53 120.49 417.47 193.94 0.8954
309.21 69.59 351.46 100.32 0.7787
147.16 60.97 247.89 114.27 0.6240
609.48 260.06 414.52 310.04 0.6179
460.72 65.17 317.74 112.30 0.5729
496.14 90.14 400.02 141.04 0.4742
83.48 127.44 169.91 143.64 0.4546
285.61 126.71 360.20 174.64 0.4540
150.97 230.50 231.42 277.52 0.4247
162.22 98.06 191.76 138.42 0.4156
205.36 87.39 388.51 145.54 0.3931
205.98 220.37 410.69 269.14 0.3826
168.40 120.73 315.09 171.85 0.3676
455.24 124.26 332.29 178.15 0.3635
423.49 258.50 403.21 322.85 0.3427
346.57 149.67 399.37 272.19 0.3211
76.25 231.24 169.19 363.10 0.2405
636.21 16.04 387.79 60.94 0.0670
289.09 353.02 376.02 297.98 0.0528
148.20 290.60 354.67 360.40 0.0322
3.60 107.67 43.08 130.20 0.0215
