56_Voter_peoplevoting_56_796
23
414.84 101.58 191.03 299.74 0.8657
263.04 1236.03 118.97 129.97 0.1889
820.17 492.54 49.39 153.62 0.1307
147.05 583.82 43.47 108.50 0.1294
768.96 870.82 24.60 55.74 0.1234
44.00 250.68 161.88 321.25 0.0962
172.99 546.41 46.18 126.67 0.0806
208.36 496.59 52.66 122.46 0.0804
773.25 843.29 22.11 59.44 0.0793
844.75 880.36 66.07 197.55 0.0788
763.93 863.80 38.08 106.22 0.0744
0.00 1268.59 39.50 97.41 0.0713
47.81 325.15 96.57 155.62 0.0708
251.08 426.88 181.01 461.42 0.0682
235.27 747.47 232.48 497.15 0.0661
189.81 528.76 31.59 88.35 0.0621
1.22 1183.56 33.32 122.21 0.0596
796.48 841.97 93.78 214.00 0.0583
585.39 189.37 78.26 163.41 0.0576
139.34 586.47 61.19 202.62 0.0531
89.50 375.43 125.60 241.37 0.0524
762.25 483.42 97.69 199.19 0.0519
174.06 457.97 167.38 417.68 0.0516
