37_Soccer_soccer_ball_37_238
102
403.31 264.60 422.37 309.08 0.4246
47.00 148.44 457.17 244.26 0.2507
592.55 286.23 431.45 265.20 0.1777
95.92 170.00 161.52 371.56 0.1634
389.99 364.20 351.01 366.30 0.1543
145.23 227.28 212.79 343.39 0.1202
122.16 72.57 267.84 264.80 0.1180
22.23 30.96 185.84 386.08 0.0998
53.64 173.77 91.78 174.37 0.0937
327.21 209.18 323.12 313.83 0.0931
534.16 420.42 317.14 386.58 0.0925
216.34 377.34 350.92 366.42 0.0762
147.20 364.54 237.75 409.77 0.0739
394.04 155.41 408.86 240.93 0.0635
42.08 252.97 186.78 411.20 0.0608
20.44 157.51 68.12 190.31 0.0568
757.80 298.81 124.24 152.47 0.0560
339.86 471.07 268.82 335.93 0.0536
175.23 92.49 431.96 216.20 0.0522
460.03 103.44 429.42 204.46 0.0521
573.11 160.14 450.89 232.48 0.0518
643.97 309.39 141.11 114.20 0.0512
624.13 313.76 107.03 167.43 0.0503
620.05 400.95 110.23 158.06 0.0467
679.26 405.79 133.24 143.05 0.0465
49.19 32.87 273.39 218.52 0.0464
367.00 251.26 121.24 151.53 0.0461
753.05 394.71 129.77 158.31 0.0446
108.42 489.24 188.24 317.76 0.0439
587.39 349.72 102.08 174.42 0.0436
584.54 304.86 117.44 129.87 0.0436
581.75 439.34 115.67 148.47 0.0431
658.14 424.32 103.34 167.20 0.0428
653.54 361.21 116.81 152.20 0.0418
684.35 332.07 125.17 150.33 0.0413
387.69 357.21 117.30 153.32 0.0397
717.99 435.13 128.51 146.49 0.0392
647.18 264.91 161.43 116.23 0.0389
357.71 313.20 109.79 152.82 0.0375
2.90 157.51 60.54 132.43 0.0374
65.11 111.59 71.65 148.58 0.0372
734.26 276.62 101.37 126.86 0.0353
376.31 53.54 430.66 159.66 0.0351
257.12 0.00 332.86 126.95 0.0349
724.03 354.64 119.14 164.77 0.0349
0.00 0.00 65.60 66.99 0.0345
544.24 335.85 119.68 136.92 0.0345
618.74 284.12 117.27 111.42 0.0339
363.09 403.11 106.37 130.70 0.0334
765.71 254.54 164.15 131.32 0.0333
322.95 284.06 114.14 147.69 0.0333
804.58 33.32 118.59 107.97 0.0330
404.54 0.00 334.61 130.18 0.0330
5.42 0.00 91.62 114.74 0.0328
804.11 0.00 122.98 66.86 0.0326
146.89 0.00 237.75 149.15 0.0323
0.00 137.29 42.20 109.95 0.0323
538.89 406.90 121.57 127.99 0.0316
946.77 0.00 77.23 90.99 0.0302
16.96 248.36 58.08 148.63 0.0299
790.15 431.64 121.79 170.81 0.0298
305.98 237.37 129.08 118.91 0.0296
554.20 0.00 327.51 129.18 0.0293
774.98 0.00 249.02 140.91 0.0293
380.60 222.32 158.74 127.57 0.0288
519.89 459.58 139.13 123.57 0.0283
313.79 365.28 112.95 130.74 0.0283
791.43 350.56 118.74 169.04 0.0279
733.17 29.77 113.11 116.85 0.0279
0.00 522.20 228.23 284.80 0.0276
732.20 0.00 119.46 63.06 0.0275
715.40 227.27 106.53 123.24 0.0272
529.34 273.45 127.05 123.10 0.0271
854.47 0.00 106.00 92.58 0.0270
0.00 189.49 29.81 126.40 0.0261
653.05 493.64 151.14 121.06 0.0252
0.00 0.00 151.63 54.91 0.0251
40.54 15.19 96.93 138.22 0.0249
778.68 481.59 101.65 197.03 0.0248
8.47 113.03 67.88 118.60 0.0247
924.90 0.00 99.10 31.68 0.0247
660.65 27.20 112.11 119.78 0.0239
414.71 304.03 111.54 152.41 0.0238
702.78 0.00 101.15 88.94 0.0238
606.05 387.27 417.95 310.81 0.0233
31.50 62.39 82.61 136.65 0.0231
659.85 0.00 116.92 62.11 0.0231
344.10 179.49 113.22 129.61 0.0223
629.44 0.00 99.31 88.12 0.0221
300.80 21.22 107.71 131.85 0.0220
552.24 0.00 99.83 85.41 0.0219
290.64 0.00 103.34 84.42 0.0216
367.35 0.00 101.40 88.43 0.0214
602.55 219.10 116.20 133.83 0.0211
588.09 25.08 114.09 122.55 0.0211
0.00 715.69 47.34 91.31 0.0210
75.10 0.00 99.67 85.41 0.0210
476.60 0.00 99.27 83.15 0.0208
219.26 0.00 100.00 82.43 0.0207
148.04 0.00 98.50 83.85 0.0206
290.82 415.06 137.12 134.30 0.0200
494.45 318.31 115.97 127.19 0.0200
