16_Award_Ceremony_Awards_Ceremony_16_311
24
395.89 120.46 188.47 261.95 0.9451
645.34 918.45 62.90 63.15 0.1812
263.04 948.67 74.56 85.09 0.1674
364.97 911.49 139.44 164.56 0.1653
290.06 903.03 88.25 109.89 0.1492
247.72 901.09 76.55 95.49 0.1226
600.92 900.30 106.48 117.73 0.1222
970.60 515.43 53.40 270.64 0.1149
518.52 867.52 115.87 133.00 0.0957
207.01 900.08 117.08 164.60 0.0956
390.65 380.59 116.04 188.63 0.0903
637.34 944.53 61.81 71.67 0.0843
667.92 874.50 71.03 73.61 0.0699
98.99 817.78 178.45 264.39 0.0689
613.37 372.94 253.88 589.06 0.0660
270.46 947.05 125.44 146.36 0.0660
645.73 555.46 117.34 244.39 0.0625
450.41 509.13 77.71 125.93 0.0623
239.83 425.75 56.23 97.28 0.0611
552.57 93.67 310.54 696.91 0.0589
352.98 357.82 104.00 148.46 0.0573
248.75 987.37 82.28 116.87 0.0570
441.48 433.39 89.91 115.36 0.0537
428.27 0.00 155.33 129.82 0.0530
