16_Award_Ceremony_Awards_Ceremony_16_361
37
461.83 110.35 117.45 168.33 0.9375
513.90 1162.90 35.78 85.56 0.2487
801.88 842.99 31.25 43.06 0.1579
557.87 173.11 70.90 122.09 0.1537
564.84 909.78 61.54 161.69 0.1394
690.52 837.61 36.45 63.22 0.1153
770.82 847.22 40.77 47.58 0.0939
663.41 819.93 32.25 73.29 0.0929
515.17 728.57 21.91 42.11 0.0925
612.18 1264.53 54.49 118.19 0.0901
682.09 836.87 61.42 102.21 0.0897
731.31 849.34 36.00 53.06 0.0846
735.49 821.69 118.86 130.09 0.0841
593.16 881.26 59.93 120.67 0.0840
359.15 525.26 42.65 146.82 0.0833
517.76 776.90 27.20 51.43 0.0784
720.03 851.85 66.87 83.27 0.0776
652.36 837.94 53.55 106.42 0.0705
866.44 802.12 69.53 107.46 0.0703
6.33 616.61 24.45 52.75 0.0702
482.16 722.93 24.00 53.06 0.0676
559.52 722.98 23.13 49.24 0.0654
553.30 773.90 31.12 64.54 0.0638
485.28 0.00 133.68 169.31 0.0615
609.29 0.00 64.74 69.18 0.0611
519.20 674.96 17.80 39.01 0.0602
561.52 840.79 397.52 586.48 0.0583
617.53 763.22 36.14 77.83 0.0580
661.11 718.70 24.06 57.01 0.0579
656.33 604.86 24.33 56.27 0.0562
351.95 624.71 41.69 97.44 0.0548
630.21 671.56 19.17 46.99 0.0544
662.68 781.16 29.69 72.10 0.0523
41.32 1107.39 37.15 59.40 0.0519
135.54 1092.73 64.37 75.90 0.0519
600.97 67.25 89.92 145.74 0.0511
393.61 554.97 46.15 110.42 0.0503
