20_Family_Group_Family_Group_20_100
56
689.46 192.79 80.57 104.65 0.9632
304.05 154.80 70.19 94.93 0.9423
166.98 150.00 65.69 93.90 0.9403
869.82 34.79 104.72 139.83 0.9318
499.87 171.37 81.66 100.72 0.8990
391.59 427.94 128.12 105.04 0.4156
633.32 488.79 31.36 36.53 0.3607
945.28 506.40 67.67 49.21 0.3570
122.11 389.86 91.80 68.55 0.1984
182.30 423.45 89.21 70.05 0.1675
988.89 579.99 33.04 48.58 0.1445
767.76 462.36 66.84 81.98 0.1439
644.23 489.31 45.64 52.04 0.1400
800.90 580.04 45.14 28.12 0.1231
914.56 537.65 52.11 43.00 0.1115
625.30 511.36 35.72 53.59 0.1104
694.02 448.91 88.74 124.88 0.1079
656.48 511.76 40.61 55.99 0.1061
804.96 591.80 45.23 33.57 0.1004
624.32 545.07 30.72 44.12 0.0988
738.63 619.25 40.73 29.75 0.0950
179.88 214.93 59.88 98.36 0.0899
873.34 550.48 44.65 33.94 0.0873
943.10 566.23 51.00 46.25 0.0859
769.40 598.43 43.62 35.69 0.0848
775.25 574.55 46.08 27.93 0.0819
215.04 440.65 78.50 55.94 0.0810
803.65 600.69 61.92 47.44 0.0795
875.22 533.20 48.94 34.04 0.0789
505.64 222.45 65.23 75.58 0.0781
0.00 413.02 28.79 48.46 0.0754
0.00 590.98 66.48 55.91 0.0733
800.24 557.36 74.78 49.83 0.0726
195.12 386.70 66.42 75.36 0.0713
962.66 296.49 56.70 102.99 0.0651
849.48 592.28 119.90 56.72 0.0621
213.83 461.79 73.02 79.19 0.0612
814.03 260.05 108.86 175.14 0.0609
653.26 584.72 33.00 42.46 0.0601
295.46 381.37 35.52 38.32 0.0601
870.22 556.28 91.98 78.11 0.0589
60.45 387.84 60.59 67.06 0.0583
553.03 499.70 38.15 45.31 0.0573
918.61 471.05 98.46 71.93 0.0573
828.22 169.26 102.56 162.52 0.0572
844.54 192.87 61.34 87.66 0.0562
874.60 564.56 57.76 49.24 0.0551
589.94 498.76 43.09 48.93 0.0545
452.80 425.61 90.93 96.58 0.0538
461.62 482.54 53.14 70.99 0.0533
0.00 361.42 25.38 52.24 0.0519
683.33 573.07 39.90 39.23 0.0513
572.77 579.52 88.77 69.48 0.0510
646.72 564.28 42.95 50.20 0.0509
43.56 376.73 26.46 46.87 0.0505
236.76 449.17 86.26 66.60 0.0501
