20_Family_Group_Family_Group_20_750
26
349.39 73.63 170.44 245.20 0.8924
568.37 214.16 160.21 235.00 0.8509
88.70 1077.23 99.95 118.02 0.3239
956.16 945.53 62.70 109.86 0.2003
711.70 1014.14 109.93 393.94 0.1928
137.90 1092.67 72.47 97.55 0.1534
772.97 1312.05 84.56 145.87 0.1340
678.58 331.10 101.86 135.99 0.1292
0.54 949.06 34.79 112.69 0.1021
319.16 1158.61 75.15 251.74 0.0940
280.06 1027.16 128.66 344.44 0.0911
738.57 1114.57 154.97 369.43 0.0884
274.19 973.79 224.25 506.74 0.0759
650.32 228.71 121.49 202.36 0.0751
201.76 1029.64 138.66 224.30 0.0750
717.62 305.70 84.16 143.02 0.0723
859.27 1350.30 81.05 122.71 0.0677
546.26 164.94 95.85 210.14 0.0667
21.81 956.22 40.63 92.62 0.0606
56.88 450.37 132.19 445.70 0.0596
202.24 655.24 275.82 673.11 0.0595
821.78 1365.52 56.07 108.79 0.0580
464.32 167.79 83.10 160.10 0.0571
152.29 883.97 225.54 362.52 0.0565
264.18 648.71 143.02 342.40 0.0546
909.98 889.73 104.07 176.74 0.0535
