52_Photographers_photographertakingphoto_52_428
167
553.16 149.18 470.84 195.26 0.1521
336.50 129.17 410.20 236.56 0.1425
429.42 240.77 367.54 304.89 0.1015
509.89 308.88 514.11 277.82 0.0979
227.66 66.31 388.18 211.77 0.0894
411.39 378.70 287.04 363.30 0.0814
125.60 35.80 265.13 325.49 0.0739
613.65 47.17 128.36 89.41 0.0726
540.49 381.64 296.77 360.36 0.0655
596.48 25.17 157.21 67.82 0.0642
279.66 154.46 304.98 302.78 0.0613
828.36 54.52 140.56 80.32 0.0596
359.78 282.62 287.07 311.91 0.0579
115.13 444.75 255.70 297.25 0.0556
849.24 230.38 104.14 144.22 0.0514
551.92 11.65 131.22 59.81 0.0512
49.01 297.56 253.78 354.13 0.0511
193.50 0.00 328.81 131.39 0.0511
563.52 55.14 128.84 94.72 0.0503
609.76 567.14 121.75 150.10 0.0491
586.00 458.68 106.52 164.35 0.0486
764.74 154.12 106.37 147.89 0.0473
514.53 38.15 150.83 82.04 0.0467
305.26 15.62 445.65 180.99 0.0461
803.49 183.14 111.15 154.01 0.0461
820.29 32.02 144.01 65.15 0.0461
34.41 147.91 275.91 328.71 0.0459
604.17 394.11 134.81 152.18 0.0458
501.13 14.81 474.62 169.42 0.0457
726.79 44.32 169.69 86.46 0.0453
373.92 333.25 112.56 123.86 0.0452
0.00 56.74 249.48 250.42 0.0451
548.53 391.85 111.35 152.00 0.0450
802.40 47.96 107.88 148.23 0.0449
475.37 499.70 110.04 156.62 0.0445
539.97 145.43 130.99 160.33 0.0441
721.37 124.17 130.50 136.13 0.0439
840.71 71.99 109.09 161.17 0.0438
0.00 0.00 66.68 70.22 0.0436
384.68 150.80 123.14 144.48 0.0421
375.99 404.62 127.70 132.25 0.0420
356.70 231.22 118.35 135.68 0.0419
474.17 431.03 111.52 158.17 0.0418
836.68 161.16 113.08 141.90 0.0417
11.51 0.00 93.27 110.16 0.0415
428.72 390.24 128.11 149.87 0.0409
804.69 265.95 100.27 147.83 0.0409
796.38 343.25 114.61 124.35 0.0406
480.06 156.89 105.30 141.31 0.0405
631.51 0.00 81.74 115.22 0.0405
678.12 160.95 132.05 130.71 0.0405
554.04 562.63 102.68 159.73 0.0404
452.11 38.41 138.51 93.57 0.0403
620.97 152.98 122.71 147.30 0.0403
725.82 596.79 126.84 129.01 0.0400
850.88 290.02 92.60 149.29 0.0400
768.12 96.74 107.89 134.40 0.0399
548.55 503.18 118.93 141.93 0.0398
505.27 476.49 123.36 131.19 0.0397
136.93 211.32 331.25 318.28 0.0394
409.22 195.87 132.62 139.52 0.0392
770.07 387.26 124.14 126.91 0.0392
74.93 0.00 223.13 148.99 0.0392
801.98 118.50 112.18 149.41 0.0388
842.73 379.47 115.07 128.33 0.0388
512.27 115.89 105.33 155.05 0.0388
686.52 31.07 151.01 80.55 0.0386
321.21 152.29 120.21 148.18 0.0386
613.57 316.14 134.59 156.01 0.0386
59.76 0.00 96.42 102.52 0.0386
769.86 232.13 113.59 142.51 0.0384
594.76 0.00 154.27 62.75 0.0383
134.53 0.00 141.68 79.07 0.0381
404.65 565.14 112.99 170.26 0.0378
394.59 255.25 119.37 155.93 0.0376
615.69 71.22 127.02 156.20 0.0373
0.00 454.09 216.43 287.91 0.0371
479.25 85.50 103.58 146.76 0.0370
804.57 596.91 124.13 117.33 0.0364
650.88 111.64 123.13 153.10 0.0363
591.06 0.00 80.01 117.85 0.0363
719.39 186.14 117.11 140.03 0.0362
196.96 0.00 119.40 99.54 0.0361
660.00 0.00 124.39 88.25 0.0360
0.00 0.00 144.08 50.66 0.0359
424.73 461.03 121.82 140.05 0.0358
512.98 527.12 105.30 150.77 0.0357
711.03 56.93 134.00 127.02 0.0356
724.39 418.18 136.99 142.82 0.0356
768.56 303.87 115.52 136.91 0.0355
437.11 135.97 110.10 137.22 0.0355
579.19 108.93 128.17 151.94 0.0354
302.75 454.08 271.60 287.92 0.0352
579.03 299.52 111.48 144.12 0.0351
476.32 5.61 147.38 68.59 0.0350
435.20 320.06 109.66 149.36 0.0348
777.63 6.18 133.49 61.12 0.0347
529.17 99.21 137.98 116.78 0.0344
385.53 81.99 126.00 148.31 0.0340
819.46 423.61 112.77 129.90 0.0338
509.78 182.73 114.17 149.30 0.0336
576.45 551.51 127.29 110.69 0.0334
626.23 553.43 159.18 109.86 0.0333
270.18 0.00 92.70 99.59 0.0333
529.66 315.00 99.94 178.03 0.0332
405.60 478.93 101.63 185.29 0.0329
405.66 7.08 148.87 73.93 0.0326
513.76 62.67 107.75 125.10 0.0325
0.00 211.52 201.80 339.56 0.0323
565.43 216.34 102.56 149.50 0.0322
654.59 437.46 135.35 146.51 0.0320
860.71 464.88 99.16 143.01 0.0318
698.67 372.23 163.45 107.08 0.0314
353.83 547.90 128.65 138.05 0.0314
831.79 0.00 153.23 53.72 0.0313
62.40 0.00 166.04 46.42 0.0313
479.28 570.40 104.82 154.42 0.0312
190.12 357.05 262.11 349.14 0.0311
112.69 0.00 96.55 121.86 0.0309
131.96 35.57 125.14 135.60 0.0307
642.03 57.02 143.41 116.17 0.0306
876.93 264.84 110.79 149.85 0.0306
487.74 397.64 131.48 128.10 0.0305
436.81 537.69 114.34 148.07 0.0303
486.64 0.00 197.96 39.84 0.0302
670.34 595.14 100.63 146.86 0.0301
611.51 206.11 115.20 172.56 0.0301
377.30 46.28 141.57 88.77 0.0298
210.46 0.00 161.17 49.04 0.0294
343.64 445.75 131.78 130.96 0.0293
857.05 565.87 121.31 136.53 0.0290
753.29 655.40 109.38 86.60 0.0289
664.81 412.31 159.71 107.61 0.0288
35.18 31.13 110.35 123.85 0.0287
721.79 271.50 127.81 145.06 0.0283
18.27 56.82 76.36 90.97 0.0282
468.45 226.36 127.70 149.03 0.0282
760.01 0.00 263.99 142.99 0.0276
437.23 49.88 112.80 134.73 0.0274
883.60 242.55 140.40 97.03 0.0271
655.21 264.09 124.50 135.53 0.0269
785.43 441.98 108.01 139.75 0.0268
742.10 0.00 117.03 92.50 0.0267
341.44 0.00 96.17 96.67 0.0262
309.80 583.36 151.01 151.40 0.0261
948.47 0.00 75.53 85.65 0.0259
477.58 674.63 144.49 67.37 0.0256
529.72 252.83 101.46 156.44 0.0254
453.70 0.00 345.86 125.15 0.0252
719.80 549.20 143.71 116.64 0.0249
653.99 668.06 176.64 73.94 0.0247
677.75 0.00 163.01 51.74 0.0246
482.26 307.26 109.41 167.54 0.0244
876.33 58.71 126.34 138.23 0.0242
379.52 0.00 106.22 100.17 0.0239
837.63 642.95 156.18 99.05 0.0237
322.33 46.57 122.25 101.32 0.0232
376.19 657.87 124.02 84.13 0.0229
572.00 366.43 126.54 134.64 0.0228
889.90 346.71 118.10 142.43 0.0222
781.68 554.36 151.06 115.84 0.0221
579.28 609.70 110.58 132.30 0.0220
0.00 673.20 151.52 68.80 0.0215
315.60 267.36 128.17 153.42 0.0213
694.03 502.58 114.89 152.67 0.0213
649.03 335.27 168.94 116.50 0.0212
348.72 94.42 102.96 137.21 0.0201
