52_Photographers_taketouristphotos_52_51
200
366.35 695.69 326.32 717.31 0.2117
158.34 708.05 214.29 690.43 0.1277
484.07 664.32 385.77 688.32 0.1253
243.99 635.84 329.29 539.07 0.1157
363.53 527.14 365.44 496.63 0.0918
597.29 345.90 426.71 484.35 0.0806
151.55 510.63 359.22 503.96 0.0772
43.10 87.63 201.23 581.05 0.0730
291.44 372.97 361.03 498.06 0.0726
567.08 628.20 456.92 500.42 0.0704
432.72 896.14 107.04 287.83 0.0703
350.55 280.29 392.61 401.34 0.0697
127.96 311.46 279.73 553.69 0.0671
504.14 1093.69 115.34 312.05 0.0654
590.05 72.65 151.77 156.41 0.0651
90.12 134.93 347.02 403.50 0.0643
104.86 583.86 212.96 610.59 0.0641
324.98 675.67 147.97 189.76 0.0625
298.62 939.82 153.38 187.46 0.0591
325.64 796.10 122.89 247.20 0.0585
47.54 294.48 81.60 290.03 0.0578
289.65 664.93 116.15 247.17 0.0571
48.78 445.93 82.00 281.58 0.0570
406.21 962.04 104.65 287.21 0.0561
398.65 653.35 108.55 261.79 0.0549
154.65 53.58 161.92 139.03 0.0547
175.25 867.08 120.29 267.38 0.0546
821.23 86.98 141.94 148.87 0.0541
699.27 834.57 103.30 298.21 0.0541
671.08 81.74 146.69 151.46 0.0540
424.60 1107.01 128.16 264.64 0.0540
459.33 1066.51 147.34 202.86 0.0535
162.24 0.00 157.68 131.56 0.0530
443.60 837.23 144.91 234.04 0.0527
266.01 867.07 146.44 205.87 0.0524
398.66 155.68 436.97 369.94 0.0523
361.37 843.07 116.70 278.52 0.0521
360.53 722.21 106.36 252.59 0.0508
471.46 672.61 110.04 262.11 0.0507
402.29 775.49 102.70 273.34 0.0505
48.49 133.96 80.42 314.33 0.0504
838.47 405.45 113.74 222.18 0.0503
150.64 801.44 100.98 247.89 0.0501
22.99 504.33 69.69 283.84 0.0501
605.20 335.58 140.91 196.86 0.0497
247.83 802.29 128.11 214.43 0.0496
663.28 926.49 105.98 270.14 0.0495
747.04 81.32 142.42 148.94 0.0494
822.68 338.54 139.06 196.81 0.0493
21.71 841.75 65.61 294.63 0.0492
615.91 402.15 113.96 230.93 0.0490
825.53 142.49 139.43 185.33 0.0487
440.33 724.28 107.61 276.31 0.0486
224.06 367.40 103.11 265.32 0.0485
111.23 862.19 117.01 226.00 0.0481
748.85 140.96 141.77 187.48 0.0476
583.54 154.60 113.18 307.15 0.0476
637.97 202.62 145.41 189.58 0.0475
23.56 374.62 68.88 283.21 0.0474
35.57 393.11 189.39 669.13 0.0474
49.05 573.89 84.04 289.67 0.0473
70.61 369.21 104.59 288.10 0.0472
673.29 141.43 144.99 183.65 0.0472
712.87 206.06 142.95 189.39 0.0469
507.55 758.64 119.26 274.62 0.0466
440.72 207.62 102.59 297.37 0.0465
43.86 863.52 95.71 225.92 0.0459
64.27 503.06 110.02 288.89 0.0458
777.73 369.10 101.45 263.45 0.0455
545.42 226.61 110.20 286.58 0.0455
69.94 210.90 103.23 301.99 0.0453
24.95 242.05 66.79 285.02 0.0452
561.44 1133.91 95.96 278.78 0.0451
786.45 272.48 139.05 196.72 0.0451
662.49 241.26 102.06 269.48 0.0450
583.49 724.32 112.03 243.18 0.0450
724.23 762.52 115.20 291.30 0.0450
378.80 605.78 152.56 195.44 0.0449
275.05 40.67 158.93 155.71 0.0448
810.66 439.81 103.45 262.10 0.0446
727.70 264.50 109.23 220.54 0.0446
13.24 51.59 79.47 218.60 0.0445
690.29 333.06 110.62 224.04 0.0440
18.52 638.65 71.75 294.90 0.0440
726.92 402.65 112.85 223.28 0.0440
0.00 0.00 95.88 126.43 0.0439
84.43 0.00 157.09 133.12 0.0436
259.01 595.21 96.25 257.46 0.0436
185.45 341.58 110.19 226.96 0.0435
151.56 373.78 101.40 284.85 0.0433
46.61 71.92 93.48 190.65 0.0429
76.13 805.85 105.99 223.92 0.0429
659.21 439.41 108.73 267.61 0.0428
396.03 333.24 113.83 221.58 0.0428
597.82 669.89 151.14 209.94 0.0427
538.55 658.64 111.49 260.51 0.0426
664.84 768.89 109.13 286.49 0.0426
478.11 144.71 102.47 297.30 0.0424
473.66 286.43 105.67 300.81 0.0424
585.27 461.31 113.17 252.06 0.0424
218.41 662.10 114.06 228.18 0.0423
112.85 309.53 104.06 266.19 0.0422
489.69 867.39 142.27 269.77 0.0421
216.05 252.11 114.05 238.51 0.0421
628.02 836.72 105.06 280.13 0.0421
514.91 59.91 152.56 179.72 0.0419
369.64 211.09 103.79 290.46 0.0419
265.04 306.14 100.56 266.71 0.0417
502.20 985.29 141.03 243.63 0.0415
564.22 848.42 101.06 262.29 0.0415
556.03 411.80 108.16 222.75 0.0413
351.72 1005.13 124.36 216.85 0.0412
302.64 211.21 99.60 278.89 0.0410
601.99 948.15 96.53 252.15 0.0408
46.51 716.79 85.48 294.00 0.0408
365.73 7.23 173.14 141.63 0.0404
567.99 23.08 129.93 130.60 0.0402
482.68 53.61 414.13 297.19 0.0400
227.02 73.98 146.68 174.74 0.0399
186.84 99.57 111.58 159.91 0.0399
48.11 45.24 152.33 152.93 0.0399
222.12 5.14 165.33 146.56 0.0397
435.56 369.81 107.45 277.40 0.0396
833.30 542.51 120.02 226.82 0.0396
265.18 141.01 98.13 305.72 0.0395
385.76 0.00 337.42 218.77 0.0395
332.97 141.40 99.91 303.94 0.0393
177.87 650.56 104.78 233.04 0.0392
441.04 605.44 163.96 200.85 0.0392
189.47 736.25 100.52 249.43 0.0392
108.20 462.90 115.64 237.30 0.0390
218.14 507.93 106.89 270.49 0.0389
116.29 707.83 99.57 279.08 0.0388
285.85 991.60 130.00 237.47 0.0388
181.93 459.53 112.00 242.27 0.0387
409.25 155.58 97.57 298.82 0.0381
659.90 595.36 109.84 248.42 0.0381
415.35 67.87 148.03 173.84 0.0380
767.56 858.02 102.07 282.16 0.0380
298.01 500.40 100.14 278.73 0.0380
852.95 695.62 106.32 307.84 0.0380
581.91 595.30 114.94 246.30 0.0377
68.51 625.66 107.88 296.88 0.0377
695.01 534.43 113.50 246.87 0.0375
614.51 521.51 115.45 250.80 0.0375
835.99 804.79 107.15 318.85 0.0374
341.32 521.43 100.68 269.98 0.0372
399.48 424.68 113.49 289.95 0.0372
0.00 799.03 104.98 231.08 0.0371
350.05 74.13 147.78 175.41 0.0370
142.77 499.70 109.65 290.31 0.0369
93.00 90.60 131.94 173.69 0.0368
343.50 290.89 97.14 278.36 0.0368
510.49 334.89 117.72 227.13 0.0366
92.90 974.11 162.28 161.20 0.0365
471.24 429.44 108.86 292.25 0.0364
148.85 218.07 105.86 290.51 0.0363
814.61 4.89 121.49 133.86 0.0359
256.34 426.45 103.99 275.73 0.0358
216.32 180.16 356.89 449.79 0.0357
298.65 362.03 100.70 273.05 0.0356
631.76 0.89 119.16 129.79 0.0356
295.20 88.31 112.89 169.57 0.0355
541.29 100.74 114.12 258.69 0.0354
704.48 657.10 100.76 253.87 0.0353
540.31 472.56 115.30 315.29 0.0351
415.84 543.21 145.40 193.56 0.0346
312.24 0.00 165.46 94.33 0.0344
658.84 32.82 92.04 242.44 0.0343
773.82 1283.94 199.74 129.06 0.0341
105.46 598.22 112.31 243.07 0.0341
703.82 0.00 119.14 130.54 0.0338
365.05 371.16 106.73 271.24 0.0337
814.97 606.79 104.85 298.21 0.0336
594.96 0.00 347.51 230.80 0.0336
174.02 0.00 337.94 219.33 0.0335
809.37 737.53 102.89 290.19 0.0334
776.82 708.77 100.30 267.95 0.0332
867.01 232.99 114.15 272.17 0.0325
882.52 343.12 117.87 225.59 0.0324
189.57 122.45 105.60 329.24 0.0323
592.90 1060.33 91.87 221.55 0.0321
778.35 513.64 103.43 260.77 0.0320
809.88 1142.25 80.55 270.75 0.0319
770.38 1130.47 219.76 163.09 0.0319
67.77 1006.36 85.49 231.88 0.0316
162.04 45.90 94.02 331.52 0.0312
728.70 938.02 124.56 257.97 0.0312
0.00 580.73 67.03 255.56 0.0311
0.00 912.25 228.26 500.75 0.0311
17.61 1007.77 65.84 208.18 0.0310
688.87 1009.81 102.29 265.10 0.0310
771.93 1200.05 236.58 160.83 0.0310
866.35 442.58 117.39 285.12 0.0310
0.00 183.22 112.72 223.99 0.0309
0.00 448.24 68.26 257.21 0.0308
746.62 584.82 95.73 269.14 0.0305
593.74 185.80 430.26 366.99 0.0302
25.58 0.00 158.42 89.29 0.0300
0.00 717.69 66.65 254.65 0.0300
