35_Basketball_playingbasketball_35_78
200
927.92 0.00 81.00 166.98 0.1925
50.58 281.56 80.22 166.03 0.1920
50.58 901.88 80.22 166.03 0.1920
50.59 1296.74 80.17 165.84 0.1920
928.16 281.44 80.49 166.61 0.1919
50.53 732.56 80.27 166.19 0.1919
50.63 1014.67 80.16 166.00 0.1918
50.63 1127.46 80.16 166.00 0.1918
928.18 168.66 80.47 166.55 0.1918
928.18 394.23 80.47 166.55 0.1918
50.54 619.78 80.25 166.13 0.1918
928.12 563.42 80.51 166.59 0.1918
452.32 0.00 81.17 166.97 0.1918
415.76 0.00 81.26 166.98 0.1917
488.90 0.00 81.26 166.98 0.1917
50.21 0.00 80.93 166.52 0.1917
50.57 168.85 80.22 165.93 0.1917
50.58 394.35 80.22 166.03 0.1917
50.52 507.13 80.28 166.02 0.1917
891.57 112.23 80.30 166.16 0.1917
232.86 0.00 81.17 166.95 0.1916
13.59 0.00 80.82 166.28 0.1916
269.43 0.00 81.19 166.96 0.1916
159.75 0.00 81.13 166.94 0.1915
635.18 0.00 81.13 166.94 0.1915
671.75 0.00 81.13 166.94 0.1915
708.32 0.00 81.13 166.94 0.1915
744.90 0.00 81.13 166.94 0.1915
781.47 0.00 81.13 166.94 0.1915
818.04 0.00 81.13 166.94 0.1915
854.61 0.00 81.13 166.94 0.1915
562.50 1352.94 80.29 166.19 0.1915
891.31 0.00 80.90 166.62 0.1915
525.42 0.00 81.19 166.97 0.1915
561.99 0.00 81.19 166.97 0.1915
598.56 0.00 81.19 166.97 0.1915
928.18 676.19 80.44 166.57 0.1914
928.18 1296.51 80.44 166.56 0.1914
196.29 0.00 81.14 166.92 0.1914
379.15 0.00 81.17 166.96 0.1914
86.59 0.00 81.15 166.92 0.1913
123.12 0.00 81.21 166.95 0.1913
306.00 0.00 81.28 166.97 0.1913
342.57 0.00 81.28 166.97 0.1913
891.61 225.00 80.22 166.14 0.1913
891.61 619.75 80.22 166.14 0.1913
928.20 845.45 80.41 166.49 0.1913
928.20 958.24 80.41 166.49 0.1913
452.74 1352.77 80.34 166.50 0.1912
489.31 1352.77 80.34 166.50 0.1912
891.64 337.83 80.20 166.11 0.1912
891.64 450.62 80.20 166.11 0.1912
13.81 281.64 80.25 165.96 0.1912
13.81 394.42 80.25 165.96 0.1912
781.68 788.57 80.63 166.97 0.1912
13.82 1296.97 80.19 165.66 0.1912
13.80 112.40 80.30 166.08 0.1912
13.80 845.51 80.30 166.08 0.1912
123.33 957.51 80.78 167.39 0.1911
13.76 507.21 80.29 165.89 0.1911
562.19 562.89 80.79 167.23 0.1911
598.76 732.07 80.79 167.23 0.1911
306.19 788.46 80.79 167.23 0.1911
818.25 901.43 80.64 166.85 0.1911
635.33 1070.43 80.79 167.23 0.1911
818.20 1183.12 80.76 167.30 0.1911
599.08 1352.92 80.27 166.16 0.1911
854.69 280.78 80.89 167.44 0.1911
854.86 1239.55 80.70 167.30 0.1911
159.89 1013.84 80.82 167.39 0.1911
745.12 788.61 80.72 167.05 0.1911
233.04 450.04 80.83 167.36 0.1910
123.32 619.22 80.83 167.36 0.1910
525.61 1126.75 80.83 167.36 0.1910
86.71 619.18 80.87 167.42 0.1910
13.81 732.79 80.25 165.93 0.1910
818.18 1014.22 80.70 166.88 0.1910
745.33 1352.79 80.25 166.52 0.1910
854.83 732.03 80.74 167.24 0.1910
489.06 788.55 80.73 167.10 0.1910
525.63 901.33 80.73 167.10 0.1910
342.78 957.72 80.73 167.10 0.1910
489.06 957.72 80.73 167.10 0.1910
928.21 1183.82 80.41 166.48 0.1910
672.23 1353.00 80.14 166.20 0.1910
781.62 1295.88 80.78 167.36 0.1910
598.79 1239.56 80.76 167.19 0.1910
525.86 1352.71 80.45 166.57 0.1910
196.47 280.85 80.79 167.24 0.1910
452.47 450.03 80.79 167.24 0.1910
13.83 620.00 80.22 165.86 0.1910
233.06 1013.93 80.75 167.29 0.1910
269.63 1013.93 80.75 167.29 0.1910
525.63 1013.93 80.75 167.29 0.1910
123.35 1070.34 80.76 167.26 0.1909
635.65 1352.89 80.24 166.26 0.1909
343.10 1352.91 80.17 166.33 0.1909
159.89 111.71 80.81 167.25 0.1909
562.17 111.71 80.81 167.25 0.1909
598.74 111.71 80.81 167.25 0.1909
159.89 280.88 80.81 167.25 0.1909
233.03 337.28 80.81 167.25 0.1909
159.89 506.46 80.81 167.25 0.1909
269.60 506.46 80.81 167.25 0.1909
306.17 506.46 80.81 167.25 0.1909
342.74 506.46 80.81 167.25 0.1909
598.74 562.85 80.81 167.25 0.1909
233.03 675.63 80.81 167.25 0.1909
635.31 675.63 80.81 167.25 0.1909
269.60 788.42 80.81 167.25 0.1909
854.82 844.97 80.74 167.11 0.1909
854.82 957.86 80.74 166.84 0.1909
562.17 1183.17 80.81 167.25 0.1909
525.56 111.67 80.84 167.31 0.1909
525.56 506.42 80.84 167.31 0.1909
818.25 788.57 80.72 166.98 0.1909
13.82 958.27 80.28 166.09 0.1909
708.50 224.42 80.80 167.31 0.1909
269.63 111.76 80.78 167.23 0.1909
379.34 111.76 80.78 167.23 0.1909
818.17 224.39 80.84 167.37 0.1909
415.91 506.51 80.78 167.23 0.1909
489.06 506.51 80.78 167.23 0.1909
233.06 562.90 80.78 167.23 0.1909
415.91 619.29 80.78 167.23 0.1909
452.49 675.69 80.78 167.23 0.1909
489.06 675.69 80.78 167.23 0.1909
525.63 675.69 80.78 167.23 0.1909
562.20 675.69 80.78 167.23 0.1909
891.65 732.64 80.11 165.88 0.1909
452.49 788.47 80.78 167.23 0.1909
342.77 844.87 80.78 167.23 0.1909
415.91 844.87 80.78 167.23 0.1909
562.20 844.87 80.78 167.23 0.1909
598.77 844.87 80.78 167.23 0.1909
233.06 901.26 80.78 167.23 0.1909
269.63 901.26 80.78 167.23 0.1909
306.20 901.26 80.78 167.23 0.1909
379.34 901.26 80.78 167.23 0.1909
452.49 901.26 80.78 167.23 0.1909
196.49 957.65 80.78 167.23 0.1909
415.91 957.65 80.78 167.23 0.1909
598.77 957.65 80.78 167.23 0.1909
379.34 1014.04 80.78 167.23 0.1909
562.20 1014.04 80.78 167.23 0.1909
306.20 1126.83 80.78 167.23 0.1909
342.77 1126.83 80.78 167.23 0.1909
598.77 1126.83 80.78 167.23 0.1909
159.82 675.50 80.91 167.53 0.1909
13.88 1127.70 80.16 165.75 0.1909
123.33 1183.20 80.75 167.21 0.1909
86.77 1070.34 80.76 167.30 0.1909
781.63 1070.34 80.76 167.30 0.1909
781.63 1183.13 80.76 167.30 0.1909
233.38 1353.02 80.19 166.27 0.1909
415.88 111.64 80.86 167.38 0.1909
452.45 111.64 80.86 167.38 0.1909
489.02 111.64 80.86 167.38 0.1909
745.02 111.64 80.86 167.38 0.1909
781.59 111.64 80.86 167.38 0.1909
818.16 111.64 80.86 167.38 0.1909
854.73 168.03 80.86 167.38 0.1909
196.45 675.57 80.86 167.38 0.1909
86.73 731.96 80.86 167.38 0.1909
635.30 957.53 80.86 167.38 0.1909
671.88 1070.32 80.86 167.38 0.1909
708.45 1070.32 80.86 167.38 0.1909
379.30 1126.71 80.86 167.38 0.1909
415.88 1126.71 80.86 167.38 0.1909
489.02 1126.71 80.86 167.38 0.1909
671.88 1183.10 80.86 167.38 0.1909
744.98 224.39 80.89 167.44 0.1908
781.55 224.39 80.89 167.44 0.1908
123.26 393.57 80.89 167.44 0.1908
159.84 393.57 80.89 167.44 0.1908
379.34 562.72 80.79 167.42 0.1908
854.69 562.75 80.89 167.44 0.1908
525.62 788.29 80.79 167.42 0.1908
781.69 957.60 80.63 167.06 0.1908
306.19 1013.86 80.79 167.42 0.1908
452.48 1013.86 80.79 167.42 0.1908
452.41 1126.68 80.89 167.44 0.1908
708.54 393.68 80.74 167.21 0.1908
196.54 1296.26 80.65 166.91 0.1908
416.21 1352.83 80.39 166.44 0.1908
306.19 111.69 80.82 167.36 0.1908
452.48 562.83 80.82 167.36 0.1908
745.12 901.28 80.62 166.95 0.1908
818.25 1295.92 80.73 167.35 0.1908
269.95 1352.83 80.21 166.46 0.1908
306.52 1352.83 80.21 166.46 0.1908
708.81 1352.83 80.21 166.46 0.1908
159.98 1239.76 80.72 167.05 0.1908
891.77 1353.20 79.99 165.52 0.1908
928.41 1409.88 80.06 166.57 0.1908
269.63 224.58 80.78 167.17 0.1908
233.05 788.51 80.78 167.17 0.1908
379.38 1295.99 80.74 167.18 0.1908
854.77 450.06 80.77 167.24 0.1908
745.09 562.86 80.77 167.24 0.1908
