35_Basketball_basketballgame_ball_35_201
200
927.91 0.00 81.04 145.10 0.1925
50.59 538.68 80.19 144.23 0.1920
50.52 342.65 80.28 144.26 0.1920
50.52 440.65 80.28 144.26 0.1920
50.52 832.65 80.28 144.26 0.1920
50.52 930.65 80.28 144.26 0.1920
50.57 1126.78 80.19 144.09 0.1918
50.59 1028.70 80.16 144.19 0.1917
562.26 1077.20 80.70 145.05 0.1917
50.66 97.73 80.13 144.17 0.1917
196.54 734.21 80.72 145.20 0.1916
928.13 1126.54 80.49 144.77 0.1916
50.66 244.80 80.09 144.07 0.1916
525.62 1028.15 80.68 145.09 0.1916
123.40 685.15 80.71 145.11 0.1916
598.83 1028.15 80.71 145.11 0.1916
781.69 1077.15 80.71 145.11 0.1916
928.21 489.77 80.39 144.50 0.1915
928.21 587.77 80.40 144.50 0.1915
854.75 586.99 80.70 145.26 0.1915
635.40 733.99 80.73 145.27 0.1915
50.29 0.00 80.73 144.67 0.1915
598.76 782.99 80.79 145.26 0.1915
928.20 195.61 80.41 144.66 0.1915
928.20 685.61 80.41 144.66 0.1915
635.40 244.21 80.61 145.04 0.1915
452.54 733.99 80.74 145.42 0.1915
671.96 733.99 80.74 145.42 0.1915
562.25 782.99 80.74 145.42 0.1915
379.39 880.99 80.74 145.42 0.1915
562.25 880.99 80.74 145.42 0.1915
598.82 880.99 80.74 145.42 0.1915
635.39 880.99 80.74 145.42 0.1915
781.68 880.99 80.74 145.42 0.1915
818.25 880.99 80.74 145.42 0.1915
159.96 978.99 80.74 145.42 0.1915
415.96 978.99 80.74 145.42 0.1915
452.54 978.99 80.74 145.42 0.1915
525.61 733.99 80.81 145.41 0.1915
233.04 831.99 80.81 145.41 0.1915
452.47 831.99 80.81 145.41 0.1915
269.61 880.99 80.81 145.41 0.1915
525.61 880.99 80.81 145.41 0.1915
745.04 880.99 80.81 145.41 0.1915
123.32 929.99 80.81 145.41 0.1915
342.75 929.99 80.81 145.41 0.1915
745.04 1027.99 80.81 145.41 0.1915
598.69 0.00 81.07 145.01 0.1914
635.16 0.00 81.16 145.03 0.1914
50.62 636.75 80.10 144.21 0.1914
928.18 97.54 80.44 144.73 0.1914
928.18 881.54 80.44 144.73 0.1914
928.18 979.54 80.44 144.72 0.1914
50.57 734.71 80.15 144.27 0.1914
854.82 293.03 80.74 145.25 0.1914
818.25 342.25 80.64 144.98 0.1914
196.21 0.00 81.27 145.05 0.1913
232.78 0.00 81.27 145.05 0.1913
269.36 0.00 81.27 145.05 0.1913
415.69 0.00 81.19 145.06 0.1913
86.83 636.15 80.71 145.10 0.1913
342.83 1077.15 80.71 145.10 0.1913
635.40 1077.15 80.71 145.10 0.1913
671.69 0.00 81.19 145.09 0.1913
13.61 0.00 80.77 144.52 0.1913
671.97 243.99 80.63 145.26 0.1913
928.21 342.78 80.40 144.49 0.1913
415.96 685.20 80.75 145.23 0.1913
671.90 488.99 80.70 145.25 0.1913
854.76 488.99 80.70 145.25 0.1913
854.82 881.00 80.74 145.39 0.1913
86.50 0.00 81.25 145.08 0.1913
452.22 0.00 81.25 145.08 0.1913
488.79 0.00 81.25 145.08 0.1913
671.96 146.25 80.64 145.01 0.1913
598.83 243.99 80.73 145.27 0.1913
818.26 537.99 80.73 145.27 0.1913
342.83 586.99 80.73 145.27 0.1913
452.54 635.99 80.73 145.27 0.1913
818.26 635.99 80.73 145.27 0.1913
159.97 684.99 80.73 145.27 0.1913
854.83 684.99 80.73 145.27 0.1913
123.40 782.99 80.73 145.27 0.1913
159.97 782.99 80.73 145.27 0.1913
818.26 782.99 80.73 145.27 0.1913
562.26 978.99 80.73 145.27 0.1913
379.40 1027.99 80.73 145.27 0.1913
489.11 1027.99 80.73 145.27 0.1913
708.54 1027.99 80.73 145.27 0.1913
123.40 1076.99 80.73 145.27 0.1913
196.54 1076.99 80.73 145.27 0.1913
452.54 1076.99 80.73 145.27 0.1913
671.97 1076.99 80.73 145.27 0.1913
818.26 1076.99 80.73 145.27 0.1913
781.62 293.16 80.70 145.24 0.1913
306.26 538.16 80.73 145.26 0.1913
891.43 0.00 80.77 144.71 0.1913
598.76 685.16 80.79 145.25 0.1913
928.21 783.62 80.41 144.66 0.1913
708.55 145.98 80.70 145.31 0.1912
854.64 0.00 81.10 145.02 0.1912
708.54 244.00 80.74 145.42 0.1912
708.54 489.00 80.74 145.42 0.1912
379.40 587.00 80.74 145.42 0.1912
635.40 636.00 80.74 145.42 0.1912
671.97 636.00 80.74 145.42 0.1912
342.82 685.00 80.74 145.42 0.1912
379.39 685.00 80.74 145.42 0.1912
562.25 685.00 80.74 145.42 0.1912
708.54 685.00 80.74 145.42 0.1912
233.11 734.00 80.74 145.42 0.1912
489.11 734.00 80.74 145.42 0.1912
745.11 734.00 80.74 145.42 0.1912
269.68 783.00 80.74 145.42 0.1912
379.40 783.00 80.74 145.42 0.1912
781.68 783.00 80.74 145.42 0.1912
342.82 832.00 80.74 145.42 0.1912
489.11 832.00 80.74 145.42 0.1912
159.97 881.00 80.74 145.42 0.1912
415.97 881.00 80.74 145.42 0.1912
671.97 881.00 80.74 145.42 0.1912
196.54 930.00 80.74 145.42 0.1912
86.82 1028.00 80.74 145.42 0.1912
159.97 1077.00 80.74 145.42 0.1912
233.11 1077.00 80.74 145.42 0.1912
269.68 1077.00 80.74 145.42 0.1912
306.25 1077.00 80.74 145.42 0.1912
415.97 1077.00 80.74 145.42 0.1912
123.12 0.00 81.22 145.03 0.1912
159.69 0.00 81.22 145.03 0.1912
305.98 0.00 81.22 145.03 0.1912
342.60 0.00 81.13 145.04 0.1912
708.26 0.00 81.22 145.03 0.1912
818.03 0.00 81.13 145.04 0.1912
745.04 293.00 80.81 145.41 0.1912
13.81 342.72 80.25 144.20 0.1912
415.90 489.00 80.81 145.41 0.1912
781.61 636.00 80.81 145.41 0.1912
306.18 685.00 80.81 145.41 0.1912
13.81 783.72 80.25 144.20 0.1912
415.90 783.00 80.81 145.41 0.1912
708.47 783.00 80.81 145.41 0.1912
196.47 832.00 80.81 145.41 0.1912
306.18 881.00 80.81 145.41 0.1912
708.47 881.00 80.81 145.41 0.1912
86.76 930.00 80.81 145.41 0.1912
233.04 930.00 80.81 145.41 0.1912
489.04 930.00 80.81 145.41 0.1912
306.18 979.00 80.81 145.41 0.1912
818.18 979.00 80.81 145.41 0.1912
854.76 1028.00 80.81 145.41 0.1912
781.69 440.05 80.72 145.21 0.1912
379.16 0.00 81.16 145.04 0.1912
13.80 881.66 80.30 144.31 0.1912
525.41 0.00 81.19 145.06 0.1911
744.84 0.00 81.19 145.06 0.1911
635.44 146.26 80.58 144.98 0.1911
745.05 194.99 80.78 145.45 0.1911
452.48 439.99 80.78 145.45 0.1911
635.33 537.99 80.78 145.45 0.1911
745.10 391.20 80.64 145.07 0.1911
86.82 734.20 80.73 145.08 0.1911
196.53 146.03 80.74 145.25 0.1911
269.68 685.03 80.74 145.25 0.1911
708.54 342.16 80.62 145.10 0.1911
745.11 489.16 80.62 145.10 0.1911
598.82 97.19 80.74 145.24 0.1911
891.64 97.54 80.16 144.25 0.1911
854.82 391.29 80.74 145.00 0.1911
671.97 391.16 80.71 145.10 0.1911
781.48 0.00 81.10 145.05 0.1911
745.05 636.06 80.78 145.16 0.1911
818.24 195.03 80.76 145.40 0.1910
342.82 489.03 80.76 145.40 0.1910
598.82 587.03 80.76 145.40 0.1910
525.67 636.03 80.76 145.40 0.1910
635.39 979.03 80.76 145.40 0.1910
671.96 979.03 80.76 145.40 0.1910
781.67 979.03 80.76 145.40 0.1910
379.32 489.03 80.82 145.39 0.1910
562.18 587.03 80.82 145.39 0.1910
306.18 783.03 80.82 145.39 0.1910
86.75 832.03 80.82 145.39 0.1910
269.61 979.03 80.82 145.39 0.1910
854.76 1126.00 80.80 145.38 0.1910
562.11 0.00 81.06 145.06 0.1910
452.71 1175.38 80.37 144.86 0.1910
489.28 1175.38 80.37 144.86 0.1910
13.83 489.85 80.21 144.05 0.1910
86.81 1126.04 80.77 145.39 0.1910
708.53 1126.04 80.77 145.39 0.1910
745.10 1126.04 80.77 145.39 0.1910
123.39 195.03 80.73 145.44 0.1910
781.70 538.19 80.71 145.17 0.1910
781.89 1175.39 80.30 144.80 0.1910
818.46 1175.39 80.30 144.80 0.1910
635.40 440.00 80.74 145.42 0.1910
416.15 1175.38 80.38 144.77 0.1910
342.77 195.03 80.76 145.34 0.1909
379.35 195.03 80.76 145.34 0.1909
