35_Basketball_basketballgame_ball_35_446
200
50.51 1072.71 80.29 150.64 0.1922
50.63 357.45 80.16 150.38 0.1920
50.63 664.09 80.16 150.38 0.1920
50.48 817.32 80.31 150.51 0.1920
927.95 0.00 80.98 151.34 0.1919
50.51 970.50 80.30 150.63 0.1919
50.51 1174.93 80.30 150.63 0.1919
928.12 1174.99 80.54 151.02 0.1918
50.58 204.06 80.22 150.47 0.1917
891.59 1175.08 80.22 150.52 0.1917
50.25 0.00 80.91 151.05 0.1917
50.66 459.76 80.09 150.27 0.1916
50.66 561.97 80.09 150.27 0.1916
928.14 1021.67 80.51 150.93 0.1915
50.52 101.69 80.29 150.73 0.1915
342.82 203.37 80.73 151.52 0.1915
379.40 203.37 80.73 151.52 0.1915
452.54 254.48 80.73 151.52 0.1915
598.82 407.80 80.73 151.52 0.1915
86.61 0.00 81.22 151.30 0.1915
635.33 407.80 80.79 151.51 0.1915
928.20 152.92 80.41 150.89 0.1915
928.20 255.13 80.41 150.89 0.1915
928.20 459.56 80.41 150.89 0.1915
928.20 612.88 80.41 150.88 0.1915
891.36 0.00 80.84 150.92 0.1915
342.83 305.82 80.61 151.27 0.1915
415.97 305.82 80.61 151.27 0.1915
489.12 305.82 80.61 151.27 0.1915
891.60 919.56 80.14 150.26 0.1915
379.41 305.82 80.70 151.28 0.1915
452.55 356.92 80.70 151.28 0.1915
306.25 254.49 80.74 151.68 0.1915
708.54 305.59 80.74 151.68 0.1915
745.04 203.38 80.81 151.67 0.1915
671.90 305.59 80.81 151.67 0.1915
745.04 305.59 80.81 151.67 0.1915
745.04 407.81 80.81 151.67 0.1915
708.31 0.00 81.16 151.27 0.1914
744.88 0.00 81.16 151.27 0.1914
781.45 0.00 81.16 151.27 0.1914
415.97 152.33 80.72 151.45 0.1914
928.20 817.34 80.40 150.82 0.1914
928.18 919.47 80.46 150.90 0.1914
13.52 0.00 80.89 150.66 0.1914
817.98 0.00 81.22 151.30 0.1914
123.16 0.00 81.15 151.27 0.1913
159.73 0.00 81.15 151.27 0.1913
196.30 0.00 81.15 151.27 0.1913
232.88 0.00 81.15 151.27 0.1913
525.45 0.00 81.15 151.27 0.1913
562.02 0.00 81.15 151.27 0.1913
598.59 0.00 81.15 151.27 0.1913
269.41 0.00 81.19 151.29 0.1913
635.12 0.00 81.19 151.29 0.1913
269.69 356.87 80.71 151.34 0.1913
306.26 356.87 80.71 151.34 0.1913
562.26 356.87 80.71 151.34 0.1913
305.93 0.00 81.25 151.32 0.1913
342.50 0.00 81.25 151.32 0.1913
452.22 0.00 81.25 151.32 0.1913
671.97 152.27 80.73 151.51 0.1913
598.83 305.59 80.73 151.51 0.1913
342.83 407.81 80.73 151.51 0.1913
745.11 714.45 80.73 151.51 0.1913
123.59 1226.08 80.36 150.88 0.1913
160.16 1226.08 80.36 150.88 0.1913
196.73 1226.08 80.36 150.88 0.1913
306.45 1226.08 80.36 150.88 0.1913
671.78 0.00 81.13 151.22 0.1913
452.47 152.27 80.79 151.51 0.1913
86.76 561.13 80.79 151.51 0.1913
525.69 407.98 80.73 151.50 0.1913
379.27 612.17 80.87 151.76 0.1913
891.60 1021.71 80.20 150.52 0.1913
635.63 1226.02 80.36 150.94 0.1913
928.21 357.35 80.41 150.88 0.1913
196.48 918.85 80.80 151.69 0.1913
379.53 1226.12 80.41 150.79 0.1912
635.32 305.60 80.71 151.65 0.1912
159.97 458.90 80.70 151.56 0.1912
708.54 152.28 80.74 151.67 0.1912
269.68 254.49 80.74 151.67 0.1912
233.11 305.60 80.74 151.67 0.1912
196.54 356.70 80.74 151.67 0.1912
489.11 407.81 80.74 151.67 0.1912
671.97 510.03 80.74 151.67 0.1912
671.97 612.24 80.74 151.67 0.1912
708.54 612.24 80.74 151.67 0.1912
854.82 663.35 80.74 151.67 0.1912
269.86 1226.02 80.41 151.00 0.1912
13.81 255.24 80.25 150.40 0.1912
13.81 357.46 80.25 150.40 0.1912
671.90 407.81 80.81 151.66 0.1912
708.47 407.81 80.81 151.66 0.1912
781.61 458.92 80.81 151.66 0.1912
708.47 510.03 80.81 151.66 0.1912
745.04 510.03 80.81 151.66 0.1912
123.33 561.13 80.81 151.66 0.1912
781.61 561.13 80.81 151.66 0.1912
745.04 612.24 80.81 151.66 0.1912
818.18 612.24 80.81 151.66 0.1912
306.18 663.35 80.81 151.66 0.1912
781.61 663.35 80.81 151.66 0.1912
671.90 714.45 80.81 151.66 0.1912
708.47 714.45 80.81 151.66 0.1912
159.90 765.56 80.81 151.66 0.1912
196.47 765.56 80.81 151.66 0.1912
13.81 1021.85 80.25 150.40 0.1912
13.81 1124.06 80.25 150.40 0.1912
488.87 0.00 81.18 151.29 0.1912
269.70 458.94 80.68 151.47 0.1912
13.84 101.88 80.20 150.34 0.1912
672.14 1225.97 80.46 151.11 0.1912
708.71 1225.97 80.46 151.11 0.1912
745.28 1225.97 80.46 151.11 0.1912
489.12 203.61 80.72 151.44 0.1912
233.11 458.91 80.72 151.71 0.1912
13.80 919.58 80.30 150.51 0.1912
379.12 0.00 81.19 151.30 0.1911
415.69 0.00 81.19 151.30 0.1911
379.33 458.91 80.78 151.70 0.1911
196.48 510.02 80.78 151.70 0.1911
342.76 510.02 80.78 151.70 0.1911
342.76 612.23 80.78 151.70 0.1911
233.06 918.95 80.77 151.55 0.1911
891.65 101.79 80.11 150.34 0.1911
818.41 1226.11 80.40 150.83 0.1911
635.33 152.28 80.70 151.47 0.1911
489.05 561.24 80.79 151.56 0.1911
562.19 765.67 80.79 151.56 0.1911
854.86 1225.82 80.60 151.25 0.1911
818.15 867.85 80.82 151.61 0.1911
86.72 1174.49 80.82 151.61 0.1911
123.40 407.98 80.71 151.34 0.1911
415.89 407.85 80.72 151.47 0.1911
891.64 817.23 80.15 150.46 0.1911
123.32 918.82 80.82 151.70 0.1911
928.21 715.27 80.40 150.71 0.1911
854.59 0.00 81.16 151.29 0.1910
635.39 510.06 80.76 151.65 0.1910
123.39 714.49 80.76 151.65 0.1910
598.75 816.71 80.83 151.68 0.1910
233.04 1174.46 80.83 151.68 0.1910
342.76 1174.53 80.80 151.72 0.1910
562.18 1174.46 80.83 151.68 0.1910
598.75 1174.46 80.83 151.68 0.1910
306.18 561.17 80.82 151.64 0.1910
854.75 561.17 80.82 151.64 0.1910
233.03 714.49 80.82 151.64 0.1910
671.86 867.79 80.87 151.73 0.1910
159.86 918.90 80.87 151.73 0.1910
891.63 254.99 80.20 150.57 0.1910
781.87 1225.87 80.37 151.15 0.1910
525.68 305.87 80.73 151.25 0.1910
415.84 561.07 80.87 151.76 0.1910
489.10 765.61 80.69 151.54 0.1910
635.40 612.31 80.74 151.57 0.1910
379.35 816.85 80.73 151.44 0.1910
415.92 867.96 80.73 151.44 0.1910
196.49 1021.28 80.73 151.44 0.1910
342.78 1021.28 80.73 151.44 0.1910
379.35 1021.28 80.73 151.44 0.1910
159.92 1072.38 80.73 151.44 0.1910
233.06 1072.38 80.73 151.44 0.1910
269.63 1072.38 80.73 151.44 0.1910
415.92 1072.38 80.73 151.44 0.1910
489.06 1072.38 80.73 151.44 0.1910
562.20 1072.38 80.73 151.44 0.1910
598.78 1072.38 80.73 151.44 0.1910
196.49 1123.49 80.73 151.44 0.1910
671.92 1123.49 80.73 151.44 0.1910
306.27 458.95 80.71 151.43 0.1910
416.17 1226.12 80.34 150.80 0.1910
452.74 1226.12 80.34 150.80 0.1910
525.89 1226.12 80.34 150.80 0.1910
854.82 152.30 80.73 151.69 0.1910
854.75 305.63 80.79 151.68 0.1910
854.75 458.95 80.79 151.68 0.1910
818.19 714.45 80.78 151.67 0.1910
306.19 765.56 80.78 151.67 0.1910
86.82 663.35 80.74 151.67 0.1910
233.04 561.14 80.81 151.66 0.1910
452.49 663.36 80.75 151.61 0.1910
415.91 765.58 80.75 151.61 0.1910
452.49 765.58 80.75 151.61 0.1910
452.49 867.79 80.75 151.61 0.1910
489.06 867.79 80.75 151.61 0.1910
525.63 867.79 80.75 151.61 0.1910
379.34 918.90 80.75 151.61 0.1910
562.20 918.90 80.75 151.61 0.1910
306.20 970.00 80.75 151.61 0.1910
415.91 970.00 80.75 151.61 0.1910
452.49 970.00 80.75 151.61 0.1910
489.06 970.00 80.75 151.61 0.1910
525.63 970.00 80.75 151.61 0.1910
708.49 970.00 80.75 151.61 0.1910
745.06 970.00 80.75 151.61 0.1910
781.63 970.00 80.75 151.61 0.1910
818.20 970.00 80.75 151.61 0.1910
