35_Basketball_playingbasketball_35_566
200
927.92 0.00 81.01 108.29 0.1927
50.50 767.73 80.30 107.71 0.1920
50.50 840.87 80.30 107.71 0.1920
50.52 72.88 80.28 107.67 0.1920
50.52 219.16 80.28 107.67 0.1920
50.52 292.31 80.28 107.67 0.1920
50.52 475.16 80.28 107.67 0.1920
50.52 548.31 80.28 107.67 0.1920
50.48 694.57 80.31 107.70 0.1920
50.51 145.90 80.30 107.79 0.1919
50.51 365.33 80.30 107.79 0.1919
928.16 840.81 80.46 108.02 0.1919
50.63 621.46 80.16 107.65 0.1918
928.12 182.53 80.51 108.04 0.1918
635.40 730.83 80.70 108.26 0.1917
671.97 730.71 80.72 108.38 0.1917
928.18 438.50 80.47 108.05 0.1916
928.18 511.64 80.47 108.05 0.1916
269.68 803.94 80.62 108.30 0.1916
891.36 0.00 80.84 108.01 0.1916
306.26 803.94 80.71 108.30 0.1916
379.40 803.94 80.71 108.30 0.1916
342.82 803.82 80.73 108.42 0.1915
671.97 803.82 80.73 108.42 0.1915
708.54 803.82 80.73 108.42 0.1915
50.24 0.00 80.91 108.11 0.1915
745.26 877.21 80.43 108.12 0.1915
525.69 730.84 80.61 108.25 0.1915
598.83 767.29 80.63 108.37 0.1914
928.16 72.76 80.52 108.10 0.1914
928.18 292.23 80.44 108.02 0.1914
928.18 365.37 80.44 108.02 0.1914
928.18 584.80 80.44 108.02 0.1914
928.18 657.94 80.44 108.02 0.1914
13.59 0.00 80.80 107.91 0.1914
233.11 840.44 80.74 108.49 0.1914
196.30 0.00 81.15 108.25 0.1913
744.88 0.00 81.15 108.25 0.1913
86.55 0.00 81.19 108.26 0.1913
159.69 0.00 81.19 108.26 0.1913
232.83 0.00 81.19 108.26 0.1913
269.41 0.00 81.19 108.26 0.1913
305.98 0.00 81.19 108.26 0.1913
342.55 0.00 81.19 108.26 0.1913
379.12 0.00 81.19 108.26 0.1913
415.69 0.00 81.19 108.26 0.1913
452.26 0.00 81.19 108.26 0.1913
488.83 0.00 81.19 108.26 0.1913
525.41 0.00 81.19 108.26 0.1913
561.98 0.00 81.19 108.26 0.1913
196.55 803.94 80.71 108.30 0.1913
123.55 877.21 80.52 108.11 0.1913
562.25 767.25 80.63 108.42 0.1913
13.80 840.93 80.29 107.66 0.1913
525.61 803.82 80.70 108.41 0.1913
123.07 0.00 81.25 108.28 0.1913
781.36 0.00 81.25 108.28 0.1913
817.93 0.00 81.25 108.28 0.1913
854.50 0.00 81.25 108.28 0.1913
452.54 108.96 80.73 108.42 0.1913
781.68 108.96 80.73 108.42 0.1913
415.97 145.53 80.73 108.42 0.1913
306.20 291.87 80.77 108.47 0.1913
708.54 694.11 80.73 108.42 0.1913
415.97 803.82 80.73 108.42 0.1913
635.40 803.82 80.73 108.42 0.1913
781.68 803.82 80.73 108.42 0.1913
818.26 803.82 80.73 108.42 0.1913
159.90 803.82 80.79 108.42 0.1913
489.04 803.82 80.79 108.42 0.1913
854.76 803.82 80.79 108.42 0.1913
671.74 0.00 81.16 108.20 0.1913
928.20 731.14 80.41 107.97 0.1913
86.98 877.27 80.38 108.01 0.1912
452.55 182.10 80.70 108.45 0.1912
452.55 584.38 80.70 108.45 0.1912
818.25 145.54 80.74 108.53 0.1912
781.68 182.11 80.74 108.53 0.1912
818.25 218.68 80.74 108.53 0.1912
745.11 694.11 80.74 108.53 0.1912
342.82 730.68 80.74 108.53 0.1912
379.40 730.68 80.74 108.53 0.1912
233.11 767.25 80.74 108.53 0.1912
745.11 767.25 80.74 108.53 0.1912
598.60 0.00 81.13 108.25 0.1912
635.12 0.00 81.22 108.25 0.1912
13.81 109.50 80.25 107.63 0.1912
379.33 145.54 80.81 108.53 0.1912
854.76 145.54 80.81 108.53 0.1912
13.81 182.65 80.25 107.63 0.1912
13.81 255.79 80.25 107.63 0.1912
13.81 584.93 80.25 107.63 0.1912
13.81 658.07 80.25 107.63 0.1912
342.76 657.54 80.81 108.53 0.1912
379.33 657.54 80.81 108.53 0.1912
196.47 730.68 80.81 108.53 0.1912
781.61 730.68 80.81 108.53 0.1912
818.18 730.68 80.81 108.53 0.1912
13.81 767.87 80.28 107.59 0.1912
598.76 840.39 80.81 108.53 0.1912
781.85 877.27 80.40 108.05 0.1912
562.25 694.25 80.63 108.28 0.1912
452.48 511.28 80.81 108.51 0.1912
13.80 328.89 80.30 107.71 0.1912
13.80 402.03 80.30 107.71 0.1912
13.80 475.18 80.30 107.71 0.1912
415.97 584.39 80.72 108.56 0.1912
708.27 0.00 81.19 108.27 0.1911
342.76 145.53 80.78 108.56 0.1911
489.05 145.53 80.78 108.56 0.1911
781.62 620.96 80.78 108.56 0.1911
452.48 657.53 80.78 108.56 0.1911
159.90 730.67 80.78 108.56 0.1911
415.90 730.67 80.78 108.56 0.1911
452.48 730.67 80.78 108.56 0.1911
452.48 803.82 80.78 108.56 0.1911
306.46 877.26 80.31 108.09 0.1911
598.82 694.26 80.64 108.27 0.1911
635.33 182.18 80.79 108.45 0.1911
342.76 328.47 80.79 108.45 0.1911
379.39 584.42 80.74 108.41 0.1911
525.58 218.73 80.82 108.49 0.1911
891.64 72.80 80.16 107.66 0.1911
269.61 291.84 80.79 108.48 0.1911
489.04 511.27 80.79 108.48 0.1911
489.28 877.20 80.50 108.11 0.1911
525.87 877.29 80.32 108.04 0.1911
671.90 218.64 80.80 108.58 0.1911
708.47 255.28 80.83 108.54 0.1910
306.24 511.28 80.76 108.52 0.1910
489.11 620.97 80.74 108.51 0.1910
269.67 730.71 80.76 108.52 0.1910
489.00 255.26 80.87 108.57 0.1910
818.18 620.99 80.82 108.51 0.1910
306.18 657.57 80.82 108.51 0.1910
306.18 730.71 80.82 108.51 0.1910
562.18 840.40 80.80 108.51 0.1910
891.63 182.47 80.20 107.74 0.1910
672.14 877.25 80.37 108.11 0.1910
708.71 877.25 80.37 108.11 0.1910
891.76 877.56 80.00 107.34 0.1910
562.20 255.38 80.73 108.37 0.1910
598.78 255.38 80.73 108.37 0.1910
635.35 291.95 80.73 108.37 0.1910
233.05 620.99 80.78 108.44 0.1910
160.17 877.27 80.30 108.06 0.1910
635.39 657.56 80.73 108.55 0.1910
489.11 694.11 80.71 108.54 0.1910
525.62 108.96 80.78 108.53 0.1910
123.32 767.27 80.79 108.54 0.1910
196.75 877.26 80.30 108.07 0.1910
525.68 657.54 80.74 108.53 0.1910
671.97 657.54 80.74 108.53 0.1910
562.18 182.13 80.79 108.46 0.1910
525.63 328.41 80.75 108.49 0.1910
562.20 328.41 80.75 108.49 0.1910
598.77 328.41 80.75 108.49 0.1910
671.96 511.36 80.72 108.40 0.1910
781.66 547.89 80.74 108.44 0.1910
269.87 877.23 80.36 108.14 0.1910
342.77 218.70 80.76 108.47 0.1909
379.35 218.70 80.76 108.47 0.1909
415.92 218.70 80.76 108.47 0.1909
745.05 621.01 80.77 108.48 0.1909
635.59 877.23 80.45 108.15 0.1909
598.74 182.16 80.81 108.46 0.1909
123.34 255.29 80.81 108.51 0.1909
745.03 401.59 80.81 108.46 0.1909
635.31 547.87 80.81 108.46 0.1909
196.48 657.53 80.78 108.56 0.1909
415.90 657.53 80.78 108.56 0.1909
123.33 694.11 80.78 108.56 0.1909
233.03 291.80 80.84 108.54 0.1909
635.34 365.05 80.78 108.45 0.1909
671.91 365.05 80.78 108.45 0.1909
708.49 365.05 80.78 108.45 0.1909
489.06 401.62 80.78 108.45 0.1909
525.63 401.62 80.78 108.45 0.1909
598.77 401.62 80.78 108.45 0.1909
635.34 438.19 80.78 108.45 0.1909
708.49 438.19 80.78 108.45 0.1909
562.20 474.76 80.78 108.45 0.1909
525.59 474.74 80.81 108.49 0.1909
745.10 109.00 80.76 108.50 0.1909
269.67 511.28 80.76 108.50 0.1909
233.10 694.14 80.76 108.50 0.1909
123.35 145.56 80.76 108.49 0.1909
159.92 145.56 80.76 108.49 0.1909
233.06 145.56 80.76 108.49 0.1909
306.20 145.56 80.76 108.49 0.1909
269.63 182.13 80.76 108.49 0.1909
854.75 291.85 80.82 108.49 0.1909
854.75 401.57 80.82 108.49 0.1909
159.92 657.56 80.76 108.49 0.1909
854.75 730.71 80.82 108.49 0.1909
415.88 474.68 80.86 108.55 0.1909
123.26 72.38 80.89 108.58 0.1908
489.05 328.36 80.79 108.57 0.1908
562.19 401.50 80.79 108.57 0.1908
671.91 438.07 80.79 108.57 0.1908
