35_Basketball_playingbasketball_35_674
200
927.91 0.00 81.04 72.23 0.1923
50.59 438.91 80.19 71.80 0.1920
50.50 487.65 80.31 71.87 0.1919
50.50 560.78 80.30 71.98 0.1918
50.63 48.61 80.16 71.81 0.1918
928.21 316.99 80.39 71.94 0.1918
50.63 97.44 80.12 71.75 0.1918
928.20 365.70 80.41 72.02 0.1917
928.14 487.63 80.51 72.05 0.1917
50.70 268.22 80.04 71.69 0.1917
123.40 341.08 80.71 72.24 0.1916
928.13 536.39 80.52 72.08 0.1916
50.61 146.24 80.15 71.75 0.1916
50.61 195.03 80.15 71.75 0.1916
928.21 219.35 80.40 72.02 0.1915
159.97 341.00 80.73 72.32 0.1915
891.67 512.08 80.08 71.72 0.1915
50.67 316.98 80.04 71.76 0.1915
50.30 0.00 80.78 72.00 0.1914
928.32 585.33 80.16 71.86 0.1914
86.59 0.00 81.16 72.20 0.1914
50.62 390.16 80.10 71.79 0.1914
891.58 560.72 80.36 71.98 0.1914
891.33 0.00 80.87 72.08 0.1914
13.59 0.00 80.80 71.97 0.1914
232.88 0.00 81.15 72.20 0.1913
269.45 0.00 81.15 72.20 0.1913
306.02 0.00 81.15 72.20 0.1913
342.59 0.00 81.15 72.20 0.1913
488.88 0.00 81.15 72.20 0.1913
525.45 0.00 81.15 72.20 0.1913
598.59 0.00 81.15 72.20 0.1913
159.69 0.00 81.19 72.21 0.1913
415.69 0.00 81.19 72.21 0.1913
561.98 0.00 81.19 72.21 0.1913
86.76 316.69 80.68 72.23 0.1913
928.22 268.21 80.38 71.93 0.1913
379.40 389.86 80.71 72.24 0.1913
781.51 0.00 81.10 72.19 0.1913
928.21 97.46 80.39 71.94 0.1913
452.47 389.78 80.70 72.31 0.1913
854.50 0.00 81.25 72.22 0.1913
928.21 170.56 80.40 72.01 0.1913
123.40 292.21 80.73 72.32 0.1913
196.54 365.39 80.73 72.32 0.1913
415.97 389.78 80.73 72.32 0.1913
123.40 414.18 80.73 72.32 0.1913
635.16 0.00 81.16 72.19 0.1913
671.73 0.00 81.16 72.19 0.1913
708.33 0.00 81.12 72.19 0.1913
744.91 0.00 81.12 72.19 0.1913
818.02 0.00 81.16 72.19 0.1913
342.83 389.87 80.73 72.31 0.1913
489.11 389.87 80.73 72.31 0.1913
13.97 585.44 79.97 71.51 0.1913
928.20 48.60 80.41 72.02 0.1913
928.20 414.49 80.41 72.02 0.1913
123.40 243.43 80.71 72.40 0.1912
379.21 0.00 81.10 72.19 0.1912
86.82 121.47 80.74 72.39 0.1912
196.54 316.61 80.74 72.39 0.1912
233.11 341.00 80.74 72.39 0.1912
269.68 365.39 80.74 72.39 0.1912
123.12 0.00 81.22 72.20 0.1912
452.30 0.00 81.18 72.21 0.1912
160.02 243.45 80.70 72.35 0.1912
123.33 97.07 80.78 72.41 0.1911
123.33 145.85 80.78 72.41 0.1911
196.21 0.00 81.27 72.23 0.1911
671.91 97.12 80.79 72.34 0.1911
86.82 194.66 80.74 72.31 0.1911
671.91 243.48 80.79 72.34 0.1911
159.97 389.82 80.74 72.36 0.1911
452.49 438.58 80.76 72.37 0.1911
708.48 463.02 80.79 72.34 0.1911
745.05 463.02 80.79 72.34 0.1911
598.76 487.41 80.79 72.34 0.1911
818.19 511.80 80.79 72.34 0.1911
13.76 512.06 80.36 71.87 0.1911
854.82 97.17 80.74 72.30 0.1911
269.58 560.54 80.81 72.37 0.1911
306.15 560.54 80.81 72.37 0.1911
342.72 560.54 80.81 72.37 0.1911
159.96 292.23 80.76 72.38 0.1910
379.39 341.02 80.76 72.38 0.1910
269.61 462.99 80.83 72.39 0.1910
452.47 487.38 80.83 72.39 0.1910
781.61 487.38 80.83 72.39 0.1910
86.75 438.59 80.82 72.38 0.1910
342.71 487.37 80.87 72.42 0.1910
415.86 487.37 80.87 72.42 0.1910
86.71 536.15 80.87 72.42 0.1910
452.48 292.28 80.78 72.31 0.1910
379.29 560.54 80.82 72.45 0.1910
415.86 560.54 80.82 72.45 0.1910
86.83 389.87 80.73 72.31 0.1910
891.68 48.62 80.08 71.72 0.1910
891.68 438.91 80.08 71.72 0.1910
854.82 389.80 80.73 72.40 0.1910
123.33 194.64 80.78 72.39 0.1910
159.91 97.10 80.73 72.35 0.1910
86.76 243.43 80.76 72.33 0.1910
13.82 463.36 80.26 71.76 0.1910
196.49 536.15 80.75 72.36 0.1910
452.49 536.15 80.75 72.36 0.1910
525.63 536.15 80.75 72.36 0.1910
562.20 536.15 80.75 72.36 0.1910
233.06 560.54 80.75 72.36 0.1910
818.20 560.54 80.75 72.36 0.1910
525.70 389.80 80.69 72.35 0.1910
489.01 560.51 80.81 72.40 0.1910
159.92 145.87 80.76 72.35 0.1909
342.77 267.84 80.76 72.35 0.1909
306.20 292.23 80.76 72.35 0.1909
233.06 389.80 80.76 72.35 0.1909
196.49 414.19 80.76 72.35 0.1909
562.20 414.19 80.76 72.35 0.1909
159.92 438.59 80.76 72.35 0.1909
489.06 438.59 80.76 72.35 0.1909
306.19 511.81 80.78 72.33 0.1909
745.05 536.20 80.78 72.34 0.1909
452.46 145.89 80.81 72.34 0.1909
379.31 170.28 80.81 72.34 0.1909
745.03 219.07 80.81 72.34 0.1909
525.60 267.85 80.81 72.34 0.1909
708.46 267.85 80.81 72.34 0.1909
489.03 292.25 80.81 72.34 0.1909
562.17 292.25 80.81 72.34 0.1909
708.46 414.21 80.81 72.34 0.1909
635.31 463.00 80.81 72.34 0.1909
598.70 97.09 80.84 72.37 0.1909
635.34 97.13 80.78 72.34 0.1909
708.49 121.52 80.78 72.34 0.1909
598.77 145.91 80.78 72.34 0.1909
671.91 145.91 80.78 72.34 0.1909
415.91 170.31 80.78 72.34 0.1909
489.06 170.31 80.78 72.34 0.1909
525.63 170.31 80.78 72.34 0.1909
562.20 170.31 80.78 72.34 0.1909
598.77 194.70 80.78 72.34 0.1909
452.49 219.09 80.78 72.34 0.1909
489.06 219.09 80.78 72.34 0.1909
525.63 219.09 80.78 72.34 0.1909
635.34 219.09 80.78 72.34 0.1909
708.49 219.09 80.78 72.34 0.1909
233.06 463.02 80.78 72.34 0.1909
562.20 487.41 80.78 72.34 0.1909
671.91 487.41 80.78 72.34 0.1909
159.91 511.81 80.78 72.34 0.1909
123.34 536.20 80.78 72.34 0.1909
635.34 536.20 80.78 72.34 0.1909
159.91 560.55 80.77 72.44 0.1909
781.62 560.51 80.80 72.42 0.1909
891.72 268.25 80.03 71.60 0.1909
306.24 365.41 80.76 72.37 0.1909
635.55 585.11 80.40 72.11 0.1909
672.12 585.11 80.40 72.11 0.1909
86.82 72.70 80.74 72.31 0.1909
306.20 121.48 80.76 72.37 0.1909
123.48 585.11 80.47 72.11 0.1909
525.77 585.11 80.47 72.11 0.1909
562.34 585.11 80.47 72.11 0.1909
598.91 585.11 80.47 72.11 0.1909
854.91 585.11 80.47 72.11 0.1909
671.88 414.18 80.86 72.40 0.1909
269.73 145.91 80.70 72.30 0.1908
635.34 145.83 80.79 72.42 0.1908
708.48 170.23 80.79 72.42 0.1908
671.91 194.62 80.79 72.42 0.1908
708.48 511.73 80.79 72.42 0.1908
598.77 536.12 80.79 72.42 0.1908
854.77 536.12 80.79 72.42 0.1908
891.71 219.39 80.05 71.68 0.1908
13.87 48.69 80.21 71.75 0.1908
854.75 170.27 80.70 72.38 0.1908
196.48 487.38 80.82 72.39 0.1908
525.62 487.38 80.82 72.39 0.1908
233.05 511.78 80.82 72.39 0.1908
489.05 511.78 80.82 72.39 0.1908
671.90 536.17 80.82 72.39 0.1908
379.29 487.37 80.86 72.41 0.1908
269.61 316.62 80.79 72.38 0.1908
415.96 341.02 80.76 72.38 0.1908
854.76 219.07 80.68 72.34 0.1908
416.02 292.26 80.68 72.32 0.1908
854.87 316.65 80.68 72.32 0.1908
342.75 341.02 80.82 72.38 0.1908
452.46 341.02 80.82 72.38 0.1908
50.82 609.88 79.72 71.83 0.1908
196.48 219.11 80.78 72.31 0.1908
671.91 292.29 80.78 72.31 0.1908
269.61 511.70 80.84 72.47 0.1908
708.47 560.48 80.84 72.47 0.1908
598.73 48.34 80.81 72.33 0.1908
196.48 97.10 80.77 72.34 0.1908
489.11 121.52 80.68 72.27 0.1908
342.78 219.08 80.71 72.29 0.1908
891.68 390.12 80.08 71.72 0.1908
13.87 414.62 80.17 71.70 0.1907
818.18 145.87 80.79 72.40 0.1907
