35_Basketball_playingbasketball_35_156
200
927.82 0.00 81.24 75.72 0.1921
50.56 76.49 80.26 75.30 0.1920
928.12 536.76 80.55 75.57 0.1920
50.55 127.64 80.19 75.38 0.1920
50.54 204.33 80.26 75.41 0.1920
50.51 562.35 80.33 75.41 0.1919
50.48 281.03 80.36 75.43 0.1919
50.48 332.17 80.36 75.43 0.1919
50.48 383.32 80.36 75.43 0.1919
891.66 383.38 80.14 75.24 0.1918
50.50 434.48 80.33 75.40 0.1918
928.14 434.48 80.51 75.53 0.1917
928.14 485.62 80.51 75.53 0.1917
50.21 0.00 80.94 75.59 0.1917
50.49 485.61 80.35 75.43 0.1917
13.79 332.33 80.22 75.11 0.1916
159.76 0.00 81.22 75.70 0.1916
13.81 485.77 80.20 75.07 0.1916
123.15 0.00 81.28 75.71 0.1915
744.86 0.00 81.28 75.71 0.1915
928.09 357.77 80.52 75.52 0.1915
928.12 76.43 80.62 75.64 0.1914
269.60 383.05 80.79 75.95 0.1914
196.46 459.77 80.88 75.95 0.1914
123.32 485.34 80.88 75.95 0.1914
159.89 485.34 80.88 75.95 0.1914
13.80 588.02 80.19 75.15 0.1914
13.52 0.00 80.89 75.38 0.1914
854.62 0.00 81.21 75.72 0.1914
13.81 383.46 80.19 75.11 0.1914
13.81 434.60 80.19 75.11 0.1914
233.04 357.48 80.76 75.92 0.1914
196.33 0.00 81.22 75.70 0.1913
306.05 0.00 81.22 75.70 0.1913
781.48 0.00 81.22 75.70 0.1913
123.28 255.21 80.82 75.87 0.1913
452.29 0.00 81.27 75.73 0.1913
891.67 434.52 80.09 75.22 0.1913
891.67 485.66 80.09 75.22 0.1913
13.79 230.08 80.17 75.08 0.1913
928.10 306.64 80.54 75.55 0.1913
13.81 536.89 80.14 75.14 0.1913
671.71 0.00 81.28 75.73 0.1913
86.57 0.00 81.28 75.71 0.1913
708.29 0.00 81.28 75.71 0.1913
159.86 434.18 80.91 75.96 0.1913
928.10 255.41 80.55 75.64 0.1913
635.14 0.00 81.29 75.71 0.1913
928.10 127.56 80.65 75.64 0.1913
928.10 178.70 80.65 75.64 0.1913
13.80 281.15 80.18 75.20 0.1913
13.78 127.72 80.21 75.16 0.1912
13.79 51.05 80.22 75.14 0.1912
196.42 280.75 80.83 75.90 0.1912
232.99 280.75 80.83 75.90 0.1912
781.61 101.77 80.79 75.95 0.1912
379.32 127.34 80.79 75.95 0.1912
818.18 127.34 80.79 75.95 0.1912
489.03 178.48 80.79 75.95 0.1912
635.32 178.48 80.79 75.95 0.1912
598.75 229.63 80.79 75.95 0.1912
635.32 229.63 80.79 75.95 0.1912
562.18 255.20 80.79 75.95 0.1912
598.75 280.77 80.79 75.95 0.1912
635.32 280.77 80.79 75.95 0.1912
269.61 331.91 80.79 75.95 0.1912
635.32 383.06 80.79 75.95 0.1912
233.03 408.63 80.79 75.95 0.1912
671.89 408.63 80.79 75.95 0.1912
269.61 434.20 80.79 75.95 0.1912
233.03 485.34 80.79 75.95 0.1912
562.50 613.44 80.28 75.43 0.1912
891.32 0.00 80.91 75.48 0.1912
818.18 50.63 80.88 75.95 0.1912
306.24 485.41 80.73 75.80 0.1912
342.77 587.68 80.76 75.83 0.1912
781.63 587.68 80.76 75.83 0.1912
891.49 50.80 80.41 75.50 0.1911
891.49 101.95 80.41 75.50 0.1911
891.49 153.09 80.41 75.50 0.1911
928.18 587.91 80.44 75.53 0.1911
232.91 0.00 81.21 75.72 0.1911
342.62 0.00 81.21 75.72 0.1911
818.05 0.00 81.21 75.72 0.1911
342.75 76.21 80.78 75.93 0.1911
379.27 50.61 80.84 75.98 0.1911
671.85 50.61 80.84 75.98 0.1911
744.99 50.61 80.84 75.98 0.1911
635.27 76.18 80.84 75.98 0.1911
708.42 76.18 80.84 75.98 0.1911
671.85 101.75 80.84 75.98 0.1911
744.99 101.75 80.84 75.98 0.1911
708.42 127.32 80.84 75.98 0.1911
671.85 152.89 80.84 75.98 0.1911
525.56 204.04 80.84 75.98 0.1911
159.85 280.75 80.84 75.98 0.1911
123.27 306.32 80.84 75.98 0.1911
562.13 306.32 80.84 75.98 0.1911
598.70 331.89 80.84 75.98 0.1911
635.27 331.89 80.84 75.98 0.1911
232.99 50.61 80.94 75.98 0.1911
415.85 50.61 80.94 75.98 0.1911
781.56 50.61 80.94 75.98 0.1911
598.71 178.47 80.94 75.98 0.1911
708.48 255.24 80.79 75.83 0.1911
159.85 331.89 80.94 75.98 0.1911
196.48 331.91 80.76 75.92 0.1911
86.71 510.89 80.94 75.98 0.1911
562.19 536.53 80.79 75.83 0.1911
379.15 0.00 81.27 75.74 0.1911
415.72 0.00 81.27 75.74 0.1911
488.86 0.00 81.27 75.74 0.1911
379.34 178.50 80.77 75.92 0.1911
525.96 613.49 80.29 75.38 0.1911
745.26 613.40 80.41 75.55 0.1911
708.54 204.16 80.68 75.74 0.1911
818.25 204.16 80.68 75.74 0.1911
306.25 408.73 80.68 75.74 0.1911
891.56 229.84 80.32 75.43 0.1911
269.43 0.00 81.28 75.71 0.1910
123.29 408.61 80.91 75.95 0.1910
891.61 332.22 80.28 75.31 0.1910
891.63 536.73 80.20 75.34 0.1910
671.86 587.62 80.82 75.95 0.1910
159.96 76.22 80.69 75.82 0.1910
13.77 178.89 80.24 75.15 0.1910
342.82 178.50 80.69 75.82 0.1910
781.67 178.50 80.69 75.82 0.1910
415.96 229.65 80.69 75.82 0.1910
342.82 357.50 80.69 75.82 0.1910
233.10 562.07 80.69 75.82 0.1910
123.35 127.42 80.73 75.77 0.1910
159.92 127.42 80.73 75.77 0.1910
233.06 178.57 80.73 75.77 0.1910
269.63 178.57 80.73 75.77 0.1910
86.78 204.14 80.73 75.77 0.1910
123.35 204.14 80.73 75.77 0.1910
159.92 204.14 80.73 75.77 0.1910
306.20 204.14 80.73 75.77 0.1910
671.91 204.04 80.75 75.87 0.1910
269.63 229.71 80.73 75.77 0.1910
342.78 229.71 80.73 75.77 0.1910
671.91 306.33 80.75 75.87 0.1910
306.19 357.47 80.75 75.87 0.1910
452.49 357.57 80.73 75.77 0.1910
489.06 357.57 80.73 75.77 0.1910
525.63 434.28 80.73 75.77 0.1910
708.49 459.85 80.73 75.77 0.1910
598.78 511.00 80.73 75.77 0.1910
854.75 76.17 80.78 75.99 0.1910
854.75 127.32 80.78 75.99 0.1910
86.77 76.20 80.75 75.86 0.1910
123.34 76.20 80.75 75.86 0.1910
196.49 76.20 80.75 75.86 0.1910
233.06 101.77 80.75 75.86 0.1910
415.90 101.75 80.87 76.00 0.1910
489.04 101.75 80.87 76.00 0.1910
525.61 101.75 80.87 76.00 0.1910
269.63 127.34 80.75 75.86 0.1910
452.47 152.89 80.87 76.00 0.1910
233.06 229.63 80.75 75.86 0.1910
379.34 229.63 80.75 75.86 0.1910
452.49 229.63 80.75 75.86 0.1910
854.77 229.63 80.75 75.86 0.1910
306.20 255.20 80.75 75.86 0.1910
342.77 280.77 80.75 75.86 0.1910
379.34 280.77 80.75 75.86 0.1910
415.91 280.77 80.75 75.86 0.1910
452.49 280.77 80.75 75.86 0.1910
489.06 280.77 80.75 75.86 0.1910
854.77 280.77 80.75 75.86 0.1910
379.34 331.91 80.75 75.86 0.1910
415.91 331.91 80.75 75.86 0.1910
525.63 383.06 80.75 75.86 0.1910
562.20 408.63 80.75 75.86 0.1910
708.49 408.63 80.75 75.86 0.1910
562.20 459.77 80.75 75.86 0.1910
635.34 485.34 80.75 75.86 0.1910
671.91 485.34 80.75 75.86 0.1910
708.49 510.91 80.75 75.86 0.1910
635.34 536.48 80.75 75.86 0.1910
196.49 562.06 80.75 75.86 0.1910
708.49 562.06 80.75 75.86 0.1910
415.96 383.12 80.72 75.80 0.1910
452.47 76.20 80.79 75.94 0.1909
196.48 510.90 80.77 75.95 0.1909
598.71 50.58 80.83 76.02 0.1909
745.03 280.80 80.81 75.84 0.1909
891.61 280.99 80.27 75.42 0.1909
708.47 306.27 80.81 75.95 0.1909
525.60 536.51 80.81 75.84 0.1909
562.14 50.58 80.92 76.03 0.1909
598.71 101.73 80.92 76.03 0.1909
525.57 152.87 80.92 76.03 0.1909
562.14 178.44 80.92 76.03 0.1909
123.28 357.44 80.92 76.03 0.1909
269.67 562.04 80.74 75.88 0.1909
306.24 562.04 80.74 75.88 0.1909
86.77 127.39 80.78 75.83 0.1909
196.48 127.31 80.80 75.92 0.1909
