35_Basketball_basketballgame_ball_35_64
200
50.55 454.57 80.24 78.75 0.1921
50.63 240.59 80.16 78.71 0.1920
927.98 0.00 80.94 79.10 0.1919
50.48 508.08 80.27 78.72 0.1919
928.21 106.87 80.39 78.89 0.1918
928.21 187.12 80.39 78.89 0.1918
50.63 401.10 80.12 78.69 0.1918
50.59 561.59 80.16 78.71 0.1917
708.54 160.06 80.61 79.18 0.1917
50.53 615.09 80.22 78.71 0.1917
745.12 106.56 80.70 79.19 0.1917
306.26 534.56 80.70 79.19 0.1917
671.98 133.33 80.59 79.14 0.1917
671.97 320.48 80.63 79.27 0.1917
818.19 186.72 80.67 79.29 0.1916
781.63 588.00 80.76 79.22 0.1916
50.66 53.39 80.09 78.65 0.1916
50.66 160.39 80.09 78.65 0.1916
50.66 347.64 80.09 78.65 0.1916
635.40 133.28 80.62 79.21 0.1916
269.68 534.53 80.62 79.21 0.1916
928.21 53.38 80.39 78.89 0.1915
928.21 347.63 80.39 78.89 0.1915
635.21 0.00 81.11 79.16 0.1915
635.41 320.55 80.69 79.17 0.1915
854.82 133.20 80.73 79.31 0.1915
708.53 320.59 80.64 79.17 0.1915
598.82 347.34 80.64 79.17 0.1915
159.97 427.45 80.73 79.31 0.1915
708.54 427.45 80.73 79.31 0.1915
671.97 454.20 80.73 79.31 0.1915
306.25 480.95 80.73 79.31 0.1915
635.40 587.95 80.73 79.31 0.1915
928.20 294.04 80.41 78.98 0.1915
928.20 454.54 80.41 78.98 0.1915
635.40 79.82 80.61 79.18 0.1915
708.55 79.82 80.61 79.18 0.1915
745.12 320.57 80.61 79.18 0.1915
708.55 374.07 80.61 79.18 0.1915
745.12 374.07 80.61 79.18 0.1915
598.77 293.80 80.68 79.25 0.1915
818.19 240.19 80.76 79.32 0.1915
196.54 454.20 80.74 79.39 0.1915
818.25 454.20 80.74 79.39 0.1915
123.39 480.95 80.74 79.39 0.1915
159.96 480.95 80.74 79.39 0.1915
452.54 507.70 80.74 79.39 0.1915
671.96 507.70 80.74 79.39 0.1915
708.54 534.45 80.74 79.39 0.1915
818.25 534.45 80.74 79.39 0.1915
854.82 587.95 80.74 79.39 0.1915
50.34 0.00 80.74 78.95 0.1915
50.66 294.13 80.06 78.70 0.1914
379.40 561.23 80.63 79.27 0.1914
159.76 0.00 81.13 79.18 0.1914
196.33 0.00 81.13 79.18 0.1914
232.91 0.00 81.13 79.18 0.1914
708.40 0.00 81.07 79.16 0.1914
744.98 0.00 81.07 79.16 0.1914
781.48 0.00 81.13 79.16 0.1914
781.69 159.98 80.72 79.27 0.1914
562.26 347.23 80.72 79.27 0.1914
854.76 240.20 80.78 79.41 0.1914
123.15 0.00 81.18 79.19 0.1914
269.40 0.00 81.22 79.19 0.1914
305.98 0.00 81.22 79.19 0.1914
818.00 0.00 81.18 79.19 0.1914
415.73 0.00 81.15 79.18 0.1913
452.30 0.00 81.15 79.18 0.1913
196.54 534.54 80.62 79.21 0.1913
233.11 534.54 80.62 79.21 0.1913
379.12 0.00 81.19 79.19 0.1913
671.87 0.00 81.04 79.16 0.1913
818.26 133.29 80.71 79.22 0.1913
708.55 267.04 80.71 79.22 0.1913
745.12 267.04 80.71 79.22 0.1913
525.69 320.54 80.71 79.22 0.1913
781.69 320.54 80.71 79.22 0.1913
635.40 427.54 80.71 79.22 0.1913
123.40 534.54 80.71 79.22 0.1913
342.83 588.04 80.71 79.22 0.1913
415.97 588.04 80.71 79.22 0.1913
818.26 588.04 80.71 79.22 0.1913
342.55 0.00 81.19 79.21 0.1913
86.62 0.00 81.13 79.18 0.1913
854.82 507.70 80.74 79.37 0.1913
306.18 587.95 80.70 79.29 0.1913
306.25 79.84 80.64 79.16 0.1913
854.82 79.84 80.64 79.16 0.1913
50.69 106.90 80.04 78.65 0.1913
123.39 106.59 80.64 79.16 0.1913
159.96 106.59 80.64 79.16 0.1913
598.83 106.45 80.73 79.30 0.1913
781.68 106.45 80.73 79.30 0.1913
598.82 160.09 80.64 79.16 0.1913
745.11 159.95 80.73 79.30 0.1913
781.68 213.45 80.73 79.30 0.1913
635.40 266.95 80.73 79.30 0.1913
781.68 266.95 80.73 79.30 0.1913
489.11 293.70 80.73 79.30 0.1913
818.26 293.70 80.73 79.30 0.1913
489.11 347.34 80.64 79.16 0.1913
635.39 374.09 80.64 79.16 0.1913
671.96 374.09 80.64 79.16 0.1913
452.54 400.70 80.73 79.30 0.1913
781.68 400.70 80.73 79.30 0.1913
818.26 400.70 80.73 79.30 0.1913
745.11 427.45 80.73 79.30 0.1913
233.11 480.95 80.73 79.30 0.1913
708.54 480.95 80.73 79.30 0.1913
745.11 480.95 80.73 79.30 0.1913
342.83 507.70 80.73 79.30 0.1913
379.40 507.70 80.73 79.30 0.1913
159.97 534.45 80.73 79.30 0.1913
415.97 534.45 80.73 79.30 0.1913
452.54 561.20 80.73 79.30 0.1913
598.83 561.20 80.73 79.30 0.1913
489.11 587.95 80.73 79.30 0.1913
671.97 587.95 80.73 79.30 0.1913
745.11 587.95 80.73 79.30 0.1913
123.33 373.95 80.79 79.30 0.1913
86.76 400.70 80.79 79.30 0.1913
415.90 400.70 80.79 79.30 0.1913
233.04 427.45 80.79 79.30 0.1913
781.62 507.70 80.79 79.30 0.1913
86.76 587.95 80.79 79.30 0.1913
123.33 587.95 80.79 79.30 0.1913
598.62 0.00 81.12 79.16 0.1913
708.54 213.59 80.73 79.17 0.1913
525.68 400.84 80.73 79.17 0.1913
708.54 588.04 80.73 79.30 0.1913
562.20 186.72 80.68 79.25 0.1913
928.20 240.54 80.41 78.98 0.1913
928.20 401.04 80.41 78.98 0.1913
928.21 561.54 80.41 78.97 0.1913
13.56 0.00 80.83 78.91 0.1912
854.84 186.72 80.71 79.26 0.1912
159.98 373.97 80.71 79.26 0.1912
562.27 400.72 80.71 79.26 0.1912
489.12 427.47 80.71 79.26 0.1912
928.17 615.03 80.45 79.00 0.1912
671.96 79.76 80.65 79.25 0.1912
562.18 587.95 80.71 79.38 0.1912
233.11 52.95 80.74 79.39 0.1912
196.53 106.51 80.75 79.26 0.1912
562.25 106.45 80.74 79.39 0.1912
415.97 240.20 80.74 79.39 0.1912
452.54 240.20 80.74 79.39 0.1912
489.11 240.20 80.74 79.39 0.1912
525.68 240.20 80.74 79.39 0.1912
671.97 240.20 80.74 79.39 0.1912
562.25 293.70 80.74 79.39 0.1912
123.40 320.45 80.74 79.39 0.1912
415.91 454.20 80.76 79.32 0.1912
452.54 454.20 80.74 79.39 0.1912
489.11 507.70 80.74 79.39 0.1912
525.68 534.45 80.74 79.39 0.1912
745.11 534.45 80.74 79.39 0.1912
525.68 587.95 80.74 79.39 0.1912
488.88 0.00 81.13 79.18 0.1912
525.61 106.45 80.81 79.38 0.1912
13.81 187.10 80.25 78.72 0.1912
854.76 400.70 80.81 79.38 0.1912
123.33 427.45 80.81 79.38 0.1912
86.76 454.20 80.81 79.38 0.1912
342.76 454.20 80.81 79.38 0.1912
781.61 454.20 80.81 79.38 0.1912
269.61 480.95 80.81 79.38 0.1912
635.33 507.70 80.81 79.38 0.1912
598.76 614.70 80.81 79.38 0.1912
123.42 240.25 80.65 79.30 0.1912
525.69 159.97 80.72 79.34 0.1912
452.55 347.22 80.72 79.34 0.1912
306.27 427.47 80.72 79.34 0.1912
123.40 159.95 80.72 79.41 0.1912
269.69 427.45 80.72 79.41 0.1912
525.69 480.95 80.72 79.41 0.1912
598.83 507.70 80.72 79.41 0.1912
269.73 79.85 80.58 79.15 0.1911
818.30 79.85 80.58 79.15 0.1911
562.19 240.20 80.78 79.40 0.1911
598.76 240.20 80.78 79.40 0.1911
159.90 293.70 80.78 79.40 0.1911
854.76 293.70 80.78 79.40 0.1911
708.75 641.67 80.31 79.06 0.1911
635.39 186.81 80.64 79.20 0.1911
269.89 641.68 80.42 79.00 0.1911
891.48 0.00 80.72 78.99 0.1911
745.11 213.56 80.73 79.20 0.1911
562.27 534.47 80.70 79.36 0.1911
452.69 641.64 80.42 79.07 0.1911
489.27 641.64 80.42 79.07 0.1911
671.96 186.86 80.65 79.15 0.1911
598.76 400.79 80.68 79.21 0.1911
562.16 0.00 81.01 79.18 0.1911
854.64 0.00 81.15 79.21 0.1911
525.52 0.00 81.07 79.17 0.1911
233.10 106.48 80.75 79.29 0.1911
269.67 587.98 80.75 79.29 0.1911
525.85 641.62 80.50 79.08 0.1911
