35_Basketball_playingbasketball_35_651
200
927.91 0.00 81.03 108.30 0.1923
50.59 731.20 80.21 107.63 0.1921
50.48 840.90 80.31 107.66 0.1921
928.12 694.51 80.55 108.07 0.1920
50.58 658.02 80.22 107.67 0.1920
50.51 365.45 80.28 107.67 0.1920
50.52 511.74 80.28 107.67 0.1920
50.52 584.88 80.28 107.67 0.1920
50.54 292.21 80.24 107.88 0.1919
50.27 0.00 80.85 108.08 0.1919
50.50 219.07 80.38 107.93 0.1918
50.54 109.36 80.25 107.74 0.1918
891.64 72.83 80.19 107.68 0.1918
891.59 365.44 80.22 107.71 0.1917
50.58 438.60 80.22 107.67 0.1917
891.58 840.83 80.36 107.79 0.1917
928.14 365.43 80.47 107.92 0.1916
928.09 840.81 80.58 108.18 0.1916
928.19 621.37 80.42 107.98 0.1916
781.61 657.53 80.79 108.42 0.1915
488.83 0.00 81.19 108.28 0.1915
525.41 0.00 81.19 108.28 0.1915
708.26 0.00 81.19 108.28 0.1915
744.83 0.00 81.19 108.28 0.1915
928.20 475.14 80.41 107.97 0.1915
928.12 182.45 80.53 108.17 0.1915
416.12 877.26 80.39 108.02 0.1915
891.45 0.00 80.75 108.02 0.1914
928.14 109.39 80.45 107.99 0.1914
452.46 291.83 80.79 108.62 0.1914
489.03 291.83 80.79 108.62 0.1914
269.84 877.26 80.48 108.02 0.1914
635.55 877.26 80.48 108.02 0.1914
13.80 292.40 80.19 107.48 0.1914
196.30 0.00 81.18 108.22 0.1914
269.44 0.00 81.18 108.22 0.1914
598.54 0.00 81.21 108.24 0.1914
635.12 0.00 81.21 108.24 0.1914
781.40 0.00 81.21 108.24 0.1914
928.13 767.62 80.52 108.05 0.1914
13.59 0.00 80.80 107.91 0.1914
415.84 291.80 80.84 108.67 0.1914
232.88 0.00 81.15 108.25 0.1913
86.55 0.00 81.19 108.26 0.1913
159.69 0.00 81.19 108.26 0.1913
305.98 0.00 81.19 108.26 0.1913
342.55 0.00 81.19 108.26 0.1913
379.12 0.00 81.19 108.26 0.1913
415.69 0.00 81.19 108.26 0.1913
452.26 0.00 81.19 108.26 0.1913
561.98 0.00 81.19 108.26 0.1913
671.69 0.00 81.19 108.26 0.1913
817.98 0.00 81.19 108.26 0.1913
452.69 877.21 80.43 108.10 0.1913
525.83 877.21 80.43 108.10 0.1913
781.56 840.38 80.89 108.64 0.1913
86.97 877.21 80.52 108.11 0.1913
196.69 877.21 80.52 108.11 0.1913
233.26 877.21 80.52 108.11 0.1913
306.40 877.21 80.52 108.11 0.1913
342.97 877.21 80.52 108.11 0.1913
489.26 877.21 80.52 108.11 0.1913
562.40 877.21 80.52 108.11 0.1913
598.97 877.21 80.52 108.11 0.1913
854.54 0.00 81.21 108.27 0.1913
123.07 0.00 81.25 108.28 0.1913
891.68 767.75 80.07 107.52 0.1913
745.00 840.40 80.87 108.57 0.1913
928.10 255.57 80.55 108.18 0.1913
744.99 145.49 80.87 108.60 0.1913
13.80 219.23 80.18 107.55 0.1913
928.20 548.29 80.41 107.97 0.1913
781.68 584.39 80.74 108.53 0.1912
818.25 620.97 80.74 108.53 0.1912
123.51 877.21 80.57 108.12 0.1912
672.13 877.27 80.47 108.02 0.1912
708.70 877.27 80.47 108.02 0.1912
13.72 146.06 80.40 107.61 0.1912
13.81 475.22 80.25 107.63 0.1912
745.04 620.97 80.81 108.53 0.1912
342.76 803.82 80.81 108.53 0.1912
379.33 803.82 80.81 108.53 0.1912
342.71 182.09 80.83 108.55 0.1912
525.56 218.66 80.83 108.55 0.1912
415.90 364.96 80.77 108.63 0.1912
708.48 145.53 80.78 108.56 0.1911
891.58 145.82 80.36 107.92 0.1911
891.49 218.94 80.41 107.97 0.1911
123.33 584.39 80.78 108.56 0.1911
818.19 694.10 80.78 108.56 0.1911
160.12 877.19 80.49 108.17 0.1911
891.65 438.55 80.11 107.58 0.1911
379.27 182.04 80.87 108.63 0.1911
415.85 218.66 80.84 108.66 0.1911
452.42 218.66 80.84 108.66 0.1911
488.99 218.66 80.84 108.66 0.1911
379.27 255.24 80.84 108.66 0.1911
379.29 328.36 80.83 108.67 0.1911
598.76 218.76 80.79 108.45 0.1911
598.76 328.47 80.79 108.45 0.1911
708.48 328.47 80.79 108.45 0.1911
525.62 438.18 80.79 108.45 0.1911
562.19 474.76 80.79 108.45 0.1911
159.92 584.41 80.76 108.49 0.1911
123.29 109.02 80.82 108.49 0.1911
562.15 145.59 80.82 108.49 0.1911
854.71 840.38 80.88 108.63 0.1911
13.76 365.55 80.26 107.52 0.1911
86.76 108.97 80.81 108.53 0.1911
452.48 438.14 80.77 108.57 0.1911
13.85 767.87 80.23 107.57 0.1911
818.13 840.38 80.89 108.64 0.1911
525.62 145.49 80.80 108.58 0.1911
489.00 145.47 80.84 108.61 0.1911
745.10 547.85 80.76 108.52 0.1910
123.32 511.28 80.82 108.51 0.1910
854.75 547.85 80.82 108.51 0.1910
86.75 584.42 80.82 108.51 0.1910
854.75 620.99 80.82 108.51 0.1910
671.89 694.14 80.82 108.51 0.1910
708.46 694.14 80.82 108.51 0.1910
745.03 694.14 80.82 108.51 0.1910
306.18 803.85 80.82 108.51 0.1910
598.75 803.85 80.82 108.51 0.1910
379.57 877.25 80.37 108.11 0.1910
708.41 218.64 80.87 108.60 0.1910
525.67 365.00 80.69 108.44 0.1910
854.87 438.16 80.71 108.46 0.1910
745.06 255.38 80.73 108.37 0.1910
818.20 328.52 80.73 108.37 0.1910
854.78 328.52 80.73 108.37 0.1910
306.20 401.67 80.73 108.37 0.1910
415.89 145.45 80.85 108.66 0.1910
13.80 72.90 80.30 107.68 0.1910
452.42 145.43 80.88 108.69 0.1910
671.96 145.56 80.73 108.55 0.1910
123.32 694.13 80.79 108.54 0.1910
415.90 694.13 80.79 108.54 0.1910
781.63 218.69 80.75 108.49 0.1910
86.77 255.26 80.75 108.49 0.1910
123.34 255.26 80.75 108.49 0.1910
196.49 291.83 80.75 108.49 0.1910
269.63 291.83 80.75 108.49 0.1910
306.20 291.83 80.75 108.49 0.1910
781.63 291.83 80.75 108.49 0.1910
342.77 364.98 80.75 108.49 0.1910
342.77 474.69 80.75 108.49 0.1910
489.06 474.69 80.75 108.49 0.1910
379.34 511.26 80.75 108.49 0.1910
415.91 511.26 80.75 108.49 0.1910
489.06 547.83 80.75 108.49 0.1910
123.33 803.83 80.81 108.53 0.1910
818.15 218.64 80.81 108.55 0.1910
159.96 255.29 80.71 108.56 0.1910
562.24 365.07 80.72 108.40 0.1910
415.86 438.07 80.81 108.55 0.1910
269.68 109.04 80.72 108.41 0.1909
525.62 291.82 80.77 108.62 0.1909
452.48 364.96 80.77 108.62 0.1909
159.91 657.58 80.77 108.48 0.1909
196.48 657.58 80.77 108.48 0.1909
196.49 109.02 80.76 108.44 0.1909
233.06 109.02 80.76 108.44 0.1909
306.21 109.02 80.76 108.44 0.1909
342.77 109.03 80.73 108.42 0.1909
379.34 109.03 80.73 108.42 0.1909
891.61 292.15 80.27 107.86 0.1909
196.46 365.01 80.81 108.46 0.1909
781.60 365.01 80.81 108.46 0.1909
233.03 547.87 80.81 108.46 0.1909
269.60 584.44 80.81 108.46 0.1909
562.17 621.01 80.81 108.46 0.1909
452.42 620.99 80.84 108.50 0.1909
13.82 840.87 80.28 107.70 0.1909
854.70 182.01 80.95 108.70 0.1909
233.06 328.48 80.78 108.45 0.1909
745.06 328.48 80.78 108.45 0.1909
233.06 401.62 80.78 108.45 0.1909
269.63 438.19 80.78 108.45 0.1909
269.63 511.33 80.78 108.45 0.1909
306.20 511.33 80.78 108.45 0.1909
342.77 547.90 80.78 108.45 0.1909
525.63 584.48 80.78 108.45 0.1909
159.87 109.03 80.81 108.49 0.1909
196.43 218.65 80.83 108.67 0.1909
306.15 218.65 80.83 108.67 0.1909
342.72 255.22 80.83 108.67 0.1909
562.24 291.82 80.70 108.49 0.1909
708.53 584.43 80.76 108.50 0.1909
379.32 730.71 80.82 108.49 0.1909
415.89 767.28 80.82 108.49 0.1909
635.30 218.68 80.86 108.55 0.1909
671.88 255.26 80.86 108.55 0.1909
598.73 584.40 80.86 108.55 0.1909
415.88 620.97 80.86 108.55 0.1909
269.62 364.93 80.79 108.57 0.1908
525.62 511.21 80.79 108.57 0.1908
452.48 547.79 80.79 108.57 0.1908
562.19 547.79 80.79 108.57 0.1908
818.19 109.00 80.82 108.53 0.1908
