54_Rescue_rescuepeople_54_529
90
416.21 23.51 64.29 74.55 0.849771
521.23 256.89 64.16 67.65 0.559692
294.78 222.95 84.38 79.14 0.258845
557.67 168.09 43.04 45.98 0.240886
315.46 399.68 51.05 56.03 0.224475
563.18 189.58 48.34 38.18 0.222040
917.56 278.98 48.23 43.48 0.216930
836.26 230.63 50.97 61.56 0.212209
469.97 265.25 66.58 58.98 0.194875
497.11 134.92 45.82 42.23 0.183419
415.24 271.25 45.92 47.94 0.183261
346.31 215.19 85.52 80.41 0.182015
421.36 160.53 106.58 110.74 0.178416
506.53 192.76 49.66 51.72 0.162246
583.79 189.69 50.53 42.97 0.152257
472.17 241.34 82.88 57.96 0.152086
913.80 309.38 51.19 49.16 0.148035
731.88 224.33 58.05 85.17 0.147966
546.94 210.47 66.68 59.95 0.138613
653.28 204.48 34.44 30.82 0.136459
799.92 225.63 70.59 80.57 0.134604
849.12 225.60 72.36 78.10 0.133200
887.04 288.29 58.98 65.45 0.130065
501.61 213.53 63.73 67.47 0.128332
653.03 363.92 42.15 45.36 0.127922
496.54 159.49 55.81 61.05 0.122045
410.76 243.42 49.85 44.71 0.120769
624.44 387.57 114.76 138.91 0.119786
779.47 268.16 55.97 65.38 0.116037
654.97 212.62 36.92 42.01 0.114563
840.54 146.01 43.41 47.40 0.112780
832.88 167.22 101.88 133.23 0.110603
598.34 408.96 90.56 116.36 0.110158
235.41 238.44 95.77 83.05 0.105800
323.05 55.14 55.39 63.91 0.103620
464.41 153.30 80.09 89.01 0.101285
813.25 287.41 174.62 172.25 0.100092
835.50 73.21 81.89 89.91 0.099746
587.12 208.08 51.49 49.44 0.098973
599.44 149.67 44.06 44.78 0.094302
316.39 121.37 59.84 52.56 0.092669
195.29 319.06 34.49 32.34 0.090156
842.74 352.65 159.53 160.59 0.088299
492.03 9.01 64.33 81.81 0.087529
707.36 240.61 78.46 109.27 0.085585
817.64 162.62 74.13 91.07 0.083977
815.95 256.80 70.59 85.09 0.083878
703.98 208.80 59.73 63.69 0.083066
275.87 0.00 96.81 92.92 0.080352
464.30 71.56 48.46 63.63 0.078752
346.59 123.25 128.19 146.86 0.078437
696.81 303.58 106.05 111.14 0.077966
637.20 367.74 62.80 78.33 0.077587
472.40 287.72 75.79 61.40 0.077379
597.36 351.11 57.82 65.77 0.077045
646.70 137.99 52.35 48.44 0.076897
374.17 271.97 50.46 52.73 0.076753
381.11 1.70 48.44 82.53 0.076573
149.61 325.06 48.68 52.62 0.075934
734.54 205.05 44.82 51.87 0.075472
709.31 205.98 38.46 39.22 0.075231
915.74 255.93 60.36 46.15 0.070496
612.20 370.02 60.06 70.25 0.069924
282.29 43.99 77.98 92.76 0.069151
683.34 238.81 181.91 288.11 0.068479
299.95 134.79 93.27 108.44 0.067652
293.76 383.42 87.52 110.50 0.066728
459.82 281.79 132.81 196.83 0.066029
692.19 130.40 52.65 58.06 0.065698
608.57 93.19 69.74 63.07 0.062533
580.09 220.54 68.30 73.20 0.062395
509.95 270.92 112.83 165.33 0.062279
280.26 279.95 84.09 84.57 0.061016
849.78 108.13 75.90 90.71 0.059113
49.51 62.77 148.22 97.77 0.058923
639.71 208.51 82.02 99.13 0.057343
508.55 379.30 109.20 156.78 0.057096
128.77 416.66 67.02 68.02 0.055603
495.70 98.25 55.43 57.82 0.055362
649.55 308.26 46.27 58.48 0.054729
914.14 316.97 109.86 131.27 0.054425
557.11 117.00 59.08 63.88 0.054397
125.72 321.50 87.62 119.73 0.054388
910.41 410.69 98.91 128.88 0.053931
522.46 7.31 108.14 99.48 0.053895
372.70 60.68 64.01 67.48 0.053688
782.70 15.93 113.43 138.24 0.052851
957.85 310.68 66.15 79.74 0.051365
236.55 293.22 78.05 70.64 0.050630
278.46 0.37 55.37 61.38 0.050128
