54_Rescue_rescuepeople_54_406
140
737.70 305.78 40.32 46.35 0.400789
718.79 322.50 72.87 124.87 0.336934
424.92 329.82 53.76 68.35 0.192625
416.14 347.27 68.42 96.18 0.179008
446.35 361.60 60.90 81.66 0.159523
583.67 105.47 107.00 100.47 0.147445
612.08 137.19 104.52 87.16 0.144380
751.31 91.75 48.00 63.79 0.143082
367.06 308.80 95.28 150.45 0.142764
139.14 56.96 98.44 113.45 0.141106
873.23 137.59 48.97 48.96 0.138576
519.69 190.17 47.53 53.27 0.136374
777.98 88.25 50.42 70.16 0.131723
450.38 123.18 53.49 55.07 0.129843
254.11 134.50 65.69 48.76 0.128619
208.35 75.84 66.84 76.91 0.126242
849.28 8.31 21.02 23.18 0.125344
988.71 141.95 25.67 38.93 0.124977
424.20 117.83 55.58 56.40 0.124179
665.61 113.68 82.40 86.08 0.122098
804.12 9.58 25.41 25.95 0.117949
547.50 195.20 56.78 49.42 0.117550
515.60 104.53 52.84 57.56 0.115503
481.84 443.38 76.66 89.41 0.113045
942.31 98.83 25.58 33.56 0.112693
544.57 105.89 65.26 68.60 0.112339
840.56 119.13 55.03 64.10 0.111120
199.81 106.71 81.91 84.77 0.109211
368.94 7.29 51.12 38.89 0.107286
891.56 77.56 25.96 33.72 0.106616
887.02 88.03 36.40 49.43 0.104679
729.17 160.86 57.02 57.64 0.102929
556.15 6.15 41.38 31.34 0.101402
846.91 33.83 27.40 38.41 0.101129
651.64 304.45 147.14 231.89 0.101045
606.57 73.09 46.21 51.79 0.100453
243.62 91.69 73.81 63.12 0.099594
991.48 110.05 23.42 33.54 0.098696
227.59 34.99 43.42 52.78 0.097396
599.65 185.72 64.69 57.31 0.096558
438.93 426.77 160.58 183.10 0.096153
53.25 97.10 57.06 65.40 0.095860
391.42 469.81 96.75 83.74 0.095834
127.01 89.78 82.48 117.73 0.095588
847.86 69.78 30.94 38.21 0.095059
694.73 540.80 37.09 44.81 0.094766
86.40 77.97 86.54 108.84 0.094478
988.03 317.60 29.77 37.76 0.093466
897.42 7.98 20.01 21.28 0.093153
990.81 73.38 23.37 26.66 0.093084
543.21 147.37 82.83 82.37 0.092520
410.37 8.24 47.78 39.09 0.091653
670.13 59.80 84.16 102.67 0.091324
940.96 9.38 21.25 19.88 0.090760
744.01 353.02 80.11 114.63 0.089681
511.02 65.49 44.44 46.59 0.088331
940.30 79.17 25.53 28.46 0.087485
716.49 287.73 53.64 72.30 0.087407
797.86 24.73 32.43 41.81 0.085966
940.09 135.33 31.81 41.58 0.085472
944.75 318.41 28.72 34.15 0.084014
469.49 72.24 32.23 39.37 0.083792
422.85 30.62 37.17 37.23 0.082929
692.88 28.78 41.72 45.23 0.082433
757.87 9.16 27.69 24.37 0.082167
241.56 8.37 33.99 28.12 0.081925
167.33 115.70 80.20 112.56 0.081629
104.17 22.28 83.31 89.22 0.081278
990.51 39.81 24.63 27.79 0.080735
321.40 133.30 59.47 49.48 0.080693
522.01 37.96 32.87 35.63 0.080679
532.18 211.12 114.75 91.75 0.080634
504.15 456.90 104.93 95.01 0.080265
557.40 24.26 41.60 42.93 0.079917
859.20 162.85 70.94 58.41 0.079323
342.65 219.92 93.55 69.89 0.077988
363.92 88.68 62.71 62.95 0.077969
896.71 352.11 26.36 32.98 0.077620
445.28 146.56 74.09 77.54 0.076791
513.17 200.27 61.69 77.60 0.076120
257.83 247.30 175.66 246.12 0.075858
610.95 491.17 43.58 42.68 0.075189
267.10 209.66 57.01 55.46 0.075152
360.00 182.48 99.04 73.52 0.075080
729.83 427.59 69.02 98.98 0.075004
560.86 69.83 36.17 37.90 0.074956
401.86 255.00 87.33 72.24 0.074540
438.67 418.11 94.96 121.07 0.074462
356.79 120.11 101.15 78.38 0.074341
658.79 524.82 70.63 69.72 0.074172
284.69 5.40 45.11 27.89 0.073622
755.14 28.92 31.84 43.79 0.073543
480.48 361.71 83.57 122.50 0.073386
750.94 515.16 48.90 79.87 0.073183
603.35 522.17 50.31 49.80 0.073170
893.38 34.39 25.31 31.99 0.070593
241.94 210.60 51.23 43.19 0.069533
698.84 9.24 35.85 30.03 0.069118
430.17 74.78 38.25 41.24 0.067754
796.40 159.86 45.48 51.47 0.067494
421.42 166.91 113.90 91.72 0.067303
522.14 8.29 37.71 28.72 0.067220
616.44 69.27 84.30 100.29 0.067136
332.19 5.95 41.21 31.66 0.066667
980.24 155.23 40.44 66.52 0.066663
211.25 158.64 74.17 83.44 0.065945
75.51 133.49 64.10 92.54 0.065863
267.22 257.43 66.74 60.68 0.065621
335.06 28.09 43.51 38.13 0.065449
324.66 97.33 59.13 53.44 0.065290
990.52 4.71 23.99 23.16 0.065151
943.33 37.55 19.31 23.02 0.064556
693.06 404.34 81.20 133.26 0.064352
845.99 353.98 25.00 34.14 0.064262
986.99 332.52 31.86 47.67 0.063970
330.14 68.46 46.15 50.02 0.063889
609.74 6.64 32.17 25.15 0.063674
674.64 169.79 76.25 72.23 0.063628
253.31 155.06 76.71 75.28 0.063442
252.80 252.55 128.91 124.81 0.063069
472.54 38.25 31.79 38.17 0.063016
941.44 330.18 43.80 53.63 0.062965
662.06 9.14 32.24 32.08 0.061858
899.03 322.64 21.46 30.83 0.061822
835.56 93.16 54.55 64.05 0.060935
608.22 38.41 35.39 38.52 0.059961
143.34 2.75 87.11 69.68 0.059381
657.69 27.37 39.12 43.17 0.059311
472.73 9.39 33.18 35.52 0.059064
195.77 202.48 38.29 43.83 0.057895
316.61 188.12 86.88 74.46 0.057854
383.68 208.14 114.41 82.07 0.056633
518.37 515.14 82.28 79.08 0.056391
368.72 69.89 47.09 53.24 0.056093
976.37 181.17 42.00 73.73 0.055958
607.90 554.97 45.51 39.19 0.055243
748.87 429.79 78.04 139.78 0.055106
276.45 20.59 49.73 48.99 0.054350
292.86 239.63 104.42 75.87 0.053619
784.86 306.02 40.30 48.94 0.051367
