54_Rescue_firemanrescue_54_939
14
30.81 432.37 131.02 317.63 0.8964
149.25 449.06 215.99 300.94 0.8082
8.27 450.64 71.45 299.36 0.6247
195.11 449.15 405.76 300.85 0.5269
609.91 457.24 414.09 292.76 0.5041
88.57 107.57 375.47 248.09 0.4107
401.11 446.77 429.75 303.23 0.3069
93.69 359.74 146.62 390.26 0.1689
564.87 262.14 459.13 302.36 0.0785
144.80 301.73 362.38 361.02 0.0737
243.87 126.74 413.13 172.28 0.0499
141.48 160.30 549.90 303.08 0.0463
1.82 155.22 27.24 206.22 0.0448
615.15 9.88 408.85 39.54 0.0302
