55_Sports_Coach_Trainer_sportcoaching_55_196
17
632.70 35.00 391.30 66.26 0.5326
640.64 52.42 383.36 104.28 0.4050
532.23 165.70 324.12 162.50 0.3676
338.15 189.08 419.27 190.02 0.2559
629.91 143.72 394.09 194.10 0.2429
646.52 12.21 377.48 29.50 0.2017
231.38 171.06 346.46 143.11 0.1246
517.44 224.73 501.38 196.12 0.1219
302.56 265.68 343.55 172.32 0.1026
169.82 266.63 316.31 171.37 0.0946
118.01 252.10 131.80 154.60 0.0778
140.85 164.54 236.01 150.42 0.0518
20.95 261.20 26.78 138.18 0.0505
77.69 254.76 68.56 152.08 0.0486
350.61 118.99 395.30 178.36 0.0467
0.00 0.00 67.67 46.51 0.0344
20.24 167.16 27.58 148.30 0.0241
