55_Sports_Coach_Trainer_sportcoaching_55_380
25
602.49 133.79 421.51 200.34 0.6336
603.86 215.96 420.14 229.46 0.4805
361.18 165.25 371.45 227.87 0.2533
64.60 191.18 87.12 181.75 0.2011
85.95 187.31 191.03 191.00 0.1531
25.12 185.89 30.73 191.67 0.1353
130.73 316.29 393.87 195.71 0.1281
620.57 36.51 403.43 77.33 0.0973
99.85 310.76 167.42 201.24 0.0936
622.08 73.44 401.92 108.76 0.0929
151.16 216.26 214.40 219.51 0.0883
234.86 219.31 336.09 219.82 0.0852
12.59 317.37 44.44 194.63 0.0790
638.13 6.09 385.87 47.21 0.0771
50.68 305.47 119.65 206.53 0.0570
372.74 310.74 349.90 201.26 0.0559
2.63 0.00 64.04 55.28 0.0405
352.35 111.11 386.68 150.58 0.0394
120.25 119.60 268.88 236.16 0.0338
523.57 260.26 348.61 245.31 0.0308
113.52 30.52 427.67 89.17 0.0297
225.00 118.53 357.81 234.01 0.0278
20.91 103.05 35.72 153.27 0.0254
21.81 25.91 33.91 97.47 0.0235
128.58 9.87 397.81 42.92 0.0206
