12_Group_Team_Organized_Group_12_Group_Team_Organized_Group_12_778
200
402.38 305.75 25.91 30.32 0.7229
337.88 57.64 22.12 20.78 0.6894
816.87 147.45 27.88 23.57 0.6813
699.83 118.84 34.58 32.48 0.6739
406.91 61.07 20.91 18.80 0.6421
581.49 299.15 28.18 36.59 0.6294
708.53 306.72 26.45 25.78 0.6237
342.41 293.68 22.15 24.71 0.5853
782.72 307.15 26.34 25.30 0.5696
261.92 66.71 26.24 27.75 0.5653
890.11 168.80 30.17 25.42 0.5592
517.60 295.75 23.84 25.90 0.5554
223.72 281.16 27.14 37.38 0.5407
848.57 189.18 26.35 34.82 0.5291
229.93 224.86 20.01 21.27 0.5177
705.69 54.46 23.56 20.98 0.5033
109.55 281.98 25.43 28.77 0.5031
440.99 229.41 19.90 21.31 0.5017
619.23 92.67 25.00 22.52 0.5012
809.08 110.23 27.83 23.56 0.4897
802.81 76.31 29.10 26.49 0.4810
666.14 94.72 21.84 21.97 0.4795
881.70 133.45 25.72 23.07 0.4659
374.89 76.00 20.69 24.00 0.4638
555.69 230.36 18.19 21.73 0.4318
379.55 230.48 18.44 21.09 0.4304
849.40 133.51 26.19 22.32 0.4298
744.13 85.48 27.64 28.61 0.4266
332.03 227.21 18.50 23.12 0.4218
761.88 116.39 30.10 34.02 0.4177
290.06 102.20 26.60 24.76 0.3869
490.77 225.29 22.77 23.49 0.3773
526.75 68.42 21.87 19.00 0.3682
928.73 149.98 28.95 31.53 0.3647
583.37 65.77 22.60 19.65 0.3646
694.31 82.51 28.13 25.43 0.3544
739.75 74.95 26.26 25.90 0.3478
491.85 93.78 26.71 21.89 0.3467
662.98 298.52 22.00 22.33 0.3320
217.86 50.68 26.10 27.28 0.3305
178.77 217.32 24.00 26.01 0.3276
923.11 310.33 27.01 27.25 0.3218
873.57 317.12 30.33 27.11 0.3201
271.49 228.05 24.91 24.10 0.3164
162.20 283.64 30.35 32.36 0.3133
653.83 232.16 25.23 23.22 0.3028
453.64 66.03 23.56 21.86 0.3012
46.15 242.45 21.88 20.71 0.3011
160.25 96.62 21.39 21.53 0.3006
192.40 51.63 25.33 27.58 0.2987
664.52 75.23 19.45 15.74 0.2919
304.80 74.75 22.20 19.01 0.2702
736.58 215.15 18.92 19.92 0.2695
697.13 70.54 28.13 22.48 0.2673
297.92 94.51 24.51 28.10 0.2659
291.01 293.78 21.93 24.72 0.2522
481.72 68.33 15.36 18.52 0.2520
467.58 295.55 28.98 33.95 0.2457
598.92 234.31 16.97 20.90 0.2453
436.02 91.97 24.24 24.52 0.2394
523.25 380.34 22.12 21.28 0.2364
118.61 370.24 15.19 15.95 0.2337
74.65 291.29 22.54 25.95 0.2326
586.24 109.35 22.46 18.52 0.2310
561.30 304.03 22.26 29.22 0.2294
398.19 396.25 26.11 20.63 0.2242
770.34 87.29 29.35 30.60 0.2241
629.90 77.37 16.17 13.96 0.2226
743.49 98.18 26.74 29.52 0.2221
667.37 396.48 20.76 24.18 0.2219
50.45 283.89 22.72 27.02 0.2211
629.34 233.55 18.68 23.13 0.2135
559.18 71.40 15.06 16.97 0.2130
776.54 69.58 25.19 23.60 0.2117
119.44 222.12 19.55 21.34 0.2113
484.20 61.43 15.28 18.06 0.2097
804.86 121.67 32.94 27.05 0.2096
80.94 273.30 18.51 23.21 0.2086
838.00 101.26 29.66 25.72 0.2022
333.52 207.72 19.16 23.81 0.1981
117.34 233.65 23.41 25.67 0.1937
522.51 60.40 20.31 21.60 0.1894
158.51 384.20 17.26 17.30 0.1882
157.62 372.26 13.62 15.96 0.1825
705.06 221.22 21.27 20.37 0.1782
229.39 104.04 21.45 23.24 0.1778
454.97 301.97 29.86 28.54 0.1755
741.83 124.87 21.38 27.26 0.1755
116.37 254.61 23.11 24.04 0.1726
595.22 93.96 18.37 17.84 0.1716
917.42 126.45 27.76 23.18 0.1705
985.55 297.50 27.52 27.33 0.1699
83.07 258.60 17.68 19.75 0.1697
559.38 405.62 18.27 19.58 0.1668
229.49 369.75 15.04 13.51 0.1620
84.04 236.69 17.46 20.33 0.1620
374.00 59.29 16.46 21.73 0.1603
634.13 303.54 31.16 30.55 0.1602
284.23 108.84 37.96 43.83 0.1593
83.95 222.92 15.95 15.34 0.1556
594.48 384.99 16.56 16.62 0.1555
6.15 273.74 20.04 20.92 0.1535
264.61 386.76 17.64 18.46 0.1529
333.48 397.79 20.93 19.33 0.1512
471.34 388.99 26.84 25.51 0.1502
230.28 92.58 26.12 28.16 0.1497
772.73 463.25 24.64 19.18 0.1497
728.34 56.25 31.45 30.43 0.1496
628.67 383.07 17.93 18.80 0.1434
668.77 116.55 22.76 27.79 0.1416
700.63 235.06 22.16 19.19 0.1410
410.44 235.21 17.37 20.70 0.1405
160.04 215.36 23.25 26.49 0.1382
290.78 127.81 33.12 43.23 0.1348
296.88 223.42 22.24 25.28 0.1332
836.90 440.02 37.11 32.23 0.1330
915.82 108.23 31.18 25.34 0.1314
270.11 293.69 22.78 26.62 0.1313
265.82 302.36 18.62 23.14 0.1311
955.38 106.94 33.50 27.90 0.1310
377.73 389.19 19.67 19.47 0.1299
52.04 361.74 17.17 18.10 0.1294
296.69 187.58 21.01 22.25 0.1287
560.68 60.92 15.89 21.36 0.1285
524.02 214.86 13.49 21.25 0.1276
336.26 86.64 21.25 24.38 0.1271
508.61 87.13 25.33 20.87 0.1267
403.16 204.02 20.50 23.10 0.1244
450.92 203.25 20.29 23.20 0.1241
630.22 246.37 20.83 24.01 0.1235
589.97 407.08 18.57 18.35 0.1227
734.54 130.25 22.58 30.15 0.1225
407.70 210.58 18.36 27.67 0.1215
426.21 422.32 36.23 32.66 0.1215
733.84 404.26 19.27 17.36 0.1210
747.58 440.18 23.92 18.02 0.1208
8.35 257.56 19.78 20.16 0.1196
774.56 472.59 24.25 17.99 0.1190
196.14 369.87 15.81 13.28 0.1187
594.67 368.90 22.81 21.12 0.1186
633.73 403.45 17.71 18.54 0.1174
225.07 332.33 19.65 20.96 0.1162
992.34 320.56 24.70 29.93 0.1145
377.83 304.77 28.08 25.79 0.1141
560.51 84.84 19.13 20.68 0.1132
150.39 257.05 22.52 26.08 0.1128
884.68 110.86 23.86 21.96 0.1127
372.29 84.45 26.63 39.65 0.1115
49.39 302.46 19.91 23.99 0.1114
878.26 430.81 31.73 37.75 0.1097
955.97 298.51 21.49 28.53 0.1096
378.28 400.33 23.81 19.94 0.1088
623.94 369.50 21.01 18.66 0.1086
559.23 364.58 20.75 20.85 0.1082
519.54 305.31 24.34 39.78 0.1075
9.81 311.79 17.52 20.54 0.1070
804.50 421.52 25.25 19.52 0.1067
6.72 287.80 19.97 23.43 0.1064
301.57 54.69 17.94 18.93 0.1062
81.34 352.00 17.11 17.47 0.1053
85.93 367.59 15.04 16.53 0.1048
583.17 113.70 26.30 29.41 0.1039
8.36 329.75 18.60 24.37 0.1037
414.29 78.53 26.17 30.29 0.1034
119.77 381.16 16.94 19.02 0.1034
5.83 347.31 19.00 22.01 0.1027
263.51 200.50 17.57 19.75 0.1021
702.16 400.29 20.79 21.60 0.1017
814.02 438.19 31.28 27.34 0.1011
927.10 201.91 18.81 22.29 0.1010
511.40 236.65 22.07 20.06 0.1010
662.42 59.06 22.12 18.06 0.1007
658.37 309.24 25.79 33.91 0.1006
156.82 353.07 15.76 17.18 0.0993
450.71 400.38 27.24 21.90 0.0989
596.93 245.54 20.96 25.63 0.0975
356.35 424.48 31.69 27.72 0.0974
452.35 387.44 27.91 23.49 0.0974
776.35 158.11 31.69 30.10 0.0970
670.45 443.88 16.92 15.75 0.0970
557.37 382.23 20.00 21.74 0.0966
368.42 290.77 27.79 31.94 0.0951
175.62 289.33 29.69 34.91 0.0948
919.81 93.07 31.90 29.85 0.0943
300.17 367.04 16.44 16.53 0.0929
839.81 162.57 32.34 33.00 0.0927
951.04 122.56 31.70 28.86 0.0920
267.08 371.02 13.95 16.83 0.0919
852.67 311.30 25.20 24.38 0.0913
4.65 201.34 24.42 21.78 0.0912
230.53 118.11 29.88 34.21 0.0911
632.69 421.26 16.30 15.59 0.0906
483.32 205.29 16.13 18.97 0.0905
291.11 156.69 26.80 26.31 0.0900
264.67 128.34 23.85 27.74 0.0892
84.22 205.34 17.91 18.81 0.0891
228.14 206.15 20.20 33.10 0.0885
947.22 312.45 28.97 31.80 0.0883
513.79 459.18 22.20 18.83 0.0881
486.86 439.97 27.43 21.34 0.0880
