12_Group_Team_Organized_Group_12_Group_Team_Organized_Group_12_319
126
444.58 205.37 49.98 67.41 0.4029
507.25 215.23 46.78 58.38 0.3306
482.48 287.76 34.87 43.30 0.2143
525.07 213.05 51.58 44.17 0.2140
294.80 351.03 159.73 149.97 0.2071
238.30 95.33 73.30 169.76 0.2055
478.81 23.45 35.92 63.34 0.1924
866.38 238.00 41.40 58.39 0.1790
506.77 240.57 73.85 76.60 0.1780
522.64 270.26 56.22 64.20 0.1779
412.70 276.81 26.10 36.72 0.1742
710.06 143.60 53.60 89.08 0.1687
498.25 17.69 47.85 64.12 0.1657
986.77 1.20 33.57 41.88 0.1652
954.21 15.90 31.00 42.08 0.1594
369.96 340.25 38.13 37.71 0.1497
467.63 230.41 50.61 82.11 0.1474
826.65 240.17 100.48 105.28 0.1285
848.31 220.16 38.33 54.45 0.1284
410.82 217.56 68.45 70.65 0.1270
517.93 301.18 40.82 38.38 0.1238
958.68 401.47 41.40 53.06 0.1228
784.79 236.46 61.35 87.83 0.1209
394.98 331.57 42.44 51.38 0.1146
210.46 136.58 80.96 168.64 0.1132
630.07 2.45 26.90 28.45 0.1118
367.56 2.60 43.97 40.80 0.1074
591.32 436.31 29.52 36.40 0.1073
103.80 229.22 190.14 170.39 0.1069
954.88 166.07 30.74 33.12 0.1045
431.25 167.41 76.62 91.94 0.1044
838.04 19.86 58.97 54.99 0.1030
325.12 368.82 93.95 95.07 0.1015
440.68 318.18 24.88 27.07 0.1013
605.31 462.65 50.36 93.29 0.1006
987.49 282.36 36.51 81.28 0.0991
772.43 248.61 45.36 67.38 0.0968
436.09 280.69 32.32 41.51 0.0962
481.69 0.33 33.86 35.25 0.0942
513.76 335.80 33.77 34.31 0.0941
782.26 201.60 51.75 67.00 0.0938
404.17 317.94 29.66 33.04 0.0938
435.98 38.72 32.62 50.59 0.0936
562.51 269.69 58.10 72.03 0.0908
0.00 0.04 29.44 26.66 0.0907
763.58 176.17 42.86 55.48 0.0885
898.17 208.94 41.91 58.99 0.0885
261.57 55.92 70.02 144.38 0.0882
499.43 384.15 50.95 62.15 0.0881
918.60 188.24 29.72 43.10 0.0879
73.72 526.03 87.18 157.97 0.0854
872.75 17.43 55.82 57.49 0.0842
891.07 230.53 54.11 82.52 0.0834
588.85 448.05 34.34 43.67 0.0830
568.28 481.37 63.28 90.07 0.0820
435.33 323.02 35.11 44.82 0.0820
962.50 235.73 33.40 57.23 0.0817
925.12 164.29 32.93 35.69 0.0802
502.77 497.61 43.17 65.01 0.0799
754.26 85.70 56.17 61.44 0.0798
379.27 355.85 55.79 65.23 0.0792
985.43 155.19 37.14 43.74 0.0786
270.73 396.69 107.13 138.56 0.0777
994.05 181.75 29.95 44.50 0.0776
972.19 242.46 47.09 81.09 0.0763
115.36 433.15 65.67 118.93 0.0757
876.95 535.59 25.88 31.97 0.0757
506.05 0.22 37.13 38.18 0.0755
51.52 418.37 106.04 210.39 0.0747
851.56 574.96 38.43 43.85 0.0746
958.81 137.59 38.75 34.08 0.0744
789.62 187.26 40.75 49.79 0.0743
552.77 21.01 23.77 38.45 0.0740
957.14 121.93 31.05 28.84 0.0731
326.58 455.17 123.77 124.50 0.0726
983.10 114.60 35.09 35.41 0.0720
562.13 228.57 52.45 55.86 0.0720
925.54 146.30 29.90 25.39 0.0714
917.77 15.22 47.60 60.88 0.0704
581.77 309.48 61.98 78.25 0.0696
448.82 1.82 25.30 24.75 0.0694
954.28 197.92 28.78 50.71 0.0683
466.85 359.82 36.59 42.64 0.0682
834.63 0.00 51.03 33.62 0.0679
749.71 140.02 44.20 66.69 0.0679
511.00 356.41 42.08 42.31 0.0675
614.44 207.40 49.55 52.69 0.0664
476.66 333.71 31.58 40.71 0.0655
562.77 218.53 47.08 34.47 0.0651
614.36 509.19 40.10 70.60 0.0647
335.90 339.99 65.42 57.45 0.0644
520.59 459.39 32.00 43.51 0.0643
916.09 1.22 47.61 40.85 0.0639
554.31 2.21 24.18 31.66 0.0638
613.95 448.09 36.42 52.34 0.0637
882.21 193.32 44.72 59.99 0.0634
512.85 428.80 36.85 42.01 0.0630
138.26 224.13 113.75 120.69 0.0626
878.98 515.45 25.31 25.19 0.0623
410.62 165.93 56.78 67.67 0.0623
979.73 138.10 40.18 39.07 0.0618
751.08 22.48 54.64 60.34 0.0615
908.70 44.61 61.40 63.39 0.0596
759.52 111.22 38.68 50.50 0.0588
605.76 232.34 60.53 67.16 0.0584
406.39 344.87 88.48 102.11 0.0576
633.33 562.11 17.15 25.61 0.0576
990.30 203.46 33.70 61.15 0.0568
606.78 279.58 56.26 66.59 0.0567
513.02 468.39 42.51 62.24 0.0565
586.35 406.87 43.10 63.65 0.0564
875.18 0.00 52.19 34.72 0.0561
940.98 265.80 67.30 96.24 0.0558
852.61 551.03 37.38 44.93 0.0557
877.42 549.94 30.73 41.68 0.0556
474.10 546.04 40.43 55.76 0.0556
193.07 257.88 110.69 116.40 0.0548
541.19 369.96 60.02 68.85 0.0547
103.10 565.55 47.37 107.12 0.0540
530.43 312.07 53.20 58.47 0.0540
989.16 447.40 34.67 56.25 0.0536
928.34 21.39 59.68 81.11 0.0536
590.68 1.89 28.42 29.10 0.0518
853.46 529.01 34.28 41.14 0.0518
513.02 488.88 65.27 82.96 0.0514
376.26 321.25 35.88 41.94 0.0509
