12_Group_Group_12_Group_Group_12_268
163
368.83 205.30 31.42 47.06 0.7574
585.16 360.82 35.27 56.15 0.7479
726.91 255.60 38.42 51.18 0.6741
627.03 214.40 38.23 50.49 0.6617
912.85 305.77 34.38 55.43 0.6564
443.80 218.75 32.04 38.46 0.6537
484.57 191.08 37.50 43.84 0.6427
102.82 244.89 33.57 42.43 0.6418
855.55 230.91 32.86 44.91 0.6414
709.46 384.43 32.49 48.85 0.6070
808.42 392.82 37.35 53.05 0.5914
220.00 215.97 35.71 38.82 0.5879
705.07 192.83 33.81 42.39 0.5813
245.62 351.65 33.00 45.54 0.5370
302.77 243.89 34.42 44.17 0.5227
346.40 357.32 40.83 55.05 0.5210
412.55 164.21 38.67 39.77 0.5010
456.22 326.85 40.03 48.87 0.4901
150.19 259.42 28.49 42.30 0.4502
763.04 218.54 28.90 34.52 0.4272
585.39 209.05 40.87 59.53 0.4097
156.34 348.97 37.59 50.56 0.4080
808.76 225.99 27.65 35.91 0.3801
872.11 219.69 34.08 53.52 0.3257
946.28 225.66 34.49 38.29 0.2849
563.17 223.93 45.85 48.97 0.2582
0.00 210.86 35.70 72.28 0.2553
905.85 250.62 42.13 61.29 0.2295
902.88 231.81 35.75 38.83 0.2287
0.00 560.40 67.00 92.76 0.2180
831.50 376.75 41.64 61.65 0.2140
590.48 192.09 46.77 55.98 0.2044
297.60 266.83 33.59 48.60 0.1928
472.73 199.24 41.89 62.43 0.1731
730.44 206.13 32.12 38.13 0.1729
983.67 230.41 35.15 42.57 0.1702
893.68 207.71 41.82 47.29 0.1678
149.97 311.43 46.70 62.32 0.1651
4.03 151.02 41.57 85.52 0.1610
319.00 227.25 37.10 51.65 0.1559
423.50 181.08 40.26 38.51 0.1542
558.15 359.76 51.93 66.20 0.1522
703.54 218.67 47.31 46.89 0.1476
226.61 74.16 60.47 58.74 0.1435
409.11 512.77 24.66 30.49 0.1427
26.32 160.66 34.56 64.34 0.1415
981.42 248.18 37.22 52.78 0.1405
863.88 404.30 61.22 109.49 0.1400
776.58 257.56 29.14 47.13 0.1388
336.31 214.13 26.00 45.39 0.1382
102.72 242.62 47.32 75.32 0.1378
554.94 553.12 31.02 41.38 0.1375
28.50 365.28 38.94 59.88 0.1373
212.58 291.17 31.98 35.61 0.1352
861.29 373.66 53.67 90.16 0.1338
400.23 190.50 50.68 61.86 0.1307
648.24 214.14 39.25 52.09 0.1306
857.13 366.43 44.70 55.56 0.1274
944.34 244.75 44.03 68.69 0.1251
719.50 189.15 38.44 47.36 0.1224
288.14 309.38 34.00 37.08 0.1216
55.19 503.37 45.37 68.22 0.1174
403.66 368.63 31.90 34.61 0.1173
917.09 306.48 59.69 68.42 0.1127
880.98 269.85 39.05 58.29 0.1115
896.55 376.96 82.68 129.54 0.1110
2.09 324.35 30.32 57.89 0.1093
0.00 258.14 33.79 79.90 0.1077
295.29 219.31 35.84 57.22 0.1060
504.84 233.88 38.33 40.96 0.1046
261.36 291.90 26.99 40.44 0.1043
807.06 252.96 30.41 44.76 0.1020
94.42 285.22 55.00 80.98 0.1013
292.75 339.38 35.53 45.35 0.1007
993.62 333.18 30.38 55.62 0.0989
7.43 447.67 32.96 45.66 0.0973
37.26 140.76 25.48 50.26 0.0967
297.59 367.03 33.18 46.84 0.0965
403.25 343.38 40.80 48.57 0.0962
672.26 357.08 34.86 50.72 0.0950
8.53 357.92 26.40 44.45 0.0948
831.31 271.10 47.83 58.66 0.0946
591.37 507.31 18.88 32.96 0.0940
321.82 284.80 33.66 40.09 0.0931
35.40 333.42 49.43 72.33 0.0928
261.87 316.10 27.11 37.91 0.0922
25.83 510.37 62.43 102.99 0.0918
7.44 413.33 33.30 50.12 0.0908
84.40 249.63 41.20 75.63 0.0900
538.36 274.47 38.06 51.76 0.0887
211.01 440.82 76.81 149.26 0.0878
194.32 236.87 31.70 29.18 0.0869
400.90 384.07 28.44 38.42 0.0831
292.96 389.24 29.79 41.51 0.0825
823.51 401.81 62.41 92.54 0.0819
74.76 473.39 24.64 31.68 0.0814
463.89 296.87 44.98 73.77 0.0809
257.19 250.26 31.60 47.72 0.0803
8.63 378.81 37.25 51.52 0.0793
546.73 394.86 43.46 72.26 0.0789
409.92 36.48 78.41 57.05 0.0755
586.75 524.70 24.12 32.81 0.0754
332.63 313.71 32.27 40.66 0.0752
401.61 550.26 36.48 37.19 0.0747
799.62 272.78 34.93 53.29 0.0746
440.28 56.53 62.34 47.43 0.0746
887.09 303.92 31.92 51.98 0.0744
877.47 341.40 32.05 57.35 0.0740
979.23 272.75 40.89 62.11 0.0728
232.55 374.47 48.55 53.64 0.0727
181.78 316.62 38.16 51.39 0.0718
13.88 214.89 48.37 67.90 0.0711
661.58 604.23 63.63 66.43 0.0707
358.53 320.98 36.05 54.54 0.0704
33.67 421.47 34.29 47.67 0.0681
98.97 572.10 45.95 48.52 0.0680
983.81 593.55 40.19 56.77 0.0680
509.46 276.13 42.32 49.50 0.0678
512.08 534.07 30.12 35.15 0.0676
440.55 532.57 26.05 30.45 0.0661
824.10 298.43 47.93 51.29 0.0660
808.93 415.18 102.00 146.73 0.0657
767.54 194.79 30.12 42.81 0.0649
554.66 183.77 43.64 44.38 0.0646
255.47 230.76 29.20 41.20 0.0644
363.27 290.28 34.74 45.16 0.0634
365.98 244.64 36.37 54.34 0.0634
9.03 135.68 39.46 59.51 0.0633
512.61 360.17 40.91 52.09 0.0626
255.16 214.74 30.38 37.37 0.0619
476.35 244.75 40.98 53.79 0.0609
277.99 187.39 47.20 58.05 0.0607
184.91 253.46 31.08 53.49 0.0607
193.55 279.45 35.03 46.04 0.0605
476.18 533.54 29.60 29.71 0.0599
479.41 556.17 33.80 31.75 0.0598
136.15 438.82 39.35 60.82 0.0588
582.59 317.50 43.78 79.55 0.0583
649.27 587.54 57.23 62.06 0.0577
60.90 327.63 51.62 73.65 0.0574
43.69 489.06 45.13 61.36 0.0572
805.76 345.25 46.24 68.62 0.0567
919.98 315.72 72.43 121.35 0.0564
557.93 157.27 24.42 27.92 0.0561
518.34 363.09 61.11 70.69 0.0558
499.67 548.44 41.41 51.08 0.0551
266.09 50.58 51.51 51.81 0.0550
778.83 412.68 29.54 42.65 0.0549
109.14 223.44 35.11 56.10 0.0549
30.74 271.03 43.76 76.44 0.0544
436.23 552.17 34.40 34.10 0.0542
244.04 389.99 60.20 104.02 0.0540
931.52 189.26 53.77 71.39 0.0536
988.24 621.27 35.76 61.05 0.0534
278.79 404.40 42.10 68.59 0.0529
668.77 183.01 38.18 41.41 0.0528
115.88 446.40 30.53 47.30 0.0527
225.30 301.95 31.70 45.92 0.0522
441.24 505.75 24.71 27.63 0.0521
655.64 82.40 31.82 27.74 0.0520
40.12 472.55 32.29 43.45 0.0519
629.04 227.71 55.02 62.88 0.0510
516.37 500.60 24.91 37.22 0.0504
