12_Group_Large_Group_12_Group_Large_Group_12_43
149
98.44 239.95 39.16 44.14 0.8415
216.63 230.68 49.40 53.61 0.8393
473.10 271.51 33.00 44.18 0.7562
703.86 270.50 33.71 40.11 0.6979
898.72 286.41 41.10 45.89 0.6813
449.31 223.95 26.80 32.04 0.6684
562.96 268.68 37.78 54.05 0.6661
340.17 213.80 33.90 40.42 0.6450
783.02 297.63 29.68 29.58 0.6352
818.57 255.54 27.15 33.66 0.6044
737.96 251.82 32.78 35.57 0.5512
183.26 208.47 38.71 49.96 0.5383
647.17 272.43 31.50 42.19 0.5131
487.63 204.14 29.49 31.83 0.4562
615.61 234.67 29.06 35.87 0.4437
541.30 247.30 35.44 35.27 0.3810
687.21 216.83 30.67 30.46 0.3576
389.96 274.39 33.45 50.59 0.3448
374.24 255.61 27.94 44.09 0.3407
300.28 185.43 30.46 37.95 0.3218
402.84 203.10 22.13 29.28 0.3203
334.36 200.34 27.16 40.84 0.2979
362.88 246.93 29.03 36.68 0.2841
525.55 240.95 23.96 27.52 0.2812
672.32 221.27 35.81 28.37 0.2512
326.15 278.67 33.03 39.40 0.2414
539.75 212.08 31.31 32.07 0.2357
542.33 200.49 27.73 29.16 0.2301
924.85 416.28 18.55 26.25 0.2236
521.90 267.91 23.54 41.34 0.2140
621.13 374.92 46.86 74.76 0.2101
519.08 462.45 19.33 21.12 0.2070
798.88 269.70 35.35 46.88 0.2034
246.89 217.82 37.00 51.61 0.1982
632.92 252.57 31.22 44.76 0.1904
782.11 397.11 28.06 31.59 0.1899
891.41 642.92 26.73 29.48 0.1848
293.96 213.84 27.49 32.79 0.1778
595.84 237.90 32.85 41.36 0.1776
521.45 218.73 21.14 27.64 0.1772
212.32 197.58 52.07 63.54 0.1741
369.47 190.94 25.11 31.32 0.1710
526.12 201.78 18.96 23.46 0.1647
305.54 276.54 30.61 36.56 0.1609
369.25 213.51 24.33 35.88 0.1598
443.93 198.97 21.23 24.29 0.1582
403.16 231.74 29.31 46.28 0.1502
737.28 309.48 32.00 34.54 0.1495
724.12 276.64 39.94 47.66 0.1474
693.39 246.80 31.67 34.50 0.1446
595.71 224.50 24.13 28.17 0.1431
634.02 284.00 29.85 56.26 0.1391
662.55 235.50 28.23 34.92 0.1293
331.91 176.94 27.36 34.36 0.1291
203.22 330.57 58.36 81.81 0.1214
730.69 324.08 35.34 51.69 0.1207
629.08 201.28 21.11 24.61 0.1200
636.39 388.95 50.82 77.71 0.1183
793.33 402.11 33.95 37.33 0.1164
293.36 230.97 30.82 40.20 0.1120
849.27 410.35 18.23 29.55 0.1112
775.44 273.21 20.82 28.35 0.1099
450.53 255.63 25.01 43.40 0.1097
362.98 174.41 28.88 41.58 0.1043
188.29 244.31 48.25 46.50 0.1015
332.84 299.46 30.27 44.13 0.1008
729.37 347.48 39.21 54.27 0.0990
669.62 199.49 34.50 38.45 0.0981
227.51 363.83 70.42 104.09 0.0967
891.42 325.51 47.59 42.07 0.0914
792.18 303.54 38.03 35.51 0.0905
888.90 356.80 23.44 31.70 0.0895
845.14 212.46 24.86 30.88 0.0892
888.46 26.17 15.43 16.07 0.0886
922.22 397.67 18.92 34.50 0.0875
846.50 344.90 25.07 36.22 0.0872
453.55 281.74 37.51 42.07 0.0840
704.98 380.20 31.03 44.77 0.0837
999.04 123.44 17.40 21.71 0.0828
389.73 488.53 39.57 34.88 0.0775
448.16 53.61 19.12 18.13 0.0765
276.10 365.28 38.79 55.94 0.0763
999.60 104.13 16.03 22.41 0.0758
885.07 6.16 23.87 24.50 0.0756
371.46 482.53 34.29 35.61 0.0747
624.88 318.84 36.74 58.83 0.0744
886.54 424.55 24.55 36.34 0.0733
443.92 179.87 20.53 27.67 0.0731
824.65 243.91 41.97 33.67 0.0730
153.08 302.11 37.15 44.30 0.0721
828.63 263.86 36.43 36.62 0.0721
134.34 225.37 50.04 53.09 0.0700
854.37 594.18 28.44 28.26 0.0700
154.00 566.93 27.73 32.27 0.0698
849.56 395.40 20.00 32.81 0.0686
642.40 363.71 48.35 71.24 0.0679
842.38 421.50 25.92 44.54 0.0676
299.45 2.10 30.11 24.68 0.0670
590.23 198.99 25.40 23.27 0.0659
800.04 323.78 37.70 48.25 0.0654
136.68 61.63 84.73 64.17 0.0653
177.67 288.82 46.51 49.16 0.0649
847.82 285.77 25.72 35.06 0.0647
444.58 71.62 25.49 21.75 0.0644
721.11 439.39 33.59 49.06 0.0640
995.67 140.53 21.63 32.74 0.0636
0.15 0.00 49.74 37.50 0.0635
887.33 388.60 20.82 28.96 0.0630
349.90 570.17 99.43 76.34 0.0630
189.46 316.75 44.48 62.94 0.0626
777.69 315.89 36.29 53.63 0.0624
368.20 320.57 30.37 55.41 0.0615
770.82 541.42 27.75 30.47 0.0611
467.14 321.11 44.25 62.07 0.0609
244.42 18.29 38.24 43.13 0.0606
664.93 174.05 31.88 33.19 0.0602
755.82 249.15 37.47 36.80 0.0601
386.22 509.69 47.94 64.42 0.0598
778.68 361.67 37.49 42.03 0.0596
476.78 49.23 26.24 20.68 0.0594
810.55 221.92 31.15 38.22 0.0593
786.09 107.49 60.35 47.15 0.0584
298.38 93.25 73.87 79.34 0.0574
796.76 356.48 41.19 46.89 0.0567
731.58 530.14 30.34 38.38 0.0565
403.62 173.24 25.77 30.42 0.0559
251.04 0.43 33.56 26.87 0.0559
450.59 300.37 33.88 44.69 0.0554
141.62 264.03 39.39 41.34 0.0549
801.14 566.92 30.83 31.38 0.0547
731.40 226.81 30.48 36.38 0.0537
300.66 589.75 18.60 20.75 0.0536
318.61 55.99 57.42 56.17 0.0534
193.71 78.72 66.46 62.50 0.0533
912.51 366.50 27.48 31.38 0.0529
728.52 505.42 28.70 37.62 0.0523
298.19 14.48 35.03 43.94 0.0522
327.92 318.52 32.96 47.56 0.0522
450.80 31.66 16.68 17.14 0.0520
245.91 37.66 38.73 48.99 0.0513
913.25 235.46 37.22 45.84 0.0513
332.37 143.12 32.78 32.97 0.0511
532.77 97.52 46.90 33.52 0.0509
703.87 538.52 38.86 41.07 0.0508
265.59 369.67 59.53 98.19 0.0508
771.90 560.04 27.36 25.95 0.0507
941.12 658.10 40.41 26.90 0.0505
472.36 373.92 32.84 40.44 0.0504
801.76 416.33 32.65 48.16 0.0500
