12_Group_Group_12_Group_Group_12_253
61
292.85 14.59 85.98 106.71 0.9105
136.36 28.52 104.04 129.91 0.9003
778.46 42.64 93.68 115.24 0.8903
581.96 24.02 74.16 116.28 0.8816
464.98 162.67 87.89 164.07 0.5277
42.35 518.53 29.48 32.24 0.2051
487.26 133.93 78.68 80.14 0.1919
31.47 526.85 38.93 40.87 0.1374
729.81 155.39 102.24 190.67 0.1332
524.97 112.97 58.42 62.91 0.1303
431.69 237.97 130.30 143.85 0.1303
524.37 447.33 61.98 55.36 0.1271
294.00 127.95 52.95 57.73 0.1216
622.33 153.92 48.72 44.72 0.1213
449.06 453.48 147.88 87.95 0.1195
543.16 435.31 47.97 49.00 0.1017
795.84 91.84 80.45 88.63 0.0993
477.46 119.44 70.73 53.37 0.0961
338.91 390.14 27.29 42.85 0.0924
584.69 285.81 35.71 50.39 0.0867
797.54 0.00 47.25 29.16 0.0828
246.95 70.19 96.20 113.60 0.0789
323.70 391.82 50.85 89.70 0.0776
804.31 195.97 81.39 128.86 0.0772
278.68 413.63 98.31 110.29 0.0740
579.20 425.44 45.71 50.70 0.0684
441.05 296.48 92.83 74.13 0.0649
736.88 241.82 63.81 123.00 0.0640
370.45 383.28 51.80 77.89 0.0639
602.74 174.69 51.00 59.09 0.0635
392.44 425.52 48.74 50.49 0.0625
845.05 386.50 95.91 152.60 0.0618
44.43 497.92 18.06 16.99 0.0609
569.56 139.65 97.93 121.86 0.0605
994.54 452.49 20.46 34.03 0.0600
7.59 511.01 48.43 42.59 0.0598
957.44 473.51 21.95 25.88 0.0590
500.34 243.85 84.77 115.43 0.0586
4.60 405.34 21.03 33.54 0.0584
4.11 383.58 22.69 35.64 0.0574
4.77 332.26 31.97 49.00 0.0568
3.60 358.93 25.90 38.63 0.0567
739.46 285.67 70.43 139.14 0.0559
411.47 444.82 98.08 91.29 0.0554
354.53 407.45 61.57 78.23 0.0551
412.55 438.97 55.19 49.23 0.0546
309.70 0.00 64.66 37.16 0.0543
550.40 450.92 77.96 75.07 0.0542
734.51 344.46 80.99 179.51 0.0539
589.06 299.03 46.14 56.28 0.0537
595.04 67.76 92.83 82.51 0.0529
3.55 427.55 20.32 31.39 0.0529
703.60 379.48 71.30 99.23 0.0525
767.07 149.72 81.98 118.32 0.0523
621.40 443.88 34.33 44.02 0.0520
559.40 245.48 61.03 92.76 0.0515
841.47 251.06 61.55 93.20 0.0514
601.84 0.00 63.06 31.17 0.0509
642.68 491.37 51.34 73.78 0.0507
949.28 480.93 31.06 37.11 0.0505
301.96 141.55 59.18 75.56 0.0504
