7_Cheering_Cheering_7_57
34
574.23 167.98 449.77 223.93 0.8211
575.63 265.17 448.37 346.41 0.7937
63.76 345.66 87.16 343.86 0.5565
352.52 272.41 391.00 338.31 0.5378
136.78 346.40 237.70 335.99 0.5055
25.30 358.80 29.25 317.75 0.4650
217.55 339.38 369.57 342.96 0.4533
21.03 155.45 38.14 246.72 0.3790
46.75 161.65 120.41 235.07 0.3754
97.76 205.98 460.58 321.80 0.3181
138.00 168.93 86.48 215.10 0.3037
10.00 124.24 61.05 154.84 0.2878
117.16 107.25 123.65 186.43 0.2840
101.46 292.15 161.34 300.38 0.2736
92.75 112.73 321.06 180.35 0.2578
140.28 177.84 226.39 202.96 0.2455
605.74 424.68 418.26 373.32 0.2097
0.00 63.00 80.03 121.14 0.1177
262.40 457.28 428.68 340.72 0.1155
40.41 67.01 137.24 126.22 0.0983
73.18 213.19 74.14 283.98 0.0855
456.95 334.84 325.50 463.16 0.0758
60.07 137.41 98.46 130.54 0.0685
9.48 18.28 49.08 65.92 0.0580
583.48 66.27 440.52 147.60 0.0572
106.17 486.34 153.47 311.66 0.0453
178.47 133.35 1.02 137.58 0.0445
142.42 80.10 213.07 120.11 0.0424
12.99 491.72 51.27 306.28 0.0405
88.30 438.80 48.21 359.20 0.0335
17.15 74.75 37.81 98.86 0.0308
76.43 64.89 484.93 151.69 0.0248
13.70 34.31 52.16 15.00 0.0245
54.23 38.48 110.28 29.08 0.0212
