54_Rescue_rescuepeople_54_135
48
585.61 326.10 438.39 334.90 0.7122
593.07 246.04 430.93 240.61 0.6484
418.38 304.69 404.89 255.63 0.4820
284.01 311.90 382.30 349.10 0.4454
115.95 138.48 129.98 182.01 0.4210
154.22 170.64 347.12 254.81 0.3665
62.77 132.81 100.15 190.00 0.3583
180.14 233.30 150.39 259.06 0.3464
106.10 227.03 152.28 271.96 0.3365
65.33 221.14 91.75 284.41 0.3313
162.38 137.28 184.08 188.92 0.3014
147.73 297.61 365.81 255.84 0.2921
71.42 107.71 79.43 123.07 0.2751
423.90 54.30 393.98 77.50 0.2361
21.69 217.95 34.01 291.06 0.2326
22.71 134.66 33.67 191.25 0.2286
370.96 19.92 357.78 39.57 0.2107
292.03 26.92 372.11 18.86 0.1775
117.25 321.90 134.20 333.38 0.1707
7.14 283.06 61.18 284.15 0.1582
536.17 126.12 455.21 203.27 0.1572
517.41 99.34 493.08 121.32 0.1535
282.69 128.48 380.72 206.73 0.1521
164.00 313.62 185.76 347.38 0.1434
59.75 58.29 98.62 88.53 0.1164
140.10 111.10 372.70 128.54 0.0992
370.76 96.26 359.02 134.04 0.0982
8.87 56.57 59.90 87.17 0.0941
77.79 322.91 71.92 327.18 0.0941
32.41 142.53 11.40 175.77 0.0891
27.43 101.81 24.69 134.69 0.0829
145.57 109.24 69.20 118.18 0.0794
108.75 58.54 141.47 89.00 0.0790
600.62 30.40 423.38 147.46 0.0692
20.02 9.71 29.14 61.25 0.0674
511.14 21.74 363.72 45.20 0.0671
201.44 64.65 409.83 58.35 0.0570
13.47 395.12 51.38 265.88 0.0515
162.32 63.60 179.83 82.76 0.0442
60.96 18.43 100.87 46.54 0.0404
447.83 166.47 351.53 261.12 0.0398
269.21 260.07 419.35 209.57 0.0360
136.57 14.02 391.56 42.27 0.0347
34.13 55.13 12.83 88.89 0.0327
9.85 21.93 61.07 24.26 0.0311
88.54 17.66 184.85 49.48 0.0305
185.73 97.10 136.33 140.10 0.0215
34.25 394.09 1.87 266.91 0.0214
