54_Rescue_rescuepeople_54_840
15
623.53 744.32 400.47 795.68 0.3991
593.06 192.65 430.94 363.46 0.2281
546.97 515.33 442.25 665.62 0.1644
606.91 122.25 417.09 243.90 0.1518
274.19 839.62 401.12 700.38 0.0947
643.57 22.21 380.43 139.44 0.0807
341.47 514.52 421.64 663.35 0.0745
296.03 18.68 504.72 156.04 0.0713
148.46 956.32 359.98 583.68 0.0606
441.18 718.47 364.63 821.53 0.0437
8.33 943.09 63.54 596.91 0.0401
265.80 68.79 421.92 294.45 0.0348
111.48 933.66 143.55 606.34 0.0347
368.84 139.85 499.23 139.50 0.0229
71.44 896.74 78.83 643.26 0.0212
