23_Shoppers_Shoppers_23_10
200
255.88 311.52 55.68 49.71 0.6946
925.45 273.14 47.19 67.38 0.4395
55.50 390.00 46.57 65.56 0.4385
739.48 79.85 37.57 46.70 0.4237
632.77 293.39 37.42 43.76 0.4043
705.12 303.04 24.76 28.44 0.3536
107.77 339.86 23.46 33.22 0.3443
772.18 321.71 29.43 34.79 0.3421
469.56 332.79 37.82 42.73 0.3200
841.69 290.46 27.75 38.41 0.2681
996.48 328.11 26.59 39.28 0.2659
621.11 100.69 25.89 24.75 0.2611
144.88 313.01 26.98 39.44 0.2495
0.46 365.05 45.87 72.97 0.2470
782.20 183.63 31.09 33.53 0.2387
497.43 207.14 76.89 78.41 0.2323
666.31 101.10 26.71 29.44 0.2105
810.91 23.63 28.88 26.77 0.2076
533.60 285.62 42.01 54.98 0.2058
2.65 129.35 34.66 49.47 0.2052
793.72 181.00 35.22 35.27 0.2025
8.22 351.54 29.53 44.14 0.2020
514.74 277.34 38.67 58.68 0.1972
668.73 18.73 29.87 29.17 0.1958
763.19 36.22 31.18 35.56 0.1934
476.83 293.39 34.89 50.78 0.1863
737.82 50.12 29.73 28.67 0.1851
323.84 456.31 43.53 103.59 0.1776
702.50 313.51 29.79 40.78 0.1752
522.29 79.96 17.80 20.79 0.1678
686.06 88.20 46.31 47.62 0.1665
583.62 3.29 38.09 45.16 0.1599
251.92 421.28 91.66 173.77 0.1584
120.83 174.87 24.65 30.24 0.1583
663.20 207.30 27.23 35.25 0.1575
627.67 82.59 27.40 29.31 0.1496
589.34 81.55 22.75 23.68 0.1451
116.03 250.59 26.69 36.48 0.1430
695.39 79.44 32.17 36.67 0.1421
554.55 78.13 22.99 20.76 0.1421
509.44 254.71 74.64 78.65 0.1409
483.80 259.82 52.22 63.78 0.1385
593.75 96.43 26.13 28.27 0.1382
664.68 83.18 26.23 33.61 0.1371
991.12 296.81 32.17 60.66 0.1270
738.64 29.48 26.99 28.83 0.1251
698.01 343.16 33.38 45.88 0.1246
228.34 464.23 29.87 62.08 0.1221
399.34 516.96 36.41 63.00 0.1215
670.01 119.42 28.95 30.89 0.1193
555.94 215.00 58.26 63.11 0.1174
991.63 366.46 29.29 45.11 0.1168
810.32 299.59 31.32 38.88 0.1155
694.09 284.31 34.10 48.13 0.1123
727.39 324.31 31.42 34.81 0.1120
588.14 313.18 32.95 43.74 0.1113
799.37 203.41 38.72 54.01 0.1099
779.33 208.52 28.57 42.95 0.1095
831.95 22.62 37.77 30.75 0.1094
983.18 262.70 39.16 74.64 0.1094
370.42 444.60 42.08 70.69 0.1092
612.09 21.50 42.82 34.80 0.1091
734.47 0.00 25.17 21.92 0.1089
833.78 245.81 43.72 75.41 0.1083
801.39 311.41 35.56 43.93 0.1079
224.75 279.80 57.42 71.15 0.1078
945.21 434.86 28.08 26.26 0.1077
334.63 324.40 24.22 36.18 0.1045
886.68 4.65 20.68 21.34 0.1041
680.53 16.75 36.46 30.04 0.1034
885.61 326.36 27.40 37.34 0.1026
732.46 305.13 26.02 29.09 0.1020
956.65 370.73 26.86 40.80 0.1010
146.45 281.10 24.30 44.94 0.1007
102.51 361.13 35.49 54.12 0.0997
393.63 541.90 40.51 60.17 0.0977
772.84 275.88 29.86 45.65 0.0977
617.26 38.89 36.61 34.95 0.0973
743.86 93.11 44.77 53.18 0.0972
246.56 668.38 44.01 41.62 0.0970
572.77 497.05 55.75 99.44 0.0958
5.31 332.87 22.90 35.02 0.0955
979.80 220.44 33.05 37.27 0.0953
335.35 22.30 23.26 30.59 0.0945
680.04 2.13 39.69 31.80 0.0939
34.72 348.07 35.44 44.24 0.0937
677.55 107.18 52.53 50.43 0.0937
589.60 37.90 32.65 34.36 0.0931
953.00 344.83 36.51 51.27 0.0929
808.09 2.65 32.44 35.26 0.0928
721.94 348.70 36.15 40.76 0.0919
524.77 517.99 33.04 67.03 0.0916
19.76 130.57 42.50 49.78 0.0906
654.79 322.30 42.40 63.17 0.0902
697.66 204.77 45.31 54.43 0.0899
622.82 320.63 41.15 61.68 0.0898
720.25 212.28 39.20 48.22 0.0895
613.44 0.87 40.78 35.35 0.0892
502.62 297.68 40.17 60.74 0.0865
880.14 285.49 52.54 67.71 0.0841
43.10 331.51 25.19 29.88 0.0839
988.35 388.90 28.05 43.46 0.0835
723.58 363.08 38.11 56.36 0.0832
519.02 87.25 28.15 37.13 0.0831
521.41 478.24 32.79 67.75 0.0823
881.18 190.11 41.60 51.68 0.0821
809.79 370.74 27.82 39.80 0.0819
327.15 294.36 32.04 49.14 0.0818
540.80 488.31 68.33 116.03 0.0817
147.72 330.78 27.28 45.13 0.0815
101.56 386.50 38.25 56.95 0.0808
335.76 0.99 27.49 33.32 0.0805
772.36 0.92 24.91 26.50 0.0802
404.33 483.78 39.69 72.32 0.0799
926.86 28.19 30.74 33.81 0.0793
489.93 79.27 23.38 21.12 0.0779
0.00 414.87 43.65 88.33 0.0779
619.02 109.87 29.87 38.14 0.0776
758.48 372.82 37.42 49.82 0.0773
871.21 242.56 70.10 97.20 0.0770
402.71 465.43 38.01 57.16 0.0769
493.06 340.64 44.02 43.84 0.0761
229.85 423.52 27.61 60.88 0.0760
430.54 510.38 33.08 60.95 0.0759
812.75 272.39 36.42 44.75 0.0757
663.27 33.50 29.44 38.24 0.0756
290.61 523.67 33.72 69.14 0.0752
806.04 349.79 30.83 41.30 0.0746
896.02 202.74 58.32 63.98 0.0743
82.53 167.49 31.45 40.03 0.0740
882.02 171.34 33.84 41.33 0.0730
112.06 231.38 29.84 43.25 0.0729
120.87 632.52 19.81 42.63 0.0727
839.27 168.59 43.82 49.02 0.0727
923.10 2.21 23.64 22.01 0.0719
803.23 28.31 38.91 42.49 0.0718
949.96 398.13 29.14 42.31 0.0718
866.44 173.74 61.52 100.06 0.0717
883.03 153.26 31.56 31.87 0.0715
174.58 288.06 47.94 58.06 0.0705
255.41 392.07 56.46 86.74 0.0704
530.44 428.20 71.43 99.25 0.0700
506.16 159.09 106.38 102.66 0.0696
909.34 175.92 37.95 41.73 0.0690
301.70 17.62 30.43 37.24 0.0688
884.04 340.86 27.74 39.48 0.0687
926.00 424.48 38.63 36.47 0.0680
188.32 272.21 41.13 47.23 0.0674
369.24 25.16 21.99 27.14 0.0673
84.98 350.08 37.16 41.21 0.0672
481.71 168.88 82.41 97.86 0.0670
916.55 375.31 42.60 54.17 0.0669
548.85 92.95 37.04 36.09 0.0668
88.14 331.36 31.88 34.25 0.0667
500.37 378.80 69.62 106.38 0.0654
915.63 130.72 30.24 29.99 0.0654
731.42 264.76 38.90 50.14 0.0653
625.41 461.30 32.46 56.47 0.0653
696.84 49.97 27.18 32.27 0.0651
700.70 382.82 39.62 63.29 0.0650
375.88 551.83 42.43 52.07 0.0646
110.49 305.32 27.91 38.93 0.0638
551.85 338.31 32.25 44.17 0.0637
835.70 2.17 35.82 34.56 0.0636
194.04 93.78 26.18 30.58 0.0635
884.65 377.09 28.37 40.09 0.0630
588.53 104.89 35.05 47.79 0.0626
993.70 450.78 23.06 29.83 0.0626
953.73 30.84 32.39 43.13 0.0621
950.59 203.95 44.09 51.22 0.0620
828.83 206.60 57.92 81.69 0.0619
499.90 366.16 48.41 62.68 0.0617
913.40 320.03 47.21 62.37 0.0605
365.11 503.62 63.83 91.58 0.0605
115.68 180.80 27.52 42.63 0.0603
982.32 0.00 33.19 30.70 0.0601
43.05 505.77 20.44 36.62 0.0598
658.61 164.47 37.13 61.43 0.0597
332.90 341.53 26.26 38.20 0.0597
223.96 534.89 25.65 57.10 0.0596
724.56 178.82 35.87 46.50 0.0594
991.11 427.42 24.36 33.05 0.0593
660.76 131.59 39.94 54.30 0.0591
559.33 159.82 60.90 75.96 0.0583
372.62 300.32 27.64 38.59 0.0580
56.46 8.47 90.95 75.78 0.0580
450.68 303.33 40.57 49.08 0.0577
302.89 661.93 20.01 24.37 0.0577
661.79 354.30 45.53 58.83 0.0577
881.33 19.11 28.25 36.48 0.0576
113.33 152.86 36.61 54.49 0.0573
844.97 422.01 32.97 45.95 0.0572
572.68 262.15 51.48 59.89 0.0572
724.33 107.75 42.16 67.91 0.0571
802.88 231.48 44.53 68.13 0.0569
254.34 504.95 51.47 90.96 0.0569
140.88 156.16 35.38 53.54 0.0567
721.61 389.47 41.35 68.82 0.0565
225.30 463.23 41.81 117.18 0.0562
248.02 237.08 52.24 75.51 0.0561
