43_Row_Boat_Rowboat_43_839
200
520.13 231.08 402.95 393.39 0.6068
370.92 286.95 345.23 479.90 0.1885
136.93 308.65 372.01 444.86 0.1664
519.98 493.82 358.26 489.17 0.1417
168.64 639.27 189.33 581.73 0.1271
391.10 519.93 316.93 490.56 0.1163
425.68 151.77 414.91 336.93 0.1138
112.00 247.11 179.32 560.66 0.1075
54.15 926.87 72.16 257.74 0.0996
210.63 607.97 335.52 613.03 0.0888
308.09 170.89 346.96 380.01 0.0856
114.95 154.63 417.45 308.34 0.0773
581.49 406.27 442.51 432.61 0.0751
25.95 95.24 208.20 489.54 0.0719
53.82 344.42 171.32 596.46 0.0719
712.19 631.90 141.58 198.91 0.0652
58.66 317.47 78.30 232.84 0.0636
23.57 569.22 191.15 651.78 0.0627
612.47 616.99 126.40 209.67 0.0616
421.94 707.50 261.61 513.50 0.0612
626.53 573.55 170.41 171.44 0.0600
688.06 658.47 114.00 250.12 0.0600
71.58 876.66 69.10 220.73 0.0595
2.84 960.07 68.92 229.46 0.0595
31.86 899.75 67.99 240.65 0.0594
577.97 570.19 131.84 190.10 0.0574
787.17 656.43 124.11 207.47 0.0563
559.89 589.56 100.92 252.98 0.0559
463.07 612.14 118.60 227.73 0.0554
526.58 241.95 142.31 261.43 0.0538
98.00 463.44 218.77 554.43 0.0523
841.95 669.62 114.42 237.62 0.0519
69.63 274.68 112.81 229.29 0.0514
407.92 52.01 420.89 246.98 0.0504
0.00 937.97 32.44 198.56 0.0503
524.34 725.61 301.48 495.39 0.0501
53.86 200.04 76.57 243.68 0.0498
0.00 1038.89 45.61 182.11 0.0496
100.10 333.58 129.91 217.90 0.0494
401.43 640.46 120.61 263.86 0.0489
57.55 465.06 72.10 277.57 0.0489
623.75 674.55 106.97 299.41 0.0486
811.40 617.93 164.25 192.41 0.0483
754.14 592.33 139.38 191.31 0.0470
477.75 272.79 119.12 233.99 0.0463
294.19 349.08 101.26 282.25 0.0459
44.47 25.54 90.81 187.44 0.0458
658.59 385.77 115.75 251.22 0.0454
362.57 652.38 110.59 215.34 0.0446
509.60 554.23 123.34 224.78 0.0443
456.52 696.82 117.27 251.79 0.0434
434.80 561.96 161.03 178.05 0.0428
118.47 728.63 108.46 216.05 0.0427
613.30 333.06 125.91 230.74 0.0426
70.04 381.12 107.08 285.91 0.0423
444.18 963.51 112.02 257.49 0.0420
606.96 512.44 149.04 185.03 0.0417
255.86 450.72 114.19 201.51 0.0404
214.51 305.86 105.49 246.55 0.0403
55.96 855.97 155.42 190.87 0.0399
323.13 271.02 127.88 223.10 0.0398
588.23 276.97 162.07 180.12 0.0398
291.04 954.20 113.15 260.80 0.0396
257.98 326.51 112.56 206.15 0.0396
60.63 728.44 77.76 245.60 0.0394
452.89 811.13 106.39 269.19 0.0393
500.01 666.64 112.51 215.78 0.0393
159.07 684.41 101.45 213.15 0.0392
42.00 953.88 160.75 197.13 0.0391
75.02 16.50 234.86 425.29 0.0390
291.05 231.79 116.60 200.77 0.0388
387.60 563.49 137.50 222.55 0.0387
221.70 906.57 114.54 247.53 0.0386
11.67 30.95 78.67 212.16 0.0386
666.23 988.70 104.29 217.83 0.0384
679.85 331.61 137.22 186.38 0.0381
341.55 535.20 102.80 247.62 0.0379
261.73 837.10 112.50 236.98 0.0378
137.09 282.85 127.26 216.97 0.0377
175.11 358.33 116.14 263.60 0.0376
84.25 679.05 103.70 242.75 0.0376
718.78 377.92 116.75 247.01 0.0376
304.91 473.85 99.45 227.20 0.0374
171.37 959.86 117.18 261.14 0.0371
546.89 216.41 183.51 184.28 0.0370
25.41 317.06 66.93 274.91 0.0370
682.48 529.56 170.25 184.54 0.0369
152.75 808.73 108.07 252.46 0.0368
257.34 0.00 331.80 184.92 0.0368
0.00 854.27 64.29 218.35 0.0366
173.71 57.48 430.30 254.84 0.0366
18.88 1023.59 78.24 197.41 0.0359
733.48 683.07 102.88 299.85 0.0358
220.12 479.18 104.35 231.79 0.0358
0.00 0.00 63.98 101.19 0.0358
379.46 804.98 101.74 258.86 0.0357
109.30 483.73 108.06 250.39 0.0354
554.21 969.70 105.10 225.84 0.0354
446.11 236.25 109.80 214.33 0.0354
380.57 269.99 142.23 218.57 0.0353
115.53 208.15 104.90 239.59 0.0352
346.43 225.75 126.05 187.48 0.0347
588.59 686.00 118.67 179.86 0.0346
342.09 682.35 93.26 269.11 0.0345
552.35 479.99 108.15 254.32 0.0341
333.81 906.63 119.68 239.04 0.0338
351.46 35.89 110.35 211.16 0.0337
146.42 415.22 107.61 269.13 0.0336
82.02 52.87 132.52 150.08 0.0336
514.02 326.25 110.26 280.95 0.0333
518.21 832.75 102.49 235.03 0.0330
177.57 284.61 167.45 164.77 0.0328
139.40 0.00 236.06 210.36 0.0327
40.08 93.85 81.41 221.99 0.0326
114.11 610.02 107.24 236.61 0.0325
346.60 349.62 131.00 248.61 0.0325
48.83 586.26 76.69 249.69 0.0325
436.46 365.29 115.84 247.93 0.0325
140.93 957.16 89.02 236.99 0.0324
832.58 333.15 117.07 203.55 0.0323
440.99 172.00 165.14 186.41 0.0321
668.54 784.74 105.11 275.17 0.0321
277.08 533.50 104.73 222.34 0.0320
29.01 803.62 66.58 236.31 0.0319
82.31 996.37 93.84 224.63 0.0317
22.74 201.20 66.56 263.20 0.0315
567.74 688.47 89.52 263.37 0.0315
313.39 605.25 106.50 261.50 0.0314
843.97 397.96 102.41 293.77 0.0313
382.57 463.46 100.78 253.87 0.0309
486.20 926.27 108.83 202.73 0.0308
153.43 534.47 107.77 250.68 0.0308
606.26 976.00 84.40 245.00 0.0307
21.21 554.99 65.28 268.17 0.0306
306.62 164.67 129.32 185.68 0.0306
547.97 56.32 109.12 192.93 0.0304
361.52 0.00 115.20 105.90 0.0303
234.11 1015.59 95.78 205.41 0.0302
606.98 162.97 417.02 308.81 0.0302
400.93 5.95 94.67 212.63 0.0300
74.60 517.39 106.70 263.77 0.0295
598.37 791.50 94.71 264.97 0.0294
15.64 0.00 87.27 141.43 0.0292
798.77 353.05 107.53 267.41 0.0292
292.86 27.86 105.78 222.27 0.0290
470.21 433.54 112.19 245.74 0.0289
207.16 608.39 99.54 244.03 0.0288
417.31 860.10 107.14 258.39 0.0286
61.37 151.53 112.21 221.85 0.0284
754.51 341.23 111.59 190.98 0.0283
57.19 0.00 111.68 85.89 0.0281
150.70 44.15 110.72 182.34 0.0277
581.10 424.71 119.65 243.83 0.0276
740.96 615.89 283.04 412.20 0.0271
21.02 444.53 64.89 206.63 0.0268
528.75 174.05 118.27 191.16 0.0268
300.51 0.00 117.16 102.18 0.0267
573.85 0.00 108.46 174.95 0.0265
632.59 860.54 104.60 272.88 0.0263
747.79 974.78 94.51 229.71 0.0261
789.10 978.55 92.77 218.91 0.0260
223.62 754.67 106.33 270.61 0.0260
104.78 0.00 126.23 102.78 0.0256
632.06 0.00 155.39 61.68 0.0254
799.16 296.05 177.09 163.06 0.0252
170.40 216.54 116.69 189.90 0.0251
21.60 677.86 68.61 249.80 0.0250
94.81 93.63 113.90 214.53 0.0247
869.06 721.04 132.60 251.84 0.0247
625.39 1054.73 118.86 166.27 0.0246
567.69 1086.16 110.53 134.84 0.0246
262.48 604.95 115.76 275.70 0.0246
788.94 495.48 118.69 215.34 0.0243
215.24 34.43 107.05 206.84 0.0242
707.69 875.69 106.71 247.20 0.0237
92.48 1100.02 168.10 120.98 0.0235
479.32 778.94 136.77 203.17 0.0233
355.96 143.26 123.48 188.49 0.0233
424.10 0.00 136.66 84.43 0.0231
417.72 160.20 95.79 232.38 0.0231
0.00 331.89 62.53 221.69 0.0230
393.03 785.08 137.43 185.32 0.0230
249.84 0.00 120.12 95.08 0.0228
677.68 0.00 192.45 36.88 0.0227
294.85 750.07 107.23 250.52 0.0226
701.32 1069.52 114.68 151.48 0.0225
697.05 282.62 173.56 156.86 0.0225
744.84 0.00 279.16 249.28 0.0222
503.53 39.28 103.82 227.54 0.0219
436.00 50.27 119.23 187.12 0.0219
141.51 121.86 114.71 263.84 0.0217
11.98 0.00 189.59 366.09 0.0216
572.53 907.10 136.28 194.12 0.0215
954.80 0.00 69.20 3.96 0.0214
523.98 994.63 82.78 208.92 0.0214
7.02 496.41 97.12 224.43 0.0211
179.39 0.00 124.03 96.01 0.0210
263.09 149.65 110.51 258.19 0.0205
657.11 213.21 114.05 231.82 0.0205
606.12 172.01 92.52 188.74 0.0204
