47_Matador_Bullfighter_matadorbullfighting_47_845
19
544.80 202.64 359.89 564.93 0.5672
869.24 531.73 84.93 236.15 0.1733
154.58 658.05 311.24 722.26 0.1422
809.94 322.89 140.83 499.66 0.1372
498.44 1052.33 237.81 413.79 0.1062
655.90 410.14 295.43 560.42 0.0948
110.67 48.32 427.00 770.17 0.0920
337.04 1053.69 323.79 482.31 0.0918
259.65 669.19 449.70 507.83 0.0906
0.00 340.92 559.45 1133.17 0.0793
27.45 954.81 272.38 581.19 0.0771
889.29 461.17 114.06 297.91 0.0746
462.18 1352.56 124.11 183.44 0.0678
137.11 912.91 203.08 405.10 0.0615
224.10 924.21 192.82 422.78 0.0594
827.92 363.12 79.82 199.19 0.0563
907.09 285.24 68.72 170.90 0.0530
667.44 552.16 197.77 265.13 0.0517
547.59 104.99 257.69 279.89 0.0508
