47_Matador_Bullfighter_Matador_Bullfighter_47_385
37
628.41 115.12 96.04 110.96 0.8393
342.20 53.03 95.14 115.84 0.5934
623.53 471.65 41.18 64.48 0.1312
398.21 29.09 80.21 103.42 0.1267
482.02 305.81 71.49 100.72 0.1243
623.85 426.95 38.79 59.04 0.1228
584.07 416.00 48.22 96.50 0.1104
450.05 198.25 61.97 103.51 0.1095
669.61 152.97 109.88 108.27 0.1021
329.82 99.42 65.66 119.21 0.1015
605.78 498.40 67.11 100.85 0.0971
457.36 192.42 99.60 152.94 0.0931
445.54 160.95 72.00 93.29 0.0884
376.71 117.31 63.64 100.13 0.0875
426.54 1158.29 41.05 48.80 0.0840
486.34 948.30 16.89 45.61 0.0744
638.09 411.50 59.02 78.26 0.0741
591.22 358.01 60.38 87.81 0.0700
404.44 197.80 33.00 69.81 0.0696
510.43 525.60 336.42 682.40 0.0675
261.97 233.52 30.70 64.87 0.0674
526.67 391.87 64.44 132.38 0.0670
776.40 555.76 21.64 58.87 0.0661
416.86 1125.03 55.47 73.41 0.0656
390.06 895.22 35.09 78.89 0.0629
292.94 205.95 41.15 98.99 0.0616
655.67 78.13 115.83 139.97 0.0593
334.72 0.00 100.32 104.01 0.0589
599.41 505.21 109.75 197.90 0.0586
740.96 227.85 97.36 87.69 0.0562
404.40 1154.82 45.50 52.82 0.0558
543.80 124.20 170.72 173.64 0.0555
662.07 540.00 63.31 101.23 0.0547
636.51 336.18 176.14 238.91 0.0545
491.12 343.49 81.97 163.65 0.0514
655.34 683.55 149.10 524.45 0.0508
229.64 251.24 19.24 51.67 0.0506
