55_Sports_Coach_Trainer_sportcoaching_55_637
14
289.20 0.00 372.57 359.87 0.5461
360.01 129.26 310.59 355.27 0.2791
425.68 0.00 331.40 261.90 0.1241
883.07 366.94 36.89 50.11 0.0793
862.67 286.45 65.32 58.90 0.0640
0.00 452.29 23.20 37.80 0.0599
32.68 435.03 50.24 59.04 0.0590
908.05 268.23 62.56 54.27 0.0588
998.17 431.07 19.13 26.30 0.0572
802.80 312.25 129.00 143.76 0.0567
659.91 234.56 195.15 196.71 0.0548
959.69 427.27 35.13 29.71 0.0541
957.48 409.07 29.60 30.42 0.0506
903.52 379.25 36.47 42.73 0.0500
