55_Sports_Coach_Trainer_sportcoaching_55_365
121
657.33 125.28 64.25 75.65 0.8244
237.56 174.35 65.63 75.94 0.7813
470.63 219.22 60.21 78.79 0.7758
791.31 138.40 79.87 94.78 0.5332
799.63 235.86 72.11 83.06 0.4377
402.78 162.53 51.67 78.24 0.3085
195.92 341.21 61.89 75.93 0.2599
878.18 349.49 37.27 42.36 0.2354
411.81 27.46 43.17 43.95 0.2131
424.23 188.86 52.10 89.35 0.1955
835.55 317.46 30.62 30.16 0.1756
978.71 367.08 44.74 62.82 0.1685
332.73 82.91 105.20 109.44 0.1665
810.18 281.17 62.99 65.00 0.1486
761.51 244.69 63.22 95.66 0.1468
350.28 151.78 91.25 92.80 0.1404
204.75 114.00 79.04 87.41 0.1360
720.92 389.96 36.61 45.00 0.1348
193.90 305.88 70.29 84.29 0.1339
881.05 324.93 34.80 43.43 0.1199
956.24 358.59 35.34 49.83 0.1181
649.55 307.07 43.26 24.15 0.1118
628.54 154.66 44.35 58.94 0.1116
877.61 350.61 79.72 73.05 0.1102
739.17 19.23 17.94 19.17 0.1077
743.47 316.65 37.96 33.04 0.1040
646.51 158.98 57.38 55.40 0.1032
627.92 308.75 30.15 20.33 0.1018
620.68 295.69 34.65 23.20 0.0969
744.27 281.26 59.13 74.14 0.0957
241.46 114.50 92.92 106.81 0.0943
702.79 377.93 43.89 55.59 0.0901
136.88 370.78 46.64 44.37 0.0892
319.81 31.49 45.76 55.69 0.0884
346.75 53.44 76.96 90.38 0.0873
398.14 38.78 59.79 60.40 0.0863
922.04 1.22 20.20 17.40 0.0860
949.43 356.26 63.90 90.53 0.0840
504.23 480.29 42.11 30.05 0.0830
884.93 333.69 62.19 55.57 0.0815
652.84 22.50 30.55 26.36 0.0812
591.70 293.94 34.25 24.26 0.0808
865.24 305.51 42.46 43.81 0.0807
9.91 132.64 14.07 11.89 0.0798
989.72 342.52 32.07 53.40 0.0795
351.05 21.03 55.92 66.18 0.0776
586.58 250.42 36.79 38.43 0.0770
847.70 37.36 21.37 25.50 0.0768
950.74 35.67 31.00 28.70 0.0767
590.71 305.59 35.04 22.86 0.0753
145.12 346.90 30.27 33.34 0.0751
535.38 229.36 59.07 63.94 0.0748
910.58 321.37 40.96 39.34 0.0742
922.51 10.45 21.57 27.09 0.0740
718.89 159.48 43.83 49.03 0.0734
730.28 362.79 28.70 25.45 0.0733
379.18 90.21 88.71 84.40 0.0724
831.93 332.34 36.56 36.90 0.0720
753.42 366.68 91.44 84.26 0.0719
655.35 76.51 56.54 78.44 0.0719
314.33 165.64 97.04 87.44 0.0718
795.86 307.33 47.87 47.00 0.0716
157.97 147.02 24.62 23.96 0.0714
403.04 0.00 36.74 38.62 0.0711
850.21 116.06 52.32 56.46 0.0706
820.70 121.61 81.97 87.97 0.0705
189.48 254.43 72.15 95.92 0.0701
948.49 337.63 37.28 50.30 0.0698
831.79 354.65 67.67 79.33 0.0675
834.22 267.26 66.55 51.85 0.0674
479.59 482.90 40.54 27.39 0.0660
885.67 15.33 25.65 24.71 0.0660
940.51 74.19 36.78 35.05 0.0657
583.98 347.65 62.26 53.84 0.0657
926.19 31.89 28.57 28.03 0.0655
588.11 230.11 33.54 37.10 0.0654
222.34 374.08 64.04 57.41 0.0649
446.10 479.16 31.39 30.11 0.0647
170.30 480.59 75.40 31.41 0.0645
656.46 450.90 92.02 57.92 0.0643
739.65 336.83 30.63 30.69 0.0642
558.05 305.60 34.83 24.65 0.0642
767.11 370.23 48.00 49.02 0.0640
330.73 12.71 37.76 38.23 0.0628
884.83 51.72 28.72 30.02 0.0620
536.57 356.72 87.82 85.44 0.0614
680.60 277.18 78.16 59.12 0.0610
787.79 368.49 52.20 52.43 0.0607
508.84 457.55 49.67 51.46 0.0596
627.86 318.10 34.27 27.89 0.0592
120.44 127.84 14.00 15.30 0.0592
941.09 320.74 38.96 36.16 0.0587
586.15 268.48 40.11 34.40 0.0585
483.86 71.98 25.17 26.05 0.0583
735.96 1.81 22.44 19.26 0.0580
676.31 105.64 79.26 94.43 0.0577
624.81 84.37 74.14 106.46 0.0575
810.18 19.37 20.87 23.76 0.0571
368.17 0.00 39.45 28.26 0.0558
836.60 346.74 40.52 48.42 0.0558
479.92 0.00 26.92 20.28 0.0558
190.06 244.43 35.69 47.09 0.0558
908.64 469.04 85.20 42.96 0.0557
592.69 212.25 31.35 34.76 0.0555
885.13 34.62 23.07 24.48 0.0550
632.49 48.81 30.39 32.99 0.0547
856.05 336.84 112.81 146.34 0.0544
780.78 36.82 26.94 25.89 0.0539
676.91 65.58 54.92 60.05 0.0528
434.02 131.47 96.53 105.44 0.0526
622.52 419.98 29.87 30.30 0.0525
652.46 48.69 39.66 46.01 0.0524
117.46 393.80 34.21 34.07 0.0521
998.09 322.50 21.05 31.22 0.0518
363.79 12.24 35.33 43.57 0.0516
843.06 43.62 27.30 35.38 0.0516
263.79 339.63 83.52 81.17 0.0516
536.34 483.36 40.86 28.64 0.0510
801.22 338.10 36.88 41.44 0.0505
764.04 328.52 41.43 45.09 0.0501
552.12 67.01 33.41 41.68 0.0500
