55_Sports_Coach_Trainer_sportcoaching_55_859
145
799.19 257.23 76.90 93.15 0.8906
54.88 190.92 81.41 89.93 0.8485
140.97 279.60 59.51 75.60 0.8255
582.56 244.50 60.55 81.07 0.8202
406.28 282.12 50.98 61.64 0.7746
262.03 290.12 49.60 60.66 0.7627
32.23 674.43 56.49 89.96 0.4858
113.58 651.21 49.94 79.70 0.4439
193.57 625.17 35.53 58.29 0.3977
116.56 482.23 68.76 85.22 0.2616
304.32 615.77 17.89 37.38 0.2424
376.34 625.66 31.25 62.50 0.2364
109.56 267.90 58.37 104.68 0.1966
38.12 216.38 94.82 112.98 0.1947
35.69 614.16 48.12 71.62 0.1841
433.12 617.52 29.08 54.76 0.1818
56.85 606.19 46.97 89.60 0.1598
438.66 428.92 36.61 45.84 0.1578
118.64 676.78 54.02 86.85 0.1458
370.43 648.35 36.50 88.40 0.1383
294.32 591.98 25.22 56.61 0.1374
394.01 607.50 37.82 70.98 0.1320
841.62 233.83 66.59 117.37 0.1299
403.06 429.40 35.20 46.22 0.1283
219.41 368.12 36.04 50.54 0.1173
56.20 466.78 78.05 87.77 0.1104
435.03 578.46 32.63 81.60 0.1066
555.97 548.48 32.26 77.74 0.1054
777.16 435.05 33.32 44.74 0.1053
2.44 609.67 45.75 82.70 0.1042
427.82 637.19 39.53 96.24 0.1026
135.69 471.92 75.95 76.17 0.1026
510.56 378.58 37.99 59.32 0.1023
263.48 438.90 62.90 54.47 0.1000
185.46 632.42 48.41 90.89 0.0992
386.49 630.74 49.52 108.36 0.0985
547.33 388.65 34.89 56.23 0.0976
24.06 253.73 77.21 112.57 0.0970
264.89 581.97 29.53 50.47 0.0942
437.78 399.00 48.93 61.99 0.0942
40.10 581.58 54.25 82.62 0.0930
569.94 536.47 73.60 135.58 0.0915
325.17 361.34 40.28 44.90 0.0905
477.64 363.74 35.84 50.86 0.0900
197.45 592.26 47.40 86.08 0.0889
435.18 544.24 35.85 76.26 0.0863
902.42 144.18 55.67 107.29 0.0856
429.24 448.56 40.75 56.52 0.0842
267.73 461.71 57.51 57.47 0.0838
909.75 193.56 43.86 100.72 0.0835
263.53 484.48 63.16 76.28 0.0830
5.17 752.42 31.62 78.79 0.0826
463.75 391.12 46.96 56.50 0.0825
1.47 510.78 24.60 40.17 0.0819
51.80 737.71 53.26 78.19 0.0815
874.12 197.02 58.72 124.86 0.0810
0.00 204.46 37.06 92.46 0.0800
255.75 754.43 37.43 53.38 0.0788
299.72 634.96 27.54 65.20 0.0788
282.92 537.94 40.03 60.84 0.0771
58.45 538.72 58.31 61.84 0.0767
134.72 430.13 70.42 79.72 0.0766
705.62 437.63 35.84 53.83 0.0764
2.36 784.05 25.15 80.61 0.0758
339.20 648.66 44.23 80.63 0.0758
556.65 559.61 55.47 130.49 0.0750
513.70 452.39 49.27 74.28 0.0746
455.26 587.97 57.78 104.73 0.0738
548.52 544.15 26.06 62.00 0.0738
297.04 725.53 48.10 65.14 0.0732
264.23 538.32 36.20 53.52 0.0722
103.76 575.24 47.30 68.36 0.0716
407.01 456.73 31.81 50.49 0.0713
339.67 618.93 25.96 45.38 0.0711
545.23 420.08 33.08 68.94 0.0707
89.38 174.86 85.72 90.94 0.0704
518.84 527.40 40.98 66.78 0.0700
656.72 413.70 38.37 62.26 0.0680
455.63 416.59 51.87 65.96 0.0679
946.26 176.27 38.63 72.91 0.0678
479.10 334.22 35.59 49.39 0.0678
0.00 290.03 44.80 85.67 0.0677
879.90 499.64 42.54 70.18 0.0677
938.24 199.51 48.93 98.18 0.0677
206.72 427.90 50.77 52.83 0.0677
843.15 394.49 41.40 63.05 0.0674
904.39 399.85 38.89 49.19 0.0673
816.82 296.90 63.92 114.85 0.0659
484.39 666.04 75.64 127.69 0.0648
784.76 427.12 56.88 56.95 0.0641
0.00 566.93 28.31 63.83 0.0640
260.59 602.73 32.62 57.87 0.0639
199.38 448.78 55.50 63.80 0.0637
869.06 395.40 37.53 56.75 0.0633
48.89 939.91 40.61 78.95 0.0629
376.25 585.15 48.49 104.62 0.0625
297.84 420.69 71.57 56.52 0.0622
514.49 488.70 47.79 72.69 0.0621
949.35 697.20 70.95 242.29 0.0621
297.09 676.33 44.22 77.93 0.0617
312.65 749.03 42.29 55.62 0.0616
576.02 391.17 38.03 46.95 0.0607
973.20 986.98 43.08 37.02 0.0606
482.63 490.80 47.97 67.77 0.0605
431.36 499.70 37.09 52.20 0.0605
656.59 323.40 37.24 54.66 0.0598
773.02 406.94 51.76 63.86 0.0597
71.01 777.06 33.75 72.00 0.0588
379.67 290.99 42.01 50.89 0.0585
321.75 392.89 48.93 48.13 0.0583
107.03 748.04 43.16 69.00 0.0581
878.27 422.90 32.26 55.03 0.0576
461.32 677.28 65.35 116.80 0.0571
186.35 768.80 53.04 60.09 0.0565
185.02 488.97 67.53 68.18 0.0562
403.86 541.62 33.02 77.97 0.0559
722.18 433.09 45.69 61.13 0.0558
472.43 449.50 47.66 69.99 0.0558
360.36 425.43 58.07 55.35 0.0555
105.41 322.75 57.45 83.99 0.0547
265.87 315.26 57.26 77.61 0.0544
231.09 323.20 57.20 50.49 0.0541
30.84 546.58 48.38 73.88 0.0540
262.07 644.26 36.18 58.92 0.0537
581.71 527.72 51.71 86.61 0.0536
262.61 681.62 41.97 65.81 0.0534
542.20 498.93 33.49 59.66 0.0533
620.07 424.34 33.65 55.31 0.0533
400.61 394.57 45.81 64.88 0.0531
575.02 419.20 38.06 59.05 0.0527
147.53 336.19 63.00 64.78 0.0526
864.80 358.91 43.03 69.36 0.0521
137.89 575.19 48.73 80.93 0.0513
900.03 241.08 53.80 106.25 0.0513
691.32 318.20 49.55 67.26 0.0511
172.32 702.90 54.42 81.40 0.0511
25.80 378.48 84.24 88.26 0.0508
995.94 16.70 26.45 71.09 0.0508
468.34 519.50 48.54 89.95 0.0507
875.84 970.92 57.36 53.08 0.0505
870.14 118.42 103.24 163.92 0.0504
652.50 388.30 49.27 67.06 0.0503
997.78 126.05 24.04 73.52 0.0502
133.48 392.04 62.70 74.72 0.0501
34.33 763.10 46.02 94.50 0.0500
