27_Spa_Spa_27_691
200
927.92 0.00 81.01 96.02 0.1927
50.53 259.11 80.27 95.57 0.1921
50.50 453.76 80.30 95.51 0.1920
50.54 550.97 80.25 95.53 0.1920
50.59 97.07 80.19 95.45 0.1920
50.52 356.48 80.28 95.47 0.1920
50.54 713.11 80.24 95.66 0.1919
928.14 129.41 80.51 95.79 0.1917
50.50 615.81 80.40 95.58 0.1917
50.47 161.89 80.34 95.51 0.1917
928.18 64.54 80.47 95.81 0.1916
50.24 0.00 80.90 95.76 0.1916
525.40 0.00 81.22 96.00 0.1916
891.31 0.00 80.90 95.81 0.1915
928.10 745.61 80.55 95.76 0.1915
159.69 0.00 81.19 96.02 0.1915
196.26 0.00 81.19 96.02 0.1915
232.83 0.00 81.19 96.02 0.1915
269.41 0.00 81.19 96.02 0.1915
305.98 0.00 81.19 96.02 0.1915
342.55 0.00 81.19 96.02 0.1915
379.07 0.00 81.27 96.01 0.1915
415.64 0.00 81.27 96.01 0.1915
50.73 778.20 79.92 95.21 0.1915
891.61 226.76 80.16 95.37 0.1915
123.07 0.00 81.25 96.03 0.1915
452.22 0.00 81.25 96.03 0.1915
891.66 161.88 80.13 95.42 0.1915
928.09 226.70 80.54 95.77 0.1914
928.09 291.56 80.54 95.77 0.1914
928.11 453.72 80.52 95.72 0.1914
928.11 518.58 80.52 95.72 0.1914
86.55 0.00 81.19 96.00 0.1913
488.83 0.00 81.19 96.00 0.1913
708.21 0.00 81.27 96.00 0.1913
744.83 0.00 81.19 96.00 0.1913
781.41 0.00 81.19 96.00 0.1913
817.98 0.00 81.19 96.00 0.1913
854.55 0.00 81.19 96.00 0.1913
13.55 0.00 80.86 95.70 0.1913
928.10 356.44 80.54 95.82 0.1913
928.10 583.44 80.54 95.82 0.1913
561.93 0.00 81.25 96.02 0.1913
598.50 0.00 81.25 96.02 0.1913
635.07 0.00 81.25 96.02 0.1913
671.65 0.00 81.25 96.02 0.1913
196.54 96.62 80.73 96.14 0.1913
233.11 96.62 80.73 96.14 0.1913
269.68 96.62 80.73 96.14 0.1913
159.90 96.62 80.79 96.13 0.1913
854.71 647.93 80.84 96.31 0.1913
928.10 648.19 80.55 95.92 0.1913
854.71 745.22 80.84 96.31 0.1913
123.34 615.59 80.74 96.09 0.1912
306.25 129.05 80.74 96.24 0.1912
342.82 129.05 80.74 96.24 0.1912
525.62 129.05 80.82 96.25 0.1912
269.68 161.48 80.74 96.24 0.1912
123.33 96.62 80.81 96.23 0.1912
562.15 129.04 80.85 96.29 0.1912
342.76 193.91 80.81 96.23 0.1912
13.81 356.53 80.25 95.43 0.1912
745.26 777.94 80.41 95.82 0.1912
379.28 485.75 80.83 96.25 0.1912
415.85 485.75 80.83 96.25 0.1912
452.42 485.75 80.83 96.25 0.1912
488.99 485.75 80.83 96.25 0.1912
525.56 485.75 80.83 96.25 0.1912
562.13 485.75 80.83 96.25 0.1912
635.28 485.75 80.83 96.25 0.1912
415.89 550.63 80.79 96.31 0.1912
452.46 550.63 80.79 96.31 0.1912
562.18 550.63 80.79 96.31 0.1912
598.75 583.06 80.79 96.31 0.1912
562.18 615.49 80.79 96.31 0.1912
525.61 583.06 80.88 96.32 0.1912
452.47 615.49 80.88 96.32 0.1912
489.04 615.49 80.88 96.32 0.1912
525.61 647.92 80.88 96.32 0.1912
13.80 259.21 80.30 95.50 0.1912
13.77 518.65 80.30 95.48 0.1911
562.20 745.22 80.75 96.18 0.1911
13.78 745.70 80.26 95.36 0.1911
13.83 194.38 80.22 95.40 0.1911
598.70 518.18 80.84 96.35 0.1911
415.85 615.46 80.84 96.35 0.1911
233.05 323.69 80.79 96.17 0.1911
891.55 356.34 80.35 95.63 0.1911
671.91 388.55 80.79 96.17 0.1911
196.48 647.97 80.79 96.17 0.1911
891.55 648.19 80.35 95.63 0.1911
13.76 129.47 80.36 95.55 0.1911
452.44 161.53 80.82 96.20 0.1911
86.72 550.67 80.82 96.20 0.1911
123.29 550.67 80.82 96.20 0.1911
342.72 453.34 80.81 96.22 0.1911
489.20 777.85 80.50 95.89 0.1911
525.77 777.85 80.50 95.89 0.1911
708.48 129.06 80.81 96.24 0.1911
123.33 226.34 80.81 96.24 0.1911
745.04 226.30 80.80 96.28 0.1911
13.76 680.86 80.24 95.30 0.1911
891.56 713.04 80.32 95.66 0.1911
635.32 129.08 80.83 96.24 0.1910
671.90 129.08 80.83 96.24 0.1910
233.11 161.48 80.74 96.22 0.1910
306.24 193.93 80.76 96.23 0.1910
708.47 193.94 80.83 96.24 0.1910
159.90 258.79 80.83 96.24 0.1910
196.47 258.79 80.83 96.24 0.1910
562.18 323.65 80.83 96.24 0.1910
159.90 583.08 80.83 96.24 0.1910
196.47 583.08 80.83 96.24 0.1910
233.04 615.51 80.83 96.24 0.1910
306.18 745.22 80.83 96.24 0.1910
342.75 745.22 80.83 96.24 0.1910
671.90 745.22 80.83 96.24 0.1910
598.71 129.06 80.87 96.27 0.1910
745.00 161.49 80.87 96.27 0.1910
86.71 226.35 80.87 96.27 0.1910
379.28 745.20 80.87 96.27 0.1910
708.43 745.20 80.87 96.27 0.1910
891.63 64.51 80.20 95.54 0.1910
891.61 421.30 80.28 95.51 0.1910
891.61 486.16 80.28 95.51 0.1910
891.61 551.02 80.28 95.51 0.1910
123.29 745.20 80.82 96.32 0.1910
159.86 745.20 80.82 96.32 0.1910
452.43 745.20 80.82 96.32 0.1910
891.74 778.16 79.91 95.18 0.1910
452.49 258.88 80.73 96.09 0.1910
489.06 258.88 80.73 96.09 0.1910
818.20 291.31 80.73 96.09 0.1910
781.63 356.17 80.73 96.09 0.1910
196.49 388.59 80.73 96.09 0.1910
233.06 388.59 80.73 96.09 0.1910
342.78 388.59 80.73 96.09 0.1910
379.35 388.59 80.73 96.09 0.1910
452.49 388.59 80.73 96.09 0.1910
745.06 388.59 80.73 96.09 0.1910
818.20 388.59 80.73 96.09 0.1910
489.06 421.02 80.73 96.09 0.1910
708.49 421.02 80.73 96.09 0.1910
671.92 453.45 80.73 96.09 0.1910
745.06 453.45 80.73 96.09 0.1910
781.63 453.45 80.73 96.09 0.1910
818.20 453.45 80.73 96.09 0.1910
854.78 453.45 80.73 96.09 0.1910
818.20 518.31 80.73 96.09 0.1910
854.78 518.31 80.73 96.09 0.1910
635.34 583.04 80.75 96.21 0.1910
123.32 291.12 80.85 96.35 0.1910
379.34 291.20 80.81 96.25 0.1910
86.71 291.10 80.88 96.38 0.1910
379.33 129.05 80.78 96.24 0.1910
891.60 291.49 80.29 95.62 0.1910
525.63 226.35 80.75 96.20 0.1910
452.49 323.63 80.75 96.20 0.1910
854.77 356.06 80.75 96.20 0.1910
415.91 388.49 80.75 96.20 0.1910
269.63 420.92 80.75 96.20 0.1910
306.20 420.92 80.75 96.20 0.1910
598.77 453.35 80.75 96.20 0.1910
708.49 485.77 80.75 96.20 0.1910
306.20 518.20 80.75 96.20 0.1910
671.91 550.63 80.75 96.20 0.1910
342.77 583.06 80.75 96.20 0.1910
818.20 583.06 80.75 96.20 0.1910
854.77 583.06 80.75 96.20 0.1910
86.77 615.49 80.75 96.20 0.1910
818.20 647.92 80.75 96.20 0.1910
123.34 680.35 80.75 96.20 0.1910
159.91 680.35 80.75 96.20 0.1910
781.63 680.35 80.75 96.20 0.1910
86.77 712.77 80.75 96.20 0.1910
196.49 712.77 80.75 96.20 0.1910
233.06 712.77 80.75 96.20 0.1910
415.91 712.77 80.75 96.20 0.1910
818.20 712.77 80.75 96.20 0.1910
342.72 518.16 80.81 96.26 0.1910
598.82 712.86 80.72 96.12 0.1910
928.41 810.77 79.95 95.67 0.1910
598.77 193.98 80.78 96.16 0.1909
818.25 193.98 80.72 96.13 0.1909
598.76 647.90 80.77 96.31 0.1909
489.05 680.33 80.77 96.31 0.1909
562.19 680.33 80.77 96.31 0.1909
525.62 712.76 80.77 96.31 0.1909
342.77 291.20 80.79 96.21 0.1909
598.74 388.52 80.81 96.18 0.1909
635.31 388.52 80.81 96.18 0.1909
708.42 323.65 80.84 96.21 0.1909
306.21 323.70 80.80 96.20 0.1909
13.78 421.41 80.32 95.44 0.1909
415.88 161.46 80.84 96.25 0.1909
489.06 161.55 80.78 96.16 0.1909
415.91 226.41 80.78 96.16 0.1909
562.19 226.31 80.80 96.27 0.1909
781.63 258.84 80.78 96.16 0.1909
415.91 291.27 80.78 96.16 0.1909
