50_Celebration_Or_Party_houseparty_50_282
121
922.13 215.42 54.78 58.49 0.599110
642.81 189.92 54.07 56.15 0.536744
613.24 136.60 42.01 44.95 0.474262
25.50 225.91 73.35 80.52 0.453124
510.74 103.29 43.42 50.61 0.425924
422.81 153.35 37.24 40.24 0.403881
318.08 227.64 47.45 48.16 0.389714
174.12 263.14 42.40 44.65 0.374832
404.80 288.67 51.45 57.98 0.340809
788.83 149.05 104.04 120.16 0.251178
238.39 224.42 73.66 73.74 0.238429
932.51 82.92 31.31 30.64 0.234236
79.11 411.93 81.71 77.60 0.212740
892.52 218.69 42.96 61.54 0.209803
272.25 233.86 59.25 67.46 0.205098
519.12 341.35 58.23 68.81 0.200016
617.18 342.08 58.19 50.63 0.196326
502.05 85.84 57.29 130.23 0.192421
504.47 529.75 65.20 42.25 0.185352
504.62 146.77 60.73 111.56 0.184435
2.04 181.58 64.26 90.64 0.182443
836.55 227.13 63.01 76.61 0.159882
873.19 243.98 56.23 77.84 0.150533
840.22 157.38 77.41 105.71 0.149561
537.38 364.42 54.97 63.48 0.148757
558.62 158.32 50.31 73.01 0.143399
742.12 189.28 51.82 76.53 0.142683
469.27 107.57 56.08 67.17 0.142663
616.43 176.02 60.54 83.49 0.141381
321.22 241.72 58.24 74.29 0.138966
467.22 303.57 41.37 48.63 0.138959
521.33 279.08 27.09 30.71 0.132262
380.04 253.96 51.32 51.82 0.131601
566.68 131.46 63.37 70.48 0.130309
615.79 148.22 67.17 63.21 0.123085
151.74 235.54 51.27 63.77 0.122576
649.59 530.97 62.09 40.04 0.121761
989.38 101.48 28.25 24.08 0.120664
387.91 249.77 75.53 78.21 0.120624
539.14 0.00 176.81 155.96 0.119994
508.66 201.50 52.40 80.20 0.118184
450.34 131.91 59.54 77.86 0.116850
832.88 135.77 45.91 48.14 0.116297
50.22 208.25 80.77 85.17 0.110677
623.97 243.08 95.91 139.79 0.108792
415.76 71.42 59.28 112.02 0.108739
944.94 220.18 75.54 67.18 0.107796
452.35 255.98 57.52 58.93 0.107407
364.04 220.32 56.18 71.27 0.106695
323.41 169.46 59.06 66.71 0.106534
509.70 253.75 44.55 58.29 0.104398
552.12 195.71 58.94 84.55 0.103214
460.29 161.04 62.95 73.92 0.101998
962.55 276.50 61.45 71.74 0.101637
132.49 178.06 49.26 89.25 0.101592
893.94 92.61 37.38 36.15 0.101489
491.40 49.26 104.47 126.01 0.101431
273.00 367.60 82.95 91.89 0.101382
458.48 335.86 56.37 62.89 0.100652
172.44 249.35 60.69 87.73 0.100335
787.88 313.53 47.35 47.75 0.100261
793.92 236.84 52.02 67.73 0.098716
290.98 0.00 191.01 256.95 0.096611
915.81 243.59 74.69 89.24 0.091982
680.76 216.34 56.12 62.05 0.091758
384.93 187.48 92.48 116.12 0.091369
6.26 140.30 105.47 180.19 0.089057
539.53 537.94 62.40 34.06 0.087573
9.01 266.34 59.33 75.84 0.087543
567.97 275.83 48.79 46.48 0.087222
56.64 435.84 85.36 66.19 0.087200
539.58 491.52 60.99 53.64 0.086688
597.12 100.56 61.85 91.10 0.086418
794.55 267.26 46.61 57.48 0.085356
338.35 186.65 83.79 82.96 0.085143
755.80 455.35 43.31 41.97 0.083775
928.79 50.44 49.42 53.96 0.083667
406.33 154.10 63.61 88.19 0.083371
78.53 453.85 78.44 68.36 0.080777
361.43 102.76 77.49 130.63 0.080670
736.57 223.79 66.75 84.59 0.080592
417.25 335.83 65.65 72.83 0.077598
978.17 82.26 38.17 33.65 0.077380
158.02 181.50 69.76 108.01 0.077243
262.66 172.55 88.96 95.83 0.075936
798.10 72.52 36.71 33.00 0.074400
479.46 524.26 64.65 41.84 0.074189
262.50 263.59 63.98 76.74 0.072993
216.22 143.00 118.31 167.83 0.071384
379.95 137.01 71.34 62.29 0.071348
62.32 246.71 66.12 68.70 0.070622
510.76 296.57 41.44 51.18 0.070286
443.64 186.26 87.52 110.54 0.070136
327.08 114.18 80.34 116.31 0.070101
749.63 314.69 71.27 72.82 0.070051
602.68 268.81 45.61 56.24 0.069784
780.34 448.69 39.67 42.02 0.069211
437.72 328.52 94.07 113.59 0.069092
317.08 301.98 89.36 80.77 0.068242
540.91 433.74 54.28 61.62 0.067862
94.97 355.31 88.13 127.46 0.067542
822.03 287.84 63.84 69.15 0.067342
748.09 140.68 88.48 109.09 0.067254
601.52 288.18 75.28 95.00 0.067003
265.99 80.06 93.59 148.96 0.066816
653.10 497.10 54.97 55.34 0.064687
863.35 122.63 60.30 54.40 0.064023
228.99 264.24 68.01 90.21 0.061653
329.81 286.23 54.67 58.78 0.061556
889.72 298.78 67.35 79.95 0.061062
209.24 344.86 152.26 136.10 0.058702
641.52 309.36 110.72 94.90 0.057802
144.02 264.14 60.88 68.88 0.057756
911.21 312.49 80.69 72.91 0.056783
417.42 540.97 63.97 31.03 0.055668
373.61 339.08 68.46 70.05 0.055028
664.73 427.41 43.74 40.96 0.054307
685.13 173.56 52.32 70.63 0.053309
138.24 97.00 61.33 181.54 0.052217
851.12 100.18 36.95 44.10 0.051059
752.42 543.18 50.31 28.13 0.050321
