47_Matador_Bullfighter_matadorbullfighting_47_837
200
927.82 0.00 81.20 164.35 0.1923
928.12 831.98 80.55 164.01 0.1920
50.63 776.67 80.16 163.31 0.1920
50.58 499.10 80.22 163.40 0.1920
50.51 388.10 80.28 163.40 0.1920
50.54 276.97 80.35 163.69 0.1919
50.51 887.42 80.30 163.58 0.1919
123.19 0.00 81.21 164.28 0.1919
854.61 0.00 81.23 164.29 0.1918
891.66 499.08 80.14 163.29 0.1918
891.66 610.08 80.14 163.29 0.1918
891.59 721.08 80.20 163.28 0.1918
50.55 165.97 80.34 163.51 0.1918
50.63 665.69 80.12 163.26 0.1918
159.76 0.00 81.26 164.34 0.1917
196.33 0.00 81.26 164.34 0.1917
415.76 0.00 81.26 164.34 0.1917
635.18 0.00 81.26 164.34 0.1917
671.76 0.00 81.26 164.34 0.1917
708.33 0.00 81.26 164.34 0.1917
50.48 1275.88 80.41 163.86 0.1917
50.50 1053.92 80.31 163.57 0.1917
891.60 388.08 80.17 163.22 0.1917
928.14 498.99 80.51 163.94 0.1917
488.89 0.00 81.28 164.34 0.1917
744.89 0.00 81.28 164.34 0.1917
50.21 0.00 80.94 164.06 0.1917
928.14 610.06 80.47 163.78 0.1916
86.62 0.00 81.20 164.29 0.1916
928.09 332.54 80.55 163.81 0.1916
562.05 0.00 81.21 164.29 0.1916
598.62 0.00 81.21 164.29 0.1916
928.15 721.10 80.45 163.68 0.1916
525.48 0.00 81.22 164.29 0.1916
50.50 1164.97 80.38 163.79 0.1916
928.18 1220.50 80.46 163.91 0.1916
232.90 0.00 81.13 164.30 0.1915
452.33 0.00 81.25 164.39 0.1915
379.18 0.00 81.22 164.31 0.1915
13.79 1165.21 80.27 163.14 0.1915
928.20 998.56 80.41 163.85 0.1915
818.04 0.00 81.26 164.39 0.1915
781.47 0.00 81.27 164.35 0.1915
891.30 0.00 80.91 163.99 0.1915
891.61 221.59 80.26 163.22 0.1915
928.14 221.48 80.49 163.84 0.1915
13.78 1276.14 80.32 163.26 0.1915
891.65 1275.96 80.21 163.46 0.1914
635.34 997.89 80.76 164.65 0.1914
13.54 0.00 80.88 163.65 0.1913
269.45 0.00 81.15 164.27 0.1913
306.02 0.00 81.15 164.27 0.1913
342.59 0.00 81.15 164.27 0.1913
13.79 277.17 80.24 163.24 0.1913
452.53 886.90 80.76 164.64 0.1913
891.67 832.08 80.09 163.25 0.1913
13.82 776.86 80.23 163.15 0.1913
928.20 1109.57 80.41 163.85 0.1913
13.81 443.68 80.25 163.33 0.1912
13.81 887.68 80.25 163.33 0.1912
196.53 1053.47 80.73 164.52 0.1912
159.84 1275.33 80.88 164.96 0.1912
86.76 831.35 80.78 164.74 0.1911
123.33 831.35 80.78 164.74 0.1911
13.78 166.23 80.26 163.21 0.1911
86.70 1164.27 80.87 164.86 0.1911
123.27 1275.34 80.84 164.90 0.1911
928.08 110.49 80.59 164.06 0.1911
159.87 886.88 80.84 164.73 0.1911
928.29 1331.70 80.23 163.65 0.1911
123.33 220.98 80.79 164.59 0.1911
525.62 331.98 80.79 164.59 0.1911
159.91 1053.48 80.79 164.59 0.1911
86.71 1275.34 80.94 164.91 0.1911
13.82 665.83 80.26 163.21 0.1911
854.73 831.36 80.86 164.73 0.1911
818.18 1053.40 80.80 164.51 0.1911
233.07 720.32 80.79 164.69 0.1911
123.33 109.80 80.80 164.77 0.1911
233.04 1275.30 80.80 164.77 0.1911
745.04 109.91 80.83 164.71 0.1910
671.90 165.41 80.83 164.71 0.1910
708.47 165.41 80.83 164.71 0.1910
781.61 165.41 80.83 164.71 0.1910
818.18 165.41 80.83 164.71 0.1910
159.90 220.91 80.83 164.71 0.1910
635.32 220.91 80.83 164.71 0.1910
598.75 331.91 80.83 164.71 0.1910
123.39 498.41 80.76 164.69 0.1910
159.96 498.41 80.76 164.69 0.1910
123.33 664.85 80.76 164.54 0.1910
854.75 664.91 80.83 164.71 0.1910
489.04 775.91 80.83 164.71 0.1910
233.04 831.41 80.83 164.71 0.1910
306.18 831.41 80.83 164.71 0.1910
342.75 831.41 80.83 164.71 0.1910
562.24 1053.41 80.76 164.69 0.1910
415.96 1108.91 80.76 164.69 0.1910
196.47 1164.41 80.83 164.71 0.1910
415.89 553.91 80.82 164.68 0.1910
452.46 553.91 80.82 164.68 0.1910
86.75 609.41 80.82 164.68 0.1910
452.43 775.88 80.87 164.77 0.1910
525.57 775.88 80.87 164.77 0.1910
452.46 997.91 80.82 164.68 0.1910
598.75 997.91 80.82 164.68 0.1910
86.71 1053.38 80.87 164.77 0.1910
123.28 1053.38 80.87 164.77 0.1910
854.75 1053.41 80.82 164.68 0.1910
452.46 1108.91 80.82 164.68 0.1910
269.57 1275.38 80.87 164.77 0.1910
306.14 1275.38 80.87 164.77 0.1910
342.71 1275.38 80.87 164.77 0.1910
379.28 1275.38 80.87 164.77 0.1910
415.86 1275.38 80.87 164.77 0.1910
452.43 1275.38 80.87 164.77 0.1910
489.00 1275.38 80.87 164.77 0.1910
525.57 1275.38 80.87 164.77 0.1910
562.14 1275.38 80.87 164.77 0.1910
598.71 1275.38 80.87 164.77 0.1910
635.28 1275.38 80.87 164.77 0.1910
671.86 1275.38 80.87 164.77 0.1910
708.43 1275.38 80.87 164.77 0.1910
818.14 1275.38 80.87 164.77 0.1910
854.71 1275.38 80.87 164.77 0.1910
891.61 110.54 80.28 163.46 0.1910
269.60 276.33 80.84 164.75 0.1910
744.99 1275.20 80.88 164.95 0.1910
781.57 1275.20 80.88 164.95 0.1910
13.77 998.64 80.30 163.37 0.1910
525.61 1108.90 80.79 164.72 0.1910
415.94 220.88 80.78 164.70 0.1910
525.63 165.38 80.75 164.64 0.1910
13.82 554.77 80.26 163.27 0.1910
123.34 1164.38 80.75 164.64 0.1910
525.58 442.92 80.86 164.71 0.1910
818.26 942.43 80.71 164.64 0.1910
86.77 165.49 80.78 164.58 0.1909
379.35 331.90 80.76 164.61 0.1909
159.92 775.90 80.76 164.61 0.1909
781.68 1053.41 80.74 164.48 0.1909
818.17 276.44 80.81 164.60 0.1909
196.49 720.38 80.79 164.66 0.1909
196.50 165.37 80.80 164.67 0.1909
818.21 609.36 80.80 164.67 0.1909
269.64 720.36 80.80 164.67 0.1909
196.50 942.36 80.80 164.67 0.1909
269.64 942.36 80.80 164.67 0.1909
452.49 165.49 80.78 164.58 0.1909
598.77 165.49 80.78 164.58 0.1909
233.03 220.83 80.84 164.72 0.1909
854.77 276.49 80.78 164.58 0.1909
562.20 331.99 80.78 164.58 0.1909
489.00 442.94 80.83 164.69 0.1909
854.74 387.38 80.85 164.72 0.1909
452.53 442.91 80.76 164.65 0.1909
415.89 442.91 80.82 164.64 0.1909
671.89 942.41 80.82 164.64 0.1909
708.46 997.91 80.82 164.64 0.1909
745.03 1053.41 80.82 164.64 0.1909
159.88 109.87 80.86 164.73 0.1909
306.16 276.37 80.86 164.73 0.1909
671.88 276.37 80.86 164.73 0.1909
781.59 276.37 80.86 164.73 0.1909
86.73 331.87 80.86 164.73 0.1909
123.30 331.87 80.86 164.73 0.1909
635.30 331.87 80.86 164.73 0.1909
562.16 442.87 80.86 164.73 0.1909
379.30 831.37 80.86 164.73 0.1909
415.88 831.37 80.86 164.73 0.1909
233.02 942.37 80.86 164.73 0.1909
306.16 942.37 80.86 164.73 0.1909
233.02 1164.37 80.86 164.73 0.1909
232.98 109.84 80.89 164.78 0.1908
269.55 109.84 80.89 164.78 0.1908
342.69 109.84 80.89 164.78 0.1908
635.34 109.81 80.79 164.77 0.1908
489.05 165.31 80.79 164.77 0.1908
562.19 165.31 80.79 164.77 0.1908
744.98 220.84 80.89 164.78 0.1908
818.12 387.34 80.89 164.78 0.1908
159.91 1164.31 80.79 164.77 0.1908
196.46 276.31 80.79 164.69 0.1908
415.89 720.31 80.79 164.69 0.1908
854.76 165.42 80.82 164.71 0.1908
452.48 276.42 80.82 164.71 0.1908
489.05 276.42 80.82 164.71 0.1908
708.48 387.45 80.80 164.55 0.1908
379.33 553.95 80.80 164.55 0.1908
269.62 831.42 80.82 164.71 0.1908
196.47 498.40 80.79 164.69 0.1908
671.90 1053.40 80.79 164.69 0.1908
598.75 1108.90 80.79 164.69 0.1908
854.75 1164.40 80.79 164.69 0.1908
159.90 609.38 80.80 164.66 0.1908
562.12 775.85 80.86 164.77 0.1908
415.89 997.91 80.82 164.68 0.1908
854.83 942.44 80.71 164.60 0.1908
196.48 1275.31 80.81 164.94 0.1908
233.05 498.44 80.77 164.59 0.1908
