47_Matador_Bullfighter_matadorbullfighting_47_657
200
927.87 0.00 81.07 72.15 0.1927
50.55 438.27 80.24 71.71 0.1921
50.55 511.34 80.24 71.71 0.1921
50.55 560.05 80.24 71.71 0.1921
928.12 462.56 80.55 71.98 0.1920
928.12 559.98 80.55 71.97 0.1920
50.58 219.04 80.22 71.71 0.1920
50.52 48.54 80.28 71.71 0.1920
50.52 267.75 80.28 71.71 0.1920
50.52 316.47 80.28 71.71 0.1920
50.54 389.52 80.25 71.74 0.1920
50.48 97.24 80.31 71.73 0.1920
50.48 145.95 80.31 71.73 0.1920
928.13 145.91 80.52 71.95 0.1919
928.13 194.63 80.52 71.95 0.1919
928.13 243.34 80.52 71.95 0.1919
928.13 292.06 80.52 71.95 0.1919
928.13 340.77 80.52 71.95 0.1919
928.13 389.48 80.52 71.95 0.1919
928.11 48.47 80.57 71.98 0.1917
928.11 97.18 80.57 71.98 0.1917
306.26 72.67 80.70 72.10 0.1917
415.97 72.60 80.72 72.18 0.1917
342.53 0.00 81.24 72.13 0.1916
269.61 96.96 80.71 72.25 0.1916
50.24 0.00 80.90 71.93 0.1916
123.12 0.00 81.22 72.10 0.1916
159.69 0.00 81.22 72.10 0.1916
269.40 0.00 81.22 72.10 0.1916
305.97 0.00 81.22 72.10 0.1916
379.12 0.00 81.22 72.10 0.1916
928.10 511.25 80.60 72.01 0.1916
891.31 0.00 80.90 71.97 0.1915
342.82 72.57 80.73 72.21 0.1915
379.40 72.57 80.73 72.21 0.1915
489.11 96.93 80.73 72.21 0.1915
745.11 535.35 80.73 72.21 0.1915
781.68 535.35 80.73 72.21 0.1915
233.04 145.64 80.79 72.21 0.1915
269.61 145.64 80.79 72.21 0.1915
232.83 0.00 81.19 72.12 0.1915
635.12 0.00 81.19 72.12 0.1915
745.15 437.94 80.71 72.26 0.1915
818.18 462.29 80.72 72.28 0.1915
671.98 486.67 80.67 72.25 0.1915
306.25 121.29 80.74 72.29 0.1915
379.39 121.29 80.74 72.29 0.1915
671.91 437.95 80.73 72.25 0.1915
745.11 486.64 80.74 72.29 0.1915
671.65 0.00 81.25 72.13 0.1915
854.75 486.64 80.81 72.28 0.1915
818.18 511.00 80.81 72.28 0.1915
415.73 0.00 81.16 72.09 0.1914
233.11 72.60 80.72 72.18 0.1914
452.54 72.60 80.72 72.18 0.1914
13.59 0.00 80.80 71.87 0.1914
196.26 0.00 81.22 72.11 0.1914
452.26 0.00 81.22 72.11 0.1914
488.83 0.00 81.22 72.11 0.1914
525.40 0.00 81.22 72.11 0.1914
86.55 0.00 81.19 72.11 0.1913
781.41 0.00 81.19 72.11 0.1913
525.69 72.65 80.71 72.13 0.1913
159.97 243.15 80.71 72.13 0.1913
196.55 243.15 80.71 72.13 0.1913
159.97 462.36 80.71 72.13 0.1913
561.98 0.00 81.19 72.12 0.1913
598.55 0.00 81.19 72.12 0.1913
891.64 48.48 80.19 71.73 0.1913
854.82 170.00 80.74 72.27 0.1913
854.82 340.50 80.74 72.27 0.1913
817.93 0.00 81.25 72.12 0.1913
854.50 0.00 81.25 72.12 0.1913
123.40 72.57 80.73 72.21 0.1913
159.97 72.57 80.73 72.21 0.1913
196.54 72.57 80.73 72.21 0.1913
562.26 72.57 80.73 72.21 0.1913
598.83 72.57 80.73 72.21 0.1913
159.97 121.29 80.73 72.21 0.1913
196.54 121.29 80.73 72.21 0.1913
415.97 121.29 80.73 72.21 0.1913
123.40 145.64 80.73 72.21 0.1913
452.54 145.64 80.73 72.21 0.1913
489.11 145.64 80.73 72.21 0.1913
196.54 194.36 80.73 72.21 0.1913
525.68 194.36 80.73 72.21 0.1913
562.26 218.71 80.73 72.21 0.1913
123.40 243.07 80.73 72.21 0.1913
123.40 291.79 80.73 72.21 0.1913
196.54 291.79 80.73 72.21 0.1913
159.97 316.14 80.73 72.21 0.1913
196.54 364.86 80.73 72.21 0.1913
159.97 389.21 80.73 72.21 0.1913
123.40 413.57 80.73 72.21 0.1913
196.54 413.57 80.73 72.21 0.1913
196.54 462.29 80.73 72.21 0.1913
123.40 486.64 80.73 72.21 0.1913
123.40 535.36 80.73 72.21 0.1913
525.62 145.64 80.79 72.21 0.1913
306.19 170.00 80.79 72.21 0.1913
233.04 194.36 80.79 72.21 0.1913
269.62 194.36 80.79 72.21 0.1913
233.04 291.79 80.79 72.21 0.1913
233.04 389.21 80.79 72.21 0.1913
233.04 462.29 80.79 72.21 0.1913
86.76 535.36 80.79 72.21 0.1913
489.11 194.44 80.73 72.20 0.1913
525.84 584.22 80.41 72.01 0.1913
342.82 121.29 80.74 72.29 0.1912
159.97 170.00 80.74 72.29 0.1912
415.97 170.00 80.74 72.29 0.1912
562.25 170.00 80.74 72.29 0.1912
598.82 194.36 80.74 72.29 0.1912
525.68 243.07 80.74 72.29 0.1912
598.82 243.07 80.74 72.29 0.1912
562.25 267.43 80.74 72.29 0.1912
233.11 340.50 80.74 72.29 0.1912
525.68 340.50 80.74 72.29 0.1912
123.40 364.86 80.74 72.29 0.1912
525.68 389.22 80.74 72.29 0.1912
854.82 389.22 80.75 72.28 0.1912
781.68 413.57 80.74 72.29 0.1912
781.68 462.29 80.74 72.29 0.1912
159.97 511.00 80.74 72.29 0.1912
196.54 511.00 80.74 72.29 0.1912
233.11 511.00 80.74 72.29 0.1912
269.68 535.36 80.74 72.29 0.1912
525.68 535.36 80.74 72.29 0.1912
635.40 535.36 80.74 72.29 0.1912
13.87 560.14 80.20 71.61 0.1912
342.76 170.00 80.81 72.28 0.1912
379.33 170.00 80.81 72.28 0.1912
123.33 194.36 80.81 72.28 0.1912
86.76 218.72 80.81 72.28 0.1912
233.04 243.07 80.81 72.28 0.1912
86.76 267.43 80.81 72.28 0.1912
269.62 291.78 80.81 72.31 0.1912
86.76 340.50 80.81 72.28 0.1912
86.76 389.22 80.81 72.28 0.1912
86.76 437.93 80.81 72.28 0.1912
525.61 437.93 80.81 72.28 0.1912
269.61 462.29 80.81 72.28 0.1912
86.76 486.64 80.81 72.28 0.1912
159.90 559.72 80.81 72.28 0.1912
196.47 559.72 80.81 72.28 0.1912
233.04 559.72 80.81 72.28 0.1912
562.18 559.72 80.81 72.28 0.1912
598.76 559.72 80.81 72.28 0.1912
708.26 0.00 81.21 72.11 0.1912
671.93 218.76 80.71 72.20 0.1912
635.36 267.47 80.71 72.20 0.1912
671.93 389.26 80.71 72.20 0.1912
744.88 0.00 81.16 72.10 0.1912
13.80 48.55 80.30 71.73 0.1912
13.80 97.26 80.30 71.73 0.1912
635.40 96.93 80.72 72.31 0.1912
781.69 96.93 80.72 72.31 0.1912
598.83 121.28 80.72 72.31 0.1912
13.80 145.98 80.30 71.73 0.1912
781.69 267.43 80.72 72.31 0.1912
13.80 316.48 80.30 71.73 0.1912
781.69 340.50 80.72 72.31 0.1912
13.80 365.19 80.30 71.73 0.1912
562.26 364.85 80.72 72.31 0.1912
13.80 413.90 80.30 71.73 0.1912
598.83 437.93 80.72 72.31 0.1912
635.33 170.00 80.78 72.30 0.1911
269.62 243.07 80.78 72.30 0.1911
525.62 291.78 80.78 72.30 0.1911
269.62 389.21 80.78 72.30 0.1911
562.19 413.57 80.78 72.30 0.1911
818.19 413.57 80.78 72.30 0.1911
635.33 437.93 80.78 72.30 0.1911
306.19 511.00 80.78 72.30 0.1911
306.19 559.71 80.78 72.30 0.1911
342.76 559.71 80.78 72.30 0.1911
708.53 535.46 80.64 72.11 0.1911
781.70 145.66 80.70 72.26 0.1911
635.41 218.73 80.70 72.26 0.1911
598.84 389.23 80.70 72.26 0.1911
489.30 584.26 80.38 71.98 0.1911
781.63 194.37 80.76 72.26 0.1911
379.33 267.48 80.79 72.23 0.1911
379.33 340.55 80.79 72.23 0.1911
306.20 462.30 80.76 72.26 0.1911
635.35 486.66 80.76 72.26 0.1911
342.72 267.47 80.82 72.26 0.1911
635.35 316.15 80.79 72.28 0.1911
306.14 291.79 80.83 72.27 0.1911
671.91 96.96 80.73 72.23 0.1910
671.91 170.03 80.73 72.23 0.1910
452.54 194.36 80.74 72.27 0.1910
562.24 511.02 80.76 72.28 0.1910
415.96 559.73 80.76 72.28 0.1910
562.18 121.31 80.82 72.27 0.1910
854.76 437.93 80.81 72.26 0.1910
562.18 462.31 80.82 72.27 0.1910
635.42 389.27 80.67 72.20 0.1910
745.15 389.26 80.71 72.21 0.1910
598.83 511.04 80.74 72.23 0.1910
