0_Parade_Parade_0_960
17
90.33 201.38 193.11 402.77 0.7549
306.74 322.06 326.09 416.65 0.2806
527.91 171.17 496.09 291.29 0.2196
427.39 297.58 364.40 399.90 0.1846
109.40 221.13 388.31 330.72 0.1475
200.51 37.68 370.53 179.61 0.1403
207.72 37.26 210.17 100.87 0.0996
157.15 279.07 219.86 398.02 0.0812
60.69 347.05 205.09 465.95 0.0699
541.97 435.60 280.49 377.40 0.0549
33.74 215.30 117.06 152.76 0.0500
361.82 205.08 389.75 297.76 0.0330
51.61 125.89 472.82 267.62 0.0307
80.27 252.32 128.35 114.74 0.0300
203.13 21.86 134.81 79.52 0.0274
725.22 483.82 155.62 153.58 0.0219
175.67 436.18 273.65 376.82 0.0214
