0_Parade_marchingband_1_1045
27
373.64 284.26 354.58 307.36 0.9998
515.59 285.48 367.41 286.20 0.9996
224.61 286.03 344.94 307.45 0.9985
162.55 288.88 213.76 308.34 0.9617
106.92 325.12 184.82 384.23 0.5740
522.26 191.69 501.74 260.54 0.4016
50.21 266.14 87.15 164.19 0.0973
431.47 353.28 363.96 414.82 0.0915
75.71 252.11 100.79 142.11 0.0508
54.25 50.56 82.63 128.32 0.0350
164.38 383.29 186.16 431.71 0.0350
69.35 306.99 97.26 159.25 0.0334
233.20 390.90 301.20 424.10 0.0320
738.11 281.03 285.89 305.72 0.0310
122.59 288.59 155.05 114.58 0.0308
512.91 285.42 145.04 140.48 0.0270
459.59 284.19 129.28 143.60 0.0268
787.73 322.98 130.27 141.25 0.0262
414.70 86.70 140.06 106.43 0.0248
445.33 363.27 140.72 134.82 0.0247
191.01 355.00 137.38 153.56 0.0243
73.80 71.20 108.56 123.43 0.0242
683.18 241.97 130.89 135.34 0.0220
300.17 75.63 143.92 116.15 0.0216
51.26 358.25 87.68 183.79 0.0213
162.12 211.45 133.67 121.10 0.0207
718.39 286.13 122.05 177.76 0.0201
