22_Picnic_Picnic_22_594
28
483.07 264.73 305.34 353.67 0.7494
441.64 249.20 582.36 242.45 0.2852
296.87 278.66 326.84 340.39 0.1405
150.99 310.75 210.31 364.41 0.0884
94.70 160.49 178.74 315.01 0.0651
99.06 370.36 175.21 317.64 0.0572
72.15 386.36 100.17 118.30 0.0549
553.22 183.53 470.78 210.08 0.0490
213.83 132.29 395.37 167.99 0.0416
164.76 168.91 199.40 265.11 0.0410
143.20 98.64 381.41 139.57 0.0390
39.89 407.84 84.15 125.55 0.0359
143.26 72.71 154.98 86.41 0.0333
456.05 57.29 138.87 100.15 0.0300
415.86 49.36 142.17 72.47 0.0278
234.43 69.27 132.83 88.19 0.0275
78.89 103.59 106.38 128.83 0.0269
150.38 239.18 328.67 257.26 0.0266
421.64 81.14 427.09 149.75 0.0260
75.91 66.76 98.00 87.89 0.0255
309.34 63.45 129.56 96.21 0.0234
101.61 398.42 175.18 97.84 0.0224
683.31 62.95 125.93 98.70 0.0221
224.93 367.27 297.31 320.73 0.0220
53.91 90.56 78.46 133.69 0.0216
387.54 63.94 121.46 95.82 0.0215
205.37 73.87 117.63 126.33 0.0204
20.51 38.83 73.68 135.58 0.0200
