8_Election_Campain_Election_Campaign_8_236
72
555.97 133.76 74.95 94.29 0.9144
154.43 365.33 60.17 73.50 0.8649
321.73 342.79 73.85 82.09 0.7262
412.91 353.60 92.58 119.41 0.4892
395.67 342.99 71.03 95.85 0.4583
475.86 570.92 56.03 76.55 0.2483
847.53 242.39 39.48 44.03 0.1620
88.44 609.95 60.69 41.05 0.1440
809.26 367.49 24.72 30.98 0.1426
809.98 265.82 48.38 65.81 0.1402
443.98 326.65 70.20 106.02 0.1363
470.20 548.65 45.94 76.33 0.1313
762.76 307.21 48.73 58.57 0.1220
23.90 603.52 104.67 47.48 0.1211
478.74 294.62 33.13 57.30 0.1202
209.49 349.51 38.53 43.02 0.1138
447.97 412.56 52.42 76.87 0.1129
705.87 148.09 53.00 51.91 0.1073
706.50 106.04 53.36 66.75 0.1071
705.67 167.64 33.85 37.07 0.1058
659.83 153.15 33.91 48.45 0.1036
431.84 185.03 36.81 46.59 0.1022
186.35 351.81 61.58 66.79 0.1002
300.13 371.68 71.21 68.96 0.0986
172.05 384.95 74.42 61.97 0.0974
27.81 443.99 96.36 110.44 0.0956
817.25 241.84 75.96 76.80 0.0932
111.96 380.94 54.35 66.61 0.0928
410.25 2.48 49.72 50.08 0.0928
33.54 407.27 160.55 154.49 0.0914
723.63 356.67 35.26 50.22 0.0908
510.50 153.68 49.42 75.68 0.0901
781.57 293.52 61.85 77.85 0.0891
411.59 288.24 93.40 118.84 0.0872
758.54 338.19 49.55 57.35 0.0852
706.48 565.60 44.80 85.40 0.0836
706.71 81.77 28.69 38.31 0.0829
452.68 373.71 85.99 114.34 0.0809
430.93 33.17 35.37 38.95 0.0787
707.67 75.10 21.36 24.42 0.0767
735.38 89.28 28.57 30.16 0.0748
708.13 541.22 32.31 43.82 0.0727
608.84 175.55 42.02 60.25 0.0710
518.44 129.90 80.05 91.87 0.0698
0.00 445.22 29.46 67.22 0.0687
509.91 504.69 27.87 32.57 0.0674
467.39 309.45 79.99 104.23 0.0671
829.39 206.40 61.73 77.21 0.0671
791.57 343.97 43.34 57.34 0.0666
768.01 67.89 25.11 27.23 0.0648
356.46 276.99 112.26 126.06 0.0646
81.21 390.70 105.85 111.74 0.0637
706.00 347.40 39.22 61.80 0.0625
828.51 290.68 52.00 74.33 0.0618
736.36 73.00 22.30 23.99 0.0605
999.68 306.22 18.25 22.89 0.0603
0.00 0.00 46.42 47.64 0.0598
436.39 541.82 84.45 109.18 0.0596
859.40 277.44 50.62 60.97 0.0589
953.17 449.40 70.83 75.02 0.0576
23.31 489.67 59.19 58.80 0.0546
735.85 309.41 65.89 73.67 0.0543
735.35 51.84 23.31 26.12 0.0540
916.17 426.54 52.31 65.42 0.0538
133.03 582.03 45.69 44.96 0.0536
765.82 268.36 45.10 52.33 0.0515
805.29 360.64 35.31 57.47 0.0513
992.51 561.08 22.47 21.88 0.0512
1.93 477.56 40.17 61.79 0.0511
441.43 192.25 36.53 61.55 0.0509
577.90 584.16 59.93 59.07 0.0508
914.69 317.28 35.01 34.81 0.0503
