8_Election_Campain_Election_Campaign_8_437
200
476.21 249.40 24.46 33.16 0.5493
366.46 62.24 24.42 29.57 0.4876
368.04 247.33 23.48 36.19 0.4622
437.01 60.90 24.88 29.57 0.4609
256.45 161.75 22.95 26.62 0.4352
448.51 318.45 31.14 48.88 0.4196
248.27 257.90 31.50 36.09 0.3767
580.26 249.65 26.88 30.98 0.3764
489.90 91.32 26.26 29.67 0.3484
562.67 49.28 25.03 25.80 0.3161
733.60 49.21 20.48 19.87 0.3138
663.56 54.78 18.40 19.02 0.3044
555.56 194.26 26.12 31.94 0.3020
582.28 49.88 25.08 24.98 0.2943
635.19 52.92 16.82 18.25 0.2882
437.06 198.87 29.36 32.78 0.2781
325.44 198.86 28.18 31.67 0.2640
151.58 153.02 17.81 21.82 0.2456
438.67 147.11 26.31 25.94 0.2406
151.54 55.40 16.99 18.36 0.2334
153.65 69.58 15.56 21.08 0.2294
360.05 145.62 30.29 30.61 0.2224
520.43 197.86 21.97 26.58 0.2213
487.08 146.25 28.64 27.34 0.2212
597.55 343.32 42.26 57.83 0.2183
409.81 147.22 30.53 27.57 0.2175
629.87 195.51 20.88 21.15 0.2172
556.47 207.31 25.45 33.71 0.2142
86.46 152.65 12.75 13.49 0.2128
267.21 76.70 16.50 19.02 0.2099
447.33 124.01 23.11 22.78 0.2093
542.53 277.89 31.45 36.67 0.2089
298.99 169.27 21.28 26.59 0.2087
546.50 126.98 25.30 23.68 0.2078
269.16 53.60 14.90 18.06 0.2075
83.06 69.51 17.25 20.62 0.2072
151.72 165.29 18.87 24.19 0.2059
523.36 258.84 28.71 33.70 0.2038
196.86 151.25 20.73 21.55 0.1989
556.19 239.68 24.51 33.96 0.1967
83.68 55.81 15.58 15.88 0.1964
522.48 71.59 23.43 24.18 0.1912
547.34 65.25 28.21 28.98 0.1893
534.59 370.34 42.01 47.36 0.1891
402.22 338.80 45.18 52.45 0.1877
229.87 123.29 17.36 18.19 0.1874
442.51 290.02 38.31 57.91 0.1872
672.62 248.61 36.47 38.25 0.1871
406.19 211.80 25.17 31.90 0.1864
472.58 285.37 33.33 40.70 0.1825
407.05 18.88 22.39 27.78 0.1824
409.69 197.14 22.97 25.88 0.1817
303.11 234.52 36.34 43.74 0.1802
195.61 172.89 22.19 26.48 0.1766
221.31 224.10 26.14 27.83 0.1757
303.69 215.33 35.26 37.04 0.1739
413.40 64.89 28.30 30.05 0.1739
611.45 339.25 63.20 80.66 0.1719
193.60 97.34 15.75 19.90 0.1718
192.27 419.61 119.38 116.41 0.1718
196.57 75.81 16.74 20.47 0.1714
231.04 262.37 33.58 31.85 0.1710
523.64 243.63 30.50 35.74 0.1708
263.98 217.33 21.13 25.17 0.1705
514.28 142.73 24.56 27.30 0.1693
221.82 72.04 19.57 21.33 0.1692
700.76 286.01 159.94 121.05 0.1682
224.45 54.62 16.69 17.83 0.1672
398.83 123.89 29.91 23.85 0.1639
556.43 176.04 21.04 23.34 0.1634
550.41 253.40 31.04 40.78 0.1617
586.66 195.60 23.34 22.80 0.1608
122.17 101.83 14.84 15.93 0.1606
522.04 54.19 21.06 26.40 0.1605
482.91 157.81 27.33 33.55 0.1595
374.61 128.06 23.79 27.54 0.1578
122.23 77.02 13.50 16.24 0.1565
482.55 110.15 38.23 38.48 0.1562
120.82 149.75 14.41 16.83 0.1562
374.94 223.62 24.03 41.87 0.1555
197.54 53.11 14.76 17.60 0.1550
632.25 149.46 20.52 18.84 0.1549
437.77 160.66 30.50 32.46 0.1533
635.17 338.67 68.77 90.44 0.1528
302.47 254.11 36.41 40.01 0.1524
589.85 60.91 23.45 29.69 0.1523
480.49 26.32 18.55 21.16 0.1513
403.29 154.45 31.59 37.01 0.1501
175.87 334.70 43.49 42.29 0.1491
595.50 147.28 15.19 18.16 0.1484
633.24 126.81 16.78 14.12 0.1479
659.53 199.56 27.82 28.49 0.1477
124.43 262.56 29.37 27.09 0.1472
372.46 189.24 24.68 30.33 0.1464
153.83 219.93 20.47 20.57 0.1464
520.58 123.35 21.00 24.43 0.1454
82.92 100.97 16.62 15.76 0.1448
120.91 127.01 14.45 15.57 0.1440
84.26 169.53 16.62 21.66 0.1434
666.37 216.46 26.26 28.64 0.1429
509.97 92.77 27.75 27.49 0.1416
194.27 187.99 24.16 27.07 0.1406
484.27 191.83 23.89 26.43 0.1404
157.22 126.25 15.95 19.78 0.1402
344.36 150.70 30.37 26.84 0.1397
153.81 196.77 19.80 22.95 0.1392
442.09 233.30 25.79 36.12 0.1389
263.62 96.81 17.37 20.43 0.1386
594.94 126.93 15.75 18.14 0.1383
585.88 291.27 32.22 34.09 0.1373
779.87 50.23 22.24 25.86 0.1371
156.81 99.45 16.31 19.06 0.1368
394.92 294.25 51.37 73.42 0.1326
229.73 150.47 20.36 24.48 0.1323
707.61 53.13 20.57 20.99 0.1320
118.84 172.57 16.49 21.45 0.1318
341.85 53.97 17.69 27.95 0.1314
408.97 4.54 20.63 22.73 0.1314
720.55 246.54 48.52 51.76 0.1308
224.97 244.08 31.86 43.29 0.1307
122.42 53.96 12.60 15.38 0.1304
317.45 229.21 39.93 48.43 0.1298
404.71 232.76 34.48 41.73 0.1270
665.39 61.03 21.84 28.22 0.1249
482.33 48.01 20.58 25.68 0.1232
624.93 215.52 24.90 25.68 0.1231
514.00 165.70 23.91 26.56 0.1223
304.68 195.11 28.98 27.21 0.1219
660.58 149.89 24.86 20.19 0.1218
621.66 303.76 39.62 47.71 0.1218
551.96 95.00 21.41 22.45 0.1207
631.33 317.52 161.30 146.95 0.1185
340.05 165.26 31.35 34.40 0.1184
119.92 194.78 17.48 21.14 0.1175
228.47 101.14 16.83 20.63 0.1163
405.29 98.23 25.36 25.61 0.1151
480.93 224.18 27.30 43.62 0.1148
371.97 83.29 24.83 32.35 0.1146
193.82 222.54 30.52 27.28 0.1145
585.10 223.73 25.55 28.01 0.1142
668.39 125.88 17.87 15.83 0.1142
294.94 52.81 19.16 20.01 0.1124
292.15 122.47 22.43 20.48 0.1111
440.04 91.05 28.80 31.78 0.1098
590.53 307.55 39.39 48.05 0.1095
485.80 4.23 17.15 16.88 0.1086
520.09 275.01 30.06 42.67 0.1065
48.11 150.85 12.93 14.23 0.1058
85.43 127.54 13.57 13.38 0.1057
180.73 288.49 44.53 33.80 0.1056
194.92 125.26 17.60 21.21 0.1050
134.30 248.31 37.25 33.80 0.1035
230.96 32.05 11.74 14.18 0.1013
228.20 164.54 25.63 29.61 0.1006
338.57 99.80 16.91 20.14 0.1002
195.05 32.60 11.52 14.88 0.0990
628.43 256.31 27.58 32.26 0.0989
119.08 223.21 19.11 20.45 0.0984
265.10 124.53 16.92 17.97 0.0984
254.14 183.24 28.51 34.06 0.0984
376.68 29.64 22.54 28.27 0.0980
293.43 149.64 24.81 31.20 0.0979
595.28 100.38 16.70 18.61 0.0977
371.64 269.50 43.20 56.00 0.0967
512.76 377.74 55.81 59.78 0.0967
12.99 149.65 12.64 15.09 0.0959
402.99 357.00 48.13 61.58 0.0954
342.61 68.85 19.03 25.72 0.0947
293.92 73.62 20.06 19.99 0.0936
185.37 262.39 33.90 30.74 0.0929
12.32 73.34 14.13 17.84 0.0926
392.52 245.98 51.41 54.23 0.0906
46.21 75.09 15.15 16.40 0.0903
219.62 268.50 42.18 43.95 0.0900
187.41 242.08 30.93 30.30 0.0897
367.25 382.67 31.53 33.67 0.0892
702.81 69.12 21.00 23.63 0.0882
443.34 0.00 22.78 20.18 0.0878
632.43 67.35 17.83 23.50 0.0875
542.19 305.62 37.81 57.00 0.0857
439.31 248.57 35.51 50.00 0.0845
585.97 33.86 21.83 33.30 0.0836
699.79 150.00 20.03 18.61 0.0828
628.48 174.47 22.61 23.85 0.0823
362.68 288.88 54.30 79.13 0.0814
679.63 306.52 103.97 88.10 0.0813
632.62 32.87 15.80 22.66 0.0810
593.25 346.12 278.51 161.69 0.0800
158.03 33.45 12.31 15.37 0.0800
364.02 361.69 39.86 45.61 0.0795
590.48 173.86 19.86 22.27 0.0789
85.15 33.44 13.88 13.94 0.0789
672.21 245.76 70.44 83.50 0.0788
668.76 102.07 20.30 19.37 0.0788
522.24 337.62 47.28 67.85 0.0778
139.79 282.70 40.92 46.38 0.0777
12.53 54.46 14.60 17.37 0.0776
49.65 127.63 13.44 15.24 0.0774
81.18 187.02 22.53 29.37 0.0770
49.33 56.31 13.23 13.46 0.0768
