29_Students_Schoolkids_Students_Schoolkids_29_451
23
250.65 230.95 422.19 712.26 0.592211
0.00 1103.45 80.77 301.55 0.177571
247.65 42.67 389.53 519.15 0.123327
456.50 1084.49 132.05 311.30 0.116741
0.00 1247.51 48.58 149.86 0.112612
640.42 465.73 141.94 303.83 0.088192
456.92 1091.59 78.22 181.25 0.077603
399.34 1063.32 129.75 311.73 0.074327
488.29 362.44 279.91 556.56 0.069599
332.55 765.54 156.42 276.58 0.064818
423.44 216.03 291.21 490.83 0.064456
437.25 700.91 172.01 361.92 0.064399
775.63 621.83 150.88 181.47 0.063797
0.00 640.84 289.63 714.83 0.063570
0.00 1033.26 164.54 341.59 0.063365
248.17 424.97 230.71 513.15 0.059707
370.87 581.13 324.95 480.04 0.059279
669.93 1056.32 143.11 299.18 0.055164
734.63 1079.10 100.78 231.76 0.053580
850.34 624.10 173.66 224.82 0.053548
689.84 603.60 328.41 586.50 0.052733
368.34 934.58 113.09 240.14 0.052460
780.55 637.49 95.48 114.53 0.050361
