29_Students_Schoolkids_Students_Schoolkids_29_316
163
632.98 189.41 108.99 136.77 0.865367
169.18 137.42 100.56 135.67 0.787071
885.34 100.57 75.85 98.17 0.727535
563.39 112.69 76.99 93.99 0.721491
407.96 0.37 55.81 54.88 0.711697
292.20 130.91 68.62 83.39 0.657196
247.23 21.03 90.42 64.38 0.518551
22.85 132.91 67.10 89.14 0.500440
837.05 16.56 59.76 73.87 0.490263
934.94 1.69 59.14 63.61 0.441825
97.20 3.74 53.05 56.61 0.441703
742.09 3.61 53.80 47.68 0.403368
775.91 97.04 76.16 116.48 0.352489
512.47 0.00 59.57 64.40 0.339031
426.79 183.91 58.66 66.65 0.338183
847.03 226.94 78.38 93.73 0.331514
708.50 3.92 43.45 38.02 0.310482
287.96 18.71 98.48 70.53 0.306304
67.74 134.77 65.61 79.50 0.293465
653.58 1.71 45.02 35.88 0.289367
826.26 99.34 66.08 109.60 0.288969
379.66 6.20 54.89 52.35 0.281727
865.90 16.17 53.05 65.59 0.278540
536.93 1.09 64.73 59.28 0.265599
423.26 210.11 57.52 75.70 0.265222
785.57 9.25 50.46 58.18 0.260402
506.29 214.11 80.98 106.11 0.256362
756.15 107.18 64.52 88.35 0.254157
175.80 22.28 45.12 39.29 0.240884
968.64 80.92 55.36 105.70 0.239721
975.79 614.50 47.12 61.81 0.230771
514.35 36.77 62.70 82.94 0.224765
267.86 62.41 78.55 74.73 0.223520
953.11 24.64 59.26 71.70 0.218672
732.55 355.54 69.01 101.05 0.208397
352.22 13.51 67.72 76.85 0.208200
471.01 1.90 50.05 51.44 0.206314
704.07 52.92 54.27 83.39 0.202265
518.70 71.47 61.52 84.82 0.202051
517.77 152.73 73.51 75.96 0.200760
0.00 82.33 43.95 88.43 0.199138
651.98 7.22 58.22 56.58 0.193318
603.72 0.00 42.65 38.80 0.169755
452.81 130.20 62.63 112.48 0.169552
730.44 144.80 61.32 101.03 0.169546
76.20 255.26 121.84 183.75 0.168409
4.09 54.43 34.90 54.54 0.168011
763.45 33.28 86.11 113.06 0.163255
459.31 20.20 78.56 94.81 0.162898
983.21 529.12 32.77 36.78 0.162553
56.87 1.18 55.77 41.57 0.161667
702.22 91.24 48.95 74.74 0.160964
45.25 331.06 49.45 80.50 0.159891
464.04 240.69 51.11 75.71 0.157541
367.08 431.30 93.15 74.88 0.156576
240.35 55.46 73.95 72.29 0.156018
151.45 119.28 82.24 119.87 0.153071
872.66 427.01 88.84 92.51 0.153053
522.11 430.70 111.02 118.09 0.152052
82.88 141.50 70.46 122.56 0.150208
980.87 544.80 40.46 42.30 0.149729
132.08 40.43 52.34 51.36 0.149352
890.70 375.43 36.05 37.67 0.144702
878.15 392.93 58.80 62.39 0.144160
592.18 5.16 56.95 68.48 0.137748
162.13 27.54 65.64 62.27 0.136331
930.67 576.23 57.03 67.34 0.136035
87.08 85.47 64.05 92.54 0.134678
913.37 461.80 73.57 73.14 0.129471
925.22 556.00 57.49 53.98 0.128242
799.86 174.17 102.10 126.34 0.127076
323.96 439.48 76.14 67.11 0.125284
408.89 133.56 65.57 101.77 0.123466
95.85 224.91 72.22 88.36 0.120711
930.46 631.50 66.10 50.16 0.117654
877.87 469.74 61.09 62.84 0.116810
654.21 39.69 52.60 68.46 0.116664
443.10 426.07 80.68 78.72 0.115872
651.70 160.13 48.91 78.33 0.112004
474.40 342.19 70.01 73.60 0.108590
819.89 517.40 59.40 41.54 0.108217
273.49 429.31 59.15 72.28 0.107795
278.24 228.89 86.12 119.73 0.107177
644.08 69.68 58.14 77.23 0.106940
592.85 57.86 55.73 96.63 0.104299
888.07 564.23 49.31 47.07 0.103913
261.72 282.82 99.63 154.53 0.102968
323.50 586.31 85.84 74.15 0.102347
937.44 340.63 27.91 35.31 0.099525
828.74 467.23 85.69 92.71 0.099019
934.72 375.95 29.32 29.84 0.098240
145.46 294.92 80.43 110.00 0.094615
276.27 204.45 51.75 74.96 0.094585
642.03 112.77 55.11 73.78 0.093912
980.90 299.12 29.64 41.76 0.092632
394.18 74.00 85.28 134.73 0.091969
2.58 427.70 33.58 46.57 0.091641
55.30 50.85 40.06 47.37 0.091151
649.95 365.45 57.69 84.33 0.090779
879.30 496.63 54.29 57.94 0.090509
175.15 89.60 74.01 85.15 0.090224
926.30 307.67 40.09 47.03 0.090067
852.39 362.76 52.77 63.17 0.089544
970.14 270.95 38.89 55.33 0.089529
929.12 437.50 82.07 76.29 0.088811
131.52 66.69 61.30 72.13 0.088811
668.05 154.84 74.05 85.98 0.088621
847.47 324.55 48.20 62.82 0.087123
34.23 243.21 113.27 158.60 0.087017
890.61 332.17 48.47 55.09 0.085389
433.13 589.08 92.67 45.40 0.084784
931.83 263.87 48.72 68.18 0.083524
387.30 359.22 52.47 53.94 0.081826
925.43 503.82 59.85 59.87 0.080963
819.81 556.34 70.79 49.57 0.080766
242.75 312.74 65.74 110.77 0.080076
3.47 256.47 70.25 106.45 0.079886
30.92 184.38 64.53 111.41 0.077431
339.23 624.66 69.14 55.27 0.077161
739.98 363.26 163.52 198.01 0.076230
168.20 238.87 61.39 83.61 0.076179
306.81 231.75 53.24 64.43 0.075444
708.78 413.23 103.86 125.60 0.075258
988.33 335.84 26.23 36.88 0.074375
353.14 194.20 157.78 185.51 0.073674
221.40 354.39 78.75 108.51 0.073016
954.19 484.45 58.12 56.74 0.072882
699.24 376.64 87.75 108.24 0.072612
358.58 48.20 84.91 110.94 0.072538
392.30 262.15 96.76 124.73 0.072445
279.18 334.27 117.54 155.21 0.071015
396.88 361.33 91.01 71.81 0.070882
706.73 332.89 139.17 168.51 0.069670
5.68 0.00 42.02 35.04 0.069238
465.10 259.17 67.60 93.03 0.068910
541.52 505.37 94.88 81.76 0.068599
770.27 533.62 101.58 60.88 0.068391
151.18 351.26 79.39 118.72 0.068010
798.39 239.33 112.07 130.16 0.066666
216.92 212.95 70.43 117.09 0.065945
0.21 200.15 70.07 105.79 0.065576
450.50 562.17 70.56 46.53 0.063343
205.05 448.45 68.85 84.22 0.062711
386.37 319.36 75.46 84.81 0.062251
753.23 461.47 157.60 132.34 0.060628
373.19 166.36 66.55 70.92 0.060207
369.11 94.65 69.01 104.91 0.060028
374.76 203.05 95.10 102.73 0.059916
755.73 315.46 89.11 116.65 0.059597
0.00 390.96 43.73 75.22 0.059537
370.62 350.09 95.49 120.70 0.059308
677.41 458.87 94.34 119.94 0.057918
502.76 523.92 108.00 70.83 0.057705
55.93 438.78 42.90 42.28 0.056973
611.88 227.40 83.73 120.08 0.056777
440.49 347.69 133.45 130.23 0.055184
741.37 506.26 79.37 58.82 0.054056
648.29 513.87 60.22 74.20 0.053806
521.88 355.55 100.13 126.81 0.053509
0.00 489.22 53.74 59.93 0.053323
648.41 435.96 78.66 83.42 0.051648
448.87 494.37 97.12 74.33 0.051019
112.12 409.89 74.24 92.16 0.050698
