56_Voter_peoplevoting_56_459
200
927.94 0.00 80.98 67.34 0.1925
50.58 204.58 80.21 66.99 0.1922
50.63 250.11 80.16 66.94 0.1920
50.58 159.09 80.22 66.98 0.1920
50.50 523.01 80.31 67.05 0.1920
928.13 68.04 80.51 67.20 0.1920
50.54 454.82 80.27 67.01 0.1919
50.66 363.90 80.13 66.91 0.1918
50.63 409.34 80.16 66.97 0.1918
891.66 477.58 80.14 66.94 0.1918
928.11 523.10 80.53 67.08 0.1917
196.55 249.88 80.70 67.34 0.1917
928.14 386.54 80.51 67.20 0.1917
928.14 432.04 80.51 67.20 0.1917
928.14 477.54 80.51 67.20 0.1917
50.66 68.15 80.06 66.89 0.1917
50.29 0.00 80.69 67.15 0.1917
50.70 295.66 80.04 66.86 0.1917
891.66 523.05 80.25 66.96 0.1917
13.59 0.00 80.81 67.12 0.1916
928.18 113.54 80.46 67.19 0.1916
891.62 432.04 80.21 66.99 0.1916
891.60 45.32 80.18 66.93 0.1915
269.68 340.78 80.63 67.44 0.1915
781.47 0.00 81.13 67.35 0.1915
891.31 0.00 80.90 67.22 0.1915
159.96 272.65 80.64 67.33 0.1915
342.61 0.00 81.17 67.36 0.1915
598.55 0.00 81.19 67.36 0.1915
123.24 0.00 81.07 67.31 0.1915
708.28 0.00 81.19 67.36 0.1915
671.67 0.00 81.22 67.37 0.1915
50.66 113.65 80.06 66.93 0.1914
196.55 386.30 80.72 67.48 0.1914
452.30 0.00 81.18 67.32 0.1914
562.07 0.00 81.10 67.34 0.1914
525.45 0.00 81.13 67.35 0.1914
415.73 0.00 81.15 67.34 0.1913
818.02 0.00 81.15 67.34 0.1913
854.59 0.00 81.15 67.34 0.1913
928.18 159.05 80.42 67.17 0.1913
306.26 409.11 80.62 67.37 0.1913
635.12 0.00 81.19 67.35 0.1913
123.33 318.11 80.68 67.36 0.1913
159.87 0.00 81.04 67.32 0.1913
233.11 272.53 80.63 67.44 0.1913
379.18 0.00 81.13 67.35 0.1913
744.90 0.00 81.13 67.35 0.1913
123.33 272.53 80.70 67.44 0.1913
86.62 0.00 81.14 67.33 0.1913
159.97 90.53 80.73 67.45 0.1913
159.98 340.90 80.59 67.29 0.1913
379.40 431.78 80.73 67.45 0.1913
342.83 454.53 80.73 67.45 0.1913
415.86 522.79 80.87 67.54 0.1913
196.47 204.28 80.79 67.44 0.1913
233.04 227.03 80.79 67.44 0.1913
196.54 67.90 80.73 67.33 0.1913
233.11 318.15 80.73 67.33 0.1913
928.20 227.32 80.41 67.17 0.1913
928.20 272.82 80.41 67.17 0.1913
928.20 318.32 80.41 67.17 0.1913
123.41 67.92 80.62 67.29 0.1912
13.94 546.04 79.97 66.66 0.1912
196.47 158.78 80.71 67.51 0.1912
159.97 158.78 80.74 67.52 0.1912
306.25 340.78 80.74 67.52 0.1912
342.82 363.53 80.74 67.52 0.1912
342.82 409.03 80.74 67.52 0.1912
488.88 0.00 81.13 67.34 0.1912
13.81 159.12 80.25 66.95 0.1912
13.81 204.62 80.25 66.95 0.1912
13.75 432.12 80.31 66.95 0.1912
159.91 386.30 80.76 67.48 0.1912
233.12 409.05 80.72 67.48 0.1912
269.63 158.79 80.79 67.50 0.1912
379.34 363.55 80.81 67.50 0.1912
269.45 0.00 81.16 67.34 0.1912
562.26 67.86 80.71 67.36 0.1912
635.33 500.08 80.79 67.47 0.1912
233.05 90.53 80.78 67.53 0.1911
598.76 136.03 80.78 67.53 0.1911
233.05 181.53 80.78 67.53 0.1911
269.62 272.53 80.78 67.53 0.1911
123.33 363.53 80.78 67.53 0.1911
818.20 500.07 80.77 67.46 0.1911
891.65 90.81 80.11 66.92 0.1911
891.65 136.31 80.11 66.92 0.1911
891.65 181.81 80.11 66.92 0.1911
306.03 0.00 81.14 67.34 0.1911
196.59 295.41 80.67 67.32 0.1911
196.33 0.00 81.16 67.33 0.1911
86.82 67.90 80.63 67.31 0.1911
342.76 67.83 80.79 67.47 0.1911
379.33 67.83 80.79 67.47 0.1911
86.82 272.55 80.74 67.44 0.1911
489.05 272.58 80.79 67.47 0.1911
489.05 318.08 80.79 67.47 0.1911
415.91 340.83 80.79 67.47 0.1911
489.05 363.58 80.79 67.47 0.1911
598.76 477.33 80.79 67.47 0.1911
671.91 477.33 80.79 67.47 0.1911
232.87 0.00 81.18 67.33 0.1911
159.87 477.32 80.82 67.49 0.1911
159.96 204.38 80.74 67.43 0.1911
415.91 272.51 80.79 67.54 0.1911
891.64 386.54 80.16 66.97 0.1911
196.63 545.69 80.50 67.27 0.1911
196.53 340.80 80.75 67.43 0.1911
233.00 499.99 80.84 67.56 0.1911
269.58 522.74 80.84 67.56 0.1911
196.47 113.32 80.70 67.39 0.1910
489.04 158.80 80.83 67.52 0.1910
781.67 272.55 80.76 67.51 0.1910
854.82 295.30 80.76 67.51 0.1910
269.62 409.07 80.70 67.39 0.1910
708.47 454.55 80.83 67.52 0.1910
196.47 477.30 80.83 67.52 0.1910
708.47 500.05 80.83 67.52 0.1910
745.04 500.05 80.83 67.52 0.1910
854.75 500.05 80.83 67.52 0.1910
123.32 227.05 80.82 67.50 0.1910
86.83 318.03 80.73 67.45 0.1910
781.57 500.04 80.87 67.54 0.1910
306.14 522.79 80.87 67.54 0.1910
13.75 477.62 80.31 66.93 0.1910
598.71 522.76 80.85 67.55 0.1910
452.49 181.61 80.73 67.41 0.1910
13.83 250.18 80.21 66.88 0.1910
306.21 295.32 80.71 67.43 0.1910
306.25 454.53 80.62 67.52 0.1910
306.25 90.58 80.71 67.42 0.1910
891.68 227.35 80.08 66.89 0.1910
233.11 136.03 80.71 67.52 0.1910
13.77 363.93 80.16 66.88 0.1910
415.97 431.78 80.71 67.52 0.1910
269.62 204.28 80.78 67.52 0.1910
635.33 363.53 80.78 67.52 0.1910
745.08 113.31 80.76 67.45 0.1910
233.11 363.54 80.74 67.52 0.1910
562.22 454.56 80.76 67.45 0.1910
415.91 158.79 80.75 67.49 0.1910
342.77 181.54 80.75 67.49 0.1910
379.34 181.54 80.75 67.49 0.1910
415.91 204.29 80.75 67.49 0.1910
123.32 477.30 80.79 67.47 0.1910
159.91 522.79 80.75 67.49 0.1910
379.57 545.71 80.45 67.31 0.1910
635.39 136.06 80.72 67.45 0.1910
86.83 386.31 80.71 67.49 0.1910
928.41 568.79 79.95 67.12 0.1910
818.25 272.55 80.74 67.42 0.1909
269.63 454.55 80.76 67.48 0.1909
489.10 477.33 80.72 67.44 0.1909
452.53 500.08 80.72 67.44 0.1909
562.19 500.09 80.78 67.46 0.1909
818.17 45.06 80.81 67.47 0.1909
415.89 90.56 80.81 67.47 0.1909
342.74 249.81 80.81 67.47 0.1909
525.60 340.81 80.81 67.47 0.1909
452.46 363.56 80.81 67.47 0.1909
525.60 386.31 80.81 67.47 0.1909
489.03 409.06 80.81 67.47 0.1909
708.49 67.84 80.78 67.46 0.1909
342.77 113.34 80.78 67.46 0.1909
379.34 113.34 80.78 67.46 0.1909
306.20 158.84 80.78 67.46 0.1909
489.06 204.34 80.78 67.46 0.1909
452.49 227.09 80.78 67.46 0.1909
379.34 272.59 80.78 67.46 0.1909
452.49 318.09 80.78 67.46 0.1909
86.74 477.27 80.84 67.52 0.1909
525.63 477.34 80.78 67.46 0.1909
489.06 522.84 80.78 67.46 0.1909
525.62 522.76 80.80 67.54 0.1909
233.36 568.56 80.28 67.47 0.1909
745.10 272.55 80.76 67.49 0.1909
671.98 295.30 80.70 67.50 0.1909
708.49 295.30 80.76 67.49 0.1909
123.35 409.05 80.76 67.49 0.1909
562.34 545.70 80.47 67.25 0.1909
635.48 545.70 80.47 67.25 0.1909
525.59 181.54 80.86 67.52 0.1909
342.82 295.35 80.72 67.41 0.1909
562.16 409.04 80.86 67.52 0.1909
708.45 409.04 80.86 67.52 0.1909
745.02 409.04 80.86 67.52 0.1909
525.59 431.79 80.86 67.52 0.1909
671.88 431.79 80.86 67.52 0.1909
781.59 431.79 80.86 67.52 0.1909
745.02 454.54 80.86 67.52 0.1909
452.48 136.01 80.79 67.54 0.1908
379.34 227.01 80.79 67.54 0.1908
452.48 272.51 80.79 67.54 0.1908
598.69 431.77 80.89 67.55 0.1908
635.26 454.52 80.89 67.55 0.1908
854.69 454.52 80.89 67.55 0.1908
123.34 522.76 80.79 67.54 0.1908
671.91 522.76 80.79 67.54 0.1908
50.83 568.80 79.70 66.99 0.1908
