17_Ceremony_Ceremony_17_1007
114
696.31 453.12 167.80 252.51 0.836996
270.92 286.43 161.98 329.28 0.314799
227.55 362.01 93.25 225.09 0.180049
180.68 412.77 58.86 124.17 0.167901
146.40 437.67 70.20 128.23 0.162834
735.43 743.16 58.46 119.76 0.159403
729.61 808.26 79.93 179.56 0.154768
695.87 626.35 98.03 196.10 0.147550
845.25 738.39 35.21 90.59 0.146580
405.13 12.28 51.24 74.62 0.141876
778.32 749.58 65.93 147.48 0.140595
228.84 708.23 186.76 716.85 0.133923
833.95 666.67 45.79 123.33 0.133057
266.07 198.69 111.57 236.97 0.132832
158.67 483.36 71.96 146.56 0.132239
147.84 543.07 55.03 116.78 0.131603
765.80 812.77 62.23 146.99 0.131365
199.34 187.45 129.44 265.68 0.130531
648.49 829.92 60.90 132.00 0.125732
48.24 70.70 272.20 420.08 0.124324
881.59 676.51 42.19 116.62 0.124170
240.01 101.93 107.48 194.35 0.122785
885.75 727.24 38.03 110.65 0.121232
324.80 683.19 225.76 684.67 0.118630
704.23 793.18 72.30 183.01 0.115320
141.28 295.40 133.79 285.29 0.114935
642.29 1073.55 49.29 95.91 0.114911
698.23 729.06 72.47 147.58 0.110053
254.35 405.39 127.96 225.24 0.109436
326.32 241.65 108.22 257.27 0.109366
738.99 1302.10 66.73 105.62 0.109107
616.97 827.46 62.61 100.84 0.105763
918.89 840.90 105.11 307.36 0.103158
877.69 865.84 94.85 196.79 0.098113
854.26 585.36 66.70 134.23 0.097365
713.66 914.78 80.55 180.02 0.097106
373.77 6.89 53.75 74.21 0.095922
618.02 1070.34 55.59 107.15 0.094709
844.49 905.53 37.07 76.19 0.094292
437.44 677.76 87.47 194.59 0.093758
987.10 763.61 29.95 92.02 0.092602
502.71 688.16 52.46 141.72 0.091838
677.11 1292.37 73.15 103.99 0.089987
460.23 9.36 56.86 78.48 0.088631
211.80 566.25 139.70 210.75 0.088254
249.26 951.87 108.04 401.15 0.087456
312.34 109.22 101.92 229.63 0.086992
842.53 538.01 74.86 119.51 0.086846
340.44 64.97 179.20 322.60 0.086673
937.17 770.08 32.83 90.99 0.085801
390.12 611.37 121.84 299.91 0.085310
397.92 29.43 81.32 158.32 0.084953
887.45 809.16 50.86 152.56 0.083074
104.40 477.91 80.45 121.59 0.081662
981.06 609.07 36.75 99.91 0.081385
718.11 1027.71 79.10 163.47 0.078724
124.60 55.50 224.52 244.52 0.078488
934.60 793.70 65.26 193.71 0.077486
0.00 27.94 39.75 151.34 0.077420
849.72 839.48 41.92 94.08 0.076213
938.46 619.03 35.97 83.36 0.076181
128.78 526.75 104.28 196.29 0.075469
963.58 810.49 60.42 228.78 0.075311
682.27 1268.74 57.63 74.90 0.074577
615.79 776.69 59.51 111.30 0.074542
784.88 1015.23 58.84 134.19 0.073739
445.99 831.96 103.69 436.33 0.073331
655.70 1268.04 35.81 54.51 0.073100
99.43 357.52 112.81 204.16 0.072880
461.18 677.89 99.75 280.33 0.071874
565.14 1334.16 28.45 51.45 0.070408
935.97 660.47 38.71 103.87 0.069510
731.80 1265.08 61.26 100.17 0.069447
764.40 916.73 71.68 165.93 0.068835
387.55 168.14 212.16 458.97 0.068641
979.36 656.51 36.10 108.16 0.068548
897.26 1178.07 63.72 104.20 0.068538
641.50 772.52 62.75 116.49 0.068044
940.70 547.37 44.89 101.63 0.066916
455.38 632.23 65.44 154.76 0.066025
881.88 942.99 112.67 202.31 0.064715
0.00 0.00 133.31 278.40 0.063545
779.19 1267.97 67.30 98.03 0.063306
640.18 945.33 58.20 127.47 0.062742
490.89 9.52 59.23 84.95 0.062586
227.72 584.38 159.47 342.87 0.062409
613.67 970.30 61.90 139.25 0.062336
640.96 499.12 94.82 224.24 0.061343
564.44 807.33 36.72 103.56 0.060609
831.67 916.63 84.36 163.60 0.059126
145.09 679.53 61.41 118.17 0.058792
135.05 764.57 47.22 89.15 0.058042
44.16 557.54 42.11 71.92 0.057125
615.41 13.19 84.56 170.27 0.056798
584.57 464.39 106.78 281.77 0.056774
892.31 1017.07 84.94 192.72 0.056412
546.39 679.44 50.08 124.58 0.055573
608.83 659.43 82.09 187.84 0.055511
650.17 1198.73 47.10 67.52 0.055350
650.75 1300.09 50.53 77.53 0.054832
13.93 630.20 75.52 259.34 0.054615
296.70 474.69 122.03 235.35 0.054327
554.51 745.20 42.84 102.21 0.053936
78.86 714.37 96.81 227.51 0.053790
351.97 418.13 105.78 225.12 0.053586
650.82 658.09 81.35 179.72 0.053203
618.13 1185.90 58.22 71.90 0.053064
737.98 1272.78 97.13 189.40 0.052681
835.87 1008.03 88.28 125.14 0.052581
168.57 3.89 168.22 176.82 0.052052
473.64 21.01 89.07 162.76 0.051432
559.72 1393.06 47.70 78.30 0.050851
613.41 1244.39 62.15 73.35 0.050460
500.67 1306.94 46.75 99.92 0.050237
