17_Ceremony_Ceremony_17_944
204
855.68 503.18 31.00 41.06 0.374952
862.77 595.04 51.97 77.72 0.356819
439.71 32.40 115.52 58.83 0.355363
960.99 559.35 52.87 68.84 0.306170
787.13 496.86 32.86 45.14 0.273950
45.52 548.03 37.76 32.32 0.272588
789.20 575.88 49.77 53.24 0.265021
844.11 576.74 50.88 70.45 0.257138
943.29 511.21 21.39 28.54 0.237414
700.28 211.21 42.86 80.32 0.237151
510.24 244.58 35.73 45.73 0.233681
738.04 416.23 51.47 60.97 0.231253
945.24 576.30 53.14 66.20 0.223761
236.97 515.50 30.66 29.51 0.221092
227.11 185.26 62.72 82.83 0.213602
892.84 542.13 27.11 34.91 0.211978
518.29 404.34 26.34 37.06 0.211060
146.36 477.46 49.51 43.90 0.208446
624.10 429.45 30.98 42.78 0.207106
100.27 521.07 26.57 21.77 0.205177
753.32 552.96 26.28 23.06 0.201013
194.63 511.52 31.08 33.88 0.200428
182.73 474.05 43.51 44.25 0.199822
46.18 564.95 35.70 31.78 0.192707
841.85 654.66 52.93 49.34 0.189822
658.99 516.89 36.32 34.47 0.188342
840.93 522.99 43.26 56.69 0.185402
887.89 503.57 26.52 37.10 0.184288
703.85 545.37 29.60 29.24 0.184258
268.99 188.65 73.18 100.18 0.183193
10.43 542.77 28.89 28.50 0.182362
971.43 604.45 49.85 83.01 0.181853
242.86 429.82 41.26 50.95 0.181640
150.51 503.06 41.37 35.31 0.177789
802.22 547.36 26.66 29.89 0.175092
757.61 497.33 39.48 46.88 0.173507
980.98 653.26 42.57 50.74 0.172151
10.95 520.52 24.05 19.95 0.169570
939.87 620.33 62.24 62.65 0.169150
283.38 510.93 37.23 36.04 0.168846
98.46 542.50 27.94 28.51 0.167707
943.40 540.58 47.86 57.59 0.165856
199.80 542.77 26.04 25.99 0.164568
235.50 475.72 45.87 55.56 0.164534
885.37 485.98 29.88 37.92 0.163019
748.36 473.68 38.72 48.29 0.161079
714.97 175.84 76.72 123.90 0.156612
52.93 522.60 28.83 20.06 0.156138
989.19 517.46 23.67 29.32 0.155166
147.50 547.46 28.21 25.90 0.153060
473.89 440.96 26.43 37.06 0.151252
141.98 569.95 41.75 48.59 0.147530
700.47 613.73 40.76 34.87 0.145609
702.16 513.55 35.12 45.73 0.141663
788.34 606.47 71.70 66.23 0.139766
661.93 540.06 35.01 34.94 0.138824
738.53 563.68 57.74 58.83 0.137451
283.63 475.13 38.29 49.62 0.136078
800.93 668.88 50.55 35.12 0.135937
237.39 537.56 28.17 29.49 0.135894
313.12 496.48 46.56 45.46 0.133442
195.10 579.52 37.98 39.81 0.132914
145.76 595.65 36.21 40.42 0.132584
711.94 473.87 33.13 39.44 0.130476
148.76 251.22 29.94 35.03 0.127849
433.89 446.36 21.10 31.66 0.127244
527.49 474.49 29.72 37.30 0.126284
556.65 249.12 42.18 45.78 0.126124
932.96 483.45 37.40 47.16 0.125633
280.93 415.05 37.30 44.96 0.125118
387.54 452.59 27.54 34.72 0.124207
105.77 567.34 39.69 37.95 0.124030
744.51 603.67 64.16 57.56 0.123468
938.28 652.30 54.11 46.75 0.122717
802.73 448.09 29.57 45.21 0.122711
475.29 471.85 26.49 32.92 0.121504
556.86 508.21 33.22 34.89 0.121402
511.42 264.55 39.55 76.38 0.121154
748.39 662.74 43.50 34.76 0.120901
426.19 29.12 242.05 117.91 0.118685
709.92 407.23 51.26 62.16 0.117072
564.82 483.43 27.30 31.02 0.116774
336.42 412.25 24.51 40.43 0.115944
645.26 422.56 36.72 52.75 0.114765
930.52 437.15 41.61 59.76 0.113865
431.28 414.19 27.48 37.26 0.113457
794.76 411.07 49.74 75.61 0.113122
838.80 443.43 32.94 45.82 0.111387
519.70 315.72 26.30 43.20 0.110798
751.94 175.60 72.11 106.00 0.110433
192.46 592.47 45.48 49.62 0.110278
529.19 509.71 35.95 37.51 0.109651
277.44 437.57 38.88 47.98 0.107338
663.27 487.25 25.32 29.17 0.107217
98.90 249.66 40.60 43.52 0.107183
384.57 468.37 35.38 38.87 0.106464
431.03 471.44 24.74 32.46 0.102261
882.52 404.12 76.68 105.64 0.101508
881.42 228.19 41.81 48.42 0.101148
571.43 451.97 20.46 24.40 0.099747
841.45 223.70 37.34 47.64 0.099662
322.35 443.27 36.19 43.68 0.099074
222.03 220.13 55.19 72.23 0.098431
818.09 403.38 63.70 89.29 0.098159
472.44 180.57 109.42 144.64 0.097659
521.66 442.75 29.98 43.23 0.097602
184.11 231.33 52.93 55.61 0.097377
102.24 221.97 37.45 36.10 0.096319
695.77 571.65 55.83 45.08 0.094561
7.81 569.59 33.76 32.59 0.092266
896.25 441.02 38.03 60.05 0.092265
556.89 541.23 37.08 35.55 0.092164
282.88 534.32 34.53 34.63 0.092007
480.94 236.27 55.07 59.42 0.091804
431.26 389.28 18.10 29.15 0.091630
61.07 229.71 19.92 18.95 0.091610
144.07 230.53 33.16 33.33 0.091132
521.05 333.35 24.36 44.28 0.091034
618.65 516.30 28.71 31.12 0.090114
682.22 146.69 89.37 137.38 0.089915
6.04 484.93 23.13 27.44 0.088803
221.43 578.81 48.28 45.44 0.088309
617.73 473.00 28.67 38.88 0.087188
100.36 285.75 32.81 35.16 0.086966
925.85 372.31 53.21 115.07 0.086449
621.30 543.74 28.00 29.45 0.085750
801.35 356.05 97.66 158.20 0.085152
144.99 278.43 32.67 35.24 0.084014
623.23 154.33 131.30 171.20 0.083832
882.54 247.91 44.60 51.46 0.083002
449.66 134.16 271.66 201.39 0.082155
104.11 486.84 32.20 26.27 0.080794
328.34 382.45 35.08 60.39 0.080340
662.71 558.32 52.33 46.22 0.079540
190.33 183.67 70.10 85.32 0.078655
88.56 393.18 73.73 84.42 0.078622
480.43 390.33 20.83 26.45 0.078435
167.94 401.96 91.31 123.41 0.078313
617.98 581.20 25.95 22.94 0.078262
256.48 154.98 77.79 89.17 0.076661
984.14 480.66 28.41 41.12 0.076209
523.21 536.33 39.82 36.14 0.074624
95.50 200.18 49.04 42.24 0.074447
53.37 294.27 27.55 27.22 0.074192
702.80 658.94 51.32 39.71 0.073941
58.92 612.20 28.60 24.54 0.073818
384.10 417.70 26.62 40.48 0.073141
158.92 583.58 87.68 98.45 0.072668
40.97 312.74 43.24 37.63 0.072406
379.88 513.12 37.81 41.47 0.071512
425.52 518.11 31.64 33.32 0.071270
84.80 320.72 39.72 28.77 0.070800
663.61 230.05 60.99 66.24 0.070354
692.49 617.22 61.87 49.68 0.070247
359.33 11.47 307.82 357.64 0.069365
474.16 501.01 36.60 41.76 0.069000
7.54 328.19 39.01 36.16 0.068206
118.84 387.80 95.14 124.78 0.067460
327.17 539.68 36.75 31.83 0.066869
63.64 489.14 29.73 17.69 0.066408
534.65 199.15 100.17 98.60 0.064526
107.94 597.99 42.33 40.76 0.063912
652.43 385.14 36.38 60.94 0.062891
554.99 570.38 35.99 29.59 0.061627
11.22 187.41 29.48 29.71 0.061448
277.17 142.07 92.24 123.07 0.061304
292.84 382.23 38.50 53.98 0.061271
19.41 2.15 104.11 115.95 0.060965
210.28 591.62 64.37 54.80 0.059889
930.64 202.14 57.30 66.19 0.059315
373.27 20.79 85.04 53.45 0.059279
5.09 444.28 24.73 45.42 0.059245
101.82 446.00 38.80 39.27 0.059001
63.02 260.55 24.99 23.83 0.058665
879.34 179.65 58.34 87.99 0.058363
244.18 388.48 43.35 75.25 0.058188
581.85 204.18 86.53 94.76 0.057844
430.26 210.22 67.87 62.99 0.057412
877.32 262.53 63.62 67.62 0.057207
664.48 603.28 70.11 63.81 0.056780
977.72 268.24 43.82 57.05 0.056584
813.65 139.60 68.06 140.31 0.055211
832.52 8.86 110.44 113.74 0.055146
705.93 312.67 36.84 50.48 0.054666
705.69 331.30 90.18 99.19 0.054162
131.82 188.02 62.56 67.11 0.054138
5.11 605.31 27.61 25.64 0.054100
50.93 200.96 29.60 25.78 0.053923
296.27 340.71 37.79 54.71 0.053861
930.93 268.88 68.33 74.66 0.053702
358.42 47.51 135.85 70.74 0.053160
839.40 233.76 56.09 59.02 0.052729
464.31 287.12 65.13 103.37 0.052637
608.43 250.47 43.24 46.93 0.052547
586.36 651.13 67.13 50.43 0.052236
368.79 2.49 73.20 45.26 0.051923
433.84 245.76 49.12 49.61 0.051178
44.68 339.50 39.96 33.15 0.050980
392.13 87.70 197.98 199.72 0.050808
210.22 246.13 66.06 73.25 0.050780
470.70 241.01 74.15 112.87 0.050744
798.31 0.00 164.28 193.73 0.050559
259.39 571.20 69.03 58.37 0.050492
3.53 0.00 42.22 39.23 0.050314
