41_Swimming_Swimmer_41_927
112
524.29 108.22 187.25 214.67 0.8148
485.37 3.79 19.13 21.23 0.3251
545.68 123.11 87.95 65.35 0.3163
414.97 27.17 16.56 19.78 0.2123
483.92 48.75 26.25 42.95 0.1826
448.40 23.56 18.05 23.86 0.1734
414.36 51.43 19.34 26.60 0.1734
375.17 198.89 21.62 26.09 0.1649
480.22 55.37 42.02 59.00 0.1622
372.95 52.77 17.84 22.79 0.1607
369.69 73.27 22.06 24.90 0.1599
375.38 0.80 18.31 18.45 0.1500
335.24 203.68 21.99 21.90 0.1465
511.12 26.63 25.87 34.92 0.1458
267.23 224.37 28.48 31.69 0.1433
333.45 222.70 23.41 25.04 0.1418
301.13 104.35 18.82 21.01 0.1386
334.72 53.85 18.31 23.50 0.1384
337.57 71.71 19.80 24.62 0.1360
412.59 4.65 19.94 20.64 0.1303
448.85 138.01 32.87 39.00 0.1303
444.57 46.61 22.80 33.46 0.1290
338.27 30.34 13.49 17.69 0.1252
291.95 227.59 29.15 30.72 0.1218
374.64 177.86 24.49 30.65 0.1210
403.69 169.32 27.64 34.33 0.1201
368.19 249.19 26.40 25.48 0.1196
445.05 3.24 21.94 22.83 0.1147
381.41 426.65 110.59 147.78 0.1139
376.01 30.36 15.02 21.12 0.1135
595.56 250.86 113.37 133.95 0.1133
298.77 3.24 20.12 21.49 0.1114
516.16 1.15 22.45 24.86 0.1091
359.75 520.92 79.50 58.18 0.1074
446.01 53.72 35.67 48.80 0.1063
513.53 154.04 109.50 111.24 0.1039
298.86 195.40 22.57 24.32 0.1006
297.89 178.54 24.88 28.38 0.0984
399.25 193.10 35.23 44.46 0.0984
305.03 50.61 17.75 20.69 0.0978
304.58 23.77 16.50 22.91 0.0974
263.32 78.08 18.98 22.45 0.0967
264.45 196.83 26.59 28.90 0.0962
399.73 208.57 38.68 52.06 0.0952
372.12 219.75 25.86 31.67 0.0952
332.87 176.27 25.06 27.93 0.0946
331.77 249.81 27.67 29.70 0.0941
887.14 269.44 21.88 28.95 0.0936
337.29 0.18 18.28 19.59 0.0920
296.11 119.74 24.65 29.84 0.0917
503.32 142.01 66.24 93.32 0.0917
335.05 96.94 24.16 27.75 0.0888
442.22 120.80 50.56 63.41 0.0880
267.96 239.49 42.73 35.54 0.0878
532.01 30.98 79.76 97.61 0.0876
263.93 176.19 27.89 29.95 0.0876
405.90 120.35 28.63 38.11 0.0870
296.49 140.74 26.28 32.38 0.0869
475.04 180.58 45.13 55.71 0.0866
328.51 261.73 35.90 42.31 0.0861
483.74 62.28 60.45 77.16 0.0858
408.17 58.35 26.37 38.13 0.0849
403.81 147.73 29.55 37.35 0.0843
358.70 261.29 38.40 42.89 0.0823
46.62 261.24 168.55 127.53 0.0810
319.76 272.71 70.28 91.89 0.0802
432.00 219.93 44.13 51.29 0.0801
948.49 548.25 30.37 26.96 0.0791
262.01 255.55 58.60 51.69 0.0778
445.42 151.42 38.34 47.74 0.0775
182.08 245.36 38.15 32.38 0.0733
434.35 191.26 42.12 48.78 0.0732
852.63 484.47 69.41 77.47 0.0720
130.15 237.81 50.77 38.01 0.0708
470.29 147.09 51.39 63.48 0.0707
653.55 311.10 88.69 130.70 0.0706
594.68 169.69 134.30 142.52 0.0693
152.17 187.61 75.66 68.46 0.0687
678.25 344.21 118.16 148.13 0.0686
115.05 255.62 79.68 53.34 0.0684
302.33 74.59 21.59 25.24 0.0682
439.46 89.02 58.62 60.25 0.0656
0.00 54.50 251.24 216.78 0.0655
490.28 85.48 69.64 88.38 0.0654
263.20 94.22 23.51 28.52 0.0652
329.61 146.05 28.45 31.42 0.0648
361.34 83.08 32.10 41.16 0.0637
409.80 100.34 25.03 30.15 0.0628
460.79 91.61 66.42 85.26 0.0615
330.20 115.59 31.11 37.23 0.0615
858.18 541.47 56.56 47.07 0.0613
185.68 297.42 71.23 62.02 0.0593
3.61 246.77 30.06 26.99 0.0585
870.08 0.00 52.79 30.59 0.0581
273.12 262.52 89.58 104.65 0.0577
250.50 265.73 78.93 75.00 0.0560
337.60 512.45 56.98 60.39 0.0557
127.28 218.10 66.21 44.44 0.0552
185.39 261.92 61.40 46.07 0.0551
200.96 202.96 59.28 54.80 0.0547
506.96 121.07 56.98 68.71 0.0533
490.12 490.93 184.77 100.91 0.0533
369.35 144.22 34.00 39.45 0.0532
264.35 52.31 20.11 25.53 0.0531
188.24 169.40 73.19 69.45 0.0531
215.96 244.18 40.30 36.93 0.0527
524.70 211.31 148.44 120.39 0.0527
264.63 143.92 31.61 31.51 0.0526
511.94 545.98 144.60 79.10 0.0518
920.59 544.02 34.55 34.78 0.0518
834.59 249.25 48.78 54.36 0.0502
116.24 451.73 25.52 28.26 0.0500
