41_Swimming_Swimmer_41_831
42
464.79 136.91 185.05 239.63 0.9348
704.24 507.07 74.16 261.84 0.1638
707.99 323.31 105.94 418.11 0.1393
717.46 300.29 85.12 201.23 0.1277
435.74 464.76 301.80 648.67 0.1246
814.18 306.00 74.18 135.61 0.1158
375.96 1329.85 12.92 28.74 0.1136
714.97 1357.02 53.11 162.42 0.1042
678.69 346.00 72.06 175.33 0.1024
968.20 1377.10 55.80 150.37 0.1019
452.65 1331.40 11.31 23.90 0.0994
258.58 226.18 116.35 151.29 0.0968
704.82 1072.41 72.42 159.52 0.0943
145.26 436.76 75.10 92.63 0.0864
0.00 1420.65 52.29 115.35 0.0861
837.47 52.18 46.48 68.78 0.0827
0.00 301.15 42.84 245.85 0.0821
809.76 1120.00 72.95 159.15 0.0786
749.52 1020.83 112.88 243.42 0.0747
0.00 831.36 42.91 148.51 0.0744
710.17 861.34 59.83 90.29 0.0729
608.61 860.00 110.51 112.13 0.0697
134.09 949.31 84.85 139.03 0.0692
791.08 340.16 110.18 243.45 0.0682
362.67 250.91 72.58 165.76 0.0655
850.49 346.76 63.59 98.09 0.0641
221.87 142.61 130.17 214.05 0.0633
821.75 728.28 69.19 135.35 0.0629
242.76 292.66 73.60 114.82 0.0619
810.17 55.79 58.00 105.45 0.0618
333.02 1323.85 21.65 42.82 0.0597
651.21 318.63 74.33 163.21 0.0587
371.86 1369.71 17.85 40.93 0.0566
256.33 1260.39 40.18 107.47 0.0564
414.68 1331.52 12.16 27.28 0.0550
0.00 672.95 50.86 242.89 0.0543
534.23 670.68 205.77 324.49 0.0535
744.62 717.46 109.92 223.58 0.0535
704.07 751.68 77.27 171.25 0.0535
726.18 1260.60 35.07 84.54 0.0525
766.98 506.33 78.92 215.33 0.0516
864.90 403.67 58.95 153.24 0.0510
