14_Traffic_Traffic_14_840
38
589.29 259.95 434.71 208.44 0.8849
116.03 251.66 422.32 229.83 0.7526
438.54 256.49 362.78 300.51 0.7152
604.75 165.75 419.25 189.89 0.6732
64.85 267.95 82.89 289.05 0.6705
352.66 209.18 388.09 195.45 0.6656
124.06 256.79 112.60 300.21 0.6596
68.30 213.57 73.58 192.83 0.5829
24.15 252.37 31.18 222.75 0.5720
32.33 219.00 16.97 178.03 0.5255
149.02 217.23 210.29 190.17 0.5171
132.02 210.47 97.18 199.74 0.4906
346.88 133.39 402.03 140.27 0.2997
139.73 332.19 229.98 224.81 0.2832
19.90 164.76 40.69 182.06 0.2658
590.21 334.56 356.33 222.44 0.2592
303.01 292.46 344.33 264.54 0.2424
225.50 163.30 356.34 192.44 0.2145
10.28 278.95 52.67 278.05 0.2066
25.31 324.34 18.93 232.66 0.1923
564.63 132.58 402.99 140.13 0.1698
174.95 87.99 455.47 108.46 0.1535
36.48 314.76 2.65 242.24 0.1178
575.08 85.18 448.92 110.58 0.1167
142.00 121.97 376.76 150.18 0.0934
27.60 125.13 19.37 150.41 0.0908
563.51 36.62 460.49 111.69 0.0595
390.10 94.97 466.01 106.96 0.0573
145.88 87.78 223.75 96.10 0.0532
197.45 123.76 116.41 143.28 0.0521
110.39 132.72 144.29 139.67 0.0448
60.02 127.66 94.58 150.83 0.0426
154.13 174.82 61.53 171.28 0.0392
0.19 92.54 76.08 97.78 0.0320
100.71 68.47 176.58 140.42 0.0303
30.69 136.20 1.02 132.42 0.0302
107.53 59.60 289.95 72.30 0.0252
173.93 43.56 451.74 104.75 0.0206
