33_Running_Running_33_286
27
493.58 288.59 39.65 86.70 0.4093
558.75 389.60 24.60 48.72 0.1886
492.52 467.10 56.72 80.49 0.1355
552.00 391.06 40.49 80.24 0.1334
409.28 384.76 36.30 47.33 0.1310
375.93 461.99 25.13 41.46 0.1267
446.15 364.94 62.20 64.30 0.1197
494.40 340.01 44.62 88.72 0.1192
473.31 320.20 47.14 101.65 0.1103
476.65 426.10 131.21 203.02 0.1025
443.89 442.61 75.94 113.67 0.1018
485.81 397.75 65.64 125.68 0.0894
409.20 498.29 33.20 47.36 0.0801
517.97 417.89 81.64 139.21 0.0759
407.36 407.96 34.43 55.38 0.0741
999.84 580.14 18.20 48.92 0.0685
495.71 602.16 62.35 132.21 0.0678
451.14 297.35 80.98 92.86 0.0657
559.40 369.68 68.79 151.77 0.0651
464.87 609.25 56.79 136.76 0.0631
401.56 458.81 40.41 67.55 0.0588
997.39 606.36 18.75 48.60 0.0568
884.65 581.94 33.79 54.07 0.0561
422.77 665.27 111.17 305.41 0.0556
584.30 374.46 52.09 93.35 0.0540
796.41 459.93 45.78 47.88 0.0504
374.19 434.47 29.78 52.69 0.0501
