33_Running_Running_33_411
56
507.84 25.09 40.88 52.13 0.3068
569.77 140.83 58.86 90.21 0.1737
580.54 254.85 30.41 33.66 0.1556
635.54 392.17 49.74 57.77 0.1512
442.34 75.14 24.76 28.75 0.1474
507.99 104.03 126.66 152.11 0.1280
503.18 45.11 47.08 58.42 0.1210
470.97 85.65 38.15 46.21 0.1101
543.28 222.71 67.53 78.13 0.1046
552.89 248.03 43.74 44.65 0.1045
612.54 368.20 47.88 65.17 0.1031
583.21 160.47 71.19 86.71 0.0993
578.56 34.86 48.96 53.28 0.0990
619.63 2.17 33.36 35.62 0.0990
475.41 62.91 50.43 60.58 0.0979
615.30 41.60 84.77 72.99 0.0975
517.16 32.72 65.99 79.08 0.0970
586.33 19.55 31.33 31.07 0.0966
672.98 410.88 59.75 71.77 0.0956
303.00 407.07 114.98 82.89 0.0881
572.33 100.92 75.28 94.35 0.0864
511.53 0.52 38.41 46.93 0.0847
550.92 277.81 58.01 57.96 0.0832
566.01 295.64 55.24 76.95 0.0787
500.30 189.42 96.90 108.91 0.0777
577.41 36.21 86.99 73.51 0.0755
736.70 411.41 76.82 58.04 0.0753
600.39 190.99 61.88 73.29 0.0733
547.52 0.00 28.09 24.68 0.0693
590.86 335.35 62.71 95.95 0.0692
641.03 201.80 146.33 155.22 0.0665
589.92 3.26 25.96 25.37 0.0664
700.34 68.29 128.22 129.68 0.0659
643.03 109.87 97.53 90.00 0.0650
396.47 422.23 82.73 74.52 0.0621
621.85 51.48 114.59 106.17 0.0618
895.41 165.30 53.88 65.92 0.0617
490.65 69.13 54.90 66.90 0.0597
674.79 210.04 196.50 190.37 0.0580
484.07 86.26 83.20 99.35 0.0580
618.29 265.84 63.69 69.72 0.0579
634.70 1.30 103.70 75.49 0.0570
443.91 78.13 35.75 46.98 0.0570
414.19 80.70 29.46 34.15 0.0561
275.06 214.61 123.90 105.49 0.0560
478.16 0.00 47.08 33.46 0.0557
522.78 53.97 74.12 107.21 0.0545
342.70 102.17 82.45 65.56 0.0528
755.65 402.86 137.66 87.30 0.0523
630.99 179.50 77.54 70.90 0.0516
489.63 388.07 165.62 114.15 0.0515
440.13 431.90 135.55 80.65 0.0511
844.65 243.09 96.92 76.89 0.0508
638.64 38.30 158.16 89.77 0.0505
604.50 303.78 53.27 73.74 0.0503
709.04 160.32 240.31 195.53 0.0500
