56_Voter_peoplevoting_56_122
30
612.49 51.85 411.51 95.42 0.7832
504.99 24.23 371.32 36.56 0.6667
617.77 83.64 406.23 127.96 0.6585
611.08 9.83 412.92 47.08 0.6504
131.32 83.69 388.12 151.85 0.6063
200.27 16.60 394.68 38.03 0.5093
147.31 8.71 192.78 37.89 0.4849
136.02 49.40 202.14 102.23 0.4780
11.94 10.14 50.05 49.70 0.4347
96.34 87.05 183.38 156.49 0.3787
502.01 38.91 373.00 84.07 0.3461
206.20 44.66 378.00 88.27 0.3444
53.74 84.48 129.85 148.60 0.3408
437.33 83.52 364.14 134.32 0.3407
377.88 16.02 360.11 35.67 0.3369
14.30 33.44 42.74 110.77 0.3264
57.95 46.88 93.73 102.71 0.2460
54.71 5.84 89.76 39.27 0.2328
465.60 116.32 452.88 181.11 0.2158
620.27 334.31 403.73 296.69 0.1667
298.20 95.00 349.31 128.75 0.1470
162.89 10.83 346.66 24.96 0.1019
597.21 130.46 426.79 292.29 0.0839
14.39 71.53 51.90 154.87 0.0717
115.55 6.41 152.03 29.53 0.0678
63.71 121.47 212.28 284.90 0.0515
97.49 51.56 153.79 76.24 0.0430
13.19 372.32 50.17 258.68 0.0427
144.72 131.96 246.83 282.57 0.0382
137.44 380.54 266.15 250.46 0.0318
