56_Voter_peoplevoting_56_558
18
101.10 365.79 143.44 317.21 0.7775
613.85 296.41 410.15 302.20 0.7654
622.33 112.58 401.67 123.62 0.7005
506.25 419.14 362.02 263.86 0.6249
46.79 359.65 101.26 323.35 0.5957
19.27 363.84 55.88 319.16 0.5206
390.93 128.36 313.99 175.51 0.4908
600.42 66.04 423.58 96.84 0.4325
518.98 135.83 339.92 103.89 0.4154
163.15 369.15 203.82 313.85 0.3736
380.35 271.69 336.75 342.73 0.1800
643.00 179.83 381.00 214.49 0.1241
215.86 335.87 364.44 347.13 0.1212
248.73 130.82 310.66 126.89 0.0802
153.77 105.22 211.43 144.89 0.0660
423.18 157.27 396.45 269.90 0.0582
618.72 17.54 405.28 53.85 0.0475
415.59 420.40 269.96 262.60 0.0279
