37_Soccer_Soccer_37_415
128
624.92 241.27 63.34 70.44 0.3256
904.74 243.30 52.98 77.16 0.3020
260.61 185.01 27.98 48.77 0.2379
141.44 95.21 28.17 35.44 0.2071
204.29 430.19 44.87 67.26 0.2040
228.93 88.39 16.73 19.67 0.1899
78.33 229.69 39.34 60.95 0.1834
558.72 406.48 64.10 83.34 0.1750
832.08 238.55 59.93 92.41 0.1725
194.29 83.88 21.74 22.64 0.1708
402.82 103.68 29.15 36.13 0.1669
94.90 206.83 92.73 164.35 0.1654
548.66 32.92 36.34 47.49 0.1643
583.06 220.48 76.68 102.28 0.1627
119.49 85.29 34.72 43.80 0.1612
905.45 607.39 71.17 65.98 0.1563
257.25 195.64 36.59 78.60 0.1548
227.71 104.28 20.38 26.93 0.1495
268.06 89.16 21.12 20.11 0.1454
509.37 507.26 66.63 92.19 0.1425
767.15 390.86 58.68 74.31 0.1421
264.95 103.75 28.06 29.09 0.1361
403.23 87.88 26.08 30.03 0.1334
538.46 363.91 49.07 59.53 0.1321
85.23 86.10 22.82 34.19 0.1302
299.60 89.44 16.55 17.75 0.1238
179.48 467.23 35.88 51.77 0.1218
841.74 248.51 111.01 118.94 0.1214
187.02 108.46 30.17 32.84 0.1203
512.05 40.30 44.48 52.30 0.1181
139.80 522.06 32.99 48.95 0.1180
290.34 106.64 26.58 28.42 0.1113
769.03 30.06 28.13 33.09 0.1110
339.17 86.76 23.46 22.02 0.1084
32.32 90.08 41.79 47.34 0.1054
503.31 356.34 62.15 71.57 0.1049
140.46 208.48 87.49 157.32 0.1031
787.06 386.56 87.07 85.45 0.1024
340.53 62.53 18.19 15.36 0.1023
186.62 129.06 36.53 37.04 0.1019
486.71 42.91 29.39 37.12 0.1011
880.65 104.27 22.12 28.11 0.0987
365.37 569.12 38.38 40.93 0.0971
69.21 194.51 39.55 50.59 0.0954
876.33 215.76 48.33 97.37 0.0931
282.31 324.90 38.99 50.55 0.0913
114.97 137.68 32.71 28.33 0.0899
845.04 210.25 48.71 87.07 0.0896
822.43 412.84 60.86 56.94 0.0893
367.80 85.29 24.64 31.21 0.0887
762.56 372.47 198.00 180.08 0.0884
265.96 173.07 22.38 39.18 0.0882
230.22 61.77 18.27 21.56 0.0880
42.44 61.42 27.90 31.36 0.0873
537.93 189.05 56.59 90.25 0.0847
117.06 32.16 22.06 19.35 0.0838
224.15 192.72 66.44 105.93 0.0836
485.91 372.84 106.13 129.19 0.0813
155.47 487.60 34.52 46.00 0.0807
110.27 150.60 43.93 49.90 0.0804
555.13 585.12 144.65 89.44 0.0802
988.66 229.67 34.94 68.92 0.0801
305.32 61.97 17.69 16.48 0.0799
504.42 472.30 69.26 85.48 0.0764
321.90 519.91 43.79 27.72 0.0752
147.88 152.05 53.21 50.97 0.0751
289.84 516.33 45.05 31.07 0.0745
375.19 60.38 15.08 15.99 0.0742
116.55 61.64 31.71 35.51 0.0741
334.99 99.16 33.54 33.06 0.0729
149.44 61.16 27.55 35.67 0.0724
206.89 354.71 57.18 110.79 0.0705
71.29 407.29 28.96 36.08 0.0705
145.31 133.43 34.04 31.39 0.0696
193.85 63.11 19.20 24.49 0.0694
849.59 100.26 24.28 31.26 0.0693
0.00 0.00 28.92 25.86 0.0684
614.37 255.48 86.70 122.43 0.0682
636.81 239.77 89.10 100.26 0.0677
888.07 88.78 16.09 23.87 0.0674
980.63 276.41 43.37 97.92 0.0661
722.87 309.50 54.47 72.82 0.0653
126.86 168.18 79.05 147.78 0.0652
263.16 62.51 19.18 20.34 0.0652
81.97 62.05 20.34 24.82 0.0651
176.83 345.66 59.01 98.62 0.0648
877.82 134.66 36.39 35.32 0.0646
566.39 28.45 47.36 53.83 0.0644
175.34 494.24 36.30 52.99 0.0643
508.90 344.20 36.44 49.35 0.0639
926.17 35.37 18.67 26.98 0.0639
61.36 234.89 57.94 112.59 0.0637
543.06 153.76 40.52 53.15 0.0635
209.67 504.66 47.10 51.42 0.0632
145.79 172.06 69.26 66.29 0.0631
243.35 508.44 50.51 51.76 0.0628
275.48 488.71 66.02 54.22 0.0610
746.53 319.96 57.65 82.98 0.0609
249.02 358.01 76.02 130.59 0.0608
923.98 212.14 58.52 90.77 0.0607
986.97 184.46 37.03 90.36 0.0603
536.73 207.50 87.75 108.10 0.0601
36.09 271.77 47.28 71.96 0.0601
852.21 90.00 17.93 26.43 0.0600
226.87 473.84 63.95 57.00 0.0597
469.37 546.59 137.74 132.70 0.0589
927.96 58.71 13.99 17.56 0.0587
582.78 75.84 40.12 42.01 0.0579
375.37 34.32 19.26 23.38 0.0577
262.87 127.93 26.29 32.61 0.0569
364.92 94.85 32.56 43.23 0.0564
875.62 162.85 47.74 51.98 0.0557
621.48 0.00 40.57 28.24 0.0556
37.36 508.39 23.76 38.48 0.0553
485.49 342.51 40.51 46.22 0.0552
437.21 100.51 33.63 41.31 0.0549
276.08 193.76 43.12 77.21 0.0548
962.35 86.25 14.87 22.55 0.0544
31.38 364.29 33.99 47.88 0.0544
112.67 174.19 50.56 52.74 0.0542
7.89 347.34 36.52 60.71 0.0542
8.65 517.00 28.04 65.22 0.0540
394.95 224.25 40.42 56.92 0.0539
929.63 85.36 18.33 20.57 0.0533
553.12 95.42 37.38 42.69 0.0531
512.83 1.75 45.73 41.42 0.0520
7.37 51.40 39.12 41.37 0.0512
112.32 5.28 30.52 24.88 0.0511
