37_Soccer_soccer_ball_37_1001
43
372.65 183.55 209.18 254.85 0.8711
676.41 366.78 201.01 348.23 0.2557
184.17 659.36 108.28 377.90 0.1789
357.71 860.21 82.55 134.01 0.1622
623.90 387.91 149.54 302.17 0.1487
360.51 776.50 100.01 161.52 0.1464
756.31 449.19 148.44 216.83 0.1126
438.36 822.29 172.04 276.80 0.1049
167.15 973.08 389.50 520.48 0.0981
311.77 849.95 76.37 167.31 0.0970
241.08 598.97 89.67 239.62 0.0944
655.09 322.93 189.86 239.45 0.0938
394.14 864.09 93.67 157.20 0.0927
231.83 1058.67 179.94 303.45 0.0857
151.43 807.10 130.94 298.37 0.0853
185.51 467.19 100.12 410.58 0.0765
400.12 656.05 263.74 464.89 0.0754
220.29 538.34 79.63 241.52 0.0750
728.60 540.69 137.22 285.48 0.0737
608.44 422.19 91.50 205.60 0.0729
227.06 649.29 121.58 317.15 0.0727
544.10 171.20 81.94 148.36 0.0726
353.66 1117.71 309.99 329.57 0.0709
239.98 829.46 108.00 223.57 0.0697
3.23 905.73 38.64 166.67 0.0691
463.33 156.65 136.77 211.40 0.0659
2.99 749.32 34.08 152.21 0.0653
5.99 834.88 31.97 136.29 0.0642
401.24 923.01 106.35 157.98 0.0635
547.61 887.85 171.31 240.22 0.0630
299.59 1077.14 195.53 304.92 0.0620
340.42 126.31 198.98 224.16 0.0601
95.37 550.61 197.41 531.89 0.0597
96.69 354.18 42.26 109.85 0.0581
112.23 100.85 25.64 67.98 0.0579
35.19 174.62 27.66 62.44 0.0577
643.66 220.65 94.82 136.24 0.0575
267.04 912.66 92.76 171.16 0.0566
535.57 206.38 97.72 234.59 0.0558
417.72 700.67 174.11 249.06 0.0558
603.82 256.86 54.30 83.69 0.0527
682.09 880.08 83.90 196.09 0.0518
689.00 187.85 165.10 147.30 0.0507
