5_Car_Accident_Accident_5_668
151
512.77 186.17 50.98 42.43 0.5350
877.82 241.42 26.36 27.41 0.3940
921.55 222.87 19.02 22.32 0.2949
814.51 190.47 35.09 35.43 0.2696
866.06 176.70 39.11 35.50 0.2649
877.93 222.63 28.89 29.09 0.2459
839.32 191.42 37.25 37.81 0.2398
734.73 175.36 25.35 25.42 0.2330
734.91 191.57 29.81 35.46 0.2163
846.91 240.95 29.77 30.94 0.2095
737.42 207.78 35.13 41.84 0.2045
757.42 245.28 43.86 58.04 0.2004
573.38 392.61 53.48 52.80 0.1952
924.89 237.98 19.83 26.05 0.1950
743.11 230.26 43.82 54.16 0.1933
668.46 186.02 28.17 33.65 0.1906
996.71 247.44 19.52 26.11 0.1872
877.09 249.81 31.22 40.42 0.1866
740.68 540.13 25.36 20.48 0.1866
998.67 212.06 19.88 29.33 0.1747
991.54 262.39 22.94 27.42 0.1709
287.52 154.09 150.31 207.69 0.1707
809.35 228.55 32.36 40.93 0.1705
846.40 257.40 32.63 36.29 0.1658
991.29 291.63 23.82 29.15 0.1657
614.99 217.65 36.50 46.11 0.1643
791.20 265.36 40.56 44.26 0.1643
770.54 263.64 42.95 52.03 0.1618
943.17 321.46 32.03 35.13 0.1603
962.41 272.38 20.99 22.64 0.1595
541.68 391.74 65.97 59.59 0.1590
477.57 178.91 67.55 53.00 0.1560
758.93 214.38 39.19 37.75 0.1522
607.30 436.53 37.21 33.85 0.1513
619.06 197.37 29.60 28.81 0.1512
582.36 414.54 56.04 61.21 0.1489
478.35 400.13 44.06 41.02 0.1477
998.51 188.90 21.42 34.00 0.1475
670.08 175.72 26.07 24.18 0.1461
578.33 213.21 38.38 42.86 0.1436
959.13 289.14 22.68 25.55 0.1419
518.98 387.67 100.90 101.39 0.1382
921.51 273.09 21.28 25.42 0.1378
917.74 285.80 24.48 26.53 0.1377
693.10 187.80 32.00 39.24 0.1364
816.59 564.26 65.04 36.83 0.1311
960.62 248.52 21.15 22.88 0.1186
737.29 362.82 39.52 48.94 0.1183
310.50 138.24 101.21 136.06 0.1146
657.49 190.03 46.53 58.08 0.1145
583.08 196.24 39.05 45.05 0.1144
693.62 174.72 27.18 29.28 0.1131
737.49 387.89 46.62 57.90 0.1097
762.19 197.69 36.88 39.65 0.1077
458.91 407.44 77.10 88.92 0.1071
718.31 429.68 48.38 54.85 0.1059
437.93 431.62 80.09 93.59 0.1038
844.51 273.48 34.39 43.31 0.1021
957.75 191.83 24.14 31.35 0.1017
312.64 235.72 142.86 194.13 0.1008
429.30 173.16 57.18 69.58 0.1005
512.11 245.23 78.12 72.94 0.0980
734.47 557.50 26.80 24.18 0.0980
884.31 277.16 26.35 35.55 0.0973
660.83 284.23 67.90 68.42 0.0954
958.09 213.41 26.03 29.56 0.0944
920.45 317.19 34.08 35.92 0.0938
526.38 276.37 53.08 49.75 0.0919
504.59 193.63 75.27 83.56 0.0919
438.75 406.65 39.57 40.75 0.0911
909.65 194.83 32.60 37.44 0.0908
811.76 380.10 29.20 46.31 0.0906
687.94 219.37 55.22 70.59 0.0901
535.69 368.33 53.09 54.24 0.0899
502.03 383.45 72.52 62.59 0.0898
993.63 497.08 25.65 36.08 0.0890
705.24 501.67 31.22 31.19 0.0885
349.67 199.59 92.05 141.37 0.0875
705.99 484.99 37.00 38.43 0.0871
912.91 562.01 27.95 30.33 0.0869
599.98 373.46 70.73 73.37 0.0859
716.09 450.13 52.87 65.53 0.0857
479.50 267.04 33.11 45.27 0.0856
885.97 535.63 30.11 26.94 0.0856
425.75 425.11 57.38 66.52 0.0853
732.84 262.96 41.71 63.78 0.0843
900.69 170.62 38.81 33.12 0.0839
330.28 429.93 61.72 46.98 0.0796
806.48 486.20 27.68 31.52 0.0791
633.62 206.81 84.40 86.16 0.0787
872.45 557.66 48.15 37.93 0.0778
366.60 161.78 73.17 105.88 0.0769
636.00 356.49 55.18 52.77 0.0765
876.09 153.09 33.62 33.12 0.0763
483.03 234.05 40.36 42.89 0.0762
736.62 512.60 30.80 32.07 0.0761
551.52 238.77 65.46 58.81 0.0759
749.97 359.12 54.49 64.88 0.0755
674.89 584.65 67.65 33.70 0.0754
889.66 482.01 37.08 40.95 0.0748
698.89 407.49 39.46 57.20 0.0747
628.91 383.76 60.69 71.21 0.0727
665.16 460.02 24.82 28.90 0.0725
564.40 366.00 52.55 56.24 0.0709
959.15 173.81 25.76 34.64 0.0707
446.99 388.70 26.94 33.73 0.0706
676.28 320.66 56.34 54.27 0.0700
890.82 509.01 37.61 30.37 0.0693
832.52 539.27 48.27 35.01 0.0689
673.44 649.23 66.00 34.48 0.0685
689.44 346.68 45.76 52.76 0.0679
760.43 536.35 35.93 23.61 0.0675
707.16 583.48 51.13 24.33 0.0672
687.31 372.38 49.85 62.38 0.0664
736.71 338.21 34.54 42.93 0.0646
761.99 509.83 38.55 30.13 0.0640
619.95 536.73 36.68 29.55 0.0640
121.10 0.00 63.63 40.59 0.0638
968.37 555.30 49.90 52.80 0.0637
731.68 298.19 34.31 47.05 0.0635
902.20 501.94 46.35 38.36 0.0634
610.43 229.29 75.22 76.90 0.0627
577.85 309.03 36.00 37.89 0.0618
701.73 536.12 34.10 23.79 0.0618
886.16 318.36 26.17 33.26 0.0611
695.11 565.89 43.47 29.73 0.0605
761.96 277.62 45.75 63.83 0.0599
909.66 535.88 37.02 37.84 0.0599
534.56 333.04 51.34 50.32 0.0596
912.54 651.11 53.76 32.89 0.0590
581.84 550.22 49.91 34.67 0.0582
651.50 430.00 38.04 42.89 0.0581
769.61 582.18 47.50 26.51 0.0580
974.16 652.84 49.84 31.16 0.0572
718.96 653.47 47.56 28.56 0.0571
842.48 309.79 34.38 41.72 0.0570
435.28 359.02 35.72 60.44 0.0568
799.92 367.07 45.85 79.81 0.0566
770.79 565.53 35.00 26.38 0.0565
396.14 422.37 64.08 91.63 0.0561
913.67 379.90 51.58 50.34 0.0560
980.32 534.06 40.05 48.24 0.0553
799.99 294.35 40.14 53.71 0.0549
935.72 631.95 75.59 47.67 0.0538
566.07 287.85 47.02 41.04 0.0536
884.99 332.47 31.47 36.03 0.0524
427.08 231.09 53.84 56.79 0.0520
842.82 368.32 64.21 66.61 0.0514
814.47 358.59 74.07 93.71 0.0513
615.17 291.04 86.37 71.41 0.0506
578.44 332.28 36.13 39.17 0.0504
