5_Car_Accident_Accident_5_388
200
224.35 311.50 24.32 17.93 0.2747
126.58 152.04 30.60 26.06 0.2636
741.75 268.23 22.73 18.73 0.2602
254.23 247.35 24.72 18.54 0.1658
742.97 72.66 13.03 10.32 0.1641
556.70 123.26 61.85 38.84 0.1640
559.66 156.22 80.75 49.92 0.1542
693.00 254.04 38.10 34.91 0.1410
514.51 56.43 26.17 17.33 0.1378
493.74 140.77 52.41 43.35 0.1377
61.35 125.85 31.89 23.21 0.1371
86.17 86.50 18.48 12.62 0.1357
485.00 159.66 39.01 25.71 0.1352
633.82 73.03 13.08 9.75 0.1335
327.64 268.76 25.50 19.13 0.1293
34.23 163.70 24.73 21.47 0.1274
743.61 45.07 13.28 10.30 0.1272
596.02 72.80 15.16 11.55 0.1255
744.29 58.92 12.60 9.91 0.1229
669.72 70.74 12.87 11.03 0.1199
706.99 72.21 14.80 10.49 0.1192
438.85 195.72 29.42 19.08 0.1182
596.76 58.70 14.83 11.93 0.1137
154.83 99.63 15.67 12.35 0.1122
669.86 60.20 11.14 9.60 0.1097
708.27 59.46 11.86 9.34 0.1077
221.04 255.55 23.49 19.26 0.1059
706.38 44.35 14.13 10.77 0.1046
555.45 56.86 20.97 15.04 0.1045
514.57 63.97 24.78 19.04 0.1040
197.56 267.26 26.98 17.03 0.1035
593.76 82.95 17.84 12.75 0.1030
851.81 73.85 15.22 10.30 0.1027
115.05 83.58 18.12 14.80 0.1022
210.47 267.31 30.41 18.75 0.1021
739.89 99.70 19.00 14.42 0.1007
634.93 59.79 11.52 9.39 0.1006
196.92 87.75 13.70 10.25 0.0994
616.87 189.25 44.92 41.66 0.0972
877.39 270.98 28.79 12.84 0.0971
7.41 354.33 22.12 16.04 0.0955
735.36 254.83 36.53 32.02 0.0942
743.27 223.44 32.00 20.85 0.0936
595.61 157.67 61.62 40.81 0.0934
770.13 264.99 33.75 20.55 0.0933
154.29 87.09 17.23 13.19 0.0924
530.51 184.32 68.00 60.06 0.0901
852.88 58.30 13.15 9.91 0.0895
510.65 39.62 33.30 23.00 0.0889
8.96 279.62 31.39 31.90 0.0883
410.61 56.78 24.29 19.84 0.0876
663.48 175.72 34.32 25.50 0.0872
667.81 44.95 14.15 10.56 0.0859
652.03 200.86 35.26 30.08 0.0857
48.40 212.64 16.95 13.82 0.0857
482.24 69.13 29.59 18.44 0.0854
193.45 48.19 27.33 24.39 0.0852
119.60 113.80 17.93 15.48 0.0841
576.15 122.11 78.48 33.48 0.0838
741.26 84.25 16.04 13.58 0.0831
10.65 155.12 22.53 21.73 0.0816
579.26 192.84 51.20 43.63 0.0807
849.26 82.83 19.69 13.55 0.0807
433.18 200.45 39.93 28.19 0.0803
656.28 182.74 34.88 36.25 0.0801
46.08 53.22 17.00 19.28 0.0801
795.90 265.05 52.63 22.93 0.0795
115.36 72.71 17.90 15.80 0.0794
811.57 71.27 18.33 11.66 0.0789
261.13 264.79 25.47 19.25 0.0787
778.13 58.32 15.31 10.65 0.0769
196.19 98.11 15.15 12.90 0.0765
267.73 83.82 14.15 12.38 0.0765
153.80 110.77 18.64 15.85 0.0760
558.48 85.09 20.90 11.88 0.0757
181.81 163.68 27.87 23.00 0.0751
482.67 52.25 36.37 22.55 0.0750
633.49 45.21 13.59 10.83 0.0750
777.70 72.45 15.01 10.39 0.0747
4.78 360.66 22.75 18.12 0.0745
616.69 170.55 43.77 35.10 0.0744
925.28 72.66 17.16 11.80 0.0736
845.20 92.12 37.89 22.30 0.0732
556.65 69.10 20.37 14.55 0.0729
306.71 278.93 31.76 22.78 0.0720
436.98 52.72 29.35 20.19 0.0717
231.53 101.63 15.09 11.53 0.0713
404.62 188.05 55.68 28.02 0.0709
4.70 141.60 22.26 19.07 0.0708
122.33 213.22 15.71 12.59 0.0707
189.23 32.73 33.95 32.55 0.0701
811.91 58.25 16.85 11.81 0.0698
266.31 101.98 12.77 10.67 0.0696
306.87 266.03 31.92 22.04 0.0692
701.56 83.78 21.30 16.38 0.0686
232.39 115.68 15.64 11.16 0.0685
46.42 70.80 14.92 15.21 0.0677
654.07 247.87 57.52 56.58 0.0677
594.77 42.67 18.80 15.68 0.0673
230.30 126.51 16.76 12.36 0.0664
765.02 251.51 35.20 27.09 0.0664
45.07 200.54 17.76 18.49 0.0660
51.49 115.62 30.47 26.85 0.0656
302.27 100.98 15.43 10.80 0.0654
632.51 82.64 17.69 13.47 0.0654
188.09 139.95 22.91 18.99 0.0653
850.73 43.44 15.26 11.64 0.0651
944.80 151.67 63.01 27.84 0.0651
74.33 215.25 24.78 17.35 0.0644
468.36 175.37 99.30 81.75 0.0642
184.02 152.67 28.69 24.05 0.0641
429.58 216.68 49.28 43.40 0.0637
305.85 256.32 24.95 17.65 0.0634
302.22 130.34 14.36 10.11 0.0632
694.42 237.35 42.25 34.75 0.0627
411.61 65.76 22.08 19.23 0.0627
9.46 159.72 30.57 30.83 0.0625
153.77 69.09 22.55 16.82 0.0621
482.42 81.08 20.35 14.88 0.0614
872.79 153.74 38.00 17.94 0.0613
82.82 52.39 22.52 19.29 0.0612
777.39 44.70 16.00 11.42 0.0608
638.41 122.14 56.36 26.07 0.0607
919.69 270.23 22.31 11.93 0.0606
85.95 71.11 20.03 14.60 0.0601
40.67 339.55 22.21 12.49 0.0597
265.35 70.82 18.83 15.58 0.0595
629.79 235.82 26.86 23.09 0.0594
446.75 84.53 18.73 12.90 0.0593
557.58 310.56 19.15 11.64 0.0593
193.76 112.33 18.78 14.84 0.0592
193.96 63.66 20.10 19.17 0.0590
120.51 95.72 15.20 15.60 0.0587
549.29 40.29 29.71 20.72 0.0584
226.48 151.70 27.20 23.87 0.0583
683.73 111.68 40.53 21.86 0.0582
220.56 184.17 41.67 31.93 0.0581
373.77 251.28 44.70 41.86 0.0579
742.64 30.74 13.64 10.20 0.0579
752.86 230.86 41.67 27.16 0.0572
411.74 128.37 17.75 12.60 0.0572
636.29 145.03 73.49 45.35 0.0571
480.63 34.09 34.71 26.83 0.0571
447.63 152.27 30.76 21.54 0.0570
685.89 166.29 78.37 35.69 0.0569
671.16 120.65 54.60 24.68 0.0567
107.17 38.57 27.11 23.92 0.0566
221.22 155.45 40.13 39.36 0.0565
8.11 340.12 19.89 15.79 0.0564
809.55 82.74 25.45 15.65 0.0562
439.33 68.24 26.57 17.67 0.0562
704.10 30.22 18.37 12.78 0.0561
877.47 90.36 36.80 26.89 0.0561
475.48 165.19 46.89 42.06 0.0561
376.69 204.94 44.77 33.00 0.0560
556.64 297.17 21.70 13.35 0.0559
413.13 100.07 15.50 11.87 0.0557
667.07 82.79 20.78 16.17 0.0552
47.51 219.78 22.62 18.50 0.0549
466.82 181.29 62.83 46.52 0.0549
233.79 241.42 30.85 19.98 0.0545
763.28 265.19 185.79 94.88 0.0544
44.90 40.69 18.14 23.53 0.0544
887.42 71.23 20.45 12.68 0.0543
995.33 104.01 25.79 26.79 0.0542
693.01 222.55 33.99 22.39 0.0541
1000.47 254.71 15.95 14.97 0.0538
300.99 84.94 17.64 13.06 0.0538
888.95 56.85 18.75 12.29 0.0537
766.50 97.77 25.33 13.72 0.0534
298.41 141.52 18.46 14.64 0.0533
148.03 253.36 22.73 18.97 0.0532
84.34 94.82 19.98 17.41 0.0532
338.25 130.07 16.81 12.68 0.0531
3.32 379.50 30.34 14.79 0.0530
76.40 340.21 27.00 15.92 0.0528
228.25 84.33 18.04 13.77 0.0524
477.91 100.82 21.67 11.85 0.0523
828.12 268.29 54.16 19.11 0.0521
155.11 35.23 34.08 28.39 0.0521
412.78 81.30 19.20 16.82 0.0519
594.44 28.60 20.93 16.13 0.0519
400.33 204.67 49.19 31.38 0.0518
414.98 116.26 14.85 10.47 0.0517
885.91 10.04 31.21 18.81 0.0516
139.57 229.53 33.38 30.78 0.0516
948.45 141.59 52.01 20.58 0.0516
688.66 94.40 38.12 23.52 0.0514
228.45 139.69 21.33 17.83 0.0513
608.79 112.90 55.31 35.33 0.0513
844.87 153.20 46.66 18.66 0.0512
153.40 125.65 19.57 17.72 0.0511
112.27 52.54 21.61 19.40 0.0509
212.45 29.83 39.67 34.96 0.0508
740.31 14.38 18.65 13.53 0.0507
693.86 208.46 38.19 23.76 0.0506
46.09 82.65 16.53 14.66 0.0504
448.06 99.56 19.00 11.61 0.0504
5.07 310.74 26.44 28.47 0.0503
334.65 79.05 22.19 19.48 0.0502
