40_Gymnastics_Gymnastics_40_891
200
259.60 276.41 30.56 41.00 0.6185
524.72 485.76 27.03 32.89 0.6172
926.75 356.96 26.77 35.72 0.5516
585.96 323.26 24.42 37.40 0.4769
695.69 332.64 25.86 38.80 0.4418
451.72 477.59 31.26 39.48 0.4050
186.26 302.18 25.65 35.08 0.3654
120.47 287.08 31.41 57.37 0.3480
849.02 346.87 23.88 34.09 0.3422
378.39 287.21 25.18 35.57 0.3371
525.37 308.26 24.42 32.05 0.3270
552.36 386.75 23.67 33.05 0.3248
741.11 463.98 32.02 47.24 0.3225
598.29 482.54 30.26 37.13 0.3189
71.75 298.39 31.81 49.78 0.3165
614.66 485.03 30.09 34.59 0.3102
674.93 487.58 34.69 44.92 0.3066
328.38 294.45 23.86 31.68 0.2936
627.34 442.03 23.09 29.39 0.2733
451.55 309.05 20.22 31.44 0.2640
762.93 333.98 27.17 33.83 0.2571
875.52 350.79 28.22 32.64 0.2531
480.49 385.45 22.10 29.07 0.2383
737.73 492.43 34.16 50.09 0.2344
671.13 271.10 24.01 30.34 0.2337
815.46 351.34 19.41 28.38 0.2331
557.66 611.02 21.17 34.47 0.2247
671.69 391.80 32.64 43.96 0.2246
777.53 387.38 21.64 25.99 0.2195
814.12 259.58 21.35 33.47 0.2180
771.05 406.99 26.55 43.77 0.2177
391.80 472.13 32.77 44.27 0.2165
685.60 389.17 33.98 41.10 0.2085
769.27 425.02 28.05 46.99 0.2080
817.83 331.10 23.24 31.32 0.1954
362.70 596.05 26.21 29.33 0.1954
772.67 456.59 24.10 42.05 0.1940
846.04 255.85 24.06 37.80 0.1912
62.96 209.35 99.43 123.28 0.1909
62.87 271.65 65.30 80.45 0.1898
222.28 169.63 23.59 23.43 0.1888
596.26 406.12 26.02 31.38 0.1873
159.97 168.64 50.37 52.82 0.1835
741.92 438.87 36.55 55.68 0.1776
742.86 248.41 14.57 19.98 0.1731
670.64 296.58 23.60 33.01 0.1690
487.45 609.52 24.57 27.91 0.1665
776.50 276.51 17.13 21.16 0.1663
116.84 313.43 28.72 68.94 0.1634
741.26 274.95 18.41 23.17 0.1627
444.94 434.60 29.37 42.77 0.1590
459.54 483.42 39.08 39.56 0.1563
668.15 354.64 25.53 35.50 0.1555
810.22 379.17 18.66 27.58 0.1510
668.17 326.36 23.29 33.00 0.1502
449.37 412.45 22.91 27.86 0.1502
414.01 603.29 39.36 36.03 0.1467
552.62 306.77 24.76 35.62 0.1466
843.55 220.92 29.44 52.17 0.1407
597.58 390.70 25.33 34.74 0.1406
531.53 489.00 38.58 40.16 0.1397
850.43 365.04 24.94 41.36 0.1358
745.19 349.76 30.09 31.35 0.1355
174.41 278.20 40.12 60.13 0.1351
140.19 287.96 41.72 67.83 0.1345
696.72 436.97 24.05 35.78 0.1345
543.90 508.78 30.12 35.79 0.1333
520.52 383.67 18.75 24.94 0.1321
393.03 495.65 34.94 49.94 0.1320
876.46 362.03 30.45 46.74 0.1297
770.22 482.66 26.28 45.61 0.1278
742.99 408.85 29.21 35.79 0.1277
776.52 244.64 18.19 26.15 0.1275
745.14 330.19 31.39 33.58 0.1257
552.08 359.20 29.87 38.06 0.1243
263.73 170.68 19.54 19.87 0.1241
297.85 291.99 29.05 42.14 0.1238
942.43 361.82 38.12 45.96 0.1235
463.52 510.87 36.10 37.93 0.1230
556.57 275.99 22.17 24.46 0.1221
407.76 330.60 22.29 28.93 0.1218
632.86 356.59 22.06 28.35 0.1218
44.79 345.25 21.59 36.97 0.1217
485.94 274.02 24.85 31.37 0.1208
402.84 438.77 24.80 32.03 0.1207
670.06 255.61 19.99 29.22 0.1202
702.17 274.67 18.83 26.03 0.1166
815.92 219.33 29.48 43.35 0.1146
849.92 404.90 23.66 36.58 0.1135
480.46 433.60 24.88 34.61 0.1120
377.73 505.87 26.01 38.56 0.1115
72.53 319.70 34.11 64.47 0.1109
807.81 408.88 21.89 38.14 0.1103
481.02 298.84 25.02 31.20 0.1102
443.02 501.51 37.78 47.36 0.1098
624.81 408.44 26.30 34.92 0.1085
699.42 307.35 22.91 44.41 0.1083
816.44 307.04 22.25 26.90 0.1075
553.71 318.10 31.03 37.52 0.1074
589.89 498.69 29.71 46.28 0.1073
403.23 341.93 27.08 39.45 0.1067
484.09 614.35 39.34 38.45 0.1062
760.02 558.15 53.69 86.32 0.1045
116.21 372.37 21.47 41.79 0.1040
626.36 387.17 24.76 34.83 0.1040
142.41 332.28 35.64 58.15 0.1037
445.05 169.12 34.30 30.66 0.1029
517.95 277.08 26.29 34.75 0.1010
500.19 171.84 43.27 32.19 0.1010
738.90 380.20 24.25 31.88 0.0995
450.31 384.98 22.73 27.56 0.0995
324.62 301.06 31.73 52.62 0.0994
719.22 565.19 65.70 81.83 0.0992
798.48 430.36 30.66 41.54 0.0987
765.40 306.21 28.10 34.30 0.0974
374.45 319.05 23.68 40.48 0.0971
518.63 575.41 21.07 24.18 0.0969
79.43 380.77 22.64 32.85 0.0968
48.97 310.00 44.70 49.58 0.0967
777.24 223.00 19.83 28.49 0.0963
407.78 415.85 19.60 28.41 0.0959
336.89 166.99 20.51 23.16 0.0957
299.68 167.88 22.63 24.24 0.0957
380.01 435.90 25.46 30.67 0.0953
630.42 327.64 23.73 33.10 0.0953
764.82 504.39 29.58 44.16 0.0952
395.32 299.60 30.10 32.07 0.0915
442.51 581.91 31.49 39.43 0.0915
517.35 413.95 21.29 23.91 0.0914
485.06 362.04 27.76 43.13 0.0913
667.92 415.95 32.83 45.32 0.0913
996.14 359.03 18.88 31.59 0.0912
483.31 582.76 19.11 25.16 0.0904
184.11 339.22 30.59 47.59 0.0901
740.20 298.67 23.12 31.83 0.0897
628.68 301.52 20.59 30.15 0.0890
294.28 313.22 29.65 45.45 0.0881
617.37 503.67 30.82 40.40 0.0875
371.53 340.41 27.55 50.12 0.0874
467.76 168.67 39.48 24.91 0.0869
706.06 253.51 15.48 19.03 0.0868
44.62 376.57 18.90 32.93 0.0867
410.19 581.01 28.28 42.76 0.0844
372.61 377.14 24.80 40.71 0.0840
594.38 429.80 23.79 34.43 0.0836
261.69 293.37 29.58 57.59 0.0831
557.48 580.74 23.36 33.01 0.0831
993.22 372.14 21.60 39.57 0.0830
0.00 285.57 34.03 52.25 0.0829
326.10 332.69 44.51 73.53 0.0824
956.27 273.17 21.69 27.72 0.0824
179.87 140.22 37.82 37.35 0.0805
377.31 411.22 20.47 34.02 0.0800
151.39 375.41 28.09 41.79 0.0788
848.32 434.13 20.86 33.62 0.0786
681.47 535.03 41.02 57.90 0.0778
481.68 324.48 24.70 30.13 0.0773
214.78 188.78 31.96 31.12 0.0770
517.56 358.05 24.03 32.89 0.0762
447.03 353.42 21.48 35.30 0.0753
711.96 573.73 122.44 96.92 0.0751
886.32 428.87 24.94 39.88 0.0747
507.93 242.60 36.63 35.04 0.0740
402.84 380.94 25.52 33.82 0.0723
583.46 601.14 31.50 36.93 0.0722
954.96 400.04 33.33 43.82 0.0722
956.26 247.24 21.26 27.82 0.0713
267.11 387.04 24.93 36.12 0.0700
879.71 400.94 27.57 41.79 0.0695
342.35 108.70 19.87 31.69 0.0683
551.65 243.44 30.39 28.78 0.0682
334.38 189.65 23.28 26.38 0.0681
836.17 197.88 34.61 51.59 0.0675
796.29 453.90 32.70 39.85 0.0669
0.00 321.29 26.82 36.58 0.0656
486.15 245.89 29.39 34.44 0.0655
916.55 430.65 26.27 38.77 0.0650
728.93 521.28 51.49 67.04 0.0638
292.45 324.78 43.08 74.67 0.0638
442.50 532.06 32.17 42.98 0.0637
880.23 220.80 34.70 53.08 0.0636
919.97 270.36 25.61 31.53 0.0631
847.22 303.99 25.88 31.14 0.0620
631.72 275.72 18.83 29.75 0.0617
8.32 353.15 18.84 31.08 0.0613
191.41 84.84 46.30 33.99 0.0612
289.45 273.40 30.90 44.59 0.0611
504.69 608.51 33.46 34.66 0.0609
582.62 572.63 32.76 42.32 0.0605
907.57 216.16 32.85 52.89 0.0599
338.83 579.79 22.02 31.60 0.0583
588.74 274.34 25.06 31.22 0.0581
412.22 599.81 72.69 58.62 0.0581
511.76 433.44 26.32 32.44 0.0581
372.00 540.49 20.72 32.86 0.0581
848.65 463.20 20.11 32.57 0.0579
402.91 163.10 48.79 32.90 0.0576
995.98 403.65 21.80 45.14 0.0572
768.26 536.75 84.00 110.03 0.0569
84.19 82.17 34.14 31.31 0.0568
