40_Gymnastics_Gymnastics_40_285
38
4.46 2.74 45.42 54.10 0.2843
727.60 425.27 186.27 119.44 0.1872
790.47 418.01 67.15 41.95 0.1639
51.64 200.00 45.41 54.21 0.1519
71.35 219.88 31.96 62.11 0.1146
323.57 446.89 49.76 70.61 0.1063
335.36 506.72 32.10 37.38 0.1047
675.10 393.65 324.57 202.98 0.0964
879.54 231.37 74.60 98.51 0.0885
722.78 417.45 58.37 45.18 0.0859
290.15 498.32 45.27 51.70 0.0852
86.25 247.62 32.70 54.28 0.0816
326.58 477.80 46.76 66.17 0.0807
0.00 51.60 36.71 101.70 0.0804
29.44 198.25 54.97 73.01 0.0791
343.48 394.84 180.08 156.59 0.0748
298.07 466.58 50.29 73.17 0.0717
335.31 298.96 285.58 255.95 0.0696
151.42 73.19 125.52 86.21 0.0683
10.21 197.40 54.05 93.80 0.0678
968.01 0.00 49.17 35.54 0.0677
237.10 558.18 52.81 40.67 0.0644
8.66 300.40 35.65 82.85 0.0642
323.38 463.18 87.83 90.41 0.0624
173.58 560.68 89.83 43.76 0.0624
991.25 451.24 30.69 43.49 0.0623
376.99 437.65 108.73 97.66 0.0614
468.74 457.56 84.73 74.97 0.0613
919.19 0.87 33.19 25.14 0.0596
38.87 171.97 64.74 71.46 0.0582
813.10 255.25 50.05 73.13 0.0559
837.45 213.93 56.22 75.86 0.0535
61.22 0.00 51.42 35.03 0.0535
281.23 549.37 43.45 39.41 0.0530
697.17 457.10 106.79 77.86 0.0528
797.02 397.03 172.56 110.28 0.0528
790.52 304.79 58.34 63.66 0.0514
15.24 282.23 45.37 81.92 0.0503
