40_Gymnastics_Gymnastics_40_771
18
398.49 186.28 112.83 147.68 0.9144
2.73 514.73 50.56 68.33 0.2401
443.21 361.45 154.99 179.79 0.1380
0.85 488.89 91.03 113.53 0.1365
570.99 353.52 65.61 91.12 0.1198
550.04 306.04 95.77 165.47 0.0953
927.41 304.26 92.98 88.66 0.0922
939.45 211.43 49.60 44.38 0.0873
142.65 411.97 384.65 248.43 0.0790
475.99 302.55 96.80 165.24 0.0727
535.53 281.81 160.47 299.11 0.0715
436.77 254.35 110.81 110.65 0.0644
5.25 488.03 174.05 143.69 0.0632
412.62 260.93 238.01 309.19 0.0618
927.54 215.84 34.18 37.61 0.0607
966.08 193.78 55.37 71.34 0.0606
348.67 126.05 160.62 173.43 0.0570
929.55 223.50 72.74 75.93 0.0556
