13_Interview_Interview_Sequences_13_793
19
624.33 294.69 399.67 317.55 0.4594
606.15 497.93 417.85 322.07 0.2328
61.10 199.97 104.94 356.47 0.2236
99.77 213.32 161.72 325.02 0.2005
17.68 206.68 46.70 335.49 0.1082
106.77 280.02 296.92 322.67 0.0885
73.67 356.83 217.56 330.06 0.0587
620.08 23.61 403.92 35.69 0.0550
214.35 285.48 521.32 329.37 0.0523
13.07 527.72 54.56 292.28 0.0449
113.34 426.53 433.61 393.47 0.0399
97.42 509.16 169.71 310.84 0.0361
106.78 170.53 288.47 277.72 0.0308
12.96 343.97 51.37 367.09 0.0307
54.99 382.15 121.86 437.85 0.0298
38.33 270.95 1.02 347.93 0.0223
609.48 69.49 414.52 89.22 0.0223
0.00 0.00 80.46 108.09 0.0222
338.37 465.98 401.70 354.02 0.0216
