13_Interview_Interview_On_Location_13_247
26
57.97 82.49 102.07 121.81 0.2526
412.07 124.05 564.12 284.23 0.1954
92.84 87.01 173.07 101.90 0.1944
57.97 37.35 101.93 108.40 0.1529
16.82 82.69 51.17 123.93 0.1526
122.45 53.57 114.84 79.99 0.1299
535.03 316.15 488.97 259.85 0.1243
113.73 110.84 130.90 163.89 0.1115
10.08 41.18 63.17 92.61 0.1098
96.02 94.62 456.05 86.89 0.1063
107.51 55.26 292.96 81.00 0.0986
1.98 83.49 74.37 228.95 0.0857
7.76 6.26 60.15 58.96 0.0850
136.56 102.86 82.14 76.40 0.0664
599.23 84.03 424.77 120.11 0.0610
586.09 53.80 437.91 74.86 0.0443
64.43 19.30 89.33 34.61 0.0433
73.58 103.57 502.30 178.79 0.0355
87.74 14.79 185.69 47.80 0.0334
341.33 297.00 413.69 279.00 0.0284
614.94 13.45 409.06 40.79 0.0255
95.53 69.95 169.33 36.36 0.0254
22.14 133.68 27.48 238.35 0.0245
114.88 5.57 278.00 65.22 0.0209
13.33 370.09 51.64 205.91 0.0207
71.60 134.05 72.39 222.87 0.0206
