8_Election_Campain_Election_Campaign_8_173
98
723.04 138.94 196.58 239.30 0.6920
217.77 61.41 229.62 274.08 0.5609
614.68 318.47 107.11 92.65 0.2540
604.15 729.31 44.71 36.00 0.1838
810.93 434.11 39.46 45.29 0.1494
240.91 108.18 116.33 125.36 0.1461
691.89 429.84 54.44 62.52 0.1382
824.73 437.99 44.77 48.17 0.1373
482.03 737.16 35.99 28.29 0.1274
765.93 463.77 34.40 41.80 0.1234
653.11 446.00 64.60 90.75 0.1209
803.87 408.46 39.53 36.99 0.1190
245.19 106.09 62.12 86.28 0.1163
507.20 735.05 38.13 30.19 0.1157
374.14 581.31 27.27 33.45 0.1150
483.36 719.21 26.82 30.11 0.1132
546.74 306.07 140.54 105.49 0.1112
664.78 741.05 30.75 23.87 0.1081
658.00 481.00 80.77 110.98 0.1081
720.47 286.86 67.15 88.40 0.1040
724.53 160.47 116.02 153.67 0.1022
675.77 382.21 75.15 73.18 0.0959
548.99 739.47 28.67 26.13 0.0952
913.02 376.42 37.93 43.61 0.0947
411.42 738.36 30.00 22.62 0.0947
666.64 248.64 74.69 76.08 0.0946
635.98 354.64 77.90 83.60 0.0916
747.73 275.04 121.98 129.82 0.0915
511.27 717.35 31.29 32.56 0.0908
230.20 108.34 32.80 38.15 0.0862
671.80 191.26 76.53 116.12 0.0843
762.78 507.85 40.05 59.65 0.0825
831.87 413.92 41.85 49.62 0.0815
401.24 604.22 26.73 29.45 0.0801
787.17 375.91 64.74 54.86 0.0798
848.12 423.29 57.42 64.64 0.0796
683.87 736.91 36.99 26.29 0.0791
888.27 371.71 35.86 48.02 0.0774
640.20 541.31 85.67 95.64 0.0755
331.72 740.18 41.06 27.82 0.0754
690.89 489.32 69.72 80.79 0.0749
400.98 659.82 29.59 30.24 0.0737
765.76 432.76 46.36 55.19 0.0737
435.33 741.48 33.96 23.21 0.0732
352.99 740.14 40.63 25.64 0.0714
965.78 252.87 55.56 99.89 0.0713
278.90 419.87 111.53 144.72 0.0712
689.55 309.27 84.83 84.24 0.0707
517.00 689.09 25.26 25.18 0.0702
187.84 363.26 105.62 161.92 0.0698
636.53 634.05 68.26 58.97 0.0697
617.01 676.69 44.11 50.45 0.0695
670.33 56.61 61.67 103.83 0.0690
864.85 22.93 43.60 47.70 0.0671
943.23 372.41 38.85 40.79 0.0671
411.50 722.54 20.78 21.88 0.0669
692.71 42.09 39.22 78.60 0.0666
980.96 369.19 37.29 59.05 0.0645
196.43 723.47 68.40 44.53 0.0643
740.02 713.93 24.62 28.26 0.0633
486.43 581.01 20.88 23.69 0.0628
227.27 108.99 50.46 66.56 0.0626
152.68 692.57 45.68 39.09 0.0626
736.23 0.00 27.38 31.50 0.0621
296.45 739.39 33.68 26.75 0.0619
685.23 717.40 38.67 38.80 0.0619
367.88 657.75 28.99 30.86 0.0617
877.32 393.78 37.74 53.21 0.0616
336.08 466.03 120.35 140.26 0.0615
755.57 437.80 147.52 175.72 0.0615
597.35 632.04 70.72 60.07 0.0609
484.99 688.04 21.57 23.37 0.0607
592.80 686.63 42.18 50.51 0.0603
651.95 661.09 50.54 51.85 0.0600
821.95 71.51 144.03 146.40 0.0598
253.46 683.70 40.56 37.12 0.0589
662.65 715.30 39.18 36.49 0.0587
739.90 656.84 29.87 34.15 0.0584
700.60 20.77 31.68 52.03 0.0569
598.23 6.06 115.32 220.47 0.0569
630.25 454.85 53.92 73.53 0.0564
552.93 660.57 26.04 29.01 0.0561
222.03 248.50 371.12 353.39 0.0559
297.94 0.00 115.27 52.91 0.0557
578.46 586.12 71.45 64.24 0.0556
769.03 401.23 57.19 55.00 0.0553
947.04 240.39 49.21 76.35 0.0551
519.71 580.04 23.07 24.31 0.0537
403.73 677.32 25.63 29.54 0.0535
936.73 402.38 50.64 57.44 0.0533
235.88 188.12 163.21 142.50 0.0531
646.69 268.80 74.80 79.83 0.0527
982.32 322.85 39.58 83.90 0.0527
367.78 721.00 27.19 28.74 0.0526
159.01 405.37 131.05 247.66 0.0512
305.71 35.80 177.88 223.06 0.0507
992.73 195.96 26.75 63.02 0.0502
782.26 421.45 103.86 118.23 0.0502
