8_Election_Campain_Election_Campaign_8_236
76
555.77 134.34 74.21 93.86 0.9204
153.97 365.48 59.94 73.04 0.8742
321.18 343.14 74.68 82.28 0.7452
412.93 354.29 92.89 119.50 0.4894
393.97 343.08 72.20 95.20 0.4606
475.21 572.00 55.74 76.12 0.2546
847.90 242.74 39.27 44.01 0.1722
809.10 367.85 24.21 31.19 0.1513
810.51 266.58 46.52 63.86 0.1416
448.68 322.93 64.47 103.70 0.1370
471.17 549.31 41.03 65.12 0.1320
92.53 611.36 54.99 39.64 0.1297
762.78 308.00 47.69 62.91 0.1267
463.70 346.73 81.51 108.06 0.1255
484.30 298.27 29.04 41.79 0.1213
448.17 414.16 51.80 74.29 0.1186
209.70 349.75 37.48 42.88 0.1175
21.18 603.76 105.73 47.24 0.1173
726.18 103.96 43.92 58.94 0.1163
658.61 153.20 33.58 48.74 0.1142
705.98 166.05 34.46 38.92 0.1118
435.25 185.06 33.68 46.10 0.1116
706.16 145.03 54.74 53.96 0.1107
175.07 386.84 70.81 58.88 0.1001
510.28 155.42 46.44 75.74 0.0987
817.22 243.23 74.29 78.20 0.0980
300.33 372.00 72.17 68.38 0.0974
726.34 356.68 34.00 50.68 0.0953
706.94 81.76 28.64 38.18 0.0942
758.16 340.80 48.64 63.22 0.0941
410.98 2.93 45.80 44.26 0.0935
783.50 295.76 58.52 76.55 0.0917
434.07 35.14 31.84 34.67 0.0913
111.55 382.25 53.08 64.77 0.0908
39.13 414.89 144.97 140.20 0.0889
413.51 287.02 90.11 119.57 0.0881
707.83 74.94 22.02 25.42 0.0871
736.67 89.16 27.44 30.25 0.0856
518.30 130.51 77.24 89.85 0.0752
770.46 67.50 23.35 28.07 0.0734
614.55 176.08 37.39 59.69 0.0707
86.04 399.23 91.13 97.41 0.0698
736.69 72.62 21.95 24.69 0.0695
707.12 564.46 44.82 86.54 0.0693
0.00 443.34 30.44 70.25 0.0685
794.80 345.13 39.45 56.91 0.0683
708.35 540.78 32.01 43.87 0.0675
470.31 303.93 77.75 100.17 0.0674
0.00 0.00 46.62 48.14 0.0664
830.16 206.61 59.23 75.29 0.0661
834.19 295.87 46.16 68.23 0.0656
999.94 307.00 17.59 21.67 0.0647
354.15 274.80 117.51 131.18 0.0638
510.14 505.79 27.45 31.15 0.0625
705.62 347.15 36.35 60.74 0.0618
737.70 52.15 21.25 26.00 0.0601
862.11 279.97 46.86 56.55 0.0588
438.34 545.13 80.34 105.87 0.0577
442.98 193.55 35.51 60.05 0.0577
756.98 79.75 38.11 45.84 0.0576
954.67 449.85 69.33 74.36 0.0559
917.96 428.71 45.51 58.68 0.0554
132.93 582.01 45.22 43.43 0.0549
5.85 39.95 24.07 29.47 0.0547
766.21 267.74 47.19 57.97 0.0545
735.14 310.29 65.37 77.41 0.0539
460.09 44.95 43.59 36.10 0.0536
993.09 561.17 21.93 21.70 0.0530
473.85 171.66 51.14 64.67 0.0528
192.61 413.73 60.11 63.04 0.0526
23.63 491.99 57.71 57.53 0.0518
914.56 317.38 34.02 33.98 0.0514
410.15 171.54 52.01 61.64 0.0513
103.09 0.00 136.04 50.60 0.0512
3.61 480.78 41.03 60.51 0.0511
907.15 453.31 57.13 72.39 0.0500
