2_Demonstration_Political_Rally_2_726
182
135.55 121.07 407.82 229.88 0.2869
85.08 132.19 239.72 344.50 0.1290
98.42 317.90 173.74 427.10 0.1073
148.19 254.76 221.29 336.04 0.1036
485.63 145.03 534.52 208.26 0.0981
47.58 432.56 90.87 155.08 0.0893
230.45 87.70 441.81 186.50 0.0882
108.27 47.48 426.20 165.68 0.0867
469.77 361.39 294.13 381.05 0.0792
540.79 323.01 483.21 257.18 0.0732
33.03 30.67 206.89 312.06 0.0701
529.18 165.72 312.13 302.08 0.0691
50.59 69.64 80.31 159.90 0.0678
54.06 142.33 76.94 171.00 0.0644
152.02 370.57 334.00 374.43 0.0625
46.08 40.19 91.71 98.76 0.0595
332.80 395.28 276.98 349.72 0.0590
790.09 310.19 93.27 141.78 0.0567
25.01 461.22 70.21 168.85 0.0555
744.43 340.66 119.25 144.06 0.0544
73.67 7.57 257.97 231.30 0.0533
251.05 179.18 385.47 260.94 0.0518
400.67 257.04 317.86 290.36 0.0514
526.96 432.38 141.92 158.15 0.0512
25.10 85.14 66.80 155.84 0.0511
85.80 450.61 119.35 142.02 0.0510
49.93 229.30 176.69 361.01 0.0508
93.92 165.77 131.59 142.27 0.0504
79.97 46.86 164.55 75.43 0.0496
11.47 27.03 75.96 130.80 0.0491
40.24 524.24 84.46 182.83 0.0480
236.82 46.05 162.42 81.05 0.0479
173.19 154.34 122.48 160.16 0.0478
430.43 53.30 168.54 75.84 0.0477
563.59 31.97 132.12 73.24 0.0477
371.33 131.78 359.15 211.69 0.0474
120.03 124.78 149.00 143.20 0.0468
228.91 52.65 102.86 159.93 0.0467
276.35 325.12 364.05 269.95 0.0461
610.89 448.14 120.16 130.43 0.0457
679.39 305.47 135.38 141.10 0.0456
97.34 61.43 144.24 132.13 0.0455
815.20 367.74 102.55 129.52 0.0454
809.07 256.59 100.47 156.60 0.0454
220.83 128.13 112.67 139.82 0.0451
707.42 522.68 151.58 129.39 0.0448
372.54 44.07 150.93 88.13 0.0445
23.35 30.06 168.92 68.67 0.0439
312.48 38.15 117.69 97.62 0.0438
162.39 48.36 147.32 84.43 0.0438
773.25 121.93 118.84 128.49 0.0436
552.11 0.00 138.73 52.46 0.0435
786.48 521.37 149.53 113.01 0.0433
569.03 487.92 136.29 137.46 0.0429
461.85 29.33 160.64 74.19 0.0428
47.57 219.82 84.56 168.73 0.0426
728.96 279.09 117.84 124.92 0.0426
16.68 7.12 103.51 70.26 0.0423
753.77 15.50 86.03 152.35 0.0422
522.14 11.19 141.93 64.19 0.0417
81.28 118.65 109.71 145.66 0.0414
620.27 515.64 114.55 127.72 0.0411
846.52 447.84 116.20 137.52 0.0410
188.82 0.00 137.90 62.71 0.0409
804.89 584.45 119.13 133.82 0.0409
481.92 440.26 112.74 147.85 0.0408
56.93 351.36 79.23 161.63 0.0408
766.14 541.51 117.13 159.26 0.0400
0.00 439.53 66.29 135.50 0.0399
731.22 88.05 112.56 125.38 0.0387
593.92 47.21 144.99 89.27 0.0384
34.10 187.43 65.00 151.07 0.0384
434.66 414.14 122.56 138.67 0.0379
801.48 416.67 125.08 137.02 0.0378
833.72 220.28 118.75 150.10 0.0378
251.43 233.04 97.34 158.10 0.0377
361.01 0.00 127.50 43.02 0.0376
393.02 469.66 122.27 153.78 0.0373
0.00 0.00 76.97 46.03 0.0373
765.20 97.79 208.01 106.93 0.0372
16.37 413.97 77.47 125.31 0.0371
333.53 534.55 114.85 153.82 0.0370
741.40 0.00 282.60 162.14 0.0366
266.36 165.37 99.19 154.28 0.0366
25.92 578.59 68.40 165.00 0.0365
543.60 516.64 124.85 163.32 0.0362
755.53 481.13 150.37 109.57 0.0362
490.95 56.25 128.00 133.80 0.0361
495.30 2.77 429.31 166.84 0.0358
82.96 225.38 114.90 136.30 0.0357
698.22 43.87 119.56 127.43 0.0357
427.68 0.00 133.06 65.47 0.0356
189.15 95.51 106.19 144.33 0.0355
109.03 4.12 160.42 73.09 0.0354
764.78 219.73 125.38 153.39 0.0349
84.69 401.89 154.48 130.31 0.0347
548.30 44.41 111.28 154.34 0.0347
627.81 68.26 163.95 87.16 0.0346
673.26 552.13 140.28 136.95 0.0346
653.92 268.57 117.84 145.60 0.0340
846.86 605.24 126.17 133.44 0.0335
444.72 498.84 102.07 168.18 0.0333
0.00 61.64 59.05 131.14 0.0333
139.16 221.78 141.28 154.69 0.0332
134.40 0.00 286.36 139.30 0.0331
248.82 4.40 160.93 62.29 0.0328
652.48 480.25 129.21 135.34 0.0323
174.79 354.78 158.31 125.22 0.0320
0.00 112.80 62.16 146.66 0.0319
789.59 150.65 134.92 160.16 0.0318
632.13 325.78 105.31 162.55 0.0318
618.58 0.00 140.64 57.16 0.0315
0.00 500.71 63.22 154.05 0.0314
463.12 381.91 161.53 116.49 0.0313
442.53 71.39 119.67 131.32 0.0310
0.00 467.80 196.92 277.20 0.0309
864.35 363.88 105.99 141.26 0.0304
66.94 576.92 67.08 168.08 0.0299
534.68 25.24 107.75 101.15 0.0298
356.32 578.85 124.63 144.40 0.0297
574.06 382.36 116.98 136.16 0.0295
840.77 140.26 113.67 132.99 0.0294
479.38 106.74 119.10 155.77 0.0293
333.08 447.15 162.28 113.63 0.0293
474.95 0.00 141.67 52.51 0.0292
37.95 0.00 123.91 53.31 0.0292
341.64 0.00 102.95 88.01 0.0290
130.72 330.35 151.01 126.16 0.0290
0.00 22.20 47.73 102.99 0.0288
660.90 0.00 158.22 37.48 0.0288
849.32 286.17 111.73 158.26 0.0288
713.78 35.56 152.91 79.07 0.0284
642.16 40.82 145.12 68.55 0.0281
87.02 518.56 111.90 156.67 0.0279
341.53 33.54 400.84 163.59 0.0279
714.35 401.43 147.18 164.25 0.0278
294.75 251.67 100.03 142.03 0.0275
820.01 550.83 149.36 120.83 0.0272
807.56 40.90 73.87 119.84 0.0270
172.44 278.15 135.34 152.86 0.0269
298.73 474.14 154.89 119.15 0.0265
663.12 383.28 109.97 162.86 0.0263
0.42 203.03 70.52 133.34 0.0262
0.00 406.80 42.95 109.70 0.0262
103.13 581.53 113.18 123.73 0.0257
730.87 147.32 117.63 166.20 0.0256
578.81 282.57 119.60 179.12 0.0253
316.15 171.45 86.27 152.34 0.0251
390.43 0.00 105.38 92.14 0.0250
386.97 85.93 132.69 113.96 0.0250
514.05 567.55 128.58 173.14 0.0248
0.00 581.47 63.23 136.61 0.0248
107.15 254.29 131.04 158.50 0.0248
0.00 660.36 43.19 84.64 0.0246
683.89 227.59 125.03 147.58 0.0241
321.28 406.95 211.08 105.77 0.0240
611.42 229.83 131.72 133.93 0.0238
582.93 83.18 109.09 129.64 0.0238
316.98 0.00 335.05 124.35 0.0237
698.20 0.00 115.35 99.17 0.0234
575.02 577.80 114.31 137.70 0.0234
482.76 521.68 107.10 172.98 0.0233
943.01 0.00 80.99 23.43 0.0233
153.94 544.39 90.91 188.45 0.0233
469.16 197.03 115.01 124.88 0.0232
255.06 288.81 75.57 177.40 0.0231
286.46 226.56 201.50 135.97 0.0224
392.73 538.58 114.24 142.63 0.0221
623.35 75.63 117.76 168.20 0.0219
945.03 0.00 78.97 90.58 0.0218
60.04 317.93 132.32 155.52 0.0214
292.61 140.22 93.93 132.93 0.0214
433.84 333.07 117.08 138.00 0.0213
618.79 559.40 112.45 173.21 0.0209
189.82 387.71 95.01 138.88 0.0208
904.62 0.00 119.38 184.29 0.0208
25.12 662.52 112.06 82.48 0.0207
233.35 200.84 250.48 84.86 0.0206
292.74 597.25 134.53 144.03 0.0206
286.74 64.87 113.82 148.61 0.0204
211.28 571.23 78.65 173.77 0.0204
0.00 268.55 66.57 143.17 0.0201
