2_Demonstration_Political_Rally_2_172
198
289.45 87.22 419.58 399.82 0.1261
598.81 225.79 425.19 397.24 0.1205
18.82 591.84 205.09 706.16 0.0887
236.57 185.15 351.13 489.73 0.0807
414.98 191.41 402.57 455.31 0.0806
119.42 297.45 302.47 525.33 0.0777
26.99 75.11 207.06 540.60 0.0742
137.90 118.71 272.11 475.23 0.0724
136.98 694.17 235.72 603.83 0.0708
479.20 403.01 404.14 518.53 0.0675
176.68 583.00 399.44 638.16 0.0620
78.06 526.87 245.15 594.82 0.0583
835.76 218.06 126.87 225.42 0.0572
378.68 524.22 333.91 532.73 0.0568
509.59 590.25 344.31 650.87 0.0565
250.77 0.00 331.20 235.32 0.0565
161.90 771.18 119.92 241.04 0.0549
48.72 270.71 73.35 291.79 0.0530
202.86 383.14 372.67 542.98 0.0523
139.38 58.45 407.86 297.20 0.0514
333.93 827.33 110.86 240.12 0.0488
807.84 172.63 114.78 222.10 0.0488
71.80 278.32 107.97 271.88 0.0483
99.83 333.86 114.61 275.45 0.0482
356.96 0.00 138.41 144.12 0.0481
47.48 139.94 80.29 272.49 0.0476
54.44 759.91 80.67 296.79 0.0475
484.58 51.19 412.48 295.65 0.0458
367.32 72.50 109.11 196.32 0.0458
580.87 0.00 360.18 204.99 0.0457
443.85 437.11 109.13 273.23 0.0455
338.09 764.03 282.71 533.97 0.0455
0.00 819.49 65.11 245.62 0.0453
723.43 46.85 300.57 366.80 0.0446
132.21 367.68 131.84 290.52 0.0440
557.12 78.01 172.11 128.57 0.0436
215.56 784.75 105.57 232.78 0.0435
712.19 609.15 102.40 287.39 0.0435
108.14 226.68 111.20 258.58 0.0428
29.82 894.39 69.46 273.48 0.0427
474.53 523.06 108.23 245.92 0.0426
265.35 70.36 153.84 152.86 0.0425
343.14 927.00 100.38 260.67 0.0423
71.53 178.82 108.09 213.42 0.0419
37.84 53.11 91.31 186.17 0.0418
54.09 675.27 81.01 237.41 0.0417
729.74 709.28 122.94 246.86 0.0417
805.19 311.65 108.94 296.81 0.0416
43.35 79.01 170.52 120.39 0.0416
52.71 908.85 82.24 292.08 0.0416
364.04 446.60 105.24 250.24 0.0408
522.07 56.73 136.93 178.46 0.0401
294.76 776.53 102.86 252.92 0.0400
148.60 721.40 163.59 191.54 0.0397
695.43 495.34 106.95 262.64 0.0397
522.02 451.01 106.18 257.22 0.0393
56.23 122.19 146.87 174.89 0.0385
732.06 356.41 107.16 242.56 0.0381
53.12 415.17 83.03 230.95 0.0381
672.30 609.20 95.27 267.68 0.0380
0.00 0.00 97.43 127.54 0.0380
108.66 506.66 113.07 269.42 0.0377
51.82 516.11 79.49 270.64 0.0373
558.83 661.89 115.30 237.46 0.0372
741.20 551.23 107.43 270.01 0.0370
384.40 41.01 196.20 146.78 0.0370
25.36 748.43 88.70 198.11 0.0370
626.44 658.11 113.42 232.99 0.0369
746.87 107.43 95.12 255.08 0.0368
262.69 117.26 110.19 252.88 0.0367
421.85 510.41 103.00 269.36 0.0367
253.60 717.90 105.35 259.64 0.0366
295.88 487.61 116.57 259.31 0.0366
533.99 6.19 140.84 142.39 0.0364
641.28 71.39 159.16 147.98 0.0362
265.66 889.38 99.91 234.26 0.0362
21.35 101.25 67.01 271.24 0.0356
219.18 106.87 107.90 279.02 0.0355
22.09 211.85 69.21 275.87 0.0354
419.57 368.27 94.94 267.19 0.0351
38.37 3.91 143.74 130.37 0.0350
704.60 93.05 100.44 251.39 0.0348
732.27 241.63 97.59 204.07 0.0347
407.20 0.00 270.22 299.02 0.0346
779.12 207.52 104.44 239.98 0.0346
86.21 705.97 110.13 260.40 0.0345
109.43 5.96 141.39 132.21 0.0344
134.46 72.81 137.93 162.54 0.0343
74.48 433.58 99.54 293.15 0.0341
27.90 344.46 65.12 265.62 0.0340
597.61 79.95 103.05 245.09 0.0340
564.67 500.72 96.57 256.26 0.0337
190.16 531.34 110.21 324.13 0.0337
589.25 552.23 101.86 282.23 0.0334
72.89 21.26 255.05 405.68 0.0334
328.16 0.00 98.90 196.17 0.0331
137.25 0.00 292.51 226.37 0.0330
531.94 620.06 95.15 255.99 0.0327
341.72 717.39 98.48 261.81 0.0327
190.74 895.01 102.01 264.49 0.0325
509.42 0.00 100.24 202.19 0.0323
4.34 29.38 70.91 229.77 0.0322
717.28 64.62 153.50 152.35 0.0320
296.98 960.15 109.54 250.64 0.0319
0.00 464.28 240.36 391.33 0.0319
142.98 175.58 115.47 255.75 0.0319
247.53 602.70 122.36 253.58 0.0317
815.11 178.52 208.89 387.04 0.0317
401.26 0.00 141.16 103.13 0.0317
184.57 5.81 141.85 127.04 0.0315
601.58 21.83 141.60 134.60 0.0315
459.46 660.72 106.32 220.64 0.0314
558.41 152.33 108.66 252.03 0.0312
369.00 333.52 113.78 253.18 0.0312
60.80 1017.26 96.27 249.36 0.0311
260.97 12.42 156.83 115.75 0.0311
674.85 396.15 100.04 262.16 0.0310
454.80 383.95 153.27 213.83 0.0310
643.96 133.62 91.54 252.45 0.0308
389.51 1033.40 92.08 264.60 0.0307
767.58 389.38 109.88 292.47 0.0307
819.72 545.53 116.68 260.45 0.0306
30.22 590.02 73.18 263.28 0.0306
322.93 403.89 108.99 237.72 0.0305
593.72 722.70 123.59 240.59 0.0304
115.39 633.09 102.44 256.12 0.0304
24.08 471.80 69.26 263.92 0.0302
108.44 997.27 114.86 254.82 0.0302
718.76 453.38 127.88 244.57 0.0300
699.62 792.64 103.08 250.91 0.0300
373.10 642.18 144.84 294.28 0.0298
328.67 81.03 113.66 278.92 0.0297
238.16 405.52 111.24 297.52 0.0297
206.83 80.23 140.61 152.90 0.0296
834.53 379.79 122.83 280.58 0.0295
807.89 0.00 149.54 128.57 0.0294
92.58 18.54 101.44 226.13 0.0294
562.87 379.32 101.24 270.44 0.0293
817.55 71.54 148.82 172.74 0.0293
669.06 18.98 141.50 143.37 0.0292
768.38 310.27 104.73 210.65 0.0291
630.19 513.00 101.51 277.66 0.0291
640.16 264.77 97.28 262.95 0.0289
479.21 75.61 102.01 156.10 0.0288
331.94 1025.87 83.81 251.69 0.0288
860.32 137.25 84.45 221.66 0.0286
176.40 218.00 117.71 288.85 0.0285
603.59 208.54 93.32 240.11 0.0284
236.23 960.08 100.89 272.24 0.0284
89.07 0.00 193.30 66.46 0.0280
274.41 363.31 109.75 274.65 0.0279
19.42 1032.97 81.11 209.73 0.0278
0.00 918.45 66.40 290.74 0.0278
0.00 1112.20 49.08 185.80 0.0277
949.35 0.00 74.65 139.49 0.0277
81.04 573.21 103.77 246.13 0.0276
98.14 870.58 126.28 284.48 0.0271
732.64 2.15 142.75 140.49 0.0269
397.18 91.50 127.92 295.87 0.0268
570.13 0.00 177.22 81.90 0.0268
527.25 232.11 118.10 244.83 0.0267
389.20 543.64 98.16 286.05 0.0266
295.62 646.14 107.15 237.91 0.0265
160.53 951.02 97.62 273.54 0.0264
888.67 0.00 135.33 337.48 0.0263
473.88 0.00 154.66 87.09 0.0263
825.56 0.00 187.20 68.83 0.0261
605.39 452.96 92.74 263.06 0.0260
772.19 769.58 110.08 263.07 0.0260
794.89 687.09 150.31 269.07 0.0260
576.10 274.49 95.60 237.39 0.0260
708.96 292.52 90.75 237.50 0.0257
682.22 219.75 90.28 249.95 0.0257
743.56 630.59 181.49 232.84 0.0257
204.49 0.00 186.04 72.32 0.0255
528.29 713.76 118.68 270.08 0.0255
335.36 567.47 100.46 271.08 0.0254
410.95 255.94 105.22 257.75 0.0251
683.53 0.00 177.71 69.62 0.0247
276.64 0.00 200.26 63.33 0.0245
322.45 1157.24 182.64 140.76 0.0245
392.20 934.46 111.96 274.40 0.0244
465.67 225.18 93.74 309.96 0.0241
875.47 662.33 99.99 220.73 0.0233
352.42 762.65 160.61 285.75 0.0233
214.21 1033.64 82.91 264.36 0.0229
0.00 913.68 32.85 226.75 0.0228
791.22 19.42 100.66 224.29 0.0226
735.40 847.64 114.97 257.94 0.0223
923.62 0.00 100.38 40.44 0.0217
0.00 286.88 67.46 231.93 0.0215
257.18 1069.75 104.71 228.25 0.0215
424.07 1082.22 116.83 215.78 0.0213
449.52 723.88 121.98 296.23 0.0211
635.81 785.81 123.95 271.64 0.0209
501.86 46.48 95.27 299.73 0.0208
167.69 1141.02 107.59 156.98 0.0204
312.31 198.95 116.39 323.84 0.0201
