2_Demonstration_Protesters_2_486
200
490.34 127.07 419.82 213.51 0.5170
160.89 426.32 190.14 282.68 0.3120
363.48 138.11 358.78 303.75 0.2017
108.16 351.55 159.42 357.45 0.2008
113.69 332.95 399.85 376.05 0.1877
533.80 205.80 342.12 280.24 0.1487
344.78 77.36 443.38 206.87 0.1452
410.95 439.44 265.49 269.56 0.1238
663.66 167.02 360.34 259.37 0.1115
94.76 136.04 195.13 341.13 0.1085
533.32 360.68 312.02 348.32 0.1057
546.45 298.94 477.55 259.97 0.0973
152.17 230.81 208.65 285.96 0.0973
59.68 463.85 79.71 164.06 0.0892
35.13 28.10 205.28 304.10 0.0834
300.18 308.68 335.07 251.32 0.0742
52.35 542.53 75.32 152.75 0.0723
243.68 121.61 347.15 212.12 0.0719
622.31 204.15 101.58 153.59 0.0699
211.26 442.11 118.26 115.19 0.0688
300.20 34.10 378.22 151.27 0.0674
689.99 90.68 334.01 199.75 0.0633
58.43 216.62 75.40 135.03 0.0630
178.22 454.68 110.55 142.06 0.0623
27.83 509.21 64.32 147.80 0.0622
132.78 114.52 235.73 249.52 0.0612
379.29 48.32 153.28 81.78 0.0603
422.20 476.84 121.21 150.11 0.0600
76.41 453.83 130.70 138.34 0.0592
53.83 164.70 74.06 131.53 0.0589
485.16 38.29 416.81 167.94 0.0587
398.94 77.58 113.25 138.80 0.0583
22.99 442.23 66.95 158.94 0.0577
303.65 473.39 156.08 98.92 0.0576
107.15 84.07 412.06 186.64 0.0559
648.42 252.04 105.24 142.03 0.0558
808.78 511.95 103.49 152.93 0.0557
649.45 229.64 188.69 90.01 0.0556
833.16 144.74 127.62 147.94 0.0550
345.17 498.30 144.50 117.42 0.0549
446.89 476.55 173.27 106.71 0.0547
62.34 115.67 84.64 129.19 0.0545
602.29 40.40 144.03 92.19 0.0545
242.25 464.70 145.18 116.67 0.0544
305.49 32.23 142.44 86.76 0.0541
23.74 299.46 160.23 409.54 0.0541
11.64 18.07 67.71 128.04 0.0540
250.11 438.69 184.31 91.05 0.0538
352.26 118.42 137.17 122.32 0.0528
734.47 390.82 106.04 174.66 0.0523
49.83 420.19 83.21 133.31 0.0522
542.50 32.27 150.54 88.70 0.0522
95.67 437.97 177.72 95.74 0.0522
773.38 49.13 165.83 73.38 0.0516
454.64 117.19 133.52 131.24 0.0514
609.19 154.68 120.74 128.22 0.0512
21.50 56.12 66.94 151.78 0.0511
369.53 526.53 108.37 177.05 0.0500
686.08 280.96 118.40 123.09 0.0499
767.60 410.44 109.95 125.94 0.0494
748.42 268.50 93.62 121.30 0.0494
774.31 308.94 113.09 141.71 0.0491
0.00 486.25 62.29 128.54 0.0490
517.62 207.01 131.34 137.09 0.0489
345.52 184.31 136.77 118.47 0.0485
557.68 366.22 157.25 96.53 0.0482
0.00 552.87 66.55 130.76 0.0481
345.31 55.49 136.22 138.01 0.0474
219.49 499.48 112.33 160.46 0.0470
285.65 508.45 120.92 123.78 0.0470
807.81 113.90 105.94 147.68 0.0470
839.70 548.49 110.18 149.55 0.0464
520.01 148.28 133.02 135.16 0.0463
830.67 424.06 137.42 133.87 0.0463
576.08 243.69 117.97 133.78 0.0460
656.58 308.52 117.82 143.41 0.0459
394.97 150.94 126.98 138.63 0.0455
591.89 4.63 141.62 61.42 0.0453
770.92 136.49 100.66 145.69 0.0452
382.52 0.00 349.22 130.79 0.0450
24.65 254.55 69.63 150.72 0.0448
176.89 408.36 120.64 108.84 0.0447
61.36 21.26 274.96 174.55 0.0446
730.89 172.24 100.42 132.23 0.0446
434.04 198.22 123.57 154.12 0.0445
552.30 385.37 109.12 157.98 0.0445
362.71 213.28 96.82 165.68 0.0444
283.73 12.72 164.92 65.22 0.0443
8.04 0.00 100.93 65.94 0.0442
727.07 322.68 108.44 130.94 0.0442
767.15 472.27 109.24 146.14 0.0441
795.35 381.00 135.18 122.87 0.0439
773.64 548.96 104.63 133.11 0.0438
529.30 321.05 145.32 116.08 0.0438
832.84 255.91 129.96 142.28 0.0436
327.88 522.09 113.36 146.91 0.0431
836.91 471.53 110.29 153.65 0.0427
765.88 95.85 105.25 114.13 0.0425
139.13 473.69 112.53 145.59 0.0424
258.30 242.33 96.99 157.40 0.0424
700.70 347.45 104.55 146.83 0.0423
0.00 475.84 29.55 114.67 0.0423
802.95 55.87 104.00 132.33 0.0418
788.61 265.47 95.14 116.01 0.0418
690.07 140.15 109.92 159.15 0.0418
782.42 193.29 96.05 151.02 0.0416
636.42 340.77 96.93 144.28 0.0413
19.81 177.94 74.47 164.70 0.0412
690.56 490.96 128.97 128.70 0.0410
536.76 80.09 126.21 144.47 0.0408
477.86 323.40 116.62 130.52 0.0407
735.80 520.01 108.05 140.42 0.0406
197.31 0.00 148.80 57.99 0.0405
434.85 543.68 124.95 142.70 0.0396
295.37 240.75 115.04 154.98 0.0395
624.39 73.83 113.49 149.96 0.0395
50.43 288.37 78.21 164.78 0.0394
0.00 427.26 56.47 135.47 0.0394
697.82 537.14 106.78 145.01 0.0391
726.65 123.90 111.95 123.08 0.0391
376.60 423.10 96.49 131.70 0.0390
0.00 537.65 30.41 119.31 0.0389
468.97 510.55 129.24 127.28 0.0388
40.65 191.41 150.54 131.62 0.0388
565.54 131.93 124.88 115.09 0.0387
534.71 446.61 95.85 111.45 0.0387
518.39 350.94 115.99 140.48 0.0386
567.37 55.23 137.54 127.93 0.0385
476.49 165.62 115.15 163.39 0.0384
132.46 39.43 116.67 100.68 0.0384
171.96 7.93 112.58 139.80 0.0384
657.59 110.07 115.21 150.03 0.0382
480.66 0.00 144.24 48.18 0.0380
607.59 467.83 107.79 122.74 0.0380
173.76 558.27 127.54 139.02 0.0379
427.79 36.20 157.56 76.84 0.0374
507.77 47.99 122.03 82.28 0.0371
889.03 165.98 134.97 314.96 0.0371
733.65 29.23 140.67 78.04 0.0368
517.49 11.90 157.40 61.78 0.0368
483.39 235.91 127.29 141.91 0.0368
63.42 391.65 122.70 137.12 0.0367
102.12 29.83 193.84 66.38 0.0363
59.56 25.75 154.22 94.55 0.0362
549.88 194.13 152.07 103.30 0.0361
393.10 259.87 114.13 156.66 0.0359
263.57 397.68 102.25 118.56 0.0358
765.10 5.05 149.95 63.67 0.0357
15.76 76.57 169.37 118.39 0.0356
243.22 565.02 137.57 116.19 0.0356
833.32 91.33 105.74 117.13 0.0354
680.11 78.64 113.23 129.67 0.0353
372.08 0.00 136.76 61.84 0.0352
198.43 140.65 98.30 144.53 0.0351
95.60 221.15 136.18 145.15 0.0349
73.27 147.67 143.57 123.41 0.0348
182.99 218.09 161.64 118.18 0.0348
563.13 464.26 93.97 163.91 0.0347
587.30 0.00 86.17 103.94 0.0346
99.73 520.33 118.09 129.51 0.0346
449.32 431.06 114.15 120.78 0.0343
0.00 214.52 65.23 135.79 0.0339
42.79 29.57 95.07 109.98 0.0337
238.15 0.00 150.38 36.55 0.0336
21.60 374.06 61.29 165.46 0.0330
552.55 545.27 111.78 157.12 0.0329
867.74 391.57 144.79 123.73 0.0327
363.78 340.59 111.28 160.25 0.0325
397.85 390.59 107.55 117.11 0.0324
485.88 380.38 109.24 152.58 0.0319
0.00 186.67 232.66 216.93 0.0319
694.68 407.39 94.00 130.11 0.0318
430.05 312.88 115.93 160.05 0.0316
659.03 0.00 115.43 74.47 0.0315
142.32 289.17 118.72 142.08 0.0315
632.82 556.42 122.71 142.54 0.0312
0.00 605.74 40.69 103.26 0.0312
478.13 567.66 149.48 120.57 0.0310
616.74 0.00 390.27 119.89 0.0309
255.07 0.00 115.83 87.43 0.0302
330.86 279.16 106.32 170.73 0.0301
126.64 2.34 131.26 56.79 0.0300
0.00 152.92 67.32 136.44 0.0296
127.41 100.54 103.24 150.28 0.0295
198.49 353.46 97.96 130.03 0.0294
259.55 0.00 309.02 117.61 0.0291
120.24 569.09 134.50 108.65 0.0290
95.77 0.00 93.96 95.99 0.0289
624.82 398.00 87.88 113.30 0.0288
671.11 47.41 177.16 75.52 0.0282
14.34 125.25 94.11 134.36 0.0281
733.23 58.27 112.80 133.55 0.0280
947.16 0.00 76.84 83.81 0.0280
864.13 527.30 116.58 123.27 0.0279
874.34 90.26 117.92 150.39 0.0279
10.29 13.65 151.18 82.56 0.0277
306.20 341.41 109.53 154.65 0.0277
0.00 275.27 66.71 140.02 0.0272
860.94 498.67 154.83 96.97 0.0268
466.48 51.11 122.69 124.49 0.0268
