2_Demonstration_Demonstration_Or_Protest_2_314
200
513.15 275.60 510.85 414.19 0.5590
282.28 359.40 379.68 537.43 0.1842
460.55 709.98 312.12 684.02 0.1614
109.69 397.90 287.13 588.75 0.1441
475.10 328.90 332.26 544.11 0.1418
124.49 253.68 408.03 476.36 0.1172
346.50 595.59 382.13 511.97 0.1122
590.38 491.58 433.62 450.89 0.1121
166.74 706.92 318.10 687.08 0.0931
48.24 398.96 184.48 703.32 0.0892
87.87 196.88 225.18 621.99 0.0886
236.25 512.47 315.56 582.02 0.0882
324.17 706.96 310.76 687.04 0.0808
525.08 551.37 314.69 551.97 0.0805
30.20 99.34 204.46 613.98 0.0762
99.23 597.72 194.77 760.57 0.0743
184.75 163.45 411.27 369.31 0.0722
50.93 353.62 83.51 290.00 0.0720
437.31 845.68 107.34 255.05 0.0687
420.84 197.37 413.34 358.95 0.0679
556.33 330.93 103.57 289.24 0.0592
281.72 431.11 116.18 268.30 0.0589
309.33 385.91 140.12 255.12 0.0579
596.92 312.87 162.35 238.48 0.0550
21.29 383.04 67.12 254.16 0.0543
724.54 810.02 118.20 267.38 0.0542
66.20 0.00 238.11 522.83 0.0532
77.87 373.15 111.57 267.37 0.0528
215.34 449.12 116.14 270.57 0.0504
794.53 513.71 118.07 251.67 0.0504
666.35 294.65 152.82 257.22 0.0503
725.88 492.24 114.58 278.00 0.0500
363.05 455.70 109.43 252.84 0.0499
327.69 848.87 104.11 261.44 0.0491
475.99 380.83 115.01 232.00 0.0486
31.96 478.21 68.14 229.50 0.0485
353.68 777.04 140.34 193.32 0.0468
763.03 863.60 138.81 238.08 0.0459
775.26 1082.96 105.51 267.86 0.0458
497.81 314.71 128.21 224.51 0.0457
697.27 533.24 100.96 294.05 0.0457
737.23 907.65 98.70 302.89 0.0455
708.22 877.40 93.13 276.38 0.0454
493.09 840.79 121.81 267.51 0.0451
704.19 257.40 152.21 194.77 0.0450
682.90 783.28 136.13 202.46 0.0450
719.83 362.52 123.70 268.37 0.0449
420.64 790.64 159.07 204.74 0.0449
768.71 543.21 105.09 303.99 0.0448
772.18 450.38 106.95 251.29 0.0446
566.90 793.45 151.58 201.98 0.0444
102.33 59.92 429.89 308.51 0.0442
410.90 365.45 101.91 248.68 0.0438
328.87 698.08 104.88 263.30 0.0437
841.11 536.56 128.04 247.62 0.0437
443.71 298.16 100.25 268.59 0.0437
55.64 1022.00 78.98 290.66 0.0436
49.53 666.25 81.37 314.27 0.0435
503.77 451.80 111.70 315.03 0.0433
367.50 909.16 107.69 251.24 0.0431
16.81 53.74 81.83 218.31 0.0429
371.41 314.82 103.50 251.16 0.0428
234.61 377.03 149.02 231.97 0.0426
618.97 709.66 116.56 251.43 0.0425
445.50 421.77 100.76 251.07 0.0424
325.70 535.13 114.53 302.28 0.0424
619.00 534.81 111.61 285.32 0.0417
701.23 1022.42 99.38 272.12 0.0417
659.92 1098.82 107.33 254.33 0.0414
466.37 920.54 118.64 327.72 0.0408
661.88 837.75 118.80 250.95 0.0408
656.61 486.61 115.12 282.12 0.0407
808.64 1110.84 127.07 258.51 0.0407
401.02 509.39 105.33 250.31 0.0405
301.37 758.71 97.58 267.99 0.0404
60.62 79.73 78.17 292.78 0.0404
657.58 614.48 111.86 271.36 0.0401
584.45 460.53 106.59 315.47 0.0401
145.27 324.10 112.19 318.87 0.0400
723.31 1047.31 139.85 201.26 0.0397
57.44 227.18 69.72 289.28 0.0396
296.87 881.95 98.33 275.82 0.0394
767.52 162.49 111.43 288.52 0.0392
549.39 850.18 119.49 252.99 0.0388
79.72 1039.31 107.34 257.76 0.0387
133.52 0.00 291.95 235.60 0.0387
798.74 83.94 113.61 303.23 0.0386
0.00 0.00 96.61 136.01 0.0385
364.45 610.74 110.54 280.55 0.0384
759.17 300.57 121.07 253.46 0.0380
585.45 616.77 109.55 293.03 0.0379
470.85 534.51 116.02 300.08 0.0378
614.74 1038.47 119.34 252.87 0.0378
464.67 266.65 130.25 200.26 0.0378
536.34 269.70 141.74 225.17 0.0378
496.84 638.45 125.67 272.36 0.0377
621.53 390.29 112.36 306.44 0.0376
291.17 1085.18 105.42 269.82 0.0374
221.58 1026.86 104.15 272.97 0.0372
804.08 351.83 109.83 307.78 0.0370
471.78 1110.45 115.54 256.93 0.0365
373.69 95.83 97.55 274.16 0.0364
192.02 352.23 107.66 277.45 0.0364
778.01 74.49 152.35 147.34 0.0364
248.36 0.00 338.14 223.44 0.0363
124.23 1047.26 119.88 259.05 0.0363
402.74 73.48 410.45 290.08 0.0362
543.73 878.76 428.66 515.24 0.0362
515.01 957.89 122.64 266.65 0.0362
27.45 583.03 72.83 318.89 0.0360
330.54 999.52 105.39 290.00 0.0359
50.96 813.31 78.78 297.06 0.0359
30.20 1079.88 73.02 307.81 0.0358
84.30 244.98 95.66 269.83 0.0357
772.24 955.62 113.18 271.29 0.0353
722.51 86.44 116.51 297.93 0.0351
731.39 663.36 102.22 285.63 0.0350
366.66 1100.51 110.04 270.23 0.0349
533.27 728.46 144.00 197.82 0.0348
256.96 958.01 101.39 276.17 0.0347
539.69 571.01 119.90 272.33 0.0346
30.38 751.71 68.98 300.76 0.0346
73.27 755.39 105.69 284.56 0.0345
41.26 62.03 118.48 178.32 0.0344
393.57 660.44 138.70 211.55 0.0344
341.44 172.18 98.90 267.43 0.0343
436.17 1041.59 121.84 258.04 0.0342
266.88 521.06 99.17 287.31 0.0341
798.73 251.88 115.03 259.83 0.0339
407.21 151.13 101.77 283.95 0.0336
584.81 1079.39 110.85 281.17 0.0331
407.40 1123.80 116.37 235.02 0.0328
289.87 604.42 108.89 271.40 0.0328
661.55 943.60 108.26 269.79 0.0328
762.13 8.57 152.08 135.44 0.0327
696.88 46.73 142.10 150.28 0.0324
95.12 92.54 131.41 177.04 0.0323
515.44 173.85 103.34 267.32 0.0319
398.95 81.44 108.35 171.77 0.0318
441.86 82.48 102.90 282.15 0.0318
878.82 445.71 127.38 233.11 0.0317
590.33 940.59 104.16 309.03 0.0315
656.58 64.82 120.17 321.99 0.0315
193.15 968.07 104.96 264.62 0.0315
263.26 842.04 99.36 275.44 0.0313
170.70 467.15 105.47 302.90 0.0312
122.44 208.05 101.71 291.86 0.0311
355.78 1047.28 145.44 201.02 0.0311
464.03 0.00 336.95 209.26 0.0311
0.00 420.59 43.90 222.27 0.0310
55.21 510.11 77.40 319.61 0.0308
759.15 0.00 264.85 248.20 0.0308
26.56 230.76 62.39 291.24 0.0308
630.49 649.25 393.51 610.87 0.0308
176.64 1113.29 123.34 248.13 0.0307
27.55 949.80 70.95 289.04 0.0306
369.92 4.85 131.50 136.12 0.0306
615.32 890.51 114.29 262.26 0.0305
169.54 35.91 122.59 183.93 0.0305
0.00 1228.95 45.25 165.05 0.0302
624.12 54.00 141.01 148.89 0.0301
295.21 0.00 129.23 136.71 0.0300
619.37 0.00 149.47 124.46 0.0299
44.66 7.69 133.52 138.61 0.0299
327.58 73.52 105.66 182.02 0.0298
83.14 872.67 104.81 271.19 0.0298
831.76 176.50 106.44 255.90 0.0296
223.14 895.25 104.00 283.36 0.0294
840.18 468.71 183.82 619.32 0.0293
0.00 468.13 66.44 277.94 0.0292
307.67 92.79 96.01 272.96 0.0291
125.55 19.97 130.25 138.67 0.0290
444.68 7.17 127.95 137.32 0.0288
537.58 1039.75 118.83 276.65 0.0287
681.59 89.25 122.84 167.41 0.0285
312.94 259.21 94.20 253.97 0.0284
771.94 689.90 111.59 281.62 0.0284
233.70 75.15 148.43 158.21 0.0283
197.29 12.72 123.02 135.92 0.0283
89.35 980.24 156.71 200.63 0.0282
160.27 300.52 161.23 222.33 0.0281
836.06 1014.17 122.81 285.89 0.0280
719.89 1122.41 87.16 271.59 0.0278
58.72 702.03 148.35 210.34 0.0278
0.00 316.33 63.43 245.00 0.0277
32.35 162.70 73.13 234.63 0.0276
0.00 6.08 62.15 262.47 0.0276
73.36 474.83 107.44 294.63 0.0276
48.50 969.35 119.28 206.53 0.0272
259.31 690.20 109.62 261.39 0.0271
472.38 70.98 106.40 183.07 0.0271
240.88 598.15 89.20 286.32 0.0270
0.00 681.59 69.61 273.15 0.0269
0.00 1081.85 65.73 278.40 0.0267
943.68 0.00 80.32 152.96 0.0267
508.56 0.00 131.11 131.15 0.0266
0.00 880.43 217.78 513.57 0.0265
230.04 730.87 101.52 314.15 0.0264
234.11 93.32 102.39 277.40 0.0263
526.39 44.22 129.83 168.72 0.0261
