2_Demonstration_Political_Rally_2_382
187
420.68 415.95 406.87 563.35 0.2256
146.99 272.12 229.45 564.84 0.1257
197.83 324.04 399.58 523.28 0.1114
474.89 190.15 510.11 478.37 0.1094
153.03 632.06 209.10 671.15 0.0984
38.70 54.57 195.64 647.51 0.0981
502.36 63.87 484.64 304.95 0.0951
581.00 632.01 443.00 446.59 0.0916
390.02 586.08 306.03 695.11 0.0880
41.42 534.81 169.47 831.19 0.0862
209.15 635.47 375.00 626.98 0.0857
101.87 143.19 427.54 366.90 0.0785
99.26 502.88 188.87 649.17 0.0742
62.30 7.55 266.40 449.11 0.0652
568.02 82.05 146.05 208.84 0.0623
567.96 40.41 167.63 148.31 0.0619
79.15 66.60 156.56 168.09 0.0614
362.48 283.59 384.94 438.38 0.0600
55.15 648.87 76.33 296.85 0.0574
521.71 672.09 331.26 693.91 0.0533
49.36 877.06 75.32 277.54 0.0531
46.24 353.44 75.10 286.22 0.0529
524.87 40.17 135.37 124.63 0.0521
107.46 871.59 104.91 283.68 0.0514
404.80 591.15 110.49 279.80 0.0512
483.41 516.65 147.05 255.77 0.0507
0.00 0.00 73.69 154.40 0.0502
334.02 475.04 113.07 267.04 0.0496
46.98 531.69 85.93 292.01 0.0486
411.50 468.39 136.22 258.56 0.0475
152.78 295.44 107.59 270.12 0.0468
689.25 673.47 127.15 239.66 0.0463
142.70 894.80 133.02 212.71 0.0461
171.67 240.65 127.53 228.35 0.0454
45.89 0.00 92.56 226.83 0.0452
27.55 608.72 73.48 304.63 0.0447
120.56 0.00 89.09 200.41 0.0446
358.96 632.31 116.11 205.03 0.0443
699.03 903.41 119.54 246.80 0.0440
695.74 776.54 113.00 273.85 0.0439
842.41 1067.12 118.61 274.69 0.0438
369.61 415.02 113.83 259.94 0.0438
328.26 374.35 104.32 262.82 0.0437
149.98 59.40 449.75 283.02 0.0436
180.22 930.78 111.13 285.31 0.0432
130.27 78.09 127.12 276.99 0.0430
62.60 975.84 73.74 286.32 0.0426
293.69 632.71 118.32 238.59 0.0424
73.02 720.61 112.93 281.50 0.0420
24.46 413.59 67.63 290.85 0.0416
505.47 423.80 113.43 234.45 0.0413
364.65 310.87 105.20 238.50 0.0412
61.66 0.00 142.12 105.09 0.0411
550.07 394.33 110.29 342.28 0.0404
625.48 26.67 100.99 364.49 0.0401
66.21 614.81 136.46 261.34 0.0397
365.20 712.01 111.57 239.55 0.0396
557.90 219.78 109.28 312.92 0.0394
464.22 570.45 117.85 295.67 0.0390
156.59 71.84 141.18 169.36 0.0390
87.42 964.67 95.87 276.27 0.0389
68.75 347.75 111.15 249.27 0.0384
800.41 985.64 120.36 268.53 0.0382
406.42 339.63 122.54 268.43 0.0379
330.88 673.29 98.96 290.10 0.0378
374.63 0.00 149.33 89.15 0.0372
501.46 66.34 130.59 159.18 0.0370
273.53 569.53 150.30 200.33 0.0369
126.38 224.14 100.35 261.72 0.0366
485.21 3.62 147.39 112.72 0.0366
156.89 819.34 152.63 212.95 0.0364
208.48 954.33 141.15 203.59 0.0363
264.71 684.85 112.56 264.44 0.0362
564.18 0.00 181.81 76.27 0.0360
392.41 251.40 136.11 204.88 0.0359
300.97 313.79 102.68 262.11 0.0358
661.99 717.10 105.24 281.73 0.0355
550.01 55.93 97.03 317.15 0.0352
725.24 730.21 144.17 265.36 0.0352
45.54 825.09 105.84 195.42 0.0351
728.23 892.87 156.88 199.70 0.0350
167.86 0.00 331.21 231.94 0.0349
161.58 0.00 121.19 177.91 0.0349
20.77 91.79 83.24 249.01 0.0346
153.42 1042.94 106.70 276.67 0.0346
101.07 700.42 138.03 225.19 0.0343
520.69 305.30 111.28 265.32 0.0343
429.42 52.67 149.75 200.39 0.0342
62.79 1098.36 102.26 267.64 0.0342
0.00 427.52 60.07 244.06 0.0340
287.34 1053.79 108.17 299.29 0.0337
250.81 488.75 122.55 244.20 0.0336
267.35 66.36 95.86 203.20 0.0334
50.75 350.21 226.27 539.04 0.0334
34.40 1118.83 83.65 227.88 0.0333
429.41 725.93 113.79 263.02 0.0331
291.53 165.34 356.36 443.29 0.0331
651.39 0.00 112.16 153.29 0.0331
776.71 1064.06 117.86 261.58 0.0331
21.90 240.56 70.94 323.44 0.0330
58.22 499.44 139.95 243.80 0.0330
444.28 0.00 359.42 236.69 0.0329
213.26 329.06 110.00 231.77 0.0329
0.00 553.28 63.76 251.12 0.0328
211.63 147.44 120.87 279.43 0.0327
100.92 554.81 143.36 253.70 0.0326
30.12 924.21 67.62 291.23 0.0325
697.13 1059.42 104.85 263.36 0.0325
327.57 252.69 114.10 233.66 0.0324
71.61 141.23 74.82 403.28 0.0322
672.20 945.84 104.76 251.42 0.0322
256.41 377.91 112.10 246.46 0.0321
732.14 972.26 116.08 243.06 0.0321
715.06 693.86 209.55 181.21 0.0318
286.25 0.00 152.87 71.60 0.0317
593.18 0.00 78.71 249.65 0.0316
627.65 35.38 221.65 183.65 0.0315
35.39 293.97 118.78 200.37 0.0314
349.30 782.70 119.22 304.00 0.0313
216.47 1053.36 109.62 292.56 0.0313
432.37 170.96 129.38 262.28 0.0307
749.71 616.82 88.86 210.62 0.0307
0.00 1189.56 42.64 176.44 0.0305
255.14 235.42 110.23 271.09 0.0304
507.05 631.51 119.64 330.93 0.0303
468.77 246.37 117.96 311.89 0.0303
821.94 953.81 154.54 197.32 0.0301
840.64 811.88 146.00 187.69 0.0301
314.31 18.88 85.68 281.64 0.0297
525.76 615.67 142.71 212.23 0.0296
282.80 0.00 105.80 180.73 0.0293
602.37 697.99 114.13 229.89 0.0293
108.07 423.50 117.17 264.88 0.0289
452.99 0.00 102.59 177.00 0.0288
246.11 996.44 115.22 264.19 0.0286
613.03 953.31 125.64 226.20 0.0284
327.70 1072.06 116.06 249.68 0.0284
0.00 0.00 152.21 84.97 0.0283
642.31 630.22 95.27 259.68 0.0281
226.64 760.33 117.15 300.59 0.0280
330.43 185.89 177.29 183.62 0.0276
765.88 776.56 152.11 274.69 0.0276
181.96 410.28 117.81 281.90 0.0276
264.17 123.13 165.07 199.54 0.0274
820.23 685.33 166.10 209.03 0.0272
209.28 596.82 138.21 298.85 0.0271
348.57 0.00 100.10 198.04 0.0267
56.72 221.09 143.86 204.67 0.0266
847.32 0.00 164.48 82.13 0.0264
698.90 617.10 224.89 179.29 0.0264
0.00 1081.27 61.23 248.70 0.0264
675.79 0.00 199.34 82.06 0.0262
163.69 0.00 185.62 69.55 0.0261
946.57 0.00 77.43 169.54 0.0261
766.91 0.00 257.09 239.56 0.0254
627.31 777.24 107.64 293.00 0.0254
892.45 874.97 124.76 217.03 0.0246
0.00 192.47 66.78 301.34 0.0244
400.67 0.00 307.49 444.42 0.0244
565.05 736.31 113.52 230.29 0.0243
0.00 1227.42 107.47 138.58 0.0243
598.39 483.48 103.09 316.53 0.0242
476.76 128.98 159.31 188.66 0.0241
255.17 869.94 110.19 253.84 0.0241
199.84 45.48 154.24 128.52 0.0241
505.97 186.02 105.03 248.60 0.0239
0.00 0.00 234.84 329.32 0.0236
320.86 0.00 337.78 204.50 0.0236
406.56 0.00 107.35 197.54 0.0233
163.61 551.94 134.40 222.23 0.0231
4.08 807.02 114.05 256.96 0.0231
164.53 670.16 139.85 288.19 0.0228
0.00 21.85 67.40 348.28 0.0225
290.59 899.07 106.44 305.98 0.0224
384.00 32.29 111.41 296.83 0.0224
564.42 1020.13 144.30 225.52 0.0219
911.94 0.00 112.06 331.62 0.0217
381.05 820.86 154.44 215.91 0.0216
738.85 1113.53 100.08 252.47 0.0216
625.71 1110.99 130.04 236.60 0.0213
332.94 873.77 107.92 347.78 0.0210
380.25 1082.33 91.34 283.67 0.0210
0.00 858.94 68.28 266.47 0.0208
501.98 350.45 261.73 188.95 0.0206
778.89 191.24 191.63 188.88 0.0203
303.17 802.83 102.95 276.07 0.0203
850.49 1226.15 116.83 139.85 0.0202
