2_Demonstration_Political_Rally_2_22
200
372.68 227.99 346.78 263.94 0.6303
522.64 237.82 345.00 246.02 0.5587
502.59 134.80 521.41 197.56 0.4454
218.22 92.40 416.09 163.59 0.4068
337.55 136.73 396.38 198.99 0.3758
161.34 396.48 206.71 286.52 0.2870
234.20 147.25 340.32 263.93 0.2484
532.71 301.58 310.87 378.30 0.2308
587.57 302.01 436.43 229.73 0.1979
255.22 360.64 272.72 322.36 0.1842
382.03 305.89 313.39 360.42 0.1814
151.88 278.37 224.36 288.15 0.1798
232.32 37.07 406.80 142.19 0.1437
157.27 159.74 221.25 277.27 0.1209
34.46 315.32 170.20 359.63 0.0765
142.08 75.33 283.94 212.59 0.0723
43.19 249.80 77.96 136.59 0.0707
445.17 109.08 388.56 153.04 0.0693
52.70 319.65 77.15 158.24 0.0686
335.30 206.72 95.95 142.71 0.0620
575.25 120.47 122.65 128.53 0.0613
461.91 273.01 116.87 133.40 0.0596
442.70 419.81 105.44 153.75 0.0588
798.38 218.57 118.82 118.65 0.0588
836.26 309.06 119.67 133.84 0.0584
608.94 204.34 120.65 140.15 0.0577
641.10 188.04 143.74 102.56 0.0574
211.52 76.93 131.18 127.02 0.0559
715.96 219.09 123.25 120.97 0.0556
605.56 160.13 142.61 92.19 0.0553
297.48 171.52 105.65 134.02 0.0548
347.36 192.13 147.70 100.86 0.0546
503.46 431.38 114.96 126.20 0.0542
836.62 436.15 137.47 139.11 0.0537
652.98 228.58 116.53 149.46 0.0530
573.71 182.75 130.90 109.18 0.0530
368.32 332.57 103.28 142.40 0.0527
470.53 499.89 119.85 123.29 0.0526
252.09 156.30 123.94 106.01 0.0523
252.30 212.11 118.61 121.88 0.0518
538.55 500.73 136.00 125.93 0.0515
398.11 281.46 107.03 160.41 0.0515
768.65 247.55 98.43 134.45 0.0513
324.51 420.20 154.93 98.01 0.0511
790.64 393.92 129.02 142.94 0.0510
223.80 168.86 111.89 137.86 0.0508
463.36 335.19 125.03 122.81 0.0506
195.02 41.56 132.27 89.86 0.0503
550.71 218.80 110.74 138.05 0.0502
546.28 150.54 110.67 128.73 0.0502
380.90 165.89 150.53 89.14 0.0498
67.88 255.99 135.52 102.40 0.0498
300.38 237.33 94.87 141.43 0.0496
247.08 48.11 123.16 112.62 0.0495
283.86 107.77 142.52 111.15 0.0490
455.33 165.50 148.41 94.16 0.0490
731.48 376.04 118.73 122.46 0.0489
194.60 138.48 102.10 133.51 0.0489
571.83 71.89 116.48 119.62 0.0487
763.51 194.74 120.21 117.91 0.0486
534.06 277.85 137.95 122.11 0.0486
605.20 114.87 159.75 103.80 0.0485
432.85 182.52 113.52 128.78 0.0484
40.58 387.77 101.73 145.24 0.0484
538.54 338.05 133.29 123.31 0.0481
739.55 309.38 97.72 132.85 0.0478
393.90 395.01 120.66 141.70 0.0473
513.41 183.60 114.33 132.37 0.0473
796.78 344.61 128.03 129.09 0.0473
66.58 336.21 133.19 131.91 0.0472
504.37 241.50 112.70 139.03 0.0471
503.88 536.09 129.58 122.40 0.0469
136.15 355.85 136.97 100.62 0.0468
838.19 373.14 123.79 123.26 0.0467
469.56 399.83 102.16 124.88 0.0467
25.41 276.21 64.15 141.15 0.0466
288.48 410.35 123.56 126.47 0.0465
476.22 203.04 108.46 146.48 0.0460
611.96 273.74 126.98 129.93 0.0458
664.73 151.16 162.14 99.82 0.0457
59.47 208.64 182.28 316.04 0.0456
293.95 342.66 112.16 120.54 0.0453
691.43 280.04 120.29 116.65 0.0451
495.81 300.94 135.85 133.35 0.0450
57.48 229.12 82.31 107.64 0.0449
174.84 218.67 132.75 123.46 0.0449
0.00 57.18 221.23 196.74 0.0447
610.37 500.54 128.26 119.45 0.0445
694.67 349.36 111.06 128.18 0.0445
97.41 396.82 141.52 123.85 0.0445
585.99 393.76 107.82 145.89 0.0440
806.84 197.20 159.81 92.43 0.0438
803.97 270.68 107.60 135.60 0.0437
576.81 549.33 142.48 95.02 0.0433
265.62 263.79 98.82 137.98 0.0431
148.96 414.13 110.89 148.14 0.0431
536.19 386.21 118.37 142.47 0.0428
236.49 328.91 145.35 90.79 0.0426
488.89 371.19 133.48 126.17 0.0425
27.67 337.21 67.35 144.06 0.0423
333.57 273.27 106.02 122.77 0.0422
106.88 275.22 129.92 133.92 0.0421
215.50 346.94 125.02 124.25 0.0421
791.27 468.93 140.48 126.70 0.0421
209.94 528.08 149.18 138.35 0.0419
842.51 242.68 103.65 134.68 0.0419
596.66 341.20 158.01 112.45 0.0418
133.92 250.58 139.63 113.61 0.0416
169.83 488.27 130.70 150.35 0.0413
852.32 256.95 171.68 263.67 0.0412
166.19 279.23 136.67 119.79 0.0411
380.89 251.19 147.14 117.97 0.0411
499.61 134.26 131.26 95.55 0.0406
748.01 428.10 127.82 123.52 0.0405
435.48 359.25 113.35 145.68 0.0405
205.26 420.97 127.04 154.42 0.0404
318.09 141.37 125.86 116.54 0.0403
100.46 214.61 131.80 123.30 0.0401
688.36 404.61 128.28 136.70 0.0398
27.50 206.36 59.03 140.86 0.0396
620.39 366.21 107.96 142.19 0.0395
831.20 503.51 132.28 128.79 0.0392
408.96 457.95 106.00 124.64 0.0387
521.36 42.14 166.57 78.77 0.0382
639.48 531.29 141.13 135.28 0.0382
733.78 162.14 111.12 120.73 0.0380
489.97 37.92 478.03 136.06 0.0378
291.93 22.15 98.31 118.84 0.0378
245.18 373.91 135.18 129.58 0.0375
0.00 0.00 63.27 69.38 0.0360
741.96 0.00 282.04 165.25 0.0359
168.45 0.00 332.84 117.45 0.0356
94.72 107.14 226.30 243.10 0.0355
176.21 382.20 127.62 125.66 0.0353
132.71 188.65 139.05 119.40 0.0348
56.65 136.97 73.24 133.58 0.0346
643.41 45.06 83.41 102.69 0.0340
177.98 15.88 153.13 71.29 0.0338
445.20 527.47 100.62 129.58 0.0338
47.62 427.44 141.90 148.71 0.0338
604.78 451.23 134.66 107.41 0.0331
676.36 490.04 132.50 116.53 0.0329
258.19 448.04 119.27 155.70 0.0328
34.12 440.08 70.55 144.83 0.0324
0.00 249.37 63.76 120.08 0.0322
25.65 100.92 61.76 127.34 0.0319
0.00 406.91 60.20 136.90 0.0317
108.76 157.68 171.50 93.58 0.0307
674.39 69.85 85.15 104.49 0.0303
861.01 293.72 159.75 90.65 0.0300
486.97 85.70 160.92 101.54 0.0297
0.00 0.00 227.66 19.84 0.0296
716.06 117.44 88.57 113.44 0.0294
341.06 460.95 122.07 112.20 0.0291
778.37 525.97 141.05 146.76 0.0287
0.00 110.18 67.16 99.55 0.0286
283.19 0.00 149.19 37.41 0.0284
135.32 0.00 174.65 53.30 0.0280
116.35 480.62 111.41 129.12 0.0277
537.07 586.87 146.14 96.13 0.0274
650.34 365.55 340.75 317.45 0.0274
0.00 186.70 217.75 199.42 0.0274
324.69 0.00 193.16 22.26 0.0273
858.59 222.11 165.41 96.30 0.0273
0.00 343.52 63.77 130.80 0.0271
355.65 0.00 356.80 128.91 0.0268
274.08 514.94 124.68 135.15 0.0268
858.39 417.05 165.61 104.61 0.0266
467.74 583.78 127.31 99.22 0.0264
839.21 371.40 184.79 281.89 0.0260
4.65 182.18 124.66 117.51 0.0259
0.00 605.11 43.46 77.89 0.0257
120.39 530.65 106.92 147.68 0.0254
749.54 485.57 124.98 133.73 0.0252
634.99 49.04 173.41 118.18 0.0248
756.99 102.22 85.14 121.02 0.0248
714.02 534.30 134.64 122.08 0.0247
23.04 496.50 80.63 161.93 0.0247
373.13 511.01 133.35 116.43 0.0245
593.24 0.00 133.50 37.04 0.0244
305.27 91.31 222.02 112.42 0.0239
397.94 83.29 85.21 122.51 0.0235
591.87 29.74 147.96 84.37 0.0234
42.85 204.91 146.23 93.58 0.0234
83.08 35.08 192.78 86.47 0.0231
90.18 147.95 97.65 129.54 0.0229
481.37 0.00 201.06 50.73 0.0228
193.08 541.85 82.22 128.11 0.0228
889.77 318.93 134.23 118.38 0.0228
737.53 124.93 209.56 98.24 0.0226
563.04 2.26 170.53 79.52 0.0226
624.34 0.00 158.12 23.51 0.0222
958.11 0.00 65.89 6.30 0.0219
0.00 485.21 59.03 149.44 0.0217
0.00 301.83 37.52 105.39 0.0217
861.81 544.18 106.58 138.82 0.0216
311.24 23.71 151.17 74.46 0.0215
0.00 0.00 193.31 123.72 0.0215
0.00 438.77 149.54 244.23 0.0213
355.34 617.09 173.10 65.91 0.0212
