2_Demonstration_Demonstration_Or_Protest_2_173
200
510.62 194.00 370.18 299.32 0.9911
286.16 229.06 358.93 307.91 0.9759
147.82 240.59 334.46 312.67 0.9505
538.49 165.34 485.51 200.63 0.8828
392.08 162.86 354.25 215.39 0.8350
139.41 248.42 147.82 318.03 0.6599
151.13 179.04 348.73 206.14 0.5859
424.32 290.33 371.06 300.13 0.3669
89.75 347.77 148.85 395.41 0.3149
149.18 343.99 188.56 375.06 0.2440
301.86 350.53 326.12 347.06 0.1688
538.48 346.60 301.17 361.89 0.1476
602.29 271.79 421.71 260.17 0.1112
43.71 319.71 92.56 150.53 0.1017
58.61 177.60 72.80 185.43 0.0989
49.34 444.83 82.80 167.42 0.0971
55.00 81.23 78.20 167.66 0.0923
124.83 134.29 387.44 144.73 0.0919
773.13 203.33 250.87 192.76 0.0837
164.23 430.32 318.02 337.68 0.0832
125.88 170.71 169.89 243.20 0.0827
231.79 48.45 161.08 79.28 0.0763
466.48 456.56 292.12 311.44 0.0755
302.50 127.52 368.13 153.81 0.0745
32.24 178.38 55.48 178.04 0.0735
23.99 468.32 69.09 150.10 0.0690
34.90 61.22 164.46 78.89 0.0677
58.89 513.61 78.88 168.52 0.0638
302.12 55.57 171.76 82.46 0.0637
107.26 58.57 169.96 77.73 0.0614
27.46 88.69 60.02 159.57 0.0612
607.72 388.58 150.38 117.77 0.0607
13.58 321.01 73.00 187.47 0.0605
62.74 261.46 158.44 314.10 0.0605
474.52 292.09 101.34 160.71 0.0593
392.14 299.84 123.04 154.27 0.0591
733.93 375.14 109.08 153.03 0.0588
370.46 76.09 130.54 112.98 0.0580
184.10 27.79 181.23 61.06 0.0573
660.13 309.69 108.83 169.86 0.0565
504.79 324.84 107.28 166.94 0.0545
110.15 210.23 100.53 137.62 0.0544
740.12 25.56 162.75 69.17 0.0543
12.59 41.11 71.38 111.00 0.0543
856.02 253.01 97.59 165.87 0.0543
103.33 91.73 122.20 143.39 0.0540
253.29 64.81 121.63 145.72 0.0540
641.72 418.50 131.78 139.76 0.0540
317.35 69.75 123.84 132.34 0.0532
107.40 33.57 176.34 62.33 0.0526
398.13 183.45 118.07 132.18 0.0524
439.08 232.20 111.10 179.00 0.0519
434.52 334.04 120.40 154.25 0.0515
192.53 189.30 175.49 305.66 0.0512
733.55 453.61 101.90 151.65 0.0510
202.91 235.24 134.89 139.42 0.0505
359.45 228.94 113.59 186.11 0.0503
169.91 71.32 145.27 109.28 0.0503
1.19 189.92 63.07 146.96 0.0501
360.68 454.35 118.20 146.84 0.0498
762.50 418.30 121.61 139.14 0.0498
590.56 419.97 110.37 136.79 0.0496
481.26 367.88 102.75 160.19 0.0496
543.30 392.93 124.18 132.11 0.0494
0.00 59.61 61.07 134.77 0.0493
833.88 202.07 126.53 152.17 0.0490
179.29 285.68 99.81 162.55 0.0486
277.53 212.68 132.62 124.98 0.0484
515.24 229.65 96.62 192.48 0.0482
762.43 3.98 167.89 65.70 0.0481
792.29 381.86 129.86 144.23 0.0479
810.89 50.42 162.15 85.94 0.0478
0.00 458.96 61.19 123.52 0.0476
2.56 328.72 62.69 114.55 0.0475
564.47 41.59 143.20 98.07 0.0475
48.56 567.33 67.11 188.22 0.0473
68.32 125.74 117.10 143.94 0.0473
3.77 127.69 58.26 139.04 0.0471
370.80 110.24 102.10 184.81 0.0471
768.30 175.40 105.54 148.08 0.0469
89.16 446.94 137.22 150.95 0.0468
90.07 178.68 145.85 115.29 0.0468
397.07 374.79 119.98 154.16 0.0467
363.72 533.23 115.02 146.72 0.0467
671.18 178.15 147.05 125.26 0.0464
841.10 321.41 111.75 174.49 0.0461
0.00 3.46 67.28 119.83 0.0460
623.91 30.48 168.59 71.67 0.0460
513.43 428.23 105.69 126.82 0.0457
357.56 327.72 120.30 157.48 0.0457
176.00 572.79 114.21 155.47 0.0456
766.39 337.75 104.14 150.90 0.0456
544.01 591.62 120.30 144.00 0.0452
173.42 181.83 123.62 124.97 0.0452
325.66 180.19 122.59 122.33 0.0451
42.32 34.11 143.39 71.04 0.0441
761.23 489.75 125.99 162.11 0.0440
801.09 443.84 117.97 164.79 0.0440
399.66 501.11 110.07 142.33 0.0439
285.39 256.56 116.74 164.00 0.0438
615.76 264.50 108.82 189.52 0.0432
434.03 425.45 114.66 133.14 0.0429
463.44 185.77 118.64 127.16 0.0428
655.45 10.22 181.85 66.41 0.0428
136.61 473.09 119.90 164.01 0.0428
427.15 545.27 125.28 120.68 0.0427
589.17 329.92 103.68 156.71 0.0424
558.61 14.02 165.68 69.46 0.0424
588.52 144.29 104.17 164.77 0.0422
107.18 271.22 120.83 134.26 0.0420
795.40 305.21 126.61 145.00 0.0420
323.52 557.32 116.64 162.12 0.0419
504.25 564.31 130.32 132.31 0.0419
718.49 153.77 128.81 116.62 0.0418
448.89 53.70 174.41 83.70 0.0417
548.79 275.00 100.87 166.46 0.0416
143.43 114.02 113.25 169.42 0.0415
0.00 184.85 28.83 123.76 0.0415
473.49 19.26 190.86 73.94 0.0412
507.05 142.85 115.95 129.62 0.0411
133.88 336.54 134.39 145.64 0.0409
747.41 65.28 129.71 86.07 0.0409
550.83 52.50 114.92 157.65 0.0408
85.20 552.03 103.57 167.13 0.0405
325.33 30.10 177.55 79.08 0.0403
215.75 322.12 108.08 171.87 0.0402
0.00 0.00 93.38 55.73 0.0401
20.40 432.59 62.33 120.86 0.0400
213.84 84.07 117.92 156.46 0.0399
804.04 37.73 108.66 171.61 0.0399
413.99 25.92 172.88 76.09 0.0399
652.54 590.17 127.15 159.85 0.0396
246.58 182.98 122.74 116.66 0.0396
116.11 573.13 124.41 133.16 0.0395
310.16 3.66 137.96 79.33 0.0394
44.08 256.32 129.65 119.97 0.0393
423.60 148.59 119.15 112.86 0.0392
332.43 363.68 109.44 165.75 0.0390
322.63 296.89 120.96 150.86 0.0384
624.65 158.67 162.69 106.44 0.0380
472.91 585.94 119.13 162.85 0.0380
215.19 602.27 126.63 146.20 0.0380
579.44 118.33 137.38 112.23 0.0379
834.90 84.60 119.75 136.19 0.0377
660.28 51.19 165.09 85.76 0.0376
267.51 0.00 107.09 92.06 0.0375
779.69 141.89 150.85 115.23 0.0375
788.20 224.24 119.52 137.98 0.0374
850.32 626.43 90.59 141.57 0.0372
638.78 176.56 120.52 175.28 0.0370
92.79 0.00 166.56 53.44 0.0368
341.51 0.00 187.42 48.58 0.0367
331.68 481.79 107.47 158.74 0.0367
277.76 545.15 122.72 118.81 0.0366
32.87 571.33 60.91 125.51 0.0366
226.50 0.00 189.26 51.48 0.0366
246.69 570.04 120.95 130.22 0.0366
699.77 500.57 105.61 121.49 0.0365
776.60 0.00 82.44 129.38 0.0365
601.57 0.00 173.12 55.85 0.0365
111.06 356.70 108.10 178.21 0.0364
305.93 128.77 98.39 154.56 0.0363
722.36 293.63 115.56 150.48 0.0362
479.39 441.66 102.19 147.89 0.0361
735.07 31.40 103.42 176.86 0.0360
180.94 364.29 108.38 152.38 0.0359
211.16 529.92 119.81 137.95 0.0358
479.15 702.20 141.63 65.80 0.0356
616.57 35.52 113.92 160.78 0.0356
128.20 35.87 373.05 163.43 0.0354
813.49 0.00 89.39 117.73 0.0352
0.00 278.00 78.08 105.73 0.0350
707.38 0.00 90.30 124.52 0.0349
424.59 34.98 123.68 159.82 0.0349
402.62 589.08 116.23 157.21 0.0349
499.60 77.35 135.16 109.30 0.0348
763.17 111.30 111.59 122.55 0.0347
284.92 583.92 114.92 166.77 0.0346
287.05 453.66 120.25 158.08 0.0344
667.40 693.23 164.69 74.77 0.0343
0.00 423.19 37.55 111.47 0.0342
518.50 481.41 101.39 157.61 0.0342
450.65 0.00 192.18 47.32 0.0340
30.93 1.78 105.86 72.99 0.0339
810.25 597.69 106.06 139.37 0.0338
397.63 52.42 117.10 90.99 0.0337
538.34 178.99 118.31 141.46 0.0337
322.93 0.00 336.39 118.89 0.0336
281.86 377.90 120.51 140.85 0.0336
712.16 0.00 169.53 48.11 0.0335
623.65 462.80 109.93 177.92 0.0333
82.72 0.17 203.66 246.74 0.0332
871.31 259.21 152.69 310.04 0.0331
739.69 635.34 97.98 132.66 0.0330
452.43 501.64 133.50 127.87 0.0329
555.17 461.29 104.19 146.60 0.0327
599.03 0.00 87.48 120.09 0.0326
72.98 340.88 107.03 164.48 0.0325
566.87 244.07 123.79 145.30 0.0325
663.86 256.51 152.97 150.36 0.0325
