2_Demonstration_Demonstration_Or_Protest_2_102
200
463.10 352.24 293.07 330.76 0.4682
232.76 341.21 329.91 329.85 0.4015
185.08 361.93 176.27 321.07 0.3353
505.13 123.13 425.94 209.01 0.2723
570.13 308.63 453.87 222.49 0.1835
130.28 419.59 152.15 263.41 0.1619
512.07 225.88 374.81 237.53 0.1164
55.30 429.03 75.99 148.35 0.0845
56.16 532.04 77.85 141.36 0.0831
469.82 28.90 438.33 154.55 0.0762
218.40 370.04 110.86 129.58 0.0664
124.95 248.71 265.11 254.04 0.0657
225.24 187.13 340.38 234.89 0.0641
273.35 90.86 394.22 164.20 0.0637
399.14 156.27 317.71 253.45 0.0598
93.16 151.51 207.19 295.14 0.0588
419.93 257.62 261.89 250.45 0.0583
57.21 424.53 149.84 95.12 0.0572
472.68 404.85 116.77 130.50 0.0566
753.70 446.01 270.30 236.99 0.0565
193.81 530.78 97.34 140.34 0.0564
107.76 292.71 179.47 292.19 0.0560
740.28 356.60 157.26 94.22 0.0558
658.95 528.23 110.99 136.31 0.0554
135.00 428.39 150.00 91.88 0.0551
31.97 521.91 61.45 149.31 0.0549
183.96 470.34 105.89 132.98 0.0546
399.23 372.18 111.29 135.81 0.0544
708.21 316.11 160.69 102.19 0.0541
427.60 449.36 119.88 150.59 0.0537
507.20 464.02 111.66 139.41 0.0531
80.25 548.20 153.65 108.92 0.0531
650.63 306.45 115.63 134.18 0.0527
0.00 52.26 236.38 205.16 0.0526
549.54 512.43 102.60 120.31 0.0524
548.53 359.92 109.62 142.54 0.0522
134.76 136.85 375.62 179.38 0.0522
179.37 352.64 110.72 118.48 0.0521
96.84 446.62 117.92 131.83 0.0515
290.81 348.09 103.40 128.71 0.0514
537.90 448.20 119.70 117.89 0.0512
646.82 157.46 134.86 117.10 0.0510
70.26 497.44 113.57 138.67 0.0509
32.26 429.45 58.40 145.32 0.0508
210.46 442.41 123.98 126.00 0.0506
611.52 341.35 113.76 128.50 0.0503
272.29 558.10 144.10 96.91 0.0500
368.92 356.16 101.66 122.24 0.0500
681.64 348.85 135.75 115.96 0.0492
249.66 409.43 120.91 122.65 0.0490
582.92 483.09 95.85 121.50 0.0488
842.58 381.65 109.01 127.18 0.0487
211.10 508.32 118.42 114.78 0.0484
658.14 363.17 106.67 142.35 0.0483
368.41 433.67 111.56 136.66 0.0483
486.35 44.63 166.39 77.35 0.0482
513.85 123.01 134.14 108.27 0.0480
587.54 393.71 101.84 138.37 0.0479
472.60 49.22 107.30 135.53 0.0479
713.58 546.74 134.63 113.05 0.0477
132.12 519.70 137.58 101.73 0.0476
363.21 541.54 127.13 118.58 0.0475
474.01 162.04 111.83 151.14 0.0474
725.59 372.42 114.50 129.05 0.0465
611.21 177.26 124.42 132.22 0.0465
794.80 385.73 111.35 121.93 0.0465
796.86 502.98 118.36 133.32 0.0464
623.39 277.33 107.41 135.81 0.0463
478.53 548.70 131.59 128.63 0.0461
65.32 83.73 354.97 179.26 0.0461
330.55 505.72 107.17 140.20 0.0460
489.42 388.14 144.08 100.32 0.0460
591.98 543.14 101.31 121.89 0.0455
667.29 486.88 102.71 114.58 0.0453
330.48 380.14 94.78 129.69 0.0453
448.50 518.03 157.51 89.05 0.0450
42.04 208.76 173.01 316.11 0.0448
55.39 388.38 98.15 97.25 0.0448
629.68 474.59 93.81 135.40 0.0446
820.05 543.33 149.50 108.72 0.0445
404.91 492.40 106.95 148.54 0.0444
28.23 305.23 153.12 377.77 0.0442
833.65 473.17 117.90 138.62 0.0439
753.98 398.38 117.40 139.28 0.0438
699.33 425.03 97.94 146.79 0.0435
222.93 332.85 110.31 102.68 0.0434
569.96 143.08 134.72 131.54 0.0434
437.80 539.61 116.40 126.70 0.0433
543.13 176.10 119.84 129.96 0.0433
729.77 470.52 106.22 146.00 0.0432
439.49 117.91 105.10 134.19 0.0430
560.51 319.50 143.98 102.82 0.0425
0.00 541.09 63.81 122.22 0.0425
419.10 359.66 161.79 92.11 0.0425
13.43 181.70 82.51 112.42 0.0424
808.37 333.12 169.16 81.52 0.0424
51.40 298.56 83.51 141.04 0.0421
257.03 328.54 158.34 92.98 0.0414
399.65 58.62 102.01 118.36 0.0413
509.36 27.91 169.77 60.45 0.0412
687.13 176.37 129.27 134.39 0.0412
545.44 53.80 113.96 136.02 0.0412
18.30 246.64 71.28 111.60 0.0408
247.84 477.05 112.29 126.02 0.0407
513.00 203.46 106.38 136.66 0.0405
411.37 40.33 171.60 71.95 0.0404
79.75 389.99 168.65 88.32 0.0404
483.08 10.15 150.95 59.62 0.0404
612.66 122.83 135.20 120.94 0.0403
809.43 434.91 112.62 126.01 0.0402
554.39 8.34 162.41 65.56 0.0402
553.39 232.80 101.39 142.41 0.0401
657.06 239.82 109.22 146.60 0.0400
509.13 278.40 107.71 133.18 0.0400
329.69 317.70 101.66 129.82 0.0395
475.11 226.34 104.21 150.89 0.0394
584.81 208.27 112.03 132.03 0.0393
769.79 474.69 113.83 125.93 0.0391
232.74 544.89 89.67 138.11 0.0389
535.02 0.00 346.64 118.62 0.0387
619.48 453.91 131.89 96.78 0.0387
557.71 49.51 160.93 81.79 0.0384
402.67 333.68 111.59 105.55 0.0383
289.75 445.61 104.03 127.66 0.0383
674.87 125.27 123.89 104.58 0.0379
48.82 177.59 87.30 136.33 0.0374
24.07 94.38 177.58 300.47 0.0372
18.73 316.42 73.96 103.70 0.0370
268.97 33.27 395.40 143.64 0.0365
181.12 289.79 101.96 107.08 0.0363
669.80 20.78 142.98 68.10 0.0360
444.69 185.59 99.12 163.49 0.0359
736.93 25.57 154.65 67.93 0.0354
685.00 273.89 129.45 130.99 0.0353
330.16 40.98 169.59 75.32 0.0351
412.36 11.70 143.17 62.30 0.0349
440.73 278.94 104.18 135.88 0.0348
330.14 3.30 140.75 67.63 0.0341
765.42 297.78 166.01 98.85 0.0340
0.35 381.20 63.81 122.97 0.0337
0.00 470.34 60.96 121.69 0.0334
33.65 360.85 68.15 102.15 0.0330
65.93 588.52 135.98 94.48 0.0329
621.77 584.84 132.34 98.16 0.0327
182.26 257.61 167.91 101.64 0.0325
309.36 291.38 154.52 89.25 0.0325
542.28 586.64 137.77 94.64 0.0324
358.25 88.62 122.23 107.75 0.0320
125.99 326.00 164.72 95.03 0.0320
298.93 23.53 122.98 85.25 0.0320
0.00 0.00 65.73 68.79 0.0318
493.99 0.00 190.17 41.48 0.0317
1.82 141.75 151.55 103.21 0.0317
286.07 259.94 112.45 109.84 0.0314
106.30 316.13 107.75 137.53 0.0312
0.00 595.87 42.33 87.13 0.0312
319.25 66.19 121.26 97.07 0.0310
392.61 250.14 118.15 118.37 0.0306
184.38 32.12 306.69 196.40 0.0302
639.16 0.00 114.79 93.76 0.0301
229.10 299.40 154.06 93.70 0.0300
369.58 130.73 130.72 108.33 0.0298
944.59 0.00 79.41 79.78 0.0295
32.39 248.24 138.65 124.58 0.0295
606.24 0.00 172.01 43.73 0.0293
125.98 584.99 146.96 97.21 0.0292
769.29 527.17 106.59 155.83 0.0291
717.05 41.58 124.33 84.39 0.0291
103.67 0.00 205.46 35.51 0.0290
308.76 579.02 142.96 103.98 0.0290
80.80 278.65 107.13 141.12 0.0287
866.16 364.32 157.84 83.30 0.0285
26.17 593.51 95.49 89.49 0.0285
107.81 243.03 115.10 140.47 0.0281
844.85 250.05 107.24 146.28 0.0276
766.24 44.38 116.12 147.49 0.0271
777.38 0.00 246.62 127.07 0.0271
681.94 0.00 168.86 44.21 0.0271
0.00 0.00 205.69 21.02 0.0270
801.23 30.72 132.14 90.21 0.0269
376.47 0.00 208.91 35.49 0.0269
250.11 0.00 147.65 63.18 0.0265
385.68 171.43 123.88 117.41 0.0265
629.47 44.16 136.51 73.52 0.0265
739.11 250.61 136.29 136.80 0.0263
259.09 24.94 112.02 98.75 0.0261
777.08 4.17 143.95 59.56 0.0259
477.96 0.00 89.17 97.10 0.0257
148.64 221.95 141.00 116.72 0.0255
281.85 101.04 157.90 99.84 0.0254
252.69 584.56 122.31 98.44 0.0253
246.89 69.76 150.52 90.56 0.0252
0.00 431.09 31.57 102.45 0.0250
395.06 0.00 338.60 112.36 0.0250
258.94 206.30 109.89 151.25 0.0249
174.36 607.24 158.30 75.76 0.0247
75.26 190.80 111.11 131.01 0.0245
928.16 0.00 95.84 29.80 0.0244
31.76 22.55 216.01 81.57 0.0244
859.87 488.80 164.13 84.95 0.0241
