2_Demonstration_Political_Rally_2_807
200
451.72 295.37 366.83 260.64 0.3108
327.17 319.62 278.78 345.26 0.2210
510.14 87.92 397.05 155.09 0.1737
159.67 296.37 334.23 258.74 0.1679
546.36 123.11 477.64 190.41 0.1519
511.91 160.91 369.33 258.23 0.1488
239.04 168.72 326.67 251.71 0.1320
375.49 162.10 338.04 257.02 0.1291
173.46 351.20 181.53 329.80 0.1251
163.95 226.21 202.69 268.35 0.1231
313.73 238.79 327.01 257.38 0.1118
278.88 99.04 403.41 163.85 0.0953
583.71 244.97 440.29 217.73 0.0939
474.66 402.05 275.07 278.95 0.0900
123.89 268.82 172.26 300.02 0.0822
425.79 39.55 403.51 148.64 0.0804
55.86 538.31 80.00 134.69 0.0793
156.40 104.45 351.25 197.83 0.0724
151.01 141.87 213.80 223.39 0.0689
47.38 51.76 80.31 132.36 0.0677
50.11 110.37 77.35 140.80 0.0635
51.04 240.24 75.81 141.92 0.0634
477.76 498.82 104.66 136.72 0.0548
691.14 282.01 118.28 135.34 0.0548
44.73 43.86 160.77 71.39 0.0528
485.36 482.79 148.09 95.64 0.0523
30.23 531.03 62.78 142.71 0.0522
377.88 46.67 157.69 70.26 0.0522
489.56 342.63 145.25 127.81 0.0520
400.70 65.24 109.21 118.93 0.0516
436.86 356.75 112.54 148.39 0.0514
505.10 534.30 125.00 125.72 0.0511
117.00 30.94 414.65 150.11 0.0509
477.78 424.74 107.70 137.90 0.0507
55.65 171.30 71.37 143.84 0.0506
441.81 470.61 105.19 129.57 0.0505
441.14 529.50 109.15 135.47 0.0504
70.22 63.66 114.54 120.35 0.0503
163.47 534.21 140.26 137.29 0.0501
576.20 364.92 121.78 144.39 0.0494
179.36 85.35 109.56 131.54 0.0492
870.70 317.88 115.20 167.52 0.0488
547.36 63.47 113.03 118.14 0.0487
390.86 399.50 123.82 123.79 0.0487
442.94 63.97 152.76 93.82 0.0485
141.41 120.00 113.24 128.48 0.0480
136.92 57.19 115.72 122.51 0.0479
469.97 288.24 121.96 153.57 0.0476
509.16 91.65 128.89 119.17 0.0473
52.71 266.48 164.46 334.85 0.0473
107.96 143.16 107.47 139.53 0.0472
48.50 460.37 80.95 157.01 0.0472
392.66 505.77 125.43 117.89 0.0471
540.55 488.84 118.54 147.84 0.0470
654.30 399.79 118.60 146.76 0.0467
464.66 88.95 114.74 123.22 0.0466
519.08 53.71 169.29 68.11 0.0466
103.10 84.29 121.40 126.40 0.0465
405.03 324.98 107.05 146.97 0.0465
68.35 120.93 119.19 120.86 0.0460
212.17 112.05 108.77 139.16 0.0460
503.40 214.82 134.96 115.85 0.0460
685.16 375.44 124.73 128.89 0.0459
49.92 328.51 78.17 152.74 0.0458
751.29 370.35 137.98 134.52 0.0456
654.97 61.43 113.84 118.68 0.0456
286.74 523.41 110.30 134.49 0.0456
361.52 467.61 113.67 142.36 0.0455
105.30 241.20 112.07 135.25 0.0453
297.41 42.49 167.67 69.25 0.0452
576.83 41.52 172.15 71.67 0.0451
141.55 178.56 115.66 132.74 0.0451
607.31 254.70 139.57 102.43 0.0449
109.91 44.08 167.26 67.34 0.0449
664.41 43.91 156.62 75.45 0.0448
71.21 263.25 110.54 144.71 0.0447
502.33 137.81 129.71 138.37 0.0446
12.26 33.62 79.36 98.25 0.0443
27.04 64.44 64.86 155.32 0.0442
32.18 53.60 197.98 260.74 0.0442
178.86 143.12 111.23 136.43 0.0441
659.33 330.55 104.73 147.65 0.0436
326.39 57.12 110.47 131.91 0.0435
582.98 474.07 126.04 116.22 0.0435
506.30 393.59 121.24 131.20 0.0434
74.20 212.07 105.33 131.30 0.0434
81.74 546.46 157.41 110.43 0.0432
582.18 520.18 111.56 135.53 0.0429
286.81 329.29 109.79 148.78 0.0427
289.49 167.84 112.64 144.21 0.0420
725.00 132.02 119.45 132.05 0.0420
540.20 445.79 130.98 114.31 0.0419
210.32 55.24 113.45 128.69 0.0418
693.13 77.13 110.66 139.95 0.0417
176.03 210.40 113.18 136.37 0.0417
70.21 0.00 232.20 231.95 0.0416
791.18 502.41 130.32 123.74 0.0414
468.15 255.43 135.31 99.80 0.0410
186.21 41.82 161.03 72.76 0.0407
20.50 22.82 138.15 64.85 0.0404
278.61 467.23 121.05 123.55 0.0404
250.06 150.58 124.55 122.15 0.0404
583.22 262.63 115.26 144.16 0.0403
843.03 347.50 86.02 103.43 0.0403
0.00 546.61 58.19 116.06 0.0402
544.90 188.52 127.62 117.73 0.0400
293.10 85.99 106.29 128.08 0.0400
718.59 257.97 140.31 116.94 0.0399
543.12 300.42 118.96 132.30 0.0396
619.70 313.65 118.62 126.97 0.0396
204.78 339.42 138.27 128.29 0.0394
316.17 113.20 125.46 132.31 0.0394
316.34 400.30 125.73 125.49 0.0391
762.02 279.59 130.93 127.86 0.0391
721.69 425.79 124.32 139.61 0.0391
142.69 268.85 111.94 139.93 0.0390
218.72 181.40 108.19 127.93 0.0389
375.04 536.73 109.57 129.53 0.0388
573.67 95.94 117.04 150.51 0.0388
423.27 291.93 137.37 102.86 0.0388
28.88 267.49 60.20 144.81 0.0387
314.21 495.75 119.94 122.32 0.0385
640.79 524.41 133.45 139.20 0.0385
613.60 81.33 120.88 138.43 0.0384
833.03 168.23 117.87 142.51 0.0383
620.39 447.27 120.96 116.72 0.0383
178.26 363.85 111.30 149.52 0.0383
21.46 450.79 67.55 157.58 0.0380
0.00 0.00 99.07 60.85 0.0378
478.28 167.16 115.34 151.07 0.0378
206.23 579.89 147.48 98.53 0.0377
576.22 216.72 140.52 108.91 0.0377
757.73 117.11 138.32 113.30 0.0375
24.43 137.95 64.55 147.00 0.0374
96.21 313.18 130.16 116.13 0.0372
796.62 144.80 127.02 116.85 0.0372
516.15 4.30 140.60 69.05 0.0370
722.71 333.60 125.60 131.77 0.0369
183.19 307.37 109.24 139.23 0.0368
50.13 400.24 86.00 130.21 0.0367
335.37 1.68 134.82 64.05 0.0366
797.36 247.87 121.01 119.03 0.0365
433.37 24.81 153.53 74.69 0.0364
257.00 4.62 145.61 66.76 0.0363
706.73 56.16 146.70 106.18 0.0363
528.87 254.87 132.20 105.06 0.0362
623.05 5.90 145.64 67.74 0.0362
841.27 529.04 128.47 128.20 0.0358
400.98 237.47 109.08 143.42 0.0358
147.15 342.43 113.39 128.89 0.0357
843.17 268.89 112.22 148.86 0.0355
743.81 471.26 147.77 122.88 0.0355
209.46 241.05 125.76 125.20 0.0354
412.36 108.32 109.24 136.00 0.0352
303.63 307.91 140.79 121.67 0.0351
0.00 51.25 64.84 121.20 0.0346
144.04 5.27 148.39 66.95 0.0346
827.55 484.40 156.73 101.88 0.0343
761.22 167.30 117.86 146.02 0.0341
402.86 2.63 140.63 69.18 0.0341
251.41 366.18 114.34 139.74 0.0340
64.76 497.15 127.20 137.22 0.0339
324.23 209.61 115.48 139.12 0.0339
0.00 600.35 34.58 80.65 0.0335
198.13 505.55 129.37 116.81 0.0334
80.54 584.58 109.74 96.42 0.0334
574.84 0.00 379.29 118.97 0.0334
67.50 8.59 161.03 65.63 0.0332
711.70 486.52 122.99 134.56 0.0332
768.66 1.70 153.73 66.97 0.0331
46.44 148.76 192.42 314.43 0.0330
658.80 218.23 111.92 112.57 0.0329
592.81 336.66 431.19 336.70 0.0329
611.02 152.40 118.33 112.85 0.0329
250.20 200.02 117.81 144.99 0.0327
830.06 93.32 123.73 152.25 0.0322
26.09 338.84 65.78 149.94 0.0317
441.10 206.70 111.21 134.85 0.0317
525.81 584.25 148.78 96.75 0.0316
808.19 29.11 146.94 69.51 0.0316
360.51 283.48 121.71 109.92 0.0316
35.44 218.21 67.77 106.41 0.0316
394.34 184.04 118.30 120.27 0.0315
101.17 378.45 127.68 131.60 0.0315
60.98 420.78 121.15 162.38 0.0312
198.56 415.81 145.35 111.65 0.0309
743.22 41.65 150.29 84.37 0.0309
338.78 545.52 90.28 135.48 0.0308
690.41 7.24 157.06 69.95 0.0305
256.79 281.14 107.93 119.12 0.0305
677.02 140.35 112.82 109.36 0.0303
852.09 373.61 103.86 145.87 0.0303
148.11 585.73 114.09 95.27 0.0302
0.00 622.16 84.28 58.84 0.0302
399.27 587.37 130.27 93.63 0.0301
482.55 569.97 96.03 111.03 0.0300
240.54 445.48 130.12 106.96 0.0297
0.00 466.77 56.16 136.04 0.0293
773.81 438.79 158.24 96.18 0.0290
363.89 151.53 121.34 118.28 0.0289
