2_Demonstration_Political_Rally_2_690
166
143.16 338.05 368.19 272.61 0.4552
129.27 305.01 157.06 377.11 0.3105
524.53 267.81 499.47 253.64 0.1908
569.45 415.98 256.28 349.02 0.1294
504.41 162.35 480.24 221.11 0.0977
53.16 350.59 79.14 155.92 0.0939
313.68 360.55 308.34 373.73 0.0938
476.75 208.70 310.52 262.93 0.0856
278.38 269.54 354.77 277.86 0.0790
30.00 375.83 66.38 168.40 0.0682
477.09 332.50 281.27 311.22 0.0678
164.89 328.94 153.13 116.18 0.0645
479.19 83.30 486.42 202.34 0.0607
226.39 142.50 358.89 252.37 0.0606
726.13 381.88 129.64 140.70 0.0599
713.69 295.84 145.22 99.96 0.0593
804.55 281.93 110.00 135.75 0.0590
631.62 361.83 392.38 346.36 0.0582
768.96 249.40 106.50 136.64 0.0572
838.10 319.36 124.87 130.04 0.0570
137.16 356.74 133.43 138.47 0.0568
58.97 332.37 142.84 102.71 0.0568
840.54 425.98 108.33 140.06 0.0567
694.72 315.08 115.77 148.36 0.0564
56.79 298.71 64.10 132.81 0.0560
793.18 355.55 126.32 133.52 0.0559
756.55 314.48 132.81 134.33 0.0552
30.01 316.22 60.96 136.83 0.0537
642.74 292.68 146.08 104.56 0.0536
656.00 372.89 120.91 156.92 0.0519
159.37 208.67 350.37 270.23 0.0513
0.00 321.32 61.48 125.79 0.0509
224.45 293.33 116.58 115.51 0.0509
864.43 578.89 115.95 168.28 0.0509
685.20 424.51 132.37 137.47 0.0506
765.64 404.76 121.84 163.01 0.0502
722.68 454.78 127.07 147.15 0.0499
814.01 257.00 159.18 101.28 0.0494
158.83 444.23 194.42 320.77 0.0492
610.50 424.25 134.49 147.38 0.0491
21.02 444.06 65.10 162.53 0.0482
733.81 208.98 102.60 138.36 0.0477
678.17 261.24 148.21 98.99 0.0476
215.85 366.28 122.97 121.09 0.0460
797.00 618.34 137.66 142.40 0.0453
235.78 267.95 167.10 92.80 0.0452
60.20 90.42 373.51 185.86 0.0450
142.46 287.75 105.75 147.21 0.0449
0.39 380.50 67.35 135.07 0.0449
47.31 196.29 79.70 156.73 0.0448
577.75 459.77 122.61 145.92 0.0446
828.94 495.61 131.31 191.48 0.0444
26.68 247.08 173.76 406.25 0.0443
473.00 519.01 109.75 177.88 0.0443
261.56 315.07 95.88 141.01 0.0443
240.00 226.33 160.47 89.42 0.0438
618.91 255.25 110.40 128.18 0.0428
779.83 221.43 158.10 105.87 0.0424
327.13 99.81 393.50 183.21 0.0423
535.18 500.56 138.73 149.71 0.0411
216.82 207.10 112.63 152.78 0.0409
674.78 207.45 93.89 137.79 0.0407
613.07 320.65 127.12 142.60 0.0401
0.00 78.95 219.34 213.61 0.0398
424.23 171.78 99.23 145.53 0.0395
449.89 236.73 98.96 210.17 0.0394
297.64 284.69 109.46 137.43 0.0390
790.20 508.40 130.30 108.13 0.0388
184.43 247.52 113.46 154.31 0.0388
421.07 270.98 92.78 150.75 0.0385
495.76 409.61 106.93 136.32 0.0383
710.53 177.27 153.83 102.58 0.0381
336.62 223.37 111.65 126.65 0.0380
19.29 226.27 66.94 164.13 0.0379
804.84 561.67 114.48 143.83 0.0377
687.67 489.35 120.65 129.55 0.0376
139.17 210.85 114.40 142.85 0.0370
341.67 260.04 101.34 199.55 0.0368
371.85 539.22 160.33 125.18 0.0367
109.81 235.68 106.53 158.52 0.0364
555.35 422.69 108.32 139.56 0.0364
441.12 466.74 132.04 139.65 0.0364
74.11 203.68 107.14 147.02 0.0362
550.43 209.08 163.37 105.14 0.0360
593.39 374.92 115.24 154.44 0.0357
0.00 0.00 63.97 77.87 0.0350
747.59 533.27 139.14 138.60 0.0348
18.69 146.21 67.88 166.64 0.0348
94.44 154.17 322.38 212.22 0.0343
65.75 363.03 126.81 166.99 0.0343
58.75 424.80 73.87 145.43 0.0343
260.58 374.17 105.70 160.19 0.0341
873.31 481.98 123.13 137.01 0.0340
372.62 295.80 110.34 124.33 0.0334
199.97 173.35 155.27 103.22 0.0332
501.59 461.05 135.05 130.46 0.0323
219.33 20.05 428.37 166.03 0.0323
401.47 591.70 115.94 146.96 0.0320
881.43 539.96 131.86 148.35 0.0319
0.00 618.05 70.55 146.95 0.0319
548.80 161.13 216.18 113.90 0.0315
305.27 564.25 134.67 134.22 0.0315
316.75 497.22 193.67 101.26 0.0312
23.96 160.31 166.23 111.41 0.0310
373.07 188.57 118.16 167.53 0.0308
7.50 530.88 65.70 149.52 0.0306
946.81 0.00 77.19 89.98 0.0305
422.75 381.42 132.39 143.95 0.0299
508.13 0.00 388.08 156.42 0.0299
606.81 512.09 143.87 163.68 0.0298
313.94 181.05 148.83 102.72 0.0297
179.99 34.04 143.57 136.10 0.0296
860.12 291.64 163.88 95.42 0.0291
280.79 146.11 112.99 142.68 0.0291
170.41 184.48 126.82 143.46 0.0290
0.00 0.00 233.50 21.17 0.0286
31.50 558.13 110.51 199.53 0.0283
840.08 153.88 104.90 157.81 0.0279
272.65 0.00 163.07 37.26 0.0278
277.20 597.67 128.00 144.34 0.0273
508.87 563.67 123.04 154.50 0.0272
484.08 324.55 95.22 162.20 0.0272
0.00 205.50 63.30 138.18 0.0270
235.80 95.96 131.78 138.16 0.0268
264.89 466.10 183.64 115.13 0.0267
76.34 173.51 205.39 102.19 0.0266
0.00 689.25 117.63 75.75 0.0265
191.15 414.80 122.80 117.73 0.0264
465.47 604.78 127.92 130.11 0.0260
772.39 38.73 162.65 118.34 0.0259
735.66 598.23 120.10 166.77 0.0259
850.77 402.08 173.23 104.72 0.0257
304.84 102.72 93.76 124.27 0.0255
281.42 40.12 91.72 152.16 0.0253
54.66 0.00 232.50 128.38 0.0252
734.03 137.37 215.37 89.76 0.0251
189.23 0.00 207.79 21.33 0.0251
872.41 0.00 136.07 54.76 0.0248
37.82 492.27 92.14 180.53 0.0247
854.73 689.06 153.95 75.94 0.0243
551.23 284.66 146.38 118.09 0.0239
405.30 329.96 154.77 106.49 0.0231
920.77 0.00 103.23 24.82 0.0231
181.92 616.77 132.23 138.23 0.0230
784.90 123.28 99.06 154.19 0.0228
124.38 159.74 98.88 155.09 0.0228
953.63 445.17 70.37 231.55 0.0228
5.30 114.27 62.93 105.31 0.0227
645.49 164.43 98.41 142.17 0.0223
232.50 568.65 165.79 111.44 0.0222
915.71 0.00 108.29 188.20 0.0222
241.55 627.73 112.48 137.27 0.0221
0.00 465.29 207.67 299.71 0.0221
0.00 210.21 237.01 228.15 0.0221
410.32 0.00 252.30 151.47 0.0220
835.73 327.69 188.27 312.43 0.0218
306.65 0.00 200.74 23.49 0.0218
141.32 577.06 192.92 107.24 0.0218
578.48 534.27 127.88 204.45 0.0216
46.32 35.42 384.86 144.75 0.0216
790.94 0.00 145.62 52.93 0.0214
235.95 0.00 107.05 108.36 0.0213
367.94 155.34 188.32 96.82 0.0211
429.17 685.63 178.97 79.37 0.0207
291.20 0.00 110.42 124.74 0.0201
605.28 606.62 168.94 124.30 0.0201
