59_peopledrivingcar_peopledrivingcar_59_27
200
927.93 0.00 81.01 72.23 0.1923
50.59 316.96 80.21 71.79 0.1921
50.55 560.87 80.24 71.81 0.1921
50.63 48.64 80.16 71.78 0.1920
50.59 170.59 80.19 71.80 0.1920
50.57 268.18 80.22 71.77 0.1920
50.63 365.76 80.12 71.75 0.1918
50.59 97.42 80.16 71.78 0.1917
50.59 512.10 80.16 71.78 0.1917
928.22 292.58 80.38 71.94 0.1917
928.18 219.39 80.41 71.97 0.1917
928.18 97.34 80.44 72.05 0.1916
928.18 48.55 80.47 72.07 0.1916
50.66 414.58 80.09 71.72 0.1916
50.30 0.00 80.83 72.09 0.1916
50.56 219.37 80.19 71.78 0.1916
50.62 463.35 80.13 71.74 0.1916
891.36 0.00 80.84 72.04 0.1916
196.26 0.00 81.22 72.21 0.1916
928.21 487.74 80.40 71.93 0.1915
928.21 536.53 80.40 71.93 0.1915
415.75 0.00 81.13 72.21 0.1915
452.32 0.00 81.13 72.21 0.1915
854.75 267.82 80.70 72.31 0.1915
671.97 72.68 80.73 72.32 0.1915
745.11 145.85 80.73 72.32 0.1915
379.40 219.03 80.73 72.32 0.1915
415.97 243.43 80.73 72.32 0.1915
379.40 267.82 80.73 72.32 0.1915
306.25 316.60 80.73 72.32 0.1915
818.18 121.46 80.79 72.31 0.1915
123.33 341.00 80.79 72.31 0.1915
159.90 341.00 80.79 72.31 0.1915
86.55 0.00 81.19 72.22 0.1915
232.78 0.00 81.27 72.22 0.1915
598.55 0.00 81.19 72.22 0.1915
635.12 0.00 81.19 72.22 0.1915
671.69 0.00 81.19 72.22 0.1915
744.83 0.00 81.19 72.22 0.1915
928.20 170.56 80.41 72.01 0.1915
635.39 121.46 80.74 72.39 0.1915
269.36 0.00 81.25 72.24 0.1915
818.18 72.68 80.81 72.39 0.1915
342.75 267.82 80.81 72.39 0.1915
123.16 0.00 81.16 72.20 0.1914
159.73 0.00 81.16 72.20 0.1914
123.40 72.70 80.72 72.29 0.1914
598.76 170.24 80.78 72.41 0.1914
13.59 0.00 80.80 71.97 0.1914
708.53 72.69 80.74 72.31 0.1914
342.59 0.00 81.15 72.20 0.1913
379.16 0.00 81.15 72.20 0.1913
488.88 0.00 81.15 72.20 0.1913
525.45 0.00 81.15 72.20 0.1913
561.98 0.00 81.19 72.21 0.1913
781.41 0.00 81.19 72.21 0.1913
817.98 0.00 81.19 72.21 0.1913
86.97 585.09 80.43 72.10 0.1913
489.12 170.33 80.71 72.24 0.1913
818.26 243.51 80.71 72.24 0.1913
452.55 292.29 80.71 72.24 0.1913
123.40 438.65 80.71 72.24 0.1913
854.81 145.87 80.76 72.38 0.1913
305.93 0.00 81.25 72.22 0.1913
708.22 0.00 81.25 72.22 0.1913
854.50 0.00 81.25 72.22 0.1913
745.11 72.68 80.73 72.32 0.1913
525.68 121.46 80.73 72.32 0.1913
708.54 121.46 80.73 72.32 0.1913
562.26 145.86 80.73 72.32 0.1913
452.54 170.25 80.73 72.32 0.1913
781.68 170.25 80.73 72.32 0.1913
818.26 170.25 80.73 72.32 0.1913
342.83 194.64 80.73 72.32 0.1913
452.54 219.03 80.73 72.32 0.1913
489.11 219.03 80.73 72.32 0.1913
781.68 219.03 80.73 72.32 0.1913
233.11 267.82 80.73 72.32 0.1913
269.68 267.82 80.73 72.32 0.1913
306.25 267.82 80.73 72.32 0.1913
489.11 267.82 80.73 72.32 0.1913
525.68 267.82 80.73 72.32 0.1913
196.54 292.21 80.73 72.32 0.1913
415.97 292.21 80.73 72.32 0.1913
818.26 292.21 80.73 72.32 0.1913
233.11 316.61 80.73 72.32 0.1913
269.68 316.61 80.73 72.32 0.1913
342.83 316.61 80.73 72.32 0.1913
489.11 316.61 80.73 72.32 0.1913
196.54 341.00 80.73 72.32 0.1913
379.40 341.00 80.73 72.32 0.1913
415.97 341.00 80.73 72.32 0.1913
452.54 341.00 80.73 72.32 0.1913
86.83 389.78 80.73 72.32 0.1913
123.40 389.78 80.73 72.32 0.1913
489.04 121.46 80.79 72.31 0.1913
415.90 194.64 80.79 72.31 0.1913
671.97 121.54 80.73 72.31 0.1913
342.70 462.93 80.87 72.43 0.1913
854.76 194.72 80.79 72.31 0.1913
928.21 365.70 80.41 72.01 0.1913
196.48 511.74 80.80 72.40 0.1913
635.40 72.68 80.74 72.39 0.1912
598.82 97.07 80.74 72.39 0.1912
781.68 97.07 80.74 72.39 0.1912
379.40 170.25 80.74 72.39 0.1912
525.68 170.25 80.74 72.39 0.1912
708.54 170.25 80.74 72.39 0.1912
745.11 194.64 80.74 72.39 0.1912
269.68 219.04 80.74 72.39 0.1912
306.25 219.04 80.74 72.39 0.1912
525.68 219.04 80.74 72.39 0.1912
781.68 267.82 80.74 72.39 0.1912
159.97 292.22 80.74 72.39 0.1912
525.68 316.61 80.74 72.39 0.1912
818.25 341.00 80.74 72.39 0.1912
159.97 389.79 80.74 72.39 0.1912
562.18 72.68 80.81 72.39 0.1912
86.76 341.00 80.81 72.39 0.1912
123.40 145.85 80.72 72.41 0.1912
562.26 267.82 80.72 72.41 0.1912
269.69 365.39 80.72 72.41 0.1912
13.80 560.87 80.30 71.84 0.1912
562.19 194.64 80.78 72.41 0.1911
306.27 365.41 80.70 72.37 0.1911
86.82 72.70 80.74 72.31 0.1911
854.75 72.70 80.82 72.36 0.1911
635.33 267.87 80.79 72.34 0.1911
671.91 316.66 80.79 72.34 0.1911
854.83 316.61 80.72 72.30 0.1911
233.11 365.39 80.72 72.30 0.1911
708.48 414.23 80.79 72.34 0.1911
489.05 560.59 80.79 72.34 0.1911
525.62 560.59 80.79 72.34 0.1911
635.33 560.59 80.79 72.34 0.1911
671.91 560.59 80.79 72.34 0.1911
745.32 585.11 80.41 72.09 0.1911
13.83 268.20 80.23 71.76 0.1911
233.01 511.79 80.82 72.36 0.1911
342.72 560.54 80.81 72.37 0.1911
269.77 585.10 80.50 72.13 0.1911
306.34 585.10 80.50 72.13 0.1911
159.96 72.70 80.75 72.30 0.1911
379.33 438.60 80.82 72.39 0.1911
159.89 438.59 80.81 72.30 0.1911
781.62 487.33 80.80 72.42 0.1911
452.47 560.51 80.80 72.42 0.1911
160.18 585.15 80.37 72.02 0.1911
598.74 341.02 80.80 72.37 0.1911
415.96 145.88 80.76 72.38 0.1910
196.53 243.45 80.76 72.38 0.1910
196.54 389.79 80.74 72.38 0.1910
452.46 121.48 80.82 72.38 0.1910
123.40 487.36 80.73 72.31 0.1910
86.83 511.75 80.73 72.31 0.1910
123.33 536.15 80.80 72.37 0.1910
854.75 536.16 80.82 72.38 0.1910
891.63 48.53 80.20 71.86 0.1910
233.01 560.54 80.82 72.45 0.1910
598.73 243.48 80.81 72.34 0.1910
854.84 365.41 80.72 72.33 0.1910
489.06 414.27 80.73 72.28 0.1910
415.92 438.66 80.73 72.28 0.1910
928.21 438.88 80.41 72.01 0.1910
342.78 511.84 80.73 72.28 0.1910
598.78 511.84 80.73 72.28 0.1910
123.56 585.11 80.45 72.09 0.1910
708.75 585.14 80.45 72.12 0.1910
233.11 72.68 80.71 72.40 0.1910
196.48 97.07 80.78 72.39 0.1910
159.90 121.46 80.78 72.39 0.1910
86.76 194.64 80.78 72.39 0.1910
159.90 487.37 80.79 72.40 0.1910
342.79 48.32 80.76 72.32 0.1910
635.36 219.07 80.76 72.32 0.1910
598.79 292.24 80.76 72.32 0.1910
86.76 121.47 80.81 72.39 0.1910
525.63 414.19 80.75 72.36 0.1910
562.20 414.19 80.75 72.36 0.1910
598.77 414.19 80.75 72.36 0.1910
635.34 438.58 80.75 72.36 0.1910
525.63 462.97 80.75 72.36 0.1910
562.20 462.97 80.75 72.36 0.1910
598.77 462.97 80.75 72.36 0.1910
708.49 462.97 80.75 72.36 0.1910
745.06 462.97 80.75 72.36 0.1910
415.91 487.37 80.75 72.36 0.1910
635.34 511.76 80.75 72.36 0.1910
671.91 511.76 80.75 72.36 0.1910
269.63 536.15 80.75 72.36 0.1910
306.20 536.15 80.75 72.36 0.1910
379.34 536.15 80.75 72.36 0.1910
891.75 585.37 80.02 71.55 0.1910
86.81 438.69 80.75 72.21 0.1910
159.92 170.26 80.76 72.35 0.1909
671.92 170.26 80.76 72.35 0.1909
123.35 194.66 80.76 72.35 0.1909
379.35 389.80 80.76 72.35 0.1909
671.89 267.85 80.81 72.34 0.1909
671.89 389.82 80.81 72.34 0.1909
