45_Balloonist_Balloonist_45_142
200
50.53 847.48 80.27 156.20 0.1921
50.48 211.47 80.36 156.37 0.1920
50.53 1218.49 80.29 156.36 0.1920
50.50 317.50 80.34 156.28 0.1920
927.82 0.00 81.24 156.95 0.1920
928.12 1165.50 80.55 156.62 0.1920
50.51 741.55 80.24 156.29 0.1919
50.51 423.55 80.33 156.30 0.1919
50.51 529.55 80.33 156.30 0.1919
50.50 635.48 80.38 156.42 0.1918
50.54 1059.49 80.25 156.13 0.1918
891.63 1112.48 80.23 156.17 0.1917
50.51 953.45 80.30 156.21 0.1917
50.49 105.48 80.35 156.33 0.1917
562.05 0.00 81.22 156.89 0.1916
598.62 0.00 81.22 156.89 0.1916
635.19 0.00 81.22 156.89 0.1916
671.76 0.00 81.22 156.89 0.1916
928.10 688.59 80.53 156.34 0.1916
928.10 794.59 80.53 156.34 0.1916
928.07 1059.46 80.59 156.74 0.1916
50.29 0.00 80.86 156.61 0.1915
13.80 529.82 80.15 155.65 0.1915
13.80 794.82 80.15 155.65 0.1915
13.81 423.80 80.16 155.65 0.1915
928.12 158.42 80.53 156.76 0.1915
13.82 264.84 80.14 155.56 0.1915
598.71 1217.92 80.87 157.38 0.1915
269.61 104.93 80.88 157.43 0.1914
306.18 104.93 80.88 157.43 0.1914
415.89 263.93 80.88 157.43 0.1914
13.82 105.84 80.16 155.72 0.1914
342.70 104.89 80.93 157.49 0.1914
928.10 900.57 80.52 156.60 0.1914
452.33 0.00 81.22 156.90 0.1913
818.40 1271.27 80.43 156.66 0.1913
13.81 635.77 80.14 155.74 0.1913
488.99 1217.89 80.89 157.44 0.1913
525.56 1217.89 80.89 157.44 0.1913
562.13 1217.89 80.89 157.44 0.1913
708.69 1271.27 80.52 156.67 0.1913
525.43 0.00 81.28 156.93 0.1913
928.10 423.38 80.55 156.77 0.1913
928.10 529.38 80.55 156.77 0.1913
928.10 264.38 80.65 156.78 0.1913
891.76 1271.77 80.02 155.73 0.1912
891.53 529.29 80.35 156.42 0.1912
818.13 846.89 80.83 157.31 0.1912
891.59 1006.38 80.30 156.28 0.1912
233.05 104.90 80.77 157.42 0.1912
598.75 104.93 80.79 157.41 0.1912
562.18 157.93 80.79 157.41 0.1912
379.32 210.93 80.79 157.41 0.1912
635.32 210.93 80.79 157.41 0.1912
671.89 263.93 80.79 157.41 0.1912
562.18 316.93 80.79 157.41 0.1912
598.75 316.93 80.79 157.41 0.1912
745.03 316.93 80.79 157.41 0.1912
489.03 369.93 80.79 157.41 0.1912
525.61 369.93 80.79 157.41 0.1912
671.89 369.93 80.79 157.41 0.1912
781.62 422.90 80.77 157.42 0.1912
854.75 422.93 80.79 157.41 0.1912
818.18 475.93 80.79 157.41 0.1912
891.32 0.00 80.91 156.45 0.1912
13.82 1218.68 80.27 156.04 0.1912
635.32 104.93 80.88 157.42 0.1912
671.89 157.93 80.88 157.42 0.1912
708.47 157.93 80.88 157.42 0.1912
745.04 210.93 80.88 157.42 0.1912
708.47 263.93 80.88 157.42 0.1912
452.47 316.93 80.88 157.42 0.1912
781.61 316.93 80.88 157.42 0.1912
159.95 688.06 80.73 157.11 0.1912
891.49 264.29 80.41 156.48 0.1911
891.49 370.29 80.41 156.48 0.1911
159.77 0.00 81.21 156.94 0.1911
269.48 0.00 81.21 156.94 0.1911
306.05 0.00 81.21 156.94 0.1911
342.62 0.00 81.21 156.94 0.1911
379.19 0.00 81.21 156.94 0.1911
708.34 0.00 81.21 156.94 0.1911
854.62 0.00 81.21 156.94 0.1911
86.70 263.89 80.84 157.47 0.1911
854.70 846.89 80.84 157.47 0.1911
525.56 104.89 80.94 157.48 0.1911
598.76 210.93 80.76 157.35 0.1911
818.13 316.89 80.94 157.48 0.1911
159.91 423.02 80.79 157.17 0.1911
452.48 741.02 80.79 157.17 0.1911
415.91 1112.02 80.79 157.17 0.1911
488.91 0.00 81.22 156.90 0.1911
13.82 900.76 80.20 155.82 0.1911
745.27 1271.28 80.51 156.66 0.1911
781.84 1271.28 80.51 156.66 0.1911
854.98 1271.28 80.51 156.66 0.1911
525.62 263.93 80.85 157.35 0.1911
854.72 687.92 80.81 157.25 0.1911
123.15 0.00 81.27 156.97 0.1911
415.72 0.00 81.27 156.97 0.1911
818.01 0.00 81.27 156.97 0.1911
379.57 1271.46 80.41 156.55 0.1911
891.56 741.37 80.32 156.34 0.1911
269.61 634.96 80.83 157.29 0.1910
562.18 952.96 80.83 157.29 0.1910
598.75 952.96 80.83 157.29 0.1910
635.32 952.96 80.83 157.29 0.1910
123.32 1058.96 80.83 157.29 0.1910
306.18 1058.96 80.83 157.29 0.1910
452.47 1217.96 80.83 157.29 0.1910
489.00 1005.93 80.87 157.35 0.1910
159.86 1058.93 80.87 157.35 0.1910
196.43 1058.93 80.87 157.35 0.1910
342.71 1058.93 80.87 157.35 0.1910
379.28 1058.93 80.87 157.35 0.1910
86.71 1217.93 80.87 157.35 0.1910
13.84 1059.76 80.17 155.76 0.1910
159.96 157.97 80.69 157.16 0.1910
196.53 157.97 80.69 157.16 0.1910
233.10 210.97 80.69 157.16 0.1910
635.39 475.97 80.69 157.16 0.1910
489.10 528.97 80.69 157.16 0.1910
818.24 634.97 80.69 157.16 0.1910
159.92 264.10 80.73 157.05 0.1910
196.49 264.10 80.73 157.05 0.1910
562.19 422.90 80.75 157.25 0.1910
123.35 476.10 80.73 157.05 0.1910
525.62 475.90 80.75 157.25 0.1910
342.78 529.10 80.73 157.05 0.1910
379.35 582.10 80.73 157.05 0.1910
562.20 582.10 80.73 157.05 0.1910
489.06 635.10 80.73 157.05 0.1910
306.20 741.10 80.73 157.05 0.1910
342.78 741.10 80.73 157.05 0.1910
379.35 741.10 80.73 157.05 0.1910
671.92 847.10 80.73 157.05 0.1910
708.49 847.10 80.73 157.05 0.1910
708.49 953.10 80.73 157.05 0.1910
342.76 263.87 80.77 157.46 0.1910
379.33 369.87 80.77 157.46 0.1910
123.32 1217.79 80.85 157.47 0.1910
416.12 1271.33 80.51 156.78 0.1910
635.56 1271.36 80.47 156.54 0.1910
123.34 263.93 80.75 157.22 0.1910
306.20 316.93 80.75 157.22 0.1910
342.77 369.93 80.75 157.22 0.1910
379.34 475.93 80.75 157.22 0.1910
415.91 528.93 80.75 157.22 0.1910
452.49 528.93 80.75 157.22 0.1910
598.77 528.93 80.75 157.22 0.1910
671.91 528.93 80.75 157.22 0.1910
708.49 528.93 80.75 157.22 0.1910
123.34 581.93 80.75 157.22 0.1910
525.63 581.93 80.75 157.22 0.1910
635.34 581.93 80.75 157.22 0.1910
745.06 581.93 80.75 157.22 0.1910
342.77 634.93 80.75 157.22 0.1910
415.91 634.93 80.75 157.22 0.1910
671.91 634.93 80.75 157.22 0.1910
708.49 634.93 80.75 157.22 0.1910
781.63 634.93 80.75 157.22 0.1910
86.77 687.93 80.75 157.22 0.1910
123.34 687.93 80.75 157.22 0.1910
745.06 687.93 80.75 157.22 0.1910
671.91 740.93 80.75 157.22 0.1910
708.49 740.93 80.75 157.22 0.1910
781.63 740.93 80.75 157.22 0.1910
818.20 740.93 80.75 157.22 0.1910
745.06 793.93 80.75 157.22 0.1910
745.06 899.93 80.75 157.22 0.1910
745.06 1005.93 80.75 157.22 0.1910
854.77 1005.93 80.75 157.22 0.1910
671.86 1217.97 80.86 157.29 0.1910
269.63 264.11 80.75 157.21 0.1909
635.33 316.91 80.77 157.41 0.1909
415.91 369.91 80.77 157.41 0.1909
708.48 369.91 80.77 157.41 0.1909
452.48 422.91 80.77 157.41 0.1909
745.05 422.91 80.77 157.41 0.1909
854.76 528.91 80.77 157.41 0.1909
159.91 1165.04 80.78 157.17 0.1909
306.19 1165.04 80.78 157.17 0.1909
342.77 1165.04 80.78 157.17 0.1909
379.34 1165.04 80.78 157.17 0.1909
269.63 1218.11 80.75 157.21 0.1909
854.71 157.84 80.83 157.57 0.1909
854.71 263.84 80.83 157.57 0.1909
891.61 635.38 80.27 156.32 0.1909
123.31 793.98 80.81 157.19 0.1909
598.74 793.98 80.81 157.19 0.1909
891.61 847.38 80.27 156.32 0.1909
452.46 1111.98 80.81 157.19 0.1909
891.49 105.30 80.40 156.47 0.1909
415.85 157.84 80.92 157.58 0.1909
781.57 210.84 80.92 157.58 0.1909
818.14 210.84 80.92 157.58 0.1909
196.34 0.00 81.21 156.94 0.1909
232.91 0.00 81.21 156.94 0.1909
233.06 317.03 80.78 157.17 0.1909
306.20 423.03 80.78 157.17 0.1909
