45_Balloonist_Balloonist_45_838
200
927.91 0.00 81.04 81.22 0.1925
50.55 603.25 80.24 80.75 0.1921
50.63 54.69 80.16 80.71 0.1920
928.17 383.83 80.41 80.93 0.1920
50.48 548.36 80.31 80.78 0.1920
50.63 246.70 80.12 80.68 0.1918
50.63 301.56 80.12 80.68 0.1918
50.63 356.42 80.12 80.68 0.1918
928.20 328.92 80.41 80.98 0.1917
50.59 411.26 80.16 80.71 0.1917
50.59 466.12 80.16 80.71 0.1917
818.26 383.55 80.61 81.19 0.1917
489.12 328.70 80.70 81.19 0.1917
269.69 383.55 80.70 81.19 0.1917
50.55 164.38 80.21 80.75 0.1917
196.54 356.04 80.72 81.29 0.1917
379.40 383.46 80.72 81.29 0.1917
489.11 383.46 80.72 81.29 0.1917
928.21 438.62 80.40 80.99 0.1917
928.14 630.58 80.54 81.08 0.1917
196.25 0.00 81.24 81.23 0.1916
342.82 273.75 80.74 81.37 0.1916
671.97 301.18 80.74 81.37 0.1916
233.11 328.67 80.71 81.23 0.1916
306.26 328.67 80.71 81.23 0.1916
781.69 356.09 80.71 81.23 0.1916
123.40 410.95 80.71 81.23 0.1916
123.12 0.00 81.22 81.20 0.1916
196.54 109.15 80.73 81.32 0.1915
123.40 191.43 80.73 81.32 0.1915
269.68 273.72 80.73 81.32 0.1915
708.54 273.72 80.73 81.32 0.1915
745.11 273.72 80.73 81.32 0.1915
159.97 301.15 80.73 81.32 0.1915
196.54 301.15 80.73 81.32 0.1915
379.40 301.15 80.73 81.32 0.1915
415.97 301.15 80.73 81.32 0.1915
452.54 301.15 80.73 81.32 0.1915
525.68 301.15 80.73 81.32 0.1915
123.40 328.58 80.73 81.32 0.1915
269.68 328.58 80.73 81.32 0.1915
342.82 328.58 80.73 81.32 0.1915
635.40 328.58 80.73 81.32 0.1915
159.97 356.01 80.73 81.32 0.1915
452.54 383.43 80.73 81.32 0.1915
233.11 410.86 80.73 81.32 0.1915
598.82 410.86 80.73 81.32 0.1915
379.40 438.29 80.73 81.32 0.1915
415.97 438.29 80.73 81.32 0.1915
489.11 438.29 80.73 81.32 0.1915
123.40 465.72 80.73 81.32 0.1915
196.54 465.72 80.73 81.32 0.1915
233.11 465.72 80.73 81.32 0.1915
269.68 465.72 80.73 81.32 0.1915
306.25 465.72 80.73 81.32 0.1915
342.82 465.72 80.73 81.32 0.1915
452.54 465.72 80.73 81.32 0.1915
525.68 465.72 80.73 81.32 0.1915
671.97 465.72 80.73 81.32 0.1915
159.97 493.15 80.73 81.32 0.1915
818.25 493.15 80.73 81.32 0.1915
489.11 520.58 80.73 81.32 0.1915
525.68 548.01 80.73 81.32 0.1915
50.29 0.00 80.73 80.98 0.1915
159.90 109.15 80.79 81.31 0.1915
818.18 246.29 80.79 81.31 0.1915
562.18 328.58 80.79 81.31 0.1915
525.61 383.43 80.79 81.31 0.1915
562.18 465.72 80.79 81.31 0.1915
196.47 520.58 80.79 81.31 0.1915
598.76 520.58 80.79 81.31 0.1915
635.33 548.01 80.79 81.31 0.1915
671.90 548.01 80.79 81.31 0.1915
818.18 548.01 80.79 81.31 0.1915
452.21 0.00 81.27 81.21 0.1915
306.25 383.58 80.73 81.18 0.1915
928.20 82.07 80.41 80.98 0.1915
928.20 520.93 80.41 80.98 0.1915
745.26 657.91 80.52 81.10 0.1915
781.83 657.91 80.52 81.10 0.1915
818.40 657.91 80.52 81.10 0.1915
854.82 109.15 80.74 81.40 0.1915
159.96 164.01 80.74 81.40 0.1915
342.82 191.44 80.74 81.40 0.1915
123.39 246.29 80.74 81.40 0.1915
489.11 273.72 80.74 81.40 0.1915
562.25 273.72 80.74 81.40 0.1915
635.39 273.72 80.74 81.40 0.1915
781.68 273.72 80.74 81.40 0.1915
854.82 273.72 80.74 81.40 0.1915
671.96 356.01 80.74 81.40 0.1915
342.82 383.49 80.75 81.27 0.1915
159.96 410.87 80.74 81.40 0.1915
196.54 410.87 80.74 81.40 0.1915
635.39 438.29 80.74 81.40 0.1915
635.39 493.15 80.74 81.40 0.1915
123.39 520.58 80.74 81.40 0.1915
269.68 520.58 80.74 81.40 0.1915
306.25 520.58 80.74 81.40 0.1915
342.82 520.58 80.74 81.40 0.1915
123.32 136.58 80.81 81.40 0.1915
818.18 136.58 80.81 81.40 0.1915
306.18 191.44 80.81 81.40 0.1915
818.18 191.44 80.81 81.40 0.1915
781.61 218.87 80.81 81.40 0.1915
306.18 246.29 80.81 81.40 0.1915
233.04 520.58 80.81 81.40 0.1915
854.75 520.58 80.81 81.40 0.1915
342.75 575.44 80.81 81.40 0.1915
379.32 575.44 80.81 81.40 0.1915
415.90 575.44 80.81 81.40 0.1915
598.75 575.44 80.81 81.40 0.1915
123.40 81.75 80.63 81.28 0.1914
159.73 0.00 81.16 81.19 0.1914
854.83 465.84 80.72 81.28 0.1914
891.33 0.00 80.87 81.05 0.1914
13.59 0.00 80.80 80.93 0.1914
232.83 0.00 81.22 81.20 0.1914
269.40 0.00 81.22 81.20 0.1914
305.98 0.00 81.22 81.20 0.1914
342.55 0.00 81.22 81.20 0.1914
379.12 0.00 81.22 81.20 0.1914
415.69 0.00 81.22 81.20 0.1914
50.57 109.55 80.15 80.76 0.1914
818.26 438.38 80.62 81.22 0.1913
123.57 657.95 80.49 81.06 0.1913
488.78 0.00 81.27 81.20 0.1913
525.36 0.00 81.27 81.20 0.1913
744.83 0.00 81.19 81.20 0.1913
196.55 218.95 80.71 81.22 0.1913
818.26 328.67 80.71 81.22 0.1913
854.83 356.10 80.71 81.22 0.1913
781.69 520.67 80.71 81.22 0.1913
379.55 657.91 80.52 81.08 0.1913
416.12 657.91 80.52 81.08 0.1913
452.69 657.91 80.52 81.08 0.1913
489.26 657.91 80.52 81.08 0.1913
525.83 657.91 80.52 81.08 0.1913
562.40 657.91 80.52 81.08 0.1913
598.97 657.91 80.52 81.08 0.1913
635.55 657.91 80.52 81.08 0.1913
672.12 657.91 80.52 81.08 0.1913
854.97 657.91 80.52 81.08 0.1913
452.46 109.12 80.82 81.42 0.1913
561.93 0.00 81.25 81.21 0.1913
635.07 0.00 81.25 81.21 0.1913
708.22 0.00 81.25 81.21 0.1913
781.36 0.00 81.25 81.21 0.1913
854.50 0.00 81.25 81.21 0.1913
233.11 81.72 80.73 81.32 0.1913
269.68 81.72 80.73 81.32 0.1913
233.11 136.58 80.73 81.32 0.1913
854.75 164.01 80.80 81.38 0.1913
269.68 218.87 80.73 81.32 0.1913
233.11 246.29 80.73 81.32 0.1913
598.83 328.58 80.73 81.32 0.1913
708.54 328.58 80.73 81.32 0.1913
745.11 328.58 80.73 81.32 0.1913
415.97 356.01 80.73 81.32 0.1913
562.26 383.44 80.73 81.32 0.1913
635.40 383.44 80.73 81.32 0.1913
745.11 383.44 80.73 81.32 0.1913
781.68 410.87 80.73 81.32 0.1913
854.83 410.87 80.73 81.32 0.1913
745.11 438.29 80.73 81.32 0.1913
598.83 465.72 80.73 81.32 0.1913
781.68 465.72 80.73 81.32 0.1913
708.54 493.15 80.73 81.32 0.1913
745.11 493.15 80.73 81.32 0.1913
379.40 520.58 80.73 81.32 0.1913
415.97 520.58 80.73 81.32 0.1913
452.54 520.58 80.73 81.32 0.1913
562.26 548.01 80.73 81.32 0.1913
635.31 163.99 80.84 81.42 0.1913
708.47 383.44 80.79 81.31 0.1913
671.90 410.87 80.79 81.31 0.1913
86.76 465.72 80.79 81.31 0.1913
86.59 0.00 81.16 81.17 0.1913
818.02 0.00 81.16 81.17 0.1913
928.20 136.93 80.41 80.98 0.1913
928.20 191.79 80.41 80.98 0.1913
928.20 274.07 80.41 80.98 0.1913
928.20 575.79 80.41 80.98 0.1913
160.13 657.90 80.51 81.10 0.1912
708.47 438.30 80.72 81.39 0.1912
86.82 109.15 80.74 81.40 0.1912
671.90 109.16 80.82 81.41 0.1912
86.82 164.01 80.74 81.40 0.1912
196.54 164.01 80.74 81.40 0.1912
233.11 191.44 80.74 81.40 0.1912
86.82 218.87 80.74 81.40 0.1912
159.97 218.87 80.74 81.40 0.1912
379.40 218.87 80.74 81.40 0.1912
415.97 246.30 80.74 81.40 0.1912
598.82 273.72 80.74 81.40 0.1912
86.82 328.58 80.74 81.40 0.1912
269.68 602.87 80.74 81.40 0.1912
708.65 657.91 80.57 81.09 0.1912
306.18 109.15 80.81 81.40 0.1912
342.76 109.15 80.81 81.40 0.1912
