45_Balloonist_Balloonist_45_550
200
927.82 0.00 81.10 82.17 0.1922
50.58 638.12 80.19 81.59 0.1921
50.59 443.83 80.17 81.64 0.1920
50.55 110.77 80.31 81.78 0.1920
50.50 360.46 80.30 81.79 0.1920
50.51 166.21 80.29 81.79 0.1919
50.48 55.22 80.36 81.86 0.1919
928.16 193.99 80.49 81.99 0.1919
50.47 304.94 80.35 81.82 0.1919
50.66 554.91 80.10 81.54 0.1918
50.63 249.60 80.12 81.63 0.1918
891.59 138.54 80.22 81.73 0.1917
781.69 582.30 80.70 82.15 0.1917
928.17 554.75 80.43 81.97 0.1917
928.09 138.50 80.53 81.97 0.1916
50.28 0.00 80.89 82.03 0.1916
232.90 0.00 81.13 82.14 0.1916
306.05 0.00 81.13 82.14 0.1916
159.76 0.00 81.22 82.15 0.1916
196.33 0.00 81.22 82.15 0.1916
269.48 0.00 81.22 82.15 0.1916
928.21 610.37 80.39 81.84 0.1915
854.82 582.18 80.73 82.27 0.1915
13.81 55.40 80.16 81.50 0.1915
489.11 443.55 80.61 82.14 0.1915
818.26 582.30 80.61 82.14 0.1915
525.69 443.55 80.70 82.15 0.1915
708.54 526.68 80.74 82.36 0.1915
818.18 249.18 80.81 82.35 0.1915
854.75 276.93 80.81 82.35 0.1915
415.99 443.57 80.59 82.09 0.1915
928.18 388.24 80.44 81.97 0.1914
196.78 665.73 80.29 81.81 0.1914
379.64 665.73 80.29 81.81 0.1914
50.63 499.32 80.13 81.66 0.1914
123.19 0.00 81.22 82.15 0.1913
415.76 0.00 81.22 82.15 0.1913
342.83 443.52 80.71 82.18 0.1913
452.54 443.52 80.71 82.18 0.1913
562.40 665.62 80.52 82.03 0.1913
598.97 665.62 80.52 82.03 0.1913
635.55 665.62 80.52 82.03 0.1913
672.12 665.62 80.52 82.03 0.1913
708.69 665.62 80.52 82.03 0.1913
745.26 665.62 80.52 82.03 0.1913
379.35 443.54 80.66 82.12 0.1913
928.21 443.87 80.39 81.84 0.1913
342.57 0.00 81.28 82.16 0.1913
379.15 0.00 81.28 82.16 0.1913
488.86 0.00 81.28 82.16 0.1913
525.43 0.00 81.28 82.16 0.1913
562.00 0.00 81.28 82.16 0.1913
635.15 0.00 81.28 82.16 0.1913
854.57 0.00 81.28 82.16 0.1913
306.27 443.54 80.69 82.13 0.1913
781.68 304.68 80.73 82.27 0.1913
818.26 304.68 80.73 82.27 0.1913
635.40 526.68 80.73 82.27 0.1913
671.97 554.43 80.73 82.27 0.1913
745.11 582.18 80.73 82.27 0.1913
818.19 498.93 80.79 82.26 0.1913
635.33 609.93 80.79 82.26 0.1913
233.11 443.52 80.73 82.26 0.1913
269.69 443.52 80.73 82.26 0.1913
928.09 82.98 80.51 82.00 0.1913
13.82 194.18 80.23 81.57 0.1913
928.20 249.53 80.41 81.93 0.1913
928.20 305.03 80.41 81.93 0.1913
13.82 499.43 80.23 81.57 0.1913
781.68 249.18 80.74 82.35 0.1912
854.82 360.18 80.74 82.35 0.1912
598.82 526.68 80.74 82.35 0.1912
452.54 554.43 80.74 82.35 0.1912
489.11 554.43 80.74 82.35 0.1912
123.40 582.18 80.74 82.35 0.1912
781.68 637.68 80.74 82.35 0.1912
160.18 665.70 80.35 81.87 0.1912
745.04 332.43 80.81 82.35 0.1912
781.61 360.18 80.81 82.35 0.1912
818.18 360.18 80.81 82.35 0.1912
196.47 526.68 80.81 82.35 0.1912
562.18 526.68 80.81 82.35 0.1912
745.04 526.68 80.81 82.35 0.1912
781.61 526.68 80.81 82.35 0.1912
854.76 526.68 80.81 82.35 0.1912
525.61 554.43 80.81 82.35 0.1912
708.47 582.18 80.81 82.35 0.1912
562.18 609.93 80.81 82.35 0.1912
598.76 609.93 80.81 82.35 0.1912
13.81 638.09 80.25 81.67 0.1912
891.32 0.00 80.88 81.96 0.1912
525.86 665.66 80.49 81.99 0.1912
13.84 110.82 80.20 81.63 0.1912
708.48 360.20 80.79 82.30 0.1912
13.77 388.32 80.26 81.63 0.1912
525.69 609.93 80.72 82.38 0.1912
232.99 637.70 80.84 82.33 0.1912
13.77 305.07 80.30 81.70 0.1911
159.90 609.93 80.78 82.37 0.1911
86.62 0.00 81.21 82.17 0.1911
452.34 0.00 81.21 82.17 0.1911
818.05 0.00 81.21 82.17 0.1911
818.18 637.74 80.83 82.30 0.1911
86.70 54.92 80.84 82.45 0.1911
416.18 665.68 80.39 81.91 0.1911
13.50 0.00 80.90 81.81 0.1911
452.75 665.69 80.26 81.92 0.1911
342.82 387.95 80.74 82.26 0.1911
379.39 387.95 80.74 82.26 0.1911
452.53 387.95 80.74 82.26 0.1911
854.83 415.68 80.72 82.25 0.1911
671.72 0.00 81.17 82.18 0.1911
854.73 165.93 80.86 82.36 0.1911
415.89 387.95 80.80 82.25 0.1911
489.04 387.95 80.80 82.25 0.1911
891.64 193.99 80.16 81.69 0.1911
598.58 0.00 81.27 82.19 0.1911
708.29 0.00 81.27 82.19 0.1911
744.86 0.00 81.27 82.19 0.1911
781.43 0.00 81.27 82.19 0.1911
562.26 443.52 80.71 82.18 0.1911
306.49 665.74 80.31 81.90 0.1911
781.70 471.23 80.72 82.27 0.1911
928.40 693.78 80.10 81.95 0.1911
598.82 82.80 80.68 82.19 0.1911
342.75 498.95 80.69 82.27 0.1911
745.10 276.95 80.76 82.34 0.1910
269.67 498.95 80.76 82.34 0.1910
671.95 499.01 80.76 82.21 0.1910
342.75 637.71 80.83 82.36 0.1910
13.81 443.84 80.25 81.65 0.1910
818.19 415.68 80.79 82.26 0.1910
13.82 554.94 80.20 81.55 0.1910
891.76 665.88 80.00 81.45 0.1910
525.70 499.09 80.70 82.09 0.1910
159.92 82.78 80.73 82.23 0.1910
233.06 82.78 80.73 82.23 0.1910
525.63 82.78 80.73 82.23 0.1910
562.20 82.78 80.73 82.23 0.1910
781.63 82.78 80.73 82.23 0.1910
196.49 110.53 80.73 82.23 0.1910
489.06 110.53 80.73 82.23 0.1910
159.92 138.28 80.73 82.23 0.1910
233.06 138.28 80.73 82.23 0.1910
196.49 166.03 80.73 82.23 0.1910
928.21 499.29 80.41 81.92 0.1910
671.90 360.22 80.80 82.29 0.1910
891.60 82.93 80.29 81.82 0.1910
306.19 526.68 80.78 82.35 0.1910
233.05 554.43 80.78 82.35 0.1910
196.48 582.18 80.78 82.35 0.1910
123.33 637.68 80.78 82.35 0.1910
269.92 665.72 80.26 81.86 0.1910
781.68 415.69 80.74 82.35 0.1910
489.11 609.94 80.74 82.35 0.1910
123.34 82.69 80.75 82.32 0.1910
269.63 82.69 80.75 82.32 0.1910
306.20 82.69 80.75 82.32 0.1910
342.77 82.69 80.75 82.32 0.1910
415.91 82.69 80.75 82.32 0.1910
452.49 82.69 80.75 82.32 0.1910
818.20 82.69 80.75 82.32 0.1910
854.77 82.69 80.75 82.32 0.1910
86.77 110.44 80.75 82.32 0.1910
379.34 110.44 80.75 82.32 0.1910
269.63 138.19 80.75 82.32 0.1910
306.20 138.19 80.75 82.32 0.1910
342.77 138.19 80.75 82.32 0.1910
233.06 193.69 80.75 82.32 0.1910
269.63 193.69 80.75 82.32 0.1910
745.04 387.94 80.81 82.35 0.1910
671.90 609.94 80.81 82.35 0.1910
635.39 82.76 80.72 82.26 0.1910
671.92 55.03 80.75 82.31 0.1909
745.05 165.97 80.77 82.31 0.1909
123.39 332.49 80.72 82.26 0.1909
233.04 498.95 80.80 82.24 0.1909
159.98 526.70 80.72 82.31 0.1909
525.60 138.22 80.81 82.30 0.1909
562.17 138.22 80.81 82.30 0.1909
818.17 138.22 80.81 82.30 0.1909
452.46 165.97 80.81 82.30 0.1909
123.31 193.72 80.81 82.30 0.1909
415.89 193.72 80.81 82.30 0.1909
159.89 304.72 80.81 82.30 0.1909
745.12 471.25 80.73 82.26 0.1909
745.06 82.74 80.78 82.29 0.1909
123.34 138.24 80.78 82.29 0.1909
415.91 138.24 80.78 82.29 0.1909
379.34 165.99 80.78 82.29 0.1909
159.91 193.74 80.78 82.29 0.1909
196.49 221.49 80.78 82.29 0.1909
342.77 221.49 80.78 82.29 0.1909
159.91 249.24 80.78 82.29 0.1909
86.77 332.49 80.78 82.29 0.1909
598.84 471.29 80.60 82.11 0.1909
854.75 637.74 80.83 82.30 0.1909
854.81 471.32 80.77 82.24 0.1909
415.96 498.95 80.65 82.25 0.1909
306.18 360.21 80.82 82.32 0.1909
