59_peopledrivingcar_peopledrivingcar_59_404
97
866.05 190.43 47.77 55.21 0.6434
743.63 73.68 27.03 28.71 0.3743
669.14 181.71 72.63 57.29 0.3345
982.87 180.50 39.45 53.04 0.3308
780.09 105.04 40.21 48.23 0.3227
848.26 72.71 23.16 24.44 0.2914
588.73 161.48 102.97 85.39 0.2652
165.16 346.15 139.64 151.17 0.2264
809.80 74.54 24.71 30.95 0.2186
705.73 191.50 71.04 50.60 0.2153
222.84 0.00 107.98 80.47 0.2136
810.43 51.36 21.37 21.35 0.2124
90.23 327.30 90.23 122.76 0.2115
27.53 325.04 99.80 113.36 0.1968
642.03 49.00 62.47 75.87 0.1889
682.17 94.33 47.89 58.82 0.1828
687.41 63.52 38.73 40.98 0.1772
0.00 335.57 49.78 77.16 0.1755
433.09 116.93 74.00 91.21 0.1595
115.32 328.40 141.24 146.82 0.1575
877.97 92.95 28.70 33.95 0.1568
878.46 73.66 24.67 29.43 0.1566
194.02 331.05 93.70 88.49 0.1566
746.20 281.96 57.33 51.48 0.1519
956.15 206.98 43.93 46.44 0.1513
842.86 87.24 33.09 41.28 0.1367
696.14 45.02 32.30 43.40 0.1343
769.50 72.30 28.08 35.80 0.1318
775.48 47.84 22.23 23.74 0.1269
707.81 258.43 73.36 66.15 0.1268
678.18 124.01 66.14 68.31 0.1257
837.26 107.21 38.12 39.68 0.1247
849.68 51.95 23.26 24.78 0.1178
874.15 100.39 39.49 47.39 0.1173
991.38 130.14 28.88 39.15 0.1144
704.44 284.64 41.21 43.05 0.1138
720.26 122.27 55.23 61.39 0.1110
773.74 326.38 85.26 85.32 0.1086
727.27 210.05 107.56 91.37 0.0974
118.09 403.36 133.61 109.67 0.0974
992.12 435.19 26.18 47.16 0.0938
740.38 54.59 24.86 31.17 0.0904
989.40 211.18 34.60 54.49 0.0901
780.45 273.30 58.82 52.25 0.0891
424.25 44.01 72.65 72.42 0.0887
718.92 200.44 84.83 57.94 0.0883
490.61 137.98 81.18 75.67 0.0883
572.12 46.24 65.25 92.19 0.0880
508.14 115.57 53.92 64.69 0.0874
423.47 12.46 79.59 70.36 0.0873
961.52 290.30 29.90 29.24 0.0869
590.26 21.40 40.49 47.91 0.0850
956.53 266.51 29.81 32.65 0.0850
383.30 0.94 76.51 87.33 0.0836
788.84 211.85 63.89 61.35 0.0824
947.97 343.54 34.19 45.34 0.0812
870.28 138.55 56.62 74.19 0.0810
283.53 0.83 76.72 74.74 0.0798
533.38 109.84 48.46 51.03 0.0792
492.07 154.62 155.68 112.82 0.0789
808.44 28.49 24.73 25.74 0.0788
651.13 25.52 51.45 57.68 0.0779
880.66 49.05 23.39 26.11 0.0766
609.84 20.41 60.88 79.13 0.0765
790.19 151.30 64.07 70.22 0.0743
909.93 281.96 38.82 48.36 0.0705
734.38 181.60 62.73 51.45 0.0698
614.72 64.65 85.05 88.45 0.0697
895.10 132.48 49.93 61.00 0.0695
843.61 204.06 51.41 59.63 0.0692
914.05 316.33 39.95 62.49 0.0689
766.05 236.42 77.48 77.74 0.0684
746.20 163.67 55.34 51.80 0.0678
599.42 4.86 53.23 53.08 0.0672
636.29 128.03 87.91 89.27 0.0665
645.96 200.78 76.33 72.90 0.0661
903.07 179.80 42.02 50.40 0.0652
365.56 4.40 61.16 66.70 0.0650
958.31 302.58 35.68 46.05 0.0613
723.19 289.49 59.14 68.66 0.0606
806.42 305.56 68.99 64.34 0.0593
428.03 76.97 71.83 64.49 0.0592
915.49 380.76 81.13 96.40 0.0586
983.84 402.74 35.87 55.31 0.0577
894.75 104.03 50.81 63.18 0.0570
738.42 22.09 25.40 28.95 0.0567
922.43 349.06 35.49 44.55 0.0562
835.55 133.43 57.23 57.07 0.0560
453.51 53.59 77.41 76.49 0.0554
876.06 302.39 50.60 77.80 0.0552
984.41 364.65 36.32 57.51 0.0542
239.39 491.18 124.42 87.42 0.0535
927.09 348.08 65.36 91.88 0.0531
902.52 202.38 41.37 45.31 0.0530
799.80 2.29 33.63 26.05 0.0528
794.90 185.85 56.23 59.71 0.0513
559.21 120.64 80.42 113.40 0.0512
