59_peopledrivingcar_peopledrivingcar_59_229
23
634.34 167.65 209.54 243.45 0.8359
399.55 380.54 122.41 131.95 0.2268
792.73 57.95 170.01 129.87 0.1151
330.43 401.38 227.45 202.30 0.1074
431.38 346.17 112.22 116.39 0.1044
135.44 485.66 191.74 160.18 0.0929
455.58 522.74 163.06 112.80 0.0872
44.06 467.80 357.02 269.93 0.0828
778.81 107.90 89.08 77.34 0.0828
846.60 133.61 77.38 60.48 0.0774
450.29 380.16 128.30 132.19 0.0767
0.00 0.00 284.18 399.01 0.0710
27.02 458.37 234.47 169.86 0.0695
368.22 412.81 127.34 141.85 0.0681
465.06 305.30 132.03 125.92 0.0679
436.49 222.01 245.31 219.14 0.0666
224.74 540.60 89.54 68.07 0.0628
0.46 530.84 33.00 36.56 0.0564
392.04 9.46 382.82 179.79 0.0541
302.36 494.01 151.83 134.92 0.0525
552.28 486.67 96.66 136.41 0.0521
293.35 285.25 252.72 252.22 0.0507
588.35 453.29 104.91 156.61 0.0503
