59_peopledrivingcar_peopledrivingcar_59_34
69
230.58 34.49 201.51 318.77 0.6947
263.69 469.09 87.71 106.87 0.1802
261.48 405.98 23.96 29.42 0.1609
260.28 410.39 41.64 56.06 0.1410
607.88 506.51 36.00 41.08 0.1260
762.66 312.24 59.33 48.83 0.1210
777.19 298.95 60.36 50.33 0.1136
834.15 347.09 98.56 127.52 0.1089
280.51 413.12 48.58 64.68 0.1024
230.94 399.70 32.72 33.34 0.1014
556.78 43.48 340.86 345.02 0.1004
251.62 409.50 68.80 101.63 0.0994
880.33 455.80 48.50 61.66 0.0987
0.00 196.18 59.50 121.73 0.0968
292.04 408.09 31.30 31.69 0.0967
692.57 258.42 101.91 73.55 0.0938
901.53 458.67 44.17 57.33 0.0931
475.42 486.43 30.64 30.68 0.0867
592.12 469.39 29.71 30.16 0.0865
276.00 174.61 181.38 190.77 0.0859
566.10 518.09 70.00 57.91 0.0858
742.09 277.48 64.25 57.07 0.0847
403.80 437.39 34.44 45.54 0.0847
420.96 433.81 52.48 69.79 0.0832
313.19 539.33 42.20 35.90 0.0823
912.38 308.70 29.87 34.22 0.0817
595.06 494.32 32.93 28.41 0.0817
461.71 450.38 48.83 51.89 0.0813
680.01 530.19 91.64 45.81 0.0799
227.32 68.63 112.31 137.38 0.0794
221.06 419.80 46.66 59.30 0.0783
618.54 463.63 30.49 35.31 0.0775
638.05 216.92 190.88 131.12 0.0773
283.74 435.05 75.83 85.75 0.0770
606.70 425.08 48.98 65.45 0.0767
231.35 393.14 25.85 25.17 0.0754
518.24 489.89 28.36 28.32 0.0748
0.00 136.54 115.69 198.94 0.0747
389.37 411.78 64.20 86.59 0.0721
790.19 418.88 91.57 96.66 0.0713
657.72 531.66 68.45 44.34 0.0702
328.50 399.29 37.83 38.05 0.0693
549.36 459.28 36.25 36.24 0.0689
389.01 379.87 78.75 83.68 0.0685
786.91 326.95 107.66 112.71 0.0658
503.62 0.62 106.74 99.90 0.0645
651.55 418.21 58.26 91.94 0.0626
421.94 390.42 83.23 112.95 0.0614
395.51 157.48 137.54 169.24 0.0601
552.69 512.82 38.54 47.33 0.0601
288.45 385.49 47.75 53.90 0.0594
326.75 374.56 52.03 50.48 0.0583
813.42 300.18 100.99 104.53 0.0582
425.49 307.57 76.11 106.35 0.0579
553.83 487.61 24.72 25.74 0.0565
434.40 474.04 32.47 44.33 0.0564
251.88 365.28 35.30 37.83 0.0561
576.14 419.65 56.63 66.92 0.0555
435.83 505.50 29.48 39.04 0.0548
343.89 353.89 63.71 65.46 0.0548
349.04 382.77 62.17 64.34 0.0533
504.89 455.88 50.73 46.62 0.0523
331.92 481.88 63.07 70.79 0.0523
308.53 62.26 143.25 153.45 0.0523
522.96 408.10 72.05 82.82 0.0519
187.85 404.41 30.03 32.80 0.0513
381.09 332.74 100.94 79.75 0.0511
477.12 511.70 30.88 38.52 0.0507
512.47 504.85 42.97 53.28 0.0504
