57_Angler_peoplefishing_57_51
159
469.38 104.27 64.02 66.34 0.7865
701.67 60.49 53.07 75.23 0.7176
116.94 57.18 52.60 55.76 0.4709
270.58 41.10 20.84 24.07 0.3316
339.98 147.23 26.34 28.79 0.3127
367.52 138.69 30.73 29.56 0.2943
301.27 113.68 26.71 30.19 0.2542
696.32 281.21 57.21 58.08 0.2493
447.64 109.37 48.49 60.42 0.2481
332.92 314.62 79.61 45.50 0.2201
179.89 98.18 30.03 30.83 0.2160
828.83 158.23 36.79 49.24 0.2142
385.42 139.33 46.04 33.57 0.2055
252.05 91.97 29.54 35.34 0.2043
220.87 44.25 22.67 28.23 0.2019
608.04 236.65 46.37 59.65 0.1864
42.62 105.52 67.62 87.68 0.1845
404.66 194.12 32.53 31.34 0.1780
717.85 86.12 59.07 107.26 0.1695
228.46 108.38 25.70 35.83 0.1669
787.94 253.37 56.44 85.27 0.1640
79.80 37.93 62.16 50.35 0.1634
765.78 287.44 80.92 79.51 0.1589
202.18 302.32 88.23 39.57 0.1555
298.34 146.91 27.77 27.40 0.1472
252.89 138.63 31.12 34.91 0.1468
251.54 113.53 31.68 36.27 0.1428
336.27 127.87 19.03 23.56 0.1416
494.89 124.83 51.66 69.08 0.1407
980.15 434.71 38.72 54.05 0.1378
225.17 296.21 66.80 27.78 0.1377
437.45 193.47 31.86 29.83 0.1360
889.60 457.64 38.41 25.99 0.1318
120.66 155.06 25.17 40.25 0.1274
232.17 95.82 34.06 38.97 0.1264
147.28 89.51 42.33 56.96 0.1240
391.81 300.09 49.74 39.55 0.1215
788.62 317.06 51.48 51.72 0.1199
210.18 320.63 181.31 88.33 0.1182
221.95 56.22 27.81 41.62 0.1169
407.86 285.15 48.29 36.41 0.1138
660.01 213.94 42.87 59.29 0.1126
918.11 129.54 38.85 55.35 0.1120
111.37 103.43 45.33 48.99 0.1093
474.25 221.78 29.17 30.05 0.1088
426.30 269.94 42.74 33.37 0.1085
436.04 164.90 39.28 30.65 0.1083
538.90 148.67 40.63 41.39 0.1081
550.97 272.98 28.34 36.14 0.1077
650.80 300.17 38.07 42.69 0.1073
98.53 335.32 275.23 117.72 0.1071
229.31 141.21 30.14 29.33 0.1048
696.45 312.89 62.45 50.20 0.1045
112.02 29.75 47.19 58.66 0.1039
821.01 240.58 92.18 97.96 0.1033
296.31 29.14 22.46 31.25 0.1030
862.18 156.45 66.94 86.31 0.0999
253.94 310.57 94.63 44.39 0.0994
177.30 61.36 44.74 52.30 0.0971
298.88 156.56 30.24 33.25 0.0959
333.65 297.22 63.28 41.77 0.0953
393.03 157.61 44.40 35.38 0.0947
822.77 295.70 67.32 60.29 0.0946
138.82 31.69 40.37 50.12 0.0944
610.69 309.70 48.17 41.40 0.0934
816.53 121.25 51.53 82.37 0.0929
192.67 168.16 31.33 26.81 0.0928
894.36 145.69 53.35 103.35 0.0928
500.36 302.68 44.43 41.80 0.0917
140.13 138.40 37.01 37.72 0.0908
469.17 235.64 32.69 34.16 0.0876
178.61 41.16 39.59 45.84 0.0876
219.39 170.11 29.89 25.37 0.0873
578.28 436.66 133.43 92.38 0.0867
372.42 234.48 25.50 31.40 0.0866
282.89 36.16 33.53 34.54 0.0863
471.00 296.12 45.82 45.77 0.0845
644.77 239.45 55.52 71.41 0.0841
298.44 192.01 31.23 30.37 0.0834
256.83 67.48 26.25 42.41 0.0825
262.56 166.27 26.33 25.57 0.0823
610.43 331.65 41.21 32.40 0.0809
432.48 292.97 50.67 46.13 0.0794
664.66 334.40 25.97 27.99 0.0792
253.14 217.38 32.07 31.71 0.0790
134.24 193.91 39.45 50.86 0.0781
444.13 213.88 34.32 40.03 0.0779
57.08 341.44 194.84 88.19 0.0778
584.75 364.24 39.78 25.32 0.0772
0.66 57.64 50.22 52.31 0.0770
266.53 292.69 65.57 31.21 0.0768
3.07 73.59 73.09 88.12 0.0764
207.17 270.08 56.79 24.89 0.0763
250.68 228.32 37.98 37.33 0.0760
134.94 162.45 35.57 36.21 0.0757
404.63 202.27 41.82 41.01 0.0756
593.62 194.31 27.47 32.46 0.0754
446.10 239.25 40.53 39.56 0.0752
568.72 145.84 42.13 41.66 0.0752
596.82 217.37 44.07 44.13 0.0749
840.59 308.72 80.68 69.66 0.0746
0.00 31.50 42.32 53.11 0.0745
584.14 328.00 37.72 33.49 0.0739
400.12 86.58 48.02 65.29 0.0720
464.61 257.43 41.14 34.14 0.0705
75.30 166.51 37.20 57.16 0.0704
953.82 442.79 42.33 56.03 0.0697
255.58 191.33 28.76 30.79 0.0690
307.18 410.53 106.12 41.71 0.0688
295.21 215.07 35.32 31.27 0.0686
447.99 75.45 72.71 81.00 0.0682
367.29 189.55 30.17 30.92 0.0678
404.11 59.18 49.79 53.57 0.0677
189.60 144.84 28.46 29.92 0.0677
114.17 185.29 26.56 40.14 0.0673
895.15 322.13 65.89 58.78 0.0671
368.29 100.42 30.99 43.08 0.0671
538.76 306.49 43.47 36.48 0.0669
55.67 342.54 53.25 32.48 0.0667
339.08 25.41 20.19 31.10 0.0664
26.33 59.50 67.70 56.73 0.0663
0.00 0.00 36.98 42.82 0.0651
574.27 163.98 37.41 39.25 0.0649
759.76 323.65 84.56 70.29 0.0649
315.54 345.01 95.96 47.94 0.0634
330.72 190.79 32.99 30.05 0.0632
53.06 355.67 64.81 35.50 0.0630
722.72 343.97 53.88 48.94 0.0630
213.42 389.06 173.48 75.01 0.0626
32.51 40.56 64.75 51.77 0.0625
476.83 197.47 35.58 43.62 0.0624
825.26 159.26 62.42 90.75 0.0622
617.70 362.82 34.88 24.78 0.0619
9.60 165.99 43.70 58.73 0.0606
469.75 316.79 52.79 49.33 0.0606
512.79 181.91 44.82 44.59 0.0605
247.04 262.46 55.30 36.91 0.0601
935.02 123.71 39.51 49.99 0.0600
181.39 291.34 61.58 29.30 0.0593
211.50 230.60 43.31 35.08 0.0590
390.94 0.00 68.75 47.39 0.0589
228.41 33.51 17.40 30.68 0.0574
506.37 355.08 48.73 32.30 0.0572
335.43 0.00 26.72 32.65 0.0571
688.84 114.10 74.00 88.54 0.0556
35.84 413.70 67.16 33.90 0.0551
182.01 272.41 41.65 20.50 0.0536
280.65 365.74 125.85 57.37 0.0532
928.90 140.24 47.65 63.75 0.0530
350.08 437.25 117.06 59.66 0.0528
118.62 240.38 25.14 24.72 0.0523
406.97 234.30 57.35 55.47 0.0523
669.86 39.31 78.92 83.27 0.0519
75.28 351.65 110.45 50.13 0.0513
507.70 264.37 38.32 44.75 0.0512
26.79 160.87 56.33 77.20 0.0512
327.05 99.75 27.35 32.91 0.0510
741.54 121.53 61.79 75.03 0.0507
874.84 297.44 76.59 57.15 0.0505
