57_Angler_peoplefishing_57_803
22
409.82 409.39 118.76 138.73 0.8899
591.03 768.35 98.64 234.17 0.3176
566.82 621.31 70.68 141.61 0.1986
572.12 641.79 52.12 74.03 0.1925
649.68 596.21 54.51 69.18 0.1775
628.29 593.95 83.76 123.33 0.1185
578.30 583.33 84.48 97.02 0.1134
591.04 618.68 134.84 287.54 0.0983
445.89 616.82 32.35 95.51 0.0981
513.60 659.81 38.80 72.91 0.0940
433.39 560.35 61.97 156.96 0.0802
557.08 485.53 90.65 120.37 0.0680
550.17 535.05 69.61 87.40 0.0651
481.58 735.40 85.88 243.88 0.0633
578.39 899.33 86.04 212.58 0.0621
471.04 549.72 87.16 200.60 0.0619
463.60 634.35 52.52 86.92 0.0588
480.85 1213.08 20.48 36.03 0.0583
448.91 653.52 30.49 97.64 0.0550
234.08 1376.64 147.14 152.36 0.0548
368.22 414.74 111.95 167.97 0.0547
562.37 672.15 273.83 540.71 0.0541
