45_Balloonist_Balloonist_45_207
21
476.69 296.83 235.23 362.63 0.4208
155.50 480.52 188.87 263.01 0.2071
251.23 553.24 182.86 227.17 0.1458
125.57 521.04 119.71 215.85 0.1279
479.43 804.62 267.59 343.68 0.1249
481.62 417.72 140.42 279.71 0.1215
492.81 572.69 57.03 95.68 0.1131
85.62 223.28 387.23 383.86 0.0933
559.72 625.07 71.23 97.28 0.0843
232.00 923.61 220.07 206.04 0.0841
545.44 237.66 332.73 335.63 0.0696
72.53 544.34 116.20 200.09 0.0650
271.62 467.92 158.39 204.90 0.0643
487.30 646.87 68.04 74.75 0.0632
336.65 542.53 127.24 179.74 0.0623
724.18 595.35 70.47 80.57 0.0606
623.41 440.20 150.93 221.98 0.0590
736.58 582.63 32.32 50.55 0.0565
409.98 748.46 129.10 256.78 0.0560
475.09 682.18 87.33 97.08 0.0518
662.79 492.84 100.42 121.53 0.0510
