57_Angler_peoplefishing_57_515
27
58.71 133.14 213.32 376.62 0.3859
284.16 291.21 382.15 305.69 0.3619
497.10 242.18 508.10 242.24 0.3131
94.56 285.73 166.04 398.27 0.2395
156.82 295.40 322.83 346.76 0.1747
464.81 281.72 311.20 331.36 0.1434
142.01 157.36 370.79 262.17 0.1425
119.87 103.66 211.80 230.51 0.1045
453.30 172.78 342.65 233.62 0.0847
284.33 188.76 369.62 244.24 0.0756
447.81 74.34 157.80 92.47 0.0722
486.30 139.60 393.29 165.43 0.0635
155.05 396.63 185.44 287.37 0.0478
178.31 98.21 398.59 145.17 0.0465
536.99 399.96 277.20 284.04 0.0410
425.45 82.71 402.59 139.47 0.0402
60.27 461.67 105.67 123.20 0.0349
32.93 0.00 267.83 270.91 0.0324
386.62 64.32 135.84 94.53 0.0315
72.27 66.13 104.26 87.10 0.0313
412.54 53.00 169.55 61.90 0.0299
72.86 309.14 113.29 121.39 0.0253
142.19 50.52 164.12 67.90 0.0245
76.99 42.14 104.23 64.99 0.0243
329.20 58.92 170.90 62.87 0.0241
304.29 78.95 150.87 84.11 0.0225
123.99 77.47 156.91 82.01 0.0201
