44_Aerobics_Aerobics_44_400
29
225.40 167.82 140.03 170.96 0.8697
491.01 543.26 144.17 252.61 0.2666
54.01 615.56 124.77 179.48 0.2356
173.12 319.80 113.61 111.83 0.2254
126.13 621.48 70.39 116.45 0.2202
509.52 256.25 215.77 499.53 0.1646
485.03 495.78 341.57 360.60 0.1375
227.10 276.07 169.21 193.18 0.1087
110.29 206.93 369.44 580.87 0.1046
333.71 779.20 29.63 48.62 0.0996
47.91 437.19 97.60 196.79 0.0940
50.89 380.26 74.73 179.17 0.0930
300.63 485.56 283.97 361.65 0.0912
585.30 320.33 152.54 308.10 0.0894
386.57 262.34 147.19 189.22 0.0825
342.42 322.04 64.56 94.06 0.0747
292.19 172.37 106.37 139.86 0.0710
75.84 635.11 172.70 266.40 0.0704
438.03 337.47 42.63 58.98 0.0664
576.86 289.79 335.82 705.67 0.0662
396.73 161.81 240.71 342.04 0.0650
698.22 352.60 325.78 814.59 0.0650
28.77 361.21 78.47 124.61 0.0635
667.76 351.78 96.65 200.71 0.0587
790.37 226.85 176.63 563.84 0.0583
62.99 419.87 197.20 378.60 0.0542
431.25 317.69 80.10 104.93 0.0530
54.76 341.53 154.62 228.98 0.0528
243.48 784.55 53.64 68.24 0.0520
