44_Aerobics_Aerobics_44_936
100
726.28 401.93 80.20 98.82 0.6984
521.87 426.51 93.01 133.63 0.6302
386.48 810.48 70.94 104.85 0.6188
444.50 392.83 69.06 107.57 0.6024
530.81 832.52 94.96 100.89 0.5626
285.79 511.22 73.67 117.92 0.4060
453.63 370.15 128.54 173.89 0.2688
315.00 873.76 61.28 71.80 0.2640
509.93 200.13 29.67 48.45 0.2474
625.46 366.47 50.83 126.65 0.2132
408.13 869.87 111.51 164.48 0.2116
423.24 832.99 105.14 111.64 0.1925
700.43 400.55 69.46 111.60 0.1920
153.43 465.19 24.40 69.01 0.1802
117.49 484.23 21.44 63.99 0.1743
103.38 952.63 117.51 113.18 0.1699
627.48 331.88 35.19 115.97 0.1628
265.65 846.40 81.53 81.62 0.1625
394.37 716.60 51.76 75.24 0.1600
312.96 823.18 83.65 111.70 0.1573
445.78 516.16 108.38 143.59 0.1549
858.40 627.86 46.35 73.73 0.1541
300.23 572.20 73.31 159.13 0.1509
490.37 536.83 98.04 123.70 0.1498
463.12 453.60 87.20 130.61 0.1498
259.18 462.61 80.94 161.52 0.1445
724.36 421.28 90.22 162.83 0.1439
255.23 369.89 49.72 136.98 0.1237
888.72 1163.03 133.89 157.15 0.1223
433.44 857.37 199.58 260.37 0.1214
563.29 892.74 100.32 122.25 0.1156
863.86 590.89 44.89 77.96 0.1095
183.74 526.33 35.73 92.14 0.1072
272.89 377.28 97.53 165.66 0.1055
490.27 200.47 39.70 50.05 0.1009
147.49 501.94 38.67 98.56 0.1006
324.99 764.77 81.37 119.39 0.1002
362.70 704.49 87.74 126.71 0.1000
227.16 464.23 61.82 133.07 0.1000
605.97 424.72 61.11 115.58 0.0993
500.88 205.57 41.45 73.35 0.0993
602.00 953.04 77.46 123.72 0.0992
627.33 299.04 23.69 58.23 0.0982
352.27 624.18 83.87 151.05 0.0971
509.96 480.43 104.22 152.59 0.0967
593.80 249.23 20.37 39.06 0.0936
140.83 883.19 154.97 178.28 0.0936
398.76 632.58 75.62 146.73 0.0930
196.30 849.67 141.47 141.45 0.0917
735.99 473.71 106.89 152.98 0.0909
325.67 565.49 90.34 162.04 0.0898
553.05 231.23 27.51 52.22 0.0895
628.85 1038.95 68.89 98.14 0.0849
262.48 559.60 68.08 124.10 0.0835
773.79 536.22 81.43 137.67 0.0821
112.14 995.87 134.25 160.48 0.0801
510.75 585.79 52.37 93.88 0.0801
416.35 605.06 70.82 101.68 0.0768
170.78 649.71 50.44 79.37 0.0759
551.17 209.64 25.28 56.10 0.0738
169.95 609.50 47.17 88.98 0.0735
121.27 451.98 23.52 77.65 0.0706
590.94 467.18 80.08 141.96 0.0701
111.63 879.33 86.18 114.57 0.0685
363.78 844.56 96.74 126.76 0.0673
566.52 660.20 58.44 85.02 0.0672
580.53 205.45 31.94 62.14 0.0671
330.36 904.13 176.00 203.38 0.0661
139.54 611.37 46.95 111.96 0.0659
686.55 446.02 75.97 151.31 0.0647
895.41 585.12 45.73 61.50 0.0643
136.77 550.55 53.29 130.42 0.0636
594.68 1020.06 72.92 122.83 0.0632
856.14 658.46 54.73 116.90 0.0630
0.00 957.63 30.52 78.19 0.0618
52.03 946.33 114.40 125.08 0.0618
506.00 598.24 92.90 162.55 0.0612
254.99 622.48 58.40 108.03 0.0611
25.71 941.84 77.73 97.47 0.0605
645.43 920.73 49.98 120.74 0.0604
636.12 433.49 59.70 119.01 0.0594
589.09 273.30 31.25 72.88 0.0592
871.58 537.37 37.77 70.92 0.0588
122.08 850.02 59.96 91.06 0.0576
604.58 695.85 48.39 71.92 0.0575
636.37 297.99 46.47 116.79 0.0575
267.12 918.35 107.08 111.50 0.0571
202.68 527.95 66.89 111.36 0.0571
874.68 957.40 115.30 99.67 0.0563
578.79 765.78 75.64 125.97 0.0562
372.20 509.39 92.77 169.82 0.0553
557.27 317.20 71.46 226.13 0.0548
888.85 615.65 55.67 83.57 0.0542
305.20 484.45 106.01 171.81 0.0529
658.59 855.46 48.46 96.91 0.0528
116.49 564.21 41.78 103.35 0.0525
51.38 970.65 151.30 196.36 0.0521
575.06 688.69 53.86 95.20 0.0509
105.96 620.45 45.17 104.10 0.0508
617.48 252.67 30.08 45.81 0.0503
