44_Aerobics_Aerobics_44_794
63
247.36 83.23 135.55 196.58 0.8324
523.07 156.96 116.11 113.94 0.7732
720.52 416.65 57.62 56.33 0.2586
282.32 55.34 91.16 93.38 0.2229
499.78 453.67 39.45 46.03 0.2074
366.56 311.30 73.44 141.83 0.1604
472.11 179.13 169.67 297.88 0.1484
847.24 596.34 37.82 41.85 0.1430
900.16 604.81 52.09 40.87 0.1371
627.55 262.13 54.01 113.35 0.1346
378.30 493.62 49.77 56.82 0.1200
147.97 188.94 66.78 100.23 0.1168
322.10 313.07 72.59 126.29 0.1124
871.08 591.59 60.46 51.57 0.1108
349.04 238.10 56.01 77.75 0.1103
733.83 430.51 69.43 69.72 0.0990
485.17 461.01 49.12 61.40 0.0984
368.75 421.83 79.33 104.07 0.0962
894.30 584.05 51.26 41.97 0.0922
174.15 109.81 132.66 185.21 0.0884
385.46 517.64 57.37 64.99 0.0870
302.43 290.86 139.52 243.04 0.0789
325.38 194.88 55.90 113.88 0.0773
247.96 297.85 80.36 147.43 0.0770
0.00 434.63 143.70 180.77 0.0764
178.68 253.53 55.89 81.88 0.0759
756.07 79.56 53.23 58.31 0.0750
545.40 341.73 76.43 108.01 0.0749
729.88 361.38 179.79 128.38 0.0731
492.14 467.77 234.99 213.73 0.0729
633.05 351.48 90.80 119.20 0.0713
253.34 312.67 49.61 93.48 0.0680
214.73 253.48 49.84 72.43 0.0671
375.14 279.92 63.00 79.38 0.0660
621.80 271.62 76.96 187.37 0.0641
258.58 562.40 73.28 53.56 0.0640
496.12 490.08 75.72 82.61 0.0638
330.31 274.54 45.53 65.85 0.0632
367.63 229.68 68.42 91.87 0.0621
371.48 539.39 60.93 69.33 0.0613
141.20 249.58 50.63 79.46 0.0612
192.65 0.00 112.89 77.40 0.0609
925.89 609.11 52.25 39.15 0.0596
479.56 497.56 53.82 59.21 0.0593
211.12 296.75 61.36 91.33 0.0592
805.70 561.36 40.60 74.35 0.0590
471.16 528.50 63.66 60.06 0.0585
288.95 249.37 50.47 72.32 0.0582
294.69 317.20 70.41 110.13 0.0576
238.23 13.24 136.53 103.55 0.0574
270.09 542.25 57.94 42.78 0.0572
426.18 430.86 87.22 92.28 0.0570
504.25 364.08 92.17 110.22 0.0550
188.92 303.65 46.90 76.76 0.0547
922.40 85.15 22.93 31.10 0.0545
402.51 551.22 69.93 61.52 0.0543
458.27 537.95 93.74 81.64 0.0533
521.08 656.38 90.61 110.23 0.0532
532.10 614.51 165.89 153.49 0.0529
475.27 529.08 137.75 105.15 0.0526
622.32 353.50 48.22 101.13 0.0517
160.35 260.35 167.72 267.51 0.0514
543.57 720.52 48.93 47.48 0.0501
