1_Handshaking_Handshaking_1_762
200
927.92 0.00 81.01 141.28 0.1927
50.59 142.85 80.21 140.42 0.1921
50.59 238.28 80.21 140.42 0.1921
928.12 94.98 80.55 141.00 0.1920
928.12 1096.98 80.55 141.00 0.1920
50.63 333.72 80.16 140.40 0.1920
50.55 1097.08 80.25 140.51 0.1919
50.55 810.84 80.21 140.43 0.1919
928.18 858.42 80.47 140.92 0.1918
50.63 1001.73 80.12 140.36 0.1918
891.64 1097.02 80.19 140.49 0.1918
50.59 476.85 80.16 140.40 0.1917
50.59 906.28 80.16 140.40 0.1917
928.22 715.46 80.38 140.73 0.1917
928.14 1001.56 80.51 140.94 0.1917
50.55 572.24 80.21 140.46 0.1917
50.55 667.67 80.21 140.46 0.1917
452.54 953.35 80.63 141.40 0.1917
489.11 953.35 80.63 141.40 0.1917
928.18 476.68 80.47 140.98 0.1916
708.54 333.17 80.62 141.29 0.1916
342.83 762.60 80.62 141.29 0.1916
379.45 858.09 80.65 141.22 0.1916
891.36 0.00 80.84 140.92 0.1916
342.83 667.17 80.71 141.30 0.1916
452.54 858.03 80.71 141.30 0.1916
489.11 858.03 80.71 141.30 0.1916
891.59 858.52 80.17 140.34 0.1916
306.18 762.44 80.70 141.44 0.1915
342.82 142.16 80.73 141.46 0.1915
415.97 142.16 80.73 141.46 0.1915
745.11 333.02 80.73 141.46 0.1915
306.25 667.17 80.63 141.44 0.1915
818.25 667.17 80.63 141.44 0.1915
379.40 714.73 80.73 141.46 0.1915
379.40 1048.73 80.73 141.46 0.1915
50.24 0.00 80.91 141.05 0.1915
488.88 0.00 81.16 141.25 0.1915
781.45 0.00 81.16 141.25 0.1915
928.20 333.62 80.41 140.87 0.1915
525.69 953.51 80.61 141.23 0.1915
635.41 667.23 80.70 141.24 0.1915
745.11 428.45 80.74 141.61 0.1915
123.07 0.00 81.25 141.30 0.1915
818.18 237.59 80.81 141.60 0.1915
781.61 333.02 80.81 141.60 0.1915
708.47 428.45 80.81 141.60 0.1915
781.61 428.45 80.81 141.60 0.1915
818.18 428.45 80.81 141.60 0.1915
708.47 523.88 80.81 141.60 0.1915
489.04 571.59 80.81 141.60 0.1915
233.01 1096.43 80.85 141.67 0.1915
415.97 1001.07 80.72 141.40 0.1914
13.59 0.00 80.80 140.78 0.1914
342.75 858.07 80.71 141.26 0.1914
196.53 142.36 80.73 141.27 0.1914
159.73 0.00 81.15 141.23 0.1913
196.30 0.00 81.15 141.23 0.1913
232.88 0.00 81.15 141.23 0.1913
269.45 0.00 81.15 141.23 0.1913
306.02 0.00 81.15 141.23 0.1913
342.59 0.00 81.15 141.23 0.1913
379.16 0.00 81.15 141.23 0.1913
415.73 0.00 81.15 141.23 0.1913
562.02 0.00 81.15 141.23 0.1913
598.59 0.00 81.15 141.23 0.1913
635.16 0.00 81.15 141.23 0.1913
671.73 0.00 81.15 141.23 0.1913
708.30 0.00 81.15 141.23 0.1913
744.88 0.00 81.15 141.23 0.1913
818.02 0.00 81.15 141.23 0.1913
854.59 0.00 81.15 141.23 0.1913
562.26 1048.89 80.62 141.29 0.1913
86.55 0.00 81.19 141.25 0.1913
452.26 0.00 81.19 141.25 0.1913
525.41 0.00 81.19 141.25 0.1913
233.12 142.32 80.71 141.30 0.1913
781.69 619.46 80.71 141.30 0.1913
598.83 667.17 80.71 141.30 0.1913
525.69 858.03 80.71 141.30 0.1913
415.97 905.75 80.71 141.30 0.1913
306.26 953.46 80.71 141.30 0.1913
562.26 953.46 80.71 141.30 0.1913
342.97 1144.49 80.52 141.05 0.1913
891.65 953.91 80.10 140.30 0.1913
196.40 380.65 80.89 141.77 0.1913
562.18 810.16 80.70 141.44 0.1913
379.40 142.16 80.73 141.46 0.1913
452.54 237.59 80.73 141.46 0.1913
123.40 285.31 80.73 141.46 0.1913
562.26 380.73 80.73 141.46 0.1913
598.83 380.73 80.73 141.46 0.1913
562.26 667.02 80.73 141.46 0.1913
269.68 714.73 80.73 141.46 0.1913
415.97 714.73 80.73 141.46 0.1913
452.54 714.73 80.73 141.46 0.1913
489.11 714.73 80.73 141.46 0.1913
525.68 714.73 80.73 141.46 0.1913
415.97 810.16 80.73 141.46 0.1913
123.40 857.88 80.73 141.46 0.1913
233.11 857.88 80.73 141.46 0.1913
306.25 857.88 80.73 141.46 0.1913
159.97 905.59 80.73 141.46 0.1913
123.40 953.31 80.73 141.46 0.1913
342.83 1048.73 80.73 141.46 0.1913
452.54 1048.73 80.73 141.46 0.1913
489.11 1048.73 80.73 141.46 0.1913
598.83 1048.73 80.73 141.46 0.1913
196.43 1096.46 80.87 141.65 0.1913
745.36 1144.70 80.36 140.75 0.1913
196.47 237.59 80.79 141.45 0.1913
671.90 428.45 80.79 141.45 0.1913
635.33 476.16 80.79 141.45 0.1913
123.33 523.88 80.79 141.45 0.1913
635.33 571.59 80.79 141.45 0.1913
525.62 1048.73 80.79 141.45 0.1913
123.61 1144.64 80.38 140.78 0.1913
818.45 1144.55 80.42 140.98 0.1913
745.11 619.46 80.73 141.44 0.1913
196.54 905.75 80.73 141.44 0.1913
269.57 1096.41 80.84 141.71 0.1913
781.88 1144.59 80.43 140.89 0.1912
159.96 142.17 80.74 141.61 0.1912
123.40 189.88 80.74 141.60 0.1912
415.97 237.60 80.74 141.60 0.1912
489.11 237.60 80.74 141.60 0.1912
525.68 285.31 80.74 141.60 0.1912
635.40 333.02 80.74 141.60 0.1912
489.11 380.74 80.74 141.60 0.1912
525.68 380.74 80.74 141.60 0.1912
562.25 476.17 80.74 141.60 0.1912
598.82 476.17 80.74 141.60 0.1912
745.11 523.88 80.74 141.60 0.1912
781.68 523.88 80.74 141.60 0.1912
818.25 523.88 80.74 141.60 0.1912
854.82 523.88 80.74 141.60 0.1912
598.82 571.60 80.74 141.60 0.1912
452.54 619.31 80.74 141.60 0.1912
671.97 619.31 80.74 141.60 0.1912
708.54 619.31 80.74 141.60 0.1912
123.40 714.74 80.74 141.60 0.1912
233.11 762.45 80.74 141.60 0.1912
269.68 810.17 80.74 141.60 0.1912
489.04 142.17 80.81 141.59 0.1912
635.33 142.17 80.81 141.59 0.1912
671.90 142.17 80.81 141.59 0.1912
781.61 142.17 80.81 141.59 0.1912
818.18 142.17 80.81 141.59 0.1912
525.61 189.88 80.81 141.59 0.1912
562.18 189.88 80.81 141.59 0.1912
598.76 189.88 80.81 141.59 0.1912
745.04 189.88 80.81 141.59 0.1912
159.90 237.60 80.81 141.59 0.1912
635.33 237.60 80.81 141.59 0.1912
671.90 237.60 80.81 141.59 0.1912
781.61 237.60 80.81 141.59 0.1912
562.18 285.31 80.81 141.59 0.1912
598.76 285.31 80.81 141.59 0.1912
233.01 333.00 80.85 141.67 0.1912
671.90 333.02 80.81 141.60 0.1912
123.33 380.74 80.81 141.59 0.1912
489.04 476.17 80.81 141.60 0.1912
525.61 476.17 80.81 141.60 0.1912
671.90 523.88 80.81 141.60 0.1912
525.61 571.60 80.81 141.60 0.1912
562.18 571.60 80.81 141.60 0.1912
159.90 810.17 80.81 141.59 0.1912
598.76 810.17 80.81 141.59 0.1912
86.76 905.60 80.81 141.60 0.1912
598.76 905.60 80.81 141.60 0.1912
635.33 1048.74 80.81 141.59 0.1912
415.90 1096.45 80.81 141.60 0.1912
928.16 190.38 80.49 141.00 0.1912
379.54 1144.46 80.40 141.12 0.1912
13.80 95.10 80.30 140.52 0.1912
854.83 619.46 80.71 141.27 0.1912
159.90 333.02 80.78 141.63 0.1911
159.90 476.16 80.78 141.63 0.1911
159.90 571.59 80.78 141.63 0.1911
123.33 619.30 80.78 141.63 0.1911
159.90 667.02 80.78 141.63 0.1911
635.33 810.16 80.78 141.63 0.1911
233.05 953.30 80.78 141.63 0.1911
342.82 953.50 80.64 141.26 0.1911
233.06 523.98 80.77 141.49 0.1911
379.39 953.50 80.73 141.27 0.1911
452.49 380.76 80.76 141.55 0.1911
269.62 428.55 80.79 141.50 0.1911
269.68 905.63 80.74 141.44 0.1911
379.30 428.45 80.86 141.62 0.1911
13.82 858.71 80.26 140.31 0.1911
854.98 1144.50 80.51 141.04 0.1911
708.55 714.77 80.70 141.35 0.1911
306.41 1144.51 80.47 140.99 0.1911
928.21 620.07 80.40 140.70 0.1911
452.53 142.20 80.76 141.58 0.1910
86.82 619.35 80.76 141.58 0.1910
86.82 714.74 80.74 141.57 0.1910
196.53 810.20 80.76 141.58 0.1910
306.25 142.17 80.73 141.46 0.1910
