7_Cheering_Cheering_7_57
26
372.87 309.24 336.39 400.95 0.9971
125.19 309.02 370.97 360.15 0.9858
526.25 316.47 341.44 406.38 0.9799
94.20 315.52 182.94 414.78 0.9691
138.55 280.80 194.94 308.17 0.7420
583.42 138.50 440.58 226.88 0.7100
341.72 219.68 321.73 301.43 0.5878
495.65 223.46 395.64 261.42 0.4138
124.86 199.51 398.36 285.32 0.3182
41.57 130.29 91.89 152.63 0.1880
56.84 90.51 101.59 103.46 0.1247
47.75 319.20 84.62 173.86 0.0796
75.69 121.92 455.99 171.43 0.0593
156.80 377.03 197.37 420.97 0.0432
31.38 379.62 77.31 152.26 0.0421
64.74 266.88 118.86 178.09 0.0406
318.91 449.50 273.64 348.50 0.0318
616.17 162.89 132.07 150.45 0.0315
1.10 147.63 62.64 169.17 0.0290
82.13 73.90 162.58 95.61 0.0283
54.32 416.85 104.77 161.39 0.0258
62.72 191.57 87.09 162.80 0.0256
514.27 208.17 146.09 138.28 0.0218
329.06 305.17 156.11 135.70 0.0214
45.35 505.65 90.51 168.83 0.0213
268.50 383.06 119.37 160.12 0.0200
