7_Cheering_Cheering_7_884
17
264.67 161.38 401.87 245.23 0.9398
138.09 312.44 199.85 264.56 0.3919
110.45 145.98 408.32 226.03 0.2254
74.45 219.40 204.58 292.37 0.1866
154.44 206.13 241.75 272.00 0.1835
571.46 184.01 452.54 200.89 0.1688
60.04 127.38 237.25 251.69 0.1391
247.58 305.81 280.67 271.19 0.1193
443.08 139.12 463.88 197.78 0.1131
509.10 250.53 335.47 297.18 0.1012
48.86 35.12 260.05 227.31 0.0659
467.39 17.42 160.59 58.71 0.0429
305.80 242.33 327.01 274.92 0.0417
449.36 47.59 478.78 171.35 0.0328
0.00 0.00 159.28 119.46 0.0278
471.42 0.00 104.54 55.85 0.0231
135.71 104.21 246.24 182.76 0.0217
