23_Shoppers_Shoppers_23_364
136
280.29 219.05 69.27 88.52 0.9064
574.29 170.08 113.97 135.79 0.9057
456.29 231.97 51.69 73.61 0.6716
808.38 205.75 32.83 42.34 0.3669
73.94 354.90 35.66 34.40 0.2799
513.30 221.50 43.11 60.52 0.2658
49.39 356.50 30.10 34.95 0.2420
157.24 194.45 22.37 25.18 0.2263
245.81 313.65 146.60 186.08 0.2208
158.91 244.58 32.12 39.24 0.2079
114.45 245.54 19.76 25.74 0.2027
73.15 333.71 33.78 36.97 0.1954
172.90 237.17 39.14 61.13 0.1952
178.25 221.61 30.25 41.76 0.1942
157.12 217.57 21.19 25.65 0.1864
84.49 221.94 16.04 18.74 0.1830
8.40 246.97 17.92 25.58 0.1827
59.00 518.93 42.01 66.38 0.1725
159.52 361.22 24.75 25.71 0.1627
190.99 301.43 33.45 44.50 0.1617
46.87 329.87 27.85 35.11 0.1542
73.64 490.60 30.38 38.23 0.1542
736.31 141.20 32.46 48.17 0.1528
772.81 201.00 46.44 52.70 0.1528
765.22 132.04 34.72 48.28 0.1493
474.30 228.38 70.43 84.20 0.1492
91.71 372.79 43.22 41.68 0.1473
688.96 172.93 57.79 74.81 0.1454
5.57 354.46 23.22 33.99 0.1434
83.71 276.12 20.79 24.37 0.1412
45.92 250.81 17.68 21.78 0.1380
43.99 274.12 20.97 24.92 0.1374
10.69 219.44 18.26 27.68 0.1369
115.89 222.13 18.50 22.49 0.1363
45.99 224.64 14.10 17.59 0.1361
4.30 379.06 23.68 36.96 0.1341
179.64 194.89 25.57 29.03 0.1324
84.34 248.92 17.09 22.01 0.1286
0.82 431.81 24.97 40.14 0.1262
677.26 201.22 64.98 91.88 0.1252
44.79 304.40 25.56 31.68 0.1251
3.75 410.40 24.62 43.23 0.1209
729.81 98.50 43.98 57.64 0.1206
78.18 305.02 26.78 29.21 0.1204
477.64 267.43 67.58 71.97 0.1202
115.50 199.22 17.91 22.66 0.1200
156.54 366.98 25.72 37.78 0.1192
41.42 468.45 24.09 33.18 0.1148
43.19 486.72 29.31 37.11 0.1148
70.72 383.83 39.87 54.98 0.1122
5.60 473.86 23.85 45.38 0.1110
110.00 267.72 27.78 35.04 0.1100
838.40 216.16 27.28 31.68 0.1073
2.07 459.38 24.81 41.51 0.1069
600.39 418.63 151.92 115.20 0.1057
5.68 541.97 33.91 68.05 0.1004
6.99 268.54 20.96 34.01 0.0981
44.13 192.57 14.96 19.23 0.0976
826.50 194.20 37.01 34.57 0.0964
110.00 331.27 28.47 38.50 0.0958
92.29 355.12 42.10 40.32 0.0955
720.68 184.46 39.71 52.11 0.0951
156.44 173.70 25.24 33.71 0.0950
728.47 295.33 81.20 127.88 0.0948
85.34 201.61 18.30 23.37 0.0930
10.01 194.95 17.19 24.59 0.0928
842.11 170.48 22.81 27.89 0.0905
148.36 466.87 45.67 56.58 0.0888
614.37 115.03 73.42 85.71 0.0882
455.52 405.84 65.79 90.85 0.0866
40.91 390.59 42.24 52.94 0.0861
7.14 514.26 26.52 40.66 0.0854
926.80 161.12 21.88 30.38 0.0853
7.02 325.77 23.68 37.85 0.0847
771.46 231.40 46.88 47.87 0.0837
205.33 171.04 68.25 93.08 0.0833
251.12 186.16 75.99 97.46 0.0813
8.57 138.49 18.04 26.41 0.0812
358.75 220.76 48.18 83.05 0.0802
350.44 370.17 70.24 94.83 0.0790
182.04 329.39 41.07 57.35 0.0780
473.05 195.60 40.54 54.70 0.0772
887.24 265.24 27.79 38.37 0.0764
37.16 438.19 35.31 45.37 0.0753
721.44 535.88 146.27 182.72 0.0739
480.40 429.13 61.19 74.33 0.0737
198.25 312.39 96.61 118.54 0.0723
959.12 603.36 61.41 72.82 0.0721
269.17 723.10 86.87 44.90 0.0714
402.51 214.16 54.56 77.25 0.0705
7.49 293.42 22.07 38.20 0.0702
71.49 468.96 27.89 35.61 0.0701
522.01 197.49 113.95 140.81 0.0696
40.20 172.33 18.97 26.45 0.0683
407.54 409.78 42.36 55.72 0.0676
672.96 64.07 68.89 76.37 0.0675
880.90 221.36 23.59 33.39 0.0671
95.93 466.11 49.96 63.15 0.0659
582.94 421.93 100.29 88.04 0.0657
8.70 162.48 16.78 25.55 0.0655
287.75 411.75 84.39 92.38 0.0655
769.22 254.03 37.95 56.37 0.0650
110.98 419.16 34.23 47.87 0.0647
154.70 329.69 32.65 45.44 0.0641
923.95 188.01 19.26 27.32 0.0633
429.43 393.28 44.53 59.03 0.0625
196.78 357.49 146.19 139.91 0.0625
710.63 68.06 56.11 69.02 0.0615
798.12 138.45 36.27 44.00 0.0614
149.80 401.68 34.31 39.18 0.0609
118.52 172.17 18.46 23.55 0.0605
178.56 170.69 27.75 33.37 0.0603
66.74 417.06 37.46 48.54 0.0601
19.60 543.92 55.65 100.15 0.0596
172.59 346.55 61.35 82.02 0.0591
0.00 106.54 25.69 38.77 0.0590
580.60 245.76 93.53 83.61 0.0585
633.50 86.41 74.35 81.54 0.0581
802.06 165.16 34.02 34.40 0.0577
151.88 446.15 49.18 53.04 0.0576
677.59 127.53 63.02 67.46 0.0573
841.88 224.85 32.15 46.11 0.0567
108.43 293.74 31.76 36.53 0.0562
733.65 221.72 40.71 59.87 0.0546
83.91 513.89 58.98 82.50 0.0545
128.20 491.94 56.32 67.54 0.0543
296.06 306.98 88.81 130.80 0.0531
510.46 260.16 97.07 93.17 0.0528
152.46 286.29 49.15 55.08 0.0525
744.54 72.44 55.15 67.22 0.0520
79.33 164.74 19.96 22.77 0.0518
513.12 147.49 72.36 84.79 0.0517
441.40 193.57 33.84 46.02 0.0509
398.77 248.31 46.65 65.77 0.0507
148.17 428.64 37.88 46.03 0.0502
205.80 216.83 64.41 86.35 0.0501
