23_Shoppers_Shoppers_23_777
30
249.61 145.37 163.02 237.12 0.6037
584.81 473.91 185.34 176.09 0.3325
542.04 355.07 271.14 289.61 0.1617
212.65 403.84 241.09 386.94 0.1302
457.37 638.93 55.17 102.09 0.1230
251.40 118.38 176.42 125.43 0.1205
34.52 300.80 36.53 47.56 0.1121
39.86 288.64 25.08 39.96 0.1010
685.40 376.30 163.77 244.78 0.0994
424.65 698.77 60.74 136.81 0.0981
350.52 114.11 97.12 100.50 0.0798
722.27 382.49 107.17 145.48 0.0765
347.85 532.92 78.90 182.86 0.0762
12.54 293.56 74.05 105.74 0.0740
426.74 626.74 66.82 116.06 0.0696
561.54 603.69 94.56 161.06 0.0687
285.36 247.98 113.45 138.54 0.0676
550.55 525.38 136.46 200.74 0.0676
394.40 626.33 41.41 68.21 0.0666
357.00 62.03 137.04 165.38 0.0641
407.81 379.07 177.09 324.09 0.0592
6.26 358.65 40.48 103.72 0.0587
480.25 633.47 76.33 123.26 0.0574
468.47 177.96 342.99 319.11 0.0539
202.22 136.30 133.70 187.42 0.0537
10.08 299.91 46.63 60.68 0.0532
761.11 138.63 234.49 252.89 0.0528
373.27 561.34 100.02 146.15 0.0508
389.62 788.63 95.83 85.37 0.0506
586.06 535.05 196.86 248.62 0.0503
