11_Meeting_Meeting_11_Meeting_Meeting_11_223
194
609.87 560.00 66.10 91.60 0.6356
369.87 72.63 77.61 100.44 0.4465
127.98 583.40 63.65 73.68 0.3725
463.29 642.30 39.53 38.44 0.3295
729.47 526.55 33.90 48.73 0.2693
418.46 92.38 61.56 75.43 0.2123
850.60 491.47 18.07 22.70 0.1885
208.92 93.75 82.00 89.07 0.1693
888.11 491.17 15.32 18.36 0.1651
548.50 545.78 67.93 87.38 0.1578
999.37 463.67 17.06 22.77 0.1541
766.79 483.17 34.53 42.96 0.1488
812.79 490.26 21.12 32.95 0.1479
557.89 122.97 19.20 22.52 0.1464
730.72 488.44 34.11 51.42 0.1463
999.15 441.48 18.09 23.17 0.1400
667.15 504.09 21.84 29.67 0.1394
271.98 44.26 63.22 94.94 0.1393
848.48 502.30 23.13 31.04 0.1353
916.17 186.04 23.45 34.45 0.1342
848.75 466.53 17.13 20.12 0.1286
963.48 469.46 11.11 16.38 0.1248
881.04 76.20 25.81 24.61 0.1245
422.92 1.50 47.63 35.98 0.1233
925.54 467.09 12.97 16.66 0.1223
354.78 25.24 134.50 163.34 0.1211
963.11 488.42 11.44 18.22 0.1202
925.21 491.90 14.55 17.39 0.1184
887.23 513.56 16.97 24.22 0.1167
509.33 654.18 39.01 28.82 0.1121
389.15 4.41 49.05 40.48 0.1112
696.72 2.87 58.13 39.42 0.1111
963.35 442.47 11.21 17.14 0.1089
926.18 442.92 12.49 16.42 0.1083
125.87 619.99 94.69 63.01 0.1071
964.45 298.76 12.26 18.82 0.1051
889.23 469.58 15.39 18.62 0.1043
598.76 628.43 62.92 54.57 0.1023
964.29 510.84 16.19 22.54 0.1023
555.38 587.84 61.88 74.77 0.1015
887.10 214.06 25.71 32.26 0.1008
375.07 4.57 37.31 35.64 0.0990
882.29 93.95 27.63 27.39 0.0977
398.03 127.90 45.89 64.70 0.0976
117.51 563.51 49.01 64.11 0.0969
541.50 643.03 55.15 39.97 0.0962
520.04 420.94 19.02 17.55 0.0959
629.22 3.77 113.12 88.66 0.0953
850.41 238.79 23.42 29.72 0.0950
963.02 420.91 11.19 16.54 0.0946
667.67 464.39 19.37 19.00 0.0939
998.32 483.07 21.99 26.16 0.0932
154.44 347.31 16.93 21.92 0.0932
888.18 521.45 27.79 47.08 0.0929
816.28 462.69 17.42 22.63 0.0928
927.31 392.42 11.36 16.20 0.0926
885.08 241.95 20.03 27.15 0.0922
808.02 93.68 27.70 32.66 0.0922
556.73 441.96 25.32 29.70 0.0919
925.94 296.94 12.78 18.05 0.0915
919.08 512.48 21.73 25.19 0.0914
264.51 49.70 31.73 36.43 0.0909
849.88 219.83 28.79 32.29 0.0891
997.90 415.01 20.11 27.03 0.0890
927.44 420.64 11.67 16.02 0.0888
993.49 507.86 25.23 32.44 0.0885
702.81 507.43 57.77 81.81 0.0878
139.67 235.10 47.04 87.01 0.0876
924.66 244.74 16.15 20.84 0.0876
704.72 465.52 23.54 20.98 0.0874
884.05 259.64 18.21 27.65 0.0866
889.82 319.61 14.58 18.21 0.0843
771.82 464.90 25.40 31.61 0.0841
996.87 384.97 20.44 30.71 0.0838
885.37 188.85 33.66 43.81 0.0838
645.47 525.02 43.47 87.12 0.0837
514.16 434.05 25.28 28.66 0.0831
918.10 212.15 22.03 31.64 0.0830
260.77 370.31 18.53 16.43 0.0817
997.92 290.60 18.37 26.06 0.0813
734.45 468.46 29.00 32.33 0.0804
843.18 522.44 35.36 59.97 0.0795
229.03 414.75 21.39 19.43 0.0789
996.42 361.16 20.14 32.63 0.0788
927.54 343.59 10.99 17.88 0.0787
848.91 441.95 18.21 23.66 0.0786
888.80 297.30 15.17 20.84 0.0784
731.11 57.64 67.03 54.88 0.0783
4.57 602.74 32.92 41.36 0.0778
852.82 75.94 22.89 26.05 0.0777
1.09 639.80 40.69 43.20 0.0776
963.94 393.40 11.40 17.84 0.0774
914.12 75.28 21.06 22.82 0.0773
925.48 321.53 11.85 16.94 0.0772
229.46 371.18 14.78 15.68 0.0771
926.75 270.96 15.04 19.60 0.0770
926.58 371.55 11.31 16.56 0.0767
697.80 537.84 38.49 68.40 0.0765
74.39 258.52 27.62 39.68 0.0765
908.75 96.10 27.51 27.68 0.0763
228.73 392.89 15.58 15.84 0.0760
150.13 91.53 35.69 46.54 0.0759
964.42 273.32 11.35 18.16 0.0758
116.03 346.33 16.24 21.85 0.0752
699.69 16.94 84.36 67.40 0.0749
887.24 439.10 16.75 20.17 0.0747
890.49 343.32 13.51 17.15 0.0744
448.42 617.39 37.74 39.09 0.0742
964.88 311.69 13.21 23.40 0.0741
852.10 292.68 16.13 22.15 0.0740
888.29 417.61 15.72 18.93 0.0715
515.48 542.53 41.85 71.21 0.0714
815.41 441.22 17.77 26.99 0.0712
140.65 144.61 53.54 67.40 0.0710
997.32 191.58 21.49 37.58 0.0705
910.88 112.21 27.38 32.04 0.0702
648.17 0.00 52.21 28.92 0.0702
40.47 221.01 25.52 46.41 0.0701
404.55 152.15 355.43 251.29 0.0695
2.53 573.90 27.59 41.46 0.0687
739.42 507.71 58.36 70.23 0.0684
131.37 198.26 47.96 70.13 0.0680
889.81 390.93 15.43 19.72 0.0677
853.18 84.09 33.22 37.59 0.0677
43.11 293.68 24.16 44.68 0.0675
914.47 148.80 26.40 33.17 0.0671
119.38 368.32 11.99 16.33 0.0671
122.70 397.28 8.87 11.37 0.0666
118.52 91.17 48.60 46.82 0.0664
996.42 268.94 19.46 29.36 0.0661
46.24 315.38 21.45 34.59 0.0660
814.65 529.20 28.73 49.73 0.0658
350.08 25.72 74.23 129.65 0.0654
496.87 0.00 58.44 56.30 0.0650
193.05 368.30 13.49 17.36 0.0648
588.09 435.01 35.18 34.27 0.0647
87.65 345.27 18.72 24.87 0.0647
570.81 527.34 81.05 119.63 0.0643
456.55 71.17 63.58 96.75 0.0642
852.63 263.04 21.59 29.03 0.0639
189.63 348.65 19.24 26.14 0.0639
586.52 121.09 27.12 24.83 0.0628
681.01 555.31 46.16 85.92 0.0621
720.92 189.68 39.36 32.60 0.0618
255.91 62.13 49.48 80.68 0.0615
435.16 147.89 41.17 47.74 0.0607
70.70 242.86 29.61 38.54 0.0602
117.93 318.87 20.61 33.03 0.0602
963.63 345.47 13.19 21.37 0.0601
850.69 316.95 16.51 21.98 0.0596
850.56 417.14 18.97 25.59 0.0592
964.56 366.25 13.63 21.84 0.0591
814.18 217.02 28.41 33.84 0.0591
994.47 522.61 29.53 46.06 0.0589
879.31 105.45 31.92 34.88 0.0587
124.17 418.97 10.23 12.81 0.0582
189.16 61.61 76.29 84.29 0.0580
113.07 225.15 41.52 65.57 0.0580
369.15 137.77 61.44 71.11 0.0578
88.54 364.80 11.60 17.61 0.0577
123.34 442.88 12.93 15.98 0.0576
434.51 185.97 35.75 42.05 0.0573
185.17 131.03 95.27 72.02 0.0573
851.79 342.22 15.41 21.20 0.0572
276.55 78.76 73.77 102.49 0.0571
113.22 200.23 39.35 56.54 0.0571
110.38 253.81 37.50 55.55 0.0564
83.27 321.71 20.00 34.87 0.0561
471.42 108.17 31.30 47.68 0.0560
981.77 641.12 40.64 41.88 0.0559
41.15 255.78 27.63 48.86 0.0553
889.80 371.68 15.00 18.02 0.0552
909.62 540.54 39.49 47.19 0.0552
3.84 556.19 22.96 38.43 0.0547
411.08 643.04 57.38 39.96 0.0546
851.61 107.97 30.51 32.68 0.0543
590.48 150.65 24.34 21.95 0.0539
753.44 16.61 42.44 35.38 0.0537
995.91 310.69 20.56 31.80 0.0534
69.75 218.16 30.11 40.82 0.0529
554.66 140.96 25.98 28.34 0.0526
508.90 19.00 75.65 65.01 0.0525
706.00 484.06 44.18 43.36 0.0524
995.85 336.08 22.03 38.06 0.0519
226.72 347.66 19.66 22.74 0.0516
517.44 632.39 28.96 41.49 0.0512
617.85 154.59 49.15 40.06 0.0512
995.15 241.62 21.56 32.24 0.0509
261.59 408.38 32.16 27.86 0.0509
962.39 246.14 15.04 23.70 0.0508
154.98 365.22 15.17 19.61 0.0505
758.63 4.64 37.62 23.07 0.0505
115.48 115.03 37.82 46.14 0.0504
499.10 46.64 80.95 79.38 0.0504
