11_Meeting_Meeting_11_Meeting_Meeting_11_807
152
555.53 29.66 40.06 50.62 0.6392
783.43 103.39 49.90 61.86 0.6157
886.79 249.56 60.07 87.86 0.3486
411.02 74.90 42.76 49.60 0.2776
862.62 356.63 53.28 70.51 0.2494
639.22 85.39 47.68 47.16 0.2364
230.58 158.83 104.18 82.37 0.2181
689.80 371.94 156.22 197.39 0.2055
630.68 71.31 28.82 38.77 0.1995
829.87 96.61 40.30 54.99 0.1736
466.11 69.41 38.34 39.27 0.1720
932.23 286.38 48.09 69.20 0.1720
719.98 111.64 45.11 44.03 0.1672
416.62 83.58 54.71 70.60 0.1590
683.79 101.05 63.40 61.56 0.1585
323.78 73.76 51.33 57.41 0.1537
203.48 184.03 107.08 91.48 0.1526
208.68 141.86 89.89 63.14 0.1520
109.86 189.64 62.86 70.61 0.1478
170.36 199.31 110.54 104.26 0.1431
182.44 309.46 82.06 67.91 0.1431
770.87 64.12 49.14 46.13 0.1429
682.72 63.43 61.54 69.43 0.1418
185.99 284.13 78.46 55.36 0.1390
830.58 362.82 71.19 110.97 0.1363
275.83 108.13 99.20 104.68 0.1356
406.22 104.50 47.50 66.78 0.1315
478.24 80.24 35.22 50.60 0.1310
877.86 235.94 44.67 71.36 0.1295
173.11 446.25 145.22 195.43 0.1271
355.67 60.60 53.21 74.85 0.1260
756.17 349.89 74.42 57.15 0.1241
728.72 42.93 44.64 47.20 0.1201
197.13 257.24 69.41 46.35 0.1194
904.23 345.64 41.03 53.44 0.1182
257.49 279.60 56.90 54.14 0.1162
399.62 54.19 36.69 60.00 0.1153
775.95 40.04 35.69 34.79 0.1146
506.45 68.20 33.94 36.15 0.1072
276.23 239.01 56.18 45.19 0.1068
766.99 334.14 57.51 39.42 0.1053
991.10 346.91 27.20 43.72 0.1024
342.07 86.78 72.40 92.02 0.1016
954.06 629.61 69.94 58.39 0.1011
709.29 55.75 63.51 72.69 0.1001
648.46 116.32 51.84 62.31 0.1000
909.15 1.40 31.51 24.92 0.1000
250.66 258.87 57.83 47.23 0.0984
762.85 365.93 92.66 106.48 0.0945
436.41 51.65 40.55 54.32 0.0925
318.77 248.84 38.31 31.45 0.0922
100.54 229.55 51.61 69.73 0.0897
440.39 221.55 33.43 35.49 0.0895
482.78 220.03 32.23 36.76 0.0893
384.58 553.87 99.02 117.38 0.0891
253.81 310.85 37.65 44.07 0.0890
907.79 468.96 35.39 30.95 0.0890
308.73 196.51 80.57 62.50 0.0874
325.16 261.09 29.55 28.95 0.0862
330.23 46.58 47.77 57.84 0.0856
374.52 50.17 43.40 53.57 0.0847
444.85 236.67 33.27 29.98 0.0833
292.44 257.33 39.88 35.89 0.0833
518.38 44.98 30.80 44.55 0.0829
373.13 268.74 29.30 23.79 0.0814
435.20 117.59 42.81 55.74 0.0811
299.92 442.19 89.71 158.25 0.0807
142.11 196.62 67.76 86.72 0.0806
80.89 235.36 49.02 40.76 0.0802
792.15 135.37 44.30 58.77 0.0799
223.38 448.19 112.28 115.80 0.0791
891.33 362.03 62.05 75.78 0.0784
779.15 20.74 43.94 37.50 0.0783
989.27 208.13 29.94 48.38 0.0770
864.32 416.03 60.53 69.24 0.0764
484.95 112.50 45.90 51.56 0.0763
654.64 352.71 83.89 56.40 0.0761
880.06 462.96 44.17 46.00 0.0748
978.76 256.38 42.97 59.45 0.0747
693.46 345.47 108.93 75.35 0.0741
791.80 371.16 91.91 138.84 0.0730
507.59 130.96 28.07 39.74 0.0727
497.65 81.51 42.56 64.13 0.0723
519.96 22.00 38.60 45.97 0.0720
990.38 0.86 28.29 29.14 0.0719
698.39 225.25 29.47 29.94 0.0717
495.31 322.90 240.34 171.24 0.0709
795.06 62.24 51.34 49.47 0.0694
155.16 318.17 107.32 104.20 0.0689
276.45 143.10 134.66 110.77 0.0688
871.22 197.92 36.78 59.13 0.0684
796.61 36.86 40.02 35.64 0.0678
397.60 26.52 32.30 40.00 0.0677
89.30 246.92 75.94 88.77 0.0672
283.32 84.18 68.78 62.44 0.0671
769.66 129.64 50.36 65.40 0.0670
901.20 207.82 56.59 80.85 0.0657
934.28 228.82 56.15 74.57 0.0655
944.86 207.04 47.40 65.48 0.0654
658.64 48.97 39.32 54.58 0.0649
443.23 195.83 30.87 35.09 0.0648
368.54 488.84 147.54 199.16 0.0636
518.27 231.49 181.84 125.99 0.0634
957.84 172.98 25.97 28.49 0.0632
483.26 131.28 35.75 45.12 0.0628
551.07 167.77 35.36 38.57 0.0620
765.26 313.27 44.53 34.68 0.0616
405.26 295.35 37.46 33.52 0.0609
825.74 258.38 42.72 50.77 0.0609
988.55 137.56 30.73 39.52 0.0599
425.66 303.16 122.00 56.63 0.0599
179.24 495.08 89.30 126.96 0.0594
824.22 282.91 46.98 56.54 0.0592
98.71 142.59 72.99 66.64 0.0591
512.26 198.98 23.87 25.07 0.0587
978.38 389.56 34.51 33.34 0.0586
294.02 275.84 47.77 45.96 0.0585
391.63 159.24 41.65 55.05 0.0582
371.56 247.94 30.72 25.35 0.0582
847.68 228.25 36.52 45.40 0.0579
403.00 242.91 37.00 31.28 0.0578
613.43 91.51 64.79 95.54 0.0578
899.85 430.86 56.48 57.02 0.0577
975.40 278.06 48.60 74.85 0.0573
977.80 223.52 43.99 63.56 0.0572
833.37 299.96 48.10 60.10 0.0569
576.95 187.44 38.46 37.23 0.0569
681.38 133.52 66.93 73.27 0.0569
456.53 283.40 65.05 39.42 0.0569
478.43 16.52 35.19 42.15 0.0567
338.84 471.30 113.89 152.41 0.0567
517.42 168.30 21.46 29.03 0.0565
328.65 279.33 31.90 40.53 0.0553
474.09 154.88 35.26 42.55 0.0547
877.04 147.91 41.98 54.47 0.0546
465.34 265.54 50.27 35.08 0.0546
593.63 227.33 77.16 74.70 0.0543
950.55 400.35 44.75 46.95 0.0542
393.89 265.32 40.18 32.87 0.0540
414.80 467.43 157.67 184.38 0.0540
357.27 204.05 52.60 51.24 0.0539
447.73 158.37 40.33 39.73 0.0537
903.75 146.68 44.01 54.20 0.0530
546.13 4.72 47.04 54.88 0.0527
390.06 200.56 52.17 59.74 0.0527
896.12 162.34 63.92 71.89 0.0524
798.42 230.31 34.15 44.19 0.0517
506.16 213.27 30.82 31.98 0.0515
496.16 276.16 67.45 48.61 0.0515
797.88 304.85 43.13 45.87 0.0509
145.73 433.17 152.67 117.25 0.0509
482.53 190.96 33.70 37.42 0.0508
