11_Meeting_Meeting_11_Meeting_Meeting_11_639
115
323.75 74.16 65.51 115.16 0.8213
717.08 52.28 64.82 71.73 0.7978
915.28 112.77 67.08 81.19 0.7732
54.16 111.97 98.20 95.99 0.6762
553.30 94.65 48.39 59.37 0.4904
683.51 293.60 42.27 37.36 0.4382
581.09 311.56 48.79 23.20 0.4214
0.00 133.33 39.22 54.67 0.2395
567.44 309.38 75.65 42.93 0.2248
889.09 3.29 22.25 19.80 0.2192
959.41 2.95 18.47 16.81 0.2138
434.82 298.87 76.74 87.09 0.2057
723.14 294.16 40.94 40.79 0.2053
840.67 290.70 88.37 101.00 0.2053
417.53 283.23 143.52 136.80 0.1993
845.91 0.41 30.10 19.93 0.1885
917.92 57.67 28.09 25.17 0.1617
240.13 338.34 69.33 87.22 0.1595
985.77 112.74 36.21 60.98 0.1550
939.93 131.43 52.63 76.32 0.1525
0.00 104.02 50.70 71.08 0.1469
32.29 95.32 78.06 89.10 0.1447
848.91 287.01 59.58 63.51 0.1403
353.01 287.69 94.20 123.97 0.1374
323.97 41.24 62.89 78.14 0.1273
956.14 58.21 22.58 22.85 0.1268
573.36 60.37 51.97 61.36 0.1262
886.58 37.73 20.17 23.21 0.1245
527.17 319.16 136.58 76.72 0.1202
888.61 18.17 17.80 21.44 0.1158
806.51 0.00 33.80 19.00 0.1158
32.55 73.87 58.85 67.00 0.1143
918.53 41.05 23.61 22.77 0.1120
770.70 292.95 153.68 134.10 0.1097
199.07 175.16 81.91 70.29 0.1052
752.40 280.32 47.58 47.89 0.1042
467.34 295.53 180.65 142.13 0.1041
309.33 326.74 88.16 95.62 0.1030
923.54 25.16 17.40 15.78 0.1027
727.07 289.39 76.66 63.61 0.1018
144.42 261.82 168.06 172.05 0.1000
498.26 298.90 116.72 81.18 0.0986
764.60 0.00 45.07 27.37 0.0963
995.05 0.00 22.21 20.24 0.0951
992.91 74.25 28.57 41.75 0.0946
843.83 9.27 35.30 34.64 0.0935
0.00 163.08 35.91 49.57 0.0935
600.88 295.17 57.58 42.65 0.0917
423.32 281.37 62.06 78.37 0.0898
961.31 20.90 14.96 16.84 0.0879
885.13 53.81 32.35 30.52 0.0877
732.84 0.00 51.57 28.64 0.0859
659.93 311.38 56.62 44.86 0.0851
0.00 79.67 43.21 52.25 0.0850
990.75 20.74 21.27 23.38 0.0840
2.90 0.00 24.54 19.30 0.0835
59.04 47.75 69.82 61.46 0.0827
65.55 75.67 90.13 81.27 0.0827
741.35 305.22 92.20 88.83 0.0824
964.84 138.73 51.81 61.75 0.0821
554.87 296.32 70.43 44.03 0.0814
914.75 69.76 43.14 45.38 0.0813
764.43 9.86 43.88 54.46 0.0808
439.70 163.71 65.47 105.76 0.0797
918.07 1.23 24.66 20.66 0.0791
116.75 19.72 21.50 18.64 0.0784
103.24 162.25 143.63 105.21 0.0774
948.68 72.55 42.40 46.37 0.0771
958.37 41.89 17.82 21.25 0.0765
185.14 23.26 32.93 27.41 0.0764
805.77 15.21 34.82 34.95 0.0761
521.78 93.13 53.97 44.98 0.0752
822.93 50.03 56.36 40.55 0.0748
17.12 306.14 70.29 70.86 0.0747
737.70 366.04 174.01 187.05 0.0736
10.65 244.78 233.33 148.22 0.0735
918.07 298.29 79.79 119.62 0.0735
368.59 131.91 73.47 87.39 0.0734
520.80 113.98 47.61 41.18 0.0734
53.03 149.04 128.10 87.35 0.0722
792.12 255.98 97.97 104.49 0.0718
435.50 156.79 47.24 68.95 0.0717
728.04 85.34 44.12 55.62 0.0709
252.22 366.96 86.33 79.81 0.0708
619.28 110.93 36.62 39.49 0.0704
873.00 258.72 51.75 67.52 0.0688
502.45 305.23 68.08 54.82 0.0688
118.23 3.49 24.79 20.64 0.0680
994.34 33.85 22.58 29.64 0.0671
0.00 186.41 40.14 50.06 0.0666
103.52 40.27 41.00 32.91 0.0666
463.38 148.72 58.26 85.52 0.0653
0.00 454.49 31.14 37.48 0.0638
801.72 358.14 100.80 69.84 0.0631
698.97 112.11 40.09 35.25 0.0626
985.11 228.57 38.89 105.90 0.0621
994.08 54.25 28.47 36.06 0.0615
37.42 55.32 43.60 47.04 0.0608
224.61 381.95 84.19 100.45 0.0608
318.20 384.22 80.68 66.66 0.0603
653.35 119.94 38.32 36.56 0.0601
363.04 233.70 66.47 138.93 0.0598
361.87 94.32 66.81 78.00 0.0588
0.00 432.79 28.28 37.86 0.0583
613.86 138.28 43.14 44.75 0.0569
3.71 19.68 23.27 22.10 0.0568
741.35 355.07 92.50 75.85 0.0553
43.49 2.35 23.21 17.49 0.0552
730.58 10.81 58.52 59.45 0.0545
174.87 407.23 82.98 115.77 0.0543
82.86 1.26 24.71 18.01 0.0533
963.10 176.69 60.90 120.48 0.0520
33.68 388.57 42.52 38.82 0.0515
278.97 258.85 130.18 184.97 0.0507
3.68 472.80 34.62 37.95 0.0503
