29_Students_Schoolkids_Students_Schoolkids_29_374
30
588.03 48.18 435.97 112.41 0.5935
630.60 88.09 393.40 152.78 0.4885
393.56 411.76 450.60 271.24 0.2926
52.25 47.35 112.75 103.87 0.2509
604.30 16.68 419.70 57.67 0.2375
69.46 18.96 228.73 49.32 0.2152
85.90 44.11 193.37 97.87 0.2053
407.65 113.55 424.32 239.04 0.1852
8.01 4.64 62.21 66.76 0.1840
70.39 10.48 78.83 58.89 0.1786
664.75 166.28 359.25 264.30 0.1753
117.04 75.06 276.49 37.71 0.1723
4.95 52.71 70.70 97.87 0.1499
400.58 96.25 297.11 161.99 0.1453
43.84 86.68 132.98 156.64 0.1076
0.00 58.03 84.09 220.74 0.0854
100.99 21.16 445.05 51.87 0.0661
79.41 102.03 354.75 117.94 0.0622
214.48 385.63 387.24 297.37 0.0601
453.11 210.24 481.98 315.34 0.0585
499.44 23.53 398.52 34.70 0.0560
609.49 421.85 414.51 261.15 0.0484
436.42 54.20 370.79 119.15 0.0423
220.71 89.16 374.84 166.56 0.0401
635.25 28.84 388.75 19.78 0.0400
629.67 285.90 394.33 295.84 0.0325
111.34 23.41 293.44 24.40 0.0270
84.59 92.47 196.62 253.29 0.0252
159.66 31.96 197.11 117.36 0.0244
214.73 58.19 380.54 96.50 0.0215
