13_Interview_Interview_On_Location_13_138
43
445.43 295.55 333.81 305.37 0.9441
165.77 139.21 379.12 156.73 0.9010
359.60 222.82 350.85 228.42 0.7273
493.94 249.98 482.86 279.60 0.7054
159.31 150.48 207.11 251.99 0.6588
120.51 260.99 366.72 289.18 0.4488
102.20 271.36 172.74 314.49 0.3134
536.63 152.63 487.37 218.65 0.2136
328.11 315.15 300.92 326.85 0.1757
79.43 258.66 124.67 108.11 0.1260
144.47 339.30 210.01 302.70 0.1161
328.22 144.92 396.05 170.97 0.0875
73.26 63.19 101.30 89.61 0.0426
495.18 245.13 158.66 93.90 0.0340
573.11 258.08 122.43 120.58 0.0333
38.21 441.96 87.11 118.62 0.0328
345.07 309.71 137.36 114.45 0.0322
245.81 131.76 108.96 107.32 0.0319
51.98 39.93 81.61 101.02 0.0303
672.04 339.99 134.67 111.03 0.0300
61.28 266.85 83.83 133.96 0.0291
360.80 246.57 118.89 109.00 0.0281
426.58 218.98 130.82 105.20 0.0274
738.88 387.62 147.67 109.41 0.0267
250.87 102.40 412.94 136.48 0.0258
640.34 184.88 125.31 122.33 0.0251
531.15 282.94 130.13 118.75 0.0247
177.19 103.86 110.95 119.35 0.0245
309.99 222.19 147.46 106.83 0.0239
38.12 311.94 81.50 127.89 0.0238
717.93 193.51 306.07 283.76 0.0237
74.94 109.70 105.63 131.38 0.0237
68.62 372.95 101.30 139.65 0.0232
834.49 435.41 127.71 113.91 0.0230
420.04 320.90 147.18 101.25 0.0228
266.51 73.50 153.32 79.49 0.0215
325.69 170.26 122.90 98.23 0.0210
677.35 215.61 153.49 92.72 0.0209
242.66 187.43 123.59 77.93 0.0208
783.89 226.50 134.30 111.10 0.0206
671.30 285.32 134.70 117.07 0.0205
392.37 274.96 141.32 95.82 0.0202
158.46 76.56 151.20 76.39 0.0201
