13_Interview_Interview_Sequences_13_3
28
85.62 230.24 187.60 303.44 0.2420
535.92 105.31 488.08 144.56 0.1474
595.65 193.78 428.35 177.95 0.0806
494.54 214.02 349.99 322.87 0.0696
335.91 72.32 347.33 264.17 0.0628
184.33 10.45 387.66 160.39 0.0609
697.82 41.57 152.79 58.48 0.0538
741.19 61.85 144.97 68.83 0.0503
676.92 55.12 134.74 77.31 0.0420
603.23 61.11 129.36 72.00 0.0362
112.77 28.17 318.84 196.77 0.0360
107.14 192.51 349.07 223.66 0.0328
531.74 53.79 131.11 78.61 0.0286
738.79 174.12 133.43 108.83 0.0285
818.57 45.25 161.65 55.57 0.0281
813.02 66.61 153.95 66.15 0.0270
30.21 63.64 89.71 79.32 0.0269
466.71 75.25 402.21 128.12 0.0269
577.91 341.57 127.14 99.62 0.0244
531.95 393.95 133.69 100.68 0.0243
344.27 144.64 333.62 431.36 0.0239
746.11 259.80 125.06 101.98 0.0230
707.38 24.79 159.45 49.11 0.0218
233.83 281.82 277.85 294.18 0.0214
759.32 111.41 130.90 112.75 0.0213
66.62 55.62 89.67 80.02 0.0210
641.07 335.68 134.44 107.62 0.0208
53.72 217.73 87.02 110.72 0.0203
