17_Ceremony_Ceremony_17_803
200
50.63 98.03 80.16 48.15 0.1921
50.63 130.76 80.16 48.13 0.1920
50.63 261.62 80.16 48.13 0.1920
927.95 0.00 80.98 48.44 0.1919
928.13 32.56 80.52 48.32 0.1919
50.58 343.33 80.23 48.22 0.1919
50.51 376.04 80.30 48.21 0.1919
50.52 65.30 80.26 48.16 0.1918
891.66 163.45 80.14 48.13 0.1918
50.63 228.91 80.12 48.12 0.1918
50.59 196.19 80.16 48.13 0.1917
452.48 48.81 80.68 48.41 0.1917
891.60 65.31 80.17 48.10 0.1917
50.48 32.59 80.31 48.17 0.1917
928.14 163.42 80.51 48.32 0.1917
708.32 0.00 81.28 48.44 0.1917
50.51 310.62 80.30 48.21 0.1917
415.74 0.00 81.16 48.41 0.1916
671.73 0.00 81.19 48.42 0.1916
50.59 163.46 80.13 48.16 0.1916
342.54 0.00 81.22 48.42 0.1916
744.90 0.00 81.13 48.42 0.1915
415.90 81.45 80.70 48.49 0.1915
159.97 195.95 80.73 48.49 0.1915
525.41 0.00 81.19 48.43 0.1915
342.97 392.35 80.52 48.36 0.1915
50.30 0.00 80.68 48.28 0.1915
196.54 114.16 80.74 48.55 0.1915
928.09 130.71 80.52 48.31 0.1915
196.54 146.88 80.74 48.55 0.1915
159.96 228.66 80.74 48.55 0.1915
196.54 359.52 80.74 48.55 0.1915
269.68 48.75 80.63 48.47 0.1914
232.88 0.00 81.16 48.42 0.1914
269.45 0.00 81.16 48.42 0.1914
306.02 0.00 81.16 48.42 0.1914
379.16 0.00 81.16 48.42 0.1914
452.31 0.00 81.16 48.42 0.1914
928.09 81.63 80.54 48.31 0.1914
928.16 376.04 80.53 48.35 0.1914
415.97 261.38 80.72 48.56 0.1914
525.92 392.41 80.29 48.22 0.1914
891.64 32.59 80.13 48.12 0.1914
13.59 0.00 80.80 48.26 0.1914
379.34 261.39 80.76 48.53 0.1914
818.02 0.00 81.15 48.42 0.1913
269.69 114.22 80.62 48.44 0.1913
306.19 163.29 80.68 48.43 0.1913
379.54 392.35 80.43 48.35 0.1913
306.26 130.57 80.71 48.44 0.1913
306.40 392.35 80.52 48.35 0.1913
269.68 81.45 80.63 48.49 0.1913
196.33 0.00 81.13 48.42 0.1913
233.04 65.09 80.70 48.49 0.1913
233.04 97.81 80.70 48.49 0.1913
561.93 0.00 81.25 48.43 0.1913
306.25 48.74 80.73 48.49 0.1913
342.83 48.74 80.73 48.49 0.1913
489.11 48.74 80.73 48.49 0.1913
196.54 65.09 80.73 48.49 0.1913
379.40 65.09 80.73 48.49 0.1913
342.83 114.16 80.73 48.49 0.1913
342.83 163.24 80.73 48.49 0.1913
123.40 179.59 80.73 48.49 0.1913
196.54 179.59 80.73 48.49 0.1913
269.68 179.59 80.73 48.49 0.1913
562.45 392.42 80.36 48.29 0.1913
233.04 195.95 80.79 48.49 0.1913
269.69 146.93 80.73 48.49 0.1913
928.21 196.16 80.44 48.30 0.1913
891.43 0.00 80.77 48.31 0.1913
928.20 228.87 80.41 48.29 0.1913
708.49 277.79 80.73 48.47 0.1913
159.71 0.00 81.19 48.43 0.1912
415.96 48.77 80.65 48.46 0.1912
379.33 97.80 80.67 48.50 0.1912
233.04 32.38 80.71 48.54 0.1912
159.90 163.24 80.71 48.54 0.1912
342.83 277.73 80.70 48.51 0.1912
452.47 294.09 80.71 48.54 0.1912
123.40 81.45 80.74 48.54 0.1912
159.97 81.45 80.74 48.54 0.1912
306.25 81.45 80.74 48.54 0.1912
342.82 81.45 80.74 48.54 0.1912
159.97 114.17 80.74 48.54 0.1912
671.97 114.17 80.74 48.54 0.1912
233.11 130.52 80.74 48.54 0.1912
159.97 261.38 80.74 48.54 0.1912
196.54 277.74 80.74 48.54 0.1912
525.68 294.09 80.74 48.54 0.1912
196.54 310.45 80.74 48.54 0.1912
342.82 310.45 80.74 48.54 0.1912
379.40 310.45 80.74 48.54 0.1912
415.97 326.81 80.74 48.54 0.1912
233.11 359.52 80.74 48.54 0.1912
415.97 359.52 80.74 48.54 0.1912
452.54 359.52 80.74 48.54 0.1912
488.88 0.00 81.13 48.42 0.1912
123.33 146.88 80.81 48.54 0.1912
196.47 212.31 80.81 48.54 0.1912
123.33 228.67 80.81 48.54 0.1912
196.47 245.02 80.81 48.54 0.1912
13.81 277.98 80.25 48.14 0.1912
13.81 310.69 80.25 48.14 0.1912
13.81 343.41 80.25 48.14 0.1912
342.76 343.17 80.81 48.54 0.1912
379.33 343.17 80.81 48.54 0.1912
306.18 359.52 80.81 48.54 0.1912
269.61 375.88 80.81 48.54 0.1912
635.16 0.00 81.18 48.42 0.1912
781.44 0.00 81.18 48.42 0.1912
598.54 0.00 81.21 48.43 0.1912
854.54 0.00 81.21 48.43 0.1912
525.69 81.46 80.72 48.52 0.1912
233.12 163.25 80.72 48.52 0.1912
415.98 294.10 80.72 48.52 0.1912
489.33 392.40 80.37 48.27 0.1912
525.69 48.73 80.72 48.56 0.1912
13.80 81.67 80.30 48.17 0.1912
123.33 114.16 80.78 48.55 0.1911
708.48 114.16 80.78 48.55 0.1911
379.33 130.52 80.78 48.55 0.1911
342.76 245.02 80.78 48.55 0.1911
306.19 310.45 80.78 48.55 0.1911
928.18 310.63 80.44 48.31 0.1911
452.48 326.81 80.78 48.55 0.1911
928.18 343.35 80.44 48.31 0.1911
489.05 359.52 80.78 48.55 0.1911
525.62 343.16 80.77 48.52 0.1911
452.75 392.38 80.42 48.31 0.1911
13.87 114.46 80.18 48.08 0.1911
306.27 261.39 80.70 48.53 0.1911
416.15 392.36 80.38 48.34 0.1911
123.19 0.00 81.13 48.40 0.1911
159.96 48.83 80.65 48.40 0.1911
306.20 195.96 80.76 48.53 0.1911
342.77 195.96 80.76 48.53 0.1911
635.33 212.34 80.79 48.51 0.1911
598.76 294.13 80.79 48.51 0.1911
562.19 343.20 80.79 48.51 0.1911
708.48 375.91 80.79 48.51 0.1911
745.05 375.91 80.79 48.51 0.1911
635.48 392.36 80.47 48.35 0.1911
86.59 0.00 81.18 48.41 0.1911
891.64 196.13 80.15 48.16 0.1911
599.02 392.40 80.35 48.32 0.1911
818.21 97.83 80.76 48.51 0.1911
452.47 81.45 80.71 48.53 0.1911
196.53 32.39 80.76 48.54 0.1910
379.40 163.24 80.74 48.53 0.1910
269.67 212.32 80.76 48.54 0.1910
159.97 294.10 80.74 48.53 0.1910
233.03 228.68 80.82 48.53 0.1910
123.33 261.38 80.80 48.53 0.1910
233.03 261.39 80.82 48.53 0.1910
891.61 114.37 80.28 48.18 0.1910
13.75 376.12 80.31 48.12 0.1910
415.93 228.69 80.71 48.48 0.1910
671.92 245.08 80.73 48.47 0.1910
708.49 245.08 80.73 48.47 0.1910
928.21 261.59 80.41 48.29 0.1910
635.35 326.87 80.73 48.47 0.1910
160.13 392.36 80.34 48.34 0.1910
489.11 81.45 80.71 48.55 0.1910
562.26 130.52 80.71 48.55 0.1910
306.25 228.67 80.73 48.55 0.1910
854.82 228.67 80.73 48.55 0.1910
489.05 114.16 80.78 48.54 0.1910
598.76 146.88 80.78 48.54 0.1910
489.05 228.66 80.78 48.54 0.1910
269.61 245.03 80.79 48.55 0.1910
452.47 261.39 80.79 48.55 0.1910
269.61 277.75 80.79 48.55 0.1910
489.05 277.74 80.78 48.54 0.1910
562.19 277.74 80.78 48.54 0.1910
489.05 310.45 80.78 48.54 0.1910
86.76 163.24 80.81 48.54 0.1910
671.91 277.74 80.75 48.52 0.1910
635.34 294.10 80.75 48.52 0.1910
269.61 310.45 80.81 48.54 0.1910
671.91 310.46 80.75 48.52 0.1910
233.04 326.81 80.81 48.54 0.1910
598.77 343.17 80.75 48.52 0.1910
635.34 359.53 80.75 48.52 0.1910
452.56 114.17 80.69 48.52 0.1910
525.70 130.53 80.69 48.52 0.1910
671.98 146.89 80.69 48.52 0.1910
525.70 163.25 80.69 48.52 0.1910
562.27 163.25 80.69 48.52 0.1910
379.41 212.32 80.69 48.52 0.1910
525.70 228.67 80.69 48.52 0.1910
233.30 392.37 80.38 48.33 0.1910
854.98 392.34 80.39 48.38 0.1910
635.35 114.17 80.76 48.52 0.1909
489.06 146.89 80.76 48.52 0.1909
452.49 228.67 80.76 48.52 0.1909
854.77 326.83 80.77 48.52 0.1909
708.46 32.40 80.81 48.51 0.1909
745.03 32.40 80.81 48.51 0.1909
781.60 32.40 80.81 48.51 0.1909
