17_Ceremony_Ceremony_17_1007
200
927.92 0.00 81.00 162.43 0.1925
50.56 932.09 80.17 161.53 0.1920
50.52 328.75 80.28 161.50 0.1920
928.13 109.20 80.52 162.04 0.1919
50.51 218.85 80.30 161.68 0.1919
50.51 1261.25 80.33 161.78 0.1919
50.60 603.03 80.19 161.45 0.1919
50.55 1041.75 80.33 161.84 0.1919
928.16 218.92 80.49 162.08 0.1919
50.63 438.47 80.16 161.48 0.1918
50.52 767.43 80.27 161.63 0.1918
50.50 1151.47 80.38 161.90 0.1918
635.40 1205.96 80.70 162.39 0.1917
928.14 493.21 80.51 162.04 0.1917
50.30 0.00 80.72 161.94 0.1917
50.56 109.27 80.25 161.55 0.1917
928.17 602.93 80.48 162.07 0.1916
891.66 493.31 80.13 161.40 0.1916
891.66 383.61 80.10 161.35 0.1916
928.14 383.50 80.51 162.00 0.1915
891.31 0.00 80.90 162.08 0.1915
671.97 1096.01 80.73 162.64 0.1915
598.82 1205.73 80.73 162.64 0.1915
13.80 1261.49 80.24 161.30 0.1915
928.18 712.63 80.44 162.03 0.1914
13.81 1151.78 80.17 161.13 0.1914
232.88 0.00 81.15 162.37 0.1913
306.02 0.00 81.15 162.37 0.1913
342.59 0.00 81.15 162.37 0.1913
744.88 0.00 81.15 162.37 0.1913
781.45 0.00 81.15 162.37 0.1913
818.02 0.00 81.15 162.37 0.1913
854.59 0.00 81.15 162.37 0.1913
671.97 1205.91 80.62 162.44 0.1913
123.12 0.00 81.19 162.40 0.1913
561.98 0.00 81.19 162.40 0.1913
598.55 0.00 81.19 162.40 0.1913
635.12 0.00 81.19 162.40 0.1913
708.26 0.00 81.19 162.40 0.1913
635.33 1041.34 80.68 162.43 0.1913
489.02 0.00 81.01 162.29 0.1913
13.80 1042.00 80.22 161.26 0.1913
928.21 1206.61 80.39 161.78 0.1913
818.18 1205.73 80.70 162.61 0.1913
159.65 0.00 81.25 162.42 0.1913
196.22 0.00 81.25 162.42 0.1913
708.54 1205.73 80.73 162.63 0.1913
745.11 1205.73 80.73 162.63 0.1913
50.82 1371.54 79.71 161.54 0.1913
781.62 1205.73 80.79 162.62 0.1913
13.82 438.72 80.23 161.26 0.1913
13.82 548.43 80.23 161.26 0.1913
928.20 822.43 80.41 161.96 0.1913
928.20 932.14 80.41 161.96 0.1913
928.20 1041.86 80.41 161.96 0.1913
489.12 163.48 80.71 162.54 0.1912
379.21 0.00 81.10 162.35 0.1912
525.68 163.45 80.74 162.80 0.1912
562.25 163.45 80.74 162.80 0.1912
708.54 1096.02 80.74 162.80 0.1912
562.25 1205.74 80.74 162.80 0.1912
13.81 164.26 80.25 161.44 0.1912
13.81 273.97 80.25 161.44 0.1912
854.76 1150.88 80.81 162.79 0.1912
86.58 0.00 81.18 162.39 0.1912
13.62 0.00 80.72 161.71 0.1912
671.69 0.00 81.21 162.41 0.1912
562.26 712.01 80.72 162.85 0.1912
598.83 821.73 80.72 162.85 0.1912
598.76 218.30 80.78 162.84 0.1911
671.90 218.30 80.78 162.84 0.1911
489.05 273.15 80.78 162.84 0.1911
525.62 273.15 80.78 162.84 0.1911
598.76 657.15 80.78 162.84 0.1911
891.65 602.97 80.11 161.38 0.1911
269.36 0.00 81.27 162.44 0.1911
452.49 218.33 80.76 162.74 0.1911
562.20 273.19 80.76 162.74 0.1911
233.05 657.28 80.79 162.68 0.1911
269.62 712.13 80.79 162.68 0.1911
415.91 712.13 80.79 162.68 0.1911
160.17 1315.87 80.44 162.04 0.1911
415.81 0.00 81.07 162.36 0.1911
525.47 0.00 81.15 162.36 0.1911
928.40 1371.49 80.10 161.99 0.1911
452.34 0.00 81.10 162.39 0.1911
891.62 218.81 80.22 161.71 0.1911
159.90 657.10 80.80 162.86 0.1911
891.77 1316.52 79.96 160.80 0.1911
781.67 163.49 80.76 162.78 0.1910
745.10 218.35 80.76 162.78 0.1910
781.67 328.06 80.76 162.78 0.1910
525.67 547.49 80.76 162.78 0.1910
562.24 821.78 80.76 162.78 0.1910
123.32 1150.92 80.83 162.80 0.1910
123.32 1260.64 80.83 162.80 0.1910
562.18 602.35 80.82 162.77 0.1910
745.03 1096.06 80.82 162.77 0.1910
781.61 1096.06 80.82 162.77 0.1910
818.18 1096.06 80.82 162.77 0.1910
891.63 109.13 80.20 161.62 0.1910
891.63 712.56 80.20 161.62 0.1910
891.63 822.27 80.20 161.62 0.1910
13.77 767.75 80.24 161.21 0.1910
13.77 877.47 80.24 161.21 0.1910
415.93 1260.69 80.71 162.58 0.1910
452.50 1260.69 80.71 162.58 0.1910
635.32 821.77 80.79 162.81 0.1910
671.90 876.59 80.78 162.80 0.1910
562.18 931.48 80.79 162.81 0.1910
306.18 1260.62 80.79 162.81 0.1910
342.75 1260.62 80.79 162.81 0.1910
379.33 1260.59 80.78 162.80 0.1910
525.89 1315.89 80.30 162.10 0.1910
196.50 602.51 80.76 162.60 0.1910
598.82 931.45 80.74 162.80 0.1910
598.82 1096.03 80.74 162.80 0.1910
269.63 821.75 80.75 162.73 0.1910
415.96 218.37 80.72 162.65 0.1910
13.76 657.97 80.28 161.33 0.1910
745.30 1315.85 80.36 162.21 0.1910
159.92 437.77 80.76 162.71 0.1909
635.35 712.05 80.76 162.71 0.1909
452.46 821.81 80.81 162.70 0.1909
452.46 931.52 80.81 162.70 0.1909
269.60 1096.09 80.81 162.70 0.1909
415.85 931.49 80.84 162.75 0.1909
196.42 1041.20 80.84 162.75 0.1909
635.33 218.30 80.78 162.84 0.1909
635.33 602.30 80.78 162.84 0.1909
123.35 657.16 80.80 162.76 0.1909
159.92 1150.88 80.80 162.76 0.1909
379.33 1150.87 80.78 162.84 0.1909
415.91 821.86 80.78 162.67 0.1909
196.49 931.57 80.78 162.67 0.1909
233.06 986.43 80.78 162.67 0.1909
269.63 986.43 80.78 162.67 0.1909
86.77 1205.86 80.78 162.67 0.1909
489.10 492.64 80.76 162.75 0.1909
489.10 602.35 80.76 162.75 0.1909
525.67 1205.78 80.76 162.75 0.1909
745.03 328.07 80.82 162.74 0.1909
635.35 437.77 80.76 162.74 0.1909
86.91 1315.85 80.47 162.16 0.1909
379.30 657.17 80.86 162.82 0.1909
342.73 876.60 80.86 162.82 0.1909
379.30 876.60 80.86 162.82 0.1909
123.30 986.31 80.86 162.82 0.1909
306.16 986.31 80.86 162.82 0.1909
342.73 986.31 80.86 162.82 0.1909
159.88 1041.17 80.86 162.82 0.1909
233.05 766.82 80.79 162.86 0.1908
233.05 876.54 80.79 162.86 0.1908
159.84 931.42 80.89 162.88 0.1908
306.19 712.08 80.82 162.80 0.1908
123.33 766.93 80.82 162.80 0.1908
159.90 766.93 80.82 162.80 0.1908
196.48 766.93 80.82 162.80 0.1908
306.19 821.79 80.82 162.80 0.1908
86.76 986.36 80.82 162.80 0.1908
86.76 1096.08 80.82 162.80 0.1908
854.75 1260.65 80.83 162.73 0.1908
781.88 1315.91 80.30 162.06 0.1908
233.11 437.77 80.73 162.79 0.1908
525.68 657.20 80.73 162.79 0.1908
489.38 1315.99 80.21 161.92 0.1908
854.75 163.49 80.79 162.78 0.1908
123.32 218.34 80.79 162.78 0.1908
854.75 273.20 80.79 162.78 0.1908
196.47 437.77 80.79 162.78 0.1908
452.47 547.49 80.79 162.78 0.1908
671.96 986.35 80.76 162.78 0.1908
818.18 163.50 80.82 162.77 0.1908
562.18 1096.07 80.82 162.77 0.1908
708.52 876.69 80.74 162.63 0.1908
854.81 876.69 80.74 162.63 0.1908
415.91 1041.32 80.78 162.62 0.1908
562.44 1315.85 80.35 162.18 0.1908
599.01 1315.85 80.35 162.18 0.1908
635.58 1315.85 80.35 162.18 0.1908
672.15 1315.85 80.35 162.18 0.1908
708.73 1315.85 80.35 162.18 0.1908
123.34 328.09 80.77 162.69 0.1908
891.70 1206.50 80.13 161.38 0.1908
233.05 1260.66 80.77 162.69 0.1908
269.62 1260.66 80.77 162.69 0.1908
671.93 108.69 80.71 162.58 0.1908
306.23 382.96 80.77 162.68 0.1908
818.21 492.69 80.71 162.58 0.1908
708.52 547.54 80.77 162.68 0.1908
342.81 657.25 80.77 162.68 0.1908
525.62 437.82 80.80 162.68 0.1908
598.75 108.63 80.79 162.81 0.1907
635.32 328.06 80.79 162.81 0.1907
818.18 328.06 80.79 162.81 0.1907
342.75 1150.91 80.79 162.81 0.1907
196.73 1315.89 80.37 162.07 0.1907
891.66 932.18 80.15 161.39 0.1907
196.47 1150.97 80.83 162.74 0.1907
379.39 163.52 80.72 162.65 0.1907
