17_Ceremony_Ceremony_17_490
200
927.92 0.00 81.02 81.21 0.1923
50.55 630.67 80.24 80.75 0.1921
928.12 575.74 80.55 81.05 0.1920
928.12 630.60 80.55 81.05 0.1920
50.63 383.84 80.16 80.71 0.1920
50.59 301.53 80.21 80.74 0.1919
50.55 109.54 80.21 80.73 0.1919
50.63 54.66 80.16 80.74 0.1918
50.63 164.38 80.16 80.74 0.1918
50.59 548.36 80.19 80.77 0.1918
50.63 438.70 80.12 80.68 0.1918
50.59 493.55 80.16 80.71 0.1917
928.14 383.75 80.51 81.02 0.1917
928.14 466.03 80.51 81.02 0.1917
928.14 520.89 80.51 81.02 0.1917
928.21 136.91 80.40 80.99 0.1917
50.66 219.32 80.09 80.65 0.1916
269.45 0.00 81.16 81.18 0.1916
891.66 466.09 80.10 80.68 0.1916
891.66 520.95 80.10 80.68 0.1916
928.18 328.90 80.43 80.98 0.1916
928.21 219.30 80.39 80.89 0.1915
818.18 164.01 80.70 81.31 0.1915
306.50 658.05 80.29 80.83 0.1915
708.54 136.58 80.73 81.32 0.1915
781.68 164.01 80.73 81.32 0.1915
50.29 0.00 80.82 80.99 0.1915
891.43 0.00 80.77 81.00 0.1915
928.20 82.07 80.41 80.98 0.1915
306.26 81.84 80.70 81.19 0.1915
342.83 81.84 80.70 81.19 0.1915
781.61 218.87 80.72 81.39 0.1915
159.96 109.15 80.74 81.40 0.1915
671.96 109.15 80.74 81.40 0.1915
854.82 109.15 80.74 81.40 0.1915
891.63 575.74 80.20 80.80 0.1915
745.04 109.15 80.81 81.40 0.1915
671.90 164.01 80.81 81.40 0.1915
854.75 164.01 80.81 81.40 0.1915
745.04 191.44 80.81 81.40 0.1915
123.32 493.15 80.81 81.40 0.1915
598.83 81.75 80.63 81.28 0.1914
123.16 0.00 81.16 81.19 0.1914
452.33 0.00 81.13 81.19 0.1914
488.91 0.00 81.13 81.19 0.1914
525.48 0.00 81.13 81.19 0.1914
671.76 0.00 81.13 81.19 0.1914
708.33 0.00 81.13 81.19 0.1914
818.02 0.00 81.16 81.19 0.1914
891.64 383.78 80.13 80.68 0.1914
13.59 0.00 80.80 80.93 0.1914
159.69 0.00 81.22 81.20 0.1914
196.29 0.00 81.18 81.20 0.1914
232.86 0.00 81.18 81.20 0.1914
305.98 0.00 81.22 81.20 0.1914
342.55 0.00 81.22 81.20 0.1914
379.12 0.00 81.22 81.20 0.1914
562.00 0.00 81.18 81.20 0.1914
744.88 0.00 81.13 81.20 0.1914
891.67 328.93 80.09 80.68 0.1913
781.41 0.00 81.19 81.22 0.1913
745.26 657.91 80.52 81.08 0.1913
415.76 0.00 81.13 81.19 0.1913
269.61 81.72 80.70 81.31 0.1913
818.18 109.15 80.70 81.31 0.1913
123.40 81.72 80.73 81.32 0.1913
379.40 81.72 80.73 81.32 0.1913
708.54 81.72 80.73 81.32 0.1913
781.68 81.72 80.73 81.32 0.1913
123.40 136.58 80.73 81.32 0.1913
379.40 136.58 80.73 81.32 0.1913
159.97 164.01 80.73 81.32 0.1913
123.40 191.44 80.73 81.32 0.1913
671.97 218.87 80.73 81.32 0.1913
123.40 246.29 80.73 81.32 0.1913
159.97 273.72 80.73 81.32 0.1913
123.40 301.15 80.73 81.32 0.1913
123.40 602.87 80.73 81.32 0.1913
159.97 602.87 80.73 81.32 0.1913
379.59 658.02 80.36 80.98 0.1913
86.76 81.72 80.79 81.31 0.1913
123.33 438.29 80.79 81.31 0.1913
123.33 548.01 80.79 81.31 0.1913
672.15 657.92 80.45 81.05 0.1913
854.59 0.00 81.16 81.17 0.1913
635.40 81.87 80.73 81.18 0.1913
818.27 218.88 80.62 81.26 0.1913
928.20 274.07 80.41 80.98 0.1913
13.82 301.64 80.23 80.63 0.1913
562.27 81.74 80.71 81.27 0.1912
196.54 109.15 80.74 81.40 0.1912
415.97 109.15 80.74 81.40 0.1912
342.82 136.58 80.74 81.40 0.1912
635.40 136.58 80.74 81.40 0.1912
196.54 164.01 80.74 81.40 0.1912
415.97 164.01 80.74 81.40 0.1912
708.54 191.44 80.74 81.40 0.1912
159.97 218.87 80.74 81.40 0.1912
196.54 218.87 80.74 81.40 0.1912
708.54 246.30 80.74 81.40 0.1912
745.05 246.29 80.76 81.33 0.1912
745.08 328.61 80.76 81.32 0.1912
123.40 356.01 80.74 81.40 0.1912
159.97 438.30 80.74 81.40 0.1912
196.54 520.58 80.74 81.40 0.1912
196.54 602.87 80.74 81.40 0.1912
891.64 630.60 80.20 80.79 0.1912
86.60 0.00 81.13 81.19 0.1912
671.90 54.30 80.81 81.40 0.1912
233.04 81.72 80.81 81.40 0.1912
86.76 136.58 80.81 81.40 0.1912
233.04 136.58 80.81 81.40 0.1912
269.61 136.58 80.81 81.40 0.1912
86.76 191.44 80.81 81.40 0.1912
233.04 191.44 80.81 81.40 0.1912
635.33 218.87 80.81 81.40 0.1912
86.76 301.15 80.81 81.40 0.1912
13.81 356.41 80.25 80.72 0.1912
86.76 383.44 80.81 81.40 0.1912
86.76 438.30 80.81 81.40 0.1912
86.76 493.15 80.81 81.40 0.1912
159.90 493.15 80.81 81.40 0.1912
86.76 548.01 80.81 81.40 0.1912
86.76 630.30 80.81 81.40 0.1912
452.77 657.97 80.26 81.00 0.1912
635.27 0.00 81.05 81.18 0.1912
525.71 191.48 80.65 81.31 0.1912
269.69 191.46 80.72 81.35 0.1912
416.19 658.01 80.31 80.92 0.1912
13.80 109.53 80.30 80.78 0.1912
598.83 164.01 80.72 81.42 0.1912
452.54 191.43 80.72 81.42 0.1912
598.83 218.86 80.72 81.42 0.1912
159.97 356.01 80.72 81.42 0.1912
452.48 109.15 80.78 81.42 0.1911
489.05 136.58 80.78 81.42 0.1911
342.76 191.43 80.78 81.42 0.1911
196.48 273.72 80.78 81.42 0.1911
196.48 328.58 80.78 81.42 0.1911
196.48 383.43 80.78 81.42 0.1911
196.48 438.29 80.78 81.42 0.1911
818.19 465.72 80.78 81.42 0.1911
233.05 493.15 80.78 81.42 0.1911
781.62 520.58 80.78 81.42 0.1911
818.19 520.58 80.78 81.42 0.1911
745.05 548.01 80.78 81.42 0.1911
233.05 602.86 80.78 81.42 0.1911
781.83 657.90 80.49 81.13 0.1911
379.34 575.50 80.77 81.34 0.1911
415.98 218.88 80.70 81.38 0.1911
854.73 520.59 80.84 81.41 0.1911
525.63 109.17 80.76 81.37 0.1911
562.20 164.02 80.76 81.37 0.1911
306.20 191.45 80.76 81.37 0.1911
342.76 301.21 80.79 81.34 0.1911
379.33 301.21 80.79 81.34 0.1911
415.91 301.21 80.79 81.34 0.1911
342.76 493.21 80.79 81.34 0.1911
598.76 493.21 80.79 81.34 0.1911
342.76 630.35 80.79 81.34 0.1911
818.45 657.93 80.48 81.05 0.1911
306.19 136.58 80.79 81.29 0.1911
13.82 411.35 80.26 80.66 0.1911
306.15 520.62 80.82 81.37 0.1911
13.82 548.49 80.26 80.66 0.1911
854.69 575.42 80.89 81.44 0.1911
269.92 658.03 80.32 80.88 0.1911
269.55 493.10 80.89 81.50 0.1911
159.96 54.32 80.76 81.39 0.1910
269.68 246.30 80.74 81.38 0.1910
525.61 356.03 80.83 81.40 0.1910
562.18 356.03 80.83 81.40 0.1910
635.32 356.03 80.83 81.40 0.1910
525.61 520.60 80.83 81.40 0.1910
635.32 520.60 80.83 81.40 0.1910
598.75 548.03 80.83 81.40 0.1910
196.46 54.32 80.82 81.39 0.1910
159.89 548.03 80.82 81.39 0.1910
598.63 0.00 81.13 81.19 0.1910
342.74 383.42 80.84 81.42 0.1910
599.00 657.94 80.37 81.09 0.1910
671.84 383.41 80.87 81.45 0.1910
928.40 685.74 80.07 81.02 0.1910
854.77 218.89 80.78 81.33 0.1910
562.18 520.52 80.85 81.49 0.1910
379.40 191.44 80.71 81.41 0.1910
562.19 218.87 80.78 81.40 0.1910
233.05 246.29 80.78 81.40 0.1910
233.05 301.15 80.78 81.40 0.1910
233.05 356.01 80.78 81.40 0.1910
781.62 465.72 80.78 81.40 0.1910
196.75 657.95 80.30 81.05 0.1910
525.89 657.95 80.30 81.05 0.1910
86.82 246.30 80.74 81.40 0.1910
13.87 630.78 80.21 80.64 0.1910
781.63 328.64 80.76 81.32 0.1910
854.72 630.32 80.86 81.40 0.1910
123.58 657.92 80.36 81.11 0.1910
489.06 218.88 80.76 81.35 0.1909
562.20 273.74 80.76 81.35 0.1909
