6_Funeral_Funeral_6_1006
198
643.11 34.61 72.89 95.79 0.8989
443.82 169.08 72.66 89.22 0.8168
32.61 4.03 58.76 65.49 0.7076
413.24 89.77 31.73 43.39 0.2445
441.49 124.51 62.25 69.64 0.2174
5.96 7.53 57.14 67.26 0.1844
803.68 1.73 26.22 24.24 0.1790
344.03 589.67 47.25 41.24 0.1616
880.09 371.59 22.13 28.53 0.1600
437.65 66.57 37.29 50.51 0.1550
431.90 101.32 49.41 57.94 0.1545
800.57 21.58 28.78 38.81 0.1529
402.53 62.39 37.46 51.24 0.1485
848.50 224.69 26.09 41.24 0.1456
920.36 446.51 19.64 22.81 0.1425
880.09 353.94 23.33 31.11 0.1420
843.45 193.44 42.04 66.09 0.1348
993.43 231.91 22.11 36.00 0.1345
266.20 199.34 37.93 45.55 0.1325
921.43 402.11 17.03 19.37 0.1321
883.36 276.80 20.27 26.44 0.1306
200.02 246.12 42.67 54.11 0.1297
219.90 582.38 33.16 31.33 0.1269
874.28 201.55 29.70 37.09 0.1260
282.79 197.21 36.52 44.93 0.1211
298.27 86.62 25.29 34.82 0.1180
123.23 135.57 56.90 101.49 0.1178
887.00 424.65 15.27 18.80 0.1175
5.23 264.84 23.14 48.55 0.1153
252.16 617.94 44.23 35.29 0.1145
36.56 459.35 20.53 25.39 0.1142
962.38 424.54 15.00 17.66 0.1137
990.52 487.22 25.64 33.71 0.1136
958.63 486.65 27.66 35.34 0.1130
963.34 375.63 16.58 23.21 0.1129
224.36 95.19 42.81 51.94 0.1124
960.46 41.48 21.01 30.50 0.1111
995.41 370.98 21.35 32.24 0.1098
769.65 388.20 24.83 41.72 0.1095
250.91 86.78 41.83 48.14 0.1093
267.56 186.11 27.37 33.11 0.1082
768.19 413.03 25.08 37.60 0.1053
841.71 167.04 44.14 57.28 0.1052
377.02 69.00 35.98 41.82 0.1041
879.94 252.62 28.80 50.15 0.1041
405.30 132.95 70.77 97.45 0.1035
3.19 291.90 23.66 45.23 0.1035
407.77 113.50 37.26 55.85 0.1024
798.53 217.84 42.68 68.05 0.1018
876.68 222.67 30.46 45.42 0.1006
248.68 606.69 39.30 34.09 0.1006
954.67 465.93 24.17 28.36 0.0980
294.20 622.86 48.98 31.14 0.0979
920.06 417.48 18.36 22.72 0.0975
958.99 445.06 17.90 21.27 0.0974
223.24 624.56 51.12 29.44 0.0971
887.04 384.21 16.79 29.90 0.0966
998.91 466.93 20.39 27.79 0.0965
850.57 416.28 18.55 25.86 0.0965
852.09 400.20 16.73 25.11 0.0958
1000.63 441.12 19.16 27.76 0.0951
919.35 457.07 27.44 33.21 0.0941
690.82 21.56 76.65 104.39 0.0940
209.88 427.41 40.09 47.14 0.0937
256.39 209.53 43.84 67.63 0.0934
998.43 392.98 19.29 29.13 0.0931
730.06 412.57 40.35 77.43 0.0908
926.37 350.77 18.15 23.34 0.0902
999.60 416.72 20.34 31.39 0.0901
918.34 233.14 22.37 32.20 0.0892
924.66 374.35 15.91 21.68 0.0884
344.22 551.24 56.81 54.93 0.0883
148.22 92.25 34.79 49.45 0.0877
773.78 297.53 37.77 52.44 0.0876
843.42 43.88 23.62 25.79 0.0863
993.49 342.27 20.94 34.06 0.0863
813.05 418.00 20.30 28.87 0.0861
246.81 582.95 38.16 32.75 0.0844
926.16 20.72 19.96 26.21 0.0835
223.83 596.13 34.91 35.98 0.0831
960.41 350.44 17.13 25.53 0.0822
872.74 176.52 34.10 41.25 0.0819
870.99 66.58 41.58 57.86 0.0814
725.91 302.03 35.37 50.62 0.0804
789.98 27.89 44.52 78.69 0.0796
806.83 248.77 36.65 60.92 0.0792
886.12 439.28 19.48 27.36 0.0791
917.46 45.72 28.14 33.18 0.0790
136.50 202.60 54.18 81.52 0.0788
207.40 271.96 38.30 53.04 0.0786
962.98 24.59 21.23 30.93 0.0785
849.08 491.79 20.94 25.74 0.0785
916.26 247.52 24.21 36.33 0.0784
963.17 394.14 15.96 22.93 0.0783
777.79 13.57 42.47 61.76 0.0772
480.78 133.36 60.95 80.63 0.0767
810.20 338.83 23.79 41.84 0.0767
995.05 39.15 25.51 42.35 0.0750
944.66 481.94 38.67 58.13 0.0749
149.21 626.39 35.46 27.61 0.0743
766.15 323.92 37.72 68.05 0.0743
951.59 44.46 29.04 48.48 0.0739
335.12 38.16 29.66 33.20 0.0726
989.66 499.82 31.17 50.19 0.0725
846.99 317.00 21.67 36.14 0.0723
733.82 377.03 47.97 92.37 0.0719
0.95 220.01 27.33 55.57 0.0719
922.10 201.78 23.55 34.94 0.0716
327.35 615.28 54.08 38.72 0.0713
960.39 251.76 17.66 27.76 0.0708
407.01 191.65 83.95 81.54 0.0708
663.55 485.58 24.16 37.58 0.0702
841.00 56.57 39.60 64.74 0.0700
650.98 0.00 59.88 67.30 0.0699
31.51 244.70 32.47 50.98 0.0697
13.07 458.26 35.45 37.43 0.0693
845.70 0.12 22.49 21.50 0.0692
211.37 206.53 41.15 64.23 0.0686
763.14 187.26 64.79 96.12 0.0684
170.07 626.36 38.10 27.64 0.0680
177.28 28.82 76.20 87.10 0.0674
880.61 27.11 20.97 22.94 0.0670
906.59 52.04 38.69 48.32 0.0668
925.26 0.78 27.25 25.45 0.0660
67.21 132.32 60.93 116.96 0.0659
684.86 391.85 66.97 114.86 0.0655
852.03 370.01 20.31 33.37 0.0654
883.24 456.13 27.71 37.44 0.0650
997.50 78.85 26.50 49.55 0.0648
925.19 327.39 20.61 31.03 0.0644
293.29 185.86 28.12 39.55 0.0642
883.52 325.47 24.20 34.99 0.0639
961.06 230.55 20.25 31.77 0.0637
181.59 198.85 43.85 57.85 0.0636
476.29 19.92 72.84 73.57 0.0633
196.56 423.61 37.24 34.31 0.0633
797.72 161.28 48.96 63.77 0.0622
841.02 25.53 24.71 27.53 0.0621
370.47 47.77 31.78 45.99 0.0621
457.16 326.28 59.52 59.74 0.0620
812.18 393.76 21.69 32.71 0.0615
0.00 33.66 46.20 63.82 0.0615
845.11 509.43 27.53 33.53 0.0615
845.37 272.41 28.46 45.08 0.0615
149.35 65.28 58.93 77.29 0.0614
865.25 147.00 43.49 50.59 0.0614
850.93 437.41 21.44 30.52 0.0613
291.27 553.67 46.80 46.33 0.0608
293.13 583.72 40.22 31.05 0.0606
772.57 428.00 22.94 39.96 0.0603
78.37 461.64 21.57 25.83 0.0600
698.52 286.24 34.06 54.46 0.0600
850.61 344.23 21.58 33.11 0.0597
150.85 570.29 39.44 52.24 0.0596
247.85 118.77 44.50 51.67 0.0592
740.39 487.80 20.22 26.96 0.0590
454.59 77.37 57.44 57.12 0.0587
586.53 170.68 54.28 71.35 0.0584
805.64 313.49 29.92 56.81 0.0583
177.43 137.29 36.48 55.66 0.0582
736.75 309.17 42.97 81.25 0.0582
803.16 140.22 36.90 50.42 0.0579
109.58 195.20 42.64 76.16 0.0576
429.84 56.45 78.17 64.63 0.0573
774.46 0.00 39.02 34.79 0.0571
958.93 209.63 19.35 27.73 0.0568
173.21 88.28 48.54 59.00 0.0562
881.09 288.04 24.71 35.73 0.0561
642.20 206.83 59.64 91.55 0.0559
736.64 450.72 27.96 45.56 0.0558
289.73 93.06 34.45 47.40 0.0557
608.70 210.26 64.99 86.61 0.0556
912.15 472.71 40.51 45.67 0.0554
915.76 178.93 28.73 36.87 0.0554
778.43 465.40 17.28 26.43 0.0554
483.74 109.10 57.87 56.45 0.0552
991.39 521.10 29.93 49.49 0.0549
262.85 157.92 29.29 37.05 0.0542
296.79 606.88 40.21 35.17 0.0540
875.12 42.51 29.48 29.88 0.0534
39.75 216.58 35.34 59.57 0.0533
498.93 217.81 57.08 71.17 0.0532
875.04 485.51 49.57 59.58 0.0527
656.47 368.62 54.19 100.93 0.0525
657.05 453.08 38.65 62.49 0.0525
808.99 363.07 24.59 40.85 0.0521
698.27 312.71 48.80 83.80 0.0519
519.71 230.73 68.51 64.02 0.0518
578.45 19.32 69.09 100.65 0.0518
0.00 614.75 39.49 39.25 0.0517
885.01 0.00 20.43 20.06 0.0515
463.22 24.76 53.29 61.04 0.0514
669.14 359.27 32.52 45.55 0.0513
44.16 485.31 21.60 44.48 0.0510
778.15 255.38 56.87 61.27 0.0506
623.70 476.21 32.69 57.82 0.0505
699.48 490.78 22.37 29.73 0.0502
8.86 470.30 30.74 53.49 0.0502
