50_Celebration_Or_Party_birthdayparty_50_464
128
276.46 409.53 133.05 175.08 0.8742
126.13 631.42 49.70 74.91 0.3018
202.80 717.58 42.29 58.59 0.2339
347.09 561.08 123.64 208.66 0.2232
75.17 444.66 30.26 53.40 0.1784
118.13 258.94 20.08 27.59 0.1751
73.93 371.29 25.79 43.74 0.1736
176.53 693.03 72.05 91.55 0.1727
155.33 296.55 20.13 30.51 0.1584
75.90 289.11 23.23 36.87 0.1535
414.89 637.88 136.43 182.84 0.1497
81.07 692.36 27.03 39.89 0.1495
80.07 261.43 18.50 25.87 0.1429
486.83 281.72 75.42 103.65 0.1423
70.75 514.53 32.47 50.14 0.1413
9.66 649.24 30.73 53.31 0.1338
572.42 327.88 37.55 43.81 0.1318
127.65 576.24 71.19 123.86 0.1264
365.51 498.95 190.59 305.57 0.1262
551.00 329.29 40.66 61.74 0.1246
728.32 233.39 221.62 277.65 0.1245
286.97 252.10 44.85 46.90 0.1218
69.02 580.30 36.65 67.39 0.1211
154.58 312.69 27.70 49.40 0.1156
42.93 657.05 24.59 41.20 0.1124
413.09 248.02 117.00 121.79 0.1123
151.59 255.60 22.34 34.41 0.1111
119.59 584.79 47.67 73.29 0.1109
495.36 755.16 57.53 70.45 0.1107
208.52 773.98 57.15 67.60 0.1095
466.83 726.99 73.74 99.19 0.1074
744.59 559.22 11.87 17.06 0.1073
209.18 641.66 98.84 163.36 0.1065
331.14 217.62 225.39 306.65 0.1064
442.24 321.56 102.57 143.15 0.1048
118.39 321.04 22.68 41.28 0.1036
387.72 195.25 149.57 130.42 0.1030
243.59 447.82 162.43 300.16 0.1023
76.16 655.93 28.84 44.51 0.1015
537.77 333.28 48.83 103.13 0.0997
174.72 759.31 65.71 81.55 0.0978
170.48 516.93 98.32 169.25 0.0959
216.42 283.76 36.61 51.88 0.0955
541.55 283.11 63.09 63.55 0.0950
159.36 217.68 25.72 35.52 0.0949
47.44 265.23 19.35 26.68 0.0943
136.22 613.43 110.31 137.94 0.0930
115.80 389.45 30.03 64.20 0.0924
261.21 246.60 193.05 276.38 0.0921
568.78 291.23 54.34 52.69 0.0921
814.26 559.47 16.48 22.08 0.0912
116.79 288.71 25.69 38.43 0.0907
141.54 705.83 61.05 87.43 0.0892
700.86 322.11 66.40 53.16 0.0881
833.65 142.62 65.84 68.52 0.0868
307.55 244.87 66.09 68.16 0.0868
192.33 288.64 25.10 39.16 0.0859
44.21 432.63 24.22 46.00 0.0859
233.96 575.50 133.38 245.65 0.0858
190.65 259.55 19.08 32.40 0.0854
84.75 231.09 15.83 24.11 0.0821
44.16 499.19 26.65 46.96 0.0808
844.41 176.85 36.78 47.01 0.0803
227.28 501.56 108.56 200.58 0.0799
142.54 427.26 55.14 84.35 0.0790
42.59 572.69 31.54 53.17 0.0787
72.03 317.41 27.43 46.44 0.0784
44.34 403.87 25.69 49.50 0.0776
284.07 266.98 80.69 105.22 0.0768
440.53 0.00 132.37 79.21 0.0767
174.38 212.14 30.32 37.46 0.0759
775.70 519.10 20.90 29.31 0.0755
78.76 714.93 29.08 46.74 0.0754
686.50 293.92 55.28 52.04 0.0752
412.50 701.14 91.30 136.58 0.0752
39.32 667.70 32.02 61.79 0.0751
670.90 556.29 16.60 25.88 0.0751
145.98 780.77 45.93 64.95 0.0747
5.06 571.23 34.55 58.84 0.0726
239.05 262.32 73.79 114.63 0.0724
136.99 533.24 92.17 141.37 0.0716
108.58 421.98 37.56 75.77 0.0706
246.13 790.98 49.04 55.51 0.0704
704.97 558.64 13.53 19.15 0.0698
614.41 319.12 48.61 59.04 0.0690
504.73 717.50 79.36 107.83 0.0673
479.97 768.89 54.14 70.23 0.0665
569.09 348.70 43.99 58.27 0.0663
11.02 256.85 18.93 31.46 0.0662
41.03 543.62 31.58 54.80 0.0662
779.18 556.74 13.30 19.47 0.0660
38.46 613.17 33.41 62.93 0.0634
272.91 780.34 62.50 71.44 0.0632
534.14 779.76 45.62 57.85 0.0621
158.72 193.07 23.74 44.74 0.0611
258.32 363.19 83.20 214.23 0.0611
254.76 245.63 43.12 62.81 0.0601
426.05 775.54 54.57 65.95 0.0597
640.93 330.36 73.34 77.06 0.0589
856.52 141.38 83.03 74.60 0.0584
144.94 343.74 53.98 89.36 0.0584
223.68 721.97 81.32 94.62 0.0581
45.38 285.54 24.72 40.39 0.0579
500.05 199.87 197.81 139.94 0.0579
590.64 286.54 78.67 73.60 0.0572
43.93 330.42 23.06 37.49 0.0567
6.85 543.47 33.21 56.40 0.0565
113.54 797.54 28.39 40.25 0.0561
314.31 253.68 139.26 137.21 0.0559
613.80 646.06 232.84 183.41 0.0549
973.08 471.02 50.92 120.94 0.0546
147.81 479.21 76.18 92.89 0.0540
222.28 262.15 32.16 48.29 0.0540
417.50 24.57 231.99 149.88 0.0539
117.74 230.17 23.03 38.37 0.0535
342.24 219.70 134.39 111.31 0.0534
46.06 230.51 18.07 27.82 0.0529
349.38 147.63 242.74 201.06 0.0529
783.21 256.32 150.60 149.16 0.0527
209.22 240.68 123.55 250.72 0.0525
40.31 355.19 27.56 44.58 0.0520
40.76 717.02 29.03 48.87 0.0519
563.25 791.44 57.73 49.15 0.0513
619.85 352.69 51.91 65.03 0.0513
406.14 770.81 45.80 67.09 0.0511
520.67 406.82 70.02 120.44 0.0508
742.63 522.20 18.21 30.96 0.0505
364.08 4.63 46.03 31.81 0.0504
