50_Celebration_Or_Party_houseparty_50_493
77
75.80 393.75 48.63 53.49 0.3027
218.65 359.58 33.38 33.53 0.2299
440.36 72.06 26.72 30.61 0.2138
93.18 399.06 68.27 69.44 0.1776
321.63 464.95 39.92 54.49 0.1667
254.41 443.32 29.69 38.67 0.1551
491.37 458.42 48.65 52.29 0.1452
355.78 497.23 52.38 63.28 0.1431
377.24 419.55 28.17 34.18 0.1342
110.59 372.29 31.14 40.49 0.1336
388.30 419.51 40.86 40.62 0.1323
386.80 483.81 53.65 65.88 0.1192
183.19 391.37 47.24 59.06 0.1188
436.98 56.63 37.05 39.15 0.1181
484.21 477.30 129.31 89.04 0.1144
532.44 450.08 82.63 72.05 0.1136
575.01 450.71 74.89 69.50 0.1130
636.24 439.97 51.68 58.99 0.1127
256.98 410.86 35.98 54.92 0.1075
300.22 466.06 45.82 53.38 0.1043
298.05 414.36 22.57 33.20 0.1030
38.18 380.94 33.76 41.35 0.1022
216.22 367.32 41.59 48.45 0.0991
194.88 363.74 39.77 40.00 0.0983
334.36 417.36 27.00 29.63 0.0970
353.53 443.52 63.85 79.89 0.0958
430.12 68.10 44.91 54.89 0.0951
806.83 345.68 27.77 32.59 0.0907
467.19 452.37 51.30 54.08 0.0902
435.71 433.82 36.07 59.27 0.0900
214.09 394.56 51.13 66.77 0.0883
298.75 432.45 33.01 46.18 0.0875
42.72 396.39 57.92 56.88 0.0856
246.56 364.66 37.75 33.56 0.0840
575.52 108.56 172.93 176.84 0.0824
330.18 430.95 34.18 43.20 0.0784
820.55 116.01 120.87 155.30 0.0781
128.82 390.27 49.75 62.41 0.0709
397.65 60.14 77.95 89.85 0.0685
885.53 30.10 20.77 25.01 0.0685
739.50 347.75 21.43 20.29 0.0679
223.58 425.47 54.03 57.98 0.0676
251.31 381.02 37.50 45.94 0.0674
292.91 394.25 25.23 32.72 0.0674
419.85 51.38 374.38 453.45 0.0670
733.05 364.72 27.02 29.71 0.0663
423.55 468.65 45.39 65.22 0.0640
771.72 354.31 41.75 49.27 0.0638
61.56 422.60 75.29 70.10 0.0637
674.77 450.56 202.32 107.83 0.0634
763.81 112.98 119.99 137.98 0.0631
941.96 127.85 63.92 101.91 0.0622
6.03 382.13 25.55 36.60 0.0617
376.21 392.95 22.35 26.15 0.0610
982.51 249.56 36.65 55.36 0.0599
453.80 455.10 88.10 97.00 0.0598
776.87 345.97 21.63 24.76 0.0581
298.16 481.21 64.56 75.01 0.0571
840.33 337.25 28.22 38.75 0.0568
962.17 366.60 26.24 29.87 0.0566
810.45 402.45 98.03 72.26 0.0558
952.02 201.62 43.20 54.98 0.0556
56.98 485.12 57.64 44.78 0.0554
406.32 49.73 48.69 48.70 0.0553
958.07 244.63 34.58 43.07 0.0547
785.21 337.65 64.06 81.81 0.0543
431.58 412.05 48.29 60.05 0.0542
223.51 348.10 60.21 46.98 0.0541
213.38 165.05 189.34 194.28 0.0538
677.59 377.26 208.11 136.20 0.0529
648.78 417.68 46.22 43.78 0.0522
149.99 368.26 34.57 41.81 0.0515
0.00 478.17 26.21 50.14 0.0512
548.78 63.21 38.94 41.37 0.0508
901.85 94.53 56.21 90.61 0.0504
653.32 71.95 33.52 33.78 0.0503
491.51 416.60 52.64 69.97 0.0503
