50_Celebration_Or_Party_houseparty_50_326
200
840.27 322.24 97.45 157.63 0.8510
66.43 303.56 95.23 133.07 0.8192
359.34 318.54 35.20 48.93 0.5923
661.37 594.70 21.18 27.63 0.2575
793.99 317.65 55.85 111.28 0.2295
706.87 595.24 15.69 23.52 0.2188
221.02 734.03 25.04 49.62 0.2177
284.64 746.42 40.96 67.44 0.2105
755.18 315.14 71.52 90.86 0.1969
73.79 665.22 47.76 92.41 0.1955
631.91 595.43 22.02 30.40 0.1952
595.03 617.85 21.76 31.07 0.1946
411.03 440.84 27.71 38.46 0.1937
692.20 685.98 33.34 53.71 0.1874
248.84 502.84 39.04 79.82 0.1866
628.43 605.94 25.80 39.22 0.1836
799.25 66.35 31.75 38.48 0.1766
652.18 601.20 32.24 45.04 0.1740
592.62 596.32 22.33 30.69 0.1702
728.61 325.27 67.77 69.63 0.1694
560.63 8.85 12.03 15.33 0.1687
551.38 618.82 23.83 27.75 0.1669
773.34 8.37 21.11 22.86 0.1657
802.28 49.04 27.68 40.45 0.1553
0.00 605.01 29.95 118.38 0.1549
524.78 8.30 13.35 18.81 0.1528
458.54 492.01 54.49 59.92 0.1527
739.35 621.66 18.64 29.67 0.1517
476.53 332.90 28.74 45.07 0.1457
736.20 658.91 27.86 44.02 0.1453
687.52 652.14 36.42 63.96 0.1450
586.65 330.20 23.72 35.56 0.1448
487.84 8.30 13.31 19.75 0.1398
257.83 576.00 35.47 90.48 0.1388
671.16 10.01 12.82 17.30 0.1378
409.46 620.99 21.21 28.54 0.1366
990.61 865.28 33.39 77.93 0.1361
192.57 7.11 14.04 22.04 0.1352
329.77 751.84 30.79 65.32 0.1310
744.05 9.44 16.52 17.76 0.1295
706.30 10.51 12.34 16.39 0.1294
0.00 707.29 31.57 134.07 0.1290
450.66 7.51 12.94 20.17 0.1280
226.11 985.12 24.04 29.09 0.1274
433.21 370.68 29.39 51.81 0.1257
738.32 596.64 16.59 25.11 0.1257
596.63 8.95 11.31 14.94 0.1241
383.30 735.48 67.14 127.95 0.1231
364.85 621.81 25.67 29.01 0.1215
588.35 958.89 31.42 36.66 0.1207
703.18 620.97 22.87 35.00 0.1189
367.69 817.70 42.02 64.04 0.1184
332.21 715.28 31.08 72.74 0.1180
740.58 73.75 19.68 31.24 0.1163
229.22 4.52 14.64 23.68 0.1152
891.91 274.25 54.33 87.07 0.1148
631.28 7.91 13.57 16.60 0.1141
61.83 476.74 103.75 86.79 0.1137
296.70 321.58 29.49 50.50 0.1135
701.73 405.74 71.49 71.07 0.1116
740.24 46.93 18.95 24.75 0.1114
715.27 797.34 51.07 69.19 0.1108
671.02 43.69 12.06 18.18 0.1101
698.88 355.25 45.56 40.72 0.1087
771.80 38.08 26.40 31.71 0.1082
946.12 243.78 34.41 54.22 0.1079
239.43 284.26 56.96 89.20 0.1063
511.29 955.11 39.53 52.35 0.1040
413.74 8.30 13.74 18.92 0.1028
267.39 4.59 15.29 23.49 0.1024
0.79 520.01 27.95 81.60 0.1024
590.10 676.78 43.93 81.88 0.1009
63.91 675.93 75.70 149.08 0.1004
490.48 477.65 48.27 56.51 0.0992
336.85 329.49 53.17 63.56 0.0977
413.52 394.45 42.08 47.75 0.0976
922.44 229.20 40.88 70.35 0.0969
18.69 666.00 59.30 163.39 0.0969
336.89 301.29 43.10 65.84 0.0968
708.36 45.96 11.59 17.10 0.0964
327.04 686.51 31.01 72.26 0.0952
560.21 72.25 19.30 27.66 0.0944
405.12 331.26 25.49 34.88 0.0926
810.60 5.19 22.85 22.85 0.0918
394.62 459.84 41.63 52.42 0.0917
725.60 675.53 39.24 60.92 0.0912
349.87 424.83 54.64 51.78 0.0907
805.61 611.04 30.25 51.27 0.0883
288.77 287.85 36.14 75.00 0.0882
360.04 759.71 63.42 116.02 0.0880
196.20 688.43 24.00 44.31 0.0870
556.91 597.74 22.18 30.04 0.0866
409.13 596.40 24.54 29.57 0.0862
264.61 728.54 49.57 84.65 0.0860
268.02 80.76 12.40 22.55 0.0859
192.90 45.80 14.92 39.10 0.0859
769.80 251.10 66.41 69.56 0.0851
483.66 944.47 36.24 48.68 0.0837
339.11 616.84 21.25 37.93 0.0834
191.50 768.33 18.78 34.86 0.0831
705.52 337.21 32.91 34.48 0.0829
717.10 753.99 46.61 65.72 0.0819
964.21 876.58 59.79 128.68 0.0816
620.02 953.68 46.19 34.36 0.0816
445.30 500.33 40.68 50.45 0.0811
651.86 645.44 47.33 75.32 0.0811
560.94 47.67 15.97 24.95 0.0802
655.48 558.92 31.21 50.17 0.0795
304.99 7.64 13.40 19.48 0.0793
487.10 45.55 14.11 25.14 0.0793
376.43 7.80 15.28 22.02 0.0791
447.62 621.81 20.31 28.82 0.0790
615.82 659.64 39.95 63.99 0.0790
706.47 80.28 15.39 23.32 0.0789
770.76 72.00 33.74 42.57 0.0788
749.67 356.09 81.90 92.66 0.0787
193.78 65.13 15.18 35.26 0.0784
585.51 698.84 54.68 111.36 0.0778
670.49 82.34 14.17 23.42 0.0776
219.45 689.20 27.36 54.14 0.0773
230.93 78.08 11.82 23.35 0.0769
220.58 657.24 29.13 53.66 0.0768
485.22 76.32 16.15 25.86 0.0760
531.83 948.11 57.73 58.45 0.0760
592.91 650.22 28.81 44.54 0.0755
299.52 674.93 32.59 64.04 0.0749
622.60 554.99 35.44 39.95 0.0744
115.46 470.48 68.12 80.21 0.0742
644.15 701.19 47.92 81.15 0.0742
523.84 44.54 14.70 24.36 0.0730
227.19 437.32 34.64 49.36 0.0727
346.34 940.59 74.22 71.13 0.0723
448.37 45.99 13.68 24.71 0.0721
478.47 298.39 27.39 40.50 0.0717
588.70 306.90 24.25 48.14 0.0712
195.07 722.65 25.40 53.40 0.0711
435.58 440.42 33.89 44.49 0.0710
910.97 168.57 54.04 79.29 0.0708
181.36 471.28 41.12 64.14 0.0707
375.67 499.05 43.99 49.18 0.0703
157.01 4.82 15.24 22.57 0.0699
692.14 802.39 59.10 86.31 0.0696
413.46 362.60 37.01 48.08 0.0693
440.34 467.95 42.83 51.12 0.0692
448.53 331.29 18.69 32.45 0.0684
856.97 560.21 132.68 182.90 0.0683
634.43 664.45 65.61 97.62 0.0682
323.68 656.86 33.42 67.50 0.0678
509.52 331.44 31.93 49.79 0.0676
835.84 558.73 72.22 98.76 0.0676
414.11 46.52 15.03 25.87 0.0675
522.27 74.13 15.80 26.88 0.0670
347.75 700.78 66.46 137.94 0.0668
835.70 1.08 35.50 31.87 0.0665
310.14 414.30 65.63 63.21 0.0662
229.77 45.45 12.93 29.89 0.0657
654.51 956.96 39.28 30.34 0.0652
809.02 586.28 29.68 49.98 0.0642
139.61 716.66 39.63 79.72 0.0639
261.74 965.84 100.90 58.16 0.0635
995.29 783.15 26.44 62.30 0.0633
448.47 595.60 20.91 25.68 0.0631
443.73 77.85 19.16 26.33 0.0625
284.35 408.59 46.92 62.92 0.0622
279.48 239.06 42.37 73.95 0.0620
473.02 432.19 38.97 49.92 0.0617
818.54 940.38 59.04 66.14 0.0613
519.42 620.19 27.58 28.17 0.0608
757.38 794.91 36.70 51.44 0.0606
869.95 0.00 48.79 41.85 0.0593
258.58 661.73 41.14 81.00 0.0592
857.66 136.38 59.01 66.41 0.0589
3.80 586.27 63.66 121.26 0.0588
25.21 468.14 71.30 90.08 0.0587
386.05 679.21 62.12 128.01 0.0587
667.61 361.11 38.27 41.07 0.0587
227.70 469.96 44.42 78.04 0.0586
403.64 760.59 69.59 128.39 0.0583
195.81 658.53 26.70 44.22 0.0582
458.86 663.42 59.57 135.17 0.0569
320.69 380.57 60.42 68.15 0.0565
689.39 957.88 44.59 33.41 0.0564
334.69 580.69 25.25 51.69 0.0559
561.50 332.41 24.99 36.15 0.0555
583.49 967.95 41.23 51.75 0.0553
263.83 770.90 41.32 71.58 0.0552
801.42 80.76 34.80 58.50 0.0551
549.88 670.01 50.90 88.79 0.0543
223.30 575.50 63.73 104.82 0.0540
589.06 48.43 17.52 20.08 0.0540
584.71 76.48 21.76 24.23 0.0539
936.44 169.97 53.48 71.40 0.0538
73.21 201.44 123.16 167.70 0.0538
404.81 939.80 66.15 61.35 0.0530
481.38 919.17 31.84 52.04 0.0528
410.53 74.84 19.98 29.79 0.0525
476.35 624.49 24.27 26.47 0.0521
22.67 756.06 46.96 125.12 0.0521
268.99 45.93 13.37 26.91 0.0520
376.62 45.09 14.09 24.87 0.0519
