54_Rescue_firemanrescue_54_660
200
50.53 874.33 80.27 161.14 0.1921
50.58 1202.53 80.22 160.99 0.1920
927.95 0.00 80.98 161.92 0.1919
50.51 983.64 80.30 161.16 0.1919
50.51 1093.00 80.30 161.16 0.1919
928.12 1257.09 80.49 161.55 0.1919
928.16 436.92 80.49 161.55 0.1919
342.62 0.00 81.21 161.85 0.1919
50.53 655.62 80.27 161.14 0.1919
50.53 764.97 80.27 161.14 0.1919
379.18 0.00 81.26 161.91 0.1917
50.52 437.04 80.28 160.98 0.1917
196.49 217.86 80.66 161.75 0.1917
50.51 546.22 80.30 161.16 0.1917
928.21 1093.10 80.40 161.45 0.1917
269.48 0.00 81.20 161.86 0.1916
306.05 0.00 81.20 161.86 0.1916
50.59 108.96 80.16 160.96 0.1916
415.75 0.00 81.13 161.87 0.1915
50.51 327.78 80.24 160.88 0.1915
306.46 1311.61 80.44 161.50 0.1915
50.29 0.00 80.73 161.43 0.1915
452.71 1311.58 80.47 161.56 0.1915
489.28 1311.58 80.47 161.56 0.1915
50.67 218.43 80.04 160.86 0.1915
342.83 327.19 80.70 161.86 0.1915
928.22 983.92 80.38 161.26 0.1915
86.59 0.00 81.16 161.84 0.1914
159.97 162.97 80.72 162.04 0.1914
306.26 381.69 80.72 162.04 0.1914
160.19 1311.69 80.39 161.37 0.1914
343.05 1311.69 80.39 161.37 0.1914
50.69 1312.01 80.02 160.68 0.1914
13.59 0.00 80.80 161.33 0.1914
123.12 0.00 81.22 161.87 0.1914
196.30 0.00 81.15 161.84 0.1913
452.30 0.00 81.15 161.84 0.1913
928.18 327.60 80.42 161.43 0.1913
123.45 163.16 80.65 161.83 0.1913
854.76 1092.63 80.68 161.90 0.1913
781.83 1311.54 80.43 161.62 0.1913
671.97 381.80 80.71 161.92 0.1913
196.73 1311.57 80.49 161.58 0.1913
928.19 218.20 80.42 161.44 0.1913
745.26 1311.54 80.52 161.63 0.1913
928.21 874.61 80.39 161.25 0.1913
269.86 1311.59 80.46 161.55 0.1913
232.83 0.00 81.21 161.87 0.1913
306.25 272.56 80.64 161.81 0.1913
196.54 327.24 80.64 161.81 0.1913
379.40 326.95 80.73 162.10 0.1913
159.97 381.63 80.73 162.10 0.1913
233.11 436.31 80.73 162.10 0.1913
891.66 436.95 80.14 160.95 0.1913
379.28 1256.50 80.87 162.33 0.1913
415.86 1256.50 80.87 162.33 0.1913
598.63 0.00 81.13 161.79 0.1913
635.20 0.00 81.13 161.79 0.1913
196.47 436.31 80.79 162.09 0.1913
708.31 0.00 81.16 161.81 0.1913
269.68 381.92 80.73 161.82 0.1913
891.43 0.00 80.77 161.48 0.1913
928.21 546.36 80.41 161.42 0.1913
928.21 655.72 80.41 161.42 0.1913
488.92 0.00 81.10 161.82 0.1912
525.49 0.00 81.10 161.82 0.1912
233.11 162.92 80.74 162.27 0.1912
671.97 217.60 80.74 162.27 0.1912
745.11 381.63 80.74 162.27 0.1912
781.68 436.31 80.74 162.27 0.1912
818.25 655.02 80.74 162.27 0.1912
854.82 709.70 80.74 162.27 0.1912
562.03 0.00 81.13 161.85 0.1912
744.88 0.00 81.13 161.85 0.1912
13.81 874.54 80.25 160.92 0.1912
123.58 1311.61 80.41 161.53 0.1912
562.47 1311.65 80.37 161.49 0.1912
233.29 1311.62 80.49 161.56 0.1912
415.91 272.31 80.79 162.17 0.1912
818.26 436.30 80.72 162.32 0.1912
13.80 491.73 80.30 161.03 0.1912
13.80 601.09 80.30 161.03 0.1912
13.80 710.45 80.30 161.03 0.1912
13.80 983.84 80.30 161.03 0.1912
13.80 1093.20 80.30 161.03 0.1912
13.80 1202.55 80.30 161.03 0.1912
159.69 0.00 81.19 161.88 0.1911
233.15 272.57 80.58 161.78 0.1911
269.73 272.57 80.58 161.78 0.1911
708.48 272.26 80.78 162.31 0.1911
891.65 218.26 80.11 160.85 0.1911
891.65 327.62 80.11 160.85 0.1911
671.76 0.00 81.13 161.82 0.1911
781.67 327.01 80.73 162.16 0.1911
818.05 0.00 81.13 161.78 0.1911
745.06 272.30 80.76 162.21 0.1911
123.40 381.63 80.72 162.07 0.1911
708.53 381.67 80.74 162.08 0.1911
342.83 436.31 80.72 162.07 0.1911
598.76 545.78 80.79 162.15 0.1911
635.33 600.46 80.79 162.15 0.1911
196.47 709.64 80.81 162.33 0.1911
635.33 819.17 80.79 162.15 0.1911
598.76 873.85 80.79 162.15 0.1911
379.33 1147.24 80.79 162.15 0.1911
781.68 1201.85 80.74 162.08 0.1911
708.74 1311.58 80.48 161.57 0.1911
781.44 0.00 81.18 161.83 0.1911
562.15 491.07 80.82 162.20 0.1911
672.12 1311.55 80.51 161.63 0.1911
854.98 1311.55 80.51 161.63 0.1911
269.66 600.39 80.78 162.21 0.1911
452.52 600.39 80.78 162.21 0.1911
854.83 491.07 80.74 162.13 0.1911
233.05 600.36 80.81 162.27 0.1911
928.21 765.26 80.40 161.24 0.1911
635.40 217.60 80.74 162.24 0.1910
635.40 326.96 80.74 162.24 0.1910
379.32 600.39 80.83 162.27 0.1910
123.32 709.75 80.83 162.27 0.1910
708.47 709.75 80.83 162.27 0.1910
562.18 928.46 80.83 162.27 0.1910
489.04 1037.82 80.83 162.27 0.1910
525.61 1037.82 80.83 162.27 0.1910
123.32 1092.50 80.83 162.27 0.1910
159.90 1092.50 80.83 162.27 0.1910
928.21 108.94 80.40 161.42 0.1910
671.86 600.36 80.87 162.33 0.1910
781.68 600.35 80.73 162.10 0.1910
86.71 655.04 80.87 162.33 0.1910
86.71 819.08 80.87 162.33 0.1910
86.71 928.43 80.87 162.33 0.1910
854.75 928.46 80.82 162.24 0.1910
818.26 1201.81 80.73 162.09 0.1910
854.76 1201.81 80.79 162.08 0.1910
745.11 491.17 80.73 162.09 0.1910
928.40 1367.02 80.07 161.51 0.1910
269.69 162.99 80.74 162.16 0.1910
598.82 217.81 80.63 161.86 0.1910
818.21 327.05 80.71 162.05 0.1910
415.98 381.67 80.72 162.14 0.1910
562.20 655.22 80.73 162.02 0.1910
269.63 873.93 80.73 162.02 0.1910
489.06 873.93 80.73 162.02 0.1910
233.06 928.61 80.73 162.02 0.1910
635.40 1201.89 80.74 162.16 0.1910
159.89 709.57 80.85 162.46 0.1910
123.43 272.61 80.60 161.76 0.1910
525.63 600.36 80.75 162.20 0.1910
598.77 655.04 80.75 162.20 0.1910
233.06 764.40 80.75 162.20 0.1910
269.63 764.40 80.75 162.20 0.1910
306.20 764.40 80.75 162.20 0.1910
342.77 764.40 80.75 162.20 0.1910
159.91 819.08 80.75 162.20 0.1910
196.49 819.08 80.75 162.20 0.1910
306.20 873.75 80.75 162.20 0.1910
196.49 983.11 80.75 162.20 0.1910
87.01 1311.61 80.41 161.53 0.1910
525.86 1311.63 80.48 161.55 0.1910
891.76 1312.06 80.02 160.66 0.1910
342.84 217.85 80.70 161.77 0.1910
379.39 928.58 80.72 162.08 0.1910
818.41 1311.52 80.39 161.71 0.1910
86.81 272.60 80.65 161.76 0.1909
854.82 600.39 80.74 162.05 0.1909
123.34 819.19 80.78 162.14 0.1909
525.62 819.19 80.78 162.14 0.1909
123.34 983.22 80.78 162.14 0.1909
269.62 983.22 80.78 162.14 0.1909
233.05 1037.90 80.78 162.14 0.1909
635.59 1311.60 80.47 161.56 0.1909
562.20 217.64 80.79 162.17 0.1909
671.89 819.13 80.81 162.17 0.1909
708.46 819.13 80.81 162.17 0.1909
233.03 1147.20 80.81 162.17 0.1909
269.60 1147.20 80.81 162.17 0.1909
342.74 1147.20 80.81 162.17 0.1909
598.77 1201.85 80.79 162.17 0.1909
854.57 0.00 81.21 161.87 0.1909
854.77 272.34 80.78 162.19 0.1909
415.92 600.48 80.80 162.20 0.1909
598.78 1037.77 80.80 162.23 0.1909
123.35 1201.81 80.80 162.23 0.1909
159.92 1201.81 80.80 162.23 0.1909
123.31 600.32 80.84 162.28 0.1909
306.20 600.47 80.78 162.15 0.1909
342.77 600.47 80.78 162.15 0.1909
489.05 709.65 80.80 162.33 0.1909
415.91 764.50 80.78 162.15 0.1909
452.49 764.50 80.78 162.15 0.1909
562.19 764.33 80.80 162.33 0.1909
379.34 819.18 80.78 162.15 0.1909
415.91 873.86 80.78 162.15 0.1909
452.49 873.86 80.78 162.15 0.1909
159.90 983.05 80.80 162.33 0.1909
342.77 983.22 80.78 162.15 0.1909
415.91 983.22 80.78 162.15 0.1909
379.34 1037.90 80.78 162.15 0.1909
306.20 1092.57 80.78 162.15 0.1909
