54_Rescue_rescuepeople_54_54
200
927.89 0.00 81.03 81.22 0.1924
50.56 246.62 80.17 80.77 0.1920
50.54 136.88 80.25 80.81 0.1920
928.12 630.60 80.55 81.05 0.1920
50.55 603.19 80.19 80.85 0.1920
50.54 383.74 80.26 80.89 0.1920
50.56 301.48 80.28 80.86 0.1920
50.56 438.62 80.28 80.86 0.1920
50.54 191.73 80.24 80.91 0.1919
50.51 493.48 80.33 80.89 0.1919
50.51 548.34 80.33 80.89 0.1919
818.04 0.00 81.12 81.19 0.1919
50.52 54.57 80.27 80.82 0.1918
891.66 575.79 80.14 80.70 0.1918
306.04 0.00 81.17 81.21 0.1918
781.47 0.00 81.26 81.22 0.1917
50.25 0.00 80.89 80.98 0.1917
928.14 82.03 80.51 81.02 0.1917
928.14 520.89 80.51 81.02 0.1917
928.14 575.75 80.51 81.02 0.1917
854.62 0.00 81.11 81.19 0.1917
196.32 0.00 81.13 81.20 0.1915
232.90 0.00 81.13 81.20 0.1915
744.90 0.00 81.13 81.20 0.1915
928.14 136.89 80.51 81.00 0.1915
13.80 356.48 80.15 80.55 0.1915
13.80 438.76 80.15 80.55 0.1915
159.76 0.00 81.22 81.20 0.1915
342.61 0.00 81.22 81.20 0.1915
891.67 136.95 80.08 80.65 0.1915
928.15 466.05 80.49 80.96 0.1915
891.68 438.66 80.19 80.67 0.1915
13.82 548.50 80.13 80.51 0.1915
123.14 0.00 81.19 81.21 0.1915
269.42 0.00 81.19 81.21 0.1915
891.67 493.51 80.11 80.67 0.1915
13.52 0.00 80.89 80.86 0.1914
928.11 383.76 80.52 80.96 0.1914
598.60 0.00 81.13 81.20 0.1914
379.16 0.00 81.15 81.19 0.1913
415.73 0.00 81.15 81.19 0.1913
452.30 0.00 81.15 81.19 0.1913
635.16 0.00 81.15 81.19 0.1913
928.10 274.05 80.54 81.04 0.1913
928.10 328.91 80.54 81.04 0.1913
855.01 657.99 80.30 80.95 0.1913
86.54 0.00 81.21 81.20 0.1913
708.26 0.00 81.21 81.20 0.1913
672.16 658.02 80.36 80.98 0.1913
891.31 0.00 80.90 81.05 0.1913
928.15 191.75 80.44 80.98 0.1913
13.78 301.61 80.22 80.60 0.1913
745.32 658.04 80.34 80.93 0.1912
891.63 630.66 80.29 80.81 0.1912
488.92 0.00 81.10 81.18 0.1912
525.49 0.00 81.10 81.18 0.1912
562.07 0.00 81.10 81.18 0.1912
13.80 493.56 80.18 80.66 0.1912
13.84 109.59 80.18 80.63 0.1912
671.69 0.00 81.21 81.21 0.1912
891.66 54.62 80.13 80.71 0.1911
745.05 109.21 80.79 81.34 0.1911
781.62 109.21 80.79 81.34 0.1911
671.91 191.50 80.79 81.34 0.1911
525.62 246.35 80.79 81.34 0.1911
671.91 246.35 80.79 81.34 0.1911
635.33 410.92 80.79 81.34 0.1911
708.48 630.35 80.79 81.34 0.1911
818.51 658.04 80.27 80.82 0.1911
818.22 548.14 80.68 81.22 0.1911
891.61 191.77 80.28 80.78 0.1910
891.61 383.77 80.28 80.78 0.1910
342.72 630.30 80.82 81.47 0.1910
13.77 219.31 80.24 80.61 0.1910
342.82 246.32 80.69 81.33 0.1910
196.53 328.61 80.69 81.33 0.1910
379.39 328.61 80.69 81.33 0.1910
415.96 328.61 80.69 81.33 0.1910
233.10 356.04 80.69 81.33 0.1910
269.67 356.04 80.69 81.33 0.1910
415.96 438.32 80.69 81.33 0.1910
379.39 465.75 80.69 81.33 0.1910
415.96 493.18 80.69 81.33 0.1910
13.78 603.26 80.20 80.67 0.1910
379.35 109.25 80.73 81.28 0.1910
86.78 164.11 80.73 81.28 0.1910
123.35 164.11 80.73 81.28 0.1910
159.92 164.11 80.73 81.28 0.1910
196.49 164.11 80.73 81.28 0.1910
854.78 218.96 80.73 81.28 0.1910
854.78 273.82 80.73 81.28 0.1910
489.06 383.54 80.73 81.28 0.1910
86.78 410.96 80.73 81.28 0.1910
452.49 410.96 80.73 81.28 0.1910
489.06 438.39 80.73 81.28 0.1910
123.35 493.25 80.73 81.28 0.1910
86.78 520.68 80.73 81.28 0.1910
86.78 575.54 80.73 81.28 0.1910
233.06 575.54 80.73 81.28 0.1910
269.63 602.96 80.73 81.28 0.1910
160.17 658.04 80.34 80.93 0.1910
599.03 658.04 80.34 80.93 0.1910
781.89 658.04 80.34 80.93 0.1910
891.60 301.40 80.29 80.87 0.1910
891.61 246.63 80.25 80.81 0.1910
13.83 54.70 80.22 80.67 0.1910
233.06 136.59 80.75 81.37 0.1910
269.63 136.59 80.75 81.37 0.1910
306.20 136.59 80.75 81.37 0.1910
342.77 136.59 80.75 81.37 0.1910
379.34 164.02 80.75 81.37 0.1910
342.77 191.45 80.75 81.37 0.1910
86.77 218.88 80.75 81.37 0.1910
123.34 218.88 80.75 81.37 0.1910
159.91 218.88 80.75 81.37 0.1910
196.49 218.88 80.75 81.37 0.1910
379.34 218.88 80.75 81.37 0.1910
818.20 218.88 80.75 81.37 0.1910
233.06 246.30 80.75 81.37 0.1910
415.91 246.30 80.75 81.37 0.1910
452.49 246.30 80.75 81.37 0.1910
86.77 273.73 80.75 81.37 0.1910
123.34 273.73 80.75 81.37 0.1910
159.91 273.73 80.75 81.37 0.1910
196.49 273.73 80.75 81.37 0.1910
379.34 273.73 80.75 81.37 0.1910
342.77 301.16 80.75 81.37 0.1910
452.49 301.16 80.75 81.37 0.1910
818.20 301.16 80.75 81.37 0.1910
123.34 328.59 80.75 81.37 0.1910
854.77 328.59 80.75 81.37 0.1910
86.77 356.02 80.75 81.37 0.1910
159.91 356.02 80.75 81.37 0.1910
306.20 356.02 80.75 81.37 0.1910
342.77 356.02 80.75 81.37 0.1910
452.49 356.02 80.75 81.37 0.1910
123.34 383.45 80.75 81.37 0.1910
379.34 383.45 80.75 81.37 0.1910
415.91 383.45 80.75 81.37 0.1910
233.06 410.88 80.75 81.37 0.1910
269.63 410.88 80.75 81.37 0.1910
306.20 410.88 80.75 81.37 0.1910
342.77 410.88 80.75 81.37 0.1910
123.34 438.30 80.75 81.37 0.1910
159.91 438.30 80.75 81.37 0.1910
196.49 438.30 80.75 81.37 0.1910
233.06 465.73 80.75 81.37 0.1910
269.63 465.73 80.75 81.37 0.1910
306.20 465.73 80.75 81.37 0.1910
342.77 465.73 80.75 81.37 0.1910
452.49 465.73 80.75 81.37 0.1910
818.20 465.73 80.75 81.37 0.1910
159.91 493.16 80.75 81.37 0.1910
196.49 493.16 80.75 81.37 0.1910
489.06 493.16 80.75 81.37 0.1910
233.06 520.59 80.75 81.37 0.1910
269.63 520.59 80.75 81.37 0.1910
306.20 520.59 80.75 81.37 0.1910
342.77 520.59 80.75 81.37 0.1910
452.49 520.59 80.75 81.37 0.1910
415.91 548.02 80.75 81.37 0.1910
306.20 575.45 80.75 81.37 0.1910
379.34 575.45 80.75 81.37 0.1910
452.49 575.45 80.75 81.37 0.1910
489.06 575.45 80.75 81.37 0.1910
415.91 602.88 80.75 81.37 0.1910
525.63 602.88 80.75 81.37 0.1910
379.34 630.30 80.75 81.37 0.1910
452.49 630.30 80.75 81.37 0.1910
13.76 164.42 80.28 80.67 0.1910
818.24 383.52 80.72 81.30 0.1910
13.98 658.31 79.94 80.39 0.1910
269.60 54.33 80.81 81.35 0.1909
745.03 54.33 80.81 81.35 0.1909
781.60 54.33 80.81 81.35 0.1909
635.31 218.90 80.81 81.35 0.1909
708.46 273.76 80.81 81.35 0.1909
671.89 301.19 80.81 81.35 0.1909
708.46 328.62 80.81 81.35 0.1909
635.57 657.96 80.46 81.10 0.1909
196.53 548.00 80.74 81.39 0.1909
123.34 81.79 80.78 81.34 0.1909
159.91 81.79 80.78 81.34 0.1909
196.49 81.79 80.78 81.34 0.1909
233.06 81.79 80.78 81.34 0.1909
306.20 81.79 80.78 81.34 0.1909
342.77 81.79 80.78 81.34 0.1909
415.91 81.79 80.78 81.34 0.1909
86.77 109.21 80.78 81.34 0.1909
415.91 136.64 80.78 81.34 0.1909
818.20 164.07 80.78 81.34 0.1909
854.77 164.07 80.78 81.34 0.1909
452.49 191.50 80.78 81.34 0.1909
489.06 191.50 80.78 81.34 0.1909
525.63 191.50 80.78 81.34 0.1909
489.06 246.36 80.78 81.34 0.1909
745.06 246.36 80.78 81.34 0.1909
781.63 246.36 80.78 81.34 0.1909
489.06 301.21 80.78 81.34 0.1909
525.63 301.21 80.78 81.34 0.1909
