54_Rescue_rescuepeople_54_1035
200
927.92 0.00 81.02 161.58 0.1925
50.59 927.38 80.21 160.61 0.1921
50.48 1254.78 80.31 160.65 0.1921
50.53 108.62 80.29 161.00 0.1920
928.12 217.77 80.55 161.26 0.1920
928.12 326.91 80.55 161.26 0.1920
50.58 490.75 80.22 160.67 0.1920
50.52 381.61 80.28 160.66 0.1920
50.52 1036.46 80.28 160.66 0.1920
50.54 1145.57 80.25 160.72 0.1920
928.13 818.06 80.52 161.20 0.1919
50.51 272.29 80.30 160.84 0.1919
928.16 436.07 80.49 161.23 0.1919
928.16 545.21 80.49 161.23 0.1919
50.63 599.98 80.12 160.53 0.1918
123.18 0.00 81.26 161.59 0.1917
159.76 0.00 81.26 161.59 0.1917
50.59 709.09 80.16 160.58 0.1917
269.69 708.54 80.61 161.53 0.1917
50.53 818.24 80.22 160.57 0.1917
928.14 108.60 80.54 161.31 0.1917
50.21 0.00 80.94 161.32 0.1917
928.12 1254.59 80.64 161.32 0.1916
306.26 708.48 80.71 161.61 0.1916
891.31 0.00 80.90 161.24 0.1915
196.33 0.00 81.22 161.56 0.1915
891.60 927.25 80.20 160.72 0.1915
86.57 0.00 81.31 161.62 0.1915
928.12 1145.40 80.53 161.40 0.1915
13.52 0.00 80.89 160.87 0.1914
232.88 0.00 81.15 161.53 0.1913
306.02 0.00 81.15 161.53 0.1913
342.59 0.00 81.15 161.53 0.1913
379.16 0.00 81.15 161.53 0.1913
415.73 0.00 81.15 161.53 0.1913
452.30 0.00 81.15 161.53 0.1913
488.88 0.00 81.15 161.53 0.1913
525.45 0.00 81.15 161.53 0.1913
744.88 0.00 81.15 161.53 0.1913
781.45 0.00 81.15 161.53 0.1913
818.02 0.00 81.15 161.53 0.1913
854.59 0.00 81.15 161.53 0.1913
233.11 653.91 80.62 161.59 0.1913
13.82 1254.97 80.26 160.48 0.1913
269.41 0.00 81.19 161.55 0.1913
561.98 0.00 81.19 161.55 0.1913
598.55 0.00 81.19 161.55 0.1913
635.07 0.00 81.27 161.54 0.1913
379.33 381.06 80.68 161.58 0.1913
415.97 381.06 80.71 161.60 0.1913
196.55 653.91 80.71 161.60 0.1913
306.26 817.63 80.71 161.60 0.1913
928.14 927.17 80.46 161.20 0.1913
708.26 0.00 81.21 161.55 0.1913
671.65 0.00 81.25 161.58 0.1913
452.54 435.45 80.73 161.79 0.1913
233.10 763.17 80.64 161.50 0.1913
269.68 817.74 80.64 161.50 0.1913
342.83 817.45 80.73 161.79 0.1913
159.97 1199.45 80.73 161.79 0.1913
196.54 1199.45 80.73 161.79 0.1913
415.86 1254.04 80.87 162.01 0.1913
123.33 1199.45 80.79 161.78 0.1913
928.20 654.43 80.41 161.11 0.1913
928.09 1036.32 80.51 161.26 0.1913
159.98 653.77 80.71 161.69 0.1912
379.33 490.01 80.67 161.81 0.1912
196.44 217.03 80.82 162.09 0.1912
708.54 162.60 80.74 161.95 0.1912
489.11 380.88 80.74 161.95 0.1912
708.54 490.03 80.74 161.95 0.1912
781.68 544.60 80.74 161.95 0.1912
379.40 762.88 80.74 161.95 0.1912
891.64 818.06 80.20 160.74 0.1912
233.11 872.03 80.74 161.95 0.1912
452.49 872.08 80.73 161.86 0.1912
233.11 1035.74 80.74 161.95 0.1912
159.97 1090.31 80.74 161.95 0.1912
745.04 217.17 80.81 161.94 0.1912
781.61 217.17 80.81 161.94 0.1912
13.81 272.54 80.25 160.60 0.1912
13.81 381.69 80.25 160.60 0.1912
745.04 435.46 80.81 161.94 0.1912
818.18 435.46 80.81 161.94 0.1912
745.04 544.60 80.81 161.94 0.1912
818.18 544.60 80.81 161.94 0.1912
123.33 599.17 80.81 161.94 0.1912
123.33 1035.74 80.81 161.94 0.1912
196.47 1090.31 80.81 161.94 0.1912
233.04 1144.88 80.81 161.94 0.1912
13.77 927.53 80.29 160.49 0.1912
196.55 872.06 80.72 161.86 0.1912
159.90 217.00 80.84 162.16 0.1912
13.80 490.77 80.30 160.72 0.1912
415.97 872.02 80.72 162.00 0.1912
13.80 1036.48 80.30 160.72 0.1912
13.80 1145.63 80.30 160.72 0.1912
781.62 326.30 80.78 161.99 0.1911
781.62 435.45 80.78 161.99 0.1911
379.33 653.73 80.78 161.99 0.1911
415.90 653.73 80.78 161.99 0.1911
415.90 762.87 80.78 161.99 0.1911
269.62 926.59 80.78 161.99 0.1911
159.90 981.16 80.78 161.99 0.1911
269.62 1090.30 80.78 161.99 0.1911
306.47 1309.08 80.39 161.08 0.1911
343.04 1309.08 80.39 161.08 0.1911
415.90 490.03 80.70 161.73 0.1911
233.05 162.71 80.79 161.83 0.1911
233.05 271.85 80.79 161.83 0.1911
525.63 271.77 80.76 161.89 0.1911
635.35 271.77 80.76 161.89 0.1911
525.63 380.91 80.76 161.89 0.1911
452.49 981.20 80.76 161.89 0.1911
306.20 1035.77 80.76 161.89 0.1911
86.99 1308.94 80.41 161.31 0.1911
708.48 1035.75 80.81 161.95 0.1911
379.41 926.63 80.70 161.66 0.1911
159.90 107.96 80.80 162.01 0.1911
452.55 544.59 80.70 161.80 0.1911
891.56 1090.78 80.32 160.98 0.1911
891.56 1199.93 80.32 160.98 0.1911
196.53 544.64 80.76 161.93 0.1910
342.82 708.35 80.76 161.93 0.1910
818.17 926.45 80.81 162.05 0.1910
745.03 326.35 80.82 161.92 0.1910
854.71 817.47 80.87 162.01 0.1910
86.75 1090.35 80.82 161.92 0.1910
635.28 1090.33 80.87 162.01 0.1910
891.62 217.74 80.22 160.76 0.1910
891.62 326.88 80.22 160.76 0.1910
891.62 436.02 80.22 160.76 0.1910
854.72 1144.89 80.82 162.08 0.1910
86.76 1199.46 80.79 161.78 0.1910
598.72 1254.04 80.82 162.08 0.1910
635.29 1254.04 80.82 162.08 0.1910
671.86 1254.04 80.82 162.08 0.1910
745.01 1254.04 80.82 162.08 0.1910
781.58 1254.04 80.82 162.08 0.1910
818.14 1254.07 80.84 162.07 0.1910
269.91 1309.11 80.37 161.02 0.1910
233.30 1309.08 80.40 161.07 0.1910
342.83 435.53 80.74 161.84 0.1910
562.21 435.55 80.71 161.74 0.1910
489.07 817.55 80.71 161.74 0.1910
781.63 1090.50 80.73 161.70 0.1910
123.32 107.90 80.85 162.14 0.1910
671.90 326.39 80.80 161.83 0.1910
708.47 271.77 80.79 161.97 0.1910
489.05 544.59 80.78 161.95 0.1910
635.32 817.49 80.79 161.97 0.1910
196.47 981.20 80.79 161.97 0.1910
342.75 1035.77 80.79 161.97 0.1910
379.32 1035.77 80.79 161.97 0.1910
306.19 1144.88 80.78 161.95 0.1910
13.83 163.40 80.22 160.50 0.1910
818.18 271.75 80.81 161.94 0.1910
708.47 380.89 80.81 161.94 0.1910
708.47 817.54 80.83 161.90 0.1910
818.20 1090.33 80.75 161.89 0.1910
708.49 1144.90 80.75 161.89 0.1910
745.06 1144.90 80.75 161.89 0.1910
562.27 817.49 80.69 161.87 0.1910
598.83 817.52 80.71 161.88 0.1910
342.84 926.63 80.69 161.87 0.1910
123.58 1308.99 80.36 161.37 0.1910
598.77 380.91 80.76 161.86 0.1909
525.63 490.06 80.76 161.86 0.1909
525.63 817.49 80.76 161.86 0.1909
635.34 926.66 80.77 161.87 0.1909
269.60 108.10 80.81 161.85 0.1909
306.17 108.10 80.81 161.85 0.1909
233.03 380.95 80.81 161.85 0.1909
196.46 435.53 80.81 161.85 0.1909
781.60 926.67 80.81 161.85 0.1909
525.56 108.07 80.84 161.90 0.1909
744.99 981.21 80.84 161.90 0.1909
818.19 162.59 80.78 161.99 0.1909
489.05 271.74 80.78 161.99 0.1909
854.68 326.27 80.87 162.07 0.1909
452.48 653.74 80.78 161.99 0.1909
123.29 490.10 80.83 161.94 0.1909
671.88 1035.71 80.84 161.96 0.1909
854.76 1035.69 80.80 162.01 0.1909
781.54 817.39 80.91 162.12 0.1909
744.97 871.97 80.91 162.12 0.1909
854.71 1254.01 80.84 162.14 0.1909
671.96 435.50 80.76 161.90 0.1909
415.98 981.20 80.70 161.90 0.1909
489.09 1199.51 80.77 161.89 0.1909
379.56 1309.03 80.43 161.24 0.1909
525.84 1309.00 80.40 161.33 0.1909
196.41 107.89 80.86 162.09 0.1909
635.35 162.63 80.76 161.89 0.1909
562.18 326.36 80.82 161.89 0.1909
342.77 544.63 80.76 161.89 0.1909
854.75 544.64 80.82 161.89 0.1909
854.75 653.79 80.82 161.89 0.1909
818.20 708.34 80.76 161.89 0.1909
452.49 762.91 80.76 161.89 0.1909
