54_Rescue_rescuepeople_54_335
200
927.95 0.00 80.99 93.38 0.1922
50.54 378.12 80.25 92.91 0.1920
50.54 441.19 80.25 92.91 0.1920
50.54 504.26 80.25 92.91 0.1920
928.12 725.02 80.55 93.19 0.1920
50.53 315.05 80.26 93.07 0.1920
50.55 567.33 80.22 92.93 0.1920
928.13 378.13 80.52 93.15 0.1919
928.13 441.20 80.52 93.15 0.1919
50.54 157.43 80.27 92.89 0.1919
50.63 62.85 80.16 92.83 0.1918
196.28 0.00 81.18 93.36 0.1918
891.66 378.19 80.14 92.79 0.1918
50.54 630.41 80.25 92.90 0.1918
50.54 693.48 80.25 92.90 0.1918
928.08 220.45 80.55 93.19 0.1918
232.85 0.00 81.29 93.37 0.1918
50.50 220.42 80.31 92.94 0.1917
928.14 315.07 80.51 93.15 0.1917
159.71 0.00 81.32 93.40 0.1917
928.14 661.94 80.51 93.16 0.1917
269.48 0.00 81.22 93.35 0.1916
50.24 0.00 80.90 93.13 0.1916
415.76 0.00 81.23 93.35 0.1916
452.32 0.00 81.13 93.36 0.1915
488.90 0.00 81.13 93.36 0.1915
891.64 283.56 80.15 92.82 0.1915
928.20 94.36 80.41 93.10 0.1915
891.63 441.20 80.20 92.90 0.1915
818.25 567.00 80.74 93.59 0.1915
854.63 0.00 81.13 93.33 0.1914
635.34 630.09 80.79 93.53 0.1914
928.18 598.88 80.44 93.15 0.1914
13.59 0.00 80.80 93.05 0.1914
379.19 0.00 81.22 93.36 0.1913
561.98 0.00 81.19 93.36 0.1913
744.83 0.00 81.19 93.36 0.1913
306.00 0.00 81.28 93.37 0.1913
635.12 0.00 81.21 93.36 0.1913
818.24 503.95 80.76 93.58 0.1913
854.81 503.95 80.76 93.58 0.1913
86.50 0.00 81.25 93.37 0.1913
123.07 0.00 81.25 93.37 0.1913
525.36 0.00 81.25 93.37 0.1913
598.50 0.00 81.25 93.37 0.1913
671.65 0.00 81.25 93.37 0.1913
708.22 0.00 81.25 93.37 0.1913
781.68 598.53 80.73 93.49 0.1913
818.26 630.07 80.73 93.49 0.1913
379.28 724.70 80.84 93.66 0.1913
781.45 0.00 81.16 93.33 0.1913
818.02 0.00 81.16 93.33 0.1913
891.43 0.00 80.77 93.13 0.1913
928.20 157.43 80.41 93.10 0.1913
928.20 504.33 80.41 93.10 0.1913
745.11 567.00 80.74 93.59 0.1912
854.82 567.00 80.74 93.59 0.1912
745.08 693.17 80.75 93.52 0.1912
13.77 725.17 80.29 92.77 0.1912
781.61 535.46 80.81 93.58 0.1912
671.90 598.53 80.81 93.58 0.1912
708.47 598.53 80.81 93.58 0.1912
745.04 630.07 80.81 93.58 0.1912
854.76 630.07 80.81 93.58 0.1912
598.76 724.68 80.81 93.58 0.1912
598.76 125.49 80.78 93.61 0.1911
13.77 157.47 80.30 92.85 0.1911
342.62 0.00 81.21 93.38 0.1911
745.35 756.48 80.33 93.10 0.1911
342.76 409.38 80.79 93.52 0.1911
415.91 535.53 80.79 93.52 0.1911
452.48 567.06 80.79 93.52 0.1911
50.72 756.71 79.99 92.68 0.1911
233.01 724.68 80.81 93.57 0.1911
415.87 724.68 80.81 93.57 0.1911
342.91 756.43 80.50 93.25 0.1911
123.33 188.58 80.81 93.59 0.1911
781.62 661.71 80.79 93.46 0.1911
818.45 756.45 80.44 93.15 0.1911
891.64 693.48 80.15 92.84 0.1911
562.41 756.41 80.35 93.24 0.1911
891.77 756.77 79.96 92.59 0.1911
123.32 251.67 80.83 93.59 0.1910
379.32 440.88 80.83 93.59 0.1910
598.75 440.88 80.83 93.59 0.1910
489.04 598.56 80.83 93.59 0.1910
489.04 693.17 80.83 93.59 0.1910
671.96 693.16 80.76 93.58 0.1910
86.71 220.11 80.87 93.62 0.1910
854.98 756.46 80.49 93.19 0.1910
13.84 378.29 80.17 92.68 0.1910
196.43 724.68 80.82 93.66 0.1910
306.14 724.70 80.84 93.66 0.1910
781.84 756.50 80.46 93.22 0.1910
233.06 94.07 80.73 93.45 0.1910
269.63 94.07 80.73 93.45 0.1910
269.63 157.14 80.73 93.45 0.1910
342.78 157.14 80.73 93.45 0.1910
233.06 188.68 80.73 93.45 0.1910
306.20 188.68 80.73 93.45 0.1910
196.49 220.22 80.73 93.45 0.1910
159.92 251.75 80.73 93.45 0.1910
233.06 251.75 80.73 93.45 0.1910
269.63 409.43 80.73 93.45 0.1910
233.06 440.97 80.73 93.45 0.1910
269.63 472.50 80.73 93.45 0.1910
196.49 504.04 80.73 93.45 0.1910
233.06 504.04 80.73 93.45 0.1910
306.20 504.04 80.73 93.45 0.1910
269.63 535.57 80.73 93.45 0.1910
342.78 535.57 80.73 93.45 0.1910
86.78 567.11 80.73 93.45 0.1910
123.35 567.11 80.73 93.45 0.1910
159.92 567.11 80.73 93.45 0.1910
196.49 567.11 80.73 93.45 0.1910
233.06 567.11 80.73 93.45 0.1910
635.37 567.06 80.77 93.49 0.1910
342.78 598.64 80.73 93.45 0.1910
379.35 598.64 80.73 93.45 0.1910
86.78 630.18 80.73 93.45 0.1910
415.92 630.18 80.73 93.45 0.1910
306.20 661.72 80.73 93.45 0.1910
452.49 693.25 80.73 93.45 0.1910
818.26 94.15 80.62 93.27 0.1910
489.04 409.34 80.79 93.60 0.1910
598.79 377.82 80.76 93.49 0.1910
306.20 93.97 80.75 93.55 0.1910
342.77 93.97 80.75 93.55 0.1910
818.20 157.05 80.67 93.53 0.1910
13.83 220.57 80.22 92.75 0.1910
269.63 220.11 80.75 93.55 0.1910
196.49 283.19 80.75 93.55 0.1910
13.83 441.32 80.22 92.75 0.1910
13.83 630.54 80.22 92.75 0.1910
123.34 630.08 80.75 93.55 0.1910
269.63 630.08 80.75 93.55 0.1910
159.91 661.61 80.75 93.55 0.1910
342.77 661.61 80.75 93.55 0.1910
708.47 661.61 80.81 93.58 0.1910
13.76 315.18 80.28 92.75 0.1910
13.76 504.39 80.28 92.75 0.1910
13.76 567.46 80.28 92.75 0.1910
854.81 94.15 80.65 93.29 0.1909
86.77 283.25 80.78 93.52 0.1909
123.34 314.79 80.78 93.52 0.1909
159.91 314.79 80.78 93.52 0.1909
671.91 535.50 80.77 93.54 0.1909
306.19 567.07 80.78 93.52 0.1909
196.48 630.14 80.78 93.52 0.1909
818.20 693.16 80.76 93.54 0.1909
854.77 693.16 80.76 93.54 0.1909
306.17 283.22 80.81 93.53 0.1909
781.60 346.29 80.81 93.53 0.1909
891.64 504.26 80.19 92.92 0.1909
196.49 94.03 80.78 93.52 0.1909
379.34 94.03 80.78 93.52 0.1909
415.91 94.03 80.78 93.52 0.1909
159.91 125.57 80.78 93.52 0.1909
196.49 157.10 80.78 93.52 0.1909
379.34 157.10 80.78 93.52 0.1909
415.91 157.10 80.78 93.52 0.1909
159.91 188.64 80.78 93.52 0.1909
269.63 283.25 80.78 93.52 0.1909
781.63 283.25 80.78 93.52 0.1909
233.06 314.78 80.78 93.52 0.1909
598.74 314.69 80.84 93.60 0.1909
86.77 346.32 80.78 93.52 0.1909
196.49 346.32 80.78 93.52 0.1909
269.63 346.32 80.78 93.52 0.1909
123.34 377.85 80.78 93.52 0.1909
233.06 377.85 80.78 93.52 0.1909
306.20 377.85 80.78 93.52 0.1909
159.91 409.39 80.78 93.52 0.1909
86.77 440.93 80.78 93.52 0.1909
123.34 440.93 80.78 93.52 0.1909
159.91 472.46 80.78 93.52 0.1909
86.77 504.00 80.78 93.52 0.1909
123.34 504.00 80.78 93.52 0.1909
379.34 504.00 80.78 93.52 0.1909
233.05 630.04 80.80 93.62 0.1909
452.49 630.14 80.78 93.52 0.1909
123.28 724.66 80.84 93.70 0.1909
159.86 724.65 80.83 93.70 0.1909
635.39 724.70 80.76 93.56 0.1909
854.75 157.06 80.82 93.55 0.1909
598.77 188.59 80.76 93.56 0.1909
452.45 62.43 80.86 93.60 0.1909
489.02 62.43 80.86 93.60 0.1909
452.45 125.50 80.86 93.60 0.1909
818.16 283.18 80.86 93.60 0.1909
854.73 283.18 80.86 93.60 0.1909
745.02 314.72 80.86 93.60 0.1909
818.16 346.25 80.86 93.60 0.1909
745.02 377.79 80.86 93.60 0.1909
781.55 409.30 80.89 93.63 0.1908
196.48 440.82 80.79 93.62 0.1908
342.77 472.36 80.79 93.62 0.1908
269.58 724.68 80.81 93.56 0.1908
13.87 62.95 80.21 92.76 0.1908
342.76 220.14 80.82 93.59 0.1908
