16_Award_Ceremony_Awards_Ceremony_16_195
16
514.86 186.49 322.20 244.76 0.6072
356.08 182.68 363.54 215.27 0.3742
297.07 160.06 302.70 167.12 0.1671
253.48 198.38 304.89 226.88 0.1004
478.05 51.89 431.12 106.86 0.0592
276.17 92.21 397.55 120.81 0.0552
211.48 40.95 374.08 98.10 0.0415
69.28 144.65 97.55 79.31 0.0364
406.80 254.93 268.20 209.07 0.0358
168.44 178.63 217.80 223.16 0.0348
156.81 81.27 351.39 122.28 0.0297
529.90 94.91 494.10 166.41 0.0272
631.11 259.75 128.83 78.85 0.0228
239.28 48.88 142.89 62.78 0.0218
407.69 117.22 399.32 175.78 0.0206
531.19 212.91 131.42 80.81 0.0201
