22_Picnic_Picnic_22_313
200
927.91 0.00 81.04 84.61 0.1923
50.48 656.95 80.31 84.11 0.1921
928.12 656.87 80.55 84.43 0.1920
50.63 571.26 80.16 84.07 0.1920
50.57 428.40 80.22 84.07 0.1920
928.13 599.73 80.52 84.40 0.1919
928.16 314.02 80.49 84.41 0.1919
50.63 56.94 80.16 84.11 0.1918
50.56 342.66 80.22 84.10 0.1918
50.63 514.13 80.12 84.05 0.1918
50.59 171.25 80.16 84.07 0.1917
50.30 0.00 80.81 84.35 0.1917
928.21 514.06 80.39 84.32 0.1917
928.18 56.87 80.47 84.42 0.1916
50.62 285.58 80.13 84.03 0.1916
123.12 0.00 81.22 84.58 0.1916
159.69 0.00 81.22 84.58 0.1916
379.12 0.00 81.22 84.58 0.1916
928.21 114.15 80.40 84.26 0.1915
854.61 0.00 81.13 84.58 0.1915
891.64 599.76 80.15 84.10 0.1915
744.88 0.00 81.16 84.58 0.1915
123.33 170.84 80.79 84.70 0.1915
269.36 0.00 81.27 84.59 0.1915
928.20 371.20 80.41 84.35 0.1915
562.26 542.39 80.61 84.57 0.1915
306.19 113.82 80.68 84.56 0.1915
415.98 170.97 80.70 84.57 0.1915
854.82 370.84 80.74 84.80 0.1915
891.64 656.90 80.21 84.21 0.1914
196.31 0.00 81.16 84.57 0.1914
232.88 0.00 81.16 84.57 0.1914
306.02 0.00 81.16 84.57 0.1914
342.59 0.00 81.16 84.57 0.1914
452.31 0.00 81.16 84.57 0.1914
488.88 0.00 81.16 84.57 0.1914
562.02 0.00 81.16 84.57 0.1914
86.98 685.36 80.48 84.39 0.1914
745.33 685.40 80.39 84.32 0.1914
123.58 685.39 80.42 84.35 0.1914
13.80 656.94 80.30 84.15 0.1914
708.35 0.00 81.10 84.57 0.1914
891.33 0.00 80.87 84.42 0.1914
525.67 513.82 80.64 84.59 0.1914
13.59 0.00 80.80 84.30 0.1914
415.69 0.00 81.22 84.58 0.1914
525.45 0.00 81.13 84.59 0.1914
671.74 0.00 81.13 84.59 0.1914
50.57 114.12 80.15 84.12 0.1914
50.57 228.40 80.15 84.12 0.1914
489.30 685.38 80.32 84.35 0.1914
781.45 0.00 81.15 84.57 0.1913
818.02 0.00 81.15 84.57 0.1913
818.26 142.36 80.62 84.60 0.1913
123.40 256.65 80.62 84.60 0.1913
342.83 85.22 80.71 84.61 0.1913
196.55 142.36 80.71 84.61 0.1913
598.83 570.93 80.71 84.61 0.1913
452.54 170.84 80.63 84.70 0.1913
306.25 199.41 80.63 84.70 0.1913
928.21 428.44 80.40 84.25 0.1913
525.61 85.13 80.70 84.69 0.1913
928.17 171.28 80.43 84.28 0.1913
123.40 85.13 80.73 84.70 0.1913
159.97 85.13 80.73 84.70 0.1913
196.54 85.13 80.73 84.70 0.1913
233.11 85.13 80.73 84.70 0.1913
269.68 85.13 80.73 84.70 0.1913
379.39 85.28 80.64 84.55 0.1913
415.96 85.28 80.64 84.55 0.1913
452.54 85.13 80.73 84.70 0.1913
489.11 85.13 80.73 84.70 0.1913
159.97 142.27 80.73 84.70 0.1913
233.11 142.27 80.73 84.70 0.1913
379.39 142.42 80.64 84.55 0.1913
781.68 142.27 80.73 84.70 0.1913
342.83 170.84 80.73 84.70 0.1913
159.97 199.41 80.73 84.70 0.1913
196.54 199.41 80.73 84.70 0.1913
233.11 199.41 80.73 84.70 0.1913
379.40 199.41 80.73 84.70 0.1913
269.68 227.98 80.73 84.70 0.1913
342.83 227.98 80.73 84.70 0.1913
233.11 256.56 80.73 84.70 0.1913
818.25 370.94 80.63 84.69 0.1913
635.57 685.40 80.32 84.32 0.1913
269.62 142.27 80.79 84.70 0.1913
196.54 256.65 80.73 84.70 0.1913
525.86 685.40 80.42 84.33 0.1913
928.20 228.35 80.41 84.35 0.1913
562.26 85.12 80.70 84.73 0.1912
160.17 685.38 80.43 84.36 0.1912
781.88 685.38 80.43 84.36 0.1912
818.46 685.38 80.43 84.36 0.1912
86.82 113.70 80.74 84.79 0.1912
671.97 113.70 80.74 84.79 0.1912
708.54 113.70 80.74 84.79 0.1912
745.11 142.27 80.74 84.79 0.1912
854.82 142.27 80.74 84.79 0.1912
708.54 170.84 80.74 84.79 0.1912
86.82 199.42 80.74 84.79 0.1912
635.40 542.27 80.74 84.79 0.1912
525.68 570.84 80.74 84.79 0.1912
562.42 685.37 80.47 84.39 0.1912
86.60 0.00 81.13 84.57 0.1912
598.55 0.00 81.22 84.57 0.1912
635.17 0.00 81.13 84.57 0.1912
489.04 142.27 80.81 84.79 0.1912
781.69 199.43 80.72 84.74 0.1912
708.46 542.31 80.81 84.74 0.1912
269.62 285.12 80.78 84.81 0.1911
635.33 485.12 80.78 84.81 0.1911
233.26 685.37 80.49 84.48 0.1911
599.00 685.37 80.42 84.36 0.1911
306.20 256.57 80.76 84.76 0.1911
379.35 313.71 80.76 84.76 0.1911
598.82 513.72 80.74 84.69 0.1911
781.62 513.76 80.79 84.73 0.1911
891.64 56.87 80.16 84.11 0.1911
525.68 456.67 80.74 84.69 0.1911
891.64 542.59 80.16 84.11 0.1911
854.69 656.54 80.89 84.83 0.1911
159.97 256.65 80.71 84.61 0.1911
196.74 685.35 80.44 84.40 0.1911
854.82 85.15 80.76 84.78 0.1910
818.24 313.72 80.76 84.78 0.1910
854.82 428.01 80.76 84.78 0.1910
489.10 485.15 80.76 84.78 0.1910
562.24 485.15 80.76 84.78 0.1910
562.19 599.42 80.79 84.70 0.1910
343.00 685.35 80.37 84.46 0.1910
13.92 457.06 80.15 83.97 0.1910
745.12 199.44 80.72 84.73 0.1910
306.43 685.35 80.46 84.47 0.1910
306.19 56.60 80.80 84.73 0.1910
269.56 656.57 80.88 84.84 0.1910
598.83 85.12 80.70 84.73 0.1910
635.32 113.72 80.79 84.80 0.1910
342.75 285.15 80.79 84.80 0.1910
123.33 313.70 80.78 84.79 0.1910
452.47 656.57 80.79 84.80 0.1910
379.60 685.36 80.30 84.43 0.1910
13.87 314.20 80.20 84.00 0.1910
671.93 313.74 80.76 84.71 0.1910
672.13 685.37 80.47 84.39 0.1910
525.74 228.02 80.66 84.72 0.1910
708.47 485.15 80.79 84.73 0.1910
416.18 685.36 80.40 84.43 0.1910
525.67 170.88 80.72 84.72 0.1910
489.13 199.43 80.69 84.75 0.1910
452.56 228.00 80.69 84.75 0.1910
671.92 170.86 80.76 84.74 0.1909
415.92 228.00 80.76 84.74 0.1909
415.92 285.15 80.76 84.74 0.1909
123.35 370.86 80.76 84.74 0.1909
671.92 513.72 80.76 84.74 0.1909
635.31 285.17 80.81 84.74 0.1909
818.17 570.88 80.81 84.74 0.1909
781.60 599.45 80.81 84.74 0.1909
818.25 85.24 80.72 84.60 0.1909
379.33 256.56 80.78 84.81 0.1909
86.76 313.70 80.78 84.81 0.1909
745.06 513.77 80.78 84.73 0.1909
745.13 85.15 80.70 84.77 0.1909
854.82 199.44 80.76 84.76 0.1909
306.18 370.87 80.82 84.76 0.1909
708.74 685.35 80.48 84.43 0.1909
928.39 714.28 80.05 84.40 0.1909
854.73 570.85 80.86 84.80 0.1909
745.02 599.42 80.86 84.80 0.1909
818.16 627.99 80.86 84.80 0.1909
671.97 56.60 80.74 84.71 0.1908
13.87 57.03 80.21 84.04 0.1908
818.26 256.60 80.72 84.64 0.1908
13.87 514.17 80.21 84.04 0.1908
598.78 313.77 80.76 84.69 0.1908
854.82 313.72 80.73 84.79 0.1908
671.96 570.86 80.73 84.79 0.1908
818.26 199.42 80.73 84.70 0.1908
489.16 256.61 80.68 84.71 0.1908
781.61 342.28 80.80 84.77 0.1908
562.30 428.04 80.68 84.71 0.1908
86.75 570.87 80.82 84.78 0.1908
891.63 285.41 80.21 84.17 0.1908
891.63 342.56 80.21 84.17 0.1908
525.66 399.47 80.74 84.70 0.1908
854.77 256.60 80.77 84.73 0.1908
342.77 342.31 80.77 84.73 0.1908
13.82 371.30 80.27 84.07 0.1908
781.69 85.17 80.74 84.73 0.1908
598.81 228.03 80.77 84.73 0.1908
196.49 313.72 80.74 84.66 0.1908
745.07 428.04 80.71 84.68 0.1908
818.27 428.01 80.72 84.73 0.1908
233.09 599.46 80.77 84.73 0.1908
269.66 599.46 80.77 84.73 0.1908
708.52 599.46 80.77 84.73 0.1908
306.19 313.74 80.80 84.73 0.1908
306.23 513.74 80.75 84.70 0.1908
489.05 570.87 80.78 84.72 0.1908
