19_Couple_Couple_19_349
28
400.90 103.67 155.54 222.18 0.9460
539.47 47.56 174.86 234.87 0.8781
624.94 290.79 79.42 126.90 0.1567
363.05 169.97 80.15 122.15 0.1252
924.71 987.32 30.93 33.68 0.1045
456.38 63.85 143.63 234.74 0.0973
636.79 50.38 138.08 301.26 0.0966
541.35 314.96 76.60 126.90 0.0833
282.69 458.46 56.69 64.54 0.0747
698.75 0.00 80.90 114.82 0.0743
945.08 986.88 36.03 37.12 0.0740
609.24 473.20 52.61 85.45 0.0678
603.94 238.72 150.46 189.02 0.0673
730.51 0.00 44.07 56.77 0.0672
285.22 423.47 76.17 64.19 0.0664
387.15 436.63 265.47 419.94 0.0619
475.76 4.60 164.48 200.75 0.0610
978.58 976.17 37.36 47.76 0.0600
314.35 450.91 57.16 82.07 0.0596
542.29 12.21 126.40 135.62 0.0572
641.01 577.29 167.65 446.71 0.0560
336.96 875.75 25.81 31.51 0.0554
378.13 432.20 91.24 99.65 0.0543
509.39 245.67 79.80 113.83 0.0541
398.39 408.69 125.35 129.73 0.0534
461.24 828.27 55.65 58.80 0.0532
259.32 471.19 80.48 83.68 0.0529
801.57 461.52 42.79 111.47 0.0527
