19_Couple_Couple_19_254
74
595.07 0.00 165.79 246.99 0.4631
162.87 22.07 52.00 59.86 0.2616
580.84 93.32 55.56 101.58 0.2340
329.47 60.65 42.38 65.30 0.2325
671.41 11.27 125.85 208.08 0.2036
578.62 49.13 102.85 161.14 0.1769
442.74 385.49 118.62 281.80 0.1463
426.09 30.79 39.19 61.63 0.1391
508.79 2.38 42.51 50.57 0.1381
477.38 244.83 94.01 78.03 0.1319
600.64 7.61 97.64 129.97 0.1188
716.84 10.98 163.87 213.43 0.1142
136.82 82.70 116.62 209.66 0.1114
204.49 7.04 49.00 60.46 0.1053
484.37 12.21 29.66 44.24 0.1044
584.07 0.00 52.41 57.92 0.0991
401.51 19.75 60.22 98.44 0.0946
536.34 9.53 49.81 61.88 0.0933
353.41 36.87 43.78 86.90 0.0911
402.90 0.00 50.96 71.25 0.0885
463.00 281.40 76.21 66.37 0.0882
335.35 12.47 35.26 46.36 0.0875
337.44 0.00 29.42 30.23 0.0866
298.44 16.28 30.26 44.60 0.0865
368.49 12.64 46.88 84.98 0.0855
182.12 106.22 69.52 133.98 0.0851
21.01 577.19 69.61 80.14 0.0851
445.23 324.52 44.69 63.36 0.0846
115.57 23.59 57.14 72.33 0.0830
846.78 49.04 42.55 62.27 0.0816
304.72 40.14 36.35 48.58 0.0814
318.94 297.07 39.41 73.79 0.0805
60.75 52.77 75.19 109.53 0.0797
429.68 0.00 43.37 73.49 0.0786
5.95 551.84 40.42 97.38 0.0745
298.38 1.72 24.48 26.28 0.0743
479.91 30.71 25.81 45.33 0.0738
95.61 45.93 46.91 70.15 0.0737
251.14 63.72 29.92 36.83 0.0730
413.43 378.60 22.44 41.34 0.0723
63.26 170.70 198.54 212.31 0.0710
674.33 277.69 189.82 171.74 0.0701
438.73 66.49 29.67 57.94 0.0695
689.90 217.66 72.31 102.98 0.0693
624.90 246.88 319.39 341.57 0.0675
370.71 0.00 41.29 40.52 0.0670
255.64 0.00 35.74 31.50 0.0670
522.38 92.80 120.29 196.88 0.0664
428.54 270.95 55.50 90.77 0.0652
697.30 95.43 96.06 169.09 0.0650
956.76 211.52 34.22 38.26 0.0642
20.00 414.83 72.74 123.20 0.0639
613.35 0.00 115.53 81.02 0.0637
220.18 64.05 32.60 41.48 0.0635
182.82 81.82 41.90 59.97 0.0632
116.92 0.76 76.46 57.16 0.0631
305.20 278.84 42.05 57.64 0.0624
400.87 69.32 38.28 63.58 0.0614
403.48 312.19 41.36 60.28 0.0612
59.59 59.69 95.77 238.88 0.0608
119.81 30.65 81.47 120.99 0.0576
492.60 182.91 113.54 126.55 0.0575
696.83 94.60 223.02 226.59 0.0565
850.95 71.68 56.89 79.01 0.0545
459.47 202.90 222.47 204.42 0.0542
253.02 13.19 39.21 47.08 0.0537
873.20 12.06 40.82 48.34 0.0529
826.89 18.39 48.96 67.22 0.0526
441.17 346.98 57.79 81.84 0.0525
654.87 214.31 129.96 192.23 0.0521
126.46 478.41 145.55 195.11 0.0516
477.98 278.49 123.51 94.52 0.0509
793.92 0.00 50.74 44.81 0.0508
14.04 270.25 81.24 98.25 0.0506
