12_Group_Large_Group_12_Group_Large_Group_12_143
200
154.49 192.65 364.13 297.32 0.9563
123.47 223.98 151.58 307.25 0.6755
285.11 150.32 406.16 237.22 0.6693
278.98 230.87 365.18 307.01 0.5885
174.21 163.42 217.04 238.08 0.5695
434.89 239.28 353.78 283.94 0.5073
156.46 287.63 206.69 307.90 0.2465
115.59 401.49 173.26 366.51 0.2255
519.43 155.62 390.15 210.98 0.2249
134.47 374.74 352.82 348.61 0.1381
487.22 46.20 144.24 85.62 0.1244
368.19 353.70 336.54 348.54 0.1241
555.46 52.59 149.84 84.49 0.1107
62.06 233.95 139.32 367.70 0.1062
54.05 173.36 83.10 145.38 0.1029
338.00 50.64 149.66 83.25 0.1021
403.17 54.90 160.65 80.44 0.0999
142.59 138.77 383.35 164.07 0.0926
396.66 109.88 421.62 171.05 0.0863
574.09 338.61 449.91 254.82 0.0763
47.99 404.87 83.17 164.88 0.0756
53.08 241.49 79.68 187.73 0.0729
259.86 48.98 146.77 80.04 0.0716
108.88 51.46 176.28 77.08 0.0711
503.81 376.60 337.75 333.11 0.0701
311.85 466.02 298.14 301.98 0.0690
32.83 161.57 59.50 154.83 0.0685
590.64 25.16 179.85 66.90 0.0638
411.68 25.60 149.64 74.80 0.0631
466.17 214.97 115.38 172.77 0.0616
50.77 322.11 81.83 185.42 0.0614
55.11 39.71 70.53 156.33 0.0612
625.13 49.82 148.72 73.58 0.0575
361.25 502.46 112.46 143.42 0.0575
476.94 21.82 401.41 176.28 0.0561
539.78 45.41 116.40 158.25 0.0560
547.25 212.93 128.87 139.41 0.0553
332.40 15.70 153.51 63.68 0.0552
310.40 178.92 149.93 112.36 0.0551
469.54 45.46 117.28 152.84 0.0551
365.11 75.98 106.19 164.91 0.0549
30.24 243.66 56.83 181.89 0.0543
390.39 67.14 131.89 130.47 0.0536
9.45 179.89 59.54 127.14 0.0527
25.01 415.60 66.76 152.02 0.0526
328.55 59.00 112.41 142.28 0.0523
31.83 52.39 167.48 76.05 0.0519
27.88 74.35 58.32 161.05 0.0518
361.40 238.31 112.39 145.19 0.0515
517.21 21.61 140.55 63.12 0.0509
20.24 30.98 77.91 107.95 0.0507
216.45 53.84 109.93 149.19 0.0500
176.06 179.44 112.91 131.72 0.0500
102.89 0.00 159.51 65.64 0.0500
288.67 497.03 120.95 140.97 0.0498
392.30 503.31 144.13 114.38 0.0496
253.37 200.03 109.79 163.29 0.0493
380.30 213.35 141.24 123.25 0.0485
98.60 450.65 119.96 162.83 0.0484
34.68 0.00 151.40 67.99 0.0481
76.33 155.68 121.02 118.11 0.0479
604.29 45.07 124.06 142.63 0.0471
0.00 0.00 88.67 65.37 0.0471
315.87 468.41 145.70 112.76 0.0470
285.64 86.68 125.23 154.63 0.0467
145.95 136.75 106.27 150.54 0.0464
96.13 195.31 120.24 151.00 0.0463
244.52 75.85 135.73 107.78 0.0461
146.28 39.69 113.95 162.28 0.0460
259.22 130.25 109.67 152.03 0.0449
0.00 428.15 64.62 130.61 0.0448
511.03 237.45 117.39 181.54 0.0448
591.60 181.08 111.39 146.99 0.0444
247.63 0.00 142.53 63.54 0.0443
65.11 299.55 123.85 159.65 0.0442
29.90 340.47 56.33 168.32 0.0442
509.38 77.14 108.45 159.34 0.0441
458.45 504.14 151.59 112.55 0.0441
337.38 545.57 98.03 170.28 0.0439
0.00 189.57 34.64 122.52 0.0439
29.33 467.36 64.10 186.67 0.0437
245.61 451.16 130.35 149.91 0.0432
245.86 526.49 122.49 154.95 0.0426
551.34 503.59 128.50 135.37 0.0426
184.15 91.78 108.35 154.05 0.0424
796.96 29.56 165.36 72.57 0.0423
811.44 416.29 108.82 157.45 0.0423
732.73 30.06 154.95 73.48 0.0419
187.41 27.08 137.14 94.72 0.0416
549.06 113.49 112.99 168.51 0.0415
77.28 35.67 102.37 158.25 0.0414
169.06 450.98 138.64 143.59 0.0414
292.49 409.71 115.05 150.95 0.0413
378.83 0.00 151.18 59.70 0.0411
380.64 0.00 86.65 117.14 0.0404
143.66 486.41 109.19 167.74 0.0401
302.05 233.13 101.54 190.66 0.0401
118.82 0.00 90.10 113.65 0.0400
442.62 259.37 101.27 171.52 0.0399
0.00 410.42 35.17 115.33 0.0399
0.00 262.85 66.64 162.01 0.0398
113.96 61.18 98.41 175.79 0.0394
553.16 0.00 152.38 65.17 0.0393
475.62 187.69 148.32 106.51 0.0393
665.61 547.07 103.87 169.68 0.0391
474.15 0.00 109.42 88.20 0.0391
686.42 25.15 118.23 171.10 0.0390
702.55 46.39 150.54 87.27 0.0388
584.35 563.73 119.42 141.19 0.0387
417.34 111.01 134.32 110.71 0.0386
406.07 544.05 99.91 173.02 0.0385
62.18 129.72 168.43 274.66 0.0384
126.37 415.17 135.33 153.65 0.0382
702.03 585.29 101.32 172.23 0.0377
445.11 172.20 102.98 149.78 0.0376
55.51 398.19 143.51 124.09 0.0376
726.77 567.23 122.00 142.27 0.0375
625.35 122.39 111.94 174.92 0.0374
746.86 502.06 138.84 119.97 0.0374
216.57 229.83 119.02 201.45 0.0373
759.64 15.12 167.20 62.85 0.0372
510.82 518.24 114.29 167.02 0.0372
43.89 0.00 86.51 122.05 0.0372
681.86 496.45 138.58 135.00 0.0372
0.00 134.04 46.93 112.77 0.0371
651.39 86.87 115.80 159.36 0.0370
146.71 201.82 114.06 179.68 0.0368
23.68 579.88 59.32 155.22 0.0367
94.83 262.05 130.14 151.42 0.0366
0.00 0.00 63.30 147.89 0.0365
52.92 108.34 97.00 115.23 0.0365
175.68 0.49 141.20 67.59 0.0364
595.43 0.00 87.08 118.16 0.0364
773.32 47.01 154.99 88.09 0.0361
0.00 347.34 61.93 138.10 0.0360
836.50 42.69 114.97 165.23 0.0360
205.72 399.54 126.62 156.91 0.0360
420.33 536.82 139.99 117.73 0.0359
244.43 377.34 123.39 140.31 0.0358
690.70 15.17 162.65 63.77 0.0355
724.88 91.14 111.84 158.33 0.0355
182.42 533.80 113.19 155.02 0.0355
778.65 380.98 102.77 150.29 0.0350
629.72 586.62 100.42 167.72 0.0349
639.81 0.00 83.99 116.87 0.0346
414.75 471.55 164.81 108.59 0.0345
613.11 100.44 410.89 204.72 0.0339
845.81 443.93 113.51 166.99 0.0339
572.51 92.91 133.31 123.35 0.0338
482.30 298.94 106.65 126.22 0.0337
191.58 348.28 140.57 134.85 0.0335
673.60 0.00 92.48 116.06 0.0335
167.92 264.44 133.78 142.50 0.0334
598.35 503.92 150.82 116.77 0.0332
472.23 558.08 110.02 144.11 0.0331
766.19 31.53 112.84 173.77 0.0330
306.66 0.00 159.80 53.98 0.0327
328.22 285.83 122.39 182.42 0.0324
830.29 383.93 139.65 133.85 0.0323
555.15 583.61 102.15 164.53 0.0315
528.19 469.87 155.65 109.43 0.0314
0.00 332.29 32.99 116.33 0.0313
626.95 0.00 174.38 58.50 0.0313
698.08 470.33 185.05 101.60 0.0312
790.32 357.14 147.35 116.45 0.0310
0.00 72.41 215.00 206.47 0.0309
951.64 0.00 72.36 96.01 0.0308
412.11 284.05 100.27 188.40 0.0307
806.88 92.04 110.29 155.20 0.0303
279.54 328.94 127.42 162.94 0.0300
92.06 353.24 134.86 122.85 0.0297
782.79 577.16 133.81 133.00 0.0291
45.09 524.77 83.38 204.00 0.0291
819.04 0.00 173.61 49.97 0.0289
444.00 577.66 103.61 168.78 0.0286
635.52 473.43 149.54 109.75 0.0284
712.83 0.00 172.64 47.16 0.0282
259.11 280.01 112.89 167.44 0.0282
0.00 681.53 45.95 86.47 0.0282
120.06 109.74 208.77 237.98 0.0281
22.49 518.28 155.90 100.68 0.0281
696.25 124.54 105.12 162.29 0.0279
847.83 575.04 115.32 148.39 0.0277
255.67 30.50 425.27 171.15 0.0274
99.78 549.09 124.63 130.79 0.0272
0.00 522.42 70.30 154.24 0.0271
359.12 403.31 119.81 155.16 0.0267
665.93 386.53 215.01 100.96 0.0267
513.24 600.67 99.09 141.26 0.0266
855.08 119.47 110.74 166.16 0.0264
370.60 578.95 103.51 170.76 0.0262
0.00 479.21 211.70 288.79 0.0261
300.24 599.22 102.44 157.01 0.0257
489.23 433.82 134.20 126.40 0.0256
661.55 205.33 112.34 135.62 0.0254
548.94 294.00 115.85 163.40 0.0252
580.35 0.00 369.56 124.96 0.0252
881.71 0.00 142.29 187.21 0.0251
576.73 472.51 447.27 295.49 0.0245
726.37 312.03 167.18 134.01 0.0243
