12_Group_Large_Group_12_Group_Large_Group_12_43
200
440.64 229.95 357.62 277.92 0.9910
213.28 224.79 360.76 253.39 0.9853
178.36 239.58 199.57 257.00 0.9292
549.84 250.15 474.16 218.55 0.9078
125.96 252.72 165.89 292.52 0.4747
383.79 304.64 318.52 307.65 0.4010
513.46 298.34 344.13 322.33 0.3850
194.43 287.60 285.15 334.93 0.2186
476.96 412.15 283.34 272.85 0.1402
338.44 146.44 389.30 172.00 0.1372
169.14 385.50 195.63 299.50 0.1153
56.78 212.82 151.59 322.45 0.0975
782.90 334.17 241.10 233.78 0.0907
337.00 417.61 275.74 267.39 0.0866
87.07 258.81 99.08 140.28 0.0698
50.12 243.30 86.17 128.11 0.0684
165.29 185.91 346.78 176.34 0.0660
179.12 212.20 123.95 127.11 0.0625
50.11 540.55 72.92 138.90 0.0608
101.82 245.76 147.55 92.38 0.0599
50.02 454.51 77.26 154.01 0.0599
426.09 490.05 114.97 145.86 0.0571
509.06 437.73 106.45 131.47 0.0570
724.18 260.00 166.44 100.03 0.0545
363.26 506.88 116.87 134.66 0.0541
461.55 226.42 134.81 111.60 0.0538
202.68 293.06 136.05 135.80 0.0534
321.13 199.75 112.86 147.67 0.0534
506.20 528.21 109.24 144.92 0.0531
360.20 440.70 115.17 130.89 0.0531
452.75 487.96 147.29 95.42 0.0525
341.46 191.19 147.18 100.80 0.0521
811.24 230.02 163.02 96.98 0.0520
252.23 520.88 106.04 151.01 0.0511
760.91 527.56 116.81 143.09 0.0508
696.74 520.02 105.51 149.93 0.0508
384.88 212.59 127.96 121.50 0.0504
681.07 389.39 127.54 146.61 0.0504
217.73 496.34 109.70 142.93 0.0504
42.59 93.12 79.99 165.48 0.0501
231.28 230.53 151.76 98.72 0.0493
212.37 362.90 129.08 124.23 0.0492
270.34 270.89 139.86 121.11 0.0488
72.38 540.84 103.54 133.18 0.0488
759.81 397.56 126.05 124.77 0.0485
415.91 451.44 142.96 114.29 0.0483
182.29 402.79 119.84 122.80 0.0479
721.00 460.79 122.09 138.46 0.0479
475.60 402.72 111.99 137.87 0.0475
54.25 193.50 70.94 122.77 0.0468
841.86 462.50 105.35 138.68 0.0467
474.72 278.97 103.17 157.42 0.0464
301.34 169.67 95.49 118.67 0.0463
311.88 474.27 135.75 120.87 0.0463
785.23 305.04 136.37 117.04 0.0460
439.39 354.88 106.57 146.86 0.0459
618.56 525.25 108.88 148.66 0.0456
828.07 337.97 131.35 140.37 0.0450
394.34 250.59 120.75 161.97 0.0449
109.91 551.94 122.46 122.88 0.0448
843.69 124.17 109.91 125.44 0.0448
287.65 317.40 113.97 151.27 0.0446
626.16 293.22 100.65 183.05 0.0446
352.47 364.49 124.79 135.68 0.0445
625.97 385.25 102.02 157.40 0.0445
712.68 363.60 136.50 126.62 0.0444
257.61 448.47 105.37 158.33 0.0444
288.18 503.00 115.47 147.12 0.0444
175.67 527.58 110.84 145.85 0.0439
532.32 467.60 132.88 130.41 0.0437
653.12 231.99 118.85 102.60 0.0436
369.72 171.65 172.76 89.90 0.0436
510.48 210.70 116.37 99.33 0.0435
530.51 369.77 127.05 125.67 0.0432
264.48 127.42 95.94 124.10 0.0430
801.73 508.08 120.49 138.69 0.0427
24.04 425.09 67.05 163.96 0.0427
144.76 417.26 109.60 155.86 0.0426
652.32 508.08 123.51 122.06 0.0425
136.47 212.67 125.03 95.16 0.0422
79.12 206.11 90.25 111.83 0.0422
645.73 368.55 128.10 125.63 0.0418
760.21 323.91 111.62 147.46 0.0418
362.48 280.36 111.07 159.72 0.0416
210.96 175.88 154.48 92.39 0.0413
826.24 400.40 128.36 140.01 0.0411
716.05 293.16 132.27 136.65 0.0410
581.76 170.17 442.24 158.19 0.0409
189.20 453.54 99.99 150.33 0.0408
574.96 498.40 121.87 141.76 0.0408
541.85 264.42 106.07 178.38 0.0407
71.53 465.16 110.32 133.39 0.0406
802.86 93.53 119.22 117.84 0.0406
345.30 243.40 134.16 121.16 0.0405
22.52 542.00 63.36 143.00 0.0404
676.30 337.16 130.75 126.90 0.0402
286.84 391.10 125.31 149.10 0.0401
29.65 231.24 57.42 136.30 0.0401
159.10 279.27 147.04 104.31 0.0399
611.18 461.67 121.28 143.21 0.0396
396.26 329.53 123.34 143.48 0.0395
318.31 134.57 151.99 96.51 0.0394
697.62 224.68 154.38 102.55 0.0394
563.75 424.26 143.00 106.73 0.0393
214.81 73.70 108.58 153.12 0.0389
53.61 42.33 75.21 139.55 0.0383
215.08 425.94 112.59 139.45 0.0382
861.00 289.05 137.78 130.12 0.0380
176.93 32.57 112.94 149.06 0.0377
561.74 341.81 132.83 121.32 0.0371
503.94 324.97 111.94 143.18 0.0371
245.80 31.44 118.24 155.17 0.0368
837.93 42.03 110.35 139.40 0.0367
546.38 163.53 116.13 125.34 0.0364
288.50 67.79 111.90 153.54 0.0363
194.48 171.78 90.69 113.55 0.0360
217.08 7.97 163.70 63.74 0.0359
95.01 516.77 147.87 105.02 0.0358
16.01 148.42 65.50 145.22 0.0354
258.75 24.25 125.77 84.69 0.0351
579.76 238.19 135.53 101.64 0.0350
805.10 137.59 110.80 159.50 0.0346
640.34 362.87 344.87 322.13 0.0343
502.31 155.87 115.86 119.14 0.0343
72.31 152.68 99.73 114.24 0.0342
474.19 547.40 85.09 121.95 0.0334
64.11 85.94 113.06 118.22 0.0333
0.00 84.56 207.08 164.38 0.0333
190.09 45.18 152.83 79.35 0.0328
757.99 0.00 266.01 126.54 0.0327
565.76 108.90 96.02 131.06 0.0327
44.81 388.11 82.66 157.60 0.0320
132.43 80.26 115.41 124.35 0.0315
911.26 268.87 112.74 115.34 0.0314
649.47 260.60 110.80 167.92 0.0313
647.01 443.79 128.18 114.91 0.0313
81.96 0.00 223.92 217.02 0.0313
155.39 161.36 91.24 120.40 0.0310
138.30 42.47 118.83 80.99 0.0310
559.85 536.05 93.88 148.95 0.0308
124.44 356.07 129.37 139.03 0.0307
244.06 0.00 346.93 111.55 0.0306
0.00 0.00 66.39 62.13 0.0304
295.03 36.20 154.60 81.43 0.0301
48.65 333.39 201.22 351.61 0.0301
182.97 114.29 101.26 122.50 0.0298
87.73 394.25 121.22 136.95 0.0295
626.11 201.85 104.85 97.54 0.0295
115.90 146.64 97.30 155.60 0.0293
748.37 211.83 173.71 91.20 0.0291
762.30 124.66 120.52 126.03 0.0291
776.92 449.33 137.62 100.33 0.0290
391.96 81.58 118.54 149.79 0.0287
11.97 31.88 81.03 104.06 0.0287
0.10 512.42 106.91 122.53 0.0285
155.50 342.34 153.97 103.95 0.0285
617.38 103.90 83.80 115.45 0.0282
0.00 438.16 60.44 128.98 0.0281
712.97 584.20 143.41 100.80 0.0278
89.05 126.07 159.26 115.32 0.0278
143.32 5.29 166.20 61.62 0.0276
27.09 290.72 88.12 142.75 0.0275
0.00 612.24 43.52 72.76 0.0272
94.70 56.10 122.85 121.05 0.0272
315.52 0.00 97.75 83.88 0.0270
19.37 608.88 109.93 76.12 0.0267
362.02 32.01 146.01 86.67 0.0267
83.61 612.55 162.11 72.45 0.0264
443.37 618.23 166.71 66.77 0.0261
495.64 99.68 107.68 131.54 0.0260
252.08 0.00 160.58 40.88 0.0255
630.36 616.68 169.93 68.32 0.0255
191.39 618.65 159.52 66.35 0.0253
853.25 546.83 99.13 138.17 0.0252
417.00 97.07 153.34 100.14 0.0252
519.81 618.71 160.23 66.29 0.0251
519.82 96.68 504.18 166.04 0.0250
772.92 41.03 157.08 72.29 0.0249
127.56 0.00 267.74 124.68 0.0248
77.09 25.08 125.00 94.65 0.0247
434.48 28.66 123.65 85.32 0.0245
189.30 115.28 392.30 146.70 0.0244
769.81 617.43 165.52 67.57 0.0243
654.10 151.01 118.31 152.27 0.0243
193.71 8.30 283.58 212.89 0.0243
870.41 442.34 130.41 121.50 0.0242
576.80 171.33 172.66 92.88 0.0240
887.27 131.27 125.21 118.54 0.0238
0.00 369.51 59.02 144.38 0.0236
0.00 109.27 60.60 133.15 0.0234
718.30 147.54 119.36 146.38 0.0233
410.54 595.93 121.62 89.07 0.0233
2.19 83.54 105.18 119.64 0.0232
257.57 614.73 163.88 70.27 0.0232
66.79 0.00 150.98 59.74 0.0230
349.46 47.16 116.23 131.90 0.0230
296.73 26.63 480.33 122.91 0.0228
0.00 180.05 233.22 200.63 0.0225
517.06 63.13 93.67 119.92 0.0223
947.42 0.00 76.58 72.68 0.0223
