12_Group_Large_Group_12_Group_Large_Group_12_13
200
135.09 300.74 367.56 264.49 0.8123
388.53 362.92 309.79 320.08 0.7985
527.42 353.58 317.10 329.42 0.7698
245.58 374.60 301.94 308.40 0.6460
186.69 318.45 180.96 341.07 0.5521
129.89 319.27 149.04 332.24 0.5251
287.60 318.86 366.08 248.41 0.3878
231.92 252.34 344.69 229.24 0.2753
520.73 313.79 467.22 225.15 0.2279
378.97 252.14 360.39 218.36 0.1854
668.91 371.66 355.09 310.20 0.1332
279.80 145.82 392.88 181.04 0.1115
138.57 201.63 215.99 238.93 0.1050
43.81 151.45 84.04 132.38 0.0929
550.06 145.30 473.94 186.03 0.0924
520.27 190.78 326.77 233.41 0.0859
64.49 301.33 146.61 360.81 0.0854
809.86 47.03 163.34 70.98 0.0782
204.54 88.39 411.97 165.71 0.0744
120.76 136.13 294.63 185.59 0.0665
50.55 277.81 76.15 140.14 0.0661
60.43 207.60 68.85 141.12 0.0635
27.32 117.49 66.89 136.72 0.0628
404.11 91.51 415.95 157.81 0.0592
46.26 125.89 107.58 101.76 0.0576
664.41 43.49 161.44 72.98 0.0575
803.60 45.97 112.59 137.00 0.0560
813.68 17.90 146.41 59.69 0.0556
823.39 407.36 136.10 126.14 0.0556
204.05 28.63 408.32 148.02 0.0554
396.90 369.70 120.39 128.94 0.0543
320.57 186.62 122.08 120.18 0.0541
314.27 373.26 134.30 122.73 0.0537
176.00 54.11 115.42 121.38 0.0533
107.05 303.50 111.90 143.23 0.0530
693.09 52.26 108.04 129.12 0.0529
28.05 68.26 196.42 253.42 0.0520
653.31 198.04 122.80 140.37 0.0519
803.87 190.95 103.14 121.41 0.0518
49.18 41.28 83.67 152.83 0.0517
211.87 56.32 148.29 99.97 0.0513
362.07 137.59 108.42 138.00 0.0513
829.95 197.61 144.30 95.37 0.0513
290.83 154.34 113.94 128.51 0.0510
114.43 47.56 174.42 64.90 0.0509
727.50 369.49 122.58 113.82 0.0502
215.27 78.48 106.14 133.79 0.0502
106.77 54.16 104.16 133.08 0.0500
322.38 247.35 114.50 131.91 0.0499
740.51 39.95 162.35 73.02 0.0498
691.89 201.36 164.98 81.07 0.0496
428.21 402.21 114.88 145.20 0.0493
62.90 188.30 100.66 105.45 0.0492
291.59 218.38 121.72 121.49 0.0491
550.66 178.69 102.29 132.35 0.0489
328.50 111.41 107.95 127.33 0.0488
28.67 277.54 60.48 136.51 0.0488
151.08 67.51 98.40 146.33 0.0487
55.28 346.11 79.93 167.59 0.0486
399.99 187.57 110.34 123.67 0.0483
283.68 61.85 124.46 111.00 0.0483
795.01 381.08 112.99 114.47 0.0482
361.33 68.16 107.95 144.16 0.0482
145.77 253.23 110.92 126.77 0.0482
358.66 224.69 112.28 115.56 0.0482
269.46 355.49 147.24 103.50 0.0479
763.05 69.36 112.53 141.86 0.0478
468.66 382.10 121.11 129.77 0.0478
24.71 13.42 119.86 66.85 0.0477
0.00 1.06 103.40 63.54 0.0475
582.27 206.26 109.21 132.98 0.0474
402.97 45.94 161.60 81.54 0.0474
772.59 489.33 146.58 95.45 0.0471
520.20 223.11 105.37 121.01 0.0470
395.10 254.05 114.08 128.77 0.0470
253.49 117.29 110.84 126.67 0.0470
427.47 258.28 143.95 97.11 0.0469
675.15 356.36 148.59 94.70 0.0468
477.04 290.64 126.12 101.52 0.0467
617.96 238.15 116.16 139.13 0.0467
214.58 341.75 116.75 135.63 0.0466
858.99 492.17 124.41 157.35 0.0466
786.61 445.73 138.47 103.77 0.0462
73.48 263.58 100.84 144.38 0.0460
461.66 193.64 143.79 92.74 0.0459
619.14 47.39 110.30 133.56 0.0459
39.28 42.49 175.50 69.07 0.0457
258.39 173.20 108.08 139.76 0.0456
670.34 164.87 155.69 89.19 0.0455
799.37 97.12 109.24 153.89 0.0455
437.34 104.66 108.22 146.53 0.0453
216.98 142.48 108.64 140.96 0.0452
661.66 71.30 103.42 145.57 0.0452
606.74 375.92 135.12 122.44 0.0451
18.41 538.94 69.49 142.17 0.0450
0.00 123.46 63.41 115.14 0.0448
532.19 387.10 128.75 104.67 0.0447
729.58 101.07 105.92 144.28 0.0445
771.33 146.71 102.00 130.62 0.0445
128.10 235.41 158.07 88.58 0.0442
621.27 5.54 148.66 62.65 0.0441
664.49 250.56 105.67 152.12 0.0438
829.32 241.56 122.85 141.63 0.0435
212.02 225.87 122.87 113.08 0.0435
737.38 231.32 103.92 123.00 0.0435
833.67 453.20 114.58 158.93 0.0434
587.02 44.33 167.01 70.63 0.0433
187.88 100.70 101.81 147.07 0.0433
289.42 269.78 110.09 149.79 0.0432
356.35 401.68 120.81 134.23 0.0431
127.22 520.82 90.76 162.18 0.0431
338.99 42.07 157.16 75.12 0.0430
540.12 258.20 129.31 115.79 0.0426
26.88 197.75 63.09 148.49 0.0425
510.52 144.06 107.87 131.60 0.0425
35.08 506.19 92.43 171.62 0.0421
872.21 401.33 151.79 281.67 0.0421
464.88 67.32 118.51 143.90 0.0421
10.84 27.57 84.67 106.35 0.0420
693.85 451.40 111.24 167.89 0.0420
258.39 240.04 109.21 137.26 0.0420
174.68 311.15 114.28 131.10 0.0420
496.80 347.46 130.17 114.11 0.0417
75.12 10.33 223.41 223.78 0.0415
214.28 281.78 112.35 133.32 0.0415
247.62 319.43 129.10 111.41 0.0414
692.63 371.98 109.00 162.51 0.0413
600.40 531.59 93.03 121.54 0.0412
432.89 27.72 158.77 63.74 0.0412
624.13 163.42 110.26 111.28 0.0411
821.50 530.84 107.87 123.26 0.0411
576.27 348.08 128.53 115.16 0.0409
580.10 161.45 105.82 112.05 0.0408
641.17 326.00 149.42 92.63 0.0407
503.86 29.61 158.52 65.44 0.0407
128.50 360.35 129.70 147.92 0.0406
540.80 307.36 113.74 139.25 0.0406
578.10 390.83 121.22 153.40 0.0405
114.07 188.41 101.35 124.51 0.0403
740.21 12.74 147.42 58.17 0.0403
101.53 122.08 113.22 111.35 0.0401
641.36 524.11 93.07 127.57 0.0401
422.87 26.75 398.14 146.30 0.0398
546.29 48.24 112.88 136.17 0.0394
318.88 315.52 118.31 117.90 0.0394
79.66 4.62 139.07 64.73 0.0392
364.78 341.27 101.21 131.28 0.0390
162.58 535.13 91.11 140.10 0.0390
361.11 274.54 115.92 143.69 0.0388
445.64 335.57 108.39 149.01 0.0387
1.31 259.96 62.18 110.25 0.0386
253.18 38.83 168.64 69.70 0.0385
546.39 126.00 112.39 116.85 0.0380
274.03 424.63 141.90 142.99 0.0380
826.30 125.64 142.57 103.93 0.0379
3.37 609.49 191.04 64.03 0.0377
152.37 141.50 101.65 137.87 0.0376
722.87 511.33 106.67 125.38 0.0375
35.93 172.54 155.03 299.68 0.0374
78.78 164.67 153.99 98.45 0.0371
782.51 514.64 100.92 141.77 0.0369
35.59 324.38 62.82 162.82 0.0367
139.80 40.34 273.49 147.54 0.0365
189.32 189.30 99.55 120.69 0.0365
550.36 545.39 96.27 105.25 0.0365
576.72 83.58 115.40 126.70 0.0363
5.04 97.09 107.74 97.94 0.0362
810.36 0.00 189.19 45.86 0.0362
604.42 129.65 143.40 99.12 0.0361
709.42 432.28 131.25 118.75 0.0361
614.81 457.68 111.51 143.76 0.0361
367.95 2.19 142.28 62.90 0.0360
0.00 171.54 59.51 133.70 0.0360
158.58 451.63 129.88 137.73 0.0359
653.79 425.77 117.42 145.73 0.0356
326.57 449.10 113.91 181.42 0.0355
406.99 436.89 109.36 182.00 0.0350
417.11 519.83 92.74 149.87 0.0345
172.02 20.33 180.25 72.87 0.0344
111.80 456.49 112.59 154.34 0.0341
401.50 302.23 110.80 147.92 0.0341
539.78 11.52 162.68 62.00 0.0338
194.17 532.89 108.54 121.68 0.0336
0.00 595.92 46.56 87.08 0.0333
75.62 382.29 117.31 162.62 0.0333
837.85 359.64 123.96 109.74 0.0331
0.00 313.71 67.30 127.32 0.0331
862.62 397.15 144.56 99.73 0.0330
217.37 449.29 119.79 142.12 0.0327
28.23 0.00 163.55 44.35 0.0326
535.00 451.54 127.54 140.95 0.0325
162.50 404.55 142.32 127.45 0.0325
460.49 445.38 131.84 109.32 0.0325
662.92 519.16 140.12 163.84 0.0322
56.07 452.26 87.07 164.70 0.0319
853.55 54.67 130.21 132.38 0.0318
451.41 524.46 106.04 135.06 0.0315
764.56 236.71 125.12 167.83 0.0315
71.87 542.11 99.43 113.07 0.0315
283.07 478.52 114.67 162.71 0.0314
