12_Group_Team_Organized_Group_12_Group_Team_Organized_Group_12_60
198
296.93 169.26 355.28 242.65 0.9957
518.74 155.17 361.80 261.79 0.9782
153.44 178.94 229.61 251.06 0.9777
431.48 209.91 335.27 276.40 0.8040
318.56 272.53 346.52 257.21 0.3788
519.51 118.51 504.49 161.08 0.3358
72.65 191.36 158.66 357.40 0.2935
139.99 265.60 359.10 253.94 0.2490
513.82 275.79 497.05 249.94 0.2003
255.44 312.25 299.19 337.09 0.1354
157.44 348.58 202.99 335.42 0.1293
94.32 301.80 188.53 349.33 0.1018
48.21 183.62 84.34 133.97 0.1005
442.78 342.49 317.61 341.51 0.0823
21.32 197.51 74.32 152.30 0.0773
506.66 161.21 127.70 123.91 0.0680
44.53 460.24 82.91 151.95 0.0675
680.24 127.61 137.58 114.35 0.0662
826.50 59.87 144.13 68.74 0.0640
837.23 70.26 114.92 145.06 0.0632
46.40 340.96 81.81 171.26 0.0591
386.23 175.77 155.86 90.62 0.0581
679.38 203.21 116.70 139.60 0.0560
0.00 226.25 64.07 158.69 0.0559
632.61 154.36 144.80 104.18 0.0551
0.00 192.28 65.58 109.93 0.0549
800.87 98.47 112.33 141.64 0.0546
468.15 147.37 117.77 122.00 0.0533
293.83 167.07 113.59 120.46 0.0531
467.66 469.86 133.45 123.76 0.0530
36.95 134.32 184.94 249.84 0.0528
210.98 176.60 115.14 132.90 0.0528
57.11 533.45 86.16 139.82 0.0528
607.66 216.17 135.53 119.07 0.0520
968.51 0.00 55.49 106.46 0.0518
386.86 238.59 127.42 123.55 0.0517
683.19 499.99 114.46 136.84 0.0515
561.52 163.22 142.95 110.34 0.0512
385.91 463.71 120.20 144.03 0.0511
111.43 167.77 109.03 116.87 0.0510
511.09 480.83 160.84 103.04 0.0507
469.53 140.07 298.74 173.34 0.0505
423.09 524.61 125.76 140.77 0.0505
762.89 132.57 110.73 141.14 0.0505
736.15 45.07 287.85 161.06 0.0505
146.12 423.58 106.31 144.38 0.0503
108.38 523.96 131.91 101.39 0.0500
547.47 185.31 105.83 152.38 0.0499
649.33 468.15 126.81 126.21 0.0494
763.76 430.43 113.08 150.18 0.0491
333.62 326.12 102.94 148.67 0.0487
845.55 487.14 109.41 145.94 0.0481
325.83 438.49 121.93 118.96 0.0481
95.02 400.55 126.13 127.86 0.0480
653.08 272.88 124.74 130.29 0.0479
325.72 181.00 105.26 160.09 0.0475
723.93 475.55 113.78 118.88 0.0474
792.23 38.79 124.52 81.32 0.0467
910.91 29.24 113.09 46.83 0.0466
78.48 479.99 113.63 118.96 0.0463
173.49 503.78 117.17 134.79 0.0463
687.73 431.78 118.91 133.55 0.0461
627.06 515.38 107.19 147.73 0.0460
727.22 540.50 106.57 125.93 0.0459
722.71 173.24 109.41 131.31 0.0457
283.92 461.25 114.56 149.02 0.0455
912.64 0.00 111.36 43.91 0.0454
45.73 256.30 85.86 158.80 0.0453
763.71 225.29 139.09 116.06 0.0453
329.06 505.48 127.50 119.15 0.0450
477.32 249.10 166.58 98.69 0.0448
516.07 517.29 104.28 146.11 0.0447
24.88 485.07 62.73 159.53 0.0447
839.50 134.18 120.76 128.41 0.0445
257.84 433.88 110.86 127.89 0.0445
423.16 268.25 130.17 126.40 0.0440
810.56 462.14 101.15 126.89 0.0439
138.61 360.37 119.42 139.32 0.0439
22.29 295.40 74.47 152.78 0.0437
178.17 396.09 120.68 138.91 0.0436
613.37 407.83 128.42 126.72 0.0435
614.52 301.40 133.33 132.93 0.0434
354.78 270.14 133.56 132.72 0.0431
66.28 426.07 93.81 150.20 0.0428
772.56 548.66 111.85 124.84 0.0426
136.61 185.06 114.60 163.44 0.0425
183.31 205.95 108.43 155.20 0.0425
397.51 307.82 132.58 124.19 0.0423
221.57 248.43 105.86 171.57 0.0423
806.65 174.79 123.51 129.52 0.0423
293.11 382.08 107.77 157.37 0.0423
710.14 252.96 147.71 103.34 0.0422
0.00 361.88 60.81 135.98 0.0421
454.90 209.91 129.55 124.73 0.0416
752.88 518.74 135.47 98.68 0.0416
354.22 201.19 129.64 119.59 0.0415
346.05 132.12 229.20 95.39 0.0413
243.87 516.51 132.90 103.81 0.0413
371.99 390.02 109.74 143.06 0.0412
837.38 247.03 134.79 125.57 0.0411
32.79 388.82 70.73 153.46 0.0405
293.06 298.16 113.54 145.01 0.0401
573.65 505.28 123.48 130.01 0.0399
14.03 167.44 173.37 109.85 0.0397
841.04 0.00 139.56 58.72 0.0395
579.42 438.18 125.77 134.08 0.0394
567.58 239.71 121.34 133.22 0.0393
545.71 279.83 112.26 161.60 0.0393
636.73 385.79 147.40 105.57 0.0392
167.13 175.66 120.43 89.23 0.0392
285.01 524.84 123.87 141.87 0.0392
540.85 382.01 131.37 158.26 0.0392
255.51 365.83 109.59 137.73 0.0391
211.03 477.38 119.74 119.67 0.0390
738.49 111.12 107.34 101.98 0.0389
723.31 397.11 127.54 135.54 0.0388
791.46 272.41 130.29 143.99 0.0387
0.00 302.68 63.35 133.37 0.0387
8.60 115.29 60.80 101.63 0.0385
618.53 103.76 173.94 91.00 0.0384
128.05 156.37 197.03 77.26 0.0379
27.96 178.67 65.29 90.24 0.0379
575.75 321.17 130.84 150.91 0.0374
823.06 365.34 134.61 121.53 0.0374
205.23 350.35 126.25 110.82 0.0373
369.78 520.00 108.11 161.16 0.0372
807.20 387.20 105.42 148.44 0.0372
156.69 122.29 401.17 133.61 0.0370
0.00 254.99 168.92 236.55 0.0362
297.01 242.75 105.40 121.76 0.0362
470.10 273.70 119.83 160.27 0.0360
0.00 167.22 46.68 93.28 0.0359
65.64 317.22 132.97 155.49 0.0359
0.00 0.00 63.77 69.45 0.0357
0.00 424.50 61.36 140.85 0.0356
900.28 55.87 123.72 72.06 0.0355
415.25 450.80 149.78 115.80 0.0354
0.00 49.72 224.86 194.37 0.0351
162.44 282.63 136.33 105.68 0.0349
29.90 131.07 66.67 105.06 0.0349
427.19 357.87 132.10 146.23 0.0348
837.23 300.38 131.13 136.66 0.0343
199.11 555.35 144.32 94.01 0.0340
469.63 394.50 119.07 132.35 0.0338
498.05 365.61 120.94 124.99 0.0337
768.76 363.82 116.32 139.92 0.0334
250.17 225.83 109.05 145.37 0.0329
691.48 329.38 114.43 143.99 0.0327
511.95 93.09 231.99 92.71 0.0319
0.00 502.32 60.77 127.70 0.0318
72.01 211.15 109.55 160.08 0.0315
823.52 536.84 92.51 147.16 0.0309
259.13 135.12 147.79 93.47 0.0306
70.65 139.52 72.66 124.07 0.0305
864.11 149.56 159.89 287.57 0.0303
851.34 36.42 166.51 68.23 0.0297
675.37 539.38 88.51 144.62 0.0296
138.68 309.22 132.37 124.49 0.0295
774.27 63.33 158.02 107.04 0.0294
918.35 0.00 75.74 99.08 0.0292
0.00 0.00 227.60 20.62 0.0291
856.20 4.47 90.10 133.42 0.0290
870.63 335.95 136.66 133.29 0.0290
748.43 0.00 155.70 26.69 0.0286
651.34 65.50 230.89 84.83 0.0284
484.24 551.13 89.18 118.55 0.0280
716.88 300.43 122.35 129.07 0.0277
0.00 363.31 202.16 250.92 0.0276
921.51 41.91 102.49 271.11 0.0267
562.47 556.00 96.01 128.00 0.0261
290.51 0.00 377.34 122.87 0.0256
101.89 270.68 130.43 131.57 0.0255
881.53 291.41 139.69 105.36 0.0253
614.47 121.84 102.04 112.92 0.0252
351.97 166.44 97.60 87.81 0.0248
392.52 614.25 162.13 69.75 0.0245
854.81 405.44 149.98 136.91 0.0242
26.88 66.40 107.24 158.55 0.0241
852.17 183.52 138.93 122.91 0.0239
475.16 614.05 168.44 69.95 0.0234
141.31 562.33 109.16 121.67 0.0233
2.12 60.85 62.13 94.82 0.0232
74.41 0.00 370.46 127.31 0.0231
80.33 139.44 146.95 97.57 0.0229
734.02 617.74 162.46 66.26 0.0229
594.08 616.80 171.71 67.20 0.0228
876.60 532.94 127.55 134.44 0.0225
506.38 54.54 470.66 120.05 0.0225
0.00 601.48 47.90 82.52 0.0220
863.88 509.52 160.12 90.21 0.0216
868.20 101.34 137.45 127.10 0.0216
804.35 313.93 219.65 262.44 0.0214
712.67 24.90 246.94 103.05 0.0212
853.66 581.26 113.90 102.74 0.0211
598.04 342.97 425.96 341.03 0.0208
0.00 489.79 113.89 94.63 0.0204
16.55 588.67 104.04 95.33 0.0203
776.07 0.00 113.77 96.52 0.0202
