12_Group_Group_12_Group_Group_12_182
175
224.88 208.84 377.12 280.79 0.9845
370.60 201.69 410.11 270.14 0.9638
563.49 213.54 358.45 271.57 0.9314
146.45 245.52 219.95 298.39 0.8583
649.51 174.75 374.49 203.92 0.2847
96.83 272.56 180.88 351.02 0.2603
337.64 286.06 375.45 311.68 0.2066
818.53 207.47 205.47 264.59 0.1340
252.69 340.28 294.25 404.06 0.1317
147.46 390.60 209.83 377.40 0.1242
42.92 264.93 85.82 121.73 0.0874
534.69 352.58 326.59 375.32 0.0823
365.44 390.89 323.69 377.11 0.0782
41.17 441.55 84.46 166.49 0.0755
706.23 229.34 103.06 170.09 0.0741
18.37 266.69 78.90 170.23 0.0726
62.49 354.58 162.53 413.42 0.0714
179.58 217.96 105.04 174.69 0.0664
362.72 188.04 125.32 178.81 0.0636
240.27 214.16 132.57 112.10 0.0616
486.91 253.14 84.11 170.66 0.0616
435.40 256.81 101.44 177.98 0.0598
520.13 248.21 99.25 155.46 0.0594
48.55 600.04 88.00 164.38 0.0593
633.28 243.95 145.17 150.41 0.0581
50.89 513.76 78.16 175.62 0.0580
43.23 202.36 165.97 351.26 0.0572
530.04 213.11 157.07 143.75 0.0571
102.82 181.57 319.17 195.10 0.0571
364.75 275.22 104.90 135.67 0.0553
75.06 462.55 116.47 144.45 0.0545
800.11 202.12 109.46 127.01 0.0544
388.00 144.62 426.26 155.27 0.0544
845.03 423.53 110.93 155.21 0.0529
385.81 391.50 138.48 119.19 0.0524
424.06 430.08 128.12 108.07 0.0520
660.78 216.02 185.15 107.88 0.0505
620.15 408.11 116.77 155.87 0.0503
2.61 255.70 68.22 119.44 0.0499
347.39 353.90 132.19 135.07 0.0494
287.84 263.10 106.42 158.44 0.0490
77.50 557.19 113.66 169.98 0.0489
583.83 433.62 108.73 124.94 0.0479
404.45 213.70 217.92 118.47 0.0479
286.66 338.36 116.21 155.88 0.0477
298.25 236.04 147.48 127.13 0.0470
194.09 293.02 94.76 163.06 0.0467
450.77 320.02 107.04 161.60 0.0462
538.62 188.52 215.19 100.96 0.0457
52.29 254.35 176.07 120.83 0.0453
387.07 307.57 123.61 143.20 0.0452
853.70 140.96 134.16 129.05 0.0441
394.85 163.08 127.16 141.47 0.0441
765.82 209.84 99.86 173.93 0.0440
628.89 344.91 395.11 264.30 0.0438
25.38 415.53 57.97 169.20 0.0437
482.56 427.22 130.88 153.71 0.0435
756.06 438.70 146.87 106.17 0.0427
227.17 347.76 106.21 149.37 0.0424
26.71 590.72 65.28 177.28 0.0420
285.99 406.55 128.05 147.81 0.0420
211.36 251.98 116.87 161.09 0.0419
664.61 308.95 149.55 145.83 0.0417
433.80 475.05 124.08 119.97 0.0416
293.34 574.51 112.43 148.86 0.0416
649.78 469.54 119.37 169.03 0.0415
134.96 607.09 107.32 130.69 0.0408
30.92 225.96 58.72 130.68 0.0407
2.59 222.35 188.38 115.75 0.0406
346.07 405.60 138.14 159.85 0.0404
636.64 394.71 157.16 115.76 0.0398
881.95 393.65 118.45 150.95 0.0398
178.80 602.41 125.41 131.48 0.0397
726.98 281.31 120.20 155.18 0.0396
764.84 498.45 110.25 148.79 0.0394
52.55 301.26 76.64 202.70 0.0394
511.21 479.92 151.75 117.40 0.0394
754.46 0.00 269.54 190.54 0.0389
101.01 505.75 111.12 169.74 0.0386
120.72 279.43 148.55 118.33 0.0384
366.08 581.63 113.75 175.08 0.0381
324.13 179.95 114.46 141.10 0.0379
206.14 577.20 145.98 122.38 0.0379
240.29 294.63 127.07 155.30 0.0378
319.07 310.89 121.93 147.73 0.0376
0.00 93.38 189.93 206.90 0.0376
105.72 432.00 122.19 136.19 0.0374
226.94 405.19 109.84 170.15 0.0373
609.66 509.18 115.85 154.22 0.0373
601.53 201.28 94.11 116.57 0.0372
714.69 179.36 182.56 130.25 0.0372
672.29 428.13 139.92 124.91 0.0372
91.32 405.36 179.12 112.54 0.0371
25.04 516.63 62.90 170.17 0.0363
780.44 462.95 149.02 135.98 0.0361
579.89 587.66 115.32 180.34 0.0361
722.44 446.23 127.00 156.92 0.0360
251.55 389.06 123.65 124.85 0.0357
581.39 253.80 115.92 188.59 0.0355
167.54 175.31 170.08 129.85 0.0354
214.04 119.12 226.37 123.70 0.0353
800.72 248.22 122.34 178.63 0.0352
181.78 380.45 113.03 160.00 0.0350
307.09 477.02 152.08 179.68 0.0348
698.19 512.93 102.00 180.28 0.0342
410.60 475.43 92.62 164.78 0.0341
779.58 362.88 128.87 116.91 0.0341
94.44 307.57 133.97 142.58 0.0339
202.50 127.93 409.60 157.04 0.0338
140.27 334.50 133.37 154.73 0.0335
655.19 555.52 116.74 155.23 0.0332
735.16 402.43 119.32 116.36 0.0332
623.55 613.42 125.64 145.92 0.0326
383.15 165.75 269.54 96.08 0.0325
328.49 552.86 116.78 135.18 0.0325
107.79 615.62 60.09 120.45 0.0325
133.44 0.00 395.39 163.95 0.0324
499.23 0.00 396.63 167.35 0.0319
0.00 425.62 61.25 135.87 0.0317
412.25 387.81 230.61 108.25 0.0316
820.69 164.07 140.47 195.03 0.0316
183.72 533.03 118.85 143.33 0.0312
0.00 195.26 105.84 111.72 0.0311
829.94 369.40 129.29 130.57 0.0306
245.25 504.47 128.61 180.75 0.0303
61.82 372.21 117.14 155.27 0.0303
36.68 695.70 105.83 72.30 0.0297
640.07 79.99 383.93 187.94 0.0294
791.47 681.24 232.53 61.33 0.0290
580.41 358.02 121.56 113.17 0.0286
525.08 397.40 151.21 126.72 0.0285
628.10 303.62 109.32 154.73 0.0281
723.49 540.99 118.20 117.26 0.0281
792.72 621.08 137.51 146.92 0.0277
13.44 145.04 52.68 112.30 0.0277
237.72 602.47 128.17 165.53 0.0274
0.00 0.00 202.92 146.04 0.0273
684.49 596.72 125.98 168.78 0.0267
168.50 451.29 122.09 133.99 0.0263
93.10 644.95 110.88 123.05 0.0263
448.97 181.94 116.65 127.52 0.0263
0.00 531.57 60.94 138.71 0.0261
551.30 520.03 129.44 131.63 0.0259
0.00 286.17 31.37 134.47 0.0252
786.15 536.61 147.24 126.42 0.0251
350.13 693.86 192.96 74.14 0.0250
0.00 135.37 143.76 348.99 0.0247
0.00 335.58 63.53 159.88 0.0246
0.00 601.08 64.36 141.31 0.0246
0.00 164.90 149.93 99.04 0.0241
868.33 475.38 132.57 119.44 0.0240
346.78 605.74 211.97 95.56 0.0239
32.69 339.62 59.01 147.27 0.0237
411.08 616.48 99.74 141.35 0.0236
876.29 643.42 100.64 124.58 0.0235
54.45 114.14 233.51 242.55 0.0234
479.25 142.68 353.00 78.01 0.0233
698.24 690.00 229.89 78.00 0.0232
207.27 499.09 128.41 128.44 0.0231
863.40 262.09 121.32 132.46 0.0227
863.71 321.75 124.18 126.14 0.0222
553.27 688.99 292.77 70.80 0.0221
0.00 677.14 41.71 90.86 0.0221
835.86 613.40 188.14 102.03 0.0221
880.92 195.74 92.68 101.63 0.0219
0.00 0.00 65.97 73.66 0.0219
257.69 164.51 153.98 129.25 0.0218
757.28 591.19 122.46 140.03 0.0218
129.88 210.67 109.59 140.62 0.0211
649.89 669.97 133.05 98.03 0.0207
789.81 133.56 139.13 123.05 0.0204
393.05 530.38 181.00 153.34 0.0204
0.00 281.20 147.44 361.59 0.0203
357.76 0.00 338.80 160.58 0.0202
248.76 164.35 268.54 219.55 0.0201
