44_Aerobics_Aerobics_44_120
70
490.68 97.30 406.09 219.65 0.6731
118.09 205.66 396.04 292.68 0.1395
520.64 208.63 488.44 269.71 0.1234
82.56 271.99 211.84 336.30 0.1219
468.62 120.86 302.75 365.23 0.1133
372.27 54.38 373.57 213.95 0.1089
118.16 101.25 354.11 254.38 0.0822
520.84 325.96 317.51 322.75 0.0773
351.03 261.79 361.64 282.98 0.0687
151.20 327.53 315.19 319.34 0.0685
179.45 41.53 380.15 230.97 0.0639
417.26 370.80 267.98 323.20 0.0581
256.68 421.67 276.28 272.33 0.0561
327.89 124.31 300.23 323.17 0.0557
476.68 104.31 121.36 146.80 0.0553
443.11 34.48 542.97 159.71 0.0514
622.13 345.74 401.87 280.23 0.0499
60.25 226.26 75.78 115.26 0.0481
552.15 196.13 115.56 147.10 0.0462
582.64 165.30 122.20 141.20 0.0454
5.73 112.63 286.42 159.37 0.0452
92.64 238.32 93.92 122.67 0.0441
472.90 205.36 119.63 153.82 0.0394
504.93 146.63 133.61 154.27 0.0393
534.13 83.32 138.84 122.96 0.0392
5.04 148.15 201.35 359.98 0.0378
30.12 273.25 65.15 130.71 0.0374
68.91 167.97 69.81 133.06 0.0372
0.00 248.01 81.05 121.60 0.0366
645.31 0.00 378.69 146.35 0.0328
505.39 69.34 99.11 118.60 0.0327
540.96 180.46 283.85 90.80 0.0325
462.72 170.48 107.63 127.21 0.0324
0.00 0.00 69.42 58.08 0.0322
515.31 237.11 119.87 139.00 0.0321
49.08 20.78 377.20 184.83 0.0318
310.51 0.00 366.78 140.58 0.0318
58.86 233.87 205.64 87.36 0.0315
26.13 179.21 59.81 129.04 0.0313
466.67 80.90 359.83 79.76 0.0312
455.52 37.93 186.80 98.73 0.0306
25.67 545.75 66.93 126.72 0.0293
44.83 262.24 100.94 147.32 0.0288
0.00 409.48 228.72 284.52 0.0285
65.12 0.00 220.65 124.06 0.0282
104.90 269.60 108.93 138.00 0.0281
634.69 215.97 86.80 124.62 0.0276
453.55 146.03 472.30 78.77 0.0272
536.41 0.00 153.34 35.31 0.0261
959.46 280.81 64.54 129.12 0.0258
191.47 0.00 261.45 114.83 0.0258
24.49 621.68 266.41 72.32 0.0256
2.73 0.00 101.40 103.31 0.0253
0.00 609.57 45.14 84.43 0.0249
14.49 129.33 75.90 135.15 0.0247
397.78 234.07 148.37 97.10 0.0243
571.56 0.00 184.25 20.40 0.0234
43.11 18.55 94.37 118.38 0.0230
130.61 0.00 106.74 97.24 0.0229
48.84 514.04 101.80 173.45 0.0227
0.00 593.83 117.88 100.17 0.0222
8.92 490.69 67.42 139.16 0.0222
948.88 0.00 75.12 74.22 0.0219
846.83 0.00 177.17 39.02 0.0217
17.96 322.96 63.18 120.81 0.0210
799.78 287.88 224.22 54.31 0.0208
179.68 0.00 173.96 36.19 0.0208
127.09 571.08 85.78 122.92 0.0204
475.23 22.87 300.58 59.49 0.0201
832.38 321.05 191.62 59.58 0.0200
