44_Aerobics_Aerobics_44_640
200
87.76 333.90 198.04 349.10 0.1967
110.97 214.34 221.22 310.84 0.1760
624.35 121.60 399.65 207.51 0.1476
413.40 125.32 396.54 218.82 0.1153
134.95 173.57 375.69 266.08 0.0950
514.29 163.95 374.86 279.62 0.0942
42.34 203.07 183.65 366.90 0.0912
372.68 214.41 352.60 283.11 0.0906
177.11 269.26 401.68 297.06 0.0812
20.94 54.76 204.70 270.45 0.0760
55.78 228.45 79.53 127.16 0.0733
468.38 263.83 408.18 307.12 0.0713
823.80 148.84 119.78 139.72 0.0699
253.32 87.71 425.37 183.06 0.0686
82.32 114.97 235.38 265.34 0.0668
53.29 393.19 78.59 160.91 0.0662
512.59 391.38 322.84 291.62 0.0612
128.71 221.89 127.55 106.30 0.0602
313.30 335.77 308.73 347.23 0.0597
843.34 121.52 140.65 103.40 0.0586
48.73 300.90 74.94 143.83 0.0573
91.86 76.00 338.30 197.12 0.0554
130.07 386.29 330.50 296.71 0.0553
56.27 489.44 78.60 149.59 0.0526
29.61 409.06 64.03 131.67 0.0526
604.03 194.56 120.09 117.14 0.0514
23.00 187.05 72.92 147.38 0.0509
57.11 188.00 110.63 119.69 0.0509
77.07 435.86 109.64 139.10 0.0504
89.97 325.09 129.91 133.69 0.0492
803.99 89.24 103.70 134.10 0.0489
707.75 133.67 108.35 107.70 0.0482
394.91 183.49 146.16 110.21 0.0472
401.03 136.66 184.53 86.98 0.0467
803.99 262.36 100.85 150.34 0.0466
0.00 388.51 62.62 123.19 0.0462
581.76 161.04 187.28 102.02 0.0460
549.27 546.98 113.51 105.25 0.0460
506.76 315.78 135.33 122.33 0.0451
613.95 529.27 128.18 137.73 0.0450
457.98 352.11 124.56 145.25 0.0447
415.12 539.79 130.60 143.21 0.0445
537.08 173.45 144.57 124.88 0.0443
625.14 428.27 115.99 132.18 0.0436
620.89 136.95 176.86 74.31 0.0434
369.64 431.66 115.52 138.09 0.0433
771.16 158.51 109.16 123.99 0.0428
328.63 502.16 109.20 139.94 0.0427
516.42 566.86 96.59 105.20 0.0426
814.57 512.36 98.30 131.32 0.0424
74.09 527.74 108.11 142.41 0.0424
46.41 127.31 100.18 120.15 0.0423
229.69 221.29 171.03 94.71 0.0422
758.36 321.18 128.06 111.97 0.0415
838.35 546.53 127.16 108.15 0.0413
28.08 520.47 72.03 142.14 0.0413
73.24 258.06 113.64 100.39 0.0412
191.42 159.14 107.17 116.64 0.0406
237.88 166.40 125.55 119.41 0.0402
85.93 367.47 98.21 151.06 0.0401
132.95 533.68 131.82 149.32 0.0401
371.70 521.06 114.47 143.83 0.0401
329.38 139.07 128.70 108.14 0.0399
695.13 486.99 107.54 158.07 0.0397
765.90 214.21 113.25 128.36 0.0396
329.51 273.89 98.96 143.80 0.0394
847.44 200.07 107.84 126.55 0.0393
50.39 47.34 78.73 141.36 0.0393
682.00 102.39 141.11 95.33 0.0391
0.00 184.25 59.97 124.72 0.0390
767.75 39.59 104.06 135.14 0.0389
715.73 230.91 116.30 147.56 0.0382
520.65 149.13 177.02 80.15 0.0380
0.00 0.00 89.59 65.80 0.0377
479.71 139.27 109.18 141.73 0.0376
719.87 169.06 117.25 149.56 0.0375
276.36 555.53 131.11 105.15 0.0373
240.50 238.29 114.49 133.26 0.0373
392.67 401.77 119.93 122.80 0.0367
757.28 545.39 126.84 111.89 0.0366
136.53 155.81 92.28 120.72 0.0365
643.50 277.77 380.50 274.47 0.0364
850.12 53.14 105.87 133.40 0.0362
11.31 27.11 80.39 106.74 0.0362
367.79 230.21 114.85 128.48 0.0361
442.83 98.06 114.26 108.34 0.0359
29.30 261.56 67.95 158.57 0.0359
550.76 591.37 137.08 91.63 0.0358
871.97 162.97 146.31 100.84 0.0357
305.20 176.08 139.30 124.06 0.0357
233.50 129.30 168.19 95.24 0.0355
115.09 486.43 106.36 148.68 0.0352
169.77 134.09 146.82 88.50 0.0351
481.98 220.61 124.79 152.35 0.0347
172.05 210.08 130.77 101.54 0.0347
638.91 487.81 116.97 105.62 0.0347
540.74 91.86 124.03 112.38 0.0346
316.78 37.12 429.17 149.89 0.0344
267.35 283.34 121.18 117.96 0.0343
471.31 521.24 109.70 121.55 0.0342
94.44 144.90 98.01 123.82 0.0340
645.06 391.33 160.23 136.13 0.0340
318.06 95.29 144.06 90.87 0.0339
587.36 73.79 116.52 143.67 0.0338
0.00 600.06 50.15 82.94 0.0336
534.87 229.38 120.21 126.94 0.0336
657.37 46.23 109.14 135.61 0.0334
777.11 44.47 152.82 73.60 0.0333
513.02 44.46 107.23 134.06 0.0333
183.73 515.30 114.07 127.57 0.0329
261.79 76.43 108.35 131.76 0.0328
0.00 421.79 26.24 117.56 0.0327
229.00 547.40 107.27 119.32 0.0326
34.53 30.98 117.94 81.30 0.0323
293.22 45.16 106.16 138.12 0.0322
63.23 362.10 91.54 87.96 0.0321
466.35 60.78 114.53 111.22 0.0321
99.57 35.39 428.32 149.63 0.0320
698.40 41.06 157.14 74.82 0.0320
859.58 302.16 111.07 149.88 0.0319
139.34 454.71 117.23 145.38 0.0319
364.11 360.98 132.29 117.89 0.0317
0.00 160.87 124.58 105.01 0.0314
144.73 352.88 118.61 127.02 0.0314
592.54 466.86 96.31 147.03 0.0313
851.39 409.79 113.44 150.30 0.0313
272.80 497.06 97.26 141.95 0.0313
73.66 78.46 106.56 136.14 0.0312
219.97 44.30 106.58 139.02 0.0312
26.94 84.34 71.92 137.42 0.0311
0.00 238.89 70.39 135.44 0.0311
725.60 0.00 139.52 67.55 0.0311
736.44 367.97 117.10 135.27 0.0310
537.93 41.90 320.85 207.59 0.0309
136.72 92.28 115.86 113.01 0.0309
404.58 41.28 109.22 139.27 0.0309
372.99 303.56 110.55 132.54 0.0309
801.07 0.00 138.81 67.77 0.0308
329.35 388.11 111.54 141.53 0.0306
278.82 333.14 110.87 114.10 0.0305
12.69 469.34 65.02 118.16 0.0304
555.43 42.76 151.89 71.96 0.0304
867.20 145.67 156.80 310.95 0.0304
652.85 0.00 139.54 66.14 0.0303
63.18 556.70 62.76 125.82 0.0303
110.35 44.70 106.14 138.98 0.0303
400.95 315.88 158.82 137.08 0.0302
544.76 0.00 137.29 66.33 0.0302
173.67 57.78 108.86 112.99 0.0301
471.49 0.00 137.68 66.03 0.0299
24.79 343.33 64.21 102.02 0.0299
781.35 417.44 115.78 133.99 0.0298
288.94 0.00 136.88 66.04 0.0297
398.33 0.00 137.51 66.16 0.0297
882.83 517.40 133.61 96.67 0.0297
446.43 42.65 150.87 72.24 0.0297
215.56 0.00 137.01 65.79 0.0297
69.61 0.00 136.73 65.94 0.0295
667.23 23.20 123.19 83.68 0.0295
336.07 43.08 151.15 72.42 0.0295
142.43 0.00 137.00 65.83 0.0295
140.75 0.00 232.74 132.13 0.0294
521.66 23.51 123.46 82.85 0.0293
226.82 43.12 150.69 72.32 0.0292
517.52 510.58 100.80 114.88 0.0291
728.78 445.62 124.54 150.27 0.0290
412.11 23.27 122.95 83.21 0.0289
302.64 23.23 122.54 83.50 0.0288
382.96 490.42 160.78 119.53 0.0287
83.27 23.25 122.68 83.30 0.0286
156.35 23.28 122.63 83.32 0.0286
440.65 413.64 111.37 149.49 0.0285
456.69 619.31 183.47 63.69 0.0282
949.65 0.00 74.35 73.40 0.0281
186.84 256.10 137.60 165.94 0.0281
766.77 0.00 257.23 127.42 0.0280
602.01 0.00 346.85 108.44 0.0275
0.00 309.95 65.33 128.43 0.0274
0.00 530.20 51.09 118.48 0.0273
0.00 0.00 172.73 40.11 0.0270
805.35 368.34 124.41 140.17 0.0270
259.19 0.00 327.49 108.26 0.0265
403.66 0.00 328.06 107.85 0.0262
591.49 247.67 100.59 154.58 0.0262
639.88 11.27 99.34 119.47 0.0262
346.77 321.94 94.68 145.52 0.0260
609.56 361.30 157.90 121.56 0.0258
118.07 394.25 127.36 134.52 0.0252
480.26 464.64 122.10 135.24 0.0252
827.14 0.00 182.55 36.78 0.0251
0.00 421.78 194.20 261.22 0.0250
570.92 0.00 182.50 36.67 0.0246
24.25 620.72 133.38 62.28 0.0246
278.21 248.21 159.42 106.09 0.0243
315.31 0.00 182.02 36.75 0.0243
0.00 118.78 69.45 127.70 0.0243
844.18 476.91 101.12 127.40 0.0242
567.82 376.37 110.92 137.13 0.0236
905.02 430.25 113.22 114.73 0.0234
147.70 293.30 102.63 140.08 0.0232
