44_Aerobics_Aerobics_44_742
200
318.20 238.38 342.05 262.99 0.5957
441.30 133.07 423.77 205.58 0.4833
175.83 214.16 316.00 282.72 0.4172
562.42 258.41 461.58 216.98 0.3518
424.44 187.56 384.17 293.59 0.2262
389.61 310.84 327.14 322.94 0.1999
116.28 207.82 173.65 302.41 0.1986
223.91 305.68 354.31 303.55 0.1848
162.35 315.85 208.36 334.82 0.1710
529.23 337.94 320.19 340.06 0.1534
144.96 146.44 238.39 254.71 0.0876
205.26 136.56 383.79 202.31 0.0844
360.78 87.08 402.45 184.77 0.0742
39.75 290.49 181.06 372.87 0.0698
447.07 154.29 110.05 125.89 0.0683
153.45 200.26 104.15 116.20 0.0681
56.97 128.12 161.63 342.28 0.0672
21.77 55.40 204.61 264.71 0.0648
54.71 180.03 75.25 139.48 0.0634
247.96 252.32 134.54 108.97 0.0615
600.22 254.75 154.08 98.90 0.0604
694.13 239.34 168.18 123.72 0.0584
583.44 269.90 119.71 128.88 0.0570
23.20 188.08 71.31 132.96 0.0570
163.34 235.45 133.52 110.47 0.0568
533.99 258.10 136.85 105.72 0.0543
638.21 278.88 156.54 118.43 0.0513
474.12 122.53 156.08 98.20 0.0506
579.93 231.29 121.57 94.08 0.0502
321.77 224.33 152.87 101.47 0.0492
207.55 274.21 127.52 135.27 0.0490
749.20 230.66 179.24 110.32 0.0489
309.59 254.99 136.24 124.45 0.0477
51.82 302.55 82.01 148.88 0.0476
395.04 221.58 126.96 119.65 0.0473
541.48 318.72 141.98 103.62 0.0470
79.58 155.32 96.89 126.49 0.0470
111.82 295.88 108.63 156.66 0.0468
251.81 51.45 409.46 135.02 0.0467
116.61 102.97 399.80 163.59 0.0463
137.19 265.27 126.15 128.89 0.0459
54.64 111.28 77.81 136.93 0.0455
487.62 226.40 138.90 123.09 0.0453
720.20 286.21 126.09 106.51 0.0447
387.69 312.76 121.72 164.45 0.0437
455.69 60.41 432.51 132.96 0.0435
609.30 304.84 137.21 131.08 0.0433
71.47 206.20 107.47 130.64 0.0429
292.17 330.91 104.83 160.63 0.0424
19.38 344.17 67.99 149.70 0.0423
246.75 307.07 114.52 142.06 0.0421
326.67 321.79 107.70 133.58 0.0420
194.58 200.04 135.02 96.18 0.0415
459.03 306.65 139.78 142.14 0.0414
0.00 181.91 60.52 111.90 0.0408
389.34 166.31 119.60 97.36 0.0404
420.62 264.48 134.96 128.71 0.0403
0.00 157.02 125.50 99.64 0.0401
453.74 206.60 132.23 107.81 0.0401
524.13 92.25 499.87 170.43 0.0399
679.33 313.60 119.79 150.04 0.0397
480.61 286.64 149.84 96.97 0.0385
119.38 253.67 102.59 99.57 0.0385
150.97 313.62 149.75 111.50 0.0382
81.03 10.84 234.31 229.55 0.0381
778.71 259.40 114.82 132.74 0.0380
826.80 324.53 133.68 129.09 0.0379
87.78 272.46 95.24 123.80 0.0378
159.04 157.61 155.02 103.41 0.0377
700.72 202.58 166.87 90.06 0.0375
798.25 343.74 118.96 154.89 0.0372
0.00 0.00 64.14 61.92 0.0370
50.29 42.82 79.58 142.23 0.0364
114.67 165.88 107.04 104.38 0.0362
55.42 367.34 74.63 162.83 0.0362
644.06 197.87 90.43 121.06 0.0358
112.65 104.74 102.25 130.47 0.0357
11.88 26.61 81.53 106.04 0.0350
748.22 317.60 134.55 131.02 0.0348
372.64 359.05 97.42 172.36 0.0347
29.25 284.47 80.61 109.26 0.0345
806.34 215.82 188.96 85.79 0.0344
506.88 346.70 112.52 142.06 0.0343
437.86 330.40 113.42 168.27 0.0340
379.95 130.35 115.03 92.54 0.0340
70.85 328.79 114.60 132.46 0.0339
555.88 346.20 107.55 155.26 0.0336
0.00 312.21 64.47 121.55 0.0333
361.35 284.41 115.47 136.09 0.0332
275.95 198.16 85.31 120.80 0.0332
29.86 249.20 110.38 106.06 0.0329
453.56 101.25 92.27 125.03 0.0324
556.26 125.94 111.55 107.24 0.0322
24.98 542.74 72.10 135.09 0.0322
228.29 379.99 135.85 101.07 0.0319
321.20 394.40 93.11 128.96 0.0314
760.50 194.81 179.19 86.21 0.0313
21.88 17.94 118.58 78.80 0.0313
834.04 262.60 110.23 122.92 0.0310
333.15 0.00 326.04 112.62 0.0309
0.00 0.00 142.82 44.85 0.0309
288.01 402.65 87.13 124.86 0.0307
671.28 147.35 106.56 124.15 0.0306
514.22 90.71 167.83 89.51 0.0306
23.92 439.88 69.57 143.83 0.0306
0.00 609.50 54.69 68.50 0.0302
17.23 96.85 81.48 104.36 0.0300
141.47 0.00 234.04 124.41 0.0298
644.66 348.87 118.55 135.19 0.0297
764.81 0.00 259.19 119.60 0.0295
495.42 150.27 115.37 132.87 0.0293
407.29 25.73 100.15 143.61 0.0292
54.80 529.22 82.80 141.60 0.0290
0.00 110.65 65.49 124.08 0.0287
538.47 194.57 119.07 123.79 0.0286
365.64 47.21 107.75 134.08 0.0286
801.60 0.00 136.67 65.02 0.0284
728.10 0.00 135.01 65.14 0.0283
110.18 42.33 109.07 137.81 0.0283
360.60 0.00 140.01 66.85 0.0281
950.42 0.00 73.58 72.78 0.0281
630.49 110.75 110.53 127.57 0.0280
70.27 0.00 134.99 65.20 0.0279
348.67 158.25 93.17 130.84 0.0278
817.79 23.67 122.85 82.92 0.0277
733.28 111.60 109.97 139.35 0.0274
655.58 0.00 134.63 65.19 0.0274
287.21 0.00 137.18 65.11 0.0274
582.65 0.00 134.36 64.73 0.0272
807.33 41.29 104.53 140.66 0.0272
744.19 23.07 120.14 83.54 0.0272
436.45 0.00 136.26 67.41 0.0271
142.72 0.00 135.39 64.55 0.0270
265.86 144.34 103.49 128.78 0.0269
841.95 145.58 104.98 134.10 0.0269
844.61 366.23 108.20 154.65 0.0268
545.85 0.00 339.81 113.19 0.0267
75.58 78.64 106.81 133.46 0.0267
86.40 22.89 120.23 83.69 0.0266
509.13 0.00 133.98 65.32 0.0266
216.74 0.00 133.88 64.64 0.0266
806.07 110.69 106.30 138.76 0.0264
734.03 40.09 104.99 141.88 0.0264
671.92 22.74 119.60 84.45 0.0263
185.14 43.39 105.76 140.26 0.0262
306.53 22.25 117.29 86.26 0.0262
455.36 20.77 116.06 87.73 0.0262
225.16 111.14 109.85 130.46 0.0261
599.34 22.75 118.73 84.75 0.0261
485.88 402.63 99.72 159.34 0.0260
159.85 22.74 119.92 84.37 0.0260
17.96 612.66 115.63 65.34 0.0260
148.23 75.60 111.79 138.67 0.0259
526.72 22.49 118.20 84.76 0.0258
885.88 292.03 106.08 119.36 0.0257
696.91 76.31 108.32 137.21 0.0257
770.35 75.54 106.15 140.24 0.0257
408.60 462.93 102.10 145.49 0.0256
845.60 73.67 103.83 139.79 0.0256
759.33 398.47 95.80 128.63 0.0256
234.21 22.76 118.02 85.52 0.0255
445.32 529.02 103.14 142.84 0.0255
661.66 40.47 104.87 141.35 0.0254
321.13 52.95 113.04 111.94 0.0254
54.71 464.48 80.11 141.45 0.0253
489.97 52.99 95.64 141.61 0.0252
240.37 538.86 113.23 109.04 0.0249
335.78 455.63 101.80 148.52 0.0249
588.94 41.37 104.76 140.08 0.0245
0.00 499.44 96.04 125.35 0.0245
299.92 530.62 103.63 139.14 0.0245
373.39 527.91 104.01 143.27 0.0244
517.69 529.54 104.18 141.85 0.0244
846.42 613.44 177.58 64.56 0.0241
260.11 38.80 105.38 141.80 0.0241
827.99 0.00 182.55 36.25 0.0240
166.01 537.61 113.17 108.41 0.0239
611.09 162.07 94.47 121.74 0.0238
166.18 345.99 105.19 130.82 0.0236
0.00 229.87 69.42 132.45 0.0235
515.54 454.33 102.59 145.97 0.0234
287.91 89.14 106.63 110.83 0.0234
710.11 379.32 103.06 136.84 0.0233
737.58 458.69 101.95 146.53 0.0233
76.11 421.55 105.35 148.78 0.0232
482.60 495.78 102.83 142.99 0.0229
142.04 611.85 185.64 66.15 0.0227
217.51 553.08 86.16 124.92 0.0227
151.51 421.46 105.23 154.32 0.0226
739.01 529.88 103.45 142.34 0.0224
398.35 611.02 185.58 66.98 0.0223
265.16 461.29 102.68 143.10 0.0223
870.07 529.69 119.09 147.35 0.0222
420.10 77.16 150.39 96.55 0.0222
688.53 612.01 187.45 65.99 0.0220
117.24 533.93 103.31 139.50 0.0219
252.98 610.91 184.35 67.09 0.0219
591.33 450.66 104.28 160.32 0.0219
924.20 0.00 99.80 21.29 0.0218
665.79 463.22 101.47 145.06 0.0218
