52_Photographers_photographertakingphoto_52_755
17
317.19 226.93 311.17 211.44 0.430172
28.35 120.30 545.28 548.49 0.293790
489.52 212.70 125.76 129.17 0.250571
173.42 215.61 295.43 260.82 0.208484
320.76 216.38 36.50 45.16 0.204990
538.29 235.08 120.75 132.55 0.163334
676.72 378.33 177.41 84.13 0.145665
397.03 219.88 172.20 136.07 0.144541
532.98 204.23 82.62 83.95 0.138196
279.46 276.54 129.45 115.36 0.100223
582.46 202.66 64.67 59.54 0.097907
304.20 238.66 76.62 95.67 0.081437
598.90 370.08 292.60 153.00 0.081053
145.25 426.21 275.07 157.64 0.071105
193.31 490.11 146.24 107.43 0.067449
293.91 208.40 76.87 87.14 0.059527
363.23 226.13 120.67 105.05 0.058447
