52_Photographers_photographertakingphoto_52_61
16
422.06 241.32 176.45 262.52 0.723296
680.90 172.80 56.09 99.33 0.149780
213.25 146.87 122.45 249.49 0.138324
503.73 283.93 211.29 298.74 0.129154
465.66 221.06 112.51 155.55 0.111341
203.13 143.54 111.99 113.97 0.090164
559.63 390.93 213.85 261.59 0.089500
603.44 35.62 104.55 130.66 0.086618
311.74 176.56 172.00 304.63 0.073047
684.18 133.79 56.80 98.23 0.070124
223.37 389.46 124.27 173.00 0.066615
84.25 328.56 243.26 262.67 0.062636
979.70 595.24 32.30 73.30 0.058142
790.77 623.76 43.87 45.99 0.057810
264.89 164.73 128.76 293.95 0.055711
226.72 137.98 96.41 66.01 0.052322
