52_Photographers_photographertakingphoto_52_84
24
391.34 135.11 75.67 132.09 0.663642
273.47 162.40 62.19 112.58 0.293137
417.32 369.87 248.69 288.12 0.267448
147.03 438.69 80.72 122.28 0.266761
306.28 171.65 65.51 101.19 0.189331
186.44 439.50 100.50 110.27 0.167786
270.12 191.73 119.77 170.78 0.142285
363.27 184.47 104.71 158.49 0.141085
272.42 315.24 138.55 229.96 0.136107
240.65 424.10 123.13 155.09 0.116569
196.61 279.02 89.49 170.72 0.112451
131.85 443.01 165.96 161.32 0.095413
413.18 319.00 157.21 208.56 0.080910
230.76 296.36 127.18 180.12 0.080897
327.36 279.39 156.08 270.24 0.079155
444.92 313.62 98.15 114.50 0.075337
391.17 292.97 94.30 133.30 0.074522
459.01 507.69 170.41 172.69 0.070334
381.15 103.34 57.56 100.32 0.068653
135.52 496.12 100.45 118.73 0.062352
205.49 247.58 93.69 116.56 0.060384
479.62 290.73 226.10 276.59 0.059655
505.24 354.25 128.33 193.53 0.059350
415.24 601.61 54.35 58.25 0.052408
