0_Parade_marchingband_1_765
200
289.98 296.20 356.11 319.41 0.9929
435.96 299.64 379.64 326.41 0.9862
155.79 307.24 327.99 313.03 0.9810
215.35 248.81 343.02 253.34 0.9657
428.08 188.84 372.43 257.83 0.9374
475.06 144.57 548.94 195.18 0.8628
346.78 150.41 396.33 191.38 0.7977
482.37 247.64 509.05 257.68 0.7874
226.62 381.81 331.84 350.19 0.7586
165.45 389.07 194.50 342.93 0.7333
370.37 385.67 339.36 346.33 0.6664
235.76 174.53 341.39 202.74 0.5948
541.44 434.07 286.91 297.93 0.5102
443.56 90.72 391.76 178.90 0.4368
189.89 212.66 184.94 260.82 0.3683
135.18 275.50 170.64 285.88 0.2503
240.40 112.72 382.26 174.41 0.1768
604.22 353.19 419.78 327.23 0.1529
343.48 44.75 409.84 162.38 0.1215
300.24 56.13 158.23 68.76 0.1207
444.43 40.90 124.13 92.41 0.1158
56.33 415.74 73.70 156.85 0.0872
241.45 54.30 143.68 72.39 0.0854
28.56 431.35 63.45 154.90 0.0686
64.38 328.88 72.32 172.38 0.0663
419.93 47.90 121.18 162.80 0.0654
650.75 128.55 122.93 122.43 0.0642
321.70 65.47 111.06 129.40 0.0618
674.11 163.37 149.76 113.92 0.0608
58.81 508.96 76.79 152.57 0.0604
544.64 131.46 116.47 126.32 0.0600
46.81 279.69 83.25 160.71 0.0597
381.11 140.34 152.05 93.89 0.0597
174.18 116.30 212.00 229.47 0.0590
191.99 166.07 99.11 171.81 0.0580
609.57 172.92 142.36 109.61 0.0579
803.85 81.10 143.52 132.48 0.0569
753.39 138.56 111.97 155.57 0.0568
466.11 473.67 100.52 173.46 0.0565
374.18 172.38 144.87 107.72 0.0563
457.56 139.77 151.97 106.57 0.0555
156.84 154.91 86.76 158.25 0.0554
651.59 195.29 129.01 134.77 0.0548
249.42 159.83 128.95 128.40 0.0547
259.14 74.80 125.97 100.24 0.0544
806.57 64.86 161.78 66.44 0.0540
1.14 0.00 86.42 47.92 0.0539
712.44 233.38 141.23 112.03 0.0536
152.61 449.55 101.90 175.26 0.0532
325.69 130.38 112.32 132.91 0.0528
566.41 204.16 144.35 114.86 0.0524
583.30 471.85 101.42 177.73 0.0523
59.24 337.79 145.29 394.21 0.0522
436.09 185.24 108.33 143.08 0.0516
204.91 530.63 126.28 145.41 0.0512
489.25 59.66 117.61 121.06 0.0504
113.46 551.88 101.38 168.17 0.0499
715.40 93.37 127.92 124.66 0.0495
596.81 131.94 101.92 100.89 0.0493
474.53 212.79 102.50 166.48 0.0492
202.19 148.76 139.60 98.85 0.0489
60.10 154.49 72.93 148.49 0.0489
150.31 109.43 99.27 129.28 0.0486
340.24 105.56 146.54 101.30 0.0486
831.55 468.76 117.02 189.09 0.0486
784.91 209.88 131.22 124.11 0.0483
155.69 50.80 150.25 73.43 0.0480
292.74 469.04 106.26 175.79 0.0478
645.10 478.48 117.10 147.15 0.0475
572.54 68.02 83.61 116.66 0.0472
0.00 392.96 63.63 144.86 0.0469
366.89 465.57 111.55 186.44 0.0468
734.49 56.00 157.25 69.66 0.0467
783.62 143.51 165.17 142.27 0.0467
292.11 3.36 140.10 74.12 0.0466
102.27 454.59 116.91 139.73 0.0464
289.53 190.37 115.27 124.87 0.0462
218.79 72.64 104.58 127.46 0.0461
126.19 124.45 86.83 145.35 0.0460
6.49 23.37 66.69 130.66 0.0457
259.73 543.00 101.10 167.72 0.0454
354.13 27.01 139.74 85.24 0.0454
205.26 460.96 131.50 135.83 0.0453
35.47 342.75 63.35 154.50 0.0452
218.05 224.52 111.98 124.46 0.0451
49.30 582.17 82.70 139.04 0.0448
497.30 191.26 128.21 120.58 0.0448
72.19 240.60 62.02 138.73 0.0443
390.48 223.55 112.05 152.12 0.0442
618.36 219.58 111.02 157.19 0.0442
511.66 76.47 242.09 89.04 0.0441
691.71 254.99 118.71 136.64 0.0440
27.77 515.78 65.71 162.63 0.0440
836.96 400.89 115.28 158.22 0.0437
139.00 524.85 108.34 151.78 0.0436
425.55 422.70 129.82 143.23 0.0428
30.03 231.36 53.11 156.61 0.0426
689.37 469.80 118.58 179.52 0.0424
449.13 0.00 95.90 71.86 0.0423
849.53 111.94 143.99 157.23 0.0422
720.04 195.93 303.96 273.66 0.0421
304.09 529.42 128.50 163.79 0.0421
589.04 386.88 106.99 189.85 0.0419
181.66 397.49 106.58 171.75 0.0418
323.25 209.29 119.13 169.41 0.0416
540.09 249.72 116.88 148.84 0.0416
155.51 366.80 90.46 186.13 0.0415
543.60 451.78 114.60 148.50 0.0415
807.77 563.36 107.09 154.59 0.0414
481.67 387.68 106.01 182.19 0.0414
81.03 303.84 105.23 215.78 0.0413
234.63 504.10 139.02 128.81 0.0412
148.06 246.64 123.39 121.53 0.0412
114.13 266.03 107.89 142.41 0.0410
746.19 265.00 123.02 150.76 0.0410
176.45 552.59 106.52 149.57 0.0409
728.25 547.57 102.84 163.03 0.0406
751.43 420.94 135.92 140.63 0.0405
687.14 393.69 111.73 182.39 0.0404
126.95 70.74 154.27 96.84 0.0403
402.60 555.55 107.32 169.03 0.0400
86.20 159.32 95.84 116.85 0.0397
0.00 382.58 32.71 127.25 0.0396
748.92 477.29 125.07 163.24 0.0394
433.15 256.25 109.92 159.27 0.0393
0.00 460.91 64.45 142.55 0.0392
854.68 252.11 119.06 107.02 0.0389
117.03 178.37 92.18 157.63 0.0387
31.36 0.00 89.24 94.99 0.0386
493.12 0.00 127.14 64.52 0.0383
814.73 27.80 150.93 73.08 0.0382
761.52 64.17 124.49 128.30 0.0382
0.00 297.13 63.23 164.74 0.0378
400.68 361.55 109.35 183.91 0.0377
514.62 566.77 106.93 162.61 0.0375
96.54 35.71 141.78 87.69 0.0371
653.54 280.62 120.02 161.13 0.0370
795.52 355.71 112.02 187.29 0.0370
43.85 47.28 101.05 98.43 0.0368
288.99 252.41 112.70 161.65 0.0368
859.17 313.74 164.83 294.39 0.0367
680.99 565.61 112.92 150.00 0.0362
686.68 318.90 119.21 159.69 0.0362
66.41 71.13 73.85 164.87 0.0361
594.70 62.30 429.30 152.51 0.0361
270.30 432.78 145.88 128.22 0.0361
221.29 0.00 125.50 64.31 0.0357
358.57 550.56 109.39 151.66 0.0355
542.88 371.83 121.94 157.14 0.0355
469.00 310.21 114.67 171.10 0.0354
153.19 29.64 239.77 223.11 0.0352
19.35 155.77 73.77 119.07 0.0352
92.67 242.93 88.82 131.43 0.0351
0.00 308.35 26.28 134.95 0.0351
590.69 561.07 101.07 161.82 0.0350
618.01 70.94 82.64 114.28 0.0350
793.05 270.43 134.60 116.58 0.0348
674.55 53.82 159.07 84.43 0.0347
285.83 0.00 355.04 127.40 0.0343
862.40 53.99 119.74 129.90 0.0343
647.42 368.04 113.22 180.31 0.0340
953.11 0.00 70.89 93.45 0.0338
508.67 285.02 116.35 154.85 0.0338
0.00 451.98 32.62 122.74 0.0336
465.15 553.61 112.55 151.18 0.0331
345.46 438.18 136.30 123.42 0.0329
777.10 0.00 153.93 65.09 0.0327
685.48 82.02 101.25 124.06 0.0326
371.75 295.65 141.73 134.14 0.0325
573.83 285.19 122.64 155.73 0.0321
404.85 0.00 100.44 67.74 0.0320
85.47 409.36 145.75 127.15 0.0318
488.45 33.11 156.53 75.90 0.0315
738.66 346.85 137.67 144.25 0.0314
543.86 517.52 106.36 159.11 0.0311
354.92 338.04 112.29 183.00 0.0311
285.87 341.76 108.50 178.09 0.0310
646.74 77.92 92.91 123.79 0.0310
826.38 280.23 139.03 161.06 0.0310
601.59 349.20 136.91 144.05 0.0305
741.27 0.00 282.73 149.00 0.0304
0.00 79.37 219.90 175.20 0.0301
846.18 191.95 140.68 127.25 0.0298
776.74 311.28 134.13 146.60 0.0295
224.76 14.21 86.94 124.58 0.0291
536.21 0.00 185.36 34.49 0.0291
322.06 282.12 116.35 175.28 0.0288
689.69 0.00 139.90 52.90 0.0284
43.08 0.00 134.15 46.27 0.0281
221.81 392.89 142.55 138.56 0.0281
0.00 640.92 45.46 91.08 0.0280
855.08 561.27 143.64 170.73 0.0278
156.42 295.33 135.52 142.41 0.0278
89.15 87.68 219.17 209.02 0.0273
903.39 411.89 120.61 320.11 0.0273
0.00 250.93 37.24 114.55 0.0273
601.81 542.86 139.39 120.88 0.0270
15.86 196.75 97.83 127.43 0.0268
0.00 197.11 63.53 137.50 0.0268
71.11 0.00 157.80 72.87 0.0268
