0_Parade_Parade_0_29
189
239.20 233.04 343.02 256.46 0.8976
162.15 241.07 233.34 255.52 0.7166
499.89 170.02 515.42 252.23 0.6372
426.85 236.87 371.36 245.46 0.3963
94.07 252.60 193.63 307.07 0.2816
164.27 153.75 361.33 174.70 0.1487
525.02 280.72 498.98 239.54 0.1084
438.45 304.93 311.18 340.69 0.0962
204.46 303.99 279.26 314.77 0.0943
488.49 117.82 490.27 160.84 0.0809
364.62 161.31 396.11 179.55 0.0722
50.80 213.67 83.21 126.96 0.0715
539.14 191.54 123.41 126.69 0.0705
796.82 191.30 115.68 122.15 0.0695
568.01 159.80 168.37 94.37 0.0681
318.00 332.70 312.63 353.30 0.0633
322.48 244.85 122.87 121.81 0.0632
534.05 406.21 281.53 279.79 0.0571
601.66 185.81 114.37 125.43 0.0564
805.04 162.89 161.09 99.93 0.0561
611.53 240.12 133.13 143.27 0.0561
63.30 410.27 242.17 275.73 0.0554
381.03 236.25 160.63 91.89 0.0541
79.02 215.88 103.89 140.31 0.0538
177.82 240.53 112.67 139.33 0.0537
493.66 465.34 134.37 143.76 0.0525
411.67 416.09 104.15 129.09 0.0524
187.45 130.33 116.49 121.74 0.0524
727.92 192.14 127.77 116.81 0.0510
104.10 204.17 123.60 113.12 0.0507
877.77 294.95 104.77 145.30 0.0507
475.32 195.46 125.50 113.46 0.0505
656.85 200.52 104.50 110.53 0.0499
687.57 231.64 125.48 110.61 0.0498
240.72 115.37 420.58 149.76 0.0498
548.93 437.31 125.66 151.13 0.0491
228.44 242.61 157.33 111.10 0.0491
837.71 222.85 110.66 124.04 0.0487
708.20 165.94 141.48 90.43 0.0485
329.16 284.51 108.72 155.34 0.0484
220.66 439.04 136.76 136.18 0.0477
332.40 402.86 108.66 145.00 0.0476
839.83 84.56 108.58 131.73 0.0474
729.14 35.47 105.28 147.35 0.0474
651.49 122.89 108.04 122.10 0.0471
390.92 385.28 134.33 95.67 0.0467
334.66 478.36 100.24 129.47 0.0466
796.80 485.85 134.96 120.24 0.0460
20.61 224.20 73.87 102.69 0.0457
586.06 95.06 105.64 131.56 0.0456
363.53 449.83 93.71 119.77 0.0455
620.72 55.51 103.60 135.36 0.0454
210.61 104.21 127.18 111.02 0.0449
272.53 451.83 140.49 116.65 0.0444
691.21 79.26 101.43 135.86 0.0444
803.41 48.50 107.81 135.71 0.0442
443.01 158.76 98.22 131.73 0.0437
369.19 329.33 112.70 139.70 0.0435
37.74 260.17 56.48 117.76 0.0430
403.04 202.10 111.27 100.38 0.0428
141.46 159.07 116.96 115.58 0.0427
479.67 111.92 96.33 140.29 0.0423
164.08 29.45 130.11 95.56 0.0418
548.61 46.14 111.61 134.14 0.0416
467.03 39.58 113.62 145.08 0.0413
62.16 128.49 166.50 338.10 0.0411
432.07 341.92 130.76 135.80 0.0410
759.67 504.37 129.40 132.35 0.0407
752.74 369.75 120.46 136.73 0.0407
244.46 311.65 119.69 129.09 0.0407
562.70 246.10 134.98 100.48 0.0406
391.63 268.83 128.48 129.12 0.0406
520.66 145.18 107.66 136.91 0.0405
218.87 188.72 99.46 142.78 0.0404
439.79 85.09 103.47 117.39 0.0398
319.78 205.90 169.11 82.14 0.0397
163.89 354.97 145.73 99.63 0.0396
202.08 392.60 149.63 94.73 0.0395
291.33 83.68 105.79 132.80 0.0395
566.79 165.33 271.17 197.06 0.0394
842.45 454.18 128.00 124.59 0.0393
68.71 140.52 71.35 137.88 0.0391
459.18 406.64 147.69 135.59 0.0389
509.00 234.66 115.17 122.37 0.0388
772.01 79.19 104.79 135.75 0.0388
169.21 0.00 144.69 56.27 0.0381
361.67 76.71 108.14 147.17 0.0381
580.91 44.77 176.95 69.48 0.0379
0.00 352.47 228.62 250.92 0.0377
209.14 29.81 144.26 78.80 0.0376
759.56 452.33 128.08 112.34 0.0376
332.28 547.56 178.78 94.89 0.0375
669.34 46.44 153.10 82.36 0.0374
110.56 32.64 136.31 109.90 0.0372
507.68 27.45 143.02 72.55 0.0371
0.00 0.00 62.42 69.54 0.0369
763.99 45.14 179.39 64.74 0.0369
323.29 41.98 111.76 145.65 0.0367
393.45 114.65 111.94 140.55 0.0362
514.06 75.63 108.65 135.96 0.0361
0.00 460.88 184.12 225.12 0.0359
259.65 365.32 118.89 147.06 0.0359
392.05 51.62 112.59 119.97 0.0358
196.16 56.96 291.35 192.26 0.0355
135.00 320.15 122.43 108.04 0.0351
281.15 355.58 145.89 103.27 0.0349
121.27 163.78 162.38 252.28 0.0345
31.27 145.61 59.71 148.53 0.0345
784.33 336.91 146.07 129.51 0.0342
799.90 415.79 119.55 120.75 0.0341
247.65 1.21 149.97 65.24 0.0340
764.62 185.32 259.38 176.57 0.0340
439.99 251.61 145.56 115.40 0.0340
121.27 265.86 120.25 125.86 0.0338
696.09 27.26 147.78 67.16 0.0337
418.37 43.25 121.81 88.35 0.0335
168.34 70.46 116.22 110.52 0.0334
580.19 2.52 150.67 67.23 0.0333
550.86 360.46 108.55 166.48 0.0333
202.08 274.99 137.05 122.57 0.0331
752.52 236.54 116.19 138.13 0.0329
807.28 257.87 115.74 136.26 0.0328
448.44 28.01 133.66 75.91 0.0327
430.64 5.82 154.19 61.47 0.0327
497.69 345.76 131.58 121.41 0.0325
262.44 59.29 101.45 130.41 0.0324
656.43 4.16 157.57 61.63 0.0323
502.32 3.21 159.06 64.59 0.0323
330.27 612.39 214.75 73.61 0.0319
325.88 115.24 115.11 131.76 0.0318
287.35 29.14 144.88 73.52 0.0316
0.00 58.23 222.18 191.90 0.0316
215.52 162.58 173.17 99.18 0.0316
301.25 201.42 97.01 117.54 0.0314
798.35 0.00 155.70 64.76 0.0311
0.00 0.00 225.25 20.65 0.0308
619.23 452.96 81.26 134.78 0.0307
720.07 2.11 164.88 62.20 0.0307
852.75 205.61 171.25 67.27 0.0306
722.54 305.92 127.17 132.36 0.0298
46.88 166.31 171.04 93.19 0.0295
328.65 43.76 161.78 72.32 0.0295
559.24 284.87 98.42 168.66 0.0293
363.07 150.08 108.00 123.88 0.0292
462.13 308.52 124.69 128.34 0.0288
835.36 375.44 126.24 130.01 0.0286
141.41 109.44 132.34 120.12 0.0284
0.00 203.15 44.03 112.87 0.0281
546.59 411.20 223.48 93.21 0.0281
621.48 382.44 402.52 247.85 0.0280
0.00 265.32 65.69 126.94 0.0279
443.08 486.39 119.16 145.56 0.0277
722.24 523.01 134.32 162.99 0.0277
359.29 3.37 155.66 67.34 0.0276
51.04 281.52 79.80 128.20 0.0276
253.95 43.42 414.65 140.33 0.0276
762.69 0.00 261.31 125.31 0.0273
949.41 0.00 74.59 80.92 0.0268
2.94 158.85 66.43 106.84 0.0267
378.32 563.35 91.37 122.65 0.0266
14.17 99.33 94.75 148.89 0.0263
279.46 0.00 185.05 39.00 0.0258
541.59 527.83 127.38 145.08 0.0257
892.27 342.05 131.73 121.37 0.0257
601.50 0.00 195.95 36.66 0.0255
830.58 511.66 126.66 162.23 0.0240
466.19 530.43 154.63 151.69 0.0238
829.21 0.00 186.95 36.22 0.0236
415.24 590.70 92.89 95.30 0.0235
88.19 0.00 181.85 45.50 0.0234
484.94 283.39 149.01 107.95 0.0233
662.05 481.51 87.84 150.55 0.0232
304.78 471.03 209.57 89.45 0.0228
0.00 623.04 148.22 62.96 0.0226
260.99 510.77 159.80 119.56 0.0224
468.73 34.11 287.17 207.24 0.0223
386.11 0.00 196.58 33.64 0.0221
585.16 291.85 160.68 147.09 0.0217
89.79 4.13 230.82 87.63 0.0215
396.70 0.00 331.53 103.48 0.0212
866.96 100.47 157.04 83.20 0.0211
252.05 0.00 335.24 107.70 0.0210
860.71 215.90 163.29 305.56 0.0210
919.89 0.00 104.11 24.14 0.0208
219.00 0.00 226.30 166.20 0.0205
580.82 486.55 145.85 127.15 0.0204
792.95 548.38 101.53 137.62 0.0203
286.41 601.08 143.43 84.92 0.0202
21.31 0.00 132.70 96.82 0.0201
