57_Angler_peoplefishing_57_661
122
195.97 140.69 22.59 39.04 0.202074
482.78 402.53 34.45 43.64 0.188369
235.01 411.39 26.92 30.84 0.167074
35.83 65.70 58.81 105.09 0.151739
53.38 112.04 33.72 66.34 0.151113
52.48 49.06 40.13 70.85 0.146862
203.31 444.16 30.14 32.13 0.144607
146.78 115.54 34.15 67.38 0.143890
101.53 170.50 26.31 47.06 0.135836
194.08 157.57 25.81 39.98 0.135168
58.54 26.05 31.10 48.26 0.129023
59.13 0.00 29.19 39.03 0.127946
95.24 420.25 29.49 37.29 0.121790
385.53 417.52 20.71 24.85 0.121339
238.04 442.28 28.72 39.68 0.120210
142.27 279.66 26.96 40.02 0.119728
11.53 34.88 44.66 99.36 0.119177
652.87 376.15 169.95 179.03 0.116992
203.14 415.11 30.81 33.08 0.112897
486.33 380.04 69.26 97.86 0.109524
248.22 173.85 23.20 35.87 0.105612
513.65 376.63 98.53 125.65 0.105317
11.67 0.00 27.45 37.41 0.104982
447.22 260.82 56.27 108.66 0.104575
244.58 137.28 23.62 44.92 0.104515
199.60 245.64 27.21 41.85 0.104342
380.24 443.28 26.47 33.37 0.102697
424.58 333.40 31.57 43.01 0.102613
103.24 120.55 30.98 62.68 0.102583
9.76 98.93 39.38 76.07 0.100984
472.35 344.41 27.45 33.11 0.100236
62.30 413.44 33.92 34.68 0.100068
154.53 160.77 24.55 40.47 0.099901
341.89 415.55 22.22 27.89 0.094872
94.84 60.15 32.23 56.68 0.094068
13.15 26.01 33.56 59.92 0.092654
570.55 345.89 23.36 28.82 0.091361
339.97 347.11 19.59 28.08 0.090641
103.13 77.97 29.88 66.03 0.088735
338.58 450.62 31.25 32.01 0.088228
287.58 453.60 25.67 30.58 0.088201
150.78 436.84 34.73 36.14 0.086234
197.18 108.20 22.03 43.15 0.086011
151.80 416.27 28.21 31.68 0.085853
133.90 84.10 38.38 84.68 0.085183
330.22 470.40 40.05 40.32 0.083780
245.75 344.87 21.49 27.31 0.083314
287.68 473.68 29.62 32.50 0.081818
403.02 270.00 60.89 103.75 0.081011
290.11 136.09 20.71 32.93 0.080340
245.44 101.53 21.86 39.55 0.080109
60.58 194.88 26.40 44.48 0.079009
144.55 347.21 27.44 28.00 0.078942
56.74 147.32 35.48 61.81 0.077552
232.86 386.62 30.25 34.92 0.076455
104.41 346.01 26.41 30.24 0.076223
335.30 372.61 24.99 32.78 0.076018
64.49 433.30 34.94 36.71 0.075608
368.77 277.23 56.34 85.39 0.075573
522.15 344.58 34.05 36.04 0.075173
382.23 381.73 27.30 31.43 0.074006
515.87 296.23 45.26 69.82 0.073867
195.79 347.07 22.56 24.54 0.072809
425.76 415.14 26.58 31.54 0.072192
293.69 414.37 22.23 25.31 0.072122
482.51 575.75 47.87 42.89 0.070666
49.50 339.86 32.86 44.51 0.070331
101.50 378.69 33.69 34.21 0.070140
239.16 464.03 36.55 40.32 0.069998
83.23 0.00 38.75 40.93 0.069644
81.58 20.59 41.18 57.20 0.069523
149.31 185.09 29.63 65.48 0.069168
135.82 65.14 33.06 65.87 0.069014
141.71 232.55 33.63 61.53 0.068885
193.22 385.05 29.73 34.98 0.068785
426.95 373.49 26.77 34.73 0.067921
52.01 374.91 34.20 43.51 0.067883
334.10 133.71 23.93 38.03 0.067092
11.86 364.00 26.20 44.86 0.066164
6.55 151.23 32.05 62.51 0.065855
12.95 330.75 31.18 57.18 0.065830
34.76 644.13 44.48 41.18 0.065602
337.44 300.28 28.79 51.10 0.064972
378.30 334.65 33.56 42.62 0.064898
233.82 591.05 50.72 35.67 0.064608
104.14 302.02 30.20 42.69 0.064555
284.59 176.35 26.16 31.36 0.063584
9.82 197.27 25.58 48.03 0.063535
467.49 430.54 49.85 79.29 0.063482
368.40 458.21 42.80 51.66 0.063295
195.56 199.63 26.13 50.98 0.063146
142.22 375.24 35.03 39.67 0.062864
191.52 297.41 32.84 45.35 0.062819
51.06 292.32 37.10 57.32 0.062158
100.83 223.95 29.17 55.82 0.062079
248.59 67.12 19.53 38.66 0.061320
494.13 564.88 64.40 53.39 0.060218
600.10 326.59 50.19 48.72 0.059867
50.65 258.16 36.21 60.22 0.059417
9.86 407.74 24.06 35.09 0.058910
557.72 351.64 53.50 64.24 0.058499
287.88 346.99 25.71 28.67 0.057451
481.69 557.85 40.09 29.66 0.056293
106.83 269.72 23.79 41.13 0.055817
420.98 443.86 38.64 49.78 0.055224
523.00 153.24 34.46 54.70 0.055196
105.17 486.33 28.04 24.04 0.053492
369.30 227.84 47.09 85.11 0.052995
427.62 218.72 45.89 126.65 0.052861
0.00 691.59 39.46 61.41 0.052760
361.90 545.64 57.71 37.43 0.052391
548.72 353.94 91.90 106.13 0.051711
384.93 606.35 72.80 54.98 0.051612
314.82 586.60 58.68 38.12 0.051590
197.78 459.06 41.50 43.61 0.051467
339.17 270.09 30.80 56.68 0.051346
247.56 37.41 23.93 39.30 0.051293
475.96 581.14 68.43 62.33 0.051238
556.79 316.01 40.46 46.56 0.051088
302.33 595.87 79.23 52.02 0.050927
385.98 170.94 21.79 34.30 0.050441
545.86 89.40 64.85 101.24 0.050386
