57_Angler_peoplefishing_57_866
21
615.34 79.81 143.12 189.15 0.851474
243.57 133.65 145.04 205.90 0.848303
443.62 490.31 83.93 115.70 0.490020
658.82 513.66 88.17 88.31 0.112857
429.72 382.62 132.10 167.18 0.108313
686.73 528.01 60.65 47.07 0.095066
723.51 529.59 52.92 54.81 0.092212
315.88 545.24 137.57 134.77 0.091122
468.38 265.29 258.27 313.93 0.079135
221.27 222.71 117.92 142.54 0.075705
497.73 412.82 222.18 279.78 0.074185
645.60 162.70 96.76 114.87 0.073703
225.93 281.50 84.03 104.57 0.072483
379.65 485.60 72.98 100.37 0.064585
302.39 105.99 80.68 74.14 0.062795
726.44 53.14 57.96 125.79 0.061532
192.21 548.74 56.50 55.61 0.057476
290.01 109.30 122.19 118.14 0.052866
249.98 105.36 94.90 87.49 0.052193
641.41 453.88 117.89 166.95 0.051885
224.59 558.34 50.17 44.57 0.050204
