57_Angler_peoplefishing_57_51
191
701.17 56.05 57.91 78.78 0.626325
476.91 105.65 48.30 54.75 0.489873
733.53 121.19 43.14 58.96 0.315008
361.94 215.89 44.75 41.70 0.312547
599.40 240.18 39.81 54.26 0.297219
338.95 127.96 37.14 37.95 0.291954
919.83 136.44 39.01 51.04 0.285974
828.98 160.60 42.39 45.27 0.282140
474.40 226.98 39.46 48.24 0.267826
671.14 216.78 37.66 54.65 0.252958
239.35 60.63 29.14 39.21 0.235514
240.62 87.69 30.77 37.21 0.221228
418.43 264.41 40.63 43.47 0.219185
95.46 55.15 36.24 47.29 0.217666
895.63 137.79 40.44 59.70 0.215189
202.96 88.99 31.22 34.74 0.210706
235.16 119.42 35.03 38.77 0.208633
98.87 83.19 34.38 45.27 0.196903
139.54 63.53 34.30 40.33 0.195640
511.49 236.20 39.33 45.75 0.195116
200.35 119.72 27.22 32.26 0.192224
96.40 111.29 30.88 38.84 0.188013
241.32 149.01 33.62 40.12 0.187390
292.73 158.18 23.69 28.67 0.184709
360.10 316.18 51.10 47.14 0.184234
230.50 215.43 46.33 42.27 0.183614
365.70 138.66 44.66 40.30 0.178202
441.40 586.97 104.05 88.31 0.170879
233.04 182.73 37.71 34.30 0.170212
295.66 123.77 23.48 28.89 0.168833
241.93 239.09 41.21 31.17 0.168434
888.78 203.63 31.69 37.48 0.168403
200.85 65.18 35.20 48.23 0.167590
654.21 267.95 46.32 72.43 0.164636
796.62 218.90 34.34 33.95 0.163768
365.90 194.07 44.69 47.00 0.163352
553.07 209.64 40.64 48.76 0.162385
889.08 173.33 36.90 49.44 0.161436
485.39 110.23 61.00 72.18 0.160349
192.89 182.78 33.66 31.37 0.159055
475.00 252.07 47.63 59.95 0.158283
192.11 155.71 37.91 44.95 0.156391
25.88 83.15 60.10 72.50 0.153685
988.45 213.98 24.85 32.73 0.152291
10.33 62.66 48.78 51.02 0.150616
417.80 149.73 34.40 36.81 0.150339
340.37 224.30 65.49 52.09 0.150303
507.33 168.07 60.13 76.92 0.148845
103.78 157.81 28.18 35.81 0.146260
108.23 225.61 33.93 37.28 0.145653
416.77 178.50 37.07 42.50 0.143418
100.56 174.13 28.17 36.55 0.138710
806.20 164.23 47.83 54.66 0.138695
287.48 181.16 32.81 30.81 0.135207
242.99 40.48 25.33 35.56 0.131673
917.76 159.50 44.82 51.60 0.131092
6.29 0.00 43.32 34.31 0.131028
334.14 189.36 63.64 57.75 0.128051
358.74 268.19 71.65 59.07 0.126746
46.02 24.90 38.36 37.57 0.122004
294.03 100.73 22.13 28.39 0.121332
425.02 282.55 41.56 51.18 0.120247
78.60 368.00 80.48 36.96 0.120169
784.58 231.77 47.95 65.78 0.118925
189.53 24.96 34.25 45.27 0.118395
838.68 197.24 49.96 57.66 0.118220
40.33 0.61 44.59 33.21 0.117740
428.15 212.94 31.04 36.08 0.117477
142.41 148.23 41.51 52.71 0.115929
536.93 166.37 57.12 77.05 0.115794
504.28 253.73 50.52 60.01 0.114958
506.64 339.47 45.67 45.45 0.114470
331.71 103.07 29.69 36.20 0.114069
562.83 456.51 73.06 60.11 0.113152
934.64 250.90 32.56 33.38 0.111346
3.99 9.48 49.26 50.42 0.110010
603.29 180.63 34.67 44.05 0.109383
278.48 239.93 49.10 37.41 0.109293
142.51 378.91 70.76 32.00 0.108607
45.87 349.68 84.95 37.41 0.108125
961.58 346.78 51.79 82.75 0.107884
896.37 571.54 109.82 102.40 0.107205
132.46 211.39 45.08 50.92 0.106041
922.57 282.14 58.92 73.46 0.105393
755.88 241.07 61.76 71.75 0.104206
466.39 267.66 48.31 70.19 0.103517
185.08 4.67 35.41 31.69 0.103376
504.17 281.77 52.51 58.11 0.103166
142.80 125.84 32.62 31.59 0.102926
478.08 174.88 48.72 55.07 0.101443
846.14 123.68 35.47 44.90 0.099318
359.99 346.26 57.68 56.34 0.098594
143.03 32.20 39.54 42.21 0.096769
738.46 546.78 87.15 97.97 0.095654
171.21 340.88 96.88 39.44 0.095391
338.23 361.31 62.79 38.75 0.094624
499.78 433.58 56.89 40.87 0.094256
146.41 183.86 40.34 46.89 0.093490
982.22 224.09 32.88 51.74 0.093304
980.80 417.33 39.54 63.63 0.093295
151.58 383.46 121.41 57.36 0.092622
734.01 263.89 64.27 91.64 0.092555
4.22 466.05 53.73 52.92 0.092253
674.17 210.93 63.24 75.11 0.091067
145.11 392.97 74.74 34.04 0.090834
693.40 274.69 62.13 84.13 0.090594
683.86 363.35 53.89 63.55 0.090469
646.50 354.70 49.91 57.30 0.089976
919.99 306.58 68.99 93.29 0.089176
286.14 217.36 38.93 36.28 0.088953
6.83 358.30 106.48 51.44 0.088056
186.46 319.38 78.38 47.32 0.086444
891.13 101.57 38.93 52.45 0.086400
989.04 196.10 23.85 36.57 0.086319
451.96 564.04 174.24 118.96 0.085335
933.30 208.16 44.71 45.44 0.084207
642.62 308.86 58.19 69.50 0.082495
840.45 222.58 55.80 77.55 0.081425
568.92 269.00 44.91 55.14 0.080853
67.40 374.17 110.08 56.06 0.080539
471.49 431.54 92.95 68.63 0.079050
151.57 4.07 33.31 31.05 0.078934
27.40 459.59 74.20 44.35 0.078750
90.00 0.00 37.06 32.43 0.078597
130.24 351.72 72.71 43.19 0.078049
40.14 386.40 92.97 43.07 0.077488
291.04 66.27 20.32 27.86 0.076954
181.16 191.65 61.26 62.71 0.076693
737.54 357.53 68.41 64.43 0.076153
578.38 468.42 87.54 98.42 0.076037
313.30 371.47 95.36 63.60 0.075740
50.25 131.81 42.69 55.12 0.074724
822.71 282.76 76.73 93.35 0.074322
895.25 459.12 39.67 38.09 0.074163
181.60 405.53 113.17 56.53 0.071930
596.80 278.08 61.49 68.13 0.071902
879.94 230.48 52.05 63.32 0.071812
568.26 297.89 43.81 47.16 0.071489
0.00 407.60 88.46 75.74 0.070997
23.79 426.45 98.80 51.72 0.069868
233.95 357.75 139.71 68.01 0.069403
980.17 275.58 37.09 60.09 0.068643
361.60 574.88 120.06 102.71 0.068418
0.53 380.02 115.20 64.50 0.067820
477.47 612.29 103.04 70.71 0.066838
1.43 651.19 31.88 30.18 0.066798
464.93 362.24 45.50 41.32 0.065608
95.21 649.59 46.12 33.41 0.065595
775.16 267.56 74.32 87.76 0.065583
184.54 226.17 60.11 49.97 0.065569
875.76 273.66 87.28 100.42 0.064842
298.56 581.78 135.08 90.10 0.064676
4.98 163.29 40.80 60.30 0.064394
616.84 490.42 78.20 77.01 0.064197
772.69 345.07 72.68 74.99 0.063751
650.25 388.99 49.62 41.81 0.063641
825.38 347.28 61.55 59.25 0.063472
608.38 324.73 51.44 53.07 0.063380
6.58 106.25 58.42 85.71 0.063160
935.07 388.47 52.62 56.61 0.062492
41.67 438.96 115.95 62.30 0.062360
599.26 158.58 37.41 36.36 0.062184
922.01 103.91 37.20 45.36 0.061701
471.08 331.99 44.29 51.67 0.060819
557.05 125.02 32.37 41.72 0.060492
560.84 510.19 88.38 65.34 0.060269
53.13 656.83 40.21 26.17 0.060006
894.86 438.89 34.17 39.03 0.058856
936.53 417.49 53.79 52.00 0.058852
529.18 618.22 84.90 64.78 0.058648
100.02 263.31 50.11 47.97 0.057867
666.62 105.85 39.43 49.36 0.057633
108.07 390.44 135.49 73.60 0.057457
672.85 315.68 71.22 75.41 0.057325
396.56 321.86 65.91 59.43 0.056965
834.40 567.20 94.75 109.29 0.056365
318.67 414.35 82.50 49.33 0.055973
318.71 526.48 54.18 25.84 0.054969
802.04 120.09 34.42 49.10 0.054729
329.36 68.30 25.46 32.59 0.053941
383.72 344.91 77.25 60.51 0.053928
418.80 610.77 86.41 72.23 0.053463
597.57 354.16 56.17 63.43 0.053434
569.41 334.14 39.76 39.67 0.053295
62.92 582.25 53.18 40.09 0.052567
334.78 515.33 97.37 42.35 0.052337
56.10 169.48 41.09 44.99 0.051120
279.76 28.81 33.02 39.77 0.051051
758.46 209.74 49.50 55.28 0.051035
689.60 503.35 63.29 71.81 0.050188
738.80 499.86 98.67 93.00 0.050072
