54_Rescue_firemanrescue_54_617
81
28.57 1060.28 117.49 142.13 0.3802
596.94 252.84 236.01 345.73 0.2516
138.90 579.26 166.47 197.16 0.2465
324.47 715.52 61.60 111.53 0.2317
143.47 1005.36 53.76 88.11 0.1939
5.62 722.77 26.19 51.47 0.1897
236.61 1057.67 51.17 64.94 0.1867
218.79 1052.30 41.64 54.81 0.1860
181.54 721.29 91.38 117.18 0.1837
75.33 597.59 155.75 154.32 0.1836
786.91 800.09 78.99 105.10 0.1808
37.43 727.97 27.97 49.08 0.1556
287.13 1087.81 43.63 53.69 0.1457
63.91 614.82 81.29 91.17 0.1451
72.37 979.48 94.18 180.19 0.1408
119.40 731.02 97.31 112.47 0.1304
9.65 643.05 20.63 37.35 0.1270
42.67 647.01 26.36 47.23 0.1266
39.84 665.90 28.35 60.51 0.1251
322.86 639.25 58.92 122.67 0.1220
93.54 645.25 96.01 124.23 0.1203
105.63 756.67 132.06 143.09 0.1143
0.00 813.55 37.92 117.00 0.1109
310.42 1099.12 66.29 67.40 0.1103
8.40 692.10 22.98 49.36 0.1101
275.96 1059.37 47.49 58.26 0.1080
84.23 1066.69 95.57 125.13 0.1075
167.12 1222.34 57.10 57.03 0.1061
96.41 1159.68 99.15 118.83 0.1050
57.89 683.44 55.78 95.11 0.1026
319.30 829.18 157.72 166.86 0.1015
259.80 1170.01 59.27 74.86 0.1014
50.21 816.90 53.14 93.75 0.0993
278.45 1127.31 54.96 75.78 0.0982
0.00 983.43 49.50 105.02 0.0962
266.68 621.28 100.92 169.65 0.0944
252.66 1126.33 58.81 83.36 0.0942
243.68 874.37 81.10 104.06 0.0856
6.24 1024.79 85.52 130.60 0.0855
0.00 746.56 39.04 111.92 0.0854
250.02 1007.44 44.98 85.55 0.0817
373.81 1171.05 68.48 98.70 0.0812
30.59 499.49 262.19 270.28 0.0808
182.95 832.48 146.85 162.97 0.0796
6.62 603.29 20.28 43.67 0.0793
286.58 1054.60 88.20 97.51 0.0790
19.00 795.53 58.36 114.80 0.0773
55.10 766.89 45.95 76.73 0.0762
589.01 144.34 53.70 91.95 0.0758
186.82 767.26 125.10 160.15 0.0748
508.23 820.16 76.11 104.01 0.0687
546.53 760.18 92.22 132.34 0.0680
946.66 710.07 60.79 137.71 0.0673
990.78 200.07 28.09 106.90 0.0654
976.86 214.96 43.27 157.12 0.0642
256.08 1209.12 45.51 64.72 0.0629
145.78 958.25 71.58 108.34 0.0627
29.52 750.53 41.95 88.34 0.0621
435.40 1106.41 68.25 159.58 0.0608
474.47 856.77 129.41 265.97 0.0588
941.53 807.01 54.40 126.07 0.0587
279.41 1196.61 46.20 71.85 0.0584
266.40 761.92 77.65 124.67 0.0578
7.37 838.38 108.23 196.34 0.0557
851.92 834.56 60.20 137.69 0.0556
300.64 705.20 114.70 192.53 0.0549
573.78 79.61 325.36 407.01 0.0543
96.04 823.30 123.67 168.45 0.0542
219.65 1065.96 67.01 122.62 0.0538
472.58 1186.68 35.04 83.13 0.0536
313.75 1181.76 60.31 74.69 0.0536
704.95 828.77 173.77 265.69 0.0536
911.86 800.19 48.92 132.19 0.0528
658.33 648.40 236.99 390.29 0.0527
470.98 810.96 90.42 131.33 0.0523
751.77 293.61 126.73 234.10 0.0520
240.09 927.36 63.22 88.61 0.0512
334.32 1114.03 66.90 84.14 0.0509
569.94 679.19 123.53 204.52 0.0508
770.97 816.60 109.19 155.68 0.0502
162.06 1076.83 56.01 80.44 0.0501
