54_Rescue_rescuepeople_54_431
200
522.89 515.43 31.79 43.42 0.6689
373.68 389.55 30.27 39.96 0.4635
628.37 544.32 33.70 47.91 0.4462
782.76 522.48 34.09 41.68 0.4458
852.90 537.91 29.73 41.42 0.4371
37.14 467.43 109.41 106.86 0.4167
377.74 331.00 21.27 28.57 0.3878
667.62 512.18 32.07 47.23 0.3856
772.15 453.77 24.43 30.32 0.3658
562.51 310.15 20.56 25.03 0.3576
741.55 390.23 16.78 25.40 0.3517
948.48 529.50 29.88 41.93 0.3494
670.13 401.24 25.57 30.55 0.3476
95.43 329.94 82.17 88.50 0.3474
664.58 354.06 17.82 24.20 0.3403
704.36 386.52 19.47 26.26 0.3386
340.05 365.27 25.94 32.53 0.3323
876.77 420.84 30.30 37.47 0.3286
294.27 400.99 30.33 37.97 0.3194
450.28 416.05 18.80 27.29 0.3190
524.05 362.69 17.76 29.65 0.3111
819.25 362.43 26.52 25.12 0.3099
810.50 408.55 21.09 25.84 0.3093
626.69 410.41 19.79 24.56 0.3038
740.36 455.36 21.25 27.34 0.3034
777.65 402.88 19.86 28.21 0.3034
594.64 260.27 14.46 20.32 0.3019
291.48 424.59 35.30 53.09 0.2977
880.47 487.30 30.21 39.46 0.2959
702.94 458.64 24.11 27.94 0.2959
588.50 459.49 23.19 34.02 0.2951
522.88 450.22 25.56 34.84 0.2905
486.74 479.55 27.24 30.74 0.2901
485.53 211.90 16.23 27.90 0.2877
289.80 354.47 23.91 29.83 0.2845
296.84 386.37 23.06 36.13 0.2842
521.61 380.93 19.81 30.18 0.2832
551.18 439.61 23.57 31.48 0.2780
487.47 221.01 19.18 28.91 0.2764
626.52 308.35 18.19 22.26 0.2715
777.20 331.69 18.86 23.21 0.2706
698.58 308.16 18.29 20.37 0.2704
812.09 435.14 22.19 26.93 0.2695
593.75 309.77 19.24 25.73 0.2690
484.44 311.22 18.38 30.04 0.2675
779.41 391.34 19.44 27.14 0.2644
848.77 402.90 21.90 29.54 0.2624
627.47 389.78 18.71 24.35 0.2611
560.58 363.30 16.60 24.49 0.2606
449.23 203.60 15.83 24.83 0.2595
728.83 568.15 29.77 36.15 0.2592
851.34 638.05 31.13 32.45 0.2585
407.76 387.54 20.60 30.90 0.2584
141.85 271.03 31.26 37.44 0.2574
521.95 234.36 15.00 22.69 0.2572
740.15 400.25 21.11 31.79 0.2556
814.59 378.44 27.23 31.06 0.2547
295.76 265.09 20.00 29.48 0.2543
687.97 515.38 30.73 42.96 0.2538
704.14 361.34 18.49 24.42 0.2530
875.73 499.01 36.58 56.15 0.2525
737.28 334.97 18.73 21.72 0.2507
595.64 435.96 21.89 28.84 0.2506
816.89 152.46 15.44 20.10 0.2505
588.30 667.96 23.45 32.68 0.2505
853.10 455.84 28.76 31.99 0.2492
409.55 259.55 19.93 35.33 0.2471
322.50 622.09 37.36 45.54 0.2462
672.48 312.11 17.67 18.78 0.2440
772.91 311.51 21.39 25.54 0.2418
155.53 207.37 15.52 20.33 0.2403
375.59 261.59 16.17 27.00 0.2402
635.06 481.14 28.61 32.93 0.2398
301.54 184.42 22.30 26.71 0.2373
705.94 557.07 28.40 35.72 0.2368
450.67 556.33 22.41 35.24 0.2352
484.32 460.48 24.94 33.36 0.2343
596.76 362.43 17.30 24.58 0.2343
378.40 549.02 25.96 37.38 0.2342
452.16 425.47 25.19 31.89 0.2335
445.15 328.39 20.82 34.79 0.2333
481.27 324.06 21.98 33.12 0.2320
560.12 382.74 20.70 29.53 0.2320
633.88 288.69 13.99 16.99 0.2310
841.42 385.84 26.24 32.90 0.2308
338.92 231.28 18.23 26.11 0.2303
376.97 186.39 16.39 22.18 0.2285
86.85 545.75 105.76 77.85 0.2279
518.26 669.46 19.29 25.04 0.2235
660.01 463.96 24.80 31.15 0.2218
916.42 508.85 24.75 38.00 0.2215
631.06 362.88 16.77 22.62 0.2210
412.90 207.10 16.96 25.18 0.2205
446.43 233.50 18.02 26.96 0.2199
479.30 437.05 22.82 29.51 0.2197
920.65 487.60 21.67 33.75 0.2194
521.69 282.28 16.15 24.56 0.2168
627.05 690.58 26.63 27.04 0.2162
555.14 452.87 27.61 42.09 0.2154
665.19 282.93 17.13 19.65 0.2153
704.29 442.27 20.24 27.13 0.2136
851.86 540.92 60.42 75.55 0.2135
451.97 185.34 13.75 19.27 0.2123
372.24 309.91 21.28 33.02 0.2117
737.62 441.38 22.25 29.20 0.2108
703.20 258.21 17.92 26.59 0.2103
152.52 229.87 19.78 24.25 0.2101
741.72 308.91 17.69 21.51 0.2100
705.13 286.23 16.94 23.55 0.2078
633.14 185.46 12.48 14.91 0.2072
743.48 287.10 15.48 21.92 0.2070
231.07 207.49 19.32 26.47 0.2069
302.11 554.29 32.49 42.60 0.2066
523.03 308.15 17.29 24.33 0.2057
665.65 261.21 18.86 23.84 0.2046
633.78 234.77 18.09 20.41 0.2040
813.09 458.41 22.25 31.84 0.2031
860.34 511.09 48.22 63.36 0.2030
779.83 133.31 14.30 17.76 0.2030
518.34 393.38 21.87 36.68 0.2028
412.81 230.01 17.55 24.59 0.2023
559.11 208.23 12.05 15.62 0.2014
377.30 197.43 19.42 29.02 0.2013
473.36 359.52 29.84 41.93 0.2012
370.88 273.74 19.75 32.04 0.2010
855.62 135.53 12.77 13.58 0.1988
776.71 442.05 23.26 33.23 0.1982
409.71 275.60 21.02 37.22 0.1981
449.28 253.04 21.45 35.16 0.1980
339.38 184.00 14.58 19.91 0.1972
556.98 645.75 18.04 26.02 0.1970
960.71 462.25 21.71 27.56 0.1970
482.53 278.23 20.19 30.40 0.1970
404.21 406.22 24.66 32.37 0.1966
371.23 351.89 30.12 40.83 0.1963
594.39 413.04 20.77 30.87 0.1961
593.60 383.60 18.57 24.98 0.1956
664.77 232.80 22.03 26.16 0.1955
853.10 435.44 26.85 30.20 0.1955
521.82 181.38 13.11 18.44 0.1944
592.14 678.02 24.01 33.59 0.1942
633.55 464.06 28.45 34.15 0.1932
519.50 255.30 17.59 28.66 0.1931
450.45 277.08 21.49 36.76 0.1930
67.56 308.74 81.75 100.69 0.1925
522.72 336.21 18.29 28.33 0.1919
336.08 310.51 18.53 22.90 0.1916
559.03 407.49 22.07 27.55 0.1915
846.34 609.37 49.81 58.27 0.1911
485.03 408.53 21.38 26.43 0.1905
697.58 397.55 25.27 34.51 0.1890
406.29 429.03 23.42 31.10 0.1887
983.50 462.60 29.77 33.50 0.1879
875.88 452.89 31.05 34.66 0.1875
815.96 135.83 13.64 17.41 0.1874
960.18 613.06 33.28 45.10 0.1869
333.25 398.80 29.33 38.77 0.1866
665.78 339.71 18.93 26.23 0.1862
448.34 309.37 19.65 36.88 0.1855
2.08 277.44 29.87 37.38 0.1853
229.79 225.21 19.64 27.81 0.1853
559.48 661.76 21.42 30.35 0.1852
670.64 185.94 12.77 14.74 0.1848
628.89 431.16 19.69 27.88 0.1831
86.45 209.51 28.12 19.93 0.1824
667.38 210.81 17.39 17.50 0.1816
486.88 183.53 12.60 16.84 0.1815
525.31 209.92 13.60 20.05 0.1810
597.20 210.58 12.60 16.29 0.1808
597.89 183.38 12.20 15.93 0.1787
997.02 432.51 18.60 25.94 0.1780
663.24 487.24 26.41 34.82 0.1780
192.39 205.50 18.22 22.51 0.1778
630.98 507.84 40.85 54.04 0.1769
96.08 440.91 70.43 75.48 0.1769
557.74 473.15 31.35 41.77 0.1768
926.10 135.72 13.18 14.04 0.1766
302.77 533.11 25.36 38.75 0.1764
924.71 464.03 20.05 27.02 0.1760
322.33 557.84 37.18 37.69 0.1755
2.91 321.83 30.29 52.12 0.1755
1001.04 413.46 19.42 25.29 0.1753
301.34 226.95 19.60 27.48 0.1747
560.50 325.48 19.08 28.84 0.1734
561.29 188.16 10.79 16.43 0.1730
656.43 533.28 34.39 56.65 0.1726
338.28 207.56 16.33 25.16 0.1722
302.56 197.11 24.56 31.97 0.1721
705.63 336.52 16.07 21.72 0.1716
598.30 160.47 13.16 16.77 0.1716
596.31 646.51 16.88 26.80 0.1715
485.35 619.90 15.53 22.67 0.1713
633.75 260.58 17.74 22.73 0.1709
230.11 305.41 22.53 27.85 0.1705
773.35 533.58 36.64 52.47 0.1698
294.54 338.10 21.79 29.03 0.1689
818.37 108.06 12.79 14.25 0.1686
778.22 106.98 14.18 15.81 0.1680
740.07 157.13 16.18 19.33 0.1672
632.76 209.73 15.16 17.32 0.1666
