54_Rescue_firemanrescue_54_103
42
436.05 140.78 124.28 169.43 0.9150
331.65 594.94 116.44 125.94 0.2804
401.08 645.35 147.03 162.48 0.2573
620.98 172.85 108.57 148.07 0.2091
322.05 245.68 50.11 87.75 0.1730
593.89 114.30 114.72 156.52 0.1710
657.78 247.83 74.13 106.26 0.1617
593.96 73.65 201.53 265.02 0.1372
511.32 317.44 130.26 208.07 0.1286
401.16 150.61 66.56 104.34 0.1273
756.89 70.23 158.12 186.83 0.1142
406.46 173.74 84.16 127.20 0.1130
312.82 404.38 164.18 279.17 0.1104
333.50 196.47 58.39 68.76 0.0980
674.89 234.03 107.05 148.85 0.0945
858.32 50.88 54.47 55.98 0.0933
773.47 39.93 46.63 54.09 0.0875
396.84 326.89 197.93 260.66 0.0861
350.13 944.84 107.44 230.17 0.0805
595.35 262.80 113.93 163.62 0.0795
523.08 634.14 57.14 78.69 0.0758
670.43 302.30 70.12 100.62 0.0751
782.85 37.33 70.26 65.18 0.0730
767.82 6.21 64.78 69.07 0.0728
337.07 233.21 65.01 85.05 0.0719
557.89 241.53 109.52 157.71 0.0701
304.51 240.26 39.09 67.33 0.0695
554.02 355.42 143.04 194.93 0.0693
634.54 0.00 213.10 185.35 0.0663
994.79 0.00 25.20 54.93 0.0662
387.28 218.22 91.81 135.54 0.0659
686.62 370.96 83.10 128.84 0.0649
368.96 482.82 118.87 155.20 0.0624
409.51 580.37 128.72 144.07 0.0607
294.77 195.28 36.18 59.92 0.0594
709.72 330.24 73.65 117.52 0.0594
631.19 331.32 97.53 168.90 0.0560
824.57 50.33 73.23 70.03 0.0558
326.96 1073.38 42.86 117.80 0.0543
305.76 271.72 54.97 74.07 0.0527
800.02 83.40 100.22 93.12 0.0517
864.76 5.41 51.89 59.64 0.0502
