54_Rescue_rescuepeople_54_926
60
363.80 199.67 77.93 96.77 0.9214
152.42 95.73 103.71 106.73 0.9194
527.71 200.99 105.56 139.72 0.9182
382.87 501.85 133.50 85.10 0.3655
260.60 315.69 142.55 84.64 0.1550
365.98 136.02 62.98 79.19 0.1519
408.24 110.31 35.79 43.96 0.1472
260.80 286.10 74.77 65.19 0.1427
529.21 519.83 116.08 78.58 0.1386
370.54 74.47 27.99 28.65 0.1321
265.76 282.91 48.48 44.63 0.1304
380.42 439.86 173.47 165.83 0.1275
366.64 105.02 45.85 52.49 0.1273
336.15 71.57 22.51 28.74 0.1110
844.63 337.23 33.75 31.06 0.1039
246.74 144.36 51.85 71.16 0.1031
812.93 336.71 44.97 31.67 0.1000
419.58 99.47 49.39 55.97 0.0995
334.71 46.21 22.74 27.37 0.0978
327.86 21.54 29.44 31.42 0.0887
328.69 109.62 41.74 58.58 0.0884
298.77 92.84 33.10 57.56 0.0862
24.51 131.84 142.31 143.27 0.0812
238.42 381.05 101.99 94.30 0.0807
330.87 138.75 57.65 76.45 0.0801
734.98 0.00 115.02 60.83 0.0797
343.22 199.16 57.88 80.75 0.0785
856.03 334.96 45.88 36.34 0.0743
596.49 494.27 138.44 101.42 0.0742
330.68 534.95 29.33 27.59 0.0738
279.08 260.64 51.97 72.51 0.0737
402.97 67.69 26.82 31.83 0.0736
279.42 178.14 42.37 60.48 0.0733
233.75 121.55 55.92 75.01 0.0726
173.85 325.63 161.33 70.48 0.0724
288.74 242.41 131.60 137.22 0.0718
248.05 351.62 132.68 69.23 0.0716
27.64 441.04 132.64 104.21 0.0713
724.78 652.18 40.20 27.82 0.0712
184.30 275.86 119.79 82.20 0.0708
330.78 85.60 37.26 54.12 0.0701
633.01 407.55 97.27 142.49 0.0699
6.76 145.67 93.66 113.74 0.0674
445.97 512.95 123.71 85.27 0.0650
383.28 535.23 102.31 72.41 0.0648
244.07 435.63 54.78 61.56 0.0643
143.56 130.48 84.46 96.47 0.0638
291.84 200.15 34.38 57.77 0.0629
185.55 13.68 52.30 38.22 0.0628
665.69 459.83 76.56 94.24 0.0617
508.66 268.78 102.05 106.34 0.0606
764.61 652.87 33.28 24.00 0.0592
169.94 404.42 69.80 53.50 0.0586
300.21 70.57 24.16 35.90 0.0582
5.16 148.84 44.38 71.22 0.0581
394.02 98.26 53.37 86.57 0.0574
136.81 161.86 61.74 84.95 0.0570
258.24 348.05 197.76 171.95 0.0559
424.37 320.96 187.32 264.10 0.0513
278.35 136.62 46.01 61.86 0.0512
