45_Balloonist_Balloonist_45_508
108
716.81 367.48 72.26 99.63 0.9092
554.28 228.71 63.49 103.00 0.8794
477.60 269.02 57.67 82.43 0.8570
281.26 215.33 79.40 102.03 0.8277
660.48 271.32 64.26 88.18 0.7633
474.62 595.14 25.49 34.05 0.3957
691.66 318.58 70.46 122.98 0.2917
636.77 356.94 66.05 110.03 0.2295
118.59 457.23 120.40 231.65 0.1912
813.17 115.57 20.53 22.18 0.1901
501.58 552.13 87.50 175.06 0.1855
809.07 137.20 27.79 39.40 0.1742
616.10 245.66 49.33 101.05 0.1727
303.04 464.07 37.43 44.59 0.1585
453.41 523.61 52.27 58.55 0.1399
229.21 167.31 22.34 24.84 0.1319
183.86 323.83 48.57 63.46 0.1257
213.89 335.01 56.22 57.81 0.1250
191.08 190.77 28.47 39.43 0.1248
688.19 0.47 51.45 38.51 0.1225
330.62 227.10 63.77 71.41 0.1180
521.34 407.68 76.24 90.46 0.1171
58.33 182.09 43.19 67.78 0.1162
687.68 15.28 55.40 46.61 0.1151
503.61 383.16 63.47 56.45 0.1126
653.77 416.62 81.00 113.11 0.1082
211.94 137.03 48.09 51.55 0.1065
32.44 179.91 53.14 68.48 0.1052
561.03 311.18 64.18 85.75 0.1037
531.58 376.54 51.43 56.14 0.1035
621.68 271.58 67.00 111.24 0.1033
798.51 374.11 185.61 309.34 0.1030
181.55 188.60 49.76 75.10 0.1008
145.26 383.75 93.23 104.33 0.0991
250.33 392.98 64.07 62.60 0.0989
852.24 579.82 70.48 60.92 0.0970
867.05 409.84 65.95 92.00 0.0970
0.00 527.34 80.87 151.77 0.0928
828.27 156.12 39.57 38.86 0.0928
545.70 337.14 342.02 430.86 0.0926
517.02 203.90 71.84 79.24 0.0923
219.70 345.45 72.81 81.17 0.0919
259.86 179.12 76.53 92.38 0.0913
837.35 136.34 28.83 34.10 0.0890
450.85 601.54 46.01 39.59 0.0889
690.84 0.00 85.92 53.49 0.0885
552.02 415.00 72.18 89.87 0.0877
658.22 50.32 86.86 88.62 0.0864
444.98 572.04 46.48 59.56 0.0829
153.55 337.02 57.13 63.64 0.0818
349.98 318.63 47.65 89.36 0.0811
17.91 187.40 76.58 106.87 0.0807
251.18 420.27 70.66 69.47 0.0801
810.11 534.92 136.42 133.53 0.0800
209.57 176.06 42.98 64.40 0.0800
165.49 319.12 121.60 130.56 0.0789
382.14 470.42 48.09 96.55 0.0785
880.01 171.05 25.61 27.97 0.0774
711.66 67.73 78.24 78.62 0.0766
783.78 412.89 49.32 61.27 0.0765
243.08 450.37 75.36 73.49 0.0764
327.86 264.06 70.19 79.33 0.0761
64.82 167.36 34.59 54.29 0.0755
468.40 483.90 214.33 284.10 0.0749
899.53 586.61 48.38 51.79 0.0742
468.32 361.75 111.16 116.87 0.0727
845.47 429.32 76.40 109.66 0.0720
154.11 468.33 123.32 136.83 0.0716
170.36 125.57 68.24 58.84 0.0701
664.60 460.84 359.40 307.16 0.0699
918.50 188.20 24.04 33.58 0.0697
563.97 378.98 58.73 74.27 0.0692
366.20 411.03 28.03 58.88 0.0691
599.39 411.16 83.26 122.79 0.0678
191.91 171.88 20.19 24.67 0.0678
185.58 455.47 92.14 83.37 0.0676
200.33 190.85 60.87 91.90 0.0671
3.30 170.14 42.47 71.82 0.0656
185.70 409.47 91.49 86.77 0.0655
311.39 436.23 44.94 69.71 0.0641
385.75 406.74 47.76 104.41 0.0611
0.00 418.67 30.09 58.52 0.0611
797.74 145.54 59.48 77.71 0.0609
212.36 281.42 69.11 83.17 0.0594
9.05 141.52 190.69 265.63 0.0589
0.00 278.69 28.67 76.65 0.0583
170.30 168.69 113.47 160.83 0.0581
758.08 96.00 53.92 56.25 0.0579
0.00 221.74 37.16 99.26 0.0577
145.33 195.09 48.38 66.04 0.0571
2.05 660.91 33.46 73.03 0.0569
692.07 407.26 91.35 102.10 0.0559
466.38 210.44 82.25 81.23 0.0550
0.07 603.96 33.94 73.87 0.0542
415.40 372.98 79.04 111.56 0.0542
154.01 187.08 26.11 35.79 0.0539
391.11 518.20 51.25 83.03 0.0535
703.15 253.67 63.71 84.92 0.0529
432.65 488.88 152.21 174.81 0.0528
42.59 116.53 30.60 47.72 0.0526
0.00 665.28 75.93 102.72 0.0517
126.45 421.76 115.70 134.82 0.0515
487.46 314.13 74.65 97.46 0.0513
244.12 154.51 60.14 80.94 0.0513
0.00 330.45 30.42 100.42 0.0507
175.03 282.80 92.11 115.44 0.0505
759.07 117.73 45.11 62.42 0.0505
785.94 430.98 69.24 116.74 0.0502
