4_Dancing_Dancing_4_1043
151
184.99 238.04 61.89 48.17 0.2462
78.56 440.64 29.61 31.00 0.2035
647.88 83.30 73.70 77.04 0.1843
43.57 538.61 135.81 112.72 0.1760
883.66 79.33 65.58 68.45 0.1691
988.35 654.27 35.65 35.42 0.1371
374.48 496.67 33.44 39.00 0.1364
223.36 131.82 92.19 84.08 0.1360
734.79 133.11 81.51 123.69 0.1344
657.57 58.89 66.60 67.88 0.1335
236.18 486.14 48.74 59.06 0.1273
331.96 218.46 45.85 49.65 0.1272
105.97 363.62 44.09 65.45 0.1260
872.95 214.08 33.90 48.92 0.1212
675.19 48.93 47.79 51.06 0.1191
692.21 64.10 83.86 105.31 0.1183
779.91 137.65 70.06 84.34 0.1163
767.31 207.05 42.93 59.73 0.1157
532.85 454.24 59.94 53.28 0.1155
119.54 545.59 93.50 98.03 0.1154
548.95 434.03 55.11 60.83 0.1127
947.83 660.79 37.85 31.21 0.1122
670.88 503.13 59.98 52.98 0.1102
274.30 253.74 46.11 43.63 0.1098
616.62 465.60 49.39 60.93 0.1097
781.80 198.81 56.30 69.18 0.1091
780.91 565.65 63.33 39.17 0.1073
667.52 452.20 68.26 77.74 0.1051
230.38 512.73 46.32 38.56 0.1045
875.47 198.16 30.54 42.09 0.1034
330.32 117.90 53.25 41.23 0.1026
736.76 73.64 103.21 105.51 0.1025
550.83 328.88 47.78 55.09 0.1022
326.99 511.92 42.50 34.39 0.0985
331.86 186.88 67.98 58.00 0.0958
237.48 533.30 44.02 35.41 0.0940
0.00 460.31 27.09 37.63 0.0939
887.72 610.18 28.68 26.47 0.0938
256.42 242.02 51.13 38.79 0.0935
569.64 486.43 50.23 61.81 0.0926
248.11 565.77 36.28 34.29 0.0926
255.83 461.59 41.62 49.18 0.0923
86.66 406.95 53.67 59.15 0.0918
619.19 344.57 36.66 39.64 0.0908
324.54 535.79 51.80 38.03 0.0904
139.31 368.92 44.46 61.52 0.0888
244.93 118.12 84.11 62.96 0.0885
283.60 463.37 39.82 38.42 0.0874
737.12 419.13 107.07 109.31 0.0873
392.13 94.36 67.56 64.94 0.0870
325.77 565.34 52.76 44.55 0.0869
757.14 575.50 66.49 41.38 0.0864
453.25 0.00 91.48 48.56 0.0855
152.13 242.35 64.01 43.21 0.0853
479.15 503.43 32.77 43.29 0.0850
156.57 164.58 61.08 41.95 0.0848
6.47 514.94 35.82 44.89 0.0848
759.20 483.18 91.30 58.92 0.0842
94.65 435.49 47.78 45.89 0.0838
59.20 376.14 58.40 73.72 0.0836
0.00 578.71 51.41 57.74 0.0832
501.61 504.15 44.06 54.15 0.0808
537.28 526.13 49.98 48.25 0.0804
829.35 189.13 39.70 40.68 0.0790
919.05 642.07 28.86 24.70 0.0789
508.17 460.99 58.14 43.54 0.0783
267.32 437.43 33.54 38.08 0.0780
405.43 566.47 35.06 30.40 0.0780
0.00 433.19 26.10 41.37 0.0774
436.71 80.44 29.11 29.75 0.0773
828.50 209.87 43.07 51.28 0.0771
175.02 152.68 83.38 59.15 0.0771
789.75 536.93 67.44 32.90 0.0765
684.04 535.75 39.24 30.45 0.0758
774.95 595.94 71.44 40.78 0.0758
293.63 561.78 51.56 41.67 0.0754
345.64 562.97 56.74 44.50 0.0746
344.65 531.81 60.19 50.65 0.0745
678.70 129.23 82.35 119.64 0.0742
571.14 423.34 41.45 57.74 0.0741
364.23 128.71 85.03 86.47 0.0740
627.55 354.89 35.50 43.15 0.0737
955.17 243.81 26.85 36.74 0.0724
912.40 593.35 30.28 26.18 0.0714
227.87 563.11 39.58 34.39 0.0708
920.64 334.75 59.19 51.62 0.0708
804.85 160.75 65.13 57.56 0.0705
231.70 73.20 85.35 62.46 0.0701
1.31 526.29 49.55 61.98 0.0698
558.88 299.45 69.67 80.40 0.0698
275.93 482.82 48.62 53.71 0.0697
660.56 527.86 47.69 39.17 0.0692
143.53 215.92 63.12 46.73 0.0683
0.00 409.25 27.17 50.28 0.0683
287.96 500.52 47.91 46.01 0.0669
633.35 105.15 84.06 117.91 0.0662
228.53 584.11 39.30 34.62 0.0661
117.39 219.11 26.46 26.11 0.0658
788.97 83.91 90.35 77.12 0.0656
245.63 189.86 81.49 71.62 0.0653
573.29 519.88 46.65 54.77 0.0651
225.79 605.38 34.53 35.90 0.0650
185.91 488.54 33.80 37.39 0.0649
222.83 469.02 35.17 37.16 0.0647
995.71 254.17 28.05 53.74 0.0647
900.34 230.89 54.79 53.40 0.0645
951.14 253.17 34.55 48.54 0.0644
536.82 492.85 54.51 63.67 0.0642
868.89 654.59 57.44 37.41 0.0640
167.52 285.58 82.15 48.48 0.0630
44.01 439.10 40.44 34.60 0.0628
383.64 249.12 66.72 67.11 0.0627
343.56 153.67 91.74 99.23 0.0624
2.71 386.31 30.10 47.35 0.0624
989.13 354.74 34.87 47.63 0.0624
98.28 515.56 97.14 89.76 0.0619
324.27 468.89 38.73 36.00 0.0616
634.44 453.16 66.76 79.60 0.0616
433.17 93.17 32.50 34.84 0.0614
427.94 546.79 39.19 35.73 0.0611
99.63 479.93 82.82 73.22 0.0611
943.17 380.72 39.91 42.64 0.0599
161.15 62.47 158.68 155.29 0.0598
665.83 339.73 57.63 39.56 0.0597
269.46 282.62 55.51 43.60 0.0590
822.73 417.51 53.12 61.96 0.0583
4.30 483.30 27.89 38.64 0.0583
509.67 484.21 51.47 50.84 0.0580
914.03 615.30 28.40 25.86 0.0578
740.93 533.79 104.98 50.56 0.0570
0.00 662.25 41.91 29.75 0.0569
177.90 501.06 46.26 52.88 0.0566
114.41 57.65 134.82 146.91 0.0562
431.07 564.43 33.11 34.26 0.0557
211.00 641.49 50.60 38.52 0.0553
911.53 663.34 37.92 28.66 0.0551
155.07 526.20 67.48 61.10 0.0546
476.64 468.34 41.78 34.36 0.0544
907.39 246.09 53.22 66.88 0.0541
793.21 113.47 86.62 86.00 0.0539
715.09 492.63 97.60 63.80 0.0536
331.11 120.07 78.47 69.32 0.0534
952.61 415.59 30.07 30.82 0.0534
614.57 94.11 66.73 71.99 0.0532
878.28 231.61 48.65 76.79 0.0532
410.20 77.30 43.06 33.34 0.0526
728.91 601.63 53.24 36.52 0.0524
245.80 292.07 49.69 46.75 0.0522
807.20 454.59 65.20 72.67 0.0519
819.22 487.85 63.28 56.09 0.0512
712.13 99.41 73.10 124.18 0.0512
