4_Dancing_Dancing_4_162
47
210.28 145.81 278.16 288.07 0.8426
157.18 100.45 63.34 72.63 0.2223
654.08 168.54 363.89 269.04 0.1827
299.71 52.99 67.46 40.37 0.1586
218.07 222.68 144.15 214.02 0.1445
333.97 135.41 144.52 219.82 0.1307
489.88 0.00 434.95 422.75 0.1104
706.71 482.16 14.46 18.99 0.1007
627.99 233.82 184.91 170.31 0.0992
704.84 456.39 18.19 25.92 0.0940
182.49 111.18 83.50 70.38 0.0935
254.54 28.38 91.60 55.21 0.0909
389.28 384.41 135.14 223.15 0.0882
705.40 502.95 18.40 23.77 0.0862
471.53 119.00 35.15 52.28 0.0802
957.86 527.82 16.88 20.49 0.0780
666.20 504.21 18.96 24.05 0.0765
841.89 513.53 31.97 43.93 0.0757
846.45 539.81 28.45 37.68 0.0715
667.85 481.83 18.33 22.09 0.0710
693.81 415.18 41.12 54.67 0.0698
379.17 500.97 114.13 166.21 0.0698
810.01 539.85 34.94 40.98 0.0685
144.38 124.63 51.65 81.98 0.0675
810.43 507.10 47.49 57.25 0.0672
773.52 536.44 36.02 44.62 0.0671
701.04 524.40 24.23 31.10 0.0666
733.43 535.73 38.66 46.15 0.0657
200.39 127.55 134.44 104.69 0.0652
204.82 93.31 56.56 66.37 0.0631
919.85 525.95 23.18 28.01 0.0629
728.87 265.13 169.21 149.24 0.0626
773.09 511.72 41.10 53.58 0.0608
734.79 514.01 40.79 50.94 0.0601
881.12 524.86 24.60 32.76 0.0601
205.56 88.67 107.20 97.65 0.0582
169.75 65.44 62.49 56.01 0.0581
501.73 0.00 192.16 283.68 0.0578
284.70 48.16 93.93 74.39 0.0571
687.06 559.61 37.37 45.37 0.0566
662.42 521.32 25.95 37.72 0.0546
222.95 63.19 60.66 55.75 0.0544
811.43 471.86 60.80 78.45 0.0539
737.60 493.83 34.07 43.17 0.0530
883.31 544.96 23.94 33.24 0.0524
0.00 641.71 44.61 30.29 0.0514
917.66 504.95 25.13 34.58 0.0508
