4_Dancing_Dancing_4_1029
66
564.29 75.43 92.95 131.87 0.6475
320.65 76.68 96.83 102.47 0.6107
448.06 8.73 34.94 46.39 0.2711
254.22 5.36 46.93 42.72 0.2493
227.19 494.77 115.39 231.79 0.2353
216.48 45.82 41.20 30.85 0.1789
450.68 30.07 38.61 50.39 0.1750
989.33 937.91 32.62 78.03 0.1623
445.21 38.66 54.38 85.62 0.1594
265.05 2.45 72.06 62.21 0.1418
290.19 31.93 86.66 67.36 0.1388
49.76 6.87 58.84 39.92 0.1317
443.92 89.66 77.79 81.49 0.1262
171.16 218.98 89.75 160.53 0.1221
980.15 859.86 37.04 65.84 0.1170
982.78 908.56 39.31 74.87 0.1150
341.22 150.36 76.12 133.31 0.1139
170.65 308.43 83.14 110.76 0.1107
187.11 37.79 44.61 37.13 0.1085
386.55 38.68 56.10 57.99 0.1040
162.74 378.47 66.17 96.79 0.1036
221.02 7.84 46.95 37.65 0.1025
420.01 116.05 80.50 93.12 0.1019
89.82 9.95 60.93 36.85 0.0986
453.46 333.89 249.52 272.47 0.0933
492.63 140.20 64.43 74.26 0.0932
421.24 230.15 106.29 189.42 0.0906
224.69 261.48 82.22 141.08 0.0830
377.84 172.43 83.02 108.22 0.0809
585.90 238.66 170.16 192.31 0.0785
278.07 435.74 100.28 111.55 0.0785
254.55 439.53 129.36 230.51 0.0771
0.96 3.49 36.13 39.00 0.0763
162.52 80.55 88.59 94.94 0.0760
171.53 44.27 86.15 82.29 0.0757
690.75 111.59 39.88 53.32 0.0756
515.85 43.71 34.09 44.89 0.0743
964.96 828.56 57.76 114.76 0.0708
603.23 119.73 84.52 112.36 0.0702
114.59 338.97 82.64 96.62 0.0691
547.63 42.74 56.72 79.99 0.0686
234.99 161.04 80.45 121.61 0.0685
503.07 96.47 63.27 79.58 0.0661
925.52 1024.95 58.78 50.05 0.0635
153.76 347.40 113.30 182.12 0.0625
53.88 54.16 83.67 61.26 0.0610
450.80 281.73 152.51 186.45 0.0608
983.46 1026.81 40.54 48.19 0.0597
515.62 49.19 55.38 81.66 0.0595
286.08 105.83 118.17 169.07 0.0583
254.41 382.08 72.59 131.87 0.0582
238.61 67.80 91.71 102.84 0.0578
165.99 181.10 85.31 127.39 0.0575
349.56 0.00 74.66 54.07 0.0569
687.47 49.42 85.80 97.77 0.0561
183.94 5.49 42.69 35.72 0.0553
574.68 37.50 65.23 85.31 0.0553
273.76 276.25 75.85 141.37 0.0550
317.78 221.31 114.48 212.13 0.0550
467.98 382.73 165.20 162.30 0.0520
390.68 0.00 63.29 55.19 0.0517
59.28 20.01 56.56 48.31 0.0516
596.53 664.83 305.59 242.21 0.0506
0.97 32.76 31.02 39.02 0.0502
945.95 660.80 78.05 249.46 0.0501
284.49 351.29 124.07 176.67 0.0500
