24_Soldier_Firing_Soldier_Firing_24_15
76
505.79 225.67 122.79 140.33 0.8197
654.30 356.71 153.74 181.76 0.4551
621.61 891.03 209.88 253.47 0.3268
705.74 1080.43 102.17 146.31 0.2274
516.16 227.53 174.34 253.32 0.2188
325.53 545.18 84.24 91.96 0.2146
355.91 534.85 91.54 111.95 0.1984
474.63 1140.80 91.64 127.54 0.1937
427.96 544.01 55.69 93.48 0.1776
471.07 314.82 111.55 167.61 0.1657
780.31 950.76 76.06 166.60 0.1476
756.05 995.21 117.85 208.01 0.1195
494.82 577.86 69.72 119.95 0.1155
917.99 977.73 24.69 58.77 0.1152
376.24 1047.10 123.59 99.70 0.1078
277.18 840.31 88.26 146.86 0.1049
910.42 1007.09 37.17 83.60 0.1023
596.03 152.36 105.35 183.96 0.1013
426.88 897.57 55.83 79.83 0.1008
910.98 1103.04 43.07 85.10 0.1000
450.71 543.00 76.88 121.59 0.0991
338.97 1026.73 28.86 55.53 0.0951
645.75 203.65 144.07 200.01 0.0928
500.20 631.14 79.37 138.20 0.0900
913.73 593.09 39.35 70.45 0.0886
863.07 982.74 52.78 141.15 0.0885
151.69 1018.88 41.74 52.52 0.0861
462.90 381.43 79.05 143.75 0.0854
553.27 716.62 79.33 167.18 0.0846
864.20 1133.10 76.61 101.13 0.0835
871.71 1082.94 56.36 121.40 0.0832
392.99 927.35 107.56 129.51 0.0800
907.08 1156.87 50.85 65.29 0.0789
820.08 1026.10 93.45 172.84 0.0765
485.48 739.35 68.82 133.75 0.0740
148.54 907.38 43.92 59.23 0.0739
830.70 978.28 57.69 137.08 0.0738
150.47 863.84 42.82 75.93 0.0721
502.46 811.93 55.25 112.73 0.0710
438.12 467.44 67.54 89.12 0.0690
475.76 487.18 92.35 145.16 0.0689
443.26 872.57 73.48 115.16 0.0685
902.65 529.17 49.15 98.57 0.0671
409.43 994.83 101.10 106.48 0.0664
254.41 310.71 225.52 329.74 0.0654
587.69 1176.84 42.51 73.48 0.0653
715.79 250.75 108.30 161.32 0.0648
385.18 890.76 70.98 101.85 0.0646
820.29 448.55 60.15 117.35 0.0631
454.90 826.28 65.65 119.65 0.0626
246.98 880.25 75.29 141.26 0.0623
364.72 949.94 72.94 120.42 0.0622
356.99 867.21 65.15 126.29 0.0618
750.41 1112.40 109.58 149.65 0.0617
523.55 279.61 262.87 307.87 0.0615
679.09 623.96 85.40 87.98 0.0609
225.26 925.59 74.09 109.10 0.0604
413.78 1114.06 118.37 153.03 0.0604
367.31 1004.00 64.86 109.80 0.0600
947.86 485.23 30.70 67.98 0.0597
0.00 1051.92 30.75 77.84 0.0593
421.12 754.30 86.43 149.15 0.0589
193.41 46.28 372.55 601.15 0.0588
453.92 642.65 100.92 153.40 0.0585
547.42 806.79 167.51 249.98 0.0576
655.07 568.71 126.33 159.97 0.0574
628.68 607.50 232.91 308.99 0.0574
428.40 579.72 86.88 123.73 0.0556
874.24 732.71 98.36 222.25 0.0549
146.99 980.62 48.02 74.89 0.0542
900.34 468.08 46.58 132.02 0.0528
495.51 851.43 70.03 130.42 0.0523
654.47 636.68 139.33 148.90 0.0517
938.42 510.93 41.63 90.18 0.0515
598.34 659.31 79.41 129.41 0.0514
880.18 563.94 61.03 129.73 0.0509
