5_Car_Accident_Accident_5_777
23
604.14 142.12 419.86 208.93 0.6756
604.05 414.55 419.95 265.45 0.3190
599.46 209.10 424.54 306.77 0.2371
199.17 291.74 401.94 296.58 0.2309
104.29 301.28 157.26 287.86 0.2224
185.16 304.84 141.70 280.74 0.2015
506.32 134.61 379.33 328.80 0.1995
71.65 296.84 88.19 297.53 0.1105
338.05 224.45 417.81 303.32 0.0819
501.56 110.78 388.54 156.82 0.0683
19.19 316.27 29.61 256.36 0.0646
176.99 161.87 156.17 135.46 0.0528
159.19 116.73 190.75 125.00 0.0527
212.63 159.41 375.75 140.76 0.0459
112.90 162.83 139.42 140.56 0.0420
351.26 149.75 399.32 177.44 0.0420
624.08 61.92 399.92 89.32 0.0408
108.27 112.87 148.07 127.54 0.0376
0.00 1.03 66.41 69.43 0.0333
653.89 7.55 370.11 54.42 0.0319
8.02 426.26 51.13 253.74 0.0302
19.30 139.83 30.37 196.47 0.0284
58.90 151.61 99.66 168.13 0.0268
