5_Car_Accident_Accident_5_668
14
583.38 236.04 440.62 282.19 0.7828
516.42 199.88 355.95 234.62 0.4881
621.60 167.84 402.40 175.95 0.2442
410.51 181.94 279.00 267.83 0.1280
606.04 404.54 417.96 279.46 0.0883
0.00 0.00 69.87 81.10 0.0447
449.40 289.09 349.32 282.96 0.0441
643.34 111.96 380.66 132.23 0.0379
6.00 431.48 58.35 252.52 0.0371
647.92 3.22 376.08 64.40 0.0277
10.43 18.46 50.90 168.21 0.0260
436.06 415.27 372.68 268.73 0.0257
323.69 155.97 308.99 186.53 0.0224
632.04 53.51 391.96 102.06 0.0207
