42_Car_Racing_Nascar_42_442
152
242.91 62.10 68.11 72.57 0.3813
625.49 794.00 36.65 50.95 0.2913
659.11 773.20 35.62 56.45 0.2908
910.17 779.04 44.18 49.54 0.2864
431.59 415.04 104.96 62.58 0.2236
695.24 779.45 41.06 50.36 0.2227
722.38 788.21 38.86 47.15 0.2052
886.30 785.46 50.82 46.59 0.2034
477.04 406.37 109.94 67.22 0.2015
800.38 66.84 105.28 70.29 0.1995
260.07 78.07 82.98 67.39 0.1976
580.35 775.10 45.09 59.83 0.1925
616.98 753.38 42.93 74.13 0.1861
729.25 832.57 27.63 32.91 0.1854
253.81 92.35 110.05 98.16 0.1669
618.47 66.81 103.43 58.09 0.1539
645.69 49.66 121.05 69.63 0.1473
947.18 783.90 40.24 55.40 0.1454
743.12 40.83 67.61 31.75 0.1452
675.77 40.15 68.40 33.43 0.1406
779.72 38.76 94.39 67.50 0.1369
519.09 727.74 40.49 73.25 0.1366
441.88 445.71 161.63 112.31 0.1328
838.00 913.56 33.77 70.48 0.1326
665.96 888.55 27.35 50.85 0.1297
823.35 41.25 92.15 74.23 0.1292
486.32 427.26 173.10 164.93 0.1289
773.33 832.23 22.48 28.52 0.1269
725.83 56.08 92.86 59.01 0.1260
115.80 89.97 75.60 85.92 0.1255
639.00 41.89 75.30 41.56 0.1203
415.03 404.34 73.51 66.48 0.1185
763.66 966.09 29.20 46.85 0.1171
427.45 361.36 145.23 125.78 0.1170
341.66 155.87 72.54 73.62 0.1136
840.82 867.79 25.55 37.41 0.1116
604.84 71.69 189.68 119.17 0.1101
542.37 751.41 35.64 60.44 0.1082
582.17 727.94 48.31 83.87 0.1076
720.73 847.36 37.49 55.42 0.1075
703.98 827.24 33.14 37.61 0.1073
587.38 88.18 118.23 79.49 0.1068
902.41 807.27 48.17 76.49 0.1055
206.31 133.13 58.85 82.00 0.1046
661.69 818.28 33.13 45.41 0.1037
226.55 89.48 60.65 59.97 0.1036
403.05 151.70 51.85 62.07 0.1026
153.10 125.15 77.42 81.09 0.1025
978.88 780.32 39.79 61.25 0.1009
461.85 329.06 539.34 514.24 0.1004
889.05 65.09 67.75 48.58 0.0971
664.87 866.72 29.77 51.28 0.0970
690.87 739.70 79.23 88.07 0.0945
834.43 5.19 64.89 47.56 0.0940
809.03 837.97 22.83 28.16 0.0940
100.33 858.80 139.67 94.71 0.0937
516.72 768.29 46.10 71.09 0.0937
478.07 726.55 37.29 51.15 0.0933
694.45 67.69 115.00 88.16 0.0930
236.49 838.54 91.83 68.04 0.0922
553.71 447.75 110.99 105.77 0.0891
766.70 791.23 38.25 52.90 0.0883
811.76 867.69 26.95 38.25 0.0868
978.15 1.78 43.81 43.34 0.0868
552.72 755.52 46.48 77.04 0.0860
439.84 148.00 445.31 358.08 0.0859
0.00 301.79 410.12 516.64 0.0852
169.35 65.64 52.81 71.39 0.0844
898.43 31.71 64.59 45.84 0.0840
812.99 962.65 45.04 50.35 0.0834
687.00 10.02 48.03 36.82 0.0829
185.22 853.60 117.48 96.05 0.0820
451.08 23.35 61.66 93.97 0.0817
721.84 9.32 52.62 35.72 0.0808
583.06 794.81 60.42 93.15 0.0806
261.48 461.35 83.26 87.69 0.0803
749.59 10.84 55.59 48.18 0.0802
934.64 0.00 66.62 45.17 0.0799
934.73 763.12 45.73 64.19 0.0797
161.76 99.88 59.45 64.44 0.0792
957.11 818.45 45.30 65.97 0.0789
463.02 144.02 40.18 62.30 0.0781
975.54 24.48 45.30 52.32 0.0776
580.78 37.14 60.19 53.22 0.0770
925.99 25.14 70.54 63.06 0.0760
470.59 745.65 49.24 80.26 0.0756
847.72 837.66 23.60 31.85 0.0752
611.03 428.00 57.05 63.56 0.0749
423.35 447.48 100.00 65.50 0.0746
700.57 842.67 40.13 63.09 0.0741
500.30 354.20 126.61 115.91 0.0730
813.57 885.99 39.03 63.24 0.0718
465.59 75.63 43.19 79.78 0.0717
522.84 433.10 236.61 201.78 0.0715
546.11 99.48 55.12 51.41 0.0711
207.06 854.57 78.04 51.00 0.0710
632.07 722.83 84.80 149.72 0.0700
839.00 789.51 44.03 52.95 0.0697
903.36 2.33 57.88 39.16 0.0689
459.50 803.18 61.08 100.40 0.0688
772.87 855.72 28.42 47.39 0.0685
988.02 752.48 35.12 63.21 0.0677
132.24 402.05 314.29 275.22 0.0677
814.55 914.07 40.47 73.51 0.0668
873.28 87.82 80.56 57.57 0.0668
549.60 335.95 149.98 144.43 0.0667
859.93 842.37 72.87 147.14 0.0664
394.90 810.24 99.44 115.85 0.0663
893.12 842.27 63.32 134.04 0.0663
263.87 0.00 68.14 57.59 0.0662
587.79 284.50 191.43 198.87 0.0661
219.56 783.89 146.43 135.45 0.0646
648.90 8.97 58.04 42.96 0.0646
551.99 72.90 59.44 52.68 0.0645
67.11 105.04 79.74 79.74 0.0642
785.71 5.90 64.48 50.56 0.0635
138.47 840.22 94.64 53.33 0.0635
952.19 955.93 37.23 57.07 0.0634
792.05 786.63 46.40 61.57 0.0633
656.46 923.54 40.47 69.99 0.0633
549.81 418.83 84.42 75.45 0.0624
967.50 867.93 51.61 110.53 0.0620
590.54 815.44 80.21 151.11 0.0619
44.04 864.68 126.06 89.42 0.0614
799.45 90.18 121.98 92.93 0.0604
67.61 836.75 48.57 46.23 0.0599
622.55 317.81 233.60 392.82 0.0583
937.36 893.60 52.89 115.87 0.0582
290.57 736.47 224.79 185.44 0.0579
44.25 836.61 32.57 32.66 0.0579
720.15 870.65 44.63 86.55 0.0568
155.01 153.91 110.69 114.91 0.0565
349.29 250.86 301.39 279.57 0.0560
233.17 40.56 60.19 73.19 0.0559
738.72 967.40 41.20 45.60 0.0558
449.82 502.68 176.45 121.86 0.0556
760.02 884.23 40.80 69.10 0.0552
684.02 928.32 43.27 75.44 0.0547
384.73 159.89 83.14 91.42 0.0545
840.14 713.40 110.01 126.59 0.0544
973.65 952.56 47.90 60.44 0.0544
727.77 927.19 50.41 83.34 0.0533
97.63 369.34 209.31 219.83 0.0524
105.93 142.98 71.78 73.73 0.0521
686.26 873.97 46.07 79.34 0.0520
90.46 780.62 196.05 149.42 0.0520
945.79 814.43 69.19 134.40 0.0516
504.68 87.18 97.20 118.28 0.0516
431.01 94.93 54.66 67.41 0.0514
891.03 727.93 63.85 91.87 0.0513
368.99 398.00 70.61 73.42 0.0505
112.82 151.59 216.38 192.64 0.0503
