36_Football_americanfootball_ball_36_279
68
424.92 581.39 142.15 136.23 0.2499
540.02 276.75 57.83 66.87 0.2249
494.00 301.21 65.12 97.66 0.2154
574.33 279.07 64.15 59.24 0.2096
433.91 634.45 102.85 105.37 0.1841
780.10 711.80 90.26 121.59 0.1430
16.08 267.67 51.09 102.76 0.1412
291.48 80.66 77.98 110.21 0.1404
503.83 277.08 83.66 99.66 0.1403
983.09 154.77 40.91 107.66 0.1377
839.06 764.33 164.63 187.87 0.1262
968.77 105.72 55.23 116.85 0.1251
331.98 104.25 82.46 121.42 0.1246
350.64 903.82 70.86 63.03 0.1231
396.34 706.64 158.57 165.02 0.1223
372.52 243.32 127.96 128.17 0.1192
996.06 231.51 27.33 65.46 0.1088
76.06 89.29 137.72 296.42 0.1061
378.61 919.38 65.43 62.50 0.1057
340.16 894.55 48.13 51.08 0.1026
359.52 133.28 86.70 133.11 0.0972
585.20 288.11 72.88 79.37 0.0967
774.01 612.45 121.21 155.26 0.0959
3.36 279.47 120.55 270.15 0.0953
796.38 145.07 84.95 173.85 0.0942
761.62 90.12 109.08 129.39 0.0931
797.35 207.50 83.70 236.45 0.0916
419.01 773.19 167.61 150.82 0.0908
762.58 743.62 153.07 192.23 0.0866
380.00 781.73 110.22 102.86 0.0862
297.27 39.15 70.38 100.95 0.0861
684.14 424.51 88.32 116.41 0.0853
872.61 1044.45 94.32 84.55 0.0849
868.52 0.00 53.63 60.57 0.0842
383.96 863.78 126.70 110.38 0.0838
402.80 157.17 108.36 117.54 0.0834
952.27 1057.49 71.73 71.51 0.0823
608.89 310.17 91.52 110.21 0.0817
639.64 344.90 100.01 143.69 0.0807
351.22 842.44 76.86 96.21 0.0786
455.38 216.27 68.49 100.79 0.0784
994.10 0.00 28.60 43.65 0.0761
703.81 328.85 148.72 251.80 0.0757
9.69 165.64 81.48 167.31 0.0712
362.25 668.83 136.49 106.70 0.0702
864.32 139.44 53.14 107.69 0.0672
879.88 827.69 112.69 174.32 0.0655
400.74 937.40 58.75 107.72 0.0655
947.83 0.00 40.28 42.01 0.0651
791.77 891.53 60.45 87.10 0.0648
961.71 749.21 59.91 131.45 0.0647
843.98 0.00 54.98 54.05 0.0641
409.98 110.10 75.57 107.68 0.0626
115.54 87.02 105.75 159.96 0.0618
424.10 848.71 146.66 136.26 0.0609
935.68 784.71 88.32 140.77 0.0603
640.96 806.92 124.50 133.24 0.0596
637.42 444.63 121.00 147.15 0.0592
841.61 839.03 95.20 154.50 0.0588
4.78 283.83 63.53 178.35 0.0580
816.88 549.27 113.48 168.63 0.0578
248.34 38.51 58.48 81.92 0.0575
10.78 238.81 189.68 456.95 0.0571
897.12 0.00 50.70 53.98 0.0561
772.00 845.56 107.80 129.82 0.0553
592.33 442.56 179.10 272.65 0.0549
234.16 71.04 113.69 167.85 0.0542
456.41 505.59 136.32 193.35 0.0503
