36_Football_Football_36_23
176
731.24 54.35 62.29 72.51 0.9127
604.31 39.50 68.78 79.33 0.8629
228.28 55.73 60.05 71.02 0.8219
382.99 99.60 60.12 60.80 0.8206
543.94 64.91 44.32 72.13 0.5363
588.00 386.06 81.66 90.38 0.2956
948.67 106.92 35.92 45.99 0.2340
501.39 119.85 37.65 49.42 0.2202
884.60 57.67 63.95 78.88 0.1964
151.91 25.57 21.69 28.85 0.1956
432.03 427.64 40.79 60.41 0.1807
890.63 33.14 39.34 48.16 0.1781
544.91 115.47 37.29 46.23 0.1725
550.57 69.09 73.65 80.87 0.1718
195.16 23.74 30.95 31.57 0.1664
150.88 40.23 24.39 32.23 0.1663
367.50 5.22 47.89 52.06 0.1618
515.47 53.97 45.91 86.12 0.1566
514.87 368.70 108.90 128.41 0.1537
908.89 90.62 48.64 69.25 0.1520
384.51 245.17 61.89 50.64 0.1510
84.32 51.58 18.45 23.02 0.1490
82.44 3.56 18.12 18.14 0.1448
970.78 77.89 47.31 57.83 0.1405
946.76 34.64 32.73 39.99 0.1348
534.39 325.52 54.12 67.20 0.1317
479.21 55.04 47.97 65.14 0.1306
82.83 63.36 20.69 29.08 0.1274
697.89 474.83 51.29 58.92 0.1267
187.95 50.43 48.47 58.41 0.1226
44.59 2.32 18.91 17.40 0.1203
382.33 9.73 54.20 55.71 0.1203
39.76 47.25 23.47 26.43 0.1198
144.29 65.26 30.30 33.64 0.1194
8.26 3.55 20.20 21.81 0.1185
292.32 114.05 31.56 40.25 0.1182
940.35 52.87 45.80 59.05 0.1182
115.24 41.94 23.58 29.06 0.1130
390.67 253.44 75.78 70.48 0.1109
659.43 396.32 109.58 92.93 0.1103
812.96 168.46 175.13 215.53 0.1090
559.58 25.04 31.94 47.76 0.1086
225.49 17.99 44.43 51.45 0.1070
473.65 238.81 31.24 37.46 0.1054
452.30 400.13 66.39 89.94 0.1053
386.32 0.00 46.75 39.39 0.1031
855.49 65.35 75.16 93.20 0.1020
834.83 218.58 53.01 63.94 0.1005
563.79 315.83 98.96 112.34 0.0985
876.44 113.26 73.58 94.33 0.0975
368.83 32.01 67.18 88.80 0.0954
560.67 297.73 70.94 86.80 0.0948
633.26 427.77 57.72 60.10 0.0948
117.01 93.52 34.45 33.65 0.0942
43.23 27.71 19.50 22.74 0.0941
791.30 42.22 43.23 66.54 0.0941
843.79 66.77 33.69 48.69 0.0939
509.89 357.32 66.47 76.11 0.0935
623.62 352.12 132.73 118.52 0.0934
637.27 134.43 50.59 52.86 0.0933
832.73 106.69 94.38 104.60 0.0923
475.48 373.48 95.53 136.34 0.0911
225.99 399.09 64.59 74.00 0.0906
220.76 0.00 33.05 30.32 0.0906
11.21 24.56 17.20 24.24 0.0894
983.73 180.42 38.89 62.88 0.0890
58.94 155.04 45.25 41.39 0.0881
120.97 2.30 20.73 20.87 0.0880
80.51 94.94 22.88 28.78 0.0872
334.81 0.00 44.34 31.35 0.0870
146.10 3.94 26.89 30.83 0.0869
367.86 274.65 88.74 114.53 0.0860
120.19 28.19 21.99 27.27 0.0857
137.86 86.48 37.12 38.95 0.0853
293.12 0.00 31.21 27.32 0.0852
182.11 148.11 71.05 62.65 0.0852
237.39 21.76 51.27 61.86 0.0845
40.52 65.06 27.21 33.41 0.0844
82.71 24.75 17.08 21.34 0.0841
494.76 218.56 83.97 98.05 0.0834
40.29 162.53 41.95 34.11 0.0834
438.80 23.45 32.68 58.78 0.0829
806.62 90.17 46.43 66.48 0.0828
115.49 66.57 30.75 31.34 0.0822
693.39 82.42 43.23 65.67 0.0820
6.71 170.99 24.69 29.62 0.0815
337.91 586.33 19.14 25.87 0.0815
617.40 80.04 72.61 70.34 0.0810
781.08 297.86 242.92 227.64 0.0796
958.46 105.11 62.72 88.10 0.0792
981.87 41.84 35.29 47.07 0.0792
6.73 190.00 21.49 26.87 0.0791
358.08 112.07 73.44 86.10 0.0790
784.81 181.83 106.47 138.00 0.0782
340.02 17.30 63.37 60.33 0.0779
891.83 203.80 66.05 100.41 0.0771
193.94 0.86 28.12 27.94 0.0770
410.62 406.74 56.23 67.09 0.0767
585.59 287.35 199.67 209.51 0.0767
598.10 285.53 122.57 129.79 0.0759
230.41 344.14 68.09 82.80 0.0756
982.08 143.34 41.92 75.36 0.0756
478.51 365.18 49.05 60.23 0.0754
11.15 45.41 20.77 32.34 0.0753
37.19 142.59 38.69 36.54 0.0744
643.14 0.00 47.84 41.50 0.0744
568.28 114.29 53.22 56.07 0.0736
326.31 105.41 50.23 49.56 0.0725
253.85 0.00 32.16 29.61 0.0725
333.42 436.22 43.11 54.65 0.0701
261.67 342.78 63.36 66.53 0.0692
299.27 129.01 31.03 49.32 0.0680
859.42 161.19 55.14 60.90 0.0680
442.96 0.00 26.93 27.19 0.0677
946.57 227.08 67.35 109.62 0.0677
279.16 15.56 43.44 47.95 0.0673
807.30 77.65 29.46 47.34 0.0667
959.59 189.68 49.43 61.12 0.0667
887.50 1.64 35.11 29.40 0.0664
498.85 443.95 66.02 85.86 0.0663
483.03 143.94 45.77 51.62 0.0662
478.15 214.80 38.89 58.50 0.0661
791.24 18.63 41.98 51.20 0.0652
261.04 371.05 63.66 86.33 0.0644
951.16 0.00 28.51 22.31 0.0643
482.28 0.00 25.51 22.10 0.0641
513.55 293.53 51.54 69.17 0.0640
704.63 49.44 50.92 70.63 0.0639
884.47 160.60 59.55 69.21 0.0630
373.45 404.69 33.41 42.19 0.0630
177.14 107.99 52.33 55.47 0.0630
992.11 0.00 24.65 23.00 0.0628
259.04 73.96 58.74 58.38 0.0624
326.70 296.55 63.35 82.94 0.0623
483.24 343.84 39.36 56.30 0.0619
707.36 147.36 132.09 174.89 0.0612
392.37 62.94 72.60 68.01 0.0601
665.57 469.38 54.14 59.71 0.0597
440.35 590.58 33.57 44.12 0.0595
75.73 117.06 30.73 34.92 0.0594
955.93 188.84 68.07 111.64 0.0590
484.56 25.77 27.57 42.99 0.0585
624.22 0.00 43.69 33.79 0.0585
903.57 0.49 38.14 27.81 0.0583
6.65 55.02 24.75 46.15 0.0582
697.63 20.17 47.76 61.71 0.0581
362.94 182.66 103.59 114.62 0.0568
327.24 388.54 32.37 36.87 0.0567
585.87 190.63 35.85 45.35 0.0561
371.17 377.89 58.10 60.57 0.0560
752.40 21.85 52.55 60.91 0.0559
190.97 125.07 69.10 62.43 0.0556
292.00 191.74 44.94 61.09 0.0556
556.58 0.00 29.39 31.80 0.0555
625.75 155.83 44.16 47.27 0.0555
986.40 20.77 30.46 43.67 0.0551
444.00 584.22 19.41 24.09 0.0549
369.69 579.85 25.71 27.01 0.0548
92.86 220.07 54.24 36.92 0.0547
393.46 361.63 71.34 87.13 0.0546
242.30 41.19 74.61 69.66 0.0541
138.22 110.44 43.01 53.69 0.0538
506.22 203.21 57.55 65.03 0.0535
538.10 181.23 63.59 57.84 0.0534
39.37 120.48 40.13 36.76 0.0525
7.55 143.24 24.02 29.72 0.0524
353.40 428.97 43.85 56.20 0.0523
862.06 201.99 50.89 48.97 0.0523
459.95 445.66 57.89 73.03 0.0515
266.95 406.64 61.70 77.92 0.0512
40.69 220.75 50.35 39.17 0.0510
3.47 87.02 24.77 44.89 0.0509
294.05 139.82 47.50 66.38 0.0508
401.71 434.44 56.91 79.74 0.0507
821.14 401.35 187.59 181.07 0.0505
243.13 177.74 73.07 77.43 0.0503
