41_Swimming_Swimmer_41_931
200
387.97 165.14 366.61 283.84 0.2283
162.87 169.78 209.97 277.43 0.1278
489.04 224.18 415.73 264.25 0.1274
475.86 124.42 428.95 210.16 0.1088
146.16 130.39 378.39 210.88 0.0957
332.39 242.60 313.15 314.54 0.0762
110.53 322.24 180.70 346.40 0.0752
325.77 409.86 289.22 273.14 0.0744
424.89 348.75 348.74 334.25 0.0711
177.92 322.51 213.39 316.07 0.0687
122.59 281.20 400.96 267.39 0.0651
369.21 95.06 378.09 178.59 0.0628
605.44 53.53 418.56 218.92 0.0605
370.77 229.97 105.99 138.41 0.0592
480.52 37.96 424.59 150.98 0.0591
562.61 250.87 138.87 119.58 0.0591
530.62 228.36 132.85 105.19 0.0587
494.21 242.08 131.67 128.96 0.0569
280.79 411.40 131.06 114.78 0.0558
294.74 223.38 104.86 109.99 0.0555
12.31 59.09 213.80 252.89 0.0550
658.27 239.84 105.51 132.60 0.0534
211.51 416.24 116.64 110.29 0.0532
642.62 148.66 381.38 264.43 0.0531
97.93 109.64 224.38 240.98 0.0526
611.62 284.98 136.12 123.67 0.0517
512.22 87.80 110.89 128.07 0.0515
31.55 299.67 184.02 366.90 0.0514
423.66 241.94 107.87 140.27 0.0510
623.64 286.75 400.36 247.00 0.0510
250.23 219.74 109.25 100.45 0.0500
153.98 185.11 104.25 120.52 0.0497
394.80 192.94 125.83 138.28 0.0492
0.00 24.23 125.72 81.22 0.0486
326.40 78.15 100.09 134.10 0.0484
288.78 156.75 95.68 130.42 0.0475
361.66 374.39 125.39 136.15 0.0474
511.14 139.78 107.83 137.13 0.0472
367.93 90.23 104.52 124.44 0.0471
335.43 168.85 95.46 149.33 0.0467
112.99 223.95 119.96 120.26 0.0464
172.74 445.26 114.76 120.44 0.0457
345.49 249.93 87.27 152.23 0.0457
616.51 225.96 114.95 117.28 0.0454
653.50 0.00 370.50 114.46 0.0453
801.53 406.81 127.59 135.10 0.0451
8.22 0.00 87.46 58.66 0.0448
376.14 302.18 102.00 130.05 0.0448
113.44 167.86 118.40 110.33 0.0447
310.80 389.89 139.08 92.49 0.0447
64.07 463.73 69.55 144.56 0.0447
209.99 199.93 120.35 102.00 0.0443
296.96 42.80 168.32 66.38 0.0441
261.62 383.07 110.81 112.84 0.0441
288.26 44.97 108.48 139.21 0.0441
457.80 311.30 122.42 145.31 0.0440
222.92 454.77 105.29 151.22 0.0438
688.36 261.68 118.77 137.35 0.0438
33.20 0.00 135.66 63.06 0.0435
35.95 31.90 140.48 93.82 0.0432
155.12 44.17 98.93 138.07 0.0430
248.12 115.61 110.99 135.45 0.0427
229.04 265.38 139.87 91.32 0.0427
470.06 49.31 113.91 127.32 0.0422
95.13 35.68 146.62 85.14 0.0422
440.95 83.63 114.07 128.39 0.0421
35.12 135.99 207.94 317.73 0.0421
582.19 186.64 111.12 130.03 0.0419
223.95 43.19 162.56 68.33 0.0416
309.46 67.98 160.51 86.64 0.0415
171.24 218.75 118.44 136.82 0.0414
146.76 135.20 112.16 107.00 0.0411
105.46 89.64 111.16 113.27 0.0411
182.48 170.00 115.10 106.31 0.0409
156.37 394.92 148.98 92.49 0.0409
467.50 169.54 119.58 143.58 0.0407
214.71 48.02 110.87 138.06 0.0406
142.20 466.63 105.87 136.43 0.0403
401.49 341.35 131.81 138.11 0.0400
180.59 80.00 108.65 138.90 0.0396
254.83 3.05 138.61 68.91 0.0394
403.13 69.29 118.06 109.31 0.0392
143.35 417.76 109.48 107.27 0.0391
21.55 190.60 159.62 102.67 0.0389
578.38 300.72 118.90 153.05 0.0389
768.31 78.49 123.67 132.23 0.0389
116.29 264.61 106.24 143.10 0.0389
376.57 151.24 107.80 134.77 0.0385
25.79 61.41 134.29 115.66 0.0384
292.37 274.25 103.89 116.06 0.0383
187.00 512.49 100.82 104.42 0.0382
840.04 469.36 118.26 124.37 0.0382
283.89 451.82 113.65 138.11 0.0379
380.12 40.93 147.32 85.78 0.0379
777.36 382.17 105.56 127.78 0.0376
327.21 0.66 139.51 70.12 0.0374
660.92 198.60 106.78 111.29 0.0374
110.67 0.00 145.27 68.75 0.0373
65.97 244.01 118.84 112.51 0.0372
8.43 220.98 113.44 104.86 0.0370
313.17 330.33 145.86 91.22 0.0370
15.59 155.52 113.69 103.56 0.0369
155.35 39.68 161.53 68.36 0.0368
182.38 2.07 141.25 68.84 0.0368
415.39 142.65 130.26 139.74 0.0367
790.48 350.07 131.98 113.62 0.0364
77.85 434.75 104.63 136.87 0.0364
261.73 512.91 102.81 130.80 0.0363
102.55 353.15 115.05 117.91 0.0358
653.74 327.84 140.96 126.59 0.0356
476.09 0.00 335.28 117.01 0.0353
54.29 120.48 125.38 106.90 0.0348
682.17 221.67 152.43 101.06 0.0347
154.69 34.79 260.02 208.90 0.0341
442.49 42.44 170.00 71.10 0.0340
193.42 364.22 146.38 96.65 0.0340
722.33 109.85 112.42 143.30 0.0340
832.52 380.52 131.00 124.10 0.0339
693.26 75.94 111.49 138.57 0.0338
410.48 492.42 102.35 159.72 0.0338
581.30 505.64 109.73 154.57 0.0334
287.74 351.87 115.54 106.56 0.0331
362.24 436.26 113.95 164.32 0.0330
69.41 315.07 115.05 115.09 0.0329
259.52 33.48 414.80 152.91 0.0326
49.42 447.56 98.68 96.53 0.0326
63.54 387.07 117.09 117.63 0.0320
402.72 0.00 139.76 65.61 0.0318
340.57 479.74 98.76 145.85 0.0314
15.65 286.41 111.40 104.90 0.0313
511.65 349.48 119.66 143.22 0.0313
471.90 506.61 101.71 112.18 0.0311
140.63 307.11 115.01 139.30 0.0309
571.31 125.06 121.30 124.58 0.0306
781.97 37.82 150.34 88.89 0.0305
172.46 276.97 117.88 142.87 0.0304
629.58 509.29 102.84 143.73 0.0304
61.69 328.54 73.15 150.36 0.0303
202.25 0.00 188.45 37.56 0.0302
737.32 319.21 128.73 116.45 0.0302
679.13 545.67 98.87 137.33 0.0300
535.79 60.03 133.17 118.60 0.0299
820.31 164.67 139.29 131.71 0.0299
616.28 143.49 114.30 138.67 0.0299
510.53 501.58 114.29 119.86 0.0289
685.88 526.00 159.87 102.89 0.0288
118.35 497.65 98.74 148.72 0.0287
246.86 317.87 107.96 108.90 0.0286
19.55 487.12 73.83 105.71 0.0286
723.62 557.57 98.00 125.43 0.0285
660.74 51.52 103.60 132.38 0.0284
823.93 503.71 97.15 154.25 0.0284
893.05 0.00 130.95 178.28 0.0282
641.62 126.04 141.79 107.36 0.0281
696.05 152.02 108.17 137.35 0.0279
20.24 76.97 69.61 110.00 0.0278
147.09 0.00 218.69 141.47 0.0278
767.00 435.29 127.24 139.98 0.0272
322.82 0.00 334.26 105.79 0.0269
616.32 92.05 118.53 119.03 0.0268
430.36 381.27 119.02 152.21 0.0267
829.88 303.43 124.81 127.25 0.0267
51.87 525.07 78.86 139.89 0.0265
425.96 451.38 116.55 135.04 0.0264
73.00 510.25 102.30 110.59 0.0263
529.61 536.92 124.22 117.73 0.0261
418.72 0.00 194.17 36.37 0.0261
789.29 242.11 144.41 121.90 0.0259
942.52 0.00 81.48 87.40 0.0256
221.45 548.41 114.66 120.42 0.0254
760.60 532.29 110.88 150.71 0.0253
370.81 524.61 110.69 142.19 0.0249
628.89 36.29 160.72 80.31 0.0249
25.81 302.01 63.32 129.19 0.0248
20.64 540.95 72.48 142.05 0.0246
24.89 242.36 62.79 117.40 0.0246
743.65 45.49 102.42 141.04 0.0245
551.99 412.46 426.34 270.54 0.0241
494.16 0.00 108.92 89.98 0.0239
7.64 413.39 77.79 106.25 0.0236
444.88 535.43 101.30 122.95 0.0235
624.32 586.01 102.81 96.99 0.0233
22.95 179.39 65.15 115.20 0.0230
743.45 282.89 149.02 103.00 0.0229
561.57 18.83 143.30 81.71 0.0229
597.06 4.43 151.49 71.63 0.0228
508.85 39.62 169.99 84.74 0.0227
27.44 360.05 65.55 135.36 0.0226
0.00 444.24 108.31 113.75 0.0225
652.97 471.20 121.01 127.09 0.0224
634.47 355.87 118.78 149.97 0.0220
747.75 1.74 134.40 70.11 0.0220
152.88 529.17 106.14 136.59 0.0218
566.81 469.67 160.74 108.79 0.0215
607.61 0.00 187.16 36.24 0.0214
723.31 8.99 117.91 105.68 0.0212
503.97 542.61 89.33 140.39 0.0209
677.05 0.00 106.20 91.37 0.0209
762.84 215.14 117.44 121.92 0.0206
298.36 552.03 156.42 81.28 0.0204
