41_Swimming_Swimmer_41_275
150
146.26 241.53 237.04 395.86 0.1052
74.68 325.31 240.51 387.28 0.0882
188.08 215.11 391.79 309.57 0.0850
523.91 58.18 158.29 90.91 0.0759
419.77 406.17 347.95 391.83 0.0758
549.08 342.89 474.92 326.20 0.0733
482.03 33.51 429.24 183.07 0.0729
271.08 81.00 435.01 227.85 0.0712
124.77 148.36 270.79 304.96 0.0710
11.86 47.78 217.22 329.09 0.0706
409.51 124.55 415.74 264.41 0.0650
401.34 46.90 163.01 98.52 0.0622
759.60 47.35 115.15 109.23 0.0622
526.50 28.75 169.78 75.82 0.0620
94.91 76.66 333.82 239.37 0.0609
415.86 283.55 394.55 321.65 0.0605
297.54 351.80 367.12 323.62 0.0592
519.63 190.07 476.64 316.55 0.0582
350.05 179.25 369.87 323.14 0.0571
503.08 64.70 131.97 149.28 0.0533
584.29 51.76 115.10 178.33 0.0532
335.21 56.62 159.31 98.29 0.0519
44.18 124.68 226.88 439.60 0.0518
168.08 379.34 293.07 378.52 0.0515
193.36 229.03 102.67 145.17 0.0509
186.48 308.17 148.37 128.04 0.0507
443.59 27.42 159.21 82.46 0.0502
210.29 43.62 395.58 182.99 0.0502
363.50 22.10 172.57 82.19 0.0499
226.75 356.70 101.00 135.92 0.0487
746.16 13.65 125.96 83.82 0.0486
361.43 482.85 240.49 356.15 0.0470
134.90 296.32 133.46 150.16 0.0468
137.09 203.11 128.32 130.58 0.0462
0.00 505.52 224.27 333.48 0.0454
381.17 0.00 346.92 156.62 0.0419
279.08 304.86 92.16 164.99 0.0417
111.24 525.02 259.72 313.98 0.0415
468.96 75.80 114.90 210.15 0.0405
825.16 293.10 124.30 169.28 0.0400
338.05 109.01 111.22 169.06 0.0395
819.28 0.00 103.68 79.30 0.0392
517.61 0.00 175.29 64.60 0.0391
105.18 226.06 128.88 159.44 0.0388
568.49 0.00 380.63 143.94 0.0384
660.59 39.03 144.18 93.95 0.0383
411.76 0.00 174.25 57.19 0.0382
559.58 0.00 85.49 121.26 0.0378
798.82 42.18 153.95 122.94 0.0378
180.97 0.00 332.97 135.75 0.0375
312.89 26.40 137.26 87.62 0.0371
209.57 262.72 143.08 131.65 0.0370
519.34 0.00 89.42 122.61 0.0370
820.33 249.80 110.40 138.91 0.0368
634.68 71.79 106.31 199.26 0.0367
559.24 318.27 103.79 139.79 0.0362
622.81 56.57 114.04 104.66 0.0360
391.12 70.45 122.04 202.96 0.0353
303.94 0.00 159.13 73.80 0.0349
721.77 264.83 124.52 156.09 0.0342
130.66 131.43 126.68 135.47 0.0340
173.52 160.68 148.79 129.17 0.0340
554.27 517.04 442.25 321.96 0.0339
0.00 0.00 66.63 67.64 0.0330
332.94 281.45 121.11 148.29 0.0329
522.20 88.17 501.80 222.14 0.0320
714.91 68.07 88.07 162.37 0.0320
867.61 281.72 125.72 145.55 0.0319
600.23 269.87 102.90 165.35 0.0315
867.99 356.24 128.56 162.99 0.0310
641.72 0.00 111.50 112.64 0.0310
285.72 86.21 110.63 164.42 0.0309
71.78 0.00 215.60 157.56 0.0309
730.84 0.00 136.28 50.70 0.0297
228.61 196.43 92.22 151.47 0.0296
508.69 318.85 112.57 142.82 0.0295
634.26 305.92 101.37 151.84 0.0291
769.55 316.83 106.50 191.84 0.0291
588.44 348.37 107.59 154.43 0.0291
464.78 346.18 108.77 141.32 0.0288
938.45 0.00 85.55 84.59 0.0287
264.10 44.54 151.94 100.47 0.0287
669.96 136.78 103.40 165.99 0.0287
538.89 262.71 109.64 142.78 0.0287
420.84 501.05 96.16 148.87 0.0285
493.82 485.78 102.39 175.10 0.0285
777.86 246.63 104.57 166.53 0.0283
311.78 333.55 94.73 157.18 0.0281
713.67 0.00 101.55 117.02 0.0279
637.00 171.50 100.54 170.37 0.0278
705.10 211.91 101.37 179.07 0.0278
875.54 18.53 97.51 135.80 0.0276
600.28 0.00 174.29 54.73 0.0275
0.00 359.35 195.52 355.79 0.0273
24.75 0.00 79.93 101.44 0.0273
591.73 460.92 106.87 190.78 0.0269
631.80 362.84 105.20 195.23 0.0267
380.70 305.89 101.04 154.65 0.0265
554.97 96.09 110.42 207.35 0.0265
370.31 465.45 115.08 151.04 0.0264
812.98 367.59 98.89 170.52 0.0260
461.07 456.33 94.47 156.63 0.0260
563.86 193.88 113.41 166.77 0.0260
0.00 742.58 43.72 96.42 0.0260
741.14 369.12 107.25 175.77 0.0259
260.49 395.81 129.25 145.29 0.0257
216.96 212.26 204.21 116.57 0.0256
854.68 220.92 128.18 130.97 0.0255
863.65 0.00 138.37 57.74 0.0254
592.92 161.38 109.76 138.24 0.0253
67.06 129.29 140.08 134.08 0.0253
837.81 402.91 116.42 199.76 0.0250
322.95 222.40 117.99 146.23 0.0247
21.18 28.19 68.26 141.63 0.0244
483.51 240.30 101.73 188.99 0.0243
941.06 0.00 82.94 31.53 0.0242
366.04 262.62 137.77 133.75 0.0242
0.00 0.00 54.89 176.63 0.0242
693.57 302.99 108.69 153.06 0.0241
635.14 453.55 116.82 161.81 0.0240
653.84 274.23 112.48 134.13 0.0237
28.64 171.49 148.96 148.58 0.0237
529.79 457.03 103.21 166.59 0.0235
671.37 343.54 95.91 158.84 0.0234
378.12 361.93 102.92 190.23 0.0234
797.30 435.63 104.82 188.39 0.0233
20.67 0.00 138.40 57.18 0.0233
247.37 114.05 124.21 198.41 0.0232
190.42 93.73 128.57 135.86 0.0231
744.69 51.83 104.90 212.25 0.0230
551.76 505.97 112.38 178.60 0.0230
0.00 162.14 75.83 144.83 0.0229
204.78 40.68 142.29 113.02 0.0229
415.12 187.76 103.86 196.38 0.0228
799.99 750.98 224.01 74.20 0.0227
428.73 539.50 129.61 164.27 0.0226
883.47 48.27 108.93 184.65 0.0225
5.60 0.00 202.37 207.41 0.0224
0.00 226.83 168.01 150.33 0.0224
427.66 304.11 107.31 128.58 0.0220
418.54 143.43 139.31 150.36 0.0217
509.07 542.14 119.59 173.52 0.0217
110.35 0.00 105.02 91.89 0.0216
435.17 375.86 100.38 146.96 0.0216
698.72 375.88 103.67 156.29 0.0216
528.87 364.79 94.41 176.38 0.0215
558.63 387.89 106.76 195.01 0.0214
752.13 188.83 99.90 170.45 0.0210
384.61 136.40 98.11 203.97 0.0209
824.80 150.27 110.51 151.72 0.0204
