41_Swimming_Swimming_41_238
106
264.86 87.94 431.20 184.96 0.4664
541.00 130.03 483.00 216.67 0.2058
264.54 131.63 394.34 292.08 0.1910
127.42 93.07 405.93 226.39 0.1493
131.14 143.18 227.75 301.41 0.1000
519.13 229.95 504.87 249.09 0.0999
288.63 456.32 334.59 260.68 0.0948
468.60 136.07 310.41 264.43 0.0831
42.91 35.96 203.51 296.03 0.0786
38.69 188.41 189.89 355.82 0.0697
146.80 386.29 225.50 330.71 0.0693
348.71 234.46 376.37 268.69 0.0670
513.07 344.84 361.61 308.17 0.0652
132.52 62.17 296.23 147.21 0.0645
350.95 334.68 373.09 328.25 0.0631
130.68 239.18 396.68 260.27 0.0614
219.12 523.14 116.99 150.28 0.0583
29.38 318.18 188.00 398.82 0.0574
99.63 267.77 200.75 332.76 0.0500
821.88 40.16 147.49 85.97 0.0479
232.72 316.42 338.14 292.36 0.0463
165.55 543.35 134.85 105.86 0.0460
843.26 59.10 108.63 169.34 0.0455
242.83 499.14 155.24 118.88 0.0433
402.95 37.40 416.52 156.15 0.0406
695.04 166.44 113.52 130.25 0.0402
952.77 0.00 71.23 94.68 0.0398
742.24 522.10 109.74 143.36 0.0396
802.14 87.70 115.61 118.93 0.0385
771.92 145.26 161.10 95.58 0.0353
185.39 79.40 114.25 131.06 0.0351
623.64 158.40 153.15 107.57 0.0348
57.37 70.11 85.75 168.35 0.0344
295.23 102.97 107.21 140.81 0.0344
839.57 0.00 110.67 79.98 0.0344
772.09 20.67 139.29 83.75 0.0343
65.40 0.00 214.00 168.29 0.0342
479.59 0.00 324.86 114.99 0.0341
862.74 100.57 134.57 164.80 0.0334
895.48 31.61 128.52 116.40 0.0333
691.12 464.51 332.88 245.48 0.0332
23.15 146.45 72.09 166.19 0.0327
719.35 128.48 124.21 117.59 0.0323
278.38 552.66 118.66 140.96 0.0322
151.31 0.00 221.27 143.99 0.0322
675.79 511.95 112.08 113.24 0.0321
630.71 488.73 127.21 117.85 0.0319
0.00 0.00 68.30 61.86 0.0318
739.06 77.93 118.70 126.24 0.0315
771.42 54.76 116.79 101.78 0.0315
108.89 581.51 161.92 105.33 0.0314
128.47 508.46 134.04 105.71 0.0312
651.48 0.00 369.80 113.83 0.0309
921.16 0.00 102.84 39.75 0.0307
133.82 35.00 144.88 86.54 0.0304
709.32 39.94 146.87 97.83 0.0302
61.76 44.39 166.91 85.86 0.0299
731.30 0.00 148.72 65.48 0.0299
253.33 75.43 103.32 135.36 0.0292
657.08 197.23 111.90 161.20 0.0292
114.99 86.68 100.40 124.64 0.0290
729.51 171.87 165.19 94.95 0.0288
242.37 0.00 352.05 136.24 0.0278
723.84 27.98 300.16 195.58 0.0273
0.00 0.00 196.18 109.94 0.0272
85.13 529.26 118.86 113.73 0.0270
191.09 481.38 142.79 121.42 0.0267
51.05 147.19 80.28 177.56 0.0266
169.89 267.01 126.08 121.38 0.0262
696.16 535.72 113.44 158.88 0.0258
217.93 28.40 120.42 99.15 0.0256
96.75 264.51 126.48 121.27 0.0253
0.00 123.33 66.25 133.25 0.0253
227.41 107.61 95.08 186.63 0.0252
722.89 191.04 119.48 169.82 0.0251
247.48 266.44 127.51 119.82 0.0249
683.56 249.32 126.53 131.02 0.0248
210.88 570.45 78.29 110.75 0.0247
697.66 0.00 107.49 82.34 0.0246
133.69 136.42 164.04 108.04 0.0245
46.91 31.90 92.85 107.10 0.0237
136.25 301.27 120.50 113.73 0.0236
602.22 186.08 119.16 116.11 0.0231
288.00 297.22 115.38 120.45 0.0231
317.46 262.66 128.67 124.64 0.0230
24.33 84.67 72.24 126.45 0.0225
211.31 297.80 118.56 120.04 0.0225
580.53 126.52 162.54 114.91 0.0223
839.18 159.90 109.64 160.90 0.0223
648.65 292.66 119.25 123.11 0.0221
605.48 248.56 130.50 135.08 0.0221
598.94 536.16 144.51 128.47 0.0221
668.83 464.75 165.53 106.27 0.0218
723.87 298.12 114.57 116.99 0.0216
60.30 237.16 82.18 156.93 0.0215
360.97 295.62 114.65 121.12 0.0214
298.54 32.07 116.90 112.87 0.0212
652.29 27.93 148.97 82.07 0.0212
755.18 252.55 125.99 127.68 0.0210
71.03 199.53 123.73 159.21 0.0208
86.06 112.97 96.37 115.68 0.0208
802.30 207.99 119.63 159.71 0.0202
657.43 71.74 120.66 115.43 0.0202
0.00 621.69 44.15 95.31 0.0201
574.83 289.21 113.85 125.30 0.0201
527.29 24.91 401.67 237.83 0.0200
