41_Swimming_Swimmer_41_35
129
122.05 228.73 261.78 244.05 0.1322
292.66 249.02 329.82 298.06 0.1024
235.72 83.04 343.42 207.62 0.1011
224.56 171.51 358.63 244.87 0.1001
409.88 263.64 384.59 264.98 0.0908
53.17 210.18 178.76 283.63 0.0890
251.17 18.89 451.19 128.58 0.0859
600.24 251.17 423.76 203.75 0.0815
558.16 101.48 465.84 177.97 0.0785
379.61 64.88 457.90 160.39 0.0686
405.53 194.44 363.03 202.37 0.0686
27.05 36.69 208.58 228.93 0.0652
132.63 64.26 255.88 212.09 0.0602
59.83 238.38 73.35 112.14 0.0596
158.61 334.75 201.79 241.25 0.0585
275.41 38.15 148.00 74.14 0.0564
548.23 353.36 296.80 222.64 0.0544
270.02 12.53 154.72 60.32 0.0529
322.02 362.72 124.50 92.44 0.0513
384.88 0.00 347.32 101.15 0.0484
353.14 281.42 132.10 121.20 0.0470
580.69 170.98 282.33 236.81 0.0462
79.78 129.83 222.07 254.02 0.0456
280.18 375.49 125.95 103.33 0.0452
596.28 356.39 166.68 72.72 0.0450
80.99 229.35 99.51 117.93 0.0446
26.63 233.40 68.72 120.20 0.0439
372.30 345.46 115.48 101.70 0.0433
373.63 236.35 102.36 106.93 0.0429
141.66 216.24 129.45 98.10 0.0421
179.19 237.05 120.40 110.68 0.0416
655.36 233.70 127.40 101.39 0.0413
211.52 180.53 130.37 112.78 0.0413
695.85 344.52 106.50 108.67 0.0405
194.33 34.91 146.52 68.44 0.0402
449.10 34.58 439.22 123.19 0.0402
319.61 258.07 118.60 117.51 0.0400
765.20 340.06 107.93 100.89 0.0399
689.09 255.78 116.41 114.51 0.0393
65.03 174.49 78.58 110.43 0.0393
370.03 116.66 92.40 132.76 0.0389
161.12 12.31 337.32 194.49 0.0387
720.61 314.48 127.13 106.05 0.0379
170.79 0.00 344.67 90.49 0.0378
61.21 211.79 149.81 88.86 0.0378
252.01 148.48 132.83 119.29 0.0375
248.96 341.58 123.33 109.45 0.0374
599.34 381.49 141.19 87.55 0.0373
318.71 405.50 161.50 94.66 0.0373
408.53 251.08 103.58 120.72 0.0373
835.18 308.66 118.76 120.92 0.0372
184.76 0.00 141.44 51.65 0.0372
358.33 210.09 220.65 72.46 0.0372
240.34 0.00 154.57 39.07 0.0371
732.50 240.67 113.63 109.57 0.0369
255.30 27.27 112.10 128.28 0.0369
329.96 214.43 114.65 91.16 0.0367
209.26 265.36 137.61 92.40 0.0366
674.51 364.51 95.72 121.51 0.0363
372.68 172.19 91.35 138.46 0.0361
250.14 218.15 123.20 123.20 0.0360
222.16 117.51 112.66 115.51 0.0356
193.40 281.94 108.60 124.25 0.0352
669.63 321.59 103.96 104.45 0.0351
781.69 263.16 109.00 104.67 0.0346
65.15 6.29 257.78 180.91 0.0344
694.66 206.56 113.20 105.06 0.0343
306.81 0.00 148.22 45.38 0.0339
113.58 190.00 173.72 79.87 0.0339
308.80 136.07 115.87 121.26 0.0333
0.00 0.00 67.38 48.70 0.0332
331.13 14.03 149.36 71.30 0.0329
150.04 251.53 108.78 125.69 0.0328
757.21 226.69 146.35 100.95 0.0327
249.51 82.64 121.55 121.10 0.0326
284.88 315.96 116.27 110.97 0.0322
361.46 271.64 285.15 67.18 0.0321
407.07 307.54 121.46 111.91 0.0318
546.10 0.00 339.60 93.76 0.0318
189.17 149.60 110.26 114.18 0.0316
283.03 228.12 474.06 52.66 0.0314
0.00 236.70 66.17 106.18 0.0313
839.42 265.96 135.28 111.82 0.0313
606.89 207.21 137.91 105.87 0.0304
295.21 60.86 118.84 121.32 0.0302
643.15 188.90 132.36 93.52 0.0300
756.63 0.00 267.37 97.69 0.0298
724.78 369.95 114.27 101.74 0.0294
33.93 168.93 69.71 123.99 0.0291
361.53 175.17 236.06 69.31 0.0291
418.15 393.47 96.27 105.75 0.0288
747.46 191.80 140.76 91.37 0.0284
0.00 151.92 234.09 174.12 0.0283
207.82 65.29 126.10 109.78 0.0279
219.68 361.69 116.25 123.90 0.0278
811.65 203.02 110.87 102.65 0.0275
332.28 102.63 120.87 89.62 0.0274
423.81 93.07 89.37 113.25 0.0273
1.96 0.00 97.63 83.29 0.0269
828.43 233.16 148.55 93.81 0.0264
585.14 176.52 134.53 101.09 0.0263
205.77 423.17 115.98 98.24 0.0262
147.69 19.58 126.13 81.79 0.0260
453.39 426.61 103.21 118.44 0.0258
0.00 371.04 222.43 204.96 0.0256
496.88 379.67 200.87 85.99 0.0255
282.60 417.03 115.28 107.42 0.0254
368.03 61.70 103.93 108.62 0.0253
0.00 205.87 50.49 90.43 0.0250
803.20 343.23 103.21 129.89 0.0245
454.89 276.40 88.50 96.84 0.0244
0.00 505.45 42.71 70.55 0.0244
529.75 402.65 111.62 96.29 0.0241
616.41 283.24 138.32 103.70 0.0236
398.09 0.00 106.89 61.89 0.0232
464.02 318.27 117.53 121.31 0.0231
56.67 438.44 74.13 120.40 0.0231
382.61 426.15 117.25 92.11 0.0230
184.22 459.24 157.42 89.68 0.0229
9.97 283.95 66.61 100.31 0.0228
10.62 459.06 67.83 93.71 0.0226
331.61 144.61 248.80 72.87 0.0226
416.63 200.81 178.83 146.97 0.0224
866.19 345.54 130.09 146.81 0.0209
0.00 223.74 113.67 75.94 0.0208
45.12 0.00 86.74 67.06 0.0207
949.50 0.00 74.50 57.85 0.0207
141.61 0.00 110.98 60.83 0.0205
492.23 423.88 110.78 101.98 0.0204
