41_Swimming_Swimming_41_580
180
530.08 103.77 389.51 208.24 0.7567
168.53 345.99 191.48 337.01 0.1345
235.12 342.17 329.36 340.83 0.1317
104.56 239.54 395.53 254.39 0.1269
99.33 208.80 174.53 307.53 0.0995
490.81 182.28 392.58 293.05 0.0935
517.59 298.72 322.96 360.01 0.0925
624.54 298.56 399.46 234.27 0.0889
358.14 277.31 364.24 285.70 0.0850
382.30 77.16 411.80 187.13 0.0834
407.68 429.50 282.24 253.50 0.0739
106.33 127.56 395.30 196.97 0.0697
147.26 162.04 215.04 272.87 0.0683
16.70 34.88 217.88 279.27 0.0601
186.92 88.68 422.16 163.44 0.0601
455.81 113.61 132.44 123.87 0.0594
119.01 53.43 288.22 204.24 0.0590
62.21 428.29 77.80 148.10 0.0578
51.56 233.33 86.74 148.20 0.0576
20.15 146.94 181.29 336.85 0.0565
606.16 167.06 417.84 229.28 0.0560
159.34 384.28 132.21 100.45 0.0533
585.37 407.04 107.88 122.58 0.0519
553.84 371.64 109.38 119.45 0.0516
498.96 400.59 136.84 136.28 0.0515
235.39 179.14 337.89 259.30 0.0515
250.67 58.10 425.20 125.20 0.0512
587.31 526.38 122.17 144.55 0.0508
245.67 380.89 121.23 130.43 0.0504
807.70 392.12 108.51 144.29 0.0498
446.28 197.68 114.87 140.82 0.0488
423.76 95.64 122.90 105.33 0.0482
444.10 375.00 106.28 135.54 0.0477
576.97 475.61 113.12 131.77 0.0475
284.72 120.97 397.15 212.33 0.0474
492.80 238.94 130.83 139.25 0.0473
535.53 438.91 141.38 125.71 0.0470
786.49 512.92 140.46 132.29 0.0468
189.98 424.56 120.80 161.93 0.0468
766.29 328.28 113.07 144.53 0.0461
837.76 333.55 112.91 138.46 0.0457
660.73 524.00 104.87 115.66 0.0454
726.81 510.31 113.47 129.84 0.0449
437.12 159.98 122.72 112.76 0.0447
30.30 273.85 173.46 373.46 0.0445
839.05 488.50 123.80 120.53 0.0444
691.24 462.03 107.38 145.44 0.0439
135.38 417.51 128.45 116.67 0.0438
520.96 104.57 165.26 121.67 0.0438
46.03 508.63 89.30 147.36 0.0437
472.88 70.01 544.12 136.47 0.0429
45.23 395.57 84.02 116.91 0.0427
443.09 261.73 103.47 130.19 0.0423
21.19 479.54 74.49 136.97 0.0420
785.46 479.90 145.83 94.10 0.0420
826.39 537.38 140.12 139.77 0.0420
612.75 364.00 116.39 134.73 0.0413
807.00 302.59 112.57 137.32 0.0412
463.79 419.26 96.73 154.54 0.0411
655.45 391.33 102.28 136.39 0.0411
518.58 345.79 160.71 93.27 0.0408
488.03 133.58 138.27 177.33 0.0408
765.18 428.44 113.79 140.13 0.0406
833.02 448.85 143.08 96.16 0.0405
350.73 275.85 133.79 137.19 0.0402
409.60 231.36 104.93 141.21 0.0402
98.56 451.26 105.76 132.68 0.0401
83.26 355.83 110.55 163.42 0.0401
548.14 543.85 113.99 118.23 0.0395
615.82 441.71 111.61 122.10 0.0390
689.22 560.02 115.75 122.98 0.0382
68.19 0.00 219.84 130.92 0.0381
122.95 567.77 93.03 115.23 0.0379
686.58 357.65 113.62 144.78 0.0378
537.50 208.75 132.96 134.69 0.0377
473.52 368.60 131.95 117.33 0.0377
178.02 540.07 130.47 142.93 0.0376
154.50 0.00 268.23 121.72 0.0376
504.91 460.76 117.13 140.93 0.0375
385.52 385.59 137.13 97.94 0.0374
394.81 176.03 120.17 130.95 0.0373
220.38 494.09 117.07 150.11 0.0372
829.67 286.90 142.06 106.10 0.0368
41.79 330.53 123.17 112.01 0.0367
20.36 226.48 68.85 169.72 0.0364
497.32 300.41 116.29 139.29 0.0363
262.50 359.16 162.93 97.97 0.0361
330.23 0.00 327.45 102.41 0.0360
249.71 430.02 122.72 146.56 0.0360
79.40 532.49 114.35 128.33 0.0349
404.58 301.51 113.78 130.82 0.0348
718.29 410.60 134.57 124.29 0.0347
417.48 408.36 108.28 142.20 0.0347
294.61 255.65 128.13 129.15 0.0346
101.38 335.01 124.54 115.71 0.0345
590.11 622.23 150.76 60.77 0.0345
204.32 356.10 135.72 108.84 0.0345
152.75 494.64 120.04 154.25 0.0339
660.65 334.10 107.30 126.08 0.0337
410.56 40.72 148.95 80.62 0.0335
570.06 291.28 129.60 160.46 0.0334
8.98 415.88 175.28 108.02 0.0332
361.10 216.53 124.16 121.53 0.0331
0.00 0.00 66.71 57.30 0.0327
129.52 318.89 155.37 96.21 0.0326
782.45 276.49 105.32 125.43 0.0318
17.99 456.11 64.91 91.84 0.0317
422.37 347.23 145.85 105.42 0.0317
860.90 370.44 127.52 135.66 0.0317
303.25 318.73 143.86 98.61 0.0316
739.96 245.34 136.55 106.49 0.0313
572.05 83.11 156.70 111.83 0.0313
23.86 359.92 87.64 107.88 0.0311
442.86 65.44 150.01 103.78 0.0310
69.47 616.53 174.82 66.47 0.0310
875.95 515.32 119.49 118.19 0.0307
464.63 0.00 348.75 128.68 0.0306
34.22 188.73 86.71 117.46 0.0304
939.56 0.00 84.44 72.24 0.0303
773.06 552.06 89.44 112.48 0.0297
553.10 604.06 125.00 78.94 0.0295
868.11 307.20 125.95 136.48 0.0294
818.80 232.13 111.02 135.85 0.0292
46.19 294.43 77.18 121.13 0.0291
3.94 0.00 97.06 97.19 0.0289
60.98 268.24 128.52 142.61 0.0285
20.59 601.64 104.65 81.36 0.0282
44.97 211.38 143.07 110.32 0.0282
912.93 586.94 111.07 89.94 0.0281
262.71 270.78 109.37 141.49 0.0276
480.75 20.18 140.52 104.74 0.0276
688.07 324.18 172.80 100.80 0.0276
768.41 0.00 255.59 124.10 0.0273
620.98 36.93 117.70 107.58 0.0268
315.70 390.22 148.30 103.95 0.0267
0.00 508.40 64.30 123.78 0.0260
350.33 39.51 150.22 98.21 0.0258
265.35 223.04 158.95 98.58 0.0255
565.69 141.57 109.85 137.59 0.0254
332.38 351.95 149.22 103.32 0.0253
391.92 0.00 139.12 58.89 0.0253
662.69 285.20 138.60 115.46 0.0247
2.61 417.56 77.53 85.85 0.0242
546.56 11.47 137.73 107.74 0.0240
584.27 406.95 439.73 276.05 0.0240
472.76 0.00 108.08 78.15 0.0237
481.71 523.72 109.93 140.27 0.0237
873.36 482.60 150.64 85.19 0.0233
662.75 18.38 112.01 108.74 0.0228
779.53 595.02 116.62 87.98 0.0227
358.78 451.97 143.98 111.82 0.0227
925.09 540.98 98.91 103.00 0.0226
52.38 0.00 81.19 79.92 0.0223
858.09 247.65 164.85 108.54 0.0223
0.00 605.80 40.27 77.20 0.0222
905.70 414.98 118.30 131.71 0.0222
907.06 343.38 116.94 138.03 0.0222
516.23 45.01 113.76 141.31 0.0220
0.00 224.10 65.75 128.49 0.0218
17.21 34.93 80.21 110.57 0.0217
850.43 258.34 173.57 326.26 0.0214
0.48 0.00 157.12 42.63 0.0213
666.03 0.00 122.53 58.77 0.0211
643.16 585.49 122.14 97.51 0.0210
293.86 173.44 133.85 112.72 0.0208
511.99 0.00 135.02 67.73 0.0208
342.83 148.84 137.41 116.68 0.0206
788.26 19.19 122.87 132.44 0.0205
364.76 0.00 102.58 72.00 0.0204
854.00 626.45 106.13 56.55 0.0204
209.32 283.44 120.45 112.32 0.0203
713.47 16.53 119.62 131.49 0.0203
874.49 0.00 136.31 43.96 0.0203
315.55 21.71 109.12 120.64 0.0203
593.98 0.00 98.50 79.17 0.0202
825.30 40.98 154.93 111.18 0.0202
657.62 238.92 127.01 113.79 0.0202
660.50 615.71 195.25 67.29 0.0201
719.91 0.00 98.65 79.45 0.0201
828.48 0.00 108.78 86.49 0.0200
