55_Sports_Coach_Trainer_sportcoaching_55_789
101
140.36 213.27 57.52 77.20 0.9101
729.79 329.37 50.01 67.69 0.8911
537.33 259.46 40.69 50.68 0.8187
358.82 284.12 49.07 61.69 0.7864
629.62 284.36 41.43 47.53 0.7765
217.77 182.32 55.03 55.15 0.7690
591.50 214.80 35.96 52.25 0.7672
269.94 226.03 47.52 62.77 0.7607
385.23 225.48 48.56 50.04 0.7519
763.86 166.80 37.00 61.96 0.7344
330.82 126.95 32.72 55.85 0.7180
822.62 322.77 42.52 48.47 0.7180
616.87 121.03 38.51 55.55 0.6938
453.49 249.29 44.34 54.38 0.6782
923.26 158.68 42.03 63.15 0.6612
460.42 150.32 46.60 57.44 0.6525
195.66 139.01 39.24 50.96 0.6424
928.16 327.43 48.80 62.27 0.5993
85.10 171.76 40.91 43.64 0.5914
67.03 236.70 44.05 62.55 0.5177
420.87 119.37 40.84 62.38 0.4544
47.67 119.84 34.86 45.64 0.3505
443.47 120.69 42.77 79.77 0.3442
675.12 192.72 36.78 54.40 0.3124
249.14 192.53 44.78 66.18 0.2425
540.90 406.90 31.82 35.17 0.2365
67.99 144.70 50.68 60.48 0.2264
374.36 251.16 50.03 70.71 0.2082
475.09 393.20 34.47 41.54 0.2037
27.85 240.65 42.33 66.95 0.1850
118.98 205.95 57.85 95.04 0.1522
970.37 354.42 50.03 55.26 0.1412
338.71 409.51 19.61 37.91 0.1410
375.77 429.61 38.08 58.65 0.1330
325.04 155.41 44.41 51.93 0.1298
705.79 369.78 52.94 46.91 0.1183
159.05 199.40 52.37 60.56 0.1150
11.76 253.11 41.80 49.12 0.1143
768.41 190.95 36.37 55.63 0.1139
341.78 130.36 52.83 65.82 0.1069
460.48 123.25 47.10 55.88 0.1061
874.66 317.81 47.92 71.92 0.1035
214.55 495.77 34.56 46.85 0.1018
297.13 507.55 27.33 34.71 0.0958
643.04 271.39 39.77 51.04 0.0957
388.27 448.98 34.17 44.03 0.0957
148.20 186.36 36.40 37.77 0.0941
770.57 229.42 30.08 36.61 0.0926
192.07 376.77 29.11 50.77 0.0905
46.76 155.83 36.14 47.51 0.0905
333.68 418.45 32.47 60.72 0.0871
371.21 501.62 27.31 33.32 0.0862
0.00 544.46 32.43 31.54 0.0830
543.80 224.53 43.19 64.21 0.0824
770.11 149.01 30.91 53.83 0.0819
797.55 161.64 36.49 62.21 0.0812
927.76 230.55 32.32 38.08 0.0806
700.19 378.25 40.89 55.56 0.0785
578.84 259.82 45.71 54.29 0.0771
75.40 281.84 34.66 56.61 0.0759
543.29 301.87 41.75 48.02 0.0756
142.41 155.99 39.44 42.67 0.0746
519.85 387.32 45.08 49.63 0.0737
0.00 211.32 32.68 59.42 0.0728
467.17 404.87 40.81 58.96 0.0725
599.95 194.87 48.79 60.78 0.0717
163.08 491.47 55.20 63.71 0.0712
982.31 284.91 41.69 68.20 0.0694
690.38 167.80 33.53 57.60 0.0680
0.00 132.43 42.84 58.37 0.0680
0.00 158.84 33.52 48.22 0.0675
255.32 524.76 41.72 39.84 0.0665
228.18 209.82 50.65 78.09 0.0661
201.07 532.03 73.70 43.97 0.0646
626.45 166.84 32.66 50.19 0.0644
692.67 446.78 29.16 53.40 0.0628
673.05 217.47 36.56 50.23 0.0624
667.20 163.37 23.90 38.18 0.0615
337.40 257.40 43.03 53.27 0.0615
6.23 270.27 29.23 62.33 0.0613
336.10 456.87 34.15 51.81 0.0609
398.05 170.71 43.31 64.76 0.0608
262.90 494.39 40.82 51.83 0.0606
374.14 480.32 34.11 45.03 0.0602
366.51 157.63 42.14 61.62 0.0583
589.00 188.09 30.51 45.62 0.0575
585.30 298.17 34.23 39.18 0.0566
0.00 114.95 41.27 46.38 0.0564
95.27 240.82 45.15 70.16 0.0557
937.72 142.21 39.05 67.80 0.0549
874.46 353.66 60.47 66.29 0.0545
990.97 148.09 33.03 64.25 0.0543
391.43 465.90 35.43 50.54 0.0535
0.00 182.18 27.13 52.20 0.0530
264.83 375.44 44.28 65.12 0.0528
123.27 503.61 65.53 62.81 0.0519
697.65 421.45 31.95 49.92 0.0516
60.38 456.45 52.54 77.72 0.0514
389.96 401.52 53.14 88.77 0.0511
277.98 542.71 57.12 33.29 0.0504
983.61 526.58 40.39 49.42 0.0502
