55_Sports_Coach_Trainer_sportcoaching_55_499
35
442.49 55.55 84.33 120.43 0.9499
534.90 95.12 92.05 126.85 0.8613
699.58 552.66 126.77 158.15 0.3598
487.09 72.37 97.88 143.08 0.2828
524.02 569.59 112.26 133.23 0.2505
760.14 152.87 64.63 76.22 0.2242
630.81 523.75 148.40 158.45 0.1845
241.63 96.83 92.55 91.87 0.1577
719.75 163.24 95.19 92.30 0.1303
202.63 95.30 91.81 90.79 0.1269
266.41 278.48 123.63 110.07 0.1227
43.13 292.71 233.45 296.37 0.1120
196.38 77.89 145.70 155.00 0.1114
114.60 396.54 232.62 211.10 0.1016
307.29 317.04 88.51 92.82 0.0947
604.54 587.34 104.02 106.73 0.0942
278.33 238.66 110.80 104.16 0.0934
338.99 233.71 73.87 95.57 0.0890
208.32 210.60 203.65 156.65 0.0856
703.55 242.90 160.92 247.10 0.0811
683.79 288.04 117.47 175.80 0.0779
481.05 213.35 60.72 74.57 0.0724
374.14 206.14 65.31 109.49 0.0672
713.35 110.92 155.89 197.61 0.0619
736.91 508.52 119.50 157.47 0.0601
177.48 155.23 169.58 156.23 0.0588
473.03 500.73 152.48 155.54 0.0587
393.85 178.20 61.33 102.55 0.0579
140.33 152.92 119.75 141.72 0.0569
381.99 244.94 107.60 118.44 0.0548
709.09 224.57 75.88 134.75 0.0536
449.49 136.76 130.63 144.04 0.0532
0.00 331.73 100.42 215.57 0.0530
662.98 126.44 96.64 101.29 0.0521
404.93 148.66 84.84 109.15 0.0517
