55_Sports_Coach_Trainer_sportcoaching_55_183
41
385.54 152.62 226.69 288.79 0.8965
597.17 146.92 397.42 464.64 0.3203
147.35 260.82 75.32 89.21 0.2662
901.73 761.16 41.22 58.18 0.1825
872.71 757.96 37.29 60.67 0.1762
27.77 314.49 300.27 326.50 0.1720
427.07 698.90 207.18 243.99 0.1661
42.09 380.96 190.19 203.58 0.1537
524.40 706.86 237.16 230.70 0.1512
118.23 207.92 163.88 179.99 0.1477
346.43 586.85 247.37 284.25 0.1420
155.18 219.53 225.56 204.23 0.1368
607.85 937.62 129.79 86.38 0.1317
369.16 687.87 157.08 176.66 0.1282
734.08 790.39 31.87 60.06 0.1165
397.34 641.44 346.22 382.56 0.1101
703.31 501.42 191.68 358.09 0.1096
74.61 243.30 125.21 145.59 0.1040
908.02 786.14 37.28 54.07 0.1038
428.47 441.06 441.69 509.86 0.0910
948.41 785.11 31.59 49.74 0.0906
680.68 767.16 59.14 80.46 0.0875
27.91 274.66 166.38 189.67 0.0845
845.43 747.22 51.07 94.88 0.0828
768.22 567.28 107.33 230.85 0.0808
77.28 455.74 130.14 192.89 0.0805
108.63 284.09 289.04 230.14 0.0789
599.68 755.62 126.01 124.07 0.0786
946.12 754.71 46.02 75.26 0.0776
0.00 321.58 76.76 152.98 0.0750
911.03 827.03 39.48 73.42 0.0666
716.61 273.94 236.71 294.10 0.0662
522.58 817.93 256.46 206.07 0.0638
822.68 672.71 58.71 143.49 0.0637
626.48 652.84 177.40 252.05 0.0637
690.26 0.00 312.44 433.78 0.0596
778.85 504.85 72.42 76.93 0.0564
193.43 686.11 121.52 307.43 0.0544
890.48 716.07 65.54 94.20 0.0542
481.30 237.99 322.77 487.99 0.0536
128.32 493.77 229.95 431.68 0.0513
