20_Family_Group_Family_Group_20_453
25
471.43 396.54 126.13 229.31 0.1978
570.08 747.31 131.44 322.08 0.1931
563.61 414.64 50.23 105.49 0.1905
408.05 710.86 337.99 593.00 0.1151
263.98 1038.61 59.67 151.31 0.1115
435.93 772.15 193.91 288.73 0.1102
85.88 14.38 231.25 481.77 0.1030
260.94 235.33 94.10 326.52 0.0934
420.00 419.22 168.51 388.15 0.0881
214.47 878.15 104.77 362.54 0.0853
390.01 440.86 45.79 109.30 0.0788
80.10 62.72 104.48 177.38 0.0777
648.65 1063.42 292.00 341.08 0.0749
358.63 774.52 197.38 331.94 0.0644
129.49 790.56 142.68 443.04 0.0620
281.69 950.88 78.69 212.86 0.0579
424.27 417.11 84.77 211.79 0.0569
383.17 389.47 67.87 191.52 0.0563
285.35 431.26 87.51 220.66 0.0544
277.72 831.71 213.46 490.35 0.0536
550.56 105.24 473.44 877.74 0.0532
212.95 195.68 155.91 532.75 0.0524
342.49 327.74 191.57 448.78 0.0522
144.20 229.44 166.51 445.61 0.0515
219.46 613.97 469.42 836.03 0.0512
