14_Traffic_Traffic_14_840
200
702.04 278.07 37.51 34.05 0.6858
804.99 284.10 32.59 30.53 0.6684
920.88 273.14 40.65 37.31 0.6667
142.05 283.67 29.51 27.83 0.5884
82.12 258.60 31.10 26.94 0.5353
185.10 265.86 30.87 28.02 0.5268
850.90 263.91 38.86 33.24 0.5144
658.02 271.46 28.23 25.13 0.4976
488.85 272.81 36.97 35.57 0.4605
274.39 275.40 42.19 37.36 0.4603
406.45 231.95 28.25 27.22 0.4179
765.62 270.25 29.03 24.70 0.4013
377.19 297.92 37.03 32.43 0.3988
592.48 269.03 30.38 28.78 0.3965
23.27 291.79 35.67 31.46 0.3878
44.89 258.70 25.57 22.06 0.3740
618.49 245.08 28.03 23.84 0.3616
561.19 258.44 30.07 30.14 0.3596
7.87 279.69 44.68 40.75 0.3553
699.04 238.38 25.92 21.10 0.3543
483.84 257.09 32.56 34.13 0.3484
984.25 208.15 37.51 39.57 0.3465
144.81 198.30 26.20 24.20 0.3458
850.80 231.18 36.25 26.11 0.3360
291.72 258.56 38.78 42.11 0.3336
225.11 262.11 23.27 25.24 0.3316
953.73 269.36 30.75 33.12 0.3145
208.00 511.56 44.53 43.14 0.3138
518.46 219.91 26.57 25.47 0.3102
600.54 286.87 37.27 35.07 0.3100
396.75 281.10 31.48 32.35 0.2892
497.31 263.27 39.10 35.35 0.2848
188.18 222.27 25.62 25.41 0.2776
773.57 182.19 19.89 20.59 0.2719
188.49 501.68 25.00 26.27 0.2704
889.31 175.18 17.39 17.79 0.2687
568.90 494.50 40.38 25.77 0.2659
875.20 231.22 33.81 28.44 0.2651
337.71 461.68 26.01 26.22 0.2628
738.84 230.43 21.79 22.95 0.2625
264.87 256.62 42.95 34.38 0.2583
593.17 237.16 23.40 18.15 0.2579
39.52 212.04 21.74 22.21 0.2556
449.82 248.09 26.71 29.08 0.2553
990.12 307.42 32.12 36.82 0.2540
371.42 171.56 28.12 28.68 0.2535
814.61 182.61 15.47 15.72 0.2535
375.19 500.75 18.39 18.26 0.2529
119.86 270.39 30.83 26.10 0.2527
43.71 242.75 21.95 20.70 0.2500
662.99 183.32 20.52 23.37 0.2495
330.41 150.23 25.66 30.72 0.2473
989.49 273.98 28.13 28.13 0.2438
258.63 238.90 29.39 25.40 0.2433
769.12 461.50 22.06 16.22 0.2428
9.25 184.46 20.70 24.80 0.2409
9.51 234.47 26.00 21.34 0.2407
851.60 199.51 18.33 17.04 0.2396
735.83 222.89 22.96 21.57 0.2365
320.44 313.96 33.40 33.65 0.2364
332.76 495.69 27.43 20.94 0.2358
487.17 154.74 18.38 19.88 0.2332
301.08 201.60 26.53 25.91 0.2284
809.71 262.73 38.44 43.13 0.2283
777.05 220.21 27.07 24.03 0.2250
872.21 202.34 31.91 25.34 0.2244
41.20 203.90 19.01 21.34 0.2235
47.50 160.71 17.40 17.14 0.2234
625.87 216.81 21.73 17.99 0.2230
189.10 505.26 32.52 39.89 0.2225
294.94 213.71 27.51 23.01 0.2220
694.36 259.43 37.60 34.96 0.2204
108.12 162.82 25.27 22.63 0.2195
434.61 502.15 28.96 19.58 0.2178
664.07 460.59 22.40 15.85 0.2170
6.04 260.55 30.50 28.79 0.2144
320.96 255.88 32.07 24.55 0.2144
959.34 181.14 19.07 17.45 0.2143
739.22 177.20 20.57 21.54 0.2138
266.33 501.78 21.13 25.87 0.2131
688.54 500.48 29.58 15.68 0.2120
478.08 239.10 29.30 27.88 0.2102
770.38 229.45 30.30 25.25 0.2075
809.63 411.22 21.50 21.72 0.2073
656.19 496.27 35.76 21.90 0.2071
662.12 238.71 27.88 21.72 0.2070
984.23 293.30 35.42 37.85 0.2065
743.07 198.20 21.36 19.61 0.2059
928.65 166.14 20.06 16.90 0.2021
732.71 272.38 26.01 32.68 0.2008
446.12 535.89 31.71 19.31 0.2002
80.95 178.73 17.68 18.60 0.2001
448.66 234.89 27.51 27.83 0.1994
627.39 199.65 20.80 18.48 0.1987
375.34 278.82 34.75 34.76 0.1986
806.83 218.34 24.76 24.46 0.1971
556.44 215.94 23.42 20.15 0.1953
705.26 222.09 22.40 21.72 0.1947
8.64 472.91 22.37 24.42 0.1932
593.34 222.27 19.44 18.64 0.1928
434.74 128.13 31.88 29.98 0.1916
367.72 239.90 31.32 27.33 0.1877
125.96 470.58 22.86 21.66 0.1864
115.57 259.87 23.79 24.83 0.1854
772.97 190.94 21.46 24.02 0.1833
402.57 246.01 31.72 32.09 0.1803
65.61 519.88 48.50 37.12 0.1799
177.92 106.15 78.84 78.36 0.1790
367.06 218.08 27.00 20.28 0.1790
687.84 518.04 34.82 16.46 0.1789
6.97 305.93 27.26 29.06 0.1781
81.86 162.46 18.92 19.59 0.1770
336.74 211.70 29.94 27.38 0.1770
223.89 203.77 22.08 25.60 0.1765
6.01 431.58 21.38 23.69 0.1760
331.50 236.62 29.92 28.21 0.1748
6.13 414.70 21.67 26.76 0.1746
294.10 236.14 38.83 38.61 0.1733
630.12 499.40 20.80 15.42 0.1705
10.56 220.64 23.06 21.67 0.1694
259.12 196.65 28.53 26.88 0.1691
303.98 157.72 37.09 32.88 0.1682
446.68 299.15 25.30 24.70 0.1682
808.61 226.98 30.90 30.18 0.1680
262.72 215.04 35.91 30.26 0.1678
706.13 201.66 17.44 17.48 0.1663
925.77 170.65 20.11 22.80 0.1660
629.44 182.80 18.99 17.53 0.1659
592.01 136.98 29.36 29.62 0.1649
704.56 404.43 17.62 19.39 0.1643
985.66 254.28 33.36 31.70 0.1641
663.44 220.22 21.32 18.40 0.1613
213.65 468.92 27.48 27.19 0.1603
406.11 169.04 34.96 32.87 0.1591
961.02 193.12 28.61 26.35 0.1591
733.06 519.08 36.17 15.12 0.1590
887.78 166.19 15.90 16.28 0.1587
811.67 199.98 18.49 16.90 0.1587
850.94 183.42 14.88 14.24 0.1582
302.18 326.57 56.35 55.96 0.1580
151.58 462.24 19.05 21.86 0.1579
583.01 531.76 37.43 24.44 0.1578
77.47 296.75 33.40 26.94 0.1571
596.30 417.11 20.12 20.80 0.1569
47.84 177.99 16.76 18.36 0.1562
946.36 378.02 30.87 30.82 0.1562
437.03 152.00 28.87 27.28 0.1561
699.79 409.94 22.56 23.98 0.1560
108.81 173.85 24.52 22.55 0.1558
959.32 211.91 38.56 33.76 0.1557
322.95 297.50 29.69 28.29 0.1555
410.77 152.00 33.61 29.45 0.1544
476.46 221.70 27.30 26.69 0.1525
155.67 77.26 87.28 83.90 0.1504
118.75 292.83 33.42 27.63 0.1503
324.14 268.62 29.42 32.00 0.1503
482.84 141.02 26.22 26.28 0.1497
660.18 479.54 32.03 17.62 0.1495
739.24 500.83 25.55 16.78 0.1493
429.51 170.05 36.49 30.57 0.1490
122.69 238.37 24.43 24.37 0.1476
81.78 398.80 18.43 18.61 0.1472
410.57 436.96 16.71 17.67 0.1472
993.66 175.78 24.99 22.65 0.1461
0.00 532.92 31.05 24.08 0.1457
843.09 460.99 20.30 17.23 0.1445
879.83 496.11 24.11 19.60 0.1435
657.82 506.16 39.60 25.50 0.1429
140.29 523.00 50.63 34.00 0.1427
323.23 170.59 32.52 28.73 0.1416
414.02 500.31 25.79 20.11 0.1415
323.11 198.96 33.62 28.78 0.1402
627.68 131.80 30.77 30.99 0.1400
80.29 312.27 24.41 26.19 0.1400
545.04 534.48 48.21 22.52 0.1390
118.11 190.65 19.91 24.28 0.1388
72.75 243.99 28.87 27.13 0.1388
953.99 235.30 38.01 41.69 0.1385
296.49 295.21 43.45 50.26 0.1383
593.19 202.44 19.00 18.05 0.1381
739.20 138.80 20.97 17.79 0.1377
515.32 156.16 23.76 20.06 0.1375
78.70 194.81 19.17 20.33 0.1370
505.90 511.63 32.88 23.87 0.1369
286.48 497.42 30.86 29.28 0.1363
866.79 281.80 38.15 35.20 0.1361
771.23 501.06 26.68 15.69 0.1360
886.91 400.39 17.42 19.71 0.1353
469.60 535.36 37.70 21.64 0.1341
213.51 325.12 35.29 41.44 0.1338
952.16 395.01 26.46 26.69 0.1334
42.24 418.97 22.48 23.67 0.1332
373.19 474.32 19.87 21.55 0.1324
742.09 411.33 19.99 22.75 0.1322
557.26 239.85 26.88 25.16 0.1321
987.84 482.08 27.41 27.07 0.1319
368.68 510.35 23.59 22.06 0.1315
192.94 396.53 18.50 18.44 0.1309
667.32 440.68 20.83 16.71 0.1308
594.60 151.47 28.34 26.55 0.1304
