14_Traffic_Traffic_14_253
33
313.27 103.96 106.69 132.69 0.7419
748.98 195.04 101.52 67.89 0.1873
326.00 228.04 48.18 60.63 0.1618
222.24 257.59 81.15 109.67 0.1295
447.99 227.81 196.60 153.24 0.1129
357.17 187.08 65.03 95.73 0.1121
370.95 64.37 77.73 115.98 0.1109
410.14 377.57 47.00 71.15 0.0967
212.63 331.73 70.29 127.78 0.0847
450.20 241.16 98.87 78.53 0.0830
487.70 499.39 51.74 65.02 0.0802
459.87 242.78 59.81 44.49 0.0783
400.20 65.67 42.59 53.23 0.0748
240.19 234.59 88.66 103.31 0.0726
507.71 427.41 53.28 93.96 0.0707
350.49 379.02 45.21 64.59 0.0686
432.51 240.79 44.77 51.14 0.0683
509.38 470.27 40.92 60.50 0.0661
183.45 473.51 49.89 107.31 0.0628
716.36 163.23 166.18 118.96 0.0618
468.58 519.77 57.33 60.13 0.0595
346.73 54.46 61.55 63.98 0.0592
415.88 212.45 57.39 52.04 0.0583
311.29 18.92 183.99 243.24 0.0570
384.09 388.49 63.47 101.08 0.0565
390.09 233.04 57.30 60.34 0.0559
274.80 214.18 72.99 97.89 0.0547
323.54 375.74 48.72 81.92 0.0543
294.99 229.67 85.09 125.57 0.0538
242.90 335.66 91.44 140.54 0.0521
479.41 352.54 100.74 172.86 0.0517
414.26 331.71 65.55 120.06 0.0510
162.69 271.70 116.75 167.35 0.0508
