41_Swimming_Swimming_41_243
106
108.11 573.96 33.95 61.94 0.4568
711.83 807.23 227.18 233.21 0.4094
219.42 616.07 62.46 78.92 0.3904
107.32 730.74 67.31 80.45 0.3345
441.75 859.65 86.31 98.88 0.3174
926.65 94.62 27.61 59.94 0.2779
738.03 214.42 74.05 137.99 0.2655
763.41 70.28 25.62 56.93 0.2317
145.08 122.84 118.21 95.81 0.2118
534.69 783.75 88.28 149.22 0.2089
615.21 830.86 94.18 122.40 0.2067
426.53 736.80 60.12 68.99 0.2014
681.91 747.32 314.57 427.70 0.1872
191.06 567.23 35.94 43.45 0.1769
638.09 866.22 106.70 116.87 0.1723
437.25 808.12 98.41 109.23 0.1663
765.57 104.78 34.62 96.61 0.1621
414.83 767.09 37.24 52.28 0.1573
495.47 763.81 67.92 81.76 0.1555
229.10 616.88 120.99 105.74 0.1535
185.47 584.32 62.82 78.77 0.1519
910.41 256.52 44.38 59.57 0.1518
65.37 682.27 51.56 69.50 0.1502
107.46 94.43 95.19 84.95 0.1482
518.75 771.55 74.16 98.85 0.1454
64.38 654.27 38.26 59.22 0.1446
463.56 738.93 58.33 68.64 0.1417
185.51 607.26 76.93 99.27 0.1413
285.26 108.60 351.98 271.18 0.1403
128.26 587.28 55.02 93.47 0.1299
403.75 815.97 156.24 182.49 0.1261
943.74 150.08 36.81 92.12 0.1238
457.22 507.60 97.83 76.69 0.1219
770.04 135.44 43.61 95.88 0.1179
939.10 198.37 42.30 89.22 0.1131
133.83 631.35 50.31 70.05 0.1129
723.67 131.68 90.44 172.38 0.1087
105.94 582.03 49.03 102.04 0.1085
917.26 140.32 41.87 96.42 0.1085
140.25 554.45 54.47 86.80 0.1062
38.00 687.51 36.59 52.64 0.1061
203.62 130.46 110.57 96.45 0.1055
885.54 170.09 31.76 74.34 0.1041
942.81 103.36 34.93 93.79 0.1040
614.68 757.79 44.70 81.85 0.1037
385.53 770.56 254.97 284.73 0.1033
86.71 724.52 98.95 142.02 0.1006
203.26 564.34 74.00 92.01 0.1005
886.19 244.87 56.06 64.03 0.0991
480.90 779.46 88.80 115.44 0.0988
177.39 664.31 55.88 68.69 0.0986
46.07 651.30 29.88 44.91 0.0938
620.96 869.17 163.95 194.39 0.0933
333.16 558.01 139.40 138.91 0.0932
263.60 501.82 277.49 270.02 0.0896
848.94 119.33 21.55 52.26 0.0894
178.29 94.11 89.20 66.28 0.0885
916.79 56.27 33.54 75.98 0.0883
86.95 91.29 269.18 220.31 0.0880
401.39 838.79 99.71 96.74 0.0873
340.27 549.28 112.39 80.84 0.0870
516.80 543.97 74.80 68.83 0.0862
932.44 243.62 48.08 68.91 0.0855
82.00 564.53 53.10 86.03 0.0834
233.09 591.58 201.01 214.24 0.0819
253.59 694.06 156.30 142.79 0.0814
246.51 81.46 259.58 216.25 0.0783
495.21 827.25 162.08 186.63 0.0776
982.36 84.91 41.15 136.03 0.0772
212.48 85.70 96.89 56.84 0.0767
848.85 170.56 25.03 49.22 0.0757
746.84 61.16 37.21 78.29 0.0751
849.81 92.55 21.41 54.63 0.0741
882.21 110.92 27.41 74.97 0.0738
83.15 114.60 130.81 110.01 0.0734
673.36 224.46 115.19 228.65 0.0730
880.21 233.76 87.79 110.24 0.0730
294.57 744.01 124.57 125.54 0.0712
199.39 708.53 270.48 269.26 0.0709
367.58 505.78 315.08 297.23 0.0702
994.00 205.62 26.42 85.06 0.0700
499.83 140.48 153.73 187.53 0.0691
828.78 204.91 51.12 86.67 0.0675
384.15 554.91 78.44 53.55 0.0662
137.80 734.98 88.54 103.77 0.0650
431.27 462.08 135.32 111.26 0.0642
154.48 708.99 64.13 85.94 0.0632
109.39 753.42 158.96 213.31 0.0630
479.22 529.71 139.25 137.25 0.0629
656.63 746.32 231.93 221.45 0.0622
69.74 81.68 95.14 106.05 0.0619
282.45 521.72 135.76 124.65 0.0616
265.61 565.76 151.61 149.64 0.0604
33.88 708.07 47.64 80.95 0.0588
533.46 505.12 62.51 67.23 0.0551
737.69 277.57 91.32 154.37 0.0542
655.07 32.31 49.95 177.40 0.0532
461.30 644.85 167.28 207.80 0.0524
675.64 63.07 69.90 214.99 0.0523
793.47 122.99 43.64 108.11 0.0523
674.95 152.34 93.70 196.95 0.0523
6.26 630.61 29.84 76.87 0.0522
813.53 205.18 131.37 174.33 0.0517
45.59 602.06 32.96 53.69 0.0508
879.30 86.95 27.81 52.84 0.0506
12.21 713.78 411.77 458.18 0.0500
