41_Swimming_Swimmer_41_701
55
286.99 216.69 617.64 977.65 0.4798
128.28 267.95 536.43 764.60 0.2888
549.72 294.04 432.53 645.50 0.2407
829.87 931.68 105.92 283.70 0.1802
101.91 1158.33 45.09 109.15 0.1637
57.04 611.92 74.07 218.79 0.1520
372.71 522.16 425.44 542.38 0.1436
39.04 581.04 45.31 149.22 0.1391
994.11 1081.90 27.32 83.92 0.1391
106.67 1109.88 82.97 202.49 0.1323
847.49 572.97 120.92 264.63 0.1074
940.22 1080.28 40.18 107.85 0.1059
939.39 1156.60 46.93 120.02 0.0992
975.79 662.83 48.00 154.94 0.0985
87.31 1170.55 42.62 83.72 0.0971
101.70 1053.00 62.70 181.19 0.0956
964.63 1190.09 58.12 144.12 0.0946
37.39 672.90 79.43 211.97 0.0906
779.30 424.72 149.89 379.84 0.0895
903.67 1240.45 44.61 129.82 0.0888
98.29 1026.74 168.11 345.15 0.0883
200.34 656.20 379.64 414.07 0.0882
922.37 1157.29 40.16 93.41 0.0874
954.57 1022.07 26.73 77.71 0.0871
103.57 982.57 89.12 196.80 0.0857
990.73 1027.66 33.27 107.62 0.0839
746.92 960.87 168.60 417.46 0.0823
75.56 1069.04 36.68 107.11 0.0781
28.87 751.19 43.00 161.83 0.0776
2.65 1078.51 19.97 69.32 0.0727
41.60 1137.02 29.31 96.61 0.0709
37.79 1177.65 31.41 88.69 0.0701
35.09 547.18 146.92 370.07 0.0697
811.71 716.66 155.08 304.73 0.0689
5.36 932.41 25.27 91.90 0.0670
0.00 639.68 50.31 152.47 0.0612
83.12 911.37 77.93 185.41 0.0604
972.38 775.24 51.62 188.01 0.0596
42.47 985.14 34.90 118.36 0.0592
870.15 1192.46 59.99 139.17 0.0592
0.00 434.26 26.33 144.97 0.0580
403.64 0.00 507.79 750.10 0.0578
60.56 949.86 64.72 191.05 0.0571
2.93 1018.39 21.45 84.55 0.0555
895.13 583.12 62.92 148.94 0.0551
45.26 1057.43 33.65 106.49 0.0538
896.72 1271.85 65.31 172.20 0.0536
939.35 1218.93 69.85 170.14 0.0533
72.38 893.52 45.99 110.15 0.0529
948.23 312.90 36.74 91.27 0.0527
872.95 851.31 78.42 207.46 0.0525
936.69 1331.60 80.02 125.40 0.0519
988.22 954.01 34.94 124.07 0.0513
28.03 829.55 37.16 124.24 0.0509
624.39 50.68 44.17 80.29 0.0508
