44_Aerobics_Aerobics_44_762
50
374.40 151.03 106.61 162.58 0.9347
225.08 254.84 109.05 157.60 0.9152
616.78 85.50 117.59 149.29 0.8720
775.07 203.87 29.84 49.20 0.2364
157.09 407.54 55.57 100.02 0.1945
653.90 938.34 92.29 61.07 0.1805
383.71 635.89 43.09 54.76 0.1352
500.21 581.64 37.01 46.97 0.1129
343.14 635.09 67.01 72.54 0.1103
116.75 427.63 65.38 82.16 0.1051
320.72 655.45 47.94 54.83 0.1019
888.98 250.20 20.36 39.68 0.0991
550.35 87.65 326.04 547.27 0.0907
248.12 391.16 94.41 133.09 0.0870
309.47 431.70 61.47 85.67 0.0838
804.82 183.80 30.08 51.37 0.0719
299.10 223.46 72.66 140.45 0.0717
47.84 620.26 42.79 77.28 0.0714
290.68 640.08 49.14 54.03 0.0703
886.84 217.88 25.45 56.34 0.0700
885.34 177.84 31.69 66.63 0.0684
433.08 133.95 72.50 108.07 0.0663
167.95 510.56 67.87 92.78 0.0638
99.12 567.22 62.38 67.27 0.0628
347.37 413.73 59.87 95.50 0.0628
39.76 386.81 31.30 53.38 0.0607
39.43 310.31 27.06 55.51 0.0604
35.67 281.09 27.20 49.13 0.0599
603.81 304.09 173.97 264.26 0.0595
136.08 503.55 71.90 111.98 0.0591
428.68 632.48 57.33 75.24 0.0591
765.72 947.60 52.99 49.33 0.0586
7.23 270.37 24.55 64.42 0.0586
794.11 202.25 38.09 55.33 0.0584
836.12 180.09 31.81 48.28 0.0581
852.26 760.45 69.73 139.73 0.0581
131.22 567.30 49.08 74.75 0.0573
208.66 418.27 87.36 140.51 0.0572
700.74 167.96 65.58 97.53 0.0562
59.37 319.67 36.73 54.64 0.0556
855.84 0.00 90.11 124.27 0.0555
343.33 239.16 110.62 154.70 0.0540
306.96 600.26 85.59 101.14 0.0537
99.69 514.47 68.93 89.25 0.0534
325.69 48.44 166.98 149.93 0.0533
274.98 350.09 103.51 141.54 0.0533
464.76 36.47 45.75 86.88 0.0529
8.03 302.29 25.49 68.78 0.0520
74.27 694.05 36.17 70.12 0.0520
470.41 654.55 134.19 219.88 0.0501
