6_Funeral_Funeral_6_1006
18
45.60 5.08 112.48 84.33 0.7762
628.94 46.72 395.06 127.09 0.5615
3.25 2.64 103.92 77.45 0.4683
46.64 30.24 96.72 116.07 0.2561
88.84 0.00 155.44 62.09 0.1637
0.00 0.00 67.66 46.92 0.1462
422.61 156.12 391.87 307.85 0.1441
145.73 4.82 206.45 52.30 0.1202
14.53 24.32 72.50 118.30 0.1160
422.28 69.84 411.67 160.91 0.0730
126.71 25.43 376.70 45.63 0.0678
43.89 71.44 94.14 147.16 0.0636
636.05 116.75 387.95 205.99 0.0591
631.93 15.81 392.07 61.57 0.0307
390.10 53.10 331.81 115.40 0.0266
608.90 349.76 415.10 304.24 0.0236
631.81 221.78 392.19 256.22 0.0205
26.99 65.29 63.38 168.25 0.0204
