16_Award_Ceremony_Awards_Ceremony_16_305
52
592.85 275.22 120.39 150.60 0.748481
377.16 258.29 109.53 163.19 0.663501
356.95 461.89 47.27 118.37 0.220950
350.33 343.98 81.39 185.65 0.197599
574.98 329.10 141.27 224.57 0.188021
980.06 1293.63 42.57 124.10 0.154835
613.15 1341.91 26.09 61.91 0.146675
699.72 1360.77 31.44 89.66 0.136237
526.88 1337.15 19.56 53.66 0.129467
607.87 1362.91 35.40 98.84 0.126197
482.64 1341.89 20.85 52.15 0.117582
840.50 1462.07 31.81 56.03 0.107300
573.55 1344.65 23.78 59.57 0.105693
407.54 315.06 89.79 171.02 0.103647
376.57 1340.70 29.17 71.80 0.099406
663.31 1340.90 35.74 83.75 0.096838
528.09 1271.74 19.02 55.24 0.090914
561.48 1376.21 36.14 92.35 0.087433
831.21 1417.69 45.86 83.74 0.085148
433.68 1341.39 22.50 55.27 0.082783
690.83 556.29 103.54 389.30 0.082324
520.39 1465.90 32.72 70.10 0.075476
557.38 1459.72 39.89 74.96 0.073547
431.24 1469.71 30.10 55.50 0.073086
479.11 1390.00 26.08 65.78 0.071626
716.73 1094.22 34.64 90.07 0.070783
476.53 1472.00 30.68 64.00 0.070049
522.15 1385.18 26.88 81.51 0.068404
501.40 393.37 56.43 108.58 0.067838
705.58 1271.79 28.99 90.04 0.066934
372.63 1457.84 35.84 70.50 0.066599
310.00 1335.29 63.47 131.97 0.064969
947.11 1377.20 27.80 76.18 0.064731
721.99 362.65 58.96 93.71 0.064399
658.29 1272.92 34.25 96.92 0.064109
425.53 577.00 59.63 148.93 0.060802
366.20 1366.67 40.48 96.12 0.060538
316.08 1425.78 54.20 101.99 0.058354
420.73 516.97 68.52 147.18 0.057928
677.68 379.06 92.62 218.23 0.057537
333.59 97.61 160.78 337.47 0.057239
260.12 1344.66 103.81 157.16 0.057017
728.14 410.49 59.49 138.94 0.056999
478.11 1273.38 24.82 72.09 0.056906
259.73 492.97 70.14 144.14 0.056673
761.07 1476.00 28.66 50.43 0.056142
434.26 1398.44 30.63 65.29 0.055061
986.06 1448.43 33.31 79.96 0.053401
570.59 1259.88 26.98 70.78 0.052991
980.88 1133.23 43.12 200.51 0.051633
605.95 1267.17 42.30 110.62 0.050841
608.43 1452.42 39.49 83.58 0.050490
