2_Demonstration_Political_Rally_2_341
29
529.20 321.78 331.40 362.42 0.9889
159.52 326.23 336.88 340.83 0.9878
115.03 315.82 179.43 387.31 0.8586
403.81 347.83 324.22 393.92 0.5254
589.39 284.97 434.61 219.38 0.2845
162.20 427.92 200.27 340.08 0.1471
275.20 220.31 363.92 248.92 0.1323
495.62 190.67 513.13 242.32 0.1318
160.46 225.62 203.34 290.19 0.1085
312.99 422.58 295.86 345.42 0.0962
495.91 100.23 502.56 162.26 0.0927
55.36 334.90 87.90 147.22 0.0727
527.70 68.96 153.82 102.86 0.0443
366.67 273.21 376.56 271.14 0.0398
826.60 309.31 131.09 128.73 0.0356
457.98 71.05 133.52 109.30 0.0350
202.38 174.80 380.66 178.19 0.0316
63.53 431.96 104.70 150.35 0.0292
824.98 234.71 133.80 130.50 0.0292
78.58 66.55 107.26 100.53 0.0289
206.81 348.60 130.50 142.23 0.0289
486.63 342.28 125.13 125.23 0.0269
382.26 155.51 338.76 207.30 0.0267
162.33 380.81 126.38 148.06 0.0258
130.39 340.41 139.75 127.71 0.0254
754.50 258.63 119.75 137.38 0.0235
298.35 88.37 159.70 97.98 0.0231
554.89 316.16 140.94 122.02 0.0226
775.20 360.45 134.03 151.60 0.0207
