2_Demonstration_Protesters_2_493
51
404.30 112.45 427.08 202.51 1.0000
302.23 111.35 370.53 148.53 0.9990
499.71 103.30 524.29 147.11 0.9900
153.96 127.71 348.32 198.88 0.9849
126.09 85.11 387.61 120.44 0.9539
211.73 188.67 385.51 191.42 0.9528
511.27 179.02 383.43 194.52 0.8529
482.56 229.68 307.62 294.08 0.8370
117.55 111.11 187.66 233.13 0.3922
162.29 213.77 225.14 265.24 0.3849
80.47 29.76 95.71 93.20 0.2381
52.13 51.39 86.94 107.78 0.1713
74.81 79.49 109.85 104.08 0.1536
302.71 48.11 156.82 53.77 0.1526
145.87 68.33 170.88 64.26 0.1508
328.77 251.32 322.31 272.82 0.1394
150.68 48.71 161.68 49.69 0.1246
446.41 43.10 151.76 53.55 0.1237
219.89 47.01 163.71 53.11 0.1194
225.11 70.07 168.68 66.43 0.1116
621.60 66.38 164.41 68.53 0.1015
331.94 67.53 170.37 68.97 0.0901
763.37 51.82 178.55 55.77 0.0873
620.32 45.99 165.65 52.76 0.0847
286.31 33.92 125.82 52.80 0.0800
523.31 69.59 159.08 70.44 0.0790
75.85 65.68 155.41 70.02 0.0780
106.71 305.70 177.02 270.30 0.0769
454.72 62.52 158.67 66.85 0.0748
562.83 40.38 133.19 79.33 0.0711
48.63 99.43 89.41 113.60 0.0684
379.96 33.54 140.93 75.03 0.0652
256.23 51.80 370.90 129.07 0.0643
752.70 24.71 143.67 54.69 0.0527
681.38 64.77 189.17 65.69 0.0459
98.85 31.02 129.84 55.19 0.0427
28.47 32.41 73.11 100.74 0.0398
815.92 80.45 163.24 75.32 0.0397
500.43 59.23 506.36 121.19 0.0374
163.79 27.18 148.90 43.31 0.0352
311.03 24.52 154.10 44.97 0.0348
452.72 21.55 149.99 49.50 0.0345
261.61 325.46 268.49 250.54 0.0318
25.48 80.07 74.03 106.21 0.0281
623.71 25.69 167.36 44.93 0.0280
479.52 267.38 146.36 100.82 0.0255
536.18 35.15 129.70 50.32 0.0244
279.84 87.51 145.84 84.31 0.0237
522.38 124.11 151.38 98.60 0.0228
190.56 84.01 160.97 83.39 0.0223
30.65 237.68 170.75 338.32 0.0223
