53_Raid_policeraid_53_207
29
622.56 37.86 401.44 96.79 0.7204
642.85 64.23 381.15 152.43 0.6112
630.55 15.44 393.45 44.06 0.3586
71.91 310.91 76.83 241.55 0.3418
605.63 360.58 418.37 216.42 0.3192
115.18 255.67 131.21 240.71 0.3090
118.96 305.32 418.24 250.66 0.2394
170.98 309.97 169.74 241.30 0.2357
22.96 311.77 35.08 241.30 0.2288
329.84 193.64 438.58 249.81 0.1499
494.04 125.11 397.91 276.10 0.1350
100.11 349.66 165.23 227.34 0.1278
67.75 215.47 88.10 225.17 0.1055
21.82 225.14 30.76 197.05 0.0936
345.81 294.66 409.63 268.06 0.0737
167.22 198.94 177.99 256.07 0.0618
200.43 125.86 402.43 150.08 0.0606
103.16 88.35 454.07 122.10 0.0583
459.98 236.99 470.55 270.43 0.0407
169.70 131.73 180.30 136.66 0.0396
0.00 0.18 66.69 58.77 0.0322
536.13 9.33 313.95 44.85 0.0288
115.71 130.46 137.80 140.52 0.0288
121.06 88.35 124.00 116.53 0.0247
620.96 197.52 403.04 231.24 0.0229
524.57 81.12 342.91 121.21 0.0220
363.54 47.17 359.18 82.56 0.0210
19.78 118.79 31.02 168.40 0.0204
57.54 128.19 103.23 147.31 0.0203
