53_Raid_policeraid_53_208
28
596.93 90.31 427.07 155.48 0.4229
380.38 60.22 335.06 100.80 0.3871
418.37 98.03 401.89 139.05 0.2864
501.45 63.91 389.01 101.15 0.2763
229.43 65.80 347.71 95.89 0.2111
209.63 101.96 383.10 136.89 0.1992
374.18 132.92 352.79 210.41 0.1163
170.98 99.12 176.59 157.68 0.1153
107.77 283.99 148.21 325.11 0.0923
613.92 155.22 410.08 305.27 0.0907
352.18 20.49 389.67 45.17 0.0860
618.12 13.72 405.88 60.66 0.0829
612.17 424.91 411.83 277.09 0.0729
123.65 135.20 415.07 201.72 0.0585
197.57 217.09 409.48 330.43 0.0575
161.46 289.07 191.18 315.26 0.0569
114.33 98.65 141.17 157.64 0.0482
66.94 282.37 93.60 337.13 0.0478
439.22 220.91 363.47 320.32 0.0452
148.50 62.68 216.45 110.16 0.0447
18.31 255.73 30.12 267.69 0.0399
9.14 442.46 48.55 259.54 0.0358
0.00 0.05 66.88 72.73 0.0311
429.76 434.29 383.17 267.71 0.0282
141.05 435.41 374.13 266.59 0.0269
243.21 18.49 324.12 33.63 0.0235
97.46 432.29 169.00 269.71 0.0224
17.58 90.47 31.26 172.66 0.0219
