50_Celebration_Or_Party_birthdayparty_50_75
23
615.22 396.30 408.78 359.45 0.8019
108.39 459.16 144.67 307.84 0.5993
145.79 384.31 363.78 380.50 0.5767
59.58 435.52 100.59 331.48 0.5674
20.47 456.99 35.81 310.01 0.4725
163.96 357.54 186.23 315.87 0.4451
636.67 151.54 387.33 231.91 0.3698
350.47 364.85 394.72 402.15 0.3327
411.32 190.12 417.60 324.77 0.2844
618.00 260.92 406.00 329.27 0.2373
496.30 353.43 397.61 292.35 0.1732
31.95 412.58 12.60 326.65 0.1199
37.59 427.72 4.07 339.28 0.1098
298.86 267.31 356.17 339.22 0.0841
594.80 58.31 429.20 126.42 0.0822
602.46 24.78 421.54 39.01 0.0438
34.99 333.05 6.69 195.92 0.0421
100.05 333.30 162.56 225.91 0.0344
69.23 322.99 83.16 230.89 0.0340
469.88 123.05 459.24 177.71 0.0337
37.66 134.55 407.48 123.70 0.0233
0.00 0.66 58.35 93.44 0.0211
4.52 89.97 59.85 210.08 0.0201
