20_Family_Group_Family_Group_20_411
200
522.30 383.62 331.75 402.96 0.6189
296.85 360.72 335.40 397.65 0.6055
393.91 96.07 426.69 187.24 0.4260
188.46 399.26 281.91 418.74 0.2646
453.62 183.78 324.57 281.20 0.2545
605.09 372.84 418.91 259.60 0.2362
471.89 49.10 426.80 171.49 0.2072
404.23 266.92 319.99 317.47 0.1471
125.23 421.87 165.71 396.13 0.1465
296.79 51.74 357.43 169.60 0.1299
378.03 61.65 149.08 82.07 0.1228
300.49 56.47 147.14 90.08 0.1227
546.91 173.83 477.09 211.11 0.1199
742.27 57.44 157.68 87.85 0.1176
348.65 163.60 287.36 291.77 0.1174
446.66 60.63 148.49 84.30 0.1155
661.45 53.84 154.28 90.19 0.0926
110.70 58.20 159.08 88.59 0.0886
229.16 55.71 149.11 87.83 0.0878
518.99 53.27 143.07 92.54 0.0777
758.68 28.51 154.01 70.95 0.0765
220.61 98.77 357.61 193.78 0.0743
49.76 49.89 144.99 91.05 0.0735
801.09 42.27 157.90 80.04 0.0721
772.17 388.63 106.03 191.30 0.0708
579.18 54.54 149.14 87.32 0.0704
36.64 40.60 194.31 343.26 0.0698
164.21 164.01 209.64 335.39 0.0685
584.66 372.73 119.99 148.24 0.0673
97.14 121.17 216.42 291.78 0.0662
49.91 44.39 83.31 180.72 0.0645
407.26 34.07 163.25 73.40 0.0628
329.94 35.24 152.43 78.36 0.0624
542.56 99.65 108.16 159.24 0.0617
479.08 408.67 109.58 159.34 0.0614
489.83 390.28 157.71 121.99 0.0612
661.48 265.79 116.22 150.46 0.0598
823.90 409.65 116.39 153.40 0.0597
159.19 311.21 345.77 280.95 0.0594
608.55 93.31 119.67 150.38 0.0591
30.47 374.54 165.47 443.46 0.0586
691.58 85.60 105.67 176.01 0.0584
264.58 32.42 138.83 82.00 0.0582
221.31 425.52 111.58 153.78 0.0578
743.42 83.71 138.40 153.37 0.0576
462.36 84.02 130.79 153.56 0.0569
54.49 684.05 77.67 133.95 0.0555
830.19 219.15 124.44 142.87 0.0554
655.66 436.37 105.82 154.22 0.0550
54.42 489.85 80.83 163.63 0.0548
125.04 80.18 286.88 221.87 0.0547
290.36 63.21 112.64 147.98 0.0547
532.86 418.47 135.03 136.76 0.0540
23.80 535.32 64.94 166.22 0.0535
618.73 483.37 130.26 153.06 0.0534
804.17 51.91 101.78 153.79 0.0534
351.79 71.33 122.01 150.05 0.0533
842.78 127.97 110.01 156.89 0.0531
833.71 330.08 121.79 167.30 0.0529
445.97 428.64 101.06 159.35 0.0519
170.05 51.19 114.97 166.10 0.0509
434.48 114.11 108.84 167.36 0.0507
91.02 34.09 144.47 83.24 0.0507
550.52 69.06 153.26 127.43 0.0504
582.91 433.84 120.46 160.07 0.0501
221.86 50.92 105.50 173.32 0.0501
781.44 126.51 130.32 150.91 0.0495
637.03 74.01 143.04 132.83 0.0494
278.80 412.38 151.97 133.52 0.0494
377.35 16.55 136.53 77.87 0.0493
686.99 474.95 114.71 172.26 0.0492
616.41 354.02 145.59 128.16 0.0492
766.09 219.31 129.35 144.23 0.0491
288.66 202.26 109.37 172.46 0.0491
671.38 418.88 149.15 130.65 0.0490
16.38 38.82 80.79 123.53 0.0483
510.91 159.49 104.50 165.25 0.0483
714.66 14.85 125.37 107.13 0.0483
325.54 106.67 110.99 193.73 0.0482
135.83 21.15 370.74 178.28 0.0482
718.64 270.48 135.95 119.68 0.0479
547.20 216.76 112.29 145.92 0.0470
0.00 0.00 95.30 66.11 0.0466
406.93 162.15 111.70 171.14 0.0464
149.17 521.17 107.65 171.97 0.0464
49.54 289.78 79.53 174.03 0.0463
75.56 66.56 120.15 151.44 0.0463
586.28 255.29 106.00 139.63 0.0463
596.89 519.15 104.41 170.37 0.0463
78.75 9.38 140.21 71.88 0.0459
313.91 236.80 144.14 117.08 0.0456
455.59 203.37 131.42 166.27 0.0455
484.05 27.88 148.60 93.12 0.0455
475.63 479.74 111.53 149.97 0.0452
798.82 458.79 131.90 189.59 0.0452
562.22 488.64 102.05 146.88 0.0451
236.75 383.42 134.82 125.04 0.0450
117.67 272.30 183.69 360.50 0.0448
691.90 233.17 125.61 124.17 0.0446
218.51 4.80 136.68 65.77 0.0446
109.98 493.20 105.43 144.87 0.0445
260.97 88.39 102.88 158.26 0.0444
48.88 160.67 84.16 178.32 0.0442
580.55 120.02 109.93 165.22 0.0441
373.30 414.31 148.29 123.03 0.0439
194.87 37.12 131.93 82.10 0.0439
839.61 61.38 163.98 84.86 0.0439
797.42 373.23 117.58 144.99 0.0438
0.00 715.65 49.77 102.35 0.0437
845.71 554.95 107.49 168.02 0.0436
422.09 376.43 135.76 122.63 0.0436
793.56 266.99 136.19 120.05 0.0433
172.04 466.52 125.07 177.89 0.0431
370.55 120.34 114.09 166.17 0.0426
195.13 518.41 142.45 166.52 0.0426
782.98 0.00 81.32 129.70 0.0424
630.60 7.69 133.07 70.22 0.0424
54.89 406.51 80.48 166.05 0.0422
672.56 0.00 150.27 67.97 0.0420
626.62 212.03 100.44 162.14 0.0418
739.05 0.00 142.11 73.70 0.0417
104.56 252.05 108.16 167.92 0.0411
638.40 279.71 90.60 180.24 0.0411
0.00 8.66 62.67 148.56 0.0411
22.53 25.56 122.86 88.69 0.0410
137.38 213.95 112.42 163.20 0.0410
366.72 245.46 112.31 173.48 0.0410
734.35 154.81 114.16 175.01 0.0408
442.15 515.94 106.80 161.69 0.0407
185.31 389.15 105.20 140.91 0.0407
327.73 0.00 110.63 90.55 0.0405
17.96 698.82 77.38 119.18 0.0404
24.63 745.10 137.77 72.90 0.0400
655.68 137.20 113.36 136.62 0.0398
763.55 574.82 119.60 130.18 0.0396
157.69 407.61 94.86 159.51 0.0391
255.17 242.39 105.39 176.63 0.0391
71.53 205.27 107.57 175.46 0.0390
170.90 242.66 114.73 171.89 0.0388
481.29 351.51 108.56 123.75 0.0385
139.69 118.88 111.92 180.51 0.0385
102.64 171.45 113.48 172.93 0.0384
80.36 678.61 97.46 124.08 0.0384
506.63 254.29 115.92 153.58 0.0382
141.64 14.37 147.07 70.46 0.0381
238.50 482.60 135.23 160.44 0.0378
212.22 224.41 108.20 131.36 0.0375
852.41 445.39 131.73 170.32 0.0375
807.74 647.79 139.71 150.49 0.0375
669.92 550.32 144.80 157.07 0.0375
851.29 259.69 143.70 156.76 0.0374
102.54 428.51 106.35 119.47 0.0373
106.25 330.39 108.53 143.54 0.0371
763.69 277.13 120.80 169.71 0.0369
562.94 548.18 103.20 174.15 0.0368
513.38 526.20 116.34 152.08 0.0364
31.67 465.62 163.52 117.40 0.0363
65.45 113.33 114.67 188.96 0.0362
274.45 549.89 125.20 184.68 0.0361
141.56 308.26 110.11 136.38 0.0360
408.13 0.00 156.90 66.69 0.0359
9.60 505.62 101.75 117.04 0.0359
258.10 164.09 95.60 168.77 0.0359
145.51 672.22 96.46 115.51 0.0359
217.23 119.33 95.16 175.82 0.0359
474.03 275.50 107.95 164.03 0.0356
272.89 146.54 124.30 125.69 0.0356
35.74 248.30 185.49 371.15 0.0355
838.48 336.79 185.52 327.08 0.0351
712.86 578.50 137.73 180.17 0.0351
553.62 290.07 99.92 159.26 0.0349
450.06 0.00 85.40 120.50 0.0349
950.53 0.00 73.47 97.36 0.0349
291.38 280.86 104.87 170.56 0.0348
402.01 469.97 115.69 166.66 0.0347
21.47 79.05 63.30 189.64 0.0346
178.87 582.01 110.83 195.71 0.0345
29.63 466.67 66.67 123.00 0.0344
874.11 609.84 115.50 152.40 0.0339
218.79 281.63 106.26 181.54 0.0339
863.38 169.71 132.91 163.09 0.0339
181.45 191.72 110.17 135.73 0.0339
511.61 0.00 141.66 79.06 0.0337
56.59 310.47 133.54 114.04 0.0335
844.58 0.00 116.36 96.12 0.0335
735.73 371.02 104.23 155.31 0.0335
95.04 708.95 151.33 109.05 0.0333
751.19 490.15 146.67 123.43 0.0332
663.27 35.96 360.73 210.78 0.0329
599.80 186.93 138.86 115.08 0.0324
612.48 572.75 116.30 199.10 0.0322
34.41 266.95 102.13 114.19 0.0318
223.99 671.52 91.29 126.78 0.0314
703.00 310.46 98.81 180.91 0.0312
263.44 622.50 108.32 174.12 0.0311
861.96 106.68 145.23 114.49 0.0310
49.97 388.11 153.79 112.84 0.0306
153.83 361.58 155.39 104.84 0.0300
96.91 1.75 223.82 249.13 0.0299
21.90 0.00 152.65 54.90 0.0298
