20_Family_Group_Family_Group_20_759
200
370.48 308.73 345.21 298.57 0.8286
516.27 282.27 369.11 291.15 0.7391
130.40 258.78 367.45 277.83 0.5236
109.69 244.89 170.19 341.58 0.3185
558.09 451.90 268.05 315.10 0.2093
252.35 345.75 301.62 385.68 0.2051
183.96 145.92 408.66 215.39 0.1762
156.17 344.83 205.81 404.04 0.1646
579.33 210.12 444.67 226.00 0.1437
288.27 192.20 345.42 287.83 0.1358
397.31 434.84 278.14 332.16 0.1196
432.07 207.25 359.23 288.05 0.1180
148.10 141.37 222.09 278.13 0.1159
114.62 467.13 170.86 299.87 0.1126
259.14 71.48 419.29 202.10 0.1065
354.95 40.57 407.01 161.83 0.0981
153.88 64.95 280.14 228.97 0.0942
53.52 461.16 87.45 144.61 0.0888
28.77 326.26 168.84 429.92 0.0809
490.76 94.20 533.24 200.40 0.0736
103.84 245.29 122.83 136.36 0.0698
422.58 293.19 150.84 108.85 0.0658
49.40 291.10 82.97 172.62 0.0650
67.77 9.41 225.58 276.40 0.0640
53.69 550.56 77.17 158.53 0.0638
290.76 312.91 106.02 145.96 0.0638
370.00 45.58 152.29 93.47 0.0633
719.97 464.94 131.47 136.42 0.0624
440.99 587.88 107.71 154.39 0.0609
349.65 294.59 141.58 114.06 0.0603
290.63 46.16 149.88 89.47 0.0592
545.90 283.58 109.06 143.70 0.0591
763.09 234.87 130.14 133.45 0.0588
330.05 565.47 113.73 155.62 0.0585
606.27 273.91 138.29 144.95 0.0580
303.90 602.37 98.34 146.11 0.0572
32.94 177.25 173.88 372.83 0.0567
71.30 474.49 176.72 107.02 0.0560
393.18 322.56 135.80 120.43 0.0559
500.38 294.24 112.52 128.18 0.0555
54.29 236.94 74.94 149.29 0.0552
404.40 581.23 105.43 129.09 0.0550
511.27 515.49 108.86 171.86 0.0546
50.04 365.83 76.95 161.85 0.0545
179.83 461.62 124.90 141.64 0.0545
350.94 616.20 132.84 132.40 0.0537
260.26 333.80 96.20 172.43 0.0537
714.19 285.25 146.20 112.44 0.0534
62.59 286.86 138.48 118.77 0.0533
574.34 327.89 118.99 157.50 0.0527
257.08 291.66 117.42 120.55 0.0522
328.58 482.54 100.88 144.65 0.0521
847.90 590.43 103.97 151.55 0.0517
556.65 395.81 95.54 177.18 0.0515
433.47 398.39 109.24 176.93 0.0509
767.17 464.01 162.93 128.46 0.0508
671.12 434.36 149.33 106.72 0.0507
499.04 610.07 132.02 132.18 0.0505
313.92 0.00 345.45 137.10 0.0503
297.49 524.56 107.05 144.72 0.0503
207.45 422.69 134.45 141.82 0.0502
243.05 492.53 126.63 138.78 0.0500
28.21 483.04 65.25 170.39 0.0499
260.47 566.56 106.94 150.65 0.0499
846.08 515.92 103.80 157.14 0.0497
613.49 372.50 108.11 145.03 0.0497
209.38 311.97 120.22 140.76 0.0492
366.26 264.28 163.40 95.17 0.0485
155.82 247.34 160.69 101.24 0.0483
481.56 267.87 150.10 100.98 0.0483
132.48 285.66 125.49 154.87 0.0479
648.37 461.88 137.98 132.58 0.0478
469.52 314.19 109.71 149.42 0.0473
454.83 558.34 139.53 110.50 0.0472
678.58 287.57 117.03 160.67 0.0469
288.75 412.46 112.87 153.29 0.0469
339.66 6.36 137.31 74.87 0.0468
505.52 455.39 118.55 141.94 0.0467
215.12 155.66 113.82 156.66 0.0464
806.77 249.32 162.13 107.60 0.0463
539.77 479.81 116.82 158.84 0.0460
229.78 52.73 140.49 84.20 0.0460
359.77 531.80 115.17 136.61 0.0458
509.43 343.87 115.63 121.83 0.0458
541.18 84.00 110.39 153.61 0.0457
183.51 371.03 114.21 151.25 0.0455
25.91 307.64 66.39 150.85 0.0451
481.47 481.86 101.27 163.00 0.0449
751.05 426.69 133.10 112.93 0.0448
67.28 425.50 145.80 117.49 0.0446
35.20 403.47 58.91 179.79 0.0446
767.34 511.08 115.19 169.03 0.0442
397.12 474.00 105.69 157.15 0.0440
533.25 0.00 349.74 132.71 0.0440
46.10 35.83 87.55 100.71 0.0438
326.07 63.18 136.37 137.89 0.0436
364.39 333.30 113.04 149.50 0.0436
153.26 411.26 103.95 162.46 0.0435
374.91 158.23 336.54 225.62 0.0434
795.65 266.40 121.56 151.00 0.0433
75.06 598.15 115.87 146.67 0.0430
802.83 572.02 112.66 134.42 0.0430
228.75 250.86 140.54 110.58 0.0428
318.94 365.53 118.64 163.33 0.0427
824.89 442.37 157.70 108.08 0.0422
214.44 591.55 115.31 162.03 0.0421
366.32 410.28 112.32 161.50 0.0420
295.56 252.90 100.88 136.76 0.0418
692.03 485.31 117.84 164.26 0.0418
396.72 104.94 118.88 176.47 0.0415
649.15 320.50 104.23 148.26 0.0414
729.69 372.53 108.74 150.00 0.0414
129.35 502.39 143.88 112.09 0.0413
456.38 389.99 133.92 122.71 0.0413
583.48 477.54 157.23 107.86 0.0408
557.87 31.91 140.13 112.20 0.0407
390.91 20.11 171.07 85.96 0.0405
52.02 63.71 82.53 180.98 0.0401
221.13 522.95 107.20 145.24 0.0400
421.11 50.01 129.33 157.50 0.0399
278.71 52.35 124.42 157.29 0.0396
570.44 600.76 136.07 143.68 0.0395
29.54 586.57 65.89 175.88 0.0394
0.00 77.27 218.60 198.89 0.0390
666.85 389.04 151.91 100.33 0.0389
383.21 0.00 161.26 57.75 0.0388
72.40 334.06 119.71 151.69 0.0387
220.67 0.00 133.60 75.04 0.0381
776.50 607.35 109.07 142.69 0.0380
621.43 255.29 174.56 107.78 0.0379
480.07 214.42 91.75 141.46 0.0378
190.47 555.26 100.24 152.06 0.0374
0.00 0.00 66.87 71.41 0.0373
532.92 582.90 128.27 122.10 0.0370
519.22 43.74 120.31 109.73 0.0368
118.95 0.00 271.79 161.93 0.0365
585.46 0.00 129.02 74.68 0.0365
111.19 513.06 109.80 166.23 0.0364
464.63 119.53 123.83 159.15 0.0361
633.09 45.50 99.60 157.71 0.0359
82.92 39.35 149.97 96.21 0.0357
139.23 127.50 124.59 163.69 0.0356
262.17 0.00 259.58 228.25 0.0355
448.67 51.13 137.99 86.70 0.0354
156.27 43.32 133.62 99.45 0.0354
512.96 4.06 133.63 77.27 0.0353
673.06 207.99 138.21 128.02 0.0353
675.96 88.85 123.25 151.75 0.0353
636.98 596.03 128.88 143.34 0.0351
31.86 0.00 146.69 76.58 0.0348
756.21 309.35 120.88 172.05 0.0346
129.53 62.33 130.02 143.58 0.0346
748.50 49.35 121.79 93.63 0.0342
573.84 531.03 113.29 150.91 0.0342
385.18 664.67 147.61 100.99 0.0336
634.03 523.46 144.47 141.68 0.0335
684.70 646.29 112.35 120.71 0.0335
888.30 578.77 135.70 115.32 0.0334
380.94 205.05 94.23 147.90 0.0334
118.12 5.64 130.85 80.26 0.0333
753.08 0.00 270.92 134.21 0.0332
722.29 595.77 120.71 145.99 0.0332
0.00 454.59 66.20 143.42 0.0331
573.39 123.24 119.42 150.18 0.0331
82.63 63.01 103.49 129.78 0.0328
614.93 202.65 113.97 139.19 0.0327
177.96 89.52 114.60 156.59 0.0326
731.87 0.61 134.86 77.76 0.0325
803.56 65.06 110.11 130.29 0.0324
277.85 0.00 167.46 47.87 0.0324
783.42 11.12 129.98 83.66 0.0324
152.77 599.45 102.42 139.46 0.0323
507.36 146.22 110.29 176.25 0.0323
555.56 208.79 103.57 156.25 0.0322
435.31 159.90 120.19 150.80 0.0321
862.03 54.64 119.69 163.26 0.0317
241.14 116.22 130.60 151.64 0.0315
10.69 38.95 79.44 125.61 0.0314
328.95 116.03 119.01 160.85 0.0311
20.68 249.59 72.53 111.72 0.0311
660.76 0.73 137.62 81.71 0.0308
304.05 0.00 104.94 98.10 0.0308
642.56 21.94 120.30 104.04 0.0307
820.60 43.22 129.99 84.55 0.0307
0.00 340.62 63.86 146.72 0.0306
271.82 621.37 83.39 143.02 0.0298
832.73 300.99 123.88 137.12 0.0297
673.85 39.10 141.38 103.13 0.0297
784.90 388.27 122.59 119.94 0.0297
64.41 628.06 66.02 135.84 0.0297
0.12 278.69 67.33 132.11 0.0294
214.38 4.84 98.83 135.39 0.0294
724.86 71.83 114.36 139.01 0.0291
63.88 0.00 169.29 46.98 0.0288
822.51 661.87 153.68 105.13 0.0286
762.07 0.00 165.43 45.28 0.0286
624.58 669.20 122.01 97.80 0.0286
856.75 0.00 103.05 93.90 0.0285
231.65 68.77 103.62 145.26 0.0284
558.86 661.25 115.36 105.75 0.0282
