23_Shoppers_Shoppers_23_25
24
349.28 159.72 409.02 241.05 0.6175
456.00 73.45 411.62 118.66 0.2989
305.04 127.04 372.75 154.38 0.2491
506.71 139.86 517.29 227.66 0.2124
281.47 243.99 374.50 301.01 0.1177
525.28 245.79 333.59 304.57 0.1027
90.19 290.80 161.76 349.20 0.0715
446.59 77.40 167.35 89.43 0.0562
664.66 76.16 162.37 76.03 0.0446
714.48 48.98 177.37 63.67 0.0403
138.20 277.40 371.91 313.98 0.0401
151.40 360.94 195.37 279.06 0.0382
806.71 64.26 167.37 80.47 0.0355
386.10 56.16 123.66 92.88 0.0346
191.84 127.46 317.35 175.86 0.0331
324.10 347.82 274.74 292.18 0.0329
565.49 71.07 159.27 81.14 0.0287
386.01 208.61 131.26 122.72 0.0262
303.67 110.87 138.40 109.87 0.0235
297.11 75.31 169.75 74.88 0.0235
271.81 138.88 129.01 113.40 0.0217
636.91 51.60 149.64 59.21 0.0215
671.37 96.90 125.77 101.40 0.0214
64.81 354.99 106.07 104.77 0.0212
