35_Basketball_basketballgame_ball_35_662
200
66.02 107.31 44.18 49.66 0.7575
475.97 82.51 56.04 72.22 0.7265
205.66 147.40 51.55 52.88 0.6960
596.26 51.09 46.84 56.96 0.5930
366.94 143.85 34.56 39.45 0.5624
797.06 122.02 64.47 70.59 0.5156
247.87 77.95 29.22 33.23 0.4807
692.29 49.61 30.22 31.19 0.4740
107.03 68.04 28.14 34.72 0.4096
556.59 36.21 32.40 39.65 0.3927
685.62 118.18 57.59 59.38 0.3832
297.24 135.92 30.97 35.41 0.3783
404.06 47.96 23.57 22.64 0.3680
723.85 202.29 45.92 50.46 0.3661
478.19 37.83 27.20 31.63 0.3631
148.26 106.09 30.96 42.16 0.3628
105.74 76.56 34.71 49.53 0.3589
330.83 109.34 25.72 34.48 0.3473
438.86 17.26 28.25 38.28 0.3469
474.91 255.16 56.01 59.71 0.3342
664.27 8.97 26.89 34.04 0.3308
550.53 54.92 36.09 52.40 0.3295
0.88 113.22 24.62 33.18 0.3171
261.85 18.40 19.52 25.84 0.3097
378.21 80.62 30.67 36.85 0.3066
118.89 106.43 34.55 45.33 0.2994
398.08 110.66 31.51 34.40 0.2964
992.77 132.61 26.81 52.79 0.2963
394.09 90.93 37.81 41.16 0.2930
301.82 51.94 19.63 21.96 0.2921
182.32 10.55 28.36 33.06 0.2885
706.60 121.46 75.75 74.72 0.2829
329.13 145.99 29.09 34.65 0.2802
733.35 75.42 24.42 26.07 0.2778
520.28 20.90 23.03 29.89 0.2740
777.33 91.97 25.09 29.35 0.2728
373.50 125.06 35.97 42.19 0.2661
153.56 47.74 26.66 35.22 0.2584
846.35 90.55 35.19 52.28 0.2493
185.80 74.74 25.62 31.67 0.2482
812.48 60.75 23.91 31.85 0.2475
850.42 73.62 22.98 29.54 0.2470
112.19 50.32 25.23 33.01 0.2430
392.35 66.80 39.07 47.82 0.2369
723.53 88.86 36.25 35.03 0.2357
768.89 129.02 42.70 64.55 0.2326
664.50 68.11 31.36 33.65 0.2307
335.40 20.44 17.95 24.32 0.2306
258.09 118.69 33.71 43.20 0.2304
405.05 142.51 39.01 50.79 0.2301
150.62 60.07 29.77 43.12 0.2301
775.55 53.61 19.82 21.91 0.2294
123.55 25.52 26.57 26.33 0.2287
303.84 21.64 20.21 24.55 0.2268
511.52 42.96 33.14 45.10 0.2259
6.06 45.18 27.07 32.24 0.2228
773.68 71.38 23.71 28.00 0.2214
74.01 44.41 25.27 27.95 0.2176
414.72 24.08 29.16 33.42 0.2124
226.49 47.40 17.85 22.48 0.2119
331.92 72.23 24.19 25.75 0.2107
229.98 26.12 17.51 22.57 0.2107
812.66 53.17 19.82 23.39 0.2081
68.98 4.85 27.00 23.99 0.2079
158.17 414.66 36.14 44.67 0.2078
154.76 1.82 25.37 27.89 0.2072
303.28 91.67 29.99 31.19 0.2070
519.04 3.94 22.88 25.73 0.2059
46.35 100.16 44.63 53.63 0.2052
230.56 3.48 17.79 20.46 0.2046
546.17 86.69 38.63 49.92 0.2013
774.19 17.10 20.74 26.11 0.2012
611.02 28.47 39.89 50.37 0.1999
615.63 285.52 48.32 61.24 0.1975
669.78 49.11 32.66 34.09 0.1974
169.04 421.36 42.78 49.46 0.1970
337.27 52.79 18.74 21.13 0.1957
567.49 123.66 62.24 71.64 0.1953
4.64 22.02 24.87 29.66 0.1941
632.29 244.31 59.04 49.59 0.1931
741.38 51.94 19.24 21.41 0.1927
772.77 5.04 21.72 23.03 0.1918
4.86 3.90 23.39 27.45 0.1907
565.80 104.14 58.70 52.84 0.1907
302.37 65.90 28.99 33.43 0.1906
743.13 19.06 22.95 25.59 0.1895
153.35 124.46 40.44 48.36 0.1894
151.43 14.41 26.48 33.77 0.1884
813.84 4.24 19.18 19.80 0.1881
663.20 91.39 46.94 46.39 0.1868
435.75 73.53 33.84 57.23 0.1867
249.46 129.05 36.57 52.48 0.1817
70.29 19.91 24.75 29.06 0.1813
4.56 60.68 26.90 34.35 0.1791
64.10 208.12 105.47 124.40 0.1781
304.57 3.52 20.63 23.19 0.1779
120.84 1.19 22.01 21.76 0.1761
264.47 6.09 18.48 24.08 0.1758
696.78 1.09 26.91 27.18 0.1755
846.83 21.38 21.53 24.14 0.1741
428.55 134.50 41.85 51.27 0.1737
374.36 20.13 21.70 26.11 0.1712
886.30 316.81 23.19 33.57 0.1711
73.81 67.67 33.00 37.89 0.1707
697.18 26.46 26.98 31.33 0.1704
849.01 3.96 20.21 22.33 0.1683
227.39 434.06 27.23 34.93 0.1664
0.00 134.20 25.20 43.75 0.1663
811.44 20.10 21.76 25.25 0.1660
334.95 4.02 19.18 26.59 0.1655
841.28 361.87 61.84 58.06 0.1653
148.28 487.63 23.96 28.02 0.1653
49.11 0.85 26.08 24.80 0.1642
743.84 2.75 24.91 24.50 0.1634
36.62 232.83 42.78 67.38 0.1621
412.92 2.39 37.49 43.48 0.1615
188.97 43.86 23.69 30.87 0.1610
630.31 0.73 28.22 27.45 0.1578
850.17 50.88 18.83 22.43 0.1560
2.24 210.83 22.29 33.29 0.1544
43.61 44.61 23.71 31.90 0.1526
230.50 84.58 43.96 46.21 0.1522
374.95 1.98 20.36 23.76 0.1513
70.24 137.58 41.78 54.59 0.1508
531.87 288.80 49.95 64.97 0.1489
944.61 443.67 29.17 36.98 0.1487
553.19 1.81 26.31 26.48 0.1483
155.29 391.31 33.09 44.39 0.1467
260.26 52.22 22.02 22.11 0.1451
255.85 411.88 55.52 55.97 0.1445
444.34 217.00 36.36 50.82 0.1438
463.28 218.09 61.09 59.97 0.1434
701.46 220.85 51.36 47.36 0.1431
378.33 52.49 24.79 22.27 0.1415
762.00 182.27 40.09 51.13 0.1413
790.45 151.97 64.00 71.52 0.1379
607.37 100.32 45.91 53.42 0.1376
256.57 448.31 37.32 41.46 0.1373
920.53 444.70 39.06 44.05 0.1367
869.02 72.11 33.64 42.99 0.1365
477.47 0.62 29.26 28.22 0.1357
0.00 190.02 22.86 35.70 0.1349
727.64 301.09 42.45 55.18 0.1343
175.31 444.27 39.43 43.28 0.1334
805.22 89.26 35.86 46.62 0.1314
43.01 66.20 28.58 35.72 0.1303
954.25 2.52 24.93 24.37 0.1300
511.08 283.46 43.67 70.63 0.1278
922.98 0.00 26.62 26.43 0.1267
447.52 262.30 57.42 56.66 0.1261
404.09 154.93 50.76 71.50 0.1220
0.00 165.61 22.94 33.44 0.1208
110.31 125.98 34.89 45.32 0.1201
689.17 290.51 48.71 55.39 0.1190
992.92 405.55 24.20 36.76 0.1188
647.78 274.42 48.59 52.79 0.1187
48.63 20.43 30.01 32.42 0.1175
583.43 0.00 29.42 21.61 0.1163
101.61 264.39 218.27 184.65 0.1153
443.89 95.78 38.00 61.35 0.1138
478.80 559.87 21.09 24.79 0.1136
40.03 203.29 48.30 67.14 0.1108
794.57 339.96 108.86 106.16 0.1106
152.91 463.77 28.43 38.06 0.1103
797.61 430.98 44.44 30.76 0.1092
693.55 264.66 37.57 32.40 0.1092
39.42 246.36 66.02 102.07 0.1083
68.46 172.61 59.53 67.06 0.1077
886.10 441.41 45.60 43.13 0.1068
882.84 23.00 21.68 24.77 0.1067
360.69 177.73 39.13 52.59 0.1055
152.65 158.45 41.93 38.69 0.1050
853.93 107.78 49.62 64.24 0.1048
4.72 258.56 28.19 40.86 0.1031
233.97 73.44 34.14 33.47 0.1028
584.87 255.75 81.14 61.58 0.1018
649.36 166.42 104.19 87.20 0.1017
883.73 0.47 21.68 23.74 0.1014
147.66 377.04 75.35 77.88 0.1013
965.55 529.20 58.45 68.91 0.1004
361.38 401.35 50.10 41.20 0.0980
866.47 85.21 38.82 56.27 0.0978
331.98 401.33 42.83 41.49 0.0975
994.76 71.23 28.27 64.78 0.0966
826.31 444.78 64.58 43.86 0.0943
185.64 355.50 105.77 105.65 0.0941
117.74 436.96 22.73 27.90 0.0940
288.31 510.26 28.07 26.34 0.0930
278.80 453.68 40.11 40.30 0.0929
733.45 300.17 85.60 102.01 0.0929
779.01 298.95 77.33 93.97 0.0927
807.01 412.78 61.53 48.78 0.0920
6.62 233.99 24.33 38.20 0.0901
419.84 170.24 50.10 67.57 0.0895
231.39 147.13 49.53 51.37 0.0894
212.92 500.50 29.06 33.85 0.0892
997.80 0.00 20.98 27.73 0.0883
550.33 555.77 43.17 56.75 0.0881
878.01 48.23 24.67 28.03 0.0880
991.11 425.93 28.26 44.31 0.0871
