35_Basketball_Basketball_35_457
200
612.29 137.34 36.56 46.60 0.4846
700.92 122.05 30.38 34.83 0.3781
43.51 352.45 17.01 17.85 0.3440
10.74 271.61 25.12 26.20 0.3351
194.64 270.56 12.97 13.84 0.2989
378.82 312.04 14.32 15.37 0.2948
774.53 387.89 40.98 41.27 0.2926
632.15 67.68 30.67 37.78 0.2854
83.93 228.33 13.53 15.13 0.2836
616.38 300.26 51.74 68.92 0.2807
192.00 308.36 15.28 16.50 0.2769
83.51 290.43 15.23 16.43 0.2748
123.22 293.43 14.78 17.15 0.2710
82.65 265.75 16.05 17.81 0.2692
160.07 251.44 12.87 14.40 0.2680
715.16 0.00 74.13 43.42 0.2661
304.35 285.28 13.70 17.07 0.2598
559.03 10.05 32.88 41.28 0.2574
121.57 251.03 12.37 14.89 0.2555
158.69 348.94 12.25 15.91 0.2538
84.27 251.39 15.74 19.29 0.2501
47.43 250.16 15.59 18.51 0.2487
120.37 354.65 12.77 15.06 0.2478
229.78 272.05 14.12 13.90 0.2476
158.37 290.80 11.95 13.98 0.2456
619.00 381.93 46.75 37.59 0.2419
122.07 307.27 14.61 17.23 0.2413
413.66 291.52 13.62 13.25 0.2411
45.56 267.54 15.59 17.58 0.2380
46.44 228.36 15.38 16.30 0.2378
193.85 374.09 13.48 14.10 0.2334
304.42 328.54 13.91 15.90 0.2329
157.89 271.03 13.48 14.17 0.2323
118.67 371.43 15.14 16.81 0.2308
231.41 290.53 13.40 14.87 0.2297
340.89 291.01 11.84 13.21 0.2280
300.87 273.49 14.89 14.80 0.2272
158.09 335.20 12.15 14.36 0.2270
449.79 329.98 15.47 16.38 0.2256
414.88 333.49 14.55 17.99 0.2252
8.52 203.27 18.62 19.11 0.2249
341.54 352.55 15.23 16.14 0.2221
9.50 329.59 15.96 17.13 0.2220
192.48 250.54 15.16 15.30 0.2214
121.77 268.93 12.54 14.58 0.2207
122.76 229.27 13.25 15.51 0.2200
232.05 352.61 15.10 16.23 0.2196
298.24 371.14 18.58 18.12 0.2137
122.04 332.85 11.51 12.25 0.2133
8.58 249.94 17.97 18.31 0.2126
85.12 332.68 12.65 14.08 0.2122
375.58 328.72 16.17 19.29 0.2118
85.13 349.85 13.85 16.17 0.2107
10.20 394.93 17.12 22.40 0.2079
193.00 292.08 14.86 15.75 0.2078
578.41 34.94 40.74 55.39 0.2069
83.25 209.04 15.00 16.85 0.2063
266.23 311.61 13.98 15.82 0.2059
447.73 310.82 15.83 14.94 0.2043
267.79 332.43 13.03 14.47 0.2040
46.59 210.11 16.89 16.07 0.2024
376.93 292.05 13.88 14.05 0.2018
230.98 311.37 13.64 15.19 0.2018
267.93 269.42 15.73 14.28 0.2008
7.08 307.00 22.80 22.79 0.2005
413.03 348.56 17.17 17.97 0.2003
268.24 291.88 13.13 14.48 0.1953
834.71 377.85 33.54 33.29 0.1943
159.75 312.23 11.50 13.17 0.1943
9.53 227.58 16.91 16.66 0.1942
341.03 312.48 12.22 14.38 0.1915
369.66 375.65 19.26 23.40 0.1901
414.18 310.50 12.57 13.90 0.1896
488.88 332.31 15.91 15.14 0.1884
305.87 313.60 15.59 17.19 0.1882
230.73 333.55 13.59 14.70 0.1873
266.73 351.89 14.40 16.69 0.1834
43.62 289.36 17.61 20.65 0.1826
340.92 331.73 13.69 15.92 0.1822
47.84 334.31 14.32 17.50 0.1746
263.05 249.65 19.82 17.36 0.1738
448.55 292.36 17.04 16.86 0.1731
228.11 248.35 16.10 16.41 0.1722
586.93 65.98 27.18 37.86 0.1718
341.98 272.32 11.68 12.90 0.1717
618.13 281.12 40.04 47.50 0.1704
373.37 349.61 16.46 16.99 0.1702
194.39 331.08 13.92 14.09 0.1667
263.84 371.77 16.57 17.63 0.1660
10.45 350.57 16.09 16.83 0.1656
301.58 353.49 15.60 17.04 0.1650
194.23 355.26 12.59 15.08 0.1640
220.69 405.38 21.69 23.91 0.1634
576.99 305.67 79.61 70.72 0.1633
233.16 368.51 15.68 17.15 0.1623
375.63 273.03 13.93 12.86 0.1618
556.47 318.63 55.59 57.26 0.1613
412.15 392.19 19.35 18.61 0.1607
83.66 309.93 13.90 16.17 0.1578
446.48 392.26 17.53 15.83 0.1571
159.97 373.18 13.17 14.33 0.1552
7.08 189.76 22.42 23.66 0.1548
46.22 308.25 15.85 18.00 0.1547
45.24 410.17 17.48 22.71 0.1507
44.09 360.27 18.30 24.58 0.1499
511.52 327.76 26.54 22.02 0.1498
884.28 321.84 31.57 30.59 0.1485
156.27 231.55 12.87 13.89 0.1483
714.67 281.88 125.86 141.56 0.1471
290.95 409.28 27.02 23.40 0.1459
122.65 210.63 16.84 18.51 0.1456
685.65 164.25 56.88 48.10 0.1435
841.92 323.79 43.50 51.90 0.1416
340.07 370.54 19.42 22.61 0.1407
767.75 398.14 62.38 52.61 0.1397
485.49 310.64 14.76 15.28 0.1378
593.60 139.53 59.58 76.25 0.1376
226.75 395.84 16.45 18.02 0.1369
194.89 229.17 19.01 16.24 0.1367
638.71 149.15 54.94 53.39 0.1347
295.88 248.91 21.23 18.54 0.1335
216.03 227.54 26.70 18.48 0.1333
483.26 292.63 17.33 16.86 0.1329
41.46 187.11 25.76 19.03 0.1327
81.66 412.97 16.87 19.70 0.1321
666.40 32.30 26.08 37.46 0.1316
560.97 1.37 58.89 58.23 0.1291
953.70 200.56 30.16 28.40 0.1274
518.51 392.00 22.95 20.61 0.1268
190.87 389.88 20.87 20.28 0.1267
545.37 362.01 48.55 45.94 0.1222
341.81 383.96 20.58 23.54 0.1218
449.87 349.18 18.66 18.29 0.1207
563.17 327.89 83.32 74.04 0.1206
261.47 388.73 20.29 20.27 0.1205
482.71 351.09 20.65 19.32 0.1202
413.25 273.77 14.39 14.56 0.1200
650.32 51.96 36.86 50.08 0.1187
669.43 172.69 85.58 69.54 0.1178
638.55 265.43 63.56 73.45 0.1178
522.03 311.10 19.45 17.35 0.1164
83.92 374.16 15.58 16.37 0.1159
449.03 374.55 17.01 18.19 0.1151
118.29 412.01 17.58 19.67 0.1137
599.12 195.83 46.02 60.28 0.1122
412.37 371.69 19.52 22.31 0.1118
484.26 372.50 20.59 19.66 0.1114
725.06 129.67 41.69 45.44 0.1113
556.34 125.62 31.71 44.78 0.1109
187.40 406.38 25.47 27.07 0.1107
700.44 180.10 96.41 86.06 0.1102
515.57 0.00 30.35 24.84 0.1098
694.33 37.45 53.44 67.82 0.1090
654.47 300.56 109.46 109.39 0.1090
10.15 373.75 17.46 22.94 0.1089
922.15 205.92 24.52 26.47 0.1088
49.01 393.43 16.12 17.16 0.1088
159.60 393.10 17.23 18.59 0.1069
629.01 360.70 88.21 69.89 0.1067
486.43 391.75 21.76 18.05 0.1048
81.74 393.10 16.07 16.21 0.1035
217.30 11.61 32.78 33.15 0.1033
297.19 387.69 21.69 23.99 0.1022
118.51 389.58 16.26 18.77 0.1015
559.52 302.59 50.36 44.98 0.1003
830.89 390.22 37.47 39.59 0.0987
668.85 368.96 59.46 55.41 0.0971
585.66 384.22 63.80 41.53 0.0969
510.41 344.71 32.81 33.50 0.0961
76.71 189.53 22.32 23.29 0.0960
884.31 386.69 42.70 34.46 0.0949
617.38 0.00 33.78 24.20 0.0949
995.35 281.70 18.39 25.14 0.0944
510.59 368.74 33.18 29.49 0.0943
993.10 180.95 22.44 31.05 0.0936
35.87 166.99 38.59 25.28 0.0929
473.09 0.00 38.29 24.28 0.0907
705.19 18.29 79.81 89.79 0.0898
6.15 163.22 23.70 22.37 0.0896
186.10 206.12 32.53 29.84 0.0890
197.88 203.89 51.01 46.75 0.0887
509.06 6.99 43.34 50.33 0.0883
900.70 408.27 38.57 26.14 0.0882
956.38 185.13 24.96 27.41 0.0882
263.30 230.17 27.75 27.60 0.0872
748.32 195.30 67.88 60.56 0.0871
559.87 141.40 42.66 51.11 0.0861
157.99 406.34 21.37 25.94 0.0852
334.07 249.01 22.58 21.87 0.0844
996.13 266.91 18.27 23.30 0.0843
233.98 56.61 51.57 42.94 0.0840
912.12 288.28 38.19 37.67 0.0827
464.66 4.48 51.25 47.53 0.0825
920.08 451.35 84.07 51.89 0.0812
257.65 400.41 29.09 29.87 0.0812
954.45 330.94 24.46 22.90 0.0811
582.81 74.52 36.25 50.09 0.0805
773.91 364.49 72.29 58.68 0.0803
697.28 69.54 32.72 42.71 0.0802
406.85 398.46 30.40 28.73 0.0801
