35_Basketball_basketballgame_ball_35_341
112
660.38 42.06 125.87 168.30 0.9337
499.14 194.26 124.31 155.47 0.9111
264.40 243.68 78.65 173.95 0.8441
249.75 26.72 39.49 104.61 0.3618
795.82 483.93 50.92 99.54 0.3003
667.97 358.24 53.25 107.59 0.2687
790.63 524.58 64.71 108.95 0.2459
598.44 455.55 100.47 171.59 0.2334
358.00 113.21 58.90 98.34 0.2277
763.71 1011.16 49.41 83.77 0.2270
641.64 485.75 69.76 125.36 0.2267
676.06 1043.84 56.55 121.20 0.2224
391.90 464.57 70.12 120.12 0.2085
570.33 522.96 86.98 154.72 0.2074
661.85 432.55 68.16 144.77 0.1850
823.10 544.19 56.16 101.64 0.1832
530.05 578.05 80.23 128.42 0.1704
919.31 584.91 69.45 200.31 0.1648
372.50 384.47 64.68 104.20 0.1625
669.19 1074.31 59.73 166.35 0.1613
510.22 423.08 59.18 118.67 0.1574
761.56 588.80 60.06 120.83 0.1439
318.69 74.68 58.56 145.85 0.1426
236.00 262.51 132.87 252.67 0.1374
827.96 480.34 65.84 140.40 0.1331
464.45 509.25 97.34 160.99 0.1300
582.71 697.32 75.36 142.46 0.1269
701.04 1010.87 70.11 143.91 0.1262
762.93 1217.77 57.03 64.23 0.1260
258.11 67.24 84.15 175.66 0.1241
286.92 459.54 93.62 135.45 0.1158
605.54 596.08 60.12 127.21 0.1121
771.32 1042.22 61.54 104.39 0.1110
457.59 941.09 49.96 77.65 0.1106
725.79 497.25 98.00 163.76 0.1095
440.12 1217.23 44.42 54.25 0.1074
528.26 488.78 66.73 122.53 0.1055
863.26 465.81 88.88 195.92 0.1040
345.67 1214.94 46.11 52.16 0.1028
251.46 157.49 77.27 218.97 0.1014
843.97 354.75 85.50 170.88 0.1013
274.90 53.41 57.90 115.32 0.0984
438.54 527.37 63.12 131.46 0.0974
341.31 459.98 104.56 149.55 0.0973
339.19 17.61 57.89 108.64 0.0956
793.63 135.46 108.92 121.84 0.0941
437.23 865.48 83.71 146.56 0.0914
692.81 948.86 37.71 82.92 0.0912
387.24 390.49 76.75 137.21 0.0911
407.43 1093.93 26.48 50.64 0.0909
432.91 916.90 57.29 97.81 0.0890
174.29 0.00 91.95 161.86 0.0887
818.04 16.76 83.85 116.12 0.0884
759.57 13.05 99.01 121.53 0.0882
688.63 1059.46 81.15 162.92 0.0876
660.39 545.39 68.77 102.74 0.0875
761.15 1162.65 117.76 119.35 0.0857
346.66 199.82 54.71 103.08 0.0825
708.64 455.31 70.98 133.72 0.0820
726.48 962.47 55.93 132.78 0.0818
991.93 53.66 32.07 96.10 0.0791
366.33 1103.87 23.45 39.79 0.0790
985.78 682.38 33.81 108.13 0.0788
881.31 1062.90 28.79 92.67 0.0781
315.24 25.56 59.81 114.18 0.0777
819.11 878.89 46.92 96.84 0.0776
370.47 137.30 61.75 104.31 0.0770
342.56 0.00 49.95 68.76 0.0763
228.62 41.10 52.24 153.27 0.0763
766.34 616.15 119.59 247.89 0.0762
855.56 171.98 104.80 213.32 0.0760
967.37 601.16 51.24 175.97 0.0756
555.84 151.79 121.05 173.59 0.0752
792.74 927.31 51.40 103.57 0.0741
406.34 1202.15 29.96 48.83 0.0737
873.39 273.16 82.64 253.73 0.0729
520.65 597.83 113.63 213.46 0.0723
244.28 566.84 150.18 235.59 0.0718
612.96 653.87 83.24 164.89 0.0714
440.04 559.44 109.27 170.32 0.0695
838.19 512.52 86.85 183.34 0.0688
808.80 583.93 75.01 122.42 0.0682
468.08 439.81 71.66 136.41 0.0682
912.50 683.73 61.20 151.18 0.0658
968.84 381.03 55.16 161.75 0.0653
285.88 1221.94 59.88 60.06 0.0628
388.49 778.84 171.34 283.00 0.0617
472.28 931.60 70.51 99.45 0.0614
383.55 32.24 55.29 113.16 0.0609
893.76 422.10 81.18 185.46 0.0608
678.07 911.43 46.20 78.95 0.0598
665.73 1151.94 53.89 123.72 0.0590
431.57 204.96 96.23 111.71 0.0590
361.31 1056.61 31.69 52.63 0.0588
731.64 1056.17 103.09 204.10 0.0586
666.16 946.47 51.29 98.40 0.0583
466.99 1079.72 37.82 63.78 0.0582
820.95 44.01 100.14 155.87 0.0573
607.50 50.97 116.52 172.02 0.0573
764.63 437.66 74.44 154.10 0.0565
390.19 208.29 51.65 94.71 0.0557
441.55 1083.03 37.20 60.25 0.0555
935.83 91.64 59.73 134.30 0.0542
332.68 1206.12 37.07 59.94 0.0539
654.55 645.51 89.64 156.91 0.0536
453.60 98.49 96.57 167.86 0.0527
611.11 1067.70 64.94 117.41 0.0524
188.96 365.19 174.56 254.24 0.0523
667.45 679.85 107.19 230.73 0.0519
880.02 996.94 31.83 77.66 0.0507
781.89 69.55 102.17 141.74 0.0505
725.99 179.78 207.97 417.77 0.0502
