35_Basketball_Basketball_35_549
50
719.33 363.72 55.36 74.08 0.5971
720.09 385.01 69.05 114.40 0.2705
181.47 375.96 103.53 92.40 0.1839
201.92 347.00 64.03 56.62 0.1331
590.42 108.79 84.60 97.61 0.1285
835.38 504.51 30.80 47.76 0.1204
334.95 376.88 26.88 46.67 0.1162
403.04 239.10 37.67 44.07 0.1100
188.30 831.59 101.22 102.23 0.1099
778.02 443.51 49.48 72.82 0.0954
238.53 347.32 48.92 56.61 0.0908
653.57 377.64 89.01 140.13 0.0885
993.63 494.57 24.38 71.70 0.0867
235.97 666.56 82.65 90.29 0.0851
407.69 409.65 73.52 91.66 0.0847
335.62 451.55 31.33 52.15 0.0845
659.05 349.21 56.44 87.23 0.0829
337.34 341.97 24.05 49.73 0.0766
793.02 485.42 42.19 77.41 0.0752
582.87 61.51 80.01 86.08 0.0746
341.58 349.15 54.76 88.82 0.0733
366.15 294.15 33.04 65.92 0.0721
730.44 427.34 74.85 122.10 0.0700
214.37 793.86 89.99 84.60 0.0692
209.84 312.42 49.10 56.23 0.0686
625.59 498.69 23.11 53.59 0.0665
652.09 445.01 77.65 133.93 0.0652
461.49 479.01 82.36 71.81 0.0641
345.26 433.06 59.28 87.23 0.0635
713.89 302.75 61.35 104.64 0.0615
595.73 32.65 65.02 55.38 0.0605
550.82 314.83 93.15 129.11 0.0597
497.63 515.54 63.68 67.87 0.0574
653.51 526.94 32.96 58.50 0.0568
254.82 550.64 89.57 112.79 0.0566
722.15 113.53 58.17 72.16 0.0560
600.37 337.93 58.00 99.07 0.0560
284.88 436.97 46.13 71.01 0.0555
332.96 391.64 40.59 78.33 0.0555
143.96 390.81 110.87 116.53 0.0553
549.87 27.70 105.43 96.12 0.0550
376.92 233.04 39.15 52.06 0.0547
388.10 356.26 100.45 111.94 0.0545
411.19 222.87 121.86 114.06 0.0537
847.45 536.08 176.55 319.02 0.0530
418.01 235.39 64.62 61.50 0.0524
375.85 294.60 95.93 127.33 0.0511
375.69 261.92 27.66 45.26 0.0509
442.74 493.82 94.46 98.60 0.0506
415.40 367.26 121.03 139.61 0.0501
