51_Dresses_wearingdress_51_512
19
413.07 237.67 323.92 358.90 0.3027
707.49 671.16 208.68 372.00 0.2466
407.35 349.46 146.47 233.19 0.1434
510.82 366.30 267.16 299.32 0.1202
993.30 676.01 27.61 125.49 0.0927
408.58 457.19 109.78 164.76 0.0915
408.05 75.37 359.16 346.37 0.0910
567.65 474.65 127.57 179.75 0.0864
807.43 581.71 149.90 460.20 0.0813
325.13 820.72 303.13 461.76 0.0738
64.64 0.00 243.31 693.39 0.0682
990.23 628.51 28.81 116.09 0.0617
317.20 645.49 228.29 263.19 0.0601
737.54 336.18 99.49 166.12 0.0577
424.94 937.91 172.24 240.73 0.0566
582.67 525.59 78.32 163.22 0.0561
985.90 544.17 31.13 94.29 0.0559
956.53 567.87 27.98 68.78 0.0553
232.04 89.57 137.76 350.66 0.0535
