51_Dresses_wearingdress_51_464
114
395.59 230.50 265.38 342.87 0.9348
32.94 365.09 141.48 184.03 0.8319
750.98 401.61 67.42 129.35 0.5344
996.29 441.70 25.48 74.11 0.4028
914.74 487.90 31.44 80.52 0.3011
832.75 392.68 39.51 89.20 0.2619
870.83 506.09 34.81 94.12 0.2330
254.16 64.34 104.62 141.92 0.2271
666.37 538.43 97.87 104.61 0.2267
887.08 453.91 33.38 79.16 0.2142
954.74 358.51 25.17 48.69 0.2127
214.12 0.00 97.92 138.89 0.2098
239.82 409.49 44.85 104.28 0.2072
801.30 7.17 34.19 80.00 0.1966
7.17 1057.88 38.05 102.89 0.1852
766.19 32.42 40.20 84.96 0.1803
812.64 192.36 52.43 113.61 0.1717
111.72 910.60 87.25 186.02 0.1651
908.74 396.09 31.68 73.00 0.1620
914.08 534.33 35.71 83.37 0.1591
991.96 558.01 23.04 59.51 0.1564
993.84 356.29 24.89 57.81 0.1522
614.01 501.65 51.97 76.75 0.1490
182.30 343.33 94.80 192.00 0.1458
885.32 394.53 40.71 89.88 0.1453
952.83 454.60 30.61 84.41 0.1426
843.81 482.02 61.63 138.59 0.1419
960.57 551.10 27.69 67.65 0.1369
955.60 389.62 27.65 68.08 0.1293
917.51 579.11 27.96 72.44 0.1259
914.29 365.58 24.88 62.63 0.1214
882.86 252.54 27.90 74.63 0.1211
759.45 287.22 64.21 130.37 0.1186
768.20 237.36 41.17 82.56 0.1186
723.96 269.21 74.95 138.07 0.1140
997.45 598.21 21.84 60.60 0.1133
787.88 283.91 54.43 111.57 0.1123
835.22 272.93 39.62 97.74 0.1121
987.62 306.63 28.98 57.82 0.1070
46.69 1047.06 114.99 214.54 0.1069
831.86 36.33 35.74 70.19 0.1059
954.66 316.29 24.89 56.66 0.1036
580.91 849.30 230.17 567.88 0.1035
719.27 241.42 56.87 92.19 0.1033
201.50 726.87 91.47 221.73 0.1010
135.89 705.16 117.88 160.47 0.1009
180.25 11.80 163.39 250.89 0.1008
883.72 355.22 43.06 90.93 0.1004
729.66 152.66 33.26 60.61 0.1001
693.69 235.94 51.33 95.48 0.0994
39.61 939.29 155.70 258.75 0.0980
828.80 142.94 42.91 133.27 0.0975
157.61 416.70 80.71 155.17 0.0964
645.41 219.87 58.11 126.77 0.0931
273.54 708.97 497.72 685.41 0.0913
637.87 424.56 122.57 174.62 0.0896
880.87 280.80 36.45 84.28 0.0889
215.78 950.90 35.97 119.42 0.0885
951.99 598.93 28.83 67.56 0.0884
919.23 307.78 20.98 52.17 0.0871
201.50 847.39 71.98 216.16 0.0848
680.48 964.58 122.28 250.27 0.0835
208.08 702.51 64.99 116.86 0.0823
55.47 0.00 313.56 555.09 0.0823
918.53 246.99 22.12 60.41 0.0813
676.94 395.99 145.86 183.68 0.0804
830.55 81.43 40.27 97.57 0.0803
6.22 1018.58 71.21 169.77 0.0799
696.38 339.23 93.66 151.23 0.0797
727.24 479.36 87.65 156.76 0.0792
222.70 690.22 96.79 151.33 0.0787
167.98 662.52 93.33 137.40 0.0769
873.69 169.49 37.58 100.69 0.0767
725.13 194.22 43.88 88.73 0.0761
791.69 54.50 46.03 102.44 0.0750
876.33 116.18 38.11 102.53 0.0731
257.34 0.00 113.49 133.27 0.0727
691.23 274.30 69.54 123.27 0.0721
878.74 547.22 34.12 105.76 0.0720
203.21 676.15 164.03 346.74 0.0690
221.29 450.31 59.61 104.56 0.0683
1.81 399.56 71.41 177.22 0.0670
827.08 1.79 45.41 85.58 0.0665
329.69 1031.96 192.72 237.29 0.0664
134.30 1220.89 244.69 203.11 0.0656
183.20 0.00 65.54 110.87 0.0647
171.82 152.48 180.69 331.88 0.0635
273.51 106.92 148.00 365.27 0.0624
693.64 635.16 272.71 471.68 0.0622
123.97 815.58 93.64 186.51 0.0622
920.87 0.00 28.33 54.59 0.0619
910.25 179.42 33.74 84.96 0.0608
768.28 447.45 98.71 209.11 0.0606
245.37 369.76 110.03 183.98 0.0605
659.32 1242.14 109.68 146.69 0.0605
477.76 1264.56 193.29 159.44 0.0602
161.83 1192.82 144.06 123.25 0.0594
231.30 574.36 84.19 111.67 0.0583
702.53 150.58 37.49 63.05 0.0574
533.99 221.15 124.80 227.81 0.0573
979.26 243.48 38.44 85.16 0.0571
98.09 723.35 122.82 211.61 0.0560
950.63 0.00 29.52 46.92 0.0543
958.86 105.39 55.33 112.91 0.0538
770.47 122.96 41.77 94.17 0.0535
92.31 1201.05 66.98 81.12 0.0527
876.29 0.00 35.99 62.09 0.0524
55.22 1155.09 101.67 135.34 0.0521
3.18 232.28 224.76 307.31 0.0519
911.81 658.37 29.04 53.31 0.0516
919.14 30.29 31.31 77.98 0.0511
904.29 125.83 38.62 95.05 0.0510
875.74 31.11 44.28 98.95 0.0509
995.69 0.00 24.75 59.15 0.0507
