51_Dresses_wearingdress_51_280
67
445.56 190.62 122.79 167.56 0.8535
761.65 226.75 61.02 96.50 0.5608
32.87 48.43 99.57 123.87 0.4924
658.91 367.03 23.41 58.34 0.2664
956.19 242.58 51.57 122.44 0.1983
65.56 4.02 73.63 86.33 0.1754
7.63 51.87 57.92 123.38 0.1733
974.07 570.98 49.93 180.46 0.1543
698.03 495.91 25.19 70.54 0.1383
587.46 440.24 34.82 101.50 0.1346
950.43 314.22 58.69 195.04 0.1337
693.78 324.19 37.73 75.63 0.1152
878.86 516.25 79.79 246.67 0.1101
553.92 417.04 35.06 88.97 0.1065
658.12 529.47 28.74 104.35 0.1046
0.02 0.00 67.43 126.01 0.0986
77.74 377.66 76.26 89.48 0.0976
623.33 480.43 36.82 104.78 0.0968
696.10 349.15 38.90 101.61 0.0938
747.40 326.05 60.85 153.95 0.0909
303.26 455.98 84.23 187.09 0.0908
583.57 529.05 39.39 123.99 0.0907
582.50 389.64 44.80 108.58 0.0902
729.54 530.62 36.19 99.79 0.0887
657.03 393.66 30.07 93.51 0.0887
546.99 378.36 38.19 94.63 0.0874
932.89 534.41 91.11 262.16 0.0832
654.91 482.35 31.71 97.62 0.0812
432.08 242.06 110.71 220.37 0.0802
52.19 177.49 65.64 127.33 0.0795
493.41 369.43 58.35 134.57 0.0788
877.47 496.27 61.27 156.27 0.0787
628.97 374.21 31.12 64.31 0.0782
175.84 0.00 47.14 45.10 0.0752
764.87 509.81 52.99 116.75 0.0734
696.42 408.50 35.92 90.85 0.0724
614.19 406.91 44.96 109.22 0.0712
178.60 184.99 217.51 332.39 0.0711
873.65 617.94 77.28 227.32 0.0701
470.98 314.80 84.90 146.38 0.0673
720.85 655.06 38.38 107.45 0.0666
46.49 308.01 106.10 145.69 0.0658
866.12 198.04 80.51 130.55 0.0647
725.53 603.52 32.35 106.57 0.0643
300.33 544.56 72.54 167.99 0.0641
987.22 457.03 33.36 126.48 0.0638
724.42 319.26 56.26 164.88 0.0634
414.06 78.51 167.18 242.90 0.0628
211.64 0.00 54.15 51.23 0.0622
837.70 298.08 52.19 132.42 0.0620
735.97 287.56 48.23 106.92 0.0595
729.06 478.71 42.26 105.54 0.0594
770.67 302.38 75.71 179.96 0.0587
626.31 543.19 37.73 118.14 0.0583
548.51 411.74 50.53 160.31 0.0569
947.05 409.66 42.81 155.50 0.0569
873.06 408.63 66.04 170.95 0.0566
859.59 348.33 68.54 178.20 0.0565
24.46 359.84 105.34 125.46 0.0563
168.97 478.59 50.08 96.65 0.0562
136.07 724.18 254.05 392.76 0.0561
808.33 557.33 37.82 99.62 0.0552
324.66 377.31 71.46 195.67 0.0546
85.23 186.40 64.36 125.48 0.0540
691.30 554.43 42.74 126.64 0.0538
2.53 388.77 32.43 67.43 0.0533
343.44 583.85 79.47 136.96 0.0504
