1_Handshaking_Handshaking_1_733
77
465.13 202.54 72.33 89.22 0.8929
767.05 122.50 149.93 190.65 0.8674
305.17 179.95 94.14 154.71 0.7576
189.22 79.52 129.40 213.62 0.7346
123.84 69.55 152.34 198.56 0.4700
264.49 126.45 105.33 194.76 0.4333
225.61 89.54 94.08 118.53 0.1746
408.97 66.68 27.98 29.83 0.1598
235.24 26.70 83.33 140.67 0.1574
342.08 207.23 90.07 118.18 0.1534
451.72 520.61 70.59 50.39 0.1380
320.13 156.02 66.26 119.76 0.1308
363.75 1.84 34.86 33.63 0.1248
6.18 54.55 27.92 51.10 0.1168
11.00 45.03 21.77 32.93 0.1072
828.01 438.91 138.67 245.09 0.1071
541.39 209.66 42.18 81.14 0.1069
624.03 475.57 27.41 34.91 0.0998
400.95 0.00 41.23 31.71 0.0973
286.75 238.28 86.51 106.33 0.0951
75.34 0.00 82.60 49.60 0.0926
260.33 11.46 59.88 60.95 0.0859
388.42 108.04 49.85 65.05 0.0853
364.49 66.91 29.07 35.81 0.0840
3.89 0.00 27.79 32.44 0.0838
31.79 59.58 39.53 56.72 0.0829
711.79 43.00 46.22 44.48 0.0825
0.08 72.21 39.02 68.52 0.0818
40.30 12.87 35.01 36.52 0.0816
61.32 52.92 106.02 113.10 0.0811
0.00 108.61 41.18 68.87 0.0803
536.88 588.28 112.28 66.72 0.0796
435.42 70.33 35.65 30.89 0.0794
33.29 44.47 32.17 35.61 0.0777
40.55 0.00 38.09 32.06 0.0761
404.13 78.98 43.03 52.79 0.0758
12.93 82.51 236.85 227.27 0.0744
8.75 24.22 24.11 37.86 0.0737
698.55 42.01 70.54 75.52 0.0729
426.74 0.07 48.23 30.91 0.0724
574.65 73.38 96.41 100.64 0.0722
407.29 51.36 33.33 33.59 0.0711
333.43 33.59 36.10 44.03 0.0710
333.32 74.57 41.42 49.98 0.0707
487.01 546.42 125.95 94.68 0.0706
652.53 653.22 43.20 29.02 0.0695
278.66 0.26 43.59 39.35 0.0684
315.84 112.55 54.22 85.36 0.0680
111.18 337.50 248.73 346.50 0.0680
328.82 0.00 44.61 33.19 0.0669
0.00 138.79 47.24 92.41 0.0659
433.57 15.97 44.32 32.39 0.0655
334.70 17.69 44.90 39.15 0.0652
693.91 42.69 41.27 51.00 0.0619
80.92 53.60 150.09 147.41 0.0605
771.26 269.34 85.29 80.85 0.0603
458.35 515.64 100.67 87.82 0.0596
327.73 133.06 71.60 86.19 0.0592
519.07 102.13 73.10 64.95 0.0589
24.69 67.69 61.54 91.16 0.0586
0.00 439.09 100.97 175.46 0.0575
447.49 82.98 69.18 86.08 0.0566
384.67 180.35 62.88 108.89 0.0559
587.32 471.59 33.75 45.57 0.0555
395.84 503.96 43.75 46.10 0.0554
681.40 20.65 60.49 61.35 0.0548
822.47 291.43 54.12 58.45 0.0544
370.81 485.02 34.80 42.02 0.0540
65.51 16.98 80.68 67.08 0.0538
890.13 200.88 60.79 135.11 0.0530
362.61 47.66 31.63 40.55 0.0528
471.15 62.44 41.18 33.80 0.0523
513.01 11.41 93.26 60.77 0.0519
434.54 44.32 40.10 31.09 0.0519
760.60 311.07 58.73 74.50 0.0513
604.81 74.02 115.88 141.90 0.0512
850.46 148.55 94.74 147.46 0.0505
