1_Handshaking_Handshaking_1_801
111
64.49 66.60 71.77 58.04 0.8292
546.21 81.10 66.19 57.97 0.7629
640.79 48.71 62.68 67.91 0.6974
411.51 43.55 60.29 40.52 0.6783
340.25 78.10 36.94 21.21 0.5776
234.10 69.54 73.32 53.17 0.5583
870.26 34.61 104.49 122.13 0.5453
249.26 97.31 53.14 41.32 0.4426
410.11 22.08 64.97 43.76 0.3868
498.58 77.28 41.62 41.43 0.3408
423.30 18.64 46.43 26.50 0.3407
638.63 42.40 53.79 40.95 0.3158
561.48 56.36 38.94 25.19 0.2488
329.29 83.03 49.90 29.91 0.2337
214.75 190.13 38.90 40.59 0.2185
331.89 99.67 33.99 23.76 0.2024
879.09 25.39 72.95 58.80 0.1937
405.55 75.26 37.72 22.58 0.1837
873.01 108.44 50.55 43.48 0.1725
191.16 2.53 34.08 13.35 0.1719
712.08 218.21 50.30 30.14 0.1522
477.14 64.46 280.21 202.57 0.1501
81.05 96.15 44.44 34.66 0.1462
854.27 171.26 69.79 40.26 0.1362
69.61 56.51 54.43 38.35 0.1359
6.65 127.02 26.29 21.84 0.1338
509.71 80.28 53.30 56.30 0.1276
630.44 26.85 44.26 33.43 0.1244
885.86 177.34 61.54 34.50 0.1207
667.81 206.10 39.59 24.86 0.1198
839.29 10.15 115.12 106.58 0.1144
72.63 42.59 50.85 30.98 0.1116
151.52 16.41 20.84 12.59 0.1109
847.86 73.31 91.30 85.30 0.1102
197.03 163.18 72.94 78.12 0.1070
822.11 176.10 74.30 55.66 0.1067
780.94 177.85 91.99 61.87 0.1014
309.83 90.80 265.46 168.11 0.0989
417.79 67.79 48.93 32.18 0.0984
102.45 42.64 37.09 24.96 0.0978
857.61 244.67 46.78 30.17 0.0940
111.19 34.49 27.53 18.64 0.0938
83.47 110.87 34.77 26.30 0.0911
692.85 224.78 51.35 30.32 0.0904
81.66 34.74 34.98 19.86 0.0888
837.01 110.35 72.87 60.54 0.0879
345.07 67.22 46.73 25.74 0.0877
589.82 218.28 49.37 31.99 0.0871
529.59 163.08 129.43 95.14 0.0852
640.00 109.93 111.72 98.70 0.0849
154.63 36.72 21.20 16.00 0.0840
0.00 108.57 38.46 36.47 0.0839
564.03 196.86 76.23 56.40 0.0830
200.33 6.31 43.59 13.23 0.0814
792.13 177.12 46.82 23.34 0.0803
387.25 143.78 239.26 131.22 0.0802
480.12 90.39 43.45 37.26 0.0791
571.96 47.71 40.87 30.95 0.0791
786.67 0.00 113.15 81.92 0.0791
619.31 67.00 69.36 60.56 0.0789
615.88 195.65 47.73 39.09 0.0785
85.47 28.40 30.36 12.73 0.0782
378.12 170.21 109.59 77.17 0.0770
670.11 200.97 77.98 39.63 0.0769
945.50 172.07 37.92 23.30 0.0761
584.71 74.37 79.20 63.10 0.0760
436.72 90.41 36.52 23.36 0.0758
395.30 86.20 44.62 26.30 0.0757
768.64 218.45 62.12 39.54 0.0755
873.09 122.91 77.88 54.89 0.0748
659.76 14.44 25.72 15.47 0.0740
822.43 225.60 58.71 37.79 0.0740
414.46 112.15 35.94 20.33 0.0722
152.53 42.55 23.14 19.18 0.0716
108.49 28.01 30.49 16.83 0.0715
654.26 78.18 65.56 42.75 0.0715
144.45 98.38 34.63 29.66 0.0711
430.36 111.14 36.32 22.43 0.0706
866.45 166.20 47.67 26.38 0.0692
476.30 198.94 122.41 76.06 0.0689
85.15 21.08 21.57 10.74 0.0688
150.05 9.32 29.62 17.23 0.0665
658.35 10.90 24.88 11.89 0.0644
113.00 96.03 196.12 171.79 0.0636
953.67 94.94 70.33 55.14 0.0629
118.95 19.88 25.72 13.69 0.0624
138.31 79.91 35.67 36.11 0.0623
372.51 43.73 43.65 30.60 0.0614
755.79 188.60 71.31 53.12 0.0595
579.22 25.97 34.75 20.23 0.0589
331.62 232.16 52.11 40.21 0.0588
909.13 100.26 79.40 55.67 0.0587
223.55 184.04 61.84 45.62 0.0584
873.90 150.13 43.57 26.96 0.0577
406.75 103.63 34.51 22.55 0.0563
470.32 65.36 31.50 26.09 0.0561
940.88 259.85 39.37 15.15 0.0559
776.17 169.15 50.69 28.08 0.0549
724.68 134.53 61.64 55.87 0.0545
887.32 151.59 57.60 34.32 0.0536
852.23 7.15 84.98 54.22 0.0531
941.30 185.71 48.97 26.55 0.0525
189.82 92.48 245.32 167.78 0.0523
257.39 20.35 23.93 9.16 0.0519
864.00 225.78 49.84 28.43 0.0519
587.91 37.75 30.92 28.68 0.0519
224.53 110.63 56.40 38.98 0.0517
770.63 177.85 67.08 42.70 0.0514
644.06 183.86 59.34 36.77 0.0510
361.78 16.80 36.08 16.66 0.0509
977.05 115.12 46.27 32.97 0.0506
