27_Spa_Spa_27_486
42
763.42 17.23 68.63 80.96 0.528196
453.30 216.30 63.21 77.13 0.386529
802.03 18.24 76.74 80.18 0.343420
551.74 178.26 260.72 235.58 0.299844
238.88 278.51 49.31 38.52 0.182884
194.89 299.34 60.49 48.73 0.172855
426.17 228.26 79.02 95.13 0.158370
820.22 184.09 203.78 303.73 0.149554
600.45 295.62 131.91 133.25 0.138782
205.11 284.79 39.36 26.79 0.137518
805.95 24.55 116.76 112.94 0.124817
451.21 189.74 78.20 70.49 0.107795
439.70 195.52 117.37 150.46 0.094786
247.04 266.20 39.16 28.19 0.094408
256.09 282.57 61.04 50.42 0.090214
140.45 277.67 226.90 209.37 0.088781
612.11 188.08 359.67 293.01 0.088514
190.88 286.42 144.07 112.94 0.087177
472.50 185.67 82.80 44.08 0.081641
268.16 294.48 127.48 122.24 0.070174
544.67 186.62 52.07 22.42 0.069951
661.25 190.18 209.87 191.43 0.069009
735.13 144.43 78.94 52.80 0.067956
856.50 35.91 124.12 121.32 0.066587
417.11 218.84 179.87 203.61 0.065562
221.51 427.89 57.82 58.67 0.065420
365.71 208.73 134.54 145.79 0.064009
341.87 200.08 119.19 103.29 0.063917
82.38 299.22 101.38 96.39 0.063144
329.94 204.90 76.21 62.46 0.062327
321.63 239.01 296.96 269.28 0.060676
203.62 265.03 34.47 30.21 0.060052
193.77 330.85 90.93 78.15 0.059457
293.45 309.60 73.06 61.80 0.058953
548.31 170.10 54.88 26.09 0.057815
661.17 152.98 95.84 42.64 0.056885
493.16 180.65 124.36 65.41 0.055333
848.86 79.00 102.56 121.60 0.054970
811.95 170.02 118.97 188.66 0.054718
481.13 182.37 204.53 164.85 0.053146
718.79 121.21 117.64 98.35 0.052803
507.14 172.41 55.92 30.97 0.052636
