3_Riot_Riot_3_666
65
515.39 115.95 167.14 226.67 0.7116
279.31 71.65 230.70 286.90 0.4594
110.75 7.00 141.51 175.91 0.3430
261.97 496.59 131.01 90.41 0.2991
574.81 114.44 154.38 167.50 0.2113
880.37 137.26 31.14 28.36 0.1876
123.48 0.00 108.27 100.74 0.1785
257.50 79.84 124.46 183.45 0.1731
231.42 88.27 90.72 114.85 0.1424
4.97 1.78 42.88 53.81 0.1377
340.53 82.91 337.24 289.20 0.1224
164.25 55.01 131.60 160.83 0.1096
828.05 128.33 48.20 39.46 0.1081
163.61 0.00 91.72 71.42 0.1081
394.97 318.14 57.94 35.80 0.1066
286.81 463.58 120.45 76.63 0.1064
32.65 235.61 34.22 41.96 0.1047
9.53 104.13 58.21 46.47 0.1016
851.63 0.22 53.38 27.94 0.1007
234.99 0.00 50.66 31.18 0.0923
25.70 13.62 44.47 42.53 0.0909
946.53 137.15 46.71 33.26 0.0888
202.33 0.00 55.70 43.51 0.0883
358.17 306.26 77.04 51.76 0.0873
623.95 132.06 109.89 98.59 0.0864
961.08 183.96 59.90 69.56 0.0842
742.66 0.00 87.59 33.12 0.0834
77.76 211.66 94.02 85.57 0.0828
793.24 0.00 73.59 31.82 0.0826
976.34 127.00 40.97 35.71 0.0797
833.55 0.00 48.51 30.70 0.0775
570.88 153.44 230.26 218.49 0.0771
558.36 354.13 234.29 95.67 0.0758
783.45 118.96 92.75 66.61 0.0745
282.33 206.93 138.25 131.17 0.0733
74.02 11.88 96.28 92.08 0.0707
981.44 219.83 42.56 66.27 0.0704
257.75 63.03 94.14 109.45 0.0695
26.67 201.06 48.64 65.54 0.0688
196.12 479.32 98.29 106.70 0.0684
174.72 362.55 166.33 94.92 0.0683
295.48 66.68 171.85 153.82 0.0682
194.26 457.03 28.03 28.42 0.0673
417.80 314.96 57.63 37.40 0.0666
5.91 241.33 24.00 36.09 0.0660
208.52 470.41 43.38 48.11 0.0657
308.23 260.63 93.93 90.58 0.0637
213.49 17.23 81.56 79.57 0.0626
5.95 210.69 34.29 57.23 0.0625
549.92 260.60 122.59 74.29 0.0613
869.95 135.61 46.34 49.39 0.0610
371.43 499.71 149.08 87.29 0.0581
846.46 319.98 95.67 91.44 0.0567
164.88 492.36 76.62 79.71 0.0554
901.87 139.63 56.45 41.34 0.0554
488.41 48.20 176.21 175.27 0.0547
248.00 186.63 120.09 126.67 0.0546
692.71 0.00 105.19 32.47 0.0546
4.56 66.71 38.65 47.15 0.0543
848.30 109.29 73.61 49.73 0.0536
994.32 258.16 27.53 45.73 0.0528
213.50 456.91 34.29 31.21 0.0525
364.22 72.33 88.28 86.35 0.0509
354.91 274.30 134.79 74.61 0.0503
187.07 438.35 42.91 33.26 0.0501
