55_Sports_Coach_Trainer_sportcoaching_55_181
200
927.94 0.00 80.98 73.57 0.1925
50.54 521.76 80.25 73.23 0.1920
50.52 49.48 80.25 73.21 0.1920
50.58 298.11 80.22 73.19 0.1920
928.13 397.48 80.52 73.43 0.1919
928.13 521.77 80.52 73.43 0.1919
50.51 148.88 80.29 73.27 0.1919
50.51 198.60 80.29 73.27 0.1919
928.11 347.83 80.53 73.31 0.1919
781.47 0.00 81.21 73.58 0.1919
50.53 571.47 80.27 73.26 0.1919
50.52 99.17 80.27 73.24 0.1918
488.90 0.00 81.23 73.58 0.1918
525.47 0.00 81.23 73.58 0.1918
928.10 571.46 80.60 73.49 0.1918
50.54 447.19 80.25 73.23 0.1918
708.32 0.00 81.17 73.60 0.1918
891.64 347.79 80.19 73.19 0.1918
562.04 0.00 81.26 73.60 0.1917
744.90 0.00 81.26 73.60 0.1917
50.21 0.00 80.93 73.40 0.1917
50.58 397.54 80.22 73.18 0.1917
342.56 0.00 81.22 73.61 0.1917
928.14 472.06 80.51 73.42 0.1917
50.51 248.31 80.30 73.26 0.1917
50.66 347.90 80.09 73.09 0.1916
415.76 0.00 81.22 73.60 0.1916
854.60 0.00 81.19 73.61 0.1916
159.69 0.00 81.22 73.58 0.1916
196.26 0.00 81.22 73.58 0.1916
379.19 0.00 81.16 73.60 0.1915
598.61 0.00 81.13 73.59 0.1915
671.75 0.00 81.13 73.59 0.1915
928.10 173.81 80.55 73.40 0.1915
232.78 0.00 81.27 73.60 0.1915
818.04 0.00 81.26 73.61 0.1915
891.63 397.48 80.20 73.22 0.1915
13.60 0.00 80.77 73.25 0.1915
123.27 0.00 81.07 73.57 0.1915
269.36 0.00 81.25 73.61 0.1915
416.19 596.30 80.39 73.36 0.1914
928.11 49.50 80.52 73.37 0.1914
928.11 248.36 80.52 73.37 0.1914
928.11 298.07 80.52 73.37 0.1914
86.59 0.00 81.15 73.57 0.1913
452.33 0.00 81.22 73.59 0.1913
635.16 0.00 81.15 73.57 0.1913
196.55 322.71 80.71 73.61 0.1913
928.10 99.22 80.54 73.44 0.1913
305.93 0.00 81.25 73.60 0.1913
159.97 74.06 80.73 73.69 0.1913
196.54 98.92 80.73 73.69 0.1913
196.54 173.49 80.73 73.69 0.1913
159.90 173.49 80.79 73.69 0.1913
891.61 273.22 80.28 73.21 0.1913
159.90 297.86 80.70 73.68 0.1913
891.77 596.49 79.97 72.98 0.1913
891.31 0.00 80.90 73.45 0.1913
233.11 322.72 80.73 73.69 0.1913
13.82 397.65 80.23 73.07 0.1913
269.88 596.28 80.34 73.39 0.1912
233.31 596.28 80.43 73.40 0.1912
855.03 596.28 80.43 73.40 0.1912
233.11 74.06 80.74 73.77 0.1912
159.97 123.78 80.74 73.77 0.1912
123.40 148.63 80.74 73.77 0.1912
233.11 173.49 80.74 73.77 0.1912
196.54 223.21 80.74 73.77 0.1912
233.11 223.21 80.74 73.77 0.1912
196.54 272.92 80.74 73.77 0.1912
233.11 272.92 80.74 73.77 0.1912
269.61 74.06 80.81 73.77 0.1912
233.04 123.78 80.81 73.77 0.1912
159.90 223.21 80.81 73.77 0.1912
13.81 248.43 80.25 73.15 0.1912
13.77 198.74 80.24 73.06 0.1912
708.53 98.94 80.76 73.72 0.1912
708.53 148.65 80.76 73.72 0.1912
891.56 74.36 80.33 73.22 0.1912
13.80 298.11 80.30 73.21 0.1912
525.59 471.73 80.87 73.81 0.1912
269.62 123.77 80.78 73.79 0.1911
708.48 322.63 80.78 73.79 0.1911
745.05 322.63 80.78 73.79 0.1911
269.63 248.07 80.76 73.74 0.1911
452.48 297.83 80.79 73.71 0.1911
598.76 297.83 80.79 73.71 0.1911
269.68 347.51 80.74 73.68 0.1911
379.59 596.25 80.48 73.45 0.1911
745.04 471.79 80.80 73.68 0.1911
854.72 74.07 80.81 73.75 0.1911
415.84 272.91 80.89 73.80 0.1911
123.37 471.80 80.78 73.74 0.1911
306.42 596.22 80.41 73.48 0.1911
891.56 148.85 80.32 73.33 0.1911
123.39 98.94 80.76 73.76 0.1910
708.53 422.08 80.76 73.76 0.1910
745.10 422.08 80.76 73.76 0.1910
123.32 571.23 80.83 73.77 0.1910
525.61 571.23 80.83 73.77 0.1910
196.46 49.22 80.82 73.76 0.1910
342.75 347.51 80.82 73.76 0.1910
781.61 471.80 80.82 73.76 0.1910
13.81 571.57 80.25 73.14 0.1910
159.86 571.21 80.87 73.80 0.1910
452.43 571.21 80.87 73.80 0.1910
489.00 571.21 80.87 73.80 0.1910
562.14 571.21 80.87 73.80 0.1910
598.71 571.21 80.87 73.80 0.1910
13.84 74.46 80.17 73.05 0.1910
891.61 223.51 80.28 73.21 0.1910
745.27 596.24 80.36 73.46 0.1910
781.84 596.24 80.36 73.46 0.1910
13.77 149.03 80.24 73.05 0.1910
452.49 74.15 80.73 73.66 0.1910
489.06 74.15 80.73 73.66 0.1910
818.20 173.58 80.73 73.66 0.1910
379.40 422.10 80.74 73.72 0.1910
708.70 596.24 80.45 73.46 0.1910
818.42 596.24 80.45 73.46 0.1910
306.20 471.80 80.78 73.71 0.1910
342.76 521.53 80.80 73.71 0.1910
379.33 546.38 80.80 73.71 0.1910
379.37 297.79 80.74 73.74 0.1910
415.85 322.64 80.88 73.81 0.1910
343.00 596.26 80.36 73.42 0.1910
379.33 223.20 80.78 73.77 0.1910
196.74 596.28 80.43 73.40 0.1910
306.25 422.07 80.74 73.77 0.1910
489.02 471.78 80.83 73.73 0.1910
818.20 74.07 80.75 73.74 0.1910
489.06 123.78 80.75 73.74 0.1910
818.20 123.78 80.75 73.74 0.1910
525.63 223.21 80.75 73.74 0.1910
489.06 248.07 80.75 73.74 0.1910
562.20 248.07 80.75 73.74 0.1910
525.63 272.93 80.75 73.74 0.1910
489.06 297.78 80.75 73.74 0.1910
562.20 297.78 80.75 73.74 0.1910
745.06 173.54 80.76 73.70 0.1910
342.84 248.08 80.69 73.73 0.1910
13.76 447.29 80.28 73.10 0.1910
13.76 521.86 80.28 73.10 0.1910
452.45 521.48 80.86 73.75 0.1910
781.63 322.65 80.76 73.73 0.1909
342.82 397.22 80.74 73.67 0.1909
269.62 446.95 80.77 73.73 0.1909
269.63 297.80 80.79 73.72 0.1909
159.90 347.59 80.70 73.59 0.1909
415.96 397.31 80.74 73.66 0.1909
525.67 49.20 80.74 73.76 0.1909
342.83 446.95 80.72 73.63 0.1909
196.50 521.49 80.80 73.75 0.1909
781.69 521.53 80.72 73.63 0.1909
818.26 521.53 80.72 73.63 0.1909
745.06 49.26 80.78 73.71 0.1909
781.63 74.12 80.78 73.71 0.1909
415.91 98.98 80.78 73.71 0.1909
525.63 98.98 80.78 73.71 0.1909
745.06 98.98 80.78 73.71 0.1909
452.49 123.83 80.78 73.71 0.1909
562.20 123.83 80.78 73.71 0.1909
525.63 148.69 80.78 73.71 0.1909
781.63 148.69 80.78 73.71 0.1909
854.77 148.64 80.77 73.82 0.1909
452.49 173.55 80.78 73.71 0.1909
489.06 173.55 80.78 73.71 0.1909
562.20 173.55 80.78 73.71 0.1909
598.77 198.40 80.78 73.71 0.1909
452.49 223.26 80.78 73.71 0.1909
818.20 223.26 80.78 73.71 0.1909
598.77 248.12 80.78 73.71 0.1909
818.20 272.98 80.78 73.71 0.1909
854.77 272.98 80.78 73.71 0.1909
891.65 447.22 80.11 73.12 0.1909
562.17 471.76 80.84 73.77 0.1909
489.03 521.48 80.84 73.77 0.1909
525.60 521.48 80.84 73.77 0.1909
415.89 546.33 80.81 73.74 0.1909
854.74 347.50 80.85 73.78 0.1909
671.96 422.08 80.76 73.74 0.1909
854.82 546.37 80.76 73.74 0.1909
269.63 173.51 80.76 73.74 0.1909
306.20 248.08 80.76 73.74 0.1909
123.39 322.65 80.74 73.68 0.1909
379.32 347.51 80.82 73.74 0.1909
233.10 372.37 80.74 73.68 0.1909
306.25 372.37 80.74 73.68 0.1909
708.46 372.37 80.82 73.74 0.1909
415.89 446.94 80.82 73.74 0.1909
818.18 446.94 80.82 73.74 0.1909
854.75 471.80 80.82 73.74 0.1909
379.32 496.66 80.82 73.74 0.1909
672.13 596.22 80.46 73.49 0.1909
86.73 49.21 80.86 73.78 0.1909
342.73 49.21 80.86 73.78 0.1909
635.30 297.78 80.86 73.78 0.1909
489.02 347.49 80.86 73.78 0.1909
525.59 347.49 80.86 73.78 0.1909
562.16 347.49 80.86 73.78 0.1909
