55_Sports_Coach_Trainer_sportcoaching_55_380
200
927.89 0.00 81.03 54.15 0.1924
50.52 402.17 80.27 53.81 0.1921
50.52 36.38 80.29 53.93 0.1920
50.49 219.27 80.27 53.94 0.1920
50.63 292.46 80.16 53.81 0.1920
50.54 164.40 80.26 53.93 0.1920
50.51 109.56 80.24 53.92 0.1919
50.54 365.57 80.27 53.86 0.1919
50.22 0.00 80.91 53.99 0.1919
928.16 91.26 80.49 54.03 0.1919
50.63 329.04 80.12 53.79 0.1918
50.55 72.96 80.22 53.88 0.1917
928.14 54.69 80.51 54.01 0.1917
928.14 237.54 80.51 54.01 0.1917
891.67 292.43 80.20 53.78 0.1917
50.58 255.81 80.23 53.90 0.1917
928.14 274.14 80.47 53.96 0.1916
269.48 0.00 81.22 54.13 0.1916
306.05 0.00 81.22 54.13 0.1916
452.33 0.00 81.22 54.13 0.1916
928.12 200.98 80.50 54.02 0.1916
123.15 0.00 81.28 54.14 0.1915
562.04 0.00 81.13 54.13 0.1915
416.21 438.70 80.29 53.89 0.1915
891.31 0.00 80.90 54.03 0.1915
928.10 420.43 80.55 54.00 0.1915
891.62 36.43 80.16 53.78 0.1915
159.89 127.63 80.79 54.31 0.1914
928.22 164.43 80.39 53.96 0.1914
598.58 0.00 81.18 54.11 0.1914
86.58 0.00 81.14 54.13 0.1914
123.27 109.33 80.84 54.33 0.1914
781.58 310.47 80.85 54.30 0.1914
196.33 0.00 81.22 54.13 0.1913
232.91 0.00 81.22 54.13 0.1913
379.19 0.00 81.22 54.13 0.1913
415.76 0.00 81.22 54.13 0.1913
488.91 0.00 81.22 54.13 0.1913
708.30 0.00 81.15 54.12 0.1913
854.59 0.00 81.15 54.12 0.1913
671.69 0.00 81.19 54.13 0.1913
744.83 0.00 81.19 54.13 0.1913
781.41 0.00 81.19 54.13 0.1913
415.90 72.77 80.85 54.29 0.1913
489.04 54.51 80.78 54.29 0.1913
781.69 127.68 80.71 54.15 0.1913
525.47 0.00 81.12 54.13 0.1913
196.69 438.61 80.52 54.05 0.1913
745.13 127.70 80.60 54.12 0.1913
745.04 182.57 80.69 54.11 0.1913
745.33 438.63 80.43 54.01 0.1913
928.21 127.92 80.39 53.93 0.1913
159.72 0.00 81.28 54.14 0.1913
452.78 438.70 80.29 53.89 0.1913
891.66 72.98 80.14 53.83 0.1913
818.26 109.34 80.73 54.21 0.1913
818.26 164.20 80.73 54.21 0.1913
708.54 182.48 80.73 54.21 0.1913
781.57 420.20 80.87 54.29 0.1913
343.04 438.66 80.38 53.95 0.1913
928.09 310.68 80.51 54.04 0.1913
891.67 328.99 80.22 53.86 0.1913
50.70 438.77 80.02 53.77 0.1913
13.56 0.00 80.83 53.94 0.1912
891.60 420.42 80.29 53.86 0.1912
489.38 438.72 80.14 53.89 0.1912
635.21 0.00 81.10 54.12 0.1912
818.07 0.00 81.10 54.12 0.1912
818.25 200.77 80.74 54.27 0.1912
928.11 347.26 80.49 54.00 0.1912
928.11 383.83 80.49 54.00 0.1912
233.27 438.63 80.47 54.01 0.1912
854.76 127.63 80.81 54.26 0.1912
13.81 237.61 80.25 53.81 0.1912
745.09 328.76 80.78 54.30 0.1912
13.81 347.32 80.25 53.81 0.1912
13.81 383.89 80.25 53.81 0.1912
159.85 54.47 80.83 54.27 0.1912
123.28 72.76 80.83 54.27 0.1912
269.61 36.20 80.79 54.31 0.1912
306.18 54.49 80.79 54.31 0.1912
342.75 54.49 80.79 54.31 0.1912
269.61 72.77 80.79 54.31 0.1912
452.46 72.77 80.79 54.31 0.1912
196.46 91.06 80.79 54.31 0.1912
342.76 91.05 80.77 54.31 0.1912
379.33 91.05 80.77 54.31 0.1912
123.36 420.23 80.78 54.24 0.1912
854.78 164.20 80.74 54.19 0.1912
598.75 401.93 80.85 54.29 0.1912
379.62 438.68 80.31 53.94 0.1912
781.69 200.83 80.71 54.14 0.1912
854.83 200.77 80.72 54.28 0.1912
13.80 420.45 80.30 53.85 0.1912
745.05 219.05 80.78 54.28 0.1911
342.62 0.00 81.21 54.15 0.1911
891.65 219.28 80.11 53.79 0.1911
891.65 255.85 80.11 53.79 0.1911
232.99 36.19 80.84 54.33 0.1911
452.42 36.19 80.84 54.33 0.1911
379.27 54.47 80.84 54.33 0.1911
159.85 91.05 80.84 54.33 0.1911
708.56 219.06 80.70 54.25 0.1911
123.28 145.90 80.94 54.33 0.1911
123.33 255.66 80.79 54.23 0.1911
269.88 438.62 80.48 54.03 0.1911
379.29 237.37 80.82 54.24 0.1911
745.13 292.20 80.73 54.27 0.1911
818.15 310.51 80.82 54.24 0.1911
306.25 127.70 80.68 54.16 0.1911
525.68 347.13 80.68 54.16 0.1911
415.95 109.34 80.71 54.30 0.1911
196.51 127.63 80.73 54.30 0.1911
306.14 255.63 80.87 54.29 0.1910
818.46 438.68 80.33 53.99 0.1910
13.84 182.78 80.17 53.74 0.1910
891.61 365.56 80.28 53.86 0.1910
672.19 438.65 80.25 53.99 0.1910
525.67 54.50 80.69 54.22 0.1910
489.10 127.64 80.69 54.22 0.1910
525.67 127.64 80.69 54.22 0.1910
159.96 182.50 80.69 54.22 0.1910
598.82 255.64 80.69 54.22 0.1910
13.88 292.54 80.15 53.72 0.1910
708.59 310.51 80.71 54.23 0.1910
525.62 91.05 80.75 54.25 0.1910
562.20 127.69 80.73 54.18 0.1910
86.78 200.83 80.73 54.18 0.1910
123.35 200.83 80.73 54.18 0.1910
489.06 219.12 80.73 54.18 0.1910
86.78 237.40 80.73 54.18 0.1910
452.49 237.40 80.73 54.18 0.1910
415.92 255.69 80.73 54.18 0.1910
489.06 255.69 80.73 54.18 0.1910
525.63 255.69 80.73 54.18 0.1910
452.49 273.98 80.73 54.18 0.1910
489.06 310.55 80.73 54.18 0.1910
854.78 383.69 80.73 54.18 0.1910
86.98 438.62 80.49 54.09 0.1910
854.75 72.79 80.85 54.28 0.1910
13.80 36.45 80.30 53.84 0.1910
562.46 438.63 80.30 54.03 0.1910
599.03 438.63 80.30 54.03 0.1910
635.60 438.63 80.30 54.03 0.1910
781.68 91.06 80.74 54.27 0.1910
86.77 36.20 80.75 54.24 0.1910
13.83 73.04 80.22 53.78 0.1910
13.83 127.90 80.22 53.78 0.1910
233.06 127.63 80.75 54.24 0.1910
86.77 145.92 80.75 54.24 0.1910
525.63 200.77 80.75 54.24 0.1910
562.20 255.63 80.75 54.24 0.1910
379.34 273.92 80.75 54.24 0.1910
415.91 292.20 80.75 54.24 0.1910
525.63 292.20 80.75 54.24 0.1910
562.20 292.20 80.75 54.24 0.1910
598.77 292.20 80.75 54.24 0.1910
452.49 310.49 80.75 54.24 0.1910
562.20 328.77 80.75 54.24 0.1910
562.24 36.25 80.72 54.20 0.1910
854.75 36.22 80.80 54.23 0.1910
818.23 72.80 80.74 54.22 0.1910
342.82 127.68 80.72 54.20 0.1910
379.39 127.68 80.72 54.20 0.1910
196.53 164.25 80.72 54.20 0.1910
635.39 292.25 80.72 54.20 0.1910
306.19 91.05 80.77 54.31 0.1909
489.05 91.05 80.77 54.31 0.1909
342.77 273.95 80.78 54.22 0.1909
452.46 164.22 80.81 54.23 0.1909
159.89 255.65 80.81 54.23 0.1909
635.31 383.65 80.81 54.23 0.1909
745.11 91.05 80.72 54.28 0.1909
781.56 347.07 80.84 54.25 0.1909
452.53 127.62 80.74 54.26 0.1909
562.24 164.19 80.74 54.26 0.1909
233.07 273.91 80.80 54.25 0.1909
708.50 347.05 80.80 54.25 0.1909
269.63 109.35 80.77 54.30 0.1909
489.06 164.24 80.78 54.22 0.1909
598.77 182.52 80.78 54.22 0.1909
891.65 182.71 80.11 53.79 0.1909
159.91 219.10 80.78 54.22 0.1909
379.34 310.52 80.78 54.22 0.1909
854.77 328.81 80.78 54.22 0.1909
489.06 347.10 80.78 54.22 0.1909
635.34 347.10 80.78 54.22 0.1909
562.20 365.38 80.78 54.22 0.1909
598.77 365.38 80.78 54.22 0.1909
818.20 365.38 80.78 54.22 0.1909
818.20 401.95 80.78 54.22 0.1909
854.77 420.24 80.78 54.22 0.1909
123.29 36.18 80.83 54.33 0.1909
196.42 36.19 80.84 54.33 0.1909
891.65 109.55 80.18 53.85 0.1909
745.13 255.64 80.70 54.25 0.1909
306.46 438.61 80.43 54.05 0.1909
415.85 36.19 80.94 54.33 0.1909
342.77 237.35 80.80 54.26 0.1909
379.46 347.11 80.65 54.19 0.1909
