48_Parachutist_Paratrooper_Parachutist_Paratrooper_48_537
47
437.50 348.54 68.92 122.73 0.6004
575.37 755.70 34.13 78.28 0.3505
103.55 257.35 35.35 127.21 0.1994
494.62 615.48 67.89 130.25 0.1873
316.01 631.18 119.80 326.16 0.1584
497.84 671.57 58.15 140.50 0.1420
253.39 560.27 172.06 503.94 0.1410
739.02 684.57 105.95 177.60 0.1279
495.24 572.34 61.41 109.01 0.1226
442.49 379.19 73.67 167.31 0.1144
700.64 746.25 54.62 68.72 0.1064
342.55 657.41 88.32 150.84 0.1013
525.24 660.61 59.64 147.63 0.0994
194.10 274.76 169.70 398.52 0.0916
456.89 331.88 91.07 160.46 0.0894
443.16 863.19 31.60 94.38 0.0857
458.22 463.14 77.58 162.63 0.0854
698.18 583.98 172.79 317.72 0.0849
403.35 633.80 100.64 188.43 0.0849
359.41 553.34 75.22 133.63 0.0824
206.84 341.64 49.14 100.88 0.0809
560.85 788.24 42.36 123.50 0.0805
67.24 229.74 45.16 171.99 0.0800
226.60 312.67 81.28 163.94 0.0790
386.69 213.85 166.30 303.39 0.0781
311.86 482.69 132.61 216.74 0.0737
127.89 782.14 136.13 648.67 0.0720
178.70 756.25 29.77 108.32 0.0692
500.54 744.83 47.13 112.53 0.0690
333.04 786.04 69.18 238.68 0.0676
572.37 701.88 47.92 121.05 0.0636
696.89 750.94 80.33 109.06 0.0619
236.77 478.02 148.39 234.74 0.0597
108.23 229.74 69.76 226.49 0.0589
354.25 366.62 113.60 168.23 0.0568
576.65 784.05 174.02 295.81 0.0557
612.60 111.80 130.43 167.91 0.0548
264.42 342.17 204.00 388.68 0.0539
518.92 489.04 92.95 182.34 0.0534
231.68 554.06 137.98 329.49 0.0525
54.12 324.28 98.87 360.60 0.0520
110.41 146.65 48.97 176.33 0.0518
698.70 696.32 87.34 115.41 0.0513
420.57 777.19 67.58 146.75 0.0511
13.94 384.07 59.31 234.23 0.0502
622.94 845.20 51.28 97.69 0.0502
361.39 909.44 77.00 214.11 0.0501
