43_Row_Boat_Canoe_43_940
149
388.99 197.94 34.50 42.51 0.491909
759.79 298.57 31.00 37.60 0.488653
504.60 211.08 35.72 34.86 0.477097
293.90 367.00 50.24 59.78 0.350359
669.92 294.99 41.69 45.47 0.346188
316.53 185.22 42.07 49.99 0.320101
294.33 188.51 42.86 49.09 0.317824
233.17 237.84 51.36 61.58 0.298920
473.53 380.78 37.70 39.28 0.298507
283.08 252.57 40.69 47.71 0.290312
332.93 306.20 27.08 35.28 0.259250
86.18 229.05 40.90 48.34 0.258824
43.51 256.61 45.89 45.62 0.252749
467.38 278.97 31.89 36.04 0.242304
422.55 239.63 32.47 33.28 0.241232
695.41 237.88 38.94 37.19 0.235071
565.11 284.01 33.96 31.38 0.233834
383.51 212.34 42.78 47.87 0.225696
564.21 266.61 33.03 34.14 0.211966
605.26 232.19 35.06 35.72 0.211608
603.90 262.94 34.34 33.52 0.205807
146.05 220.14 89.96 89.69 0.201560
327.55 341.25 45.52 48.23 0.200721
6.78 262.11 54.97 51.44 0.192325
175.35 204.41 58.62 68.40 0.189640
605.09 282.34 32.95 33.98 0.186818
664.41 382.32 31.25 34.10 0.182348
224.92 200.48 60.14 68.58 0.180812
927.66 124.12 54.43 59.07 0.176972
565.10 309.18 30.42 31.55 0.172697
373.83 356.48 48.50 60.86 0.171571
215.48 327.94 45.15 40.71 0.163810
482.85 202.39 47.52 43.30 0.163260
322.90 162.53 47.76 55.01 0.158732
105.48 399.63 26.05 30.18 0.158651
205.11 334.50 34.54 30.88 0.157932
935.57 92.70 65.60 65.75 0.156557
526.62 290.53 24.19 28.11 0.155620
659.18 239.50 44.58 41.75 0.154681
392.77 379.82 53.70 59.76 0.153203
659.36 254.29 57.22 64.78 0.151542
430.96 286.10 23.96 32.81 0.150243
384.80 257.25 36.56 37.65 0.149459
481.76 222.82 44.59 41.35 0.148060
387.45 276.80 34.94 36.46 0.146054
523.40 313.19 23.38 31.44 0.145847
113.44 502.72 72.57 67.54 0.144805
370.02 339.34 38.08 47.71 0.139414
522.38 258.26 27.37 30.63 0.139200
3.13 352.53 38.36 67.62 0.138621
326.98 222.52 39.21 41.34 0.136174
420.05 213.95 29.23 30.02 0.133069
45.78 526.04 44.28 45.06 0.130481
757.61 304.57 42.55 57.42 0.129043
430.00 314.60 30.94 34.50 0.127229
612.84 310.98 30.83 30.07 0.126300
706.00 427.36 25.68 34.29 0.122468
193.43 188.08 34.49 40.61 0.117429
886.73 124.27 68.47 72.33 0.114860
373.58 163.66 33.37 51.45 0.113958
565.88 238.60 32.52 33.80 0.113259
5.53 289.49 38.04 56.67 0.111268
43.80 385.08 39.64 46.04 0.110618
328.63 260.46 31.85 33.86 0.109462
46.46 293.74 37.54 49.83 0.107427
521.09 341.60 23.00 30.80 0.107272
240.10 188.17 38.43 45.69 0.105485
841.43 148.12 52.62 41.89 0.104524
624.40 428.16 21.35 26.26 0.103620
5.56 321.55 38.69 65.41 0.103446
756.81 391.46 23.96 28.84 0.101538
790.58 372.15 31.81 33.21 0.101142
824.12 123.68 87.82 84.07 0.094962
526.67 424.45 32.08 40.17 0.094734
199.96 444.39 31.04 34.59 0.092755
966.70 106.25 52.07 66.71 0.092173
236.25 388.44 45.70 56.63 0.091969
175.74 240.18 76.89 89.10 0.091933
425.43 331.32 26.72 43.25 0.091440
49.77 507.16 49.10 47.50 0.090446
711.91 125.95 152.49 102.87 0.090013
69.83 231.75 64.87 87.68 0.088819
778.48 129.95 104.73 69.37 0.088166
97.61 425.83 38.41 54.42 0.087661
53.64 403.80 35.00 48.21 0.085967
854.35 402.70 30.42 28.57 0.085854
794.78 388.71 26.13 29.81 0.083796
519.36 363.53 30.24 37.88 0.083672
237.78 354.82 40.38 55.81 0.082665
291.57 164.56 62.28 64.68 0.082400
468.65 295.98 31.07 39.81 0.080924
677.01 306.37 54.20 56.98 0.077830
571.79 338.79 19.73 25.20 0.077301
692.59 167.14 90.09 60.99 0.077200
752.94 268.41 46.40 68.71 0.077119
241.31 417.17 31.08 35.10 0.075943
33.52 328.68 49.63 78.38 0.075885
282.08 289.68 46.64 51.53 0.075837
351.52 365.73 91.65 98.90 0.075509
280.19 408.48 51.53 72.60 0.075208
3.98 394.90 34.16 59.17 0.073639
94.89 452.35 37.17 51.50 0.072659
383.68 315.26 30.12 44.60 0.072634
3.35 499.75 41.44 50.44 0.072574
566.57 374.40 27.97 32.94 0.072440
758.73 369.93 30.53 35.06 0.072300
422.43 190.12 25.29 28.90 0.072066
663.59 412.92 33.70 45.21 0.070558
895.74 377.65 18.04 19.44 0.069980
750.78 420.55 31.12 35.86 0.068806
480.29 348.11 30.91 42.64 0.067777
778.00 330.87 43.03 38.82 0.067617
607.93 368.32 31.08 36.21 0.067565
12.48 433.29 28.68 43.92 0.067109
915.81 152.40 54.43 52.08 0.066035
775.70 291.73 43.11 39.72 0.065515
652.89 214.67 43.99 49.18 0.064761
133.88 464.01 98.93 103.04 0.064556
0.00 544.70 51.88 36.30 0.064296
55.81 424.98 42.81 48.25 0.064157
977.64 138.18 37.19 44.47 0.063988
122.13 240.95 84.99 95.20 0.063832
229.65 439.61 49.77 54.55 0.063695
873.98 398.07 39.85 42.25 0.063478
562.89 213.44 32.57 32.04 0.063127
658.16 445.82 29.78 31.59 0.062776
622.36 431.87 29.48 42.05 0.062565
708.19 393.36 29.05 35.96 0.061523
97.70 375.42 36.87 57.36 0.060936
849.24 410.56 48.60 47.92 0.060922
133.18 415.33 38.11 46.47 0.060781
463.98 375.64 76.19 91.14 0.060649
133.22 436.96 42.47 47.92 0.060167
613.86 340.87 25.16 29.45 0.059882
285.97 559.63 32.25 21.37 0.058701
519.03 384.65 57.20 74.19 0.058003
321.63 136.19 49.93 52.56 0.057570
275.56 383.39 104.74 118.95 0.057364
705.92 367.92 28.43 32.42 0.057307
654.65 178.50 45.70 36.64 0.055384
143.17 182.11 64.80 54.71 0.053626
894.20 347.37 22.73 23.38 0.053389
550.99 372.43 50.96 66.41 0.053297
850.47 376.80 21.15 25.78 0.052501
188.12 356.57 82.68 130.14 0.052327
613.21 394.43 29.64 45.24 0.051760
85.44 292.88 55.10 66.98 0.051635
650.44 465.38 30.38 36.02 0.050841
124.19 382.69 47.43 62.73 0.050731
