6_Funeral_Funeral_6_128
141
167.72 67.39 42.60 56.10 0.7680
286.51 109.86 31.53 34.74 0.7133
633.70 96.80 30.47 44.66 0.6755
114.25 98.35 36.44 51.75 0.6687
865.03 67.55 49.59 56.44 0.6306
450.03 77.50 46.43 44.55 0.5972
793.50 71.22 41.00 44.42 0.5971
745.48 116.61 32.10 45.40 0.4419
531.09 67.73 37.42 45.95 0.3371
215.69 59.23 28.97 34.40 0.3291
662.95 592.03 73.88 88.50 0.2567
869.54 147.82 32.37 34.65 0.2057
531.48 534.59 151.24 135.87 0.1971
645.57 553.70 76.99 103.09 0.1863
949.93 113.86 38.39 64.11 0.1698
282.74 331.68 50.34 80.43 0.1510
268.54 136.86 39.98 34.90 0.1507
978.76 55.21 40.38 55.68 0.1494
849.96 148.70 42.26 44.07 0.1370
512.36 520.34 69.91 59.57 0.1366
539.69 515.37 107.21 98.67 0.1259
979.76 73.54 44.24 68.34 0.1169
514.49 161.47 30.33 34.48 0.1151
847.76 102.53 56.66 52.32 0.1142
592.69 144.65 45.95 59.32 0.1139
625.56 495.14 58.91 67.83 0.1124
461.90 56.27 50.39 60.96 0.1112
290.99 76.14 37.39 45.05 0.1087
983.26 110.46 38.79 69.62 0.1046
332.85 106.64 31.92 41.53 0.0993
552.97 161.22 32.54 36.58 0.0993
372.71 119.37 23.35 28.48 0.0968
642.79 100.65 40.05 49.66 0.0967
738.25 121.83 41.96 81.17 0.0961
614.14 140.02 94.60 152.67 0.0960
547.11 108.44 34.62 43.78 0.0954
217.88 130.29 37.64 50.97 0.0922
245.45 290.45 97.38 141.48 0.0917
839.56 220.03 33.38 52.55 0.0907
555.83 478.22 109.62 103.60 0.0894
386.28 178.78 50.66 89.51 0.0894
448.85 240.68 45.81 52.07 0.0878
493.25 92.99 52.25 56.89 0.0875
127.28 106.32 53.48 66.22 0.0858
609.11 133.53 59.65 101.34 0.0858
767.74 183.53 33.99 40.65 0.0854
288.47 130.71 43.39 64.97 0.0845
214.62 114.18 35.71 41.84 0.0843
953.84 65.07 31.24 37.40 0.0843
648.19 125.92 41.78 47.01 0.0842
675.37 119.59 51.74 75.62 0.0833
141.83 454.11 107.17 85.51 0.0827
209.27 79.59 38.27 44.45 0.0821
552.10 135.22 32.68 43.66 0.0813
79.08 34.84 37.67 67.01 0.0812
176.81 127.57 61.92 76.12 0.0807
32.30 59.04 46.10 71.56 0.0806
942.80 144.18 38.48 59.46 0.0805
664.43 136.13 62.59 113.19 0.0803
98.59 42.20 51.56 80.83 0.0802
349.71 170.77 95.04 130.41 0.0800
405.66 105.90 29.49 41.99 0.0788
264.64 70.32 36.13 38.73 0.0781
74.73 141.92 130.23 231.91 0.0778
412.40 93.83 27.16 37.24 0.0777
754.96 152.96 45.06 59.00 0.0775
2.71 84.77 25.46 49.89 0.0774
847.13 161.42 46.93 66.04 0.0770
603.02 364.45 85.86 126.69 0.0762
585.08 157.35 72.80 104.20 0.0757
509.46 173.54 39.50 46.70 0.0751
329.44 133.22 32.97 47.99 0.0739
31.27 24.22 42.10 54.57 0.0738
587.07 192.04 98.94 129.48 0.0737
590.07 255.88 87.92 113.16 0.0730
84.53 98.12 47.95 58.37 0.0721
305.41 304.01 55.52 84.79 0.0721
943.74 186.81 34.57 46.39 0.0717
500.91 130.72 46.41 54.71 0.0711
78.49 119.71 48.02 61.29 0.0700
42.75 2.21 31.46 29.98 0.0695
619.20 285.69 45.57 68.78 0.0678
420.74 176.35 64.52 82.82 0.0674
649.64 500.41 90.79 130.77 0.0672
397.11 158.05 49.86 79.36 0.0662
299.33 53.21 34.53 40.36 0.0655
556.20 407.22 137.76 152.50 0.0645
631.07 246.85 71.14 106.33 0.0643
689.13 109.69 37.29 54.36 0.0638
899.54 83.90 43.80 67.90 0.0634
454.46 181.54 57.99 71.33 0.0633
801.94 177.10 41.95 52.32 0.0632
318.27 51.84 39.48 44.07 0.0627
436.89 92.12 67.32 97.94 0.0627
923.26 141.03 31.41 41.35 0.0626
624.86 506.39 217.95 176.61 0.0621
307.21 345.21 46.65 65.27 0.0621
727.79 169.37 44.01 64.45 0.0619
423.74 146.15 58.47 78.67 0.0616
746.59 298.95 112.35 188.17 0.0615
691.81 195.71 136.44 191.62 0.0615
425.83 201.84 71.49 92.25 0.0614
777.29 251.15 62.49 118.14 0.0614
401.91 126.26 38.07 54.78 0.0610
267.12 91.47 56.85 51.78 0.0608
990.96 152.33 33.04 60.11 0.0605
485.90 209.80 56.81 71.03 0.0605
649.22 223.35 105.98 163.08 0.0599
756.74 177.12 59.52 85.26 0.0587
916.45 177.83 37.98 50.66 0.0576
488.17 242.12 49.66 58.24 0.0571
549.16 168.71 51.50 57.71 0.0571
69.89 138.54 73.72 137.96 0.0570
572.82 628.46 72.94 54.54 0.0566
714.71 177.87 65.98 111.03 0.0563
860.72 191.47 51.17 63.85 0.0562
871.41 393.99 31.27 46.09 0.0560
114.98 467.81 20.29 24.18 0.0558
626.50 438.13 69.99 93.40 0.0558
314.76 135.73 53.36 77.90 0.0557
802.68 133.24 41.30 54.15 0.0552
508.56 362.24 30.47 37.55 0.0551
278.41 134.76 74.25 123.15 0.0547
692.44 71.02 38.11 58.99 0.0547
261.57 49.21 32.27 35.59 0.0546
795.24 215.93 61.07 95.66 0.0542
673.60 460.65 59.34 65.61 0.0539
131.12 128.24 59.75 90.60 0.0539
588.81 116.87 41.53 51.35 0.0539
616.29 634.52 86.43 48.48 0.0538
36.37 170.03 37.15 70.25 0.0535
35.31 103.95 33.86 51.29 0.0534
533.37 276.48 44.88 76.23 0.0533
368.52 135.29 28.14 39.29 0.0532
905.08 206.67 44.22 50.67 0.0532
177.34 463.51 30.93 26.22 0.0531
749.65 276.37 77.95 123.83 0.0526
482.18 264.22 70.74 118.27 0.0519
827.33 261.31 56.91 96.64 0.0515
499.48 366.63 43.46 61.41 0.0504
905.76 461.03 44.32 68.74 0.0504
