6_Funeral_Funeral_6_676
200
557.59 138.74 56.98 76.68 0.7228
613.71 258.63 47.98 56.69 0.6428
731.32 35.37 34.34 43.90 0.5393
678.53 173.75 40.57 50.95 0.4768
311.09 246.86 59.81 55.49 0.4479
830.10 158.46 88.26 91.05 0.3978
552.98 213.60 29.61 33.41 0.3890
851.65 45.73 35.53 47.83 0.3387
339.45 244.68 60.91 61.47 0.3244
494.21 240.56 43.43 50.67 0.2959
751.81 171.56 158.45 183.21 0.2875
731.62 190.36 61.29 75.91 0.2784
650.46 339.50 70.73 129.67 0.2774
217.92 268.52 37.60 35.26 0.2709
151.35 109.41 21.63 19.09 0.2709
808.82 158.10 137.98 151.49 0.2512
947.09 325.96 76.91 130.98 0.2437
220.34 179.09 25.61 25.22 0.2417
911.17 227.45 45.27 69.46 0.2278
112.15 322.94 32.19 30.55 0.2237
153.94 184.33 24.76 23.16 0.2083
72.00 362.14 41.79 46.59 0.1809
466.46 185.99 39.55 51.24 0.1746
924.71 2.64 24.40 24.73 0.1727
214.54 303.20 47.29 42.60 0.1725
655.99 103.18 33.57 50.97 0.1723
79.37 264.59 25.08 28.96 0.1697
641.68 278.33 55.75 72.71 0.1689
48.52 171.23 23.12 21.34 0.1681
859.37 149.74 81.56 64.23 0.1671
647.84 135.24 45.74 65.07 0.1635
473.79 246.47 46.02 77.75 0.1610
233.33 284.36 82.32 69.91 0.1592
313.15 251.81 98.99 104.74 0.1563
875.44 1.64 31.89 27.77 0.1552
640.44 175.14 68.83 96.82 0.1521
182.64 182.02 28.26 26.33 0.1504
75.09 327.00 45.33 57.65 0.1479
664.20 297.65 65.81 77.87 0.1475
143.23 113.52 29.26 26.33 0.1470
625.57 128.22 34.17 67.26 0.1443
44.68 316.57 29.93 39.38 0.1417
609.35 218.20 55.46 67.62 0.1417
685.34 139.81 42.66 62.76 0.1413
471.73 126.16 27.69 28.64 0.1405
863.88 181.58 90.31 80.25 0.1399
257.24 110.07 23.31 22.13 0.1396
848.18 16.08 26.75 26.85 0.1373
149.34 291.02 33.35 24.47 0.1372
186.65 283.28 46.94 33.76 0.1371
773.07 143.68 36.63 45.85 0.1358
848.38 2.58 26.68 26.11 0.1353
994.32 2.14 23.88 26.83 0.1309
45.92 108.05 20.62 16.56 0.1301
217.84 322.92 39.63 32.24 0.1294
258.62 118.78 24.37 22.09 0.1293
244.63 248.09 123.90 116.37 0.1284
448.17 170.95 34.71 36.87 0.1278
597.85 138.49 51.94 76.19 0.1275
246.80 259.47 48.77 40.64 0.1272
463.96 163.77 37.77 47.35 0.1263
451.58 126.83 23.09 17.46 0.1262
541.44 207.27 48.63 65.87 0.1256
187.77 262.22 32.69 34.15 0.1252
723.63 152.30 54.51 73.15 0.1238
809.98 138.81 75.07 84.58 0.1234
2.04 227.47 26.13 42.34 0.1214
408.45 123.72 20.98 17.95 0.1204
939.73 184.32 41.25 44.05 0.1194
119.37 107.59 22.89 16.77 0.1178
76.64 109.02 24.58 17.10 0.1174
637.70 41.93 68.06 119.47 0.1164
446.13 220.03 55.39 59.18 0.1158
594.58 282.10 67.80 72.95 0.1149
232.05 315.30 74.79 57.86 0.1135
71.85 170.43 23.81 19.09 0.1131
113.05 184.27 26.82 23.08 0.1126
726.90 236.74 49.67 67.34 0.1100
102.12 332.08 50.08 55.92 0.1093
607.41 308.38 92.09 178.38 0.1092
749.96 30.13 47.29 53.13 0.1090
75.94 310.14 40.09 44.82 0.1081
77.41 183.81 20.29 20.67 0.1079
302.49 122.38 21.83 19.67 0.1073
0.00 332.54 33.86 63.71 0.1070
441.45 330.65 81.43 114.42 0.1061
145.24 300.11 40.97 39.15 0.1058
598.77 176.14 57.08 64.43 0.1057
141.15 264.29 43.82 37.54 0.1055
990.55 11.07 26.69 34.19 0.1031
261.45 177.62 33.38 32.15 0.1027
685.61 17.94 53.51 59.11 0.1008
186.07 106.45 21.84 17.40 0.0997
185.11 124.15 26.05 22.03 0.0991
104.88 248.19 46.65 51.62 0.0981
612.62 302.96 49.40 92.08 0.0972
38.30 428.13 29.64 34.12 0.0969
535.76 302.10 47.97 60.95 0.0968
180.05 305.10 61.57 55.32 0.0968
77.26 280.37 28.92 29.80 0.0961
654.08 17.60 55.53 67.99 0.0947
357.48 210.39 79.57 80.16 0.0941
518.57 329.40 88.84 138.04 0.0936
688.33 24.08 70.20 99.22 0.0935
994.46 154.43 29.23 37.70 0.0935
996.26 132.03 25.80 38.91 0.0931
45.77 323.15 54.38 68.26 0.0920
939.49 158.81 42.26 43.67 0.0903
45.62 147.40 19.38 17.71 0.0891
151.96 193.52 30.46 31.47 0.0878
838.57 227.82 87.98 118.46 0.0858
400.10 170.70 40.54 39.90 0.0853
351.57 255.50 134.72 183.76 0.0845
120.24 116.28 30.83 25.67 0.0843
43.73 117.44 24.86 24.51 0.0839
976.21 198.29 46.62 69.41 0.0827
335.49 181.08 40.79 33.11 0.0826
38.06 281.95 30.05 35.06 0.0826
80.85 118.55 23.41 20.96 0.0825
337.24 169.19 27.18 22.45 0.0820
136.61 312.64 55.09 54.91 0.0819
709.89 388.94 248.04 160.01 0.0814
404.98 107.87 26.56 23.14 0.0814
708.79 293.20 59.79 86.02 0.0809
186.28 344.41 46.11 32.50 0.0809
214.30 204.43 31.50 28.54 0.0807
738.85 250.28 111.90 117.58 0.0803
957.32 0.00 23.47 24.08 0.0802
113.67 197.66 30.36 28.79 0.0801
245.36 337.99 53.58 43.28 0.0799
361.71 167.31 39.02 35.97 0.0797
298.57 109.45 20.40 18.53 0.0795
525.62 284.98 142.19 203.01 0.0790
131.57 327.15 81.73 81.17 0.0770
519.23 272.03 72.33 80.72 0.0769
263.01 169.68 25.79 25.52 0.0766
78.00 204.49 20.19 21.68 0.0764
40.18 224.43 32.19 37.10 0.0755
213.82 338.67 46.55 36.15 0.0744
907.63 338.11 75.97 100.50 0.0743
448.97 134.43 27.51 30.07 0.0740
937.76 272.80 66.19 110.20 0.0736
115.84 168.24 28.08 25.22 0.0733
951.71 15.12 28.36 30.98 0.0728
5.96 185.22 24.38 30.30 0.0726
229.01 121.36 27.41 23.46 0.0724
514.97 127.27 52.70 76.50 0.0724
73.61 225.89 25.89 28.41 0.0722
39.73 200.30 26.05 27.70 0.0719
4.53 240.77 33.20 53.27 0.0718
179.06 191.76 35.87 37.60 0.0713
985.60 182.86 38.21 46.82 0.0711
183.49 365.26 43.61 37.76 0.0710
922.36 244.16 67.12 93.12 0.0708
293.22 185.23 34.91 31.53 0.0704
570.06 98.56 60.49 80.09 0.0700
510.99 191.13 62.17 67.63 0.0693
5.50 201.79 23.04 30.52 0.0691
798.64 27.14 46.48 57.19 0.0689
521.29 243.82 69.79 65.86 0.0681
684.03 256.29 65.16 75.08 0.0678
380.95 167.88 65.61 73.54 0.0678
118.55 141.20 29.81 24.15 0.0677
982.08 247.27 40.75 62.51 0.0676
208.61 361.89 57.52 44.78 0.0674
898.14 273.21 53.85 91.15 0.0671
672.41 313.55 101.82 170.78 0.0670
217.51 220.48 40.76 49.29 0.0669
708.15 126.18 61.57 76.78 0.0667
335.65 122.69 19.54 18.53 0.0664
795.66 53.03 51.30 62.12 0.0664
458.07 309.36 52.90 86.81 0.0661
31.03 235.85 41.25 47.38 0.0660
941.48 137.36 41.22 44.89 0.0659
477.39 329.92 81.52 121.33 0.0640
112.19 85.40 30.46 25.38 0.0634
691.16 0.00 41.16 36.60 0.0630
518.09 328.97 48.13 89.85 0.0630
786.50 112.07 53.94 80.06 0.0615
689.01 64.15 51.47 94.04 0.0613
992.13 20.02 31.87 49.52 0.0611
567.60 367.97 117.81 156.26 0.0610
144.50 134.69 36.71 36.45 0.0607
230.96 106.68 21.68 18.71 0.0603
905.78 311.13 51.61 88.84 0.0598
335.54 161.87 87.76 80.49 0.0598
110.16 281.20 44.51 39.08 0.0595
448.43 108.07 23.09 20.10 0.0592
36.90 369.93 47.18 55.90 0.0590
995.00 90.01 26.84 44.10 0.0575
996.18 69.45 25.70 43.86 0.0558
810.56 0.00 28.76 19.90 0.0554
128.68 364.55 68.35 75.05 0.0553
241.65 218.60 66.78 69.53 0.0551
952.13 117.63 29.20 37.38 0.0549
217.83 380.58 103.34 73.17 0.0536
886.71 113.17 59.83 58.60 0.0535
111.51 215.79 49.15 46.90 0.0533
703.65 52.93 66.28 117.73 0.0533
44.04 85.14 29.22 24.93 0.0529
