30_Surgeons_Surgeons_30_696
200
0.00 0.00 55.43 113.88 0.3295
812.10 51.93 84.47 183.95 0.3295
848.68 51.93 84.47 183.95 0.3295
885.25 51.93 84.47 183.95 0.3295
44.10 112.93 84.47 183.95 0.3295
80.68 112.93 84.47 183.95 0.3295
117.25 112.93 84.47 183.95 0.3295
153.82 112.93 84.47 183.95 0.3295
190.39 112.93 84.47 183.95 0.3295
226.96 112.93 84.47 183.95 0.3295
263.53 112.93 84.47 183.95 0.3295
300.10 112.93 84.47 183.95 0.3295
336.68 112.93 84.47 183.95 0.3295
373.25 112.93 84.47 183.95 0.3295
409.82 112.93 84.47 183.95 0.3295
446.39 112.93 84.47 183.95 0.3295
482.96 112.93 84.47 183.95 0.3295
519.53 112.93 84.47 183.95 0.3295
556.10 112.93 84.47 183.95 0.3295
592.68 112.93 84.47 183.95 0.3295
629.25 112.93 84.47 183.95 0.3295
665.82 112.93 84.47 183.95 0.3295
702.39 112.93 84.47 183.95 0.3295
738.96 112.93 84.47 183.95 0.3295
775.53 112.93 84.47 183.95 0.3295
7.53 173.93 84.47 183.95 0.3295
812.10 173.93 84.47 183.95 0.3295
848.68 173.93 84.47 183.95 0.3295
885.25 173.93 84.47 183.95 0.3295
44.10 234.93 84.47 183.95 0.3295
80.68 234.93 84.47 183.95 0.3295
117.25 234.93 84.47 183.95 0.3295
153.82 234.93 84.47 183.95 0.3295
190.39 234.93 84.47 183.95 0.3295
226.96 234.93 84.47 183.95 0.3295
263.53 234.93 84.47 183.95 0.3295
300.10 234.93 84.47 183.95 0.3295
336.68 234.93 84.47 183.95 0.3295
373.25 234.93 84.47 183.95 0.3295
409.82 234.93 84.47 183.95 0.3295
446.39 234.93 84.47 183.95 0.3295
482.96 234.93 84.47 183.95 0.3295
519.53 234.93 84.47 183.95 0.3295
556.10 234.93 84.47 183.95 0.3295
592.68 234.93 84.47 183.95 0.3295
629.25 234.93 84.47 183.95 0.3295
665.82 234.93 84.47 183.95 0.3295
702.39 234.93 84.47 183.95 0.3295
738.96 234.93 84.47 183.95 0.3295
775.53 234.93 84.47 183.95 0.3295
7.53 295.93 84.47 183.95 0.3295
812.10 295.93 84.47 183.95 0.3295
848.68 295.93 84.47 183.95 0.3295
885.25 295.93 84.47 183.95 0.3295
44.10 356.93 84.47 183.95 0.3295
80.68 356.93 84.47 183.95 0.3295
117.25 356.93 84.47 183.95 0.3295
153.82 356.93 84.47 183.95 0.3295
190.39 356.93 84.47 183.95 0.3295
226.96 356.93 84.47 183.95 0.3295
263.53 356.93 84.47 183.95 0.3295
300.10 356.93 84.47 183.95 0.3295
336.68 356.93 84.47 183.95 0.3295
373.25 356.93 84.47 183.95 0.3295
409.82 356.93 84.47 183.95 0.3295
446.39 356.93 84.47 183.95 0.3295
482.96 356.93 84.47 183.95 0.3295
519.53 356.93 84.47 183.95 0.3295
556.10 356.93 84.47 183.95 0.3295
592.68 356.93 84.47 183.95 0.3295
629.25 356.93 84.47 183.95 0.3295
665.82 356.93 84.47 183.95 0.3295
702.39 356.93 84.47 183.95 0.3295
738.96 356.93 84.47 183.95 0.3295
775.53 356.93 84.47 183.95 0.3295
7.53 417.93 84.47 183.95 0.3295
812.10 417.93 84.47 183.95 0.3295
848.68 417.93 84.47 183.95 0.3295
885.25 417.93 84.47 183.95 0.3295
44.10 478.93 84.47 183.95 0.3295
80.68 478.93 84.47 183.95 0.3295
117.25 478.93 84.47 183.95 0.3295
153.82 478.93 84.47 183.95 0.3295
190.39 478.93 84.47 183.95 0.3295
226.96 478.93 84.47 183.95 0.3295
263.53 478.93 84.47 183.95 0.3295
300.10 478.93 84.47 183.95 0.3295
336.68 478.93 84.47 183.95 0.3295
373.25 478.93 84.47 183.95 0.3295
409.82 478.93 84.47 183.95 0.3295
446.39 478.93 84.47 183.95 0.3295
482.96 478.93 84.47 183.95 0.3295
519.53 478.93 84.47 183.95 0.3295
556.10 478.93 84.47 183.95 0.3295
592.68 478.93 84.47 183.95 0.3295
629.25 478.93 84.47 183.95 0.3295
665.82 478.93 84.47 183.95 0.3295
702.39 478.93 84.47 183.95 0.3295
738.96 478.93 84.47 183.95 0.3295
775.53 478.93 84.47 183.95 0.3295
7.53 539.93 84.47 183.95 0.3295
812.10 539.93 84.47 183.95 0.3295
848.68 539.93 84.47 183.95 0.3295
885.25 539.93 84.47 183.95 0.3295
44.10 600.93 84.47 183.95 0.3295
80.68 600.93 84.47 183.95 0.3295
117.25 600.93 84.47 183.95 0.3295
153.82 600.93 84.47 183.95 0.3295
190.39 600.93 84.47 183.95 0.3295
226.96 600.93 84.47 183.95 0.3295
263.53 600.93 84.47 183.95 0.3295
300.10 600.93 84.47 183.95 0.3295
336.68 600.93 84.47 183.95 0.3295
373.25 600.93 84.47 183.95 0.3295
409.82 600.93 84.47 183.95 0.3295
446.39 600.93 84.47 183.95 0.3295
482.96 600.93 84.47 183.95 0.3295
519.53 600.93 84.47 183.95 0.3295
556.10 600.93 84.47 183.95 0.3295
592.68 600.93 84.47 183.95 0.3295
629.25 600.93 84.47 183.95 0.3295
665.82 600.93 84.47 183.95 0.3295
702.39 600.93 84.47 183.95 0.3295
738.96 600.93 84.47 183.95 0.3295
775.53 600.93 84.47 183.95 0.3295
7.53 661.93 84.47 183.95 0.3295
812.10 661.93 84.47 183.95 0.3295
848.68 661.93 84.47 183.95 0.3295
885.25 661.93 84.47 183.95 0.3295
44.10 722.93 84.47 183.95 0.3295
80.68 722.93 84.47 183.95 0.3295
117.25 722.93 84.47 183.95 0.3295
153.82 722.93 84.47 183.95 0.3295
190.39 722.93 84.47 183.95 0.3295
226.96 722.93 84.47 183.95 0.3295
263.53 722.93 84.47 183.95 0.3295
300.10 722.93 84.47 183.95 0.3295
336.68 722.93 84.47 183.95 0.3295
373.25 722.93 84.47 183.95 0.3295
409.82 722.93 84.47 183.95 0.3295
446.39 722.93 84.47 183.95 0.3295
482.96 722.93 84.47 183.95 0.3295
519.53 722.93 84.47 183.95 0.3295
556.10 722.93 84.47 183.95 0.3295
592.68 722.93 84.47 183.95 0.3295
629.25 722.93 84.47 183.95 0.3295
665.82 722.93 84.47 183.95 0.3295
702.39 722.93 84.47 183.95 0.3295
738.96 722.93 84.47 183.95 0.3295
775.53 722.93 84.47 183.95 0.3295
7.53 783.93 84.47 183.95 0.3295
812.10 783.93 84.47 183.95 0.3295
848.68 783.93 84.47 183.95 0.3295
885.25 783.93 84.47 183.95 0.3295
44.10 844.93 84.47 183.95 0.3295
80.68 844.93 84.47 183.95 0.3295
117.25 844.93 84.47 183.95 0.3295
153.82 844.93 84.47 183.95 0.3295
190.39 844.93 84.47 183.95 0.3295
226.96 844.93 84.47 183.95 0.3295
263.53 844.93 84.47 183.95 0.3295
300.10 844.93 84.47 183.95 0.3295
336.68 844.93 84.47 183.95 0.3295
373.25 844.93 84.47 183.95 0.3295
409.82 844.93 84.47 183.95 0.3295
446.39 844.93 84.47 183.95 0.3295
482.96 844.93 84.47 183.95 0.3295
519.53 844.93 84.47 183.95 0.3295
556.10 844.93 84.47 183.95 0.3295
592.68 844.93 84.47 183.95 0.3295
629.25 844.93 84.47 183.95 0.3295
665.82 844.93 84.47 183.95 0.3295
702.39 844.93 84.47 183.95 0.3295
738.96 844.93 84.47 183.95 0.3295
775.53 844.93 84.47 183.95 0.3295
7.53 905.93 84.47 183.95 0.3295
812.10 905.93 84.47 183.95 0.3295
848.68 905.93 84.47 183.95 0.3295
885.25 905.93 84.47 183.95 0.3295
44.10 966.93 84.47 183.95 0.3295
80.68 966.93 84.47 183.95 0.3295
117.25 966.93 84.47 183.95 0.3295
153.82 966.93 84.47 183.95 0.3295
190.39 966.93 84.47 183.95 0.3295
226.96 966.93 84.47 183.95 0.3295
263.53 966.93 84.47 183.95 0.3295
300.10 966.93 84.47 183.95 0.3295
336.68 966.93 84.47 183.95 0.3295
373.25 966.93 84.47 183.95 0.3295
409.82 966.93 84.47 183.95 0.3295
446.39 966.93 84.47 183.95 0.3295
482.96 966.93 84.47 183.95 0.3295
519.53 966.93 84.47 183.95 0.3295
556.10 966.93 84.47 183.95 0.3295
592.68 966.93 84.47 183.95 0.3295
629.25 966.93 84.47 183.95 0.3295
665.82 966.93 84.47 183.95 0.3295
702.39 966.93 84.47 183.95 0.3295
738.96 966.93 84.47 183.95 0.3295
775.53 966.93 84.47 183.95 0.3295
