17_Ceremony_Ceremony_17_490
24
651.88 49.29 372.12 92.06 0.7743
571.33 192.54 452.67 337.99 0.6681
262.15 12.95 427.04 72.64 0.5783
178.13 7.29 301.25 65.23 0.4982
422.32 32.38 407.86 62.48 0.3990
273.03 248.36 390.21 330.25 0.2463
13.38 4.43 63.34 74.15 0.2438
44.98 0.00 84.38 64.20 0.2072
366.27 33.85 346.03 114.56 0.1869
169.92 104.54 322.19 165.21 0.1438
379.64 144.62 359.77 247.89 0.1117
25.73 37.12 51.00 139.22 0.1090
328.73 85.63 427.33 173.50 0.1058
102.55 0.00 163.95 52.48 0.0838
169.48 50.94 308.33 118.77 0.0752
456.00 239.84 330.78 327.71 0.0653
12.74 1.22 40.29 46.28 0.0521
228.05 145.72 342.55 225.16 0.0494
634.27 106.78 389.73 142.22 0.0483
41.37 50.69 76.87 141.40 0.0470
261.23 440.90 427.10 327.10 0.0395
4.76 465.97 45.70 302.03 0.0359
454.22 437.08 494.84 330.92 0.0357
91.66 93.73 201.64 188.93 0.0262
