28_Sports_Fan_Sports_Fan_28_643
200
392.12 85.07 430.78 158.78 0.3518
190.83 92.77 419.34 157.27 0.1871
494.28 150.83 417.38 205.23 0.1831
393.21 37.17 363.72 117.30 0.1733
117.14 43.68 323.43 140.26 0.1708
127.92 106.98 269.02 203.91 0.1565
212.71 147.76 340.87 202.47 0.1345
487.33 49.44 529.52 145.96 0.1326
555.55 243.77 279.25 253.23 0.1113
272.82 242.36 261.54 254.64 0.1047
46.82 27.99 189.55 222.43 0.1017
123.54 191.43 282.15 209.66 0.0992
165.63 23.41 429.11 106.93 0.0936
175.28 27.80 176.61 61.69 0.0880
385.95 130.91 333.94 212.25 0.0844
413.68 258.40 272.45 238.60 0.0749
375.11 36.35 152.62 51.97 0.0666
149.51 256.21 221.98 240.79 0.0657
36.30 128.70 188.54 248.47 0.0642
51.74 32.42 84.31 105.99 0.0638
73.96 28.26 163.78 59.30 0.0631
244.79 330.29 149.81 68.11 0.0615
521.19 397.11 102.79 87.11 0.0614
41.70 146.54 79.74 100.58 0.0613
379.60 18.22 156.80 43.74 0.0611
230.27 352.67 99.47 92.51 0.0610
363.10 72.22 103.43 113.27 0.0595
650.56 257.40 123.57 81.84 0.0585
442.02 38.77 173.97 53.67 0.0582
42.58 0.32 155.76 50.25 0.0570
285.50 391.72 109.59 90.57 0.0562
164.16 1.22 135.81 50.18 0.0561
307.04 228.13 122.64 76.92 0.0560
652.86 345.36 109.66 98.61 0.0559
684.68 179.41 137.08 88.41 0.0552
541.28 260.71 113.28 110.19 0.0551
320.87 267.55 125.62 96.71 0.0549
691.20 226.41 119.16 92.72 0.0540
666.06 194.60 103.73 106.73 0.0540
529.27 166.83 146.90 90.73 0.0539
621.49 365.01 102.87 98.32 0.0537
652.53 145.95 114.54 98.74 0.0535
581.59 395.91 122.40 82.74 0.0533
284.17 298.94 134.72 82.66 0.0529
188.91 347.49 95.00 95.06 0.0528
207.02 133.66 118.60 100.89 0.0523
602.38 180.71 127.50 81.81 0.0522
623.06 205.70 400.94 181.59 0.0521
591.55 338.47 103.33 99.23 0.0521
212.40 386.66 115.22 104.58 0.0516
95.19 9.46 152.47 51.05 0.0516
30.01 53.23 73.09 101.79 0.0507
561.09 243.34 142.43 92.13 0.0504
562.92 0.00 381.73 94.91 0.0502
50.49 185.70 76.25 114.63 0.0499
524.85 378.91 150.83 76.46 0.0495
422.94 147.89 112.31 109.69 0.0492
755.84 347.79 134.73 86.21 0.0488
173.63 113.40 140.32 77.77 0.0487
513.10 248.05 115.16 82.50 0.0487
722.82 83.79 120.41 101.18 0.0487
224.29 287.07 103.72 105.33 0.0481
280.27 243.70 129.62 104.25 0.0480
238.62 106.07 127.96 87.40 0.0477
184.80 40.21 113.61 88.83 0.0471
623.23 323.32 110.55 90.86 0.0470
742.96 176.76 147.76 101.31 0.0470
794.06 312.28 126.71 99.00 0.0470
366.47 304.79 111.63 108.96 0.0469
767.93 261.64 114.84 104.14 0.0468
297.73 75.69 109.17 103.33 0.0466
132.55 378.68 135.03 71.87 0.0466
603.68 233.62 130.69 71.64 0.0465
690.23 322.41 116.85 93.07 0.0463
568.75 201.71 112.10 97.93 0.0462
572.89 283.56 120.69 103.58 0.0459
74.02 154.70 122.04 90.66 0.0459
503.29 26.09 196.87 66.97 0.0457
418.87 70.22 120.28 105.25 0.0455
437.91 14.82 186.81 44.86 0.0455
655.07 387.66 131.64 101.09 0.0451
775.60 218.46 118.12 91.28 0.0448
18.20 15.40 82.17 73.48 0.0446
835.68 343.68 142.86 95.36 0.0445
827.86 198.76 138.90 89.28 0.0444
683.28 362.76 132.15 93.95 0.0444
50.94 342.11 79.66 99.99 0.0443
829.57 262.03 141.70 106.91 0.0442
708.43 286.19 145.62 67.09 0.0442
767.66 57.29 128.38 105.13 0.0440
658.93 290.03 107.62 103.23 0.0439
53.22 386.80 78.63 102.15 0.0436
175.69 332.81 125.45 66.37 0.0436
691.89 64.48 118.81 85.24 0.0433
539.59 111.75 120.77 114.58 0.0433
502.59 190.21 128.29 104.60 0.0431
267.27 352.68 148.30 74.59 0.0428
105.29 394.15 113.62 83.14 0.0425
338.55 202.58 116.92 76.41 0.0425
49.36 91.63 78.56 117.05 0.0423
28.84 166.81 62.30 107.36 0.0423
390.72 120.44 140.35 91.84 0.0422
226.47 0.00 119.95 62.62 0.0422
353.90 384.95 148.89 96.52 0.0420
100.82 137.77 125.67 78.46 0.0419
109.83 347.89 101.01 92.83 0.0417
466.21 397.92 123.34 73.88 0.0417
15.95 0.00 106.42 44.75 0.0416
505.65 8.79 203.29 46.41 0.0413
54.03 294.04 75.93 101.75 0.0412
315.02 0.00 348.55 93.77 0.0410
408.44 183.36 98.88 115.75 0.0408
329.97 40.52 110.00 108.87 0.0402
0.00 59.23 62.92 90.58 0.0400
338.31 6.36 156.72 44.87 0.0400
839.88 110.10 124.87 82.29 0.0399
52.75 245.60 76.09 102.33 0.0397
466.04 252.59 115.21 82.03 0.0395
73.72 362.11 104.57 102.84 0.0395
45.94 238.31 184.09 258.69 0.0394
463.84 162.69 128.78 99.20 0.0394
253.87 50.83 111.11 99.80 0.0392
465.08 339.61 124.84 92.49 0.0388
147.84 321.96 100.33 99.11 0.0387
150.92 0.00 363.10 83.20 0.0382
327.59 333.72 123.66 103.71 0.0382
713.72 387.79 136.45 90.23 0.0381
831.93 159.47 131.29 91.86 0.0380
408.16 0.00 165.40 40.21 0.0376
509.99 318.52 116.63 90.31 0.0375
261.42 34.78 140.63 60.52 0.0375
438.85 126.13 156.87 98.57 0.0371
66.01 50.26 137.03 109.25 0.0371
373.07 249.10 110.15 84.34 0.0368
147.86 129.76 127.28 94.54 0.0366
0.00 0.00 63.56 53.20 0.0364
247.81 214.96 134.04 105.69 0.0363
389.76 331.94 136.57 107.95 0.0363
456.68 195.07 104.20 114.64 0.0363
109.77 84.87 116.96 91.75 0.0362
734.18 17.99 100.97 119.54 0.0361
812.38 34.27 161.20 58.74 0.0358
666.22 45.70 173.95 65.11 0.0356
815.38 12.39 167.63 48.74 0.0356
22.88 325.22 67.03 105.71 0.0353
664.74 97.14 102.10 101.10 0.0352
413.60 47.16 145.28 72.26 0.0351
259.80 16.71 158.66 47.08 0.0349
73.16 316.79 108.60 93.93 0.0347
455.84 0.00 90.90 88.15 0.0346
593.68 31.47 180.84 61.11 0.0346
582.43 141.10 157.76 71.55 0.0345
684.06 119.45 132.61 107.91 0.0345
0.00 99.14 60.65 97.05 0.0343
784.08 386.99 132.83 98.09 0.0343
841.68 380.60 114.56 96.55 0.0339
81.89 100.68 100.95 102.51 0.0337
66.69 213.77 110.60 109.49 0.0336
662.15 3.27 167.73 49.45 0.0335
333.20 392.93 99.62 104.07 0.0333
62.07 0.00 277.41 118.02 0.0332
800.61 137.73 129.77 87.32 0.0329
25.12 224.62 66.94 106.99 0.0328
188.10 256.50 100.68 114.41 0.0328
514.02 0.00 90.37 77.33 0.0328
24.89 389.65 70.50 107.35 0.0328
191.78 90.88 150.78 69.43 0.0327
826.33 0.00 195.32 26.30 0.0325
949.80 0.00 74.20 61.00 0.0323
837.50 63.86 128.85 85.63 0.0321
556.95 0.00 93.68 74.79 0.0321
573.23 16.35 175.49 51.72 0.0320
212.21 238.05 125.32 106.38 0.0319
0.00 130.09 101.73 92.15 0.0318
103.80 288.98 109.39 102.59 0.0318
244.87 0.00 154.77 37.32 0.0317
330.13 111.46 98.16 88.38 0.0316
417.86 288.01 128.43 104.76 0.0316
534.95 0.00 171.75 30.03 0.0315
314.70 0.00 161.94 31.25 0.0312
70.64 264.40 109.58 101.46 0.0312
26.46 274.52 66.56 104.31 0.0312
686.94 25.87 117.93 59.48 0.0311
148.20 60.83 109.08 87.74 0.0311
678.34 0.00 186.81 28.78 0.0307
716.52 12.82 144.45 58.41 0.0305
742.52 28.86 167.53 65.44 0.0303
193.33 398.21 69.33 89.38 0.0296
488.98 77.31 132.88 89.04 0.0287
858.88 229.44 139.55 83.97 0.0283
573.81 97.56 129.32 93.68 0.0280
479.66 287.43 109.40 104.29 0.0279
202.57 169.06 149.84 107.30 0.0271
0.00 21.21 62.00 72.49 0.0269
352.15 137.95 135.34 97.38 0.0267
792.35 0.00 110.65 74.22 0.0264
146.00 271.51 106.98 94.50 0.0263
103.13 247.35 117.14 86.56 0.0263
540.22 422.38 133.19 70.86 0.0259
0.00 174.84 65.11 91.35 0.0255
