28_Sports_Fan_Sports_Fan_28_880
200
475.06 141.57 424.81 229.95 0.2873
123.94 339.49 392.36 289.23 0.1842
366.04 337.61 380.03 289.02 0.1367
124.45 336.25 164.95 410.13 0.1285
243.56 395.50 304.00 373.50 0.1158
401.07 169.90 322.86 302.48 0.1102
484.31 238.04 389.65 285.96 0.1023
391.73 107.64 370.56 205.71 0.0830
574.65 193.20 449.35 262.33 0.0817
385.38 463.75 311.15 305.25 0.0792
496.23 365.36 340.07 369.06 0.0779
245.66 215.30 315.42 262.14 0.0749
186.62 420.76 180.26 348.24 0.0712
563.13 326.31 460.87 267.53 0.0703
47.36 288.94 176.67 386.28 0.0675
35.05 528.92 85.26 168.66 0.0667
118.74 202.27 240.37 301.15 0.0666
69.57 574.25 76.62 160.25 0.0666
84.63 543.99 89.00 140.44 0.0664
436.25 274.70 104.54 117.21 0.0658
404.99 297.33 111.14 149.01 0.0625
618.26 426.68 98.18 120.17 0.0612
98.92 345.51 130.34 153.30 0.0599
45.94 430.68 80.42 199.59 0.0594
663.99 418.47 92.79 170.00 0.0591
103.74 110.78 295.55 264.75 0.0591
414.48 47.36 407.89 170.13 0.0587
327.19 417.19 109.46 144.92 0.0566
364.58 281.14 103.36 139.67 0.0542
46.51 518.44 143.31 119.25 0.0541
358.51 465.88 126.78 144.10 0.0540
47.73 479.28 162.36 100.63 0.0538
199.18 82.50 375.28 213.26 0.0532
335.56 384.76 150.66 128.39 0.0527
626.81 482.13 117.53 120.23 0.0525
479.37 260.91 99.64 164.25 0.0521
326.03 493.31 107.04 145.80 0.0521
256.10 413.41 109.41 155.61 0.0517
430.64 132.09 117.84 150.09 0.0516
48.94 346.11 76.23 161.15 0.0502
469.92 151.71 134.67 123.57 0.0498
250.40 495.57 113.80 156.10 0.0497
288.61 455.76 112.65 150.31 0.0494
144.01 422.63 127.94 137.71 0.0491
845.08 501.40 103.11 170.32 0.0487
170.79 364.26 129.76 140.62 0.0487
298.09 620.36 145.23 113.18 0.0486
532.91 468.47 126.34 148.31 0.0484
11.67 150.48 184.37 413.96 0.0481
529.17 154.64 124.17 157.31 0.0476
794.76 458.77 136.11 147.74 0.0475
150.11 306.00 98.40 124.69 0.0474
446.85 195.42 109.73 168.82 0.0467
295.84 389.04 103.30 146.01 0.0466
93.57 438.88 137.44 101.53 0.0465
71.85 376.50 110.23 168.03 0.0462
643.62 505.20 117.80 174.34 0.0459
802.94 516.83 103.55 155.38 0.0458
391.57 37.63 134.80 93.88 0.0452
407.13 165.85 97.85 147.68 0.0447
692.98 599.60 104.83 149.59 0.0445
421.03 357.68 127.81 180.57 0.0445
403.61 119.10 105.14 124.48 0.0444
331.09 300.00 106.17 161.11 0.0442
571.21 224.63 126.88 145.65 0.0442
229.65 625.32 157.19 103.21 0.0438
363.79 609.62 110.83 137.71 0.0436
266.94 320.14 116.04 124.81 0.0436
116.17 480.72 118.29 156.78 0.0435
224.57 390.87 103.48 133.76 0.0431
74.44 332.01 115.18 116.54 0.0430
41.77 278.59 85.19 154.34 0.0426
593.75 593.44 104.90 152.13 0.0424
288.27 528.36 115.78 142.21 0.0424
395.39 505.76 125.00 139.39 0.0421
259.45 560.47 105.95 151.08 0.0421
582.72 97.67 441.28 206.95 0.0419
174.83 456.08 132.49 144.70 0.0417
362.80 518.17 113.27 167.24 0.0415
40.47 29.59 393.38 188.05 0.0413
319.80 246.85 131.87 130.81 0.0413
561.39 180.55 157.57 109.74 0.0412
48.38 193.39 77.74 142.21 0.0410
630.60 194.35 116.58 151.77 0.0407
24.63 616.82 68.33 142.44 0.0407
628.32 262.18 84.65 110.39 0.0404
120.55 280.70 91.40 131.14 0.0402
0.00 67.01 235.13 223.64 0.0398
154.24 544.66 133.35 132.75 0.0398
581.98 498.88 125.05 146.92 0.0397
446.90 110.71 165.94 113.69 0.0396
399.86 0.00 120.29 54.59 0.0394
251.24 360.34 112.72 134.61 0.0394
25.11 404.81 62.67 174.49 0.0391
380.14 197.49 93.28 153.01 0.0388
517.37 254.54 108.46 138.75 0.0388
744.06 499.61 145.96 112.31 0.0387
719.12 544.42 137.02 146.47 0.0387
709.57 418.73 111.02 154.00 0.0387
437.82 454.40 111.45 155.83 0.0384
214.72 522.63 112.64 155.76 0.0384
689.26 497.59 119.27 140.93 0.0382
546.44 532.20 110.51 148.75 0.0376
0.00 0.00 64.60 79.35 0.0373
367.43 427.27 153.70 117.30 0.0371
838.42 598.20 112.51 156.86 0.0370
699.73 174.11 112.90 137.13 0.0360
468.59 428.32 119.04 136.97 0.0355
518.39 23.07 157.29 82.63 0.0352
20.68 167.58 70.48 137.23 0.0350
432.92 621.34 97.09 133.39 0.0349
767.93 586.84 116.75 162.43 0.0347
684.02 397.69 155.07 100.41 0.0345
193.47 311.71 92.18 129.62 0.0341
765.44 413.54 137.54 153.23 0.0340
534.81 109.13 135.82 137.45 0.0337
479.75 0.00 145.78 78.91 0.0337
66.89 219.74 93.67 163.03 0.0336
17.96 275.36 68.37 169.87 0.0334
550.67 273.00 119.14 157.66 0.0334
687.85 361.23 193.31 87.40 0.0331
642.52 616.42 91.37 152.58 0.0329
25.77 355.78 69.96 118.70 0.0327
590.69 462.23 102.10 112.34 0.0326
723.94 273.87 123.45 177.78 0.0324
715.54 223.11 157.67 104.41 0.0324
17.27 166.69 318.47 73.33 0.0324
469.29 17.14 97.11 132.82 0.0322
650.35 142.96 120.10 126.20 0.0322
634.15 368.02 122.21 156.29 0.0322
235.84 248.97 154.39 127.59 0.0321
286.86 207.18 178.59 95.09 0.0321
0.00 0.00 173.64 32.72 0.0320
671.63 203.32 126.68 173.93 0.0320
516.39 421.97 142.60 125.24 0.0317
49.29 177.89 143.07 91.94 0.0317
600.50 45.85 144.27 94.39 0.0317
47.70 221.85 206.94 96.80 0.0315
206.68 0.00 244.61 111.70 0.0313
627.94 65.71 104.57 144.19 0.0312
100.75 628.67 92.29 140.33 0.0309
402.02 561.63 121.11 146.45 0.0308
591.31 4.16 140.86 76.10 0.0305
31.69 258.81 185.68 100.17 0.0305
399.71 76.53 156.49 104.23 0.0304
846.31 196.87 108.76 149.47 0.0304
337.72 666.95 117.72 102.05 0.0303
555.99 621.34 91.31 136.40 0.0302
769.52 247.74 112.34 131.68 0.0301
597.61 0.00 356.02 130.26 0.0294
180.00 616.44 114.39 115.45 0.0293
800.99 0.00 136.42 73.36 0.0293
511.85 41.86 113.76 107.30 0.0290
98.04 186.97 105.49 176.49 0.0290
773.00 161.49 104.32 145.25 0.0287
39.65 609.83 167.02 104.36 0.0287
794.29 202.77 121.43 131.37 0.0287
696.05 51.38 106.62 156.20 0.0287
317.39 35.12 167.86 112.58 0.0286
815.43 26.91 122.68 94.18 0.0286
444.83 399.94 204.42 100.19 0.0285
831.27 418.55 124.96 141.06 0.0285
449.71 351.92 232.04 99.69 0.0284
843.95 49.18 103.90 157.05 0.0283
654.91 0.00 136.71 74.39 0.0283
508.64 620.06 97.48 131.08 0.0280
776.41 299.71 107.85 153.37 0.0280
581.48 389.06 101.50 131.85 0.0280
727.58 0.00 136.19 73.08 0.0279
818.58 254.39 106.70 146.47 0.0279
949.62 0.00 74.38 82.29 0.0279
261.89 0.00 346.27 146.24 0.0277
624.89 689.17 176.36 79.83 0.0276
844.09 123.01 104.12 157.23 0.0276
669.41 25.90 121.91 94.85 0.0275
734.25 127.63 105.06 151.05 0.0275
473.07 488.12 108.29 155.85 0.0274
0.00 653.77 42.78 115.23 0.0274
532.03 0.00 176.09 43.43 0.0274
57.29 136.47 164.62 84.09 0.0273
0.00 113.55 432.42 63.48 0.0273
770.76 48.06 104.70 158.36 0.0270
431.73 0.00 103.76 107.07 0.0269
597.61 295.57 103.97 174.36 0.0269
414.55 0.00 316.08 129.45 0.0269
743.10 26.18 120.45 95.77 0.0268
45.58 654.45 220.66 104.20 0.0266
807.36 84.73 104.91 158.78 0.0264
887.10 0.00 136.90 182.51 0.0263
113.34 248.63 202.41 94.65 0.0260
124.79 606.32 112.86 132.88 0.0259
263.51 665.47 119.83 103.53 0.0256
743.87 607.83 88.21 161.17 0.0254
0.00 147.07 62.65 109.36 0.0254
531.49 58.85 148.25 126.16 0.0252
0.00 420.24 64.92 141.85 0.0250
828.24 0.00 181.27 41.57 0.0247
63.41 205.55 282.14 77.83 0.0246
15.41 68.95 75.34 145.18 0.0245
529.50 333.67 99.71 141.12 0.0241
