28_Sports_Fan_Sports_Fan_28_782
200
409.97 106.05 416.11 179.47 0.1470
478.06 188.86 376.20 217.82 0.1151
217.01 246.16 372.41 225.48 0.1147
160.34 276.44 222.62 283.55 0.1063
126.82 195.54 300.96 219.72 0.1011
366.31 262.45 327.13 285.14 0.1011
203.51 105.44 390.45 177.17 0.1006
102.06 53.59 331.82 166.09 0.0910
554.35 137.28 446.49 215.46 0.0868
493.98 77.74 528.73 142.34 0.0826
514.16 258.88 353.69 276.58 0.0819
261.90 68.26 426.07 152.45 0.0801
275.92 335.27 258.24 240.73 0.0760
28.27 32.93 206.25 240.01 0.0671
99.79 112.91 218.21 253.63 0.0633
686.26 322.68 122.75 106.94 0.0627
26.63 257.25 190.27 314.10 0.0627
105.33 231.64 194.69 266.58 0.0614
475.10 451.47 102.38 114.99 0.0591
653.99 124.55 113.43 111.04 0.0564
200.66 34.01 138.24 73.38 0.0528
565.60 457.81 136.50 103.20 0.0517
224.64 287.49 105.86 103.96 0.0513
190.60 19.84 416.99 131.50 0.0510
353.18 352.91 134.63 98.69 0.0509
57.80 284.83 73.94 118.76 0.0506
407.59 149.68 107.37 117.19 0.0504
48.40 148.40 83.05 120.74 0.0500
425.83 265.03 127.61 116.82 0.0498
151.77 293.19 100.94 101.33 0.0495
487.10 434.98 152.44 84.32 0.0486
253.94 204.50 114.75 112.29 0.0485
212.31 179.24 113.27 107.89 0.0479
186.66 250.25 104.14 113.51 0.0476
617.77 88.07 115.22 117.37 0.0475
105.96 323.38 121.35 100.91 0.0473
190.30 321.62 102.54 109.90 0.0471
254.18 315.18 115.03 105.68 0.0468
151.54 149.62 102.50 109.09 0.0467
190.54 4.00 135.42 54.46 0.0464
387.88 231.11 134.40 112.58 0.0459
653.66 42.95 131.55 99.30 0.0456
282.88 345.18 130.19 89.97 0.0452
546.56 33.57 177.11 58.84 0.0452
581.78 127.22 101.18 111.43 0.0451
465.23 21.12 469.57 124.86 0.0450
145.90 345.26 110.75 108.44 0.0449
219.62 70.71 116.40 110.81 0.0444
438.00 426.94 121.62 108.51 0.0441
22.72 173.07 70.32 124.75 0.0440
46.32 202.93 84.96 116.76 0.0438
264.81 38.82 152.77 68.48 0.0435
251.34 42.59 112.73 107.90 0.0435
220.67 353.84 103.87 113.68 0.0434
74.05 251.49 109.36 117.93 0.0434
22.50 116.20 74.81 127.94 0.0434
104.11 151.15 109.51 114.49 0.0433
544.59 36.45 111.26 120.13 0.0432
394.00 449.81 120.66 121.36 0.0428
612.04 318.44 123.82 99.31 0.0428
313.65 367.31 131.13 109.85 0.0428
428.20 209.34 123.16 106.78 0.0428
181.75 202.55 116.61 115.66 0.0427
370.49 208.99 106.87 100.88 0.0424
215.44 123.09 112.70 115.16 0.0423
256.71 133.49 126.60 99.71 0.0423
51.87 71.78 88.09 144.71 0.0421
182.95 48.74 118.28 104.12 0.0420
461.70 155.44 128.30 103.43 0.0420
583.98 46.02 121.81 102.19 0.0417
69.77 118.44 109.60 117.55 0.0415
617.02 142.41 110.08 125.44 0.0414
256.43 265.84 119.89 110.28 0.0414
76.31 216.21 110.02 94.67 0.0413
323.95 198.38 108.96 119.46 0.0412
138.64 216.89 109.50 126.40 0.0410
261.72 4.62 138.41 55.12 0.0406
538.99 175.27 115.42 119.70 0.0405
308.83 325.77 155.54 87.62 0.0405
440.87 18.58 161.19 56.95 0.0402
430.04 122.20 127.41 117.32 0.0398
324.71 125.39 128.30 99.94 0.0398
282.53 65.71 114.40 118.25 0.0398
116.19 270.17 114.35 99.01 0.0392
494.98 31.07 121.65 73.59 0.0391
387.91 324.20 128.14 99.57 0.0386
581.30 209.59 112.34 110.09 0.0386
47.50 357.34 78.15 128.41 0.0385
507.59 58.55 112.36 123.22 0.0384
468.89 240.83 126.18 97.32 0.0384
44.67 443.76 82.03 127.15 0.0382
520.17 6.60 149.15 54.81 0.0381
549.14 85.01 103.46 130.56 0.0381
429.01 339.25 119.80 115.54 0.0379
395.69 379.46 130.35 105.06 0.0378
137.33 37.71 119.40 72.25 0.0378
179.14 0.00 335.25 94.92 0.0377
655.75 285.43 103.35 119.76 0.0377
504.78 140.27 120.45 90.65 0.0376
190.40 90.90 105.64 116.89 0.0375
472.63 41.85 110.07 113.78 0.0375
521.85 464.98 91.34 111.02 0.0374
0.06 2.99 117.83 56.85 0.0374
587.66 285.90 105.33 117.84 0.0374
658.02 341.97 112.22 120.03 0.0370
333.46 20.19 151.32 68.01 0.0369
355.70 389.21 124.61 121.10 0.0367
183.52 361.57 99.33 120.98 0.0364
0.00 33.35 112.65 77.67 0.0359
689.60 156.06 116.87 109.12 0.0359
498.76 212.50 120.23 92.64 0.0358
727.50 187.04 240.86 81.53 0.0358
711.97 293.89 137.79 89.36 0.0357
587.49 12.94 164.18 52.53 0.0357
21.88 287.76 67.61 128.77 0.0356
770.23 0.00 253.77 131.19 0.0356
839.96 220.24 130.17 100.34 0.0355
422.11 38.54 135.28 75.27 0.0355
617.23 244.99 108.87 125.78 0.0354
424.63 63.22 120.45 110.35 0.0353
284.41 229.79 122.06 108.57 0.0353
360.68 256.83 120.18 110.84 0.0352
115.80 14.54 149.14 61.25 0.0352
643.83 159.53 127.21 142.35 0.0352
259.34 185.19 157.92 88.37 0.0351
379.62 0.00 357.52 96.47 0.0351
110.39 368.25 107.98 109.76 0.0351
313.63 43.14 129.34 120.96 0.0346
20.34 227.85 72.71 130.61 0.0346
153.47 65.75 107.39 116.27 0.0344
574.97 342.64 115.66 98.83 0.0341
546.60 385.76 110.94 131.10 0.0339
362.22 3.28 159.21 54.14 0.0339
470.71 95.89 111.44 103.95 0.0337
79.95 348.57 105.37 100.24 0.0336
543.10 235.33 114.75 115.38 0.0336
262.71 364.41 107.57 124.37 0.0334
349.64 157.49 128.10 95.66 0.0333
473.73 373.84 117.92 107.84 0.0332
316.88 453.97 131.53 96.76 0.0332
542.59 315.63 107.15 108.10 0.0331
923.80 0.00 100.20 132.01 0.0330
948.50 0.00 75.50 63.61 0.0324
99.10 33.76 131.46 120.64 0.0324
363.42 101.65 122.16 104.86 0.0323
107.89 90.39 111.67 118.80 0.0321
216.14 0.00 155.76 38.76 0.0315
491.13 356.53 145.63 85.62 0.0313
734.08 325.78 158.34 87.61 0.0312
834.87 462.29 125.37 102.20 0.0310
842.61 371.05 123.47 115.25 0.0309
0.00 152.52 68.85 105.77 0.0308
24.97 432.25 68.16 119.09 0.0308
753.92 194.51 110.61 86.18 0.0307
77.11 393.02 106.69 118.44 0.0306
22.61 344.22 70.07 123.00 0.0306
450.71 0.00 205.95 29.39 0.0305
279.08 0.00 172.30 36.98 0.0302
530.16 0.00 192.74 36.15 0.0301
475.14 306.75 116.17 115.75 0.0298
73.36 0.00 263.31 125.94 0.0296
42.23 28.50 105.77 123.71 0.0294
0.00 205.54 71.28 106.55 0.0292
837.53 184.79 81.60 97.44 0.0291
742.92 138.05 95.95 96.15 0.0290
38.68 16.54 164.52 68.37 0.0284
836.63 425.86 137.12 94.73 0.0282
609.32 438.08 131.98 89.10 0.0280
279.53 398.23 144.83 118.82 0.0279
821.87 343.57 155.22 85.90 0.0279
921.16 0.00 102.84 19.88 0.0278
642.90 0.00 191.69 26.70 0.0277
664.75 15.26 169.43 63.24 0.0273
60.52 43.97 128.16 71.69 0.0272
0.00 211.84 233.39 170.13 0.0271
861.70 252.71 114.70 132.98 0.0271
35.10 0.00 160.83 34.97 0.0269
509.55 288.55 115.89 105.02 0.0265
17.30 64.79 79.95 105.41 0.0262
138.02 0.00 165.76 34.94 0.0262
649.01 232.42 117.61 110.49 0.0259
882.14 232.84 135.27 111.67 0.0257
251.93 442.67 118.72 133.33 0.0256
0.00 513.13 44.29 62.87 0.0254
776.12 361.55 141.52 108.84 0.0254
144.89 391.33 110.02 118.05 0.0253
667.33 104.67 140.28 91.45 0.0253
773.18 410.01 121.11 138.56 0.0252
110.31 425.97 108.55 102.39 0.0250
725.08 212.71 126.84 119.50 0.0249
624.10 363.01 99.13 110.11 0.0248
0.00 83.09 65.38 120.38 0.0244
380.03 43.27 129.88 101.59 0.0242
692.65 267.88 114.89 93.32 0.0241
0.00 403.66 113.20 98.45 0.0238
69.30 447.72 114.61 116.08 0.0236
475.21 513.07 173.97 62.93 0.0231
723.47 358.64 118.34 131.55 0.0229
0.00 456.20 66.33 103.82 0.0222
713.54 436.20 127.24 111.57 0.0219
