34_Baseball_Baseball_34_143
200
927.91 0.00 81.03 71.81 0.1923
50.59 121.10 80.21 71.37 0.1921
50.63 315.11 80.16 71.36 0.1920
50.63 363.61 80.16 71.36 0.1920
50.51 484.82 80.28 71.40 0.1920
50.51 557.50 80.30 71.47 0.1919
50.47 193.73 80.35 71.50 0.1919
928.14 460.56 80.47 71.58 0.1918
50.58 72.58 80.22 71.40 0.1917
891.59 533.32 80.22 71.42 0.1917
13.59 0.00 80.82 71.50 0.1917
50.52 242.33 80.28 71.39 0.1917
928.14 48.28 80.51 71.63 0.1917
928.14 96.78 80.51 71.63 0.1917
928.14 387.78 80.51 71.63 0.1917
928.07 557.53 80.61 71.76 0.1917
50.21 0.00 80.94 71.68 0.1917
50.47 412.06 80.34 71.42 0.1917
196.32 0.00 81.13 71.79 0.1915
232.90 0.00 81.13 71.79 0.1915
269.47 0.00 81.13 71.79 0.1915
671.75 0.00 81.13 71.79 0.1915
708.32 0.00 81.13 71.79 0.1915
891.64 96.80 80.15 71.38 0.1915
306.04 0.00 81.22 71.79 0.1915
928.09 509.00 80.57 71.69 0.1915
891.68 460.57 80.10 71.32 0.1915
744.98 314.73 80.88 72.00 0.1915
342.56 0.00 81.19 71.80 0.1915
452.28 0.00 81.19 71.80 0.1915
525.42 0.00 81.19 71.80 0.1915
891.67 363.57 80.11 71.32 0.1915
379.10 0.00 81.22 71.81 0.1915
415.67 0.00 81.22 71.81 0.1915
159.71 0.00 81.28 71.81 0.1915
891.45 0.00 80.75 71.63 0.1914
891.59 145.29 80.23 71.36 0.1914
928.10 339.30 80.50 71.58 0.1914
123.64 581.76 80.29 71.49 0.1914
452.78 581.76 80.29 71.49 0.1914
489.35 581.76 80.29 71.49 0.1914
525.92 581.76 80.29 71.49 0.1914
599.07 581.76 80.29 71.49 0.1914
928.11 193.79 80.52 71.58 0.1914
708.45 314.74 80.82 71.99 0.1914
86.59 0.00 81.15 71.78 0.1913
781.45 0.00 81.15 71.78 0.1913
306.45 581.77 80.35 71.52 0.1913
744.83 0.00 81.19 71.79 0.1913
817.98 0.00 81.19 71.79 0.1913
928.14 145.26 80.50 71.66 0.1913
818.49 581.77 80.31 71.57 0.1913
928.10 266.54 80.54 71.65 0.1913
891.60 193.79 80.27 71.35 0.1913
123.12 0.00 81.21 71.79 0.1913
561.97 0.00 81.21 71.79 0.1913
598.54 0.00 81.21 71.79 0.1913
635.12 0.00 81.21 71.79 0.1913
488.79 0.00 81.25 71.80 0.1913
269.87 581.77 80.36 71.59 0.1913
745.30 581.77 80.36 71.59 0.1913
379.63 581.74 80.36 71.62 0.1913
891.79 581.95 79.91 71.17 0.1913
855.01 581.74 80.41 71.65 0.1912
13.81 72.66 80.28 71.34 0.1912
13.81 169.61 80.25 71.37 0.1912
13.81 290.91 80.28 71.34 0.1912
13.81 412.11 80.25 71.37 0.1912
13.81 460.61 80.25 71.37 0.1912
13.81 557.61 80.25 71.37 0.1912
891.59 290.72 80.30 71.50 0.1912
343.02 581.75 80.32 71.56 0.1912
233.03 557.28 80.81 71.92 0.1912
671.89 557.28 80.81 71.92 0.1912
13.80 242.33 80.30 71.42 0.1912
671.90 339.06 80.79 71.91 0.1912
708.47 363.31 80.79 71.91 0.1912
745.04 363.31 80.79 71.91 0.1912
416.14 581.75 80.39 71.55 0.1911
562.50 581.77 80.29 71.49 0.1911
635.64 581.77 80.29 71.49 0.1911
854.54 0.00 81.24 71.80 0.1911
818.19 145.05 80.79 71.91 0.1911
452.48 217.80 80.79 71.91 0.1911
489.05 217.80 80.79 71.91 0.1911
562.19 217.80 80.79 71.91 0.1911
562.18 314.73 80.81 71.99 0.1911
598.75 314.73 80.81 71.99 0.1911
635.32 363.23 80.81 71.99 0.1911
489.05 508.80 80.79 71.91 0.1911
525.62 508.80 80.79 71.91 0.1911
159.91 557.30 80.79 71.91 0.1911
781.62 557.30 80.79 71.91 0.1911
452.44 508.79 80.82 71.94 0.1911
86.72 557.29 80.82 71.94 0.1911
13.82 121.19 80.23 71.27 0.1911
123.31 193.49 80.84 71.99 0.1911
452.47 145.02 80.83 71.97 0.1910
269.61 169.27 80.83 71.97 0.1910
306.18 169.27 80.83 71.97 0.1910
342.75 169.27 80.83 71.97 0.1910
379.32 169.27 80.83 71.97 0.1910
415.90 169.27 80.83 71.97 0.1910
306.18 217.77 80.83 71.97 0.1910
342.75 217.77 80.83 71.97 0.1910
379.32 217.77 80.83 71.97 0.1910
415.90 217.77 80.83 71.97 0.1910
233.04 242.02 80.83 71.97 0.1910
269.61 242.02 80.83 71.97 0.1910
233.04 290.52 80.83 71.97 0.1910
233.04 339.02 80.83 71.97 0.1910
452.47 339.02 80.83 71.97 0.1910
489.04 339.02 80.83 71.97 0.1910
525.61 339.02 80.83 71.97 0.1910
269.61 363.27 80.83 71.97 0.1910
306.18 363.27 80.83 71.97 0.1910
562.18 363.27 80.83 71.97 0.1910
598.75 363.27 80.83 71.97 0.1910
781.61 363.27 80.83 71.97 0.1910
379.32 484.52 80.83 71.97 0.1910
415.90 508.77 80.83 71.97 0.1910
745.00 193.51 80.87 71.99 0.1910
13.81 509.11 80.25 71.35 0.1910
196.73 581.77 80.36 71.59 0.1910
708.73 581.77 80.36 71.59 0.1910
781.63 217.84 80.73 71.86 0.1910
818.20 217.84 80.73 71.86 0.1910
379.35 266.34 80.73 71.86 0.1910
891.60 242.22 80.29 71.50 0.1910
269.65 411.84 80.76 71.88 0.1910
745.06 242.01 80.75 71.94 0.1910
854.77 242.01 80.75 71.94 0.1910
342.77 266.26 80.75 71.94 0.1910
562.20 266.26 80.75 71.94 0.1910
598.77 266.26 80.75 71.94 0.1910
635.34 266.26 80.75 71.94 0.1910
818.20 266.26 80.75 71.94 0.1910
306.19 266.31 80.78 71.91 0.1909
269.62 290.56 80.78 71.91 0.1909
306.19 314.81 80.78 71.91 0.1909
818.19 314.81 80.78 71.91 0.1909
342.77 339.06 80.78 71.91 0.1909
854.77 339.06 80.78 71.91 0.1909
233.03 48.04 80.81 71.92 0.1909
233.03 96.54 80.81 71.92 0.1909
781.60 145.04 80.81 71.92 0.1909
818.17 387.54 80.81 71.92 0.1909
86.74 460.29 80.81 71.92 0.1909
671.89 460.29 80.81 71.92 0.1909
708.46 460.29 80.81 71.92 0.1909
342.74 533.04 80.81 71.92 0.1909
635.35 48.00 80.80 71.95 0.1909
489.07 145.00 80.80 71.95 0.1909
196.50 242.00 80.80 71.95 0.1909
196.50 290.50 80.80 71.95 0.1909
159.88 72.24 80.84 71.97 0.1909
854.77 145.06 80.78 71.91 0.1909
854.76 193.48 80.80 71.99 0.1909
159.88 217.74 80.84 71.97 0.1909
525.63 217.81 80.78 71.91 0.1909
86.74 241.99 80.84 71.97 0.1909
671.91 242.06 80.78 71.91 0.1909
708.49 242.06 80.78 71.91 0.1909
781.62 266.23 80.80 71.99 0.1909
525.62 290.48 80.80 71.99 0.1909
671.90 290.48 80.80 71.99 0.1909
854.76 290.48 80.80 71.99 0.1909
635.33 314.73 80.80 71.99 0.1909
781.62 314.73 80.80 71.99 0.1909
196.46 338.99 80.84 71.97 0.1909
854.77 387.56 80.78 71.91 0.1909
562.20 411.81 80.78 71.91 0.1909
598.77 411.81 80.78 71.91 0.1909
159.91 460.31 80.78 71.91 0.1909
196.49 460.31 80.78 71.91 0.1909
233.06 460.31 80.78 71.91 0.1909
269.63 460.31 80.78 71.91 0.1909
306.20 460.31 80.78 71.91 0.1909
342.77 460.31 80.78 71.91 0.1909
818.20 460.31 80.78 71.91 0.1909
781.63 484.56 80.78 71.91 0.1909
854.77 484.56 80.78 71.91 0.1909
233.06 508.81 80.78 71.91 0.1909
671.91 508.81 80.78 71.91 0.1909
708.49 508.81 80.78 71.91 0.1909
818.20 508.81 80.78 71.91 0.1909
854.77 533.06 80.78 71.91 0.1909
269.59 48.01 80.86 71.98 0.1909
306.16 48.01 80.86 71.98 0.1909
452.45 48.01 80.86 71.98 0.1909
269.59 96.51 80.86 71.98 0.1909
233.02 145.01 80.86 71.98 0.1909
159.88 169.26 80.86 71.98 0.1909
196.45 169.26 80.86 71.98 0.1909
342.73 387.51 80.86 71.98 0.1909
379.30 387.51 80.86 71.98 0.1909
86.69 47.99 80.89 72.00 0.1908
123.26 47.99 80.89 72.00 0.1908
196.41 47.99 80.89 72.00 0.1908
342.69 47.99 80.89 72.00 0.1908
