13_Interview_Interview_Sequences_13_11
200
927.89 0.00 81.12 60.92 0.1921
50.59 143.87 80.21 60.54 0.1921
50.52 61.59 80.27 60.54 0.1921
50.48 431.86 80.31 60.56 0.1921
50.43 267.28 80.36 60.59 0.1920
928.12 287.81 80.55 60.79 0.1920
50.54 226.13 80.25 60.59 0.1920
50.48 370.13 80.31 60.58 0.1920
50.43 308.40 80.37 60.61 0.1919
50.55 102.73 80.21 60.54 0.1919
928.16 349.52 80.49 60.78 0.1919
928.17 472.95 80.49 60.78 0.1919
50.41 472.98 80.41 60.61 0.1918
928.14 246.69 80.47 60.72 0.1918
781.47 0.00 81.23 60.89 0.1918
891.59 246.70 80.20 60.52 0.1918
50.63 185.03 80.12 60.51 0.1918
86.61 0.00 81.26 60.91 0.1917
123.18 0.00 81.26 60.91 0.1917
159.76 0.00 81.26 60.91 0.1917
196.33 0.00 81.26 60.91 0.1917
598.61 0.00 81.26 60.91 0.1917
635.18 0.00 81.28 60.91 0.1917
50.25 0.00 80.91 60.80 0.1917
708.33 0.00 81.22 60.90 0.1916
744.91 0.00 81.22 60.90 0.1916
854.62 0.00 81.22 60.90 0.1916
671.71 0.00 81.18 60.92 0.1916
232.90 0.00 81.13 60.90 0.1915
525.61 411.00 80.70 60.98 0.1915
562.18 452.15 80.70 60.98 0.1915
489.11 369.86 80.73 60.99 0.1915
891.65 287.82 80.19 60.57 0.1915
708.69 493.43 80.52 60.82 0.1915
561.99 0.00 81.19 60.91 0.1915
489.04 308.15 80.72 61.05 0.1915
562.25 205.29 80.74 61.05 0.1915
525.68 308.15 80.74 61.05 0.1915
562.25 328.72 80.74 61.05 0.1915
525.68 349.29 80.74 61.05 0.1915
562.25 369.86 80.74 61.05 0.1915
598.82 452.15 80.74 61.05 0.1915
598.75 184.72 80.81 61.05 0.1915
525.68 452.17 80.63 60.96 0.1914
342.58 0.00 81.18 60.88 0.1914
13.52 0.00 80.89 60.64 0.1914
928.11 164.39 80.52 60.72 0.1914
269.45 0.00 81.15 60.89 0.1913
306.02 0.00 81.15 60.89 0.1913
818.05 0.00 81.22 60.90 0.1913
745.26 493.41 80.53 60.85 0.1913
379.07 0.00 81.27 60.90 0.1913
818.40 493.43 80.43 60.81 0.1913
928.10 40.97 80.54 60.78 0.1913
928.10 82.11 80.54 60.78 0.1913
928.10 123.25 80.54 60.78 0.1913
672.12 493.43 80.52 60.81 0.1913
781.83 493.43 80.52 60.81 0.1913
525.68 225.87 80.74 61.04 0.1913
415.65 0.00 81.25 60.91 0.1913
452.22 0.00 81.25 60.91 0.1913
488.79 0.00 81.25 60.91 0.1913
525.36 0.00 81.25 60.91 0.1913
452.54 431.69 80.64 60.88 0.1913
123.33 164.15 80.79 60.98 0.1913
891.61 328.93 80.22 60.60 0.1913
452.54 369.93 80.73 60.98 0.1913
489.11 411.11 80.73 60.88 0.1913
928.20 390.70 80.41 60.73 0.1913
928.20 431.84 80.41 60.73 0.1913
891.32 0.00 80.91 60.74 0.1912
452.54 81.87 80.74 61.05 0.1912
489.11 81.87 80.74 61.05 0.1912
525.68 102.44 80.74 61.05 0.1912
489.11 123.01 80.74 61.05 0.1912
562.25 143.58 80.74 61.05 0.1912
489.11 164.15 80.74 61.05 0.1912
525.68 164.15 80.74 61.05 0.1912
196.48 184.72 80.82 61.06 0.1912
928.11 205.53 80.49 60.76 0.1912
562.25 287.58 80.74 61.05 0.1912
452.54 328.72 80.74 61.05 0.1912
562.25 411.01 80.74 61.05 0.1912
562.19 102.43 80.81 61.07 0.1912
86.76 205.29 80.81 61.05 0.1912
123.33 205.29 80.81 61.05 0.1912
635.33 205.29 80.81 61.05 0.1912
562.18 246.44 80.81 61.05 0.1912
598.76 349.29 80.81 61.05 0.1912
598.76 390.44 80.81 61.05 0.1912
635.33 431.58 80.81 61.05 0.1912
818.18 452.15 80.81 61.05 0.1912
635.33 472.72 80.81 61.05 0.1912
635.33 164.17 80.77 61.02 0.1912
452.50 246.47 80.71 60.98 0.1912
891.61 205.57 80.27 60.56 0.1912
13.80 41.00 80.30 60.58 0.1912
13.80 82.14 80.30 60.58 0.1912
13.80 267.29 80.30 60.58 0.1912
13.80 411.29 80.30 60.58 0.1912
452.46 472.76 80.73 61.01 0.1912
159.90 123.00 80.78 61.06 0.1911
598.76 225.86 80.78 61.06 0.1911
123.33 308.15 80.78 61.06 0.1911
781.62 349.29 80.78 61.06 0.1911
854.76 452.15 80.78 61.06 0.1911
379.39 472.76 80.76 61.01 0.1911
489.10 472.76 80.76 61.01 0.1911
854.97 493.42 80.49 60.85 0.1911
891.60 82.04 80.28 60.67 0.1911
854.70 40.71 80.84 61.12 0.1911
671.90 369.86 80.81 61.08 0.1911
671.90 411.00 80.81 61.08 0.1911
708.48 431.57 80.81 61.08 0.1911
415.96 452.16 80.65 60.98 0.1911
123.39 102.45 80.74 60.98 0.1911
818.19 164.19 80.79 61.00 0.1911
233.05 184.76 80.79 61.00 0.1911
269.62 205.34 80.79 61.00 0.1911
452.49 205.30 80.76 61.03 0.1911
306.19 246.48 80.79 61.00 0.1911
415.92 246.45 80.76 61.03 0.1911
269.62 369.91 80.79 61.00 0.1911
854.73 246.44 80.86 61.06 0.1911
13.76 472.99 80.36 60.61 0.1911
708.41 143.57 80.89 61.08 0.1911
744.98 164.14 80.89 61.08 0.1911
415.91 411.11 80.69 60.86 0.1911
233.04 225.84 80.80 61.07 0.1911
342.75 102.45 80.83 61.05 0.1910
269.61 164.17 80.83 61.05 0.1910
708.45 369.83 80.81 61.09 0.1910
86.75 102.45 80.82 61.04 0.1910
781.57 143.59 80.87 61.07 0.1910
86.75 164.17 80.82 61.04 0.1910
159.90 184.73 80.83 61.06 0.1910
489.04 205.30 80.80 61.03 0.1910
489.04 246.44 80.80 61.03 0.1910
86.75 267.02 80.82 61.04 0.1910
598.75 267.02 80.82 61.04 0.1910
854.75 287.59 80.83 61.06 0.1910
86.75 308.17 80.82 61.04 0.1910
854.76 390.44 80.80 61.03 0.1910
598.74 102.42 80.84 61.07 0.1910
891.61 164.40 80.28 60.59 0.1910
415.90 369.93 80.70 60.97 0.1910
891.51 40.90 80.38 60.71 0.1910
635.35 61.37 80.73 60.96 0.1910
708.49 61.37 80.73 60.96 0.1910
745.06 61.37 80.73 60.96 0.1910
781.63 61.37 80.73 60.96 0.1910
525.61 61.31 80.79 61.06 0.1910
891.60 123.19 80.29 60.66 0.1910
781.61 308.16 80.79 61.06 0.1910
123.33 349.29 80.78 61.05 0.1910
233.14 390.46 80.69 60.99 0.1910
196.75 493.46 80.30 60.79 0.1910
233.32 493.46 80.30 60.79 0.1910
343.03 493.46 80.30 60.79 0.1910
13.81 308.42 80.31 60.57 0.1910
671.91 61.30 80.75 61.02 0.1910
818.20 61.30 80.75 61.02 0.1910
13.81 123.36 80.28 60.51 0.1910
13.82 185.06 80.26 60.52 0.1910
13.82 226.20 80.26 60.52 0.1910
598.76 308.15 80.81 61.05 0.1910
13.82 370.20 80.26 60.52 0.1910
818.18 390.44 80.81 61.05 0.1910
891.76 493.63 80.02 60.44 0.1910
306.18 452.17 80.71 60.96 0.1910
269.68 472.74 80.74 61.06 0.1910
416.15 493.44 80.36 60.83 0.1910
525.87 493.44 80.36 60.83 0.1910
781.62 102.48 80.78 61.00 0.1909
123.35 390.45 80.76 61.02 0.1909
379.41 411.02 80.72 61.02 0.1909
87.01 493.46 80.47 60.78 0.1909
196.46 40.75 80.81 61.01 0.1909
233.03 40.75 80.81 61.01 0.1909
781.63 452.17 80.79 61.01 0.1909
196.42 225.88 80.84 61.03 0.1909
452.48 164.15 80.78 61.06 0.1909
306.21 184.72 80.80 61.03 0.1909
671.90 225.86 80.78 61.06 0.1909
635.33 246.43 80.78 61.06 0.1909
708.48 246.43 80.78 61.06 0.1909
671.90 267.01 80.78 61.06 0.1909
635.33 287.58 80.78 61.06 0.1909
708.48 287.58 80.78 61.06 0.1909
745.05 287.58 80.78 61.06 0.1909
671.90 308.15 80.78 61.06 0.1909
635.33 328.72 80.78 61.06 0.1909
708.48 328.72 80.78 61.06 0.1909
745.05 328.72 80.78 61.06 0.1909
818.19 328.72 80.78 61.06 0.1909
745.05 369.86 80.78 61.06 0.1909
635.33 390.43 80.78 61.06 0.1909
781.62 390.43 80.78 61.06 0.1909
745.05 411.01 80.78 61.06 0.1909
745.05 452.15 80.78 61.06 0.1909
