13_Interview_Interview_2_People_Visible_13_254
200
927.91 0.00 81.04 31.83 0.1925
50.55 118.18 80.24 31.65 0.1921
50.52 161.18 80.27 31.64 0.1921
50.48 247.18 80.31 31.65 0.1921
928.12 32.15 80.55 31.77 0.1920
928.12 53.65 80.55 31.77 0.1920
928.12 85.90 80.55 31.77 0.1920
928.12 118.15 80.55 31.77 0.1920
928.12 139.65 80.55 31.77 0.1920
928.12 161.15 80.55 31.77 0.1920
928.12 193.40 80.55 31.77 0.1920
928.12 214.90 80.55 31.77 0.1920
928.12 247.15 80.55 31.76 0.1920
50.58 32.17 80.22 31.65 0.1920
50.54 75.17 80.25 31.66 0.1920
50.54 96.67 80.25 31.66 0.1920
50.54 139.67 80.25 31.66 0.1920
50.52 182.67 80.28 31.65 0.1920
50.52 225.67 80.28 31.65 0.1920
50.48 53.67 80.31 31.66 0.1920
50.48 204.17 80.31 31.66 0.1920
50.24 0.00 80.90 31.78 0.1917
489.04 225.56 80.68 31.83 0.1916
891.31 0.00 80.90 31.76 0.1915
781.68 32.03 80.74 31.90 0.1915
818.25 32.03 80.74 31.90 0.1915
269.68 64.28 80.74 31.90 0.1915
781.68 64.28 80.74 31.90 0.1915
233.11 85.78 80.74 31.90 0.1915
781.68 85.78 80.74 31.90 0.1915
635.39 96.53 80.74 31.90 0.1915
781.68 107.28 80.74 31.90 0.1915
671.96 118.03 80.74 31.90 0.1915
781.68 128.78 80.74 31.90 0.1915
781.68 150.28 80.74 31.90 0.1915
489.11 171.78 80.74 31.90 0.1915
781.68 171.78 80.74 31.90 0.1915
818.25 171.78 80.74 31.90 0.1915
818.25 193.28 80.74 31.90 0.1915
598.82 236.28 80.74 31.90 0.1915
818.18 53.53 80.81 31.90 0.1915
818.18 75.03 80.81 31.90 0.1915
745.04 96.53 80.81 31.90 0.1915
818.18 96.53 80.81 31.90 0.1915
196.47 118.03 80.81 31.90 0.1915
745.04 118.03 80.81 31.90 0.1915
818.18 118.03 80.81 31.90 0.1915
159.90 139.53 80.81 31.90 0.1915
745.04 139.53 80.81 31.90 0.1915
818.18 139.53 80.81 31.90 0.1915
452.47 42.78 80.78 31.91 0.1914
525.49 0.00 81.10 31.82 0.1914
13.59 0.00 80.80 31.72 0.1914
232.88 0.00 81.13 31.83 0.1914
342.55 0.00 81.22 31.82 0.1914
379.12 0.00 81.22 31.82 0.1914
415.98 204.03 80.70 31.89 0.1914
635.16 0.00 81.15 31.82 0.1913
854.59 0.00 81.15 31.82 0.1913
86.55 0.00 81.19 31.82 0.1913
269.41 0.00 81.19 31.82 0.1913
561.98 0.00 81.19 31.82 0.1913
525.69 204.06 80.71 31.83 0.1913
525.69 225.56 80.71 31.83 0.1913
562.26 236.31 80.71 31.83 0.1913
415.69 0.00 81.19 31.83 0.1913
854.81 32.04 80.76 31.90 0.1913
233.11 118.03 80.74 31.90 0.1913
818.25 214.78 80.74 31.90 0.1913
123.07 0.00 81.25 31.83 0.1913
159.65 0.00 81.25 31.83 0.1913
598.50 0.00 81.25 31.83 0.1913
415.97 32.03 80.73 31.87 0.1913
489.11 32.03 80.73 31.87 0.1913
269.68 171.78 80.73 31.87 0.1913
708.54 171.78 80.73 31.87 0.1913
525.68 182.53 80.73 31.87 0.1913
562.26 193.28 80.73 31.87 0.1913
854.75 204.03 80.80 31.90 0.1913
562.26 214.78 80.73 31.87 0.1913
525.61 247.03 80.80 31.90 0.1913
488.92 0.00 81.13 31.81 0.1913
781.52 0.00 81.09 31.81 0.1913
745.04 171.78 80.79 31.87 0.1913
306.02 0.00 81.16 31.81 0.1913
854.71 161.03 80.86 31.91 0.1912
233.05 236.28 80.67 31.87 0.1912
159.97 32.03 80.70 31.88 0.1912
196.55 53.53 80.70 31.88 0.1912
708.47 75.03 80.72 31.90 0.1912
415.97 128.78 80.70 31.88 0.1912
489.04 204.03 80.71 31.90 0.1912
452.55 225.53 80.70 31.88 0.1912
708.35 0.00 81.10 31.81 0.1912
818.02 0.00 81.18 31.81 0.1912
525.68 32.03 80.74 31.90 0.1912
562.25 32.03 80.74 31.90 0.1912
342.82 42.78 80.74 31.90 0.1912
525.68 53.53 80.74 31.90 0.1912
159.97 64.28 80.74 31.90 0.1912
342.82 64.28 80.74 31.90 0.1912
196.54 75.03 80.74 31.90 0.1912
635.40 75.03 80.74 31.90 0.1912
269.68 85.78 80.74 31.90 0.1912
671.97 85.78 80.74 31.90 0.1912
306.25 96.53 80.74 31.90 0.1912
342.82 96.53 80.74 31.90 0.1912
708.54 96.53 80.74 31.90 0.1912
269.68 107.28 80.74 31.90 0.1912
306.25 118.03 80.74 31.90 0.1912
635.40 118.03 80.74 31.90 0.1912
708.54 118.03 80.74 31.90 0.1912
452.54 139.53 80.74 31.90 0.1912
635.40 139.53 80.74 31.90 0.1912
671.97 139.53 80.74 31.90 0.1912
708.54 139.53 80.74 31.90 0.1912
489.11 150.28 80.74 31.90 0.1912
306.25 161.03 80.74 31.90 0.1912
671.97 182.53 80.74 31.90 0.1912
269.68 193.28 80.74 31.90 0.1912
306.25 193.28 80.74 31.90 0.1912
781.68 193.28 80.74 31.90 0.1912
306.25 214.78 80.74 31.90 0.1912
123.40 225.53 80.74 31.90 0.1912
159.97 236.28 80.74 31.90 0.1912
306.25 236.28 80.74 31.90 0.1912
635.40 236.28 80.74 31.90 0.1912
306.18 42.78 80.81 31.90 0.1912
489.04 53.53 80.81 31.90 0.1912
233.04 64.28 80.81 31.90 0.1912
123.33 85.78 80.81 31.90 0.1912
159.90 85.78 80.81 31.90 0.1912
598.76 96.53 80.81 31.90 0.1912
159.90 107.28 80.81 31.90 0.1912
342.76 118.03 80.81 31.90 0.1912
123.33 128.78 80.81 31.90 0.1912
196.47 139.53 80.81 31.90 0.1912
123.33 150.28 80.81 31.90 0.1912
159.90 161.03 80.81 31.90 0.1912
196.47 161.03 80.81 31.90 0.1912
635.33 161.03 80.81 31.90 0.1912
671.90 161.03 80.81 31.90 0.1912
562.18 171.78 80.81 31.90 0.1912
123.33 204.03 80.81 31.90 0.1912
196.47 236.28 80.81 31.90 0.1912
123.33 247.03 80.81 31.90 0.1912
415.90 247.03 80.81 31.90 0.1912
671.73 0.00 81.18 31.82 0.1912
233.12 42.79 80.72 31.88 0.1912
452.50 75.05 80.71 31.87 0.1912
598.77 171.79 80.79 31.88 0.1912
13.80 21.43 80.30 31.66 0.1912
13.80 42.93 80.30 31.66 0.1912
379.40 42.78 80.72 31.91 0.1912
562.26 53.53 80.72 31.91 0.1912
13.80 64.43 80.30 31.66 0.1912
379.40 64.28 80.72 31.91 0.1912
13.80 85.93 80.30 31.66 0.1912
13.80 107.43 80.30 31.66 0.1912
525.69 107.28 80.72 31.91 0.1912
452.54 118.03 80.72 31.91 0.1912
13.80 128.93 80.30 31.66 0.1912
13.80 150.43 80.30 31.66 0.1912
13.80 171.93 80.30 31.66 0.1912
342.83 182.53 80.72 31.91 0.1912
13.80 193.43 80.30 31.66 0.1912
379.40 204.03 80.72 31.91 0.1912
598.83 204.03 80.72 31.91 0.1912
13.80 214.93 80.30 31.66 0.1912
13.80 236.43 80.30 31.66 0.1912
196.48 32.03 80.78 31.91 0.1911
269.62 32.03 80.78 31.91 0.1911
123.33 42.78 80.78 31.91 0.1911
415.90 53.53 80.78 31.91 0.1911
123.33 64.28 80.78 31.91 0.1911
306.19 64.28 80.78 31.91 0.1911
379.33 85.78 80.78 31.91 0.1911
415.90 85.78 80.78 31.91 0.1911
196.48 96.53 80.78 31.91 0.1911
562.19 96.53 80.78 31.91 0.1911
123.33 107.28 80.78 31.91 0.1911
379.33 107.28 80.78 31.91 0.1911
415.90 107.28 80.78 31.91 0.1911
489.05 118.03 80.78 31.91 0.1911
562.19 118.03 80.78 31.91 0.1911
379.33 128.78 80.78 31.91 0.1911
562.19 139.53 80.78 31.91 0.1911
598.76 150.28 80.78 31.91 0.1911
415.90 171.78 80.78 31.91 0.1911
635.33 182.53 80.78 31.91 0.1911
452.48 193.28 80.78 31.91 0.1911
635.33 204.03 80.78 31.91 0.1911
159.90 214.78 80.78 31.91 0.1911
342.76 214.78 80.78 31.91 0.1911
342.76 236.28 80.78 31.91 0.1911
379.33 247.03 80.78 31.91 0.1911
744.90 0.00 81.13 31.81 0.1911
306.20 139.54 80.76 31.89 0.1911
525.63 139.54 80.76 31.89 0.1911
379.35 150.29 80.76 31.89 0.1911
