13_Interview_Interview_2_People_Visible_13_189
200
927.89 0.00 81.03 92.54 0.1924
50.59 718.56 80.21 91.97 0.1921
928.12 405.95 80.55 92.35 0.1920
50.51 156.02 80.28 92.01 0.1920
891.59 249.77 80.20 91.94 0.1918
50.63 374.83 80.12 91.93 0.1918
50.63 437.33 80.12 91.93 0.1918
50.63 249.82 80.16 91.95 0.1917
50.21 0.00 80.93 92.28 0.1917
50.48 93.39 80.30 92.14 0.1917
928.14 218.46 80.51 92.31 0.1917
928.14 343.46 80.51 92.31 0.1917
50.59 531.05 80.18 91.96 0.1917
50.59 593.55 80.18 91.96 0.1917
50.59 656.05 80.18 91.96 0.1917
415.77 0.00 81.11 92.50 0.1917
928.14 93.50 80.47 92.22 0.1916
928.14 156.00 80.47 92.22 0.1916
159.77 0.00 81.20 92.50 0.1916
342.62 0.00 81.20 92.50 0.1916
379.20 0.00 81.20 92.50 0.1916
525.48 0.00 81.20 92.50 0.1916
562.05 0.00 81.13 92.50 0.1916
50.66 312.37 80.09 91.88 0.1916
306.05 0.00 81.22 92.51 0.1916
452.33 0.00 81.22 92.51 0.1916
488.91 0.00 81.22 92.51 0.1916
671.76 0.00 81.22 92.51 0.1916
708.33 0.00 81.22 92.51 0.1916
744.91 0.00 81.22 92.51 0.1916
781.48 0.00 81.22 92.51 0.1916
891.66 312.28 80.10 91.92 0.1916
891.59 187.23 80.31 92.08 0.1916
123.14 0.00 81.19 92.52 0.1916
196.29 0.00 81.19 92.52 0.1916
232.86 0.00 81.28 92.52 0.1915
269.43 0.00 81.28 92.52 0.1915
598.57 0.00 81.28 92.52 0.1915
928.14 280.96 80.51 92.29 0.1915
123.39 405.61 80.74 92.74 0.1915
598.83 561.88 80.72 92.69 0.1914
635.34 561.88 80.79 92.69 0.1914
671.91 561.88 80.79 92.69 0.1914
708.48 561.88 80.79 92.69 0.1914
86.62 0.00 81.20 92.51 0.1914
928.18 468.46 80.44 92.30 0.1914
635.19 0.00 81.21 92.54 0.1914
854.62 0.00 81.22 92.51 0.1913
891.67 374.76 80.09 91.92 0.1913
452.55 436.96 80.71 92.54 0.1913
928.21 624.86 80.39 92.16 0.1913
781.67 343.13 80.76 92.73 0.1913
123.61 749.67 80.29 92.20 0.1913
452.54 374.36 80.73 92.65 0.1913
489.11 374.36 80.73 92.65 0.1913
415.97 405.61 80.73 92.65 0.1913
379.40 436.86 80.73 92.65 0.1913
671.97 624.36 80.73 92.65 0.1913
745.11 624.36 80.73 92.65 0.1913
781.68 624.36 80.73 92.65 0.1913
854.83 624.36 80.73 92.65 0.1913
818.26 655.61 80.73 92.65 0.1913
891.31 0.00 80.90 92.34 0.1913
13.82 249.92 80.23 91.86 0.1913
928.20 531.01 80.41 92.26 0.1913
891.60 93.49 80.29 92.04 0.1912
745.04 374.36 80.71 92.73 0.1912
525.68 374.36 80.74 92.74 0.1912
818.25 374.36 80.74 92.74 0.1912
489.11 436.86 80.74 92.74 0.1912
525.68 436.86 80.74 92.74 0.1912
123.40 468.11 80.74 92.74 0.1912
123.40 561.86 80.74 92.74 0.1912
818.25 561.86 80.74 92.74 0.1912
123.40 624.36 80.74 92.74 0.1912
598.82 624.36 80.74 92.74 0.1912
635.40 624.36 80.74 92.74 0.1912
708.54 655.61 80.74 92.74 0.1912
781.61 468.11 80.81 92.74 0.1912
379.33 499.36 80.81 92.74 0.1912
562.18 499.36 80.81 92.74 0.1912
415.90 530.61 80.81 92.74 0.1912
452.47 530.61 80.81 92.74 0.1912
525.61 530.61 80.81 92.74 0.1912
745.04 530.61 80.81 92.74 0.1912
306.18 561.86 80.81 92.74 0.1912
781.61 561.86 80.81 92.74 0.1912
159.90 593.11 80.81 92.74 0.1912
745.05 468.13 80.79 92.68 0.1912
415.91 593.13 80.79 92.68 0.1912
123.40 311.86 80.72 92.77 0.1912
415.97 468.11 80.72 92.77 0.1912
13.77 93.55 80.30 92.01 0.1911
562.19 343.11 80.78 92.76 0.1911
562.19 405.61 80.78 92.76 0.1911
489.05 499.36 80.78 92.76 0.1911
233.05 530.61 80.78 92.76 0.1911
818.05 0.00 81.21 92.54 0.1911
599.04 749.64 80.39 92.24 0.1911
635.61 749.64 80.39 92.24 0.1911
855.04 749.64 80.39 92.24 0.1911
306.19 155.67 80.79 92.67 0.1911
781.62 405.72 80.70 92.61 0.1911
342.75 436.88 80.80 92.63 0.1911
818.26 436.97 80.72 92.62 0.1911
891.64 437.20 80.16 92.00 0.1911
13.82 718.67 80.23 91.84 0.1911
196.75 749.64 80.28 92.25 0.1911
13.56 0.00 80.83 92.17 0.1911
928.15 718.46 80.46 92.26 0.1911
13.82 374.93 80.11 91.83 0.1910
379.39 374.38 80.76 92.73 0.1910
159.96 530.63 80.76 92.73 0.1910
86.82 593.13 80.76 92.73 0.1910
562.24 593.13 80.76 92.73 0.1910
160.19 749.66 80.27 92.20 0.1910
13.81 156.07 80.25 91.95 0.1910
233.04 436.86 80.80 92.72 0.1910
342.75 499.38 80.82 92.72 0.1910
635.32 499.38 80.82 92.72 0.1910
854.75 561.88 80.82 92.72 0.1910
891.63 499.67 80.20 92.07 0.1910
13.82 562.43 80.20 91.84 0.1910
13.82 624.93 80.20 91.84 0.1910
86.78 93.22 80.73 92.60 0.1910
123.35 93.22 80.73 92.60 0.1910
489.11 311.90 80.74 92.68 0.1910
708.54 374.40 80.74 92.68 0.1910
379.33 593.15 80.80 92.67 0.1910
452.48 593.15 80.80 92.67 0.1910
233.34 749.64 80.33 92.23 0.1910
196.47 530.63 80.79 92.75 0.1910
415.93 155.65 80.76 92.65 0.1910
159.91 93.12 80.75 92.70 0.1910
196.49 93.12 80.75 92.70 0.1910
233.06 93.12 80.75 92.70 0.1910
269.63 93.12 80.75 92.70 0.1910
745.06 93.12 80.75 92.70 0.1910
781.63 93.12 80.75 92.70 0.1910
818.20 93.12 80.75 92.70 0.1910
854.77 93.12 80.75 92.70 0.1910
196.47 468.11 80.81 92.74 0.1910
196.47 624.36 80.81 92.74 0.1910
854.84 686.88 80.69 92.69 0.1910
452.48 249.40 80.77 92.70 0.1909
598.77 374.38 80.76 92.69 0.1909
13.83 468.70 80.08 91.80 0.1909
708.48 468.15 80.77 92.70 0.1909
269.63 530.63 80.76 92.69 0.1909
379.39 655.63 80.74 92.61 0.1909
525.63 718.13 80.76 92.69 0.1909
562.20 718.13 80.76 92.69 0.1909
671.92 718.13 80.76 92.69 0.1909
891.80 749.93 79.92 91.66 0.1909
159.98 436.88 80.72 92.69 0.1909
233.12 624.38 80.72 92.69 0.1909
525.60 93.15 80.81 92.68 0.1909
342.74 155.65 80.81 92.68 0.1909
671.89 155.65 80.81 92.68 0.1909
196.46 186.90 80.81 92.68 0.1909
854.74 249.40 80.81 92.68 0.1909
342.77 561.88 80.79 92.68 0.1909
269.63 593.13 80.79 92.68 0.1909
379.61 749.61 80.38 92.30 0.1909
452.75 749.61 80.38 92.30 0.1909
708.75 749.61 80.38 92.30 0.1909
781.90 749.61 80.38 92.30 0.1909
928.41 781.27 80.00 92.25 0.1909
342.77 93.18 80.78 92.67 0.1909
379.34 93.18 80.78 92.67 0.1909
415.91 93.18 80.78 92.67 0.1909
489.06 93.18 80.78 92.67 0.1909
635.34 93.18 80.78 92.67 0.1909
671.91 93.18 80.78 92.67 0.1909
708.49 93.18 80.78 92.67 0.1909
233.06 155.68 80.78 92.67 0.1909
269.63 155.68 80.78 92.67 0.1909
745.06 155.68 80.78 92.67 0.1909
781.63 155.68 80.78 92.67 0.1909
818.20 186.93 80.78 92.67 0.1909
854.77 186.93 80.78 92.67 0.1909
87.04 749.64 80.39 92.24 0.1909
86.82 468.14 80.76 92.71 0.1909
306.24 499.39 80.76 92.71 0.1909
416.17 749.57 80.43 92.37 0.1909
489.31 749.57 80.43 92.37 0.1909
342.75 655.64 80.82 92.70 0.1909
415.96 655.63 80.74 92.63 0.1909
525.61 655.64 80.82 92.70 0.1909
562.16 93.11 80.86 92.75 0.1909
452.45 124.36 80.86 92.75 0.1909
598.73 124.36 80.86 92.75 0.1909
306.19 93.08 80.79 92.77 0.1908
123.39 686.99 80.74 92.63 0.1908
598.80 186.92 80.77 92.62 0.1908
598.83 468.16 80.74 92.66 0.1908
598.77 61.93 80.79 92.77 0.1908
891.68 562.17 80.15 92.03 0.1908
159.87 249.38 80.81 92.74 0.1908
86.82 343.13 80.73 92.74 0.1908
