13_Interview_Interview_On_Location_13_791
200
50.59 1191.39 80.22 152.90 0.1923
50.53 414.07 80.27 152.73 0.1921
928.12 362.26 80.55 153.14 0.1920
50.58 932.41 80.22 152.57 0.1920
50.50 1087.71 80.30 152.74 0.1920
927.95 0.00 80.98 153.45 0.1919
928.13 725.01 80.52 153.08 0.1919
50.51 103.10 80.30 152.74 0.1919
50.51 206.74 80.29 152.75 0.1919
50.51 569.49 80.30 152.74 0.1919
928.16 621.38 80.49 153.11 0.1919
50.53 776.82 80.27 152.72 0.1919
928.18 206.81 80.47 153.05 0.1918
891.59 776.93 80.20 152.46 0.1918
928.17 103.17 80.48 153.10 0.1916
928.14 828.73 80.47 152.92 0.1916
50.52 310.39 80.27 152.68 0.1916
50.52 673.14 80.27 152.68 0.1916
891.66 258.74 80.10 152.42 0.1916
928.10 1191.50 80.55 153.02 0.1915
891.68 932.41 80.10 152.41 0.1915
928.15 932.35 80.45 152.90 0.1915
891.63 154.97 80.20 152.65 0.1915
891.63 673.19 80.20 152.65 0.1915
928.18 465.91 80.44 153.07 0.1914
159.73 0.00 81.15 153.39 0.1913
196.30 0.00 81.15 153.39 0.1913
232.88 0.00 81.15 153.39 0.1913
781.45 0.00 81.15 153.39 0.1913
305.98 0.00 81.19 153.41 0.1913
817.98 0.00 81.19 153.41 0.1913
781.57 1035.40 80.82 153.75 0.1913
672.19 1243.23 80.34 152.78 0.1913
416.12 1243.00 80.52 153.19 0.1913
13.61 0.00 80.77 152.84 0.1913
562.16 983.46 80.81 153.90 0.1913
123.32 1190.87 80.83 153.80 0.1913
489.03 983.58 80.82 153.77 0.1913
159.86 1190.84 80.87 153.85 0.1913
196.43 1190.84 80.87 153.85 0.1913
891.61 362.22 80.22 152.67 0.1913
818.13 1190.87 80.84 153.91 0.1913
525.55 879.87 80.89 153.89 0.1913
928.09 1035.92 80.51 153.14 0.1913
891.36 0.00 80.84 153.04 0.1912
269.56 0.00 81.04 153.38 0.1912
452.35 0.00 81.10 153.37 0.1912
488.92 0.00 81.10 153.37 0.1912
708.35 0.00 81.10 153.37 0.1912
415.97 1087.19 80.74 153.79 0.1912
452.54 1087.19 80.74 153.79 0.1912
452.54 1190.83 80.74 153.79 0.1912
50.29 0.00 80.84 153.01 0.1912
342.60 0.00 81.13 153.39 0.1912
379.17 0.00 81.13 153.39 0.1912
415.74 0.00 81.13 153.39 0.1912
525.45 0.00 81.13 153.39 0.1912
562.03 0.00 81.13 153.39 0.1912
598.60 0.00 81.13 153.39 0.1912
671.74 0.00 81.13 153.39 0.1912
13.81 155.17 80.25 152.51 0.1912
13.81 258.81 80.25 152.51 0.1912
13.81 362.45 80.25 152.51 0.1912
13.81 466.09 80.25 152.51 0.1912
342.76 828.08 80.81 153.78 0.1912
13.81 932.49 80.25 152.51 0.1912
635.29 983.52 80.85 153.87 0.1912
489.04 1087.19 80.81 153.78 0.1912
525.61 1087.19 80.81 153.78 0.1912
489.04 1190.83 80.81 153.78 0.1912
13.98 1243.75 79.93 151.89 0.1912
123.16 0.00 81.18 153.40 0.1912
86.54 0.00 81.21 153.43 0.1912
635.12 0.00 81.21 153.43 0.1912
854.54 0.00 81.21 153.43 0.1912
379.40 724.43 80.72 153.83 0.1912
13.80 776.97 80.30 152.62 0.1912
13.77 1139.73 80.26 152.44 0.1912
635.63 1243.17 80.21 152.88 0.1912
13.77 569.70 80.30 152.57 0.1911
415.90 568.97 80.78 153.82 0.1911
415.90 672.61 80.78 153.82 0.1911
854.70 1190.81 80.84 153.97 0.1911
342.76 206.33 80.79 153.68 0.1911
745.05 931.83 80.79 153.68 0.1911
781.62 931.83 80.79 153.68 0.1911
818.19 931.83 80.79 153.68 0.1911
379.35 1087.21 80.76 153.74 0.1911
525.58 309.95 80.82 153.73 0.1911
671.87 931.80 80.82 153.73 0.1911
708.44 931.80 80.82 153.73 0.1911
598.74 983.45 80.84 153.91 0.1911
123.37 569.01 80.78 153.74 0.1911
196.41 828.05 80.89 153.86 0.1911
818.15 1035.37 80.81 153.76 0.1911
306.19 206.16 80.80 153.85 0.1911
269.60 828.05 80.84 153.84 0.1911
891.79 1243.52 79.86 152.04 0.1911
744.88 0.00 81.16 153.41 0.1910
269.61 206.27 80.83 153.79 0.1910
159.90 517.20 80.83 153.79 0.1910
562.18 620.84 80.83 153.79 0.1910
525.61 724.48 80.83 153.79 0.1910
562.18 724.48 80.83 153.79 0.1910
233.04 776.30 80.83 153.79 0.1910
123.32 1035.41 80.83 153.79 0.1910
86.75 1190.88 80.83 153.79 0.1910
86.71 568.99 80.87 153.85 0.1910
159.86 1035.38 80.87 153.85 0.1910
891.67 1036.00 80.21 152.64 0.1910
233.00 1190.85 80.87 153.85 0.1910
269.57 1190.85 80.87 153.85 0.1910
306.14 1190.85 80.87 153.85 0.1910
525.61 1190.87 80.82 153.76 0.1910
598.75 1190.85 80.83 153.82 0.1910
891.63 465.84 80.20 152.67 0.1910
891.63 569.48 80.20 152.67 0.1910
891.61 1139.64 80.28 152.63 0.1910
781.58 1190.84 80.82 153.92 0.1910
452.41 776.20 80.87 153.88 0.1910
562.12 828.05 80.89 153.89 0.1910
159.92 258.23 80.73 153.55 0.1910
196.49 258.23 80.73 153.55 0.1910
233.06 310.05 80.73 153.55 0.1910
452.54 983.62 80.74 153.68 0.1910
306.18 1087.14 80.79 153.81 0.1910
708.49 1139.19 80.73 153.55 0.1910
379.33 517.23 80.80 153.67 0.1910
306.19 776.33 80.80 153.67 0.1910
342.75 569.00 80.79 153.80 0.1910
781.62 620.79 80.78 153.79 0.1910
708.47 724.47 80.79 153.80 0.1910
525.61 983.58 80.79 153.80 0.1910
379.59 1242.99 80.48 153.19 0.1910
159.91 361.70 80.75 153.73 0.1910
196.49 361.70 80.75 153.73 0.1910
13.83 673.38 80.22 152.42 0.1910
379.33 828.09 80.81 153.78 0.1910
708.49 1035.38 80.75 153.73 0.1910
854.77 1035.38 80.75 153.73 0.1910
562.18 1087.20 80.81 153.78 0.1910
745.06 1087.20 80.75 153.73 0.1910
928.41 1295.63 79.95 152.89 0.1910
708.70 1243.14 80.42 153.13 0.1909
269.98 1295.19 80.24 153.41 0.1909
269.60 102.65 80.81 153.69 0.1909
818.17 206.29 80.81 153.69 0.1909
86.70 102.62 80.84 153.74 0.1909
525.56 413.55 80.84 153.74 0.1909
598.74 879.89 80.80 153.76 0.1909
86.70 983.59 80.84 153.74 0.1909
379.35 206.23 80.80 153.75 0.1909
452.39 413.47 80.87 153.90 0.1909
745.05 620.79 80.78 153.82 0.1909
415.90 776.26 80.78 153.82 0.1909
123.34 102.70 80.78 153.67 0.1909
159.91 154.52 80.78 153.67 0.1909
781.63 154.52 80.78 153.67 0.1909
86.77 258.16 80.78 153.67 0.1909
123.34 258.16 80.78 153.67 0.1909
269.63 309.98 80.78 153.67 0.1909
342.77 309.98 80.78 153.67 0.1909
598.77 309.98 80.78 153.67 0.1909
86.77 361.81 80.78 153.67 0.1909
123.34 361.81 80.78 153.67 0.1909
306.20 361.81 80.78 153.67 0.1909
562.20 361.81 80.78 153.67 0.1909
233.06 413.63 80.78 153.67 0.1909
269.63 413.63 80.78 153.67 0.1909
598.77 413.63 80.78 153.67 0.1909
86.77 724.56 80.78 153.67 0.1909
489.03 879.88 80.84 153.80 0.1909
854.77 931.84 80.78 153.67 0.1909
13.71 1036.10 80.34 152.47 0.1909
233.03 1087.16 80.84 153.80 0.1909
269.60 1087.16 80.84 153.80 0.1909
671.91 1087.31 80.78 153.67 0.1909
379.39 620.84 80.76 153.74 0.1909
342.82 672.66 80.76 153.74 0.1909
342.77 1087.22 80.76 153.74 0.1909
562.18 1190.88 80.82 153.73 0.1909
415.88 258.05 80.86 153.81 0.1909
452.45 258.05 80.86 153.81 0.1909
489.02 258.05 80.86 153.81 0.1909
379.30 309.87 80.86 153.81 0.1909
745.02 309.87 80.86 153.81 0.1909
781.59 309.87 80.86 153.81 0.1909
854.73 361.70 80.86 153.81 0.1909
342.73 413.52 80.86 153.81 0.1909
635.30 413.52 80.86 153.81 0.1909
306.16 465.34 80.86 153.81 0.1909
196.45 517.16 80.86 153.81 0.1909
233.02 517.16 80.86 153.81 0.1909
598.73 568.98 80.86 153.81 0.1909
196.45 724.45 80.86 153.81 0.1909
489.02 724.45 80.86 153.81 0.1909
123.30 828.09 80.86 153.81 0.1909
159.88 828.09 80.86 153.81 0.1909
488.98 361.67 80.89 153.86 0.1908
159.84 620.77 80.89 153.86 0.1908
