16_Award_Ceremony_Awards_Ceremony_16_116
200
505.87 136.88 518.13 429.44 0.4063
336.73 162.00 453.01 423.87 0.1879
519.84 283.28 348.21 662.68 0.1312
240.25 492.66 333.94 633.44 0.1022
258.52 72.44 429.70 341.75 0.0964
296.46 253.08 356.78 517.81 0.0946
128.96 175.40 404.39 410.18 0.0930
538.62 114.52 144.96 167.15 0.0930
132.79 464.44 244.59 637.55 0.0926
52.56 106.42 77.84 321.84 0.0827
40.16 75.62 128.14 205.36 0.0789
153.55 703.83 342.10 720.71 0.0753
50.53 454.81 80.36 332.84 0.0748
332.11 647.53 401.71 603.37 0.0734
39.97 277.92 182.61 767.73 0.0725
521.62 763.91 318.25 777.09 0.0694
76.05 220.87 242.83 561.46 0.0649
819.26 230.29 146.55 197.98 0.0648
445.92 109.10 146.49 153.00 0.0630
28.13 648.76 184.29 863.02 0.0629
157.67 29.17 255.16 448.42 0.0623
465.93 288.99 126.60 299.54 0.0618
568.73 130.60 144.39 272.50 0.0616
17.75 74.89 79.76 218.61 0.0600
838.58 309.98 117.86 244.95 0.0600
116.16 775.00 188.12 766.00 0.0595
406.90 415.52 160.40 216.63 0.0589
504.80 140.10 134.13 255.67 0.0573
735.42 214.28 161.56 213.35 0.0566
42.60 641.96 83.43 373.43 0.0546
33.36 42.90 178.74 144.16 0.0539
100.60 336.30 114.42 288.08 0.0534
26.79 530.48 67.35 327.05 0.0530
7.77 5.97 101.01 148.60 0.0529
610.42 200.06 135.56 264.45 0.0526
546.85 179.95 116.06 325.73 0.0522
169.11 0.00 343.15 259.97 0.0522
402.32 229.06 117.15 310.94 0.0518
461.55 219.21 152.66 225.76 0.0515
585.72 664.28 438.28 546.64 0.0511
695.93 1073.86 97.46 302.02 0.0502
95.48 109.99 122.61 288.71 0.0501
98.56 478.59 114.15 267.15 0.0501
0.00 22.24 62.01 279.68 0.0493
665.84 238.08 149.36 245.74 0.0491
345.99 1065.27 149.07 263.74 0.0487
469.19 420.97 110.58 378.71 0.0487
0.00 139.90 218.80 426.50 0.0486
27.54 132.27 66.28 371.54 0.0485
410.82 153.43 157.48 223.19 0.0485
49.61 323.80 91.86 309.87 0.0482
50.06 835.21 77.57 322.28 0.0479
73.59 264.08 112.47 286.55 0.0479
139.44 512.01 111.06 315.70 0.0478
794.54 161.14 117.08 219.68 0.0478
445.08 0.00 350.45 279.34 0.0477
142.10 375.04 113.18 325.62 0.0471
50.22 1207.36 79.08 316.54 0.0468
489.99 49.17 133.39 163.72 0.0465
626.50 91.09 103.17 175.06 0.0463
257.56 78.83 112.29 326.27 0.0462
221.15 1203.18 100.22 292.93 0.0461
49.98 979.61 76.35 327.74 0.0460
715.88 1071.15 145.97 233.34 0.0460
363.89 330.07 116.78 278.95 0.0459
806.93 927.53 109.43 306.30 0.0457
402.53 466.35 109.72 284.97 0.0453
293.97 1055.35 123.51 277.07 0.0450
183.54 1119.14 105.87 312.08 0.0448
225.08 1022.69 96.09 343.81 0.0447
248.49 715.47 123.26 272.34 0.0446
840.59 494.20 119.81 290.39 0.0445
551.13 325.82 117.13 323.40 0.0445
430.97 524.15 111.48 325.71 0.0444
143.42 266.16 106.65 288.69 0.0442
182.58 634.26 115.03 293.78 0.0442
583.32 749.28 114.98 293.45 0.0439
587.85 272.62 141.17 335.89 0.0435
662.49 940.61 108.37 334.03 0.0434
198.67 219.36 144.67 221.01 0.0432
186.85 2.24 177.77 161.85 0.0430
32.20 424.70 75.94 246.49 0.0429
184.51 95.55 157.97 187.02 0.0427
837.05 1037.29 103.97 308.58 0.0427
321.85 1137.10 121.85 307.48 0.0426
548.21 745.87 104.36 358.44 0.0426
105.82 906.98 108.58 304.43 0.0425
502.57 381.86 116.56 334.40 0.0425
356.65 76.03 134.50 329.10 0.0424
289.59 760.78 120.30 287.68 0.0424
400.92 948.53 129.02 274.28 0.0423
374.52 87.88 153.36 167.30 0.0423
112.53 117.60 171.00 174.12 0.0423
768.01 1220.73 111.85 292.86 0.0421
63.88 521.31 118.05 316.36 0.0421
849.01 859.14 104.49 282.69 0.0420
249.71 1098.04 112.93 323.57 0.0419
217.79 769.96 107.82 303.15 0.0419
326.07 869.95 280.26 671.05 0.0419
771.32 298.59 118.73 276.59 0.0418
582.87 1193.13 133.07 324.13 0.0416
18.80 0.00 175.94 107.22 0.0415
0.00 422.63 65.26 306.84 0.0414
488.43 994.90 113.07 329.94 0.0411
217.28 276.65 112.79 289.79 0.0411
334.25 223.67 115.19 318.92 0.0410
147.44 1210.69 108.25 303.34 0.0409
314.63 921.35 127.09 296.26 0.0408
149.42 682.87 108.25 316.87 0.0408
435.07 859.17 118.18 283.18 0.0405
810.07 1117.85 104.17 325.30 0.0403
170.86 459.51 130.30 333.28 0.0402
23.07 748.14 68.65 345.61 0.0402
442.73 1180.27 126.82 331.14 0.0401
761.56 896.95 112.52 307.46 0.0400
284.49 1199.37 121.13 311.83 0.0399
804.81 353.50 119.35 297.88 0.0396
506.32 1210.89 116.04 295.18 0.0395
847.23 1203.99 105.44 301.22 0.0391
846.09 609.68 118.23 302.75 0.0390
75.01 872.15 108.42 252.84 0.0390
289.20 180.15 119.54 286.72 0.0389
146.85 1036.45 102.76 313.18 0.0387
67.13 678.42 116.13 317.67 0.0386
512.95 0.00 146.76 167.71 0.0386
121.15 207.91 150.77 224.14 0.0385
399.34 636.04 114.86 293.71 0.0384
695.52 157.89 156.13 214.07 0.0383
820.78 87.17 124.77 207.60 0.0383
348.40 790.41 138.11 273.66 0.0381
105.71 39.55 175.26 160.65 0.0381
178.03 985.30 107.75 286.37 0.0380
656.74 1120.27 110.01 328.00 0.0378
74.08 976.75 103.58 317.10 0.0378
103.51 610.54 114.70 289.00 0.0372
705.85 1210.36 125.46 293.70 0.0370
74.07 1128.47 107.41 304.89 0.0369
874.03 144.77 113.48 238.78 0.0368
257.38 963.83 117.34 308.97 0.0367
560.04 1236.85 93.12 274.54 0.0365
182.17 839.63 104.55 296.52 0.0364
24.11 1210.88 67.09 315.44 0.0363
109.84 772.32 108.10 299.53 0.0363
226.35 883.24 104.12 326.24 0.0361
523.89 923.89 107.18 263.99 0.0359
807.10 534.75 117.55 337.25 0.0359
819.99 787.18 160.04 217.15 0.0358
419.90 792.95 145.78 226.35 0.0357
263.31 373.30 134.95 304.96 0.0356
225.35 520.08 115.76 307.83 0.0355
283.96 607.62 141.12 327.12 0.0354
22.54 999.77 66.93 325.16 0.0350
146.26 871.17 98.49 294.78 0.0349
456.96 0.00 128.44 155.51 0.0348
308.76 81.29 140.83 192.02 0.0348
684.39 873.62 136.80 333.17 0.0337
257.78 813.98 116.75 319.01 0.0337
313.27 415.54 139.37 309.24 0.0336
610.65 610.09 106.94 287.87 0.0335
189.70 0.00 88.49 258.00 0.0335
0.00 599.57 64.64 296.61 0.0334
548.04 0.00 376.45 391.78 0.0333
629.33 863.67 107.23 320.90 0.0333
756.22 0.00 267.78 278.91 0.0330
746.04 90.81 130.30 195.64 0.0327
546.52 1085.63 115.75 285.65 0.0327
75.62 0.00 210.92 86.67 0.0326
276.13 0.00 114.20 206.11 0.0325
789.38 760.02 125.60 317.13 0.0324
331.20 1278.53 104.02 262.47 0.0324
591.33 985.01 97.35 306.77 0.0322
861.42 300.92 162.58 178.79 0.0320
208.66 425.12 140.90 277.76 0.0317
0.00 177.68 60.93 304.98 0.0311
65.07 0.00 201.35 451.51 0.0310
239.94 0.00 179.78 96.86 0.0307
354.92 545.73 127.37 294.95 0.0305
371.72 1204.14 86.10 320.26 0.0303
0.00 1369.12 45.68 171.88 0.0303
360.51 12.90 156.67 154.42 0.0300
399.62 1086.35 162.65 210.23 0.0298
469.64 1150.89 158.40 232.96 0.0297
656.90 88.91 153.49 173.80 0.0292
823.30 1271.61 89.89 269.39 0.0292
398.25 1256.42 105.96 284.58 0.0286
595.12 0.00 108.16 182.64 0.0286
252.37 1399.80 179.15 141.20 0.0284
951.62 0.00 72.38 171.54 0.0282
0.00 526.56 38.76 249.56 0.0281
878.67 369.75 121.86 255.12 0.0277
473.46 626.41 102.37 353.25 0.0277
801.51 0.00 131.75 140.74 0.0273
1.97 1152.03 114.58 250.39 0.0270
0.00 934.02 109.95 257.13 0.0261
9.85 282.91 108.60 245.90 0.0260
730.61 0.00 130.17 150.21 0.0259
727.17 790.48 125.42 346.08 0.0258
771.42 690.15 164.03 221.22 0.0257
554.89 543.71 114.53 385.80 0.0253
806.60 1393.56 181.08 147.44 0.0252
