41_Swimming_Swimming_41_128
60
464.27 180.41 74.94 68.22 0.5465
486.47 406.95 56.94 59.43 0.4043
460.43 195.84 90.70 98.17 0.4037
528.12 197.47 58.11 47.44 0.3447
358.80 204.26 64.83 41.06 0.3135
593.20 200.54 49.67 39.87 0.3028
487.55 375.04 31.74 20.98 0.2572
477.71 255.32 65.19 47.72 0.2460
510.07 373.24 30.80 21.58 0.2371
551.43 405.35 32.39 31.90 0.2145
495.52 189.60 114.86 110.68 0.2075
580.82 398.58 38.52 34.89 0.1916
628.62 411.55 121.63 104.91 0.1674
577.63 193.40 85.85 76.37 0.1668
301.02 242.84 110.18 83.10 0.1582
182.72 209.70 123.46 52.60 0.1538
339.62 193.02 114.22 79.31 0.1484
428.52 183.47 159.87 148.59 0.1303
534.30 402.87 61.17 69.86 0.1299
648.08 65.62 121.44 107.66 0.1149
308.77 219.85 108.08 54.77 0.1105
248.60 218.85 114.99 53.72 0.1105
39.15 215.72 26.65 23.08 0.1103
597.37 395.68 197.04 170.87 0.1095
440.37 405.96 71.95 77.78 0.1081
94.02 209.08 283.59 188.77 0.1065
608.30 434.90 67.04 67.61 0.1058
359.44 260.86 115.30 77.65 0.0987
462.22 465.46 69.12 82.77 0.0977
470.99 496.80 45.27 50.42 0.0974
492.59 147.63 55.59 75.73 0.0933
567.45 407.57 76.64 75.39 0.0924
296.37 188.89 192.40 153.53 0.0922
34.19 198.20 32.13 32.09 0.0919
581.13 419.85 117.78 125.97 0.0918
530.87 168.51 53.94 60.68 0.0901
615.47 201.95 83.41 49.52 0.0890
610.58 400.91 41.60 41.52 0.0853
585.43 62.33 69.64 72.75 0.0830
524.67 367.31 60.72 42.42 0.0828
616.48 62.60 243.93 168.67 0.0776
343.45 377.82 80.58 51.30 0.0729
25.80 338.52 391.70 271.48 0.0721
581.03 171.96 63.55 55.48 0.0720
83.30 239.67 170.54 88.44 0.0704
547.99 461.95 52.57 63.04 0.0700
400.83 400.13 41.36 43.67 0.0692
516.93 72.29 91.48 76.69 0.0690
600.38 174.50 215.45 103.07 0.0679
535.81 140.05 52.64 62.13 0.0669
622.78 54.44 92.97 85.96 0.0660
552.31 366.99 87.16 62.20 0.0652
0.27 397.92 172.33 170.44 0.0644
596.43 55.49 50.63 46.05 0.0639
531.25 101.54 101.40 78.59 0.0594
516.12 43.11 95.00 72.50 0.0548
989.07 584.39 24.77 20.35 0.0539
487.63 144.01 536.37 323.21 0.0527
380.84 417.74 89.09 103.11 0.0524
381.24 57.77 115.40 95.47 0.0509
