41_Swimming_Swimming_41_271
86
644.00 327.10 264.02 316.11 0.6133
950.06 416.13 59.23 77.31 0.2166
355.74 324.75 143.98 158.47 0.2064
351.17 359.86 179.39 283.64 0.1731
207.94 306.26 121.07 185.11 0.1717
683.84 458.90 189.23 148.56 0.1590
480.01 237.26 70.11 36.39 0.1515
583.21 315.44 87.07 119.10 0.1492
134.93 419.79 172.39 256.74 0.1469
132.13 440.94 53.39 76.74 0.1389
190.49 345.89 57.11 94.18 0.1369
461.72 304.62 112.81 125.03 0.1362
119.32 464.35 80.66 135.53 0.1343
505.66 300.32 57.32 56.74 0.1240
539.14 297.48 52.15 61.80 0.1197
600.57 199.37 214.57 96.15 0.1175
274.05 291.27 53.67 58.65 0.1171
193.25 292.24 23.44 33.46 0.1131
797.51 415.12 118.83 159.20 0.1124
445.30 207.83 138.76 72.33 0.1112
296.54 87.19 95.73 82.66 0.1108
580.08 297.11 52.62 76.52 0.1096
251.41 300.28 44.77 62.20 0.1084
538.40 301.86 96.15 116.22 0.1072
262.80 271.61 194.88 225.04 0.1032
380.70 123.89 242.18 140.72 0.1009
615.64 42.41 144.62 95.38 0.0988
470.42 291.29 60.69 50.86 0.0974
365.97 241.82 44.18 31.78 0.0957
391.09 245.30 45.12 33.10 0.0910
190.97 279.29 29.34 33.74 0.0909
351.36 278.84 94.90 59.56 0.0894
640.22 51.02 93.50 55.51 0.0860
910.44 442.33 48.55 75.17 0.0853
611.92 244.13 48.12 30.35 0.0847
171.11 358.15 97.27 154.45 0.0819
609.72 292.55 75.81 109.26 0.0817
608.73 252.90 51.78 46.63 0.0805
267.53 0.45 108.38 59.28 0.0801
786.77 19.46 103.32 72.49 0.0801
367.42 263.56 53.84 33.67 0.0786
427.75 156.45 92.59 66.14 0.0772
336.19 146.32 68.72 57.31 0.0768
732.50 195.76 162.46 69.54 0.0762
260.20 272.82 32.00 29.82 0.0762
431.15 291.63 68.65 55.01 0.0729
133.91 393.07 58.86 86.85 0.0723
304.80 412.35 271.92 355.65 0.0715
542.91 368.36 66.64 101.26 0.0714
585.25 215.97 111.96 56.93 0.0711
222.06 291.95 52.57 67.58 0.0706
395.30 223.67 50.68 35.70 0.0691
917.42 414.95 61.69 83.69 0.0688
472.21 256.79 58.85 39.22 0.0687
358.11 222.69 45.26 32.23 0.0682
107.42 272.32 34.12 37.95 0.0680
290.28 275.28 35.60 27.91 0.0680
188.81 319.37 47.34 68.14 0.0679
239.77 290.54 81.10 118.78 0.0674
551.92 258.48 148.75 250.56 0.0673
303.66 121.64 88.18 80.93 0.0664
93.30 247.34 45.71 43.00 0.0662
783.66 221.56 122.10 53.33 0.0646
466.22 17.42 457.76 312.46 0.0637
580.88 404.93 43.55 73.60 0.0634
284.84 275.21 120.19 88.88 0.0630
501.43 242.54 83.15 36.76 0.0584
111.29 0.00 247.29 168.76 0.0576
581.43 255.72 57.26 58.30 0.0576
561.46 0.00 131.24 51.27 0.0575
183.97 448.08 234.95 261.41 0.0573
49.89 471.94 64.10 87.77 0.0571
992.73 472.11 30.68 60.74 0.0570
931.26 372.78 81.46 101.98 0.0551
508.98 122.22 301.58 168.38 0.0549
527.50 12.69 207.51 116.37 0.0540
748.40 296.31 187.22 220.42 0.0538
251.40 248.64 44.43 31.78 0.0538
719.79 0.00 219.32 178.50 0.0530
80.09 248.61 26.58 34.08 0.0529
602.41 6.92 220.49 197.65 0.0526
415.15 208.61 95.70 53.50 0.0522
577.99 439.47 44.61 81.46 0.0520
908.61 346.43 66.72 101.18 0.0512
469.68 370.23 90.50 135.41 0.0509
489.82 488.20 130.10 180.21 0.0502
