15_Stock_Market_Stock_Market_15_731
46
524.78 313.84 230.39 369.05 0.7714
461.01 411.49 38.04 75.06 0.3127
323.37 356.99 34.72 70.42 0.2182
361.85 399.74 45.13 92.13 0.1660
296.24 343.05 46.23 92.36 0.1598
104.84 353.70 56.59 81.97 0.1590
154.02 327.78 118.81 152.52 0.1484
107.15 344.28 109.20 131.90 0.1366
370.97 346.83 25.94 47.26 0.1168
330.96 371.84 41.46 96.69 0.1144
224.37 345.49 77.78 135.64 0.1069
67.34 368.19 86.82 115.03 0.1067
641.71 748.03 66.28 73.88 0.0966
80.81 358.19 56.22 77.76 0.0960
378.19 389.57 69.30 124.35 0.0946
675.92 740.69 89.22 93.06 0.0886
453.02 395.24 58.22 127.78 0.0852
394.12 323.90 50.42 54.84 0.0808
355.51 766.14 71.71 63.02 0.0776
905.05 365.40 35.48 48.21 0.0703
620.31 298.61 152.92 239.28 0.0696
344.33 393.28 76.04 142.31 0.0688
584.61 757.60 75.74 67.55 0.0686
582.31 744.92 140.65 94.08 0.0682
515.20 749.90 30.68 39.48 0.0659
442.02 354.49 35.04 48.52 0.0658
43.74 354.53 26.85 48.59 0.0641
481.03 720.89 49.42 41.39 0.0636
468.18 752.66 66.58 70.44 0.0632
391.85 753.99 85.52 77.17 0.0632
415.31 417.05 81.70 182.37 0.0619
879.03 352.74 39.14 55.64 0.0616
279.91 388.31 51.30 120.67 0.0607
897.92 385.37 43.51 61.10 0.0599
547.58 767.26 46.85 50.93 0.0595
284.76 764.31 69.21 67.66 0.0593
44.17 373.31 57.54 95.22 0.0592
511.12 764.91 48.40 49.88 0.0577
491.46 352.67 129.79 233.55 0.0562
218.50 769.56 55.86 59.62 0.0560
737.50 505.06 269.23 269.72 0.0552
571.89 528.70 176.19 185.42 0.0544
514.09 720.46 39.51 42.91 0.0533
320.48 765.97 66.26 64.73 0.0527
884.18 399.08 60.32 107.58 0.0513
244.63 768.32 60.42 62.25 0.0510
