43_Row_Boat_Canoe_43_842
94
485.60 89.44 43.39 59.19 0.6433
939.30 233.70 83.96 96.71 0.4976
770.60 222.66 45.06 53.06 0.4680
795.77 382.57 86.91 128.75 0.2917
589.99 264.69 24.19 31.78 0.2732
3.37 0.00 105.70 156.08 0.2375
596.94 252.39 23.27 28.76 0.2192
0.00 0.00 152.03 280.19 0.1989
557.42 298.10 20.53 24.81 0.1959
5.43 26.44 49.53 70.85 0.1838
593.04 285.08 20.89 32.23 0.1697
656.96 294.29 25.86 26.83 0.1665
631.79 301.24 17.47 20.61 0.1651
655.39 342.67 178.93 189.70 0.1642
643.96 402.98 104.94 113.80 0.1571
355.98 245.71 38.66 58.90 0.1563
758.76 302.68 134.58 210.07 0.1561
501.17 195.16 35.85 51.27 0.1541
445.21 262.18 33.63 38.30 0.1485
654.07 278.08 27.12 23.41 0.1481
559.82 270.58 25.65 28.17 0.1464
76.19 220.95 32.33 55.63 0.1440
520.20 298.43 24.13 29.61 0.1430
839.13 299.15 50.56 82.92 0.1401
463.63 204.08 48.46 74.42 0.1381
3.05 230.21 28.04 47.33 0.1334
16.81 253.00 51.35 85.34 0.1324
390.48 263.92 40.20 44.02 0.1291
475.84 299.19 32.58 42.04 0.1290
484.56 143.67 38.34 56.99 0.1234
659.03 315.86 32.69 34.85 0.1234
701.89 297.55 42.88 38.33 0.1232
546.17 320.33 33.25 36.56 0.1207
430.36 305.01 45.45 48.45 0.1146
362.61 262.42 39.48 64.25 0.1132
473.05 248.06 33.95 47.31 0.1121
443.47 219.20 52.39 61.77 0.1109
396.92 238.43 43.46 51.39 0.1095
515.73 264.38 27.41 34.51 0.1085
554.86 243.33 28.29 33.56 0.1084
317.97 223.41 78.86 113.74 0.1058
522.37 322.31 35.94 43.18 0.1050
630.28 322.73 21.70 23.69 0.1047
463.14 314.90 40.98 46.24 0.1042
587.11 321.38 27.74 28.11 0.1008
532.12 330.33 47.01 49.44 0.0995
770.72 298.04 83.90 96.58 0.0993
394.42 278.10 40.44 51.15 0.0977
690.55 313.53 74.50 67.97 0.0966
28.45 0.00 65.78 62.08 0.0965
0.00 97.82 87.55 159.96 0.0960
1.06 0.70 55.38 66.36 0.0955
448.71 72.93 71.91 86.10 0.0954
34.84 126.58 84.87 151.82 0.0945
633.36 277.38 20.05 24.00 0.0938
553.44 170.34 46.47 66.72 0.0933
670.24 340.45 122.11 107.52 0.0920
480.72 171.52 37.10 66.21 0.0919
77.17 40.18 325.78 436.70 0.0895
887.79 257.97 78.29 109.95 0.0880
529.69 333.64 157.63 137.07 0.0875
498.43 228.05 42.87 55.27 0.0873
551.72 199.27 32.85 54.02 0.0846
496.74 361.17 117.16 90.13 0.0824
436.53 111.42 90.57 129.23 0.0800
320.65 364.09 92.03 58.58 0.0748
270.63 139.04 123.04 190.03 0.0746
763.75 272.46 68.42 87.10 0.0718
352.98 192.94 63.09 102.67 0.0715
327.05 136.52 131.74 170.65 0.0713
233.10 50.40 221.76 294.13 0.0703
29.18 231.94 49.31 64.67 0.0701
3.83 236.06 81.30 169.41 0.0695
55.80 247.50 56.41 99.81 0.0684
392.40 196.17 79.48 83.58 0.0666
562.42 353.29 74.33 68.04 0.0658
524.07 353.00 64.32 61.03 0.0658
649.84 366.47 72.79 78.07 0.0650
422.59 321.04 60.77 55.06 0.0648
828.74 276.10 97.32 154.09 0.0644
390.61 337.31 46.69 46.48 0.0619
695.75 263.20 31.47 38.31 0.0609
402.84 314.72 37.17 47.34 0.0607
535.36 108.38 57.70 84.82 0.0604
854.95 260.97 61.96 60.13 0.0593
324.90 350.83 147.78 117.17 0.0584
727.32 270.46 37.45 50.22 0.0578
363.08 304.03 40.70 46.94 0.0558
654.70 329.60 58.38 73.98 0.0557
673.95 0.00 153.53 151.55 0.0518
577.03 338.12 41.73 42.91 0.0517
56.12 193.59 78.37 106.69 0.0512
542.78 93.28 176.53 178.74 0.0509
863.35 285.78 108.66 133.97 0.0502
