43_Row_Boat_Canoe_43_125
56
596.37 222.75 41.75 58.75 0.7175
408.50 205.43 43.58 54.61 0.6824
192.99 159.68 43.80 56.59 0.5212
264.04 255.27 22.28 38.52 0.3123
700.96 307.16 23.23 32.57 0.2309
470.94 406.33 27.41 34.34 0.2181
132.80 282.15 57.67 104.32 0.1835
396.20 557.96 132.13 83.57 0.1400
216.89 200.70 33.03 47.60 0.1397
689.67 311.10 40.40 44.03 0.1261
344.03 301.72 39.81 42.97 0.1198
156.49 289.83 59.45 103.32 0.1078
447.13 392.40 46.64 49.60 0.0913
376.43 188.67 46.17 48.30 0.0878
226.22 226.07 35.66 51.11 0.0846
355.71 307.76 47.24 57.44 0.0763
319.71 157.17 59.55 45.86 0.0744
226.00 251.84 41.05 63.11 0.0741
436.72 409.92 45.93 61.94 0.0722
382.86 318.92 57.65 54.33 0.0721
393.76 166.29 65.49 65.10 0.0711
365.18 165.51 53.53 52.10 0.0709
78.56 160.05 39.51 38.78 0.0699
400.40 394.27 43.01 45.32 0.0699
420.39 342.44 49.81 48.03 0.0685
603.80 17.88 379.04 318.01 0.0671
551.80 301.18 36.13 60.98 0.0669
377.04 353.52 68.66 64.83 0.0669
255.55 281.97 31.84 52.31 0.0667
362.85 323.06 55.17 67.27 0.0667
651.39 353.28 111.28 75.55 0.0666
1.83 0.00 26.74 30.01 0.0665
356.81 277.59 41.40 59.35 0.0661
297.42 244.69 24.35 41.56 0.0660
223.67 280.19 38.95 77.39 0.0656
280.73 262.37 36.90 41.90 0.0647
241.12 220.88 41.27 50.30 0.0635
411.52 319.41 54.44 49.44 0.0622
341.19 277.40 38.28 53.52 0.0619
362.64 575.07 115.76 60.75 0.0611
497.49 119.41 49.84 49.30 0.0596
155.76 154.26 28.33 42.07 0.0594
380.11 608.16 143.78 61.73 0.0593
96.69 155.79 45.83 49.50 0.0591
171.61 267.20 44.80 77.93 0.0580
505.94 451.40 43.57 50.13 0.0568
836.78 525.37 44.80 23.47 0.0548
143.76 235.43 39.53 53.17 0.0546
403.66 421.02 43.10 55.97 0.0543
27.83 332.71 44.40 55.64 0.0532
202.27 293.72 50.18 83.12 0.0517
363.94 422.40 66.95 59.15 0.0516
152.07 213.98 36.65 41.59 0.0509
285.73 272.09 41.47 58.94 0.0506
367.49 398.23 66.23 44.33 0.0504
301.83 125.33 103.31 72.19 0.0502
