9_Press_Conference_Press_Conference_9_34
181
257.93 211.97 419.26 462.22 0.0884
519.74 423.54 504.26 476.72 0.0851
56.82 318.45 169.37 698.35 0.0776
483.24 223.24 438.34 440.12 0.0769
24.48 612.46 196.16 718.54 0.0765
292.01 396.26 371.45 572.51 0.0707
473.74 712.15 288.50 618.85 0.0698
423.35 311.43 376.16 524.65 0.0693
319.60 124.78 449.50 372.94 0.0674
12.22 97.33 78.50 159.47 0.0640
130.20 418.63 256.23 526.73 0.0628
226.81 626.38 353.05 613.91 0.0627
111.11 646.60 181.85 684.40 0.0604
34.35 62.56 83.89 170.79 0.0567
469.32 548.60 401.79 546.23 0.0554
154.60 63.06 108.54 169.20 0.0551
653.24 401.94 120.00 269.51 0.0521
767.56 1057.82 107.64 236.10 0.0515
304.31 75.63 157.06 151.22 0.0506
146.74 215.15 230.13 490.16 0.0501
0.00 114.54 231.40 378.36 0.0494
23.46 411.05 64.34 252.14 0.0492
41.63 359.48 79.57 233.91 0.0482
481.75 0.00 130.34 71.99 0.0480
129.01 29.78 145.48 111.19 0.0469
694.92 1040.13 110.45 256.57 0.0463
202.07 0.00 139.03 117.82 0.0462
0.00 287.42 73.38 246.57 0.0459
482.42 54.76 156.54 151.75 0.0450
22.89 44.68 186.71 117.13 0.0441
5.37 0.00 99.36 118.90 0.0439
258.61 0.00 161.50 137.31 0.0436
658.68 82.43 130.92 151.87 0.0432
66.62 336.57 189.55 166.59 0.0432
27.09 182.11 64.25 272.31 0.0431
727.95 972.25 113.75 260.96 0.0430
624.16 360.72 102.77 248.85 0.0429
779.42 1003.68 157.40 189.64 0.0423
74.36 178.28 60.80 250.95 0.0423
49.98 666.88 78.57 261.46 0.0420
63.79 582.69 71.60 253.69 0.0420
579.75 428.10 104.53 218.29 0.0413
277.88 31.89 409.64 318.19 0.0408
88.25 713.39 96.70 317.54 0.0399
37.50 664.41 189.54 222.97 0.0396
850.66 351.68 90.92 241.86 0.0396
837.40 1047.22 111.27 247.33 0.0392
519.01 0.00 100.25 149.47 0.0392
176.25 285.98 348.59 570.99 0.0390
17.52 662.70 79.37 313.01 0.0390
807.68 870.21 106.63 238.89 0.0388
203.16 295.47 146.37 259.56 0.0384
92.73 55.67 435.13 274.30 0.0383
292.96 112.16 120.97 248.69 0.0382
88.72 49.48 147.46 217.35 0.0381
127.38 739.56 104.36 286.66 0.0378
843.24 929.33 116.08 241.59 0.0377
91.97 11.85 213.43 464.62 0.0374
657.29 603.78 109.76 275.69 0.0373
288.21 314.44 122.42 312.14 0.0370
382.95 0.00 341.59 203.48 0.0369
249.67 0.00 333.95 220.15 0.0369
144.16 303.00 97.91 282.33 0.0362
243.64 210.92 146.43 268.34 0.0362
25.29 0.00 157.09 91.17 0.0357
770.48 72.87 137.60 186.03 0.0357
23.95 620.31 172.26 172.75 0.0356
157.04 45.47 206.66 142.07 0.0356
586.65 43.68 166.05 131.78 0.0355
10.87 519.70 73.40 254.97 0.0354
0.00 14.29 72.01 204.85 0.0354
739.75 925.42 149.97 201.85 0.0353
631.73 0.00 151.09 121.82 0.0351
41.12 267.94 95.55 206.16 0.0351
229.32 55.34 95.60 200.56 0.0349
696.35 506.66 111.27 273.19 0.0348
727.03 658.80 116.62 295.26 0.0348
670.66 359.41 160.45 195.54 0.0347
0.00 134.90 67.91 212.56 0.0345
370.37 82.10 100.78 258.11 0.0343
859.83 0.00 114.46 108.09 0.0340
76.34 99.36 109.57 280.06 0.0338
790.99 336.83 233.01 138.80 0.0329
595.14 813.25 102.75 254.81 0.0325
748.11 502.69 102.44 240.40 0.0324
764.82 801.16 128.87 263.79 0.0324
894.67 366.21 118.80 266.54 0.0321
594.40 286.82 99.36 270.37 0.0320
296.31 887.36 106.16 283.01 0.0320
618.86 460.80 108.12 282.65 0.0319
518.48 0.00 358.16 220.62 0.0319
165.01 227.80 185.83 180.92 0.0318
329.89 476.38 119.47 258.98 0.0318
87.08 0.00 204.48 59.55 0.0317
113.51 213.11 83.96 241.78 0.0313
904.46 0.00 102.83 185.62 0.0312
583.50 616.33 102.24 231.63 0.0312
834.89 37.15 107.00 153.04 0.0311
451.32 289.81 98.79 263.29 0.0311
677.15 132.29 103.76 279.91 0.0309
558.91 0.00 129.48 109.59 0.0308
829.91 97.16 139.02 157.88 0.0308
558.33 892.99 108.73 252.89 0.0304
346.23 0.00 111.12 174.84 0.0304
310.33 0.00 176.39 87.79 0.0304
282.41 45.34 101.31 213.75 0.0302
630.28 984.40 104.91 324.51 0.0302
65.83 365.16 99.84 260.09 0.0299
555.23 68.33 145.38 170.43 0.0299
660.38 304.93 100.48 206.57 0.0298
535.34 409.58 108.14 228.42 0.0296
380.34 328.88 107.82 285.71 0.0295
227.23 972.83 98.65 271.04 0.0293
845.87 802.61 107.51 238.08 0.0293
623.67 665.09 106.29 275.05 0.0291
516.42 744.37 122.49 255.23 0.0290
0.00 1128.22 42.05 202.78 0.0289
82.69 0.00 96.30 189.07 0.0287
652.58 733.00 115.99 255.68 0.0284
711.37 58.81 126.80 186.82 0.0283
415.72 135.99 94.67 267.36 0.0282
257.45 1034.30 103.81 264.74 0.0282
35.89 254.10 207.81 154.17 0.0281
335.72 310.25 110.98 249.54 0.0280
343.08 940.58 96.06 285.53 0.0280
722.61 404.64 112.28 229.74 0.0278
618.50 176.20 108.23 266.14 0.0278
805.11 757.86 113.21 238.49 0.0277
516.35 48.57 111.63 320.66 0.0276
464.68 0.00 98.89 206.93 0.0274
490.18 221.91 95.26 252.18 0.0272
176.61 340.37 115.56 262.01 0.0271
432.12 30.77 548.80 298.89 0.0271
380.73 208.70 101.74 265.68 0.0269
194.97 892.30 100.86 295.92 0.0268
526.91 271.10 96.54 272.80 0.0268
0.00 609.36 69.84 241.96 0.0267
372.66 42.99 145.75 166.18 0.0266
31.06 286.19 254.35 396.19 0.0266
561.62 192.55 100.32 273.87 0.0265
713.14 833.17 130.14 273.78 0.0263
493.33 328.26 99.85 275.09 0.0262
558.80 736.56 143.07 233.30 0.0261
264.75 830.99 102.32 284.50 0.0255
543.80 690.77 111.62 214.17 0.0253
705.17 0.00 101.17 170.76 0.0251
560.44 510.97 102.71 285.95 0.0250
409.30 400.44 104.85 296.40 0.0247
193.72 1047.46 100.01 267.26 0.0247
452.67 65.67 94.51 268.24 0.0245
491.77 655.59 109.51 252.16 0.0243
883.99 88.70 127.11 197.71 0.0238
23.58 103.27 108.14 251.39 0.0237
643.37 59.03 99.76 308.11 0.0237
799.35 498.70 92.48 249.67 0.0234
920.49 0.00 103.51 38.88 0.0234
55.37 756.85 81.96 350.71 0.0234
294.81 1067.20 117.46 239.30 0.0234
778.16 606.46 96.02 207.38 0.0231
56.45 473.56 80.92 249.39 0.0230
290.16 772.34 107.92 260.94 0.0229
628.33 847.01 102.31 319.33 0.0225
327.40 814.35 105.51 262.46 0.0225
372.73 523.43 121.19 272.47 0.0224
760.25 359.73 138.12 235.73 0.0224
372.31 1015.69 104.25 271.15 0.0223
722.76 0.00 154.52 100.73 0.0221
419.15 646.44 148.09 309.75 0.0218
694.84 1194.49 164.62 136.51 0.0218
860.09 644.28 88.32 277.98 0.0216
0.00 723.93 54.98 246.32 0.0214
129.57 157.11 235.30 190.98 0.0214
29.99 1067.56 93.88 262.82 0.0213
487.31 495.30 106.56 308.77 0.0210
877.04 1054.09 132.15 252.18 0.0210
676.03 875.69 107.46 303.87 0.0207
655.74 243.49 203.28 207.41 0.0206
22.17 840.64 79.42 290.17 0.0204
556.34 1024.26 104.99 272.81 0.0201
0.00 1030.63 67.62 255.62 0.0201
879.07 749.86 112.54 265.70 0.0201
