9_Press_Conference_Press_Conference_9_165
179
476.84 62.77 435.89 165.52 0.2403
76.71 65.11 467.95 161.53 0.2100
299.00 224.47 370.27 231.59 0.1797
160.72 131.01 192.26 289.57 0.1714
582.15 324.12 243.38 363.88 0.1296
181.63 129.18 413.68 201.22 0.1252
136.73 205.29 370.50 262.91 0.1248
94.04 48.82 149.03 80.30 0.1057
99.69 187.09 183.42 314.11 0.1047
70.74 95.00 192.48 261.52 0.1004
586.41 120.19 437.59 208.35 0.0997
453.68 134.14 332.79 272.94 0.0957
479.90 51.92 158.04 70.48 0.0870
373.89 45.47 379.89 140.76 0.0831
48.42 210.39 79.98 141.80 0.0815
137.15 288.56 240.58 356.12 0.0792
33.52 284.00 190.85 387.67 0.0742
516.93 230.30 357.75 254.49 0.0720
52.58 68.72 77.24 155.52 0.0720
245.77 307.17 310.07 326.12 0.0700
151.58 33.61 213.85 232.54 0.0699
52.81 139.44 81.14 151.38 0.0694
29.65 259.20 71.52 140.71 0.0684
52.16 35.91 87.89 80.44 0.0659
446.68 308.59 343.43 258.41 0.0627
543.04 44.30 165.29 74.38 0.0614
470.29 58.64 119.30 118.65 0.0608
64.00 44.00 127.83 135.95 0.0557
101.14 28.77 184.42 59.33 0.0548
321.54 216.60 157.24 112.29 0.0547
504.44 82.29 110.43 129.22 0.0546
109.21 150.71 123.62 121.03 0.0542
643.38 0.00 380.62 118.46 0.0530
275.11 32.22 145.70 80.54 0.0529
240.61 214.68 120.92 127.23 0.0524
583.27 292.32 440.73 239.31 0.0523
530.09 63.80 144.61 121.51 0.0523
149.26 205.63 103.77 148.31 0.0510
420.14 44.62 138.25 73.18 0.0507
559.33 428.66 160.77 87.42 0.0506
256.26 87.68 434.20 164.14 0.0503
186.17 408.92 273.37 279.08 0.0489
836.19 117.31 131.39 124.89 0.0484
812.37 29.99 154.95 99.79 0.0482
776.22 123.60 115.23 118.52 0.0475
0.00 239.37 66.86 130.46 0.0470
62.01 181.95 124.60 129.99 0.0465
423.25 424.02 99.32 122.38 0.0465
20.20 41.34 65.69 112.80 0.0463
143.42 0.00 115.32 74.60 0.0463
64.03 103.79 126.93 130.76 0.0462
658.90 531.77 135.68 138.06 0.0459
165.99 147.02 126.80 133.85 0.0457
446.42 79.52 104.93 134.51 0.0453
163.63 229.08 154.08 94.98 0.0452
477.98 414.00 93.52 106.19 0.0447
197.20 193.78 141.06 100.67 0.0445
479.99 0.00 328.94 126.51 0.0444
167.77 43.34 178.14 75.34 0.0444
838.25 198.64 108.08 157.04 0.0442
527.70 443.80 103.89 143.83 0.0439
773.10 195.75 105.14 158.49 0.0437
479.93 110.33 100.13 139.34 0.0434
813.21 68.46 109.25 140.33 0.0427
31.53 137.43 64.07 145.01 0.0426
455.47 134.83 86.10 142.43 0.0425
0.00 0.00 67.59 66.00 0.0424
493.41 0.28 127.09 75.09 0.0423
682.31 202.23 125.30 154.95 0.0419
516.16 147.26 121.17 151.91 0.0419
105.44 417.42 189.74 270.58 0.0411
457.12 444.17 85.70 138.46 0.0410
403.53 147.97 111.64 105.93 0.0408
579.00 452.80 113.69 144.13 0.0408
22.45 0.00 183.96 315.57 0.0404
65.59 247.32 111.93 140.82 0.0402
329.79 42.34 147.69 77.87 0.0397
106.62 239.94 116.18 125.70 0.0395
612.42 189.40 139.47 104.43 0.0395
48.35 0.00 167.76 47.23 0.0394
115.71 0.00 86.13 100.08 0.0394
737.52 162.35 119.86 124.92 0.0393
544.91 120.40 111.32 124.37 0.0390
0.00 170.94 60.91 122.71 0.0388
11.68 0.00 83.79 106.38 0.0388
310.76 0.00 333.34 113.27 0.0388
627.93 444.32 136.69 116.87 0.0385
802.94 165.62 118.06 141.09 0.0385
391.57 59.47 125.11 99.37 0.0381
561.22 540.21 141.79 127.34 0.0381
730.94 97.45 118.56 108.44 0.0376
523.76 522.51 109.24 142.36 0.0373
53.89 0.00 85.39 83.33 0.0369
274.61 5.93 130.73 63.25 0.0367
730.66 46.82 293.34 184.36 0.0365
210.96 18.90 158.77 74.14 0.0364
787.74 33.69 94.10 139.81 0.0363
492.29 448.99 95.79 154.72 0.0358
633.52 229.98 144.86 95.43 0.0356
299.87 236.57 118.39 147.85 0.0354
26.75 86.75 67.30 109.09 0.0353
575.66 162.47 159.28 95.95 0.0352
141.08 91.53 113.50 149.84 0.0349
615.18 52.92 135.92 126.03 0.0349
409.12 1.13 141.20 65.73 0.0348
675.11 157.49 148.87 105.21 0.0347
176.81 0.00 139.66 55.48 0.0345
548.24 396.99 134.20 91.40 0.0342
402.68 210.45 122.78 95.80 0.0342
363.74 97.68 166.39 91.27 0.0342
592.26 515.12 138.36 97.09 0.0341
845.01 0.00 98.90 85.72 0.0339
581.12 25.85 175.09 71.93 0.0338
265.93 196.81 158.28 105.56 0.0336
891.98 0.00 132.02 182.51 0.0335
258.13 48.90 114.14 139.01 0.0334
523.98 411.05 100.39 94.44 0.0331
324.58 0.00 159.55 46.71 0.0327
731.64 239.33 99.86 127.57 0.0326
540.97 0.00 144.91 55.46 0.0326
546.15 219.03 112.11 113.23 0.0317
789.75 14.76 121.20 80.53 0.0316
0.00 235.91 211.07 233.81 0.0314
649.15 490.82 140.31 99.92 0.0312
256.75 144.95 101.05 127.15 0.0309
149.17 0.00 364.83 124.87 0.0308
611.96 388.26 163.98 100.60 0.0306
212.69 257.89 128.50 112.63 0.0305
948.88 0.00 75.12 75.93 0.0300
595.20 123.40 165.80 91.34 0.0297
154.97 30.39 123.36 159.10 0.0296
193.00 117.20 156.13 99.13 0.0295
300.26 432.09 342.19 255.91 0.0294
668.76 102.73 109.59 139.98 0.0291
328.33 0.00 103.04 91.31 0.0289
0.00 104.67 62.15 135.75 0.0281
677.12 0.00 108.21 93.16 0.0280
584.67 242.80 112.22 154.26 0.0279
749.15 0.00 153.08 62.66 0.0276
0.00 145.79 36.04 106.47 0.0275
702.59 49.97 137.87 115.19 0.0273
798.71 0.00 153.86 43.33 0.0272
60.58 263.07 67.64 185.48 0.0271
887.66 0.00 105.62 94.15 0.0271
648.89 0.00 163.24 44.71 0.0269
460.99 375.94 129.40 101.59 0.0269
0.00 17.52 49.41 98.85 0.0263
287.44 97.08 118.10 137.85 0.0262
354.10 156.91 130.26 125.18 0.0261
438.89 532.86 111.99 134.53 0.0260
875.74 142.67 130.60 131.61 0.0257
492.82 549.88 68.38 133.20 0.0257
538.26 271.55 105.18 132.14 0.0256
442.34 223.43 133.52 102.65 0.0255
52.72 0.00 279.40 173.24 0.0254
525.29 340.25 98.28 135.79 0.0254
387.79 469.39 106.37 123.89 0.0254
23.91 325.37 74.60 154.33 0.0254
300.71 48.72 141.92 117.98 0.0253
487.17 231.56 107.50 153.18 0.0253
28.30 514.78 72.29 139.98 0.0251
0.00 610.67 47.38 77.33 0.0249
600.12 337.93 100.75 146.96 0.0242
635.99 303.25 102.02 131.16 0.0239
656.23 41.94 152.33 86.24 0.0237
754.45 13.40 96.90 118.35 0.0237
54.54 529.09 77.60 147.75 0.0235
398.65 237.40 119.47 138.60 0.0234
612.36 580.50 144.31 107.50 0.0234
327.28 109.69 119.96 152.27 0.0228
0.00 293.53 64.66 145.72 0.0226
674.92 272.55 109.35 136.20 0.0226
27.94 451.30 72.89 138.41 0.0225
368.44 533.84 109.40 136.38 0.0225
715.68 286.46 107.34 149.31 0.0223
933.52 0.00 90.48 28.98 0.0223
415.63 501.93 97.86 136.58 0.0215
866.67 213.03 137.28 119.02 0.0213
0.00 70.78 35.79 108.97 0.0207
