9_Press_Conference_Press_Conference_9_424
28
437.45 56.87 567.58 297.35 0.9078
71.59 296.26 171.98 564.69 0.8418
169.29 290.34 196.45 445.39 0.5022
535.63 555.29 299.66 488.71 0.1226
475.82 413.81 315.68 468.25 0.0939
410.95 588.25 267.88 455.75 0.0866
525.30 333.80 498.70 396.65 0.0743
162.73 575.22 179.20 468.78 0.0643
77.05 346.91 120.52 204.90 0.0491
123.39 389.38 334.13 502.81 0.0438
639.48 642.92 125.97 204.54 0.0405
629.22 527.27 136.01 212.02 0.0382
680.69 583.26 117.44 212.53 0.0359
245.67 606.35 264.75 437.65 0.0355
555.28 196.89 468.72 289.86 0.0315
558.07 556.02 147.93 196.57 0.0305
677.31 691.02 127.40 210.86 0.0305
704.59 504.14 136.89 194.69 0.0279
477.40 174.64 340.19 496.44 0.0274
103.69 498.95 153.80 545.05 0.0272
715.77 620.86 127.74 219.93 0.0259
749.70 693.26 126.04 214.88 0.0259
639.98 400.38 145.56 185.42 0.0253
80.08 509.20 123.53 218.01 0.0251
606.34 443.28 130.20 207.30 0.0251
571.50 383.94 120.11 201.06 0.0245
709.67 401.90 160.66 151.76 0.0235
118.05 142.27 222.07 450.63 0.0219
