56_Voter_peoplevoting_56_344
200
305.78 49.00 24.64 27.71 0.4789
86.88 47.06 22.80 26.39 0.4483
889.69 75.04 21.64 28.60 0.4466
704.29 58.92 25.04 33.21 0.3840
179.89 77.65 25.22 30.88 0.3337
50.87 79.24 26.64 31.84 0.2925
337.74 74.35 25.80 26.11 0.2866
452.73 81.12 34.92 44.91 0.2694
735.93 340.72 71.96 43.85 0.2622
334.88 92.36 29.10 29.33 0.2575
626.19 64.45 31.55 35.41 0.2549
328.26 112.01 32.45 38.75 0.2443
450.90 107.59 32.59 43.70 0.2408
373.50 73.59 21.44 24.02 0.2347
985.07 63.45 27.74 33.06 0.2314
796.75 73.94 33.79 42.88 0.2307
257.27 69.26 25.84 28.88 0.2246
221.94 210.52 23.55 30.73 0.2210
224.22 76.91 20.84 22.92 0.2194
522.13 89.80 26.09 30.41 0.2193
782.89 83.89 32.74 32.84 0.2178
331.37 131.25 36.23 42.50 0.1999
546.45 86.16 26.78 31.51 0.1974
962.38 70.39 17.52 25.07 0.1954
477.46 346.46 55.26 39.01 0.1950
703.24 341.32 42.45 27.90 0.1937
4.35 44.49 22.88 29.83 0.1915
923.54 71.14 19.58 27.38 0.1915
460.42 99.39 37.86 46.61 0.1879
785.96 500.24 67.98 63.39 0.1865
993.83 92.99 24.72 35.02 0.1839
511.27 114.34 36.09 48.99 0.1807
472.61 402.23 50.41 36.87 0.1783
375.76 120.26 39.52 50.25 0.1665
98.04 519.63 68.00 47.53 0.1661
75.48 97.64 24.05 29.88 0.1652
403.94 75.75 26.06 33.03 0.1647
260.59 511.64 53.91 28.70 0.1641
644.52 62.46 45.98 43.78 0.1624
215.90 391.21 52.29 30.77 0.1622
734.29 323.52 42.42 21.63 0.1618
863.91 390.47 49.56 31.20 0.1599
116.24 50.71 19.44 31.48 0.1566
629.33 84.89 36.66 40.46 0.1551
949.80 96.21 27.85 40.75 0.1546
391.95 140.24 33.45 45.75 0.1531
367.69 354.21 72.23 39.19 0.1526
182.63 107.23 27.71 37.07 0.1523
630.32 119.55 36.35 37.97 0.1513
581.73 344.70 34.22 18.72 0.1510
435.37 363.87 44.07 25.85 0.1498
805.95 486.34 69.72 57.90 0.1483
642.15 109.44 41.74 44.30 0.1483
0.81 62.71 26.40 41.39 0.1469
225.20 84.25 25.76 34.07 0.1464
643.80 89.51 44.87 46.42 0.1457
253.52 83.96 28.49 34.54 0.1447
178.90 390.84 47.62 35.01 0.1440
436.30 387.59 57.34 27.36 0.1439
731.92 351.65 90.25 59.47 0.1437
371.28 89.52 30.10 34.77 0.1403
401.32 90.06 30.63 37.07 0.1401
696.76 358.96 57.88 31.78 0.1400
156.34 125.70 19.70 24.06 0.1388
630.45 138.93 32.54 33.12 0.1375
220.80 117.55 28.71 30.80 0.1373
282.30 502.78 63.54 32.23 0.1371
697.64 383.06 63.52 36.09 0.1371
817.61 634.87 72.04 45.40 0.1368
381.93 370.88 59.39 39.79 0.1367
79.43 54.30 24.50 40.04 0.1358
827.57 386.26 63.60 34.80 0.1348
114.56 97.48 21.89 26.03 0.1341
806.76 47.80 27.18 31.46 0.1331
249.34 486.25 63.77 38.16 0.1329
473.42 389.77 56.16 30.87 0.1325
227.50 440.06 73.69 43.15 0.1322
752.67 323.95 50.60 31.13 0.1311
243.07 384.29 54.61 31.14 0.1285
153.63 142.20 20.75 27.02 0.1274
920.43 91.46 27.01 35.43 0.1271
367.00 196.65 25.52 30.27 0.1265
113.81 63.52 22.93 30.23 0.1260
159.39 77.15 22.64 24.70 0.1247
190.38 147.41 27.69 26.58 0.1240
947.68 107.30 35.47 49.56 0.1238
988.36 107.87 31.29 50.66 0.1236
652.12 386.59 47.52 30.15 0.1235
874.91 575.50 56.26 37.34 0.1223
254.69 53.04 28.01 33.77 0.1217
799.10 320.26 30.06 17.31 0.1216
0.25 79.23 27.16 46.59 0.1210
329.89 218.60 31.84 35.04 0.1199
154.07 42.30 18.45 26.40 0.1171
540.86 391.12 48.13 32.19 0.1164
919.62 113.00 28.20 40.92 0.1160
692.96 395.24 70.88 50.31 0.1155
4.84 25.71 22.84 32.67 0.1149
334.16 388.26 47.39 24.54 0.1140
426.92 539.36 54.92 27.36 0.1135
835.24 346.24 42.44 21.09 0.1127
470.13 122.78 37.90 52.12 0.1120
356.79 378.85 58.39 32.35 0.1118
357.26 341.49 70.78 35.93 0.1102
183.10 403.71 49.46 40.02 0.1086
839.53 72.30 25.82 30.79 0.1080
374.30 146.03 35.50 47.85 0.1076
598.57 559.34 67.03 68.99 0.1067
573.69 390.48 37.24 27.50 0.1057
775.07 420.41 80.83 45.77 0.1054
500.37 140.52 47.01 56.69 0.1053
535.04 397.84 57.89 50.47 0.1053
651.77 52.13 37.60 35.35 0.1049
492.47 390.73 63.63 47.70 0.1045
434.89 400.71 63.51 44.14 0.1043
283.73 384.96 47.05 30.23 0.1037
536.73 342.77 53.66 26.03 0.1035
155.55 31.29 18.05 25.17 0.1030
291.80 342.70 31.12 23.14 0.1029
580.66 318.79 44.44 25.00 0.1028
885.65 561.21 60.28 39.46 0.1027
786.20 406.06 71.46 41.61 0.1027
876.85 472.38 49.90 41.27 0.1027
331.21 51.25 23.87 27.85 0.1021
495.17 305.92 71.73 42.06 0.1009
706.55 420.14 141.66 113.78 0.1003
870.13 597.70 50.44 34.56 0.0994
476.40 144.44 50.59 58.75 0.0994
769.75 531.22 78.99 70.01 0.0989
268.85 517.78 71.85 41.08 0.0988
205.65 404.57 74.23 49.47 0.0980
305.73 220.70 29.33 33.26 0.0978
158.90 91.02 25.53 28.52 0.0972
808.35 300.25 20.52 19.15 0.0966
529.32 310.11 63.78 30.89 0.0960
2.92 115.95 23.93 40.49 0.0957
591.06 59.42 50.63 43.71 0.0953
297.53 94.38 32.45 38.37 0.0948
189.03 240.23 28.89 30.48 0.0947
8.76 221.35 17.42 22.21 0.0943
724.31 65.16 40.03 40.42 0.0942
149.47 345.26 29.46 19.37 0.0942
507.35 563.03 46.02 30.85 0.0939
723.38 45.76 34.84 34.31 0.0936
702.48 33.17 26.75 45.73 0.0935
188.86 336.03 42.85 28.31 0.0935
696.11 64.40 36.17 56.22 0.0928
84.12 33.44 18.76 36.31 0.0928
295.58 142.63 34.02 37.94 0.0924
868.93 482.97 70.17 55.80 0.0923
627.64 329.18 55.17 34.09 0.0917
979.77 135.43 38.88 66.79 0.0916
366.74 205.26 29.88 40.15 0.0915
323.42 480.40 92.27 42.94 0.0914
682.13 386.97 116.78 88.35 0.0905
219.81 361.91 47.34 28.62 0.0905
257.00 340.70 37.20 28.73 0.0902
215.30 223.74 31.70 42.74 0.0898
336.24 361.74 58.07 30.93 0.0896
540.86 113.25 36.15 43.85 0.0896
888.34 112.85 24.02 33.55 0.0894
474.39 238.10 34.51 37.14 0.0892
296.51 114.75 36.00 40.38 0.0891
557.48 406.18 52.95 48.41 0.0889
756.78 567.38 90.03 72.52 0.0886
646.52 367.64 58.80 32.60 0.0885
272.36 409.40 64.35 45.51 0.0880
331.30 256.85 36.90 34.26 0.0879
797.12 82.60 44.04 64.79 0.0877
325.91 295.78 35.35 27.17 0.0875
262.59 564.72 80.84 50.08 0.0874
328.29 318.67 38.16 26.55 0.0874
444.57 54.27 34.03 54.75 0.0871
833.59 76.94 34.88 50.65 0.0871
759.62 443.51 99.06 74.04 0.0870
218.03 139.04 33.77 36.87 0.0860
210.88 334.39 45.52 31.45 0.0859
237.87 426.59 99.07 48.89 0.0854
188.34 156.52 36.86 41.45 0.0853
836.56 573.37 61.91 42.65 0.0851
777.88 49.11 26.10 34.43 0.0851
735.93 398.70 93.62 51.75 0.0850
326.67 194.02 37.81 43.86 0.0849
204.78 318.28 47.98 26.21 0.0849
110.07 393.33 31.08 21.51 0.0845
331.88 334.23 52.32 31.15 0.0844
302.72 534.16 66.40 31.49 0.0844
594.92 52.64 32.41 28.47 0.0836
650.90 395.67 54.86 49.23 0.0825
821.60 366.62 67.45 34.17 0.0824
273.78 560.04 57.89 30.47 0.0818
221.41 466.05 67.43 44.06 0.0816
627.91 230.96 20.57 31.10 0.0816
478.37 263.80 29.87 26.43 0.0809
732.77 82.26 40.31 43.16 0.0807
812.87 31.30 21.49 26.52 0.0806
826.89 604.10 71.21 41.21 0.0805
176.88 366.40 52.86 34.04 0.0804
287.21 481.13 97.09 57.42 0.0804
400.48 402.45 61.80 46.64 0.0801
