56_Voter_peoplevoting_56_346
71
468.16 175.44 147.03 202.30 0.8967
346.98 435.35 159.52 333.43 0.1335
392.94 458.19 96.44 175.45 0.1249
294.46 481.13 150.51 333.53 0.1198
506.90 859.80 43.49 123.23 0.1177
123.34 47.61 357.40 866.92 0.1119
413.51 679.41 86.31 196.39 0.1036
360.96 418.93 86.58 190.72 0.1020
405.22 467.71 55.47 108.09 0.0985
616.34 867.69 66.37 90.25 0.0972
228.21 612.29 157.31 291.73 0.0942
397.70 529.31 95.18 189.01 0.0917
565.91 305.16 113.19 209.91 0.0916
653.65 1293.06 33.20 86.95 0.0905
447.52 723.12 63.98 127.59 0.0897
504.49 635.64 56.21 96.08 0.0888
495.67 666.44 56.00 103.76 0.0880
269.01 242.14 190.73 511.73 0.0874
515.23 1460.54 45.66 76.84 0.0859
545.44 1363.99 51.80 114.75 0.0854
461.04 814.99 55.39 126.82 0.0852
587.91 858.17 51.13 102.32 0.0852
609.24 377.87 141.08 253.95 0.0851
329.10 677.97 114.39 213.96 0.0815
622.32 1445.97 51.60 92.03 0.0794
544.07 200.17 108.56 154.39 0.0789
741.59 437.70 163.94 257.09 0.0783
793.35 478.26 83.55 116.79 0.0776
434.29 794.77 55.94 147.33 0.0774
562.00 580.04 140.52 210.56 0.0763
469.09 67.85 149.66 226.10 0.0754
466.72 883.84 53.34 99.19 0.0754
490.14 565.89 117.57 185.79 0.0741
350.07 1331.90 71.74 117.17 0.0717
550.84 1146.36 74.27 143.51 0.0713
518.37 1362.35 58.57 106.55 0.0697
375.39 751.86 65.70 155.07 0.0694
427.39 897.89 51.58 90.85 0.0692
472.56 718.37 74.47 126.08 0.0689
623.58 1089.53 50.33 118.16 0.0656
454.71 1347.53 55.85 121.13 0.0656
233.68 678.19 210.36 700.11 0.0654
611.71 1163.95 77.54 178.03 0.0653
675.76 1020.80 96.84 253.28 0.0646
441.23 644.84 82.39 145.86 0.0629
9.46 1377.45 16.92 45.38 0.0628
595.56 200.33 170.19 230.98 0.0618
655.52 412.67 182.75 285.70 0.0614
642.27 853.55 67.34 92.25 0.0606
653.51 1355.47 33.91 94.07 0.0605
761.24 440.80 70.63 103.76 0.0602
632.77 1235.74 60.32 138.42 0.0594
576.21 1132.27 44.26 98.36 0.0591
605.30 1242.46 74.88 181.43 0.0586
633.31 941.29 96.41 176.09 0.0580
426.50 514.38 127.77 202.43 0.0575
566.86 778.04 75.72 164.61 0.0573
587.72 873.79 70.32 157.71 0.0571
696.21 524.58 301.06 623.62 0.0567
625.34 800.61 104.83 176.03 0.0560
3.61 2.54 26.13 54.73 0.0559
357.31 1239.25 64.84 115.65 0.0554
640.38 661.49 383.62 876.51 0.0552
319.36 1312.37 81.49 95.16 0.0550
542.38 773.68 55.30 133.63 0.0549
141.26 0.00 42.35 57.78 0.0547
530.09 904.04 61.51 127.92 0.0534
324.17 1207.08 49.83 79.49 0.0519
13.58 634.09 417.14 903.91 0.0504
993.91 1154.76 30.09 201.87 0.0502
544.40 719.45 62.26 118.51 0.0501
