56_Voter_peoplevoting_56_441
200
157.91 264.28 115.61 142.71 0.5063
487.56 550.45 60.81 46.50 0.3847
814.67 488.07 19.75 28.26 0.3554
883.26 561.91 26.95 34.83 0.3463
962.56 494.98 21.22 37.22 0.3074
666.23 458.66 20.68 30.33 0.3048
740.67 462.17 19.18 27.46 0.2951
721.36 564.53 50.91 70.16 0.2820
911.95 514.92 25.10 35.32 0.2820
727.77 541.88 37.08 54.44 0.2781
298.73 245.94 23.35 25.42 0.2780
776.90 528.69 30.82 42.76 0.2607
814.11 328.41 15.97 23.43 0.2588
916.78 545.32 23.70 39.53 0.2587
333.96 249.12 23.81 26.13 0.2518
702.64 530.54 40.33 54.85 0.2495
795.12 589.90 37.20 48.89 0.2396
846.39 351.96 21.12 31.03 0.2393
993.67 482.39 23.27 42.01 0.2380
995.44 398.37 21.51 36.71 0.2364
890.47 486.10 20.89 32.74 0.2344
889.27 415.93 17.28 27.04 0.2333
923.90 436.96 18.96 27.80 0.2301
20.91 376.38 49.61 68.22 0.2224
522.49 534.93 55.39 46.44 0.2216
890.62 470.12 19.73 30.38 0.2182
979.07 589.35 33.98 53.68 0.2171
780.33 412.98 16.02 22.36 0.2164
847.49 381.71 21.08 34.25 0.2150
376.81 211.94 20.31 31.89 0.2137
665.17 381.19 25.12 31.59 0.2102
852.16 444.41 16.00 25.04 0.2097
996.22 507.94 24.29 41.55 0.2096
449.21 306.57 16.18 18.51 0.2091
516.89 221.64 26.28 21.77 0.2089
962.28 349.58 18.43 29.01 0.2081
442.93 352.27 24.68 26.62 0.2079
733.28 232.16 47.14 47.21 0.2077
922.01 331.59 16.76 22.96 0.2057
738.39 490.77 23.22 29.75 0.2054
889.89 521.76 21.27 29.13 0.2048
705.38 496.99 20.98 25.76 0.2007
960.12 412.24 18.10 26.54 0.1985
483.24 221.63 20.11 19.50 0.1976
910.22 497.21 26.93 36.05 0.1961
994.32 467.87 21.86 34.44 0.1957
849.29 522.62 19.19 24.62 0.1954
703.09 320.83 27.23 31.47 0.1950
776.06 320.60 17.08 27.89 0.1941
812.29 442.61 18.38 24.32 0.1937
889.00 359.87 15.40 25.20 0.1933
740.98 319.86 21.84 29.65 0.1890
812.22 378.96 17.52 28.83 0.1883
813.04 469.89 19.52 30.03 0.1881
886.65 435.30 17.84 28.27 0.1875
374.33 358.60 37.77 34.81 0.1873
781.08 388.46 17.76 24.77 0.1849
919.38 465.86 20.20 30.16 0.1846
912.15 225.53 27.62 32.22 0.1845
815.21 416.22 17.42 22.00 0.1835
850.21 335.78 19.12 28.88 0.1835
961.84 337.45 18.09 28.90 0.1833
923.23 413.01 19.06 30.22 0.1828
632.05 465.11 19.80 24.79 0.1818
887.78 381.47 15.42 26.87 0.1783
596.21 468.25 22.06 25.78 0.1773
958.89 433.40 19.52 30.33 0.1767
742.20 387.94 16.58 22.36 0.1761
921.64 596.35 28.98 47.76 0.1760
552.58 224.63 27.84 21.09 0.1745
705.21 462.68 17.98 26.48 0.1744
707.25 445.07 17.66 25.04 0.1736
743.31 362.50 16.07 19.93 0.1724
701.83 384.81 20.68 25.41 0.1713
731.72 522.28 28.73 34.78 0.1698
849.86 463.68 17.17 26.60 0.1692
520.70 552.49 65.68 58.32 0.1690
848.21 405.72 17.87 26.91 0.1686
811.75 360.14 17.10 26.51 0.1677
958.68 387.03 17.53 29.84 0.1673
590.56 222.59 27.16 21.09 0.1672
579.43 583.42 43.59 47.48 0.1670
850.13 493.95 17.48 28.75 0.1667
960.80 301.33 17.45 22.61 0.1649
259.95 295.79 60.42 80.81 0.1648
700.53 300.82 37.31 44.69 0.1634
401.17 354.38 28.87 26.08 0.1632
736.63 588.10 64.64 66.87 0.1624
924.76 385.76 20.17 30.49 0.1620
776.62 495.19 17.25 24.90 0.1619
477.13 249.81 22.87 19.25 0.1611
888.93 334.80 14.58 22.75 0.1609
377.55 248.13 18.43 20.36 0.1606
485.80 337.56 22.52 23.35 0.1603
780.13 440.22 15.46 23.11 0.1602
411.08 249.17 18.49 20.36 0.1594
883.88 245.83 22.20 23.99 0.1589
210.29 229.00 60.72 71.86 0.1581
991.71 432.62 24.80 40.55 0.1578
331.10 356.10 40.68 37.93 0.1576
742.13 446.92 16.49 31.41 0.1565
771.25 308.05 23.07 31.49 0.1547
923.94 307.31 16.05 22.49 0.1546
779.74 468.66 14.51 20.81 0.1543
757.05 564.03 46.56 63.06 0.1537
734.47 255.11 38.15 47.44 0.1522
741.66 410.97 15.62 21.89 0.1513
613.70 267.53 45.67 44.30 0.1511
585.69 543.83 41.91 42.51 0.1506
923.13 353.36 17.67 28.24 0.1501
194.69 316.65 91.72 103.81 0.1495
666.82 357.54 32.40 41.54 0.1480
42.40 278.89 27.09 33.38 0.1478
955.22 238.83 38.58 40.35 0.1475
781.11 363.64 16.15 22.99 0.1474
846.62 299.71 19.27 26.67 0.1473
960.22 588.16 36.60 57.93 0.1470
515.20 243.90 25.63 23.48 0.1455
332.58 332.73 32.30 29.72 0.1455
549.69 244.30 33.53 26.82 0.1444
611.23 546.06 37.19 40.90 0.1443
699.11 625.51 43.38 38.14 0.1433
958.01 537.10 24.89 41.72 0.1430
993.62 360.88 20.50 27.47 0.1401
583.64 245.50 40.35 34.49 0.1401
845.24 545.60 22.74 33.08 0.1397
633.38 439.42 18.84 29.21 0.1379
517.77 565.02 83.35 84.14 0.1376
451.64 254.03 14.68 15.64 0.1371
288.46 265.09 33.08 38.51 0.1368
760.37 268.96 34.32 37.87 0.1360
885.73 301.05 17.09 25.26 0.1359
995.92 536.30 28.08 45.42 0.1347
847.25 274.29 21.39 29.28 0.1346
334.23 268.86 23.86 26.50 0.1346
700.02 358.40 22.62 28.24 0.1340
256.07 241.72 35.51 43.42 0.1336
585.63 282.93 42.65 44.48 0.1335
497.84 527.03 60.08 59.64 0.1327
611.66 245.14 48.03 42.30 0.1326
484.81 304.58 20.60 21.36 0.1319
804.78 545.43 26.04 32.99 0.1317
335.25 304.86 24.64 26.00 0.1308
655.67 252.25 62.38 65.02 0.1302
411.95 223.51 17.53 22.44 0.1301
481.47 279.51 19.26 17.08 0.1299
553.77 316.81 29.59 35.70 0.1293
404.82 338.90 25.11 28.88 0.1290
958.95 264.17 26.45 33.49 0.1288
5.89 217.25 24.76 36.85 0.1282
657.97 279.62 56.90 63.75 0.1281
34.82 129.10 80.42 90.74 0.1275
666.39 491.90 20.23 25.63 0.1275
666.57 324.71 38.29 35.97 0.1267
816.61 306.65 19.93 30.82 0.1267
958.82 468.01 23.94 45.82 0.1266
591.84 480.95 32.72 38.11 0.1261
334.63 225.32 23.13 28.35 0.1247
583.10 266.82 46.03 40.53 0.1244
635.03 385.04 30.92 29.86 0.1239
484.94 346.91 28.21 32.24 0.1227
451.16 219.08 14.83 20.58 0.1218
446.13 338.91 19.47 27.10 0.1211
373.18 336.13 29.02 32.77 0.1211
696.17 259.41 48.47 55.52 0.1209
809.85 520.58 21.46 27.34 0.1208
663.98 539.94 35.85 50.18 0.1206
544.01 297.10 35.47 34.18 0.1205
704.63 410.77 19.24 24.73 0.1204
662.34 406.18 25.44 31.35 0.1203
695.09 231.65 52.48 57.46 0.1202
627.97 484.90 25.94 33.65 0.1201
957.89 615.43 33.81 48.06 0.1199
76.50 376.44 38.83 50.03 0.1187
519.23 331.93 21.92 25.35 0.1185
332.61 367.38 51.99 46.31 0.1183
213.35 207.36 47.56 60.67 0.1178
517.36 305.06 22.05 21.42 0.1170
846.50 566.82 29.68 39.54 0.1159
451.07 279.88 14.36 16.02 0.1147
139.77 329.66 66.05 89.23 0.1141
996.88 332.33 17.74 23.02 0.1140
849.69 249.05 27.09 30.65 0.1118
268.40 335.29 66.86 73.96 0.1112
172.99 163.03 57.09 77.51 0.1106
454.30 537.08 125.32 115.12 0.1105
6.95 276.38 27.47 38.55 0.1104
814.94 271.23 25.48 40.26 0.1101
517.76 278.24 22.95 21.15 0.1082
410.77 274.19 18.00 20.54 0.1078
292.37 376.36 42.98 47.59 0.1071
994.68 301.34 20.74 26.44 0.1063
666.02 516.24 31.72 44.71 0.1055
541.17 272.64 38.40 33.82 0.1049
431.14 362.73 53.40 56.83 0.1049
268.72 356.38 102.06 88.38 0.1043
613.49 558.44 39.08 50.47 0.1036
4.82 243.49 23.76 31.27 0.1032
517.03 344.32 28.57 34.60 0.1027
878.10 577.50 36.14 57.35 0.1026
