56_Voter_peoplevoting_56_644
66
421.34 54.43 293.88 152.28 0.5566
140.66 264.59 263.37 213.41 0.4645
705.14 327.12 48.02 46.61 0.3402
697.95 332.54 74.42 63.60 0.2089
774.60 286.45 27.05 30.04 0.1993
221.94 253.88 139.49 128.30 0.1943
145.04 358.38 164.34 119.62 0.1932
554.05 339.33 31.52 38.47 0.1931
76.26 361.03 65.36 60.54 0.1710
292.42 275.19 68.74 67.77 0.1532
257.63 310.16 126.51 159.13 0.1493
729.41 293.99 49.08 48.57 0.1094
575.77 319.16 40.24 51.34 0.1076
207.37 397.67 118.11 80.33 0.1064
391.16 87.39 198.36 147.40 0.1055
759.49 227.42 46.17 60.82 0.1042
206.41 103.56 131.05 117.47 0.1034
740.48 302.11 67.33 69.10 0.1032
251.57 197.11 49.77 50.78 0.0963
525.95 259.72 80.11 117.57 0.0959
566.26 208.09 68.95 142.43 0.0916
537.98 97.86 196.13 119.03 0.0889
655.14 320.86 78.22 62.17 0.0887
644.68 330.58 121.03 88.46 0.0852
733.15 238.80 60.04 75.61 0.0845
383.85 130.27 96.16 98.26 0.0828
338.51 187.32 35.34 36.13 0.0815
416.45 201.94 210.94 193.79 0.0811
738.76 273.86 46.53 51.05 0.0794
589.24 224.87 40.96 70.14 0.0789
521.17 327.51 76.99 84.20 0.0783
915.27 13.05 63.99 45.70 0.0767
581.37 333.31 108.52 118.90 0.0747
614.63 318.30 43.28 54.10 0.0734
83.93 316.42 100.32 121.53 0.0725
333.96 317.51 151.30 140.31 0.0722
872.07 189.92 38.90 34.23 0.0689
561.52 333.66 50.55 55.70 0.0681
351.99 155.16 74.73 90.75 0.0677
451.99 301.86 104.73 104.57 0.0668
42.37 345.72 46.51 49.22 0.0665
36.84 365.74 61.54 60.04 0.0660
7.97 361.37 34.86 41.21 0.0630
424.85 339.09 86.85 79.98 0.0615
6.45 330.94 29.33 41.37 0.0611
654.83 299.37 45.94 37.49 0.0604
758.85 196.19 84.35 112.73 0.0595
393.57 266.05 125.15 96.54 0.0593
934.49 45.19 84.17 69.40 0.0583
151.51 5.13 180.20 217.01 0.0581
695.55 266.93 63.10 70.54 0.0580
299.73 380.63 101.55 97.21 0.0576
92.73 372.77 116.92 95.99 0.0559
866.63 166.17 68.99 60.53 0.0551
455.30 363.56 100.63 110.19 0.0548
241.73 186.34 81.53 84.60 0.0543
40.05 180.84 28.87 34.97 0.0538
593.81 229.29 26.56 40.20 0.0530
486.76 334.01 116.65 129.68 0.0529
669.69 83.40 66.37 90.59 0.0527
260.02 235.74 79.53 93.28 0.0527
31.35 392.35 50.40 55.98 0.0515
911.97 0.00 86.49 37.00 0.0512
779.34 252.74 91.02 91.30 0.0506
76.03 283.18 177.46 189.90 0.0502
43.22 98.04 22.13 25.80 0.0500
