2_Demonstration_Demonstration_Or_Protest_2_282
200
50.58 341.82 80.22 71.92 0.1920
50.58 390.68 80.22 71.92 0.1920
50.58 439.54 80.22 71.92 0.1920
50.51 48.65 80.24 72.04 0.1919
928.13 341.77 80.52 72.16 0.1919
928.13 390.63 80.52 72.16 0.1919
50.51 219.60 80.29 72.00 0.1919
928.18 537.19 80.47 72.18 0.1919
50.59 146.32 80.21 71.98 0.1918
50.54 512.76 80.25 71.96 0.1918
415.75 0.00 81.17 72.33 0.1918
452.32 0.00 81.17 72.33 0.1918
50.55 97.47 80.22 71.98 0.1917
50.52 292.97 80.28 71.92 0.1917
306.04 0.00 81.28 72.34 0.1917
50.21 0.00 80.94 72.21 0.1917
928.01 0.00 80.91 72.25 0.1916
123.19 0.00 81.22 72.31 0.1916
159.76 0.00 81.22 72.31 0.1916
196.33 0.00 81.22 72.31 0.1916
342.62 0.00 81.22 72.31 0.1916
50.50 561.62 80.38 72.09 0.1916
928.18 439.49 80.46 72.14 0.1916
817.97 0.00 81.22 72.31 0.1916
86.57 0.00 81.28 72.33 0.1915
488.90 0.00 81.13 72.32 0.1915
525.47 0.00 81.13 72.32 0.1915
562.04 0.00 81.13 72.32 0.1915
928.13 292.91 80.50 72.16 0.1915
928.20 73.09 80.41 72.12 0.1915
928.20 219.66 80.41 72.12 0.1915
232.90 0.00 81.27 72.34 0.1915
269.47 0.00 81.27 72.34 0.1915
379.19 0.00 81.27 72.34 0.1915
13.78 561.70 80.32 71.86 0.1915
708.54 439.21 80.74 72.50 0.1915
635.39 536.93 80.74 72.50 0.1915
671.96 536.93 80.74 72.50 0.1915
671.90 439.21 80.81 72.50 0.1915
379.40 366.01 80.62 72.32 0.1914
598.59 0.00 81.15 72.31 0.1913
635.16 0.00 81.15 72.31 0.1913
671.73 0.00 81.15 72.31 0.1913
744.88 0.00 81.15 72.31 0.1913
781.45 0.00 81.15 72.31 0.1913
452.56 512.50 80.73 72.50 0.1913
708.26 0.00 81.19 72.32 0.1913
818.26 439.21 80.73 72.42 0.1913
708.54 512.50 80.73 72.42 0.1913
745.04 463.64 80.79 72.42 0.1913
781.62 463.64 80.79 72.42 0.1913
379.33 536.93 80.79 72.42 0.1913
891.43 0.00 80.77 72.15 0.1913
13.78 48.73 80.21 71.80 0.1912
818.25 365.93 80.74 72.50 0.1912
781.68 414.79 80.74 72.50 0.1912
635.40 439.21 80.74 72.50 0.1912
598.82 463.64 80.74 72.50 0.1912
635.40 488.07 80.74 72.50 0.1912
671.97 488.07 80.74 72.50 0.1912
818.25 488.07 80.74 72.50 0.1912
598.82 512.50 80.74 72.50 0.1912
781.68 536.93 80.74 72.50 0.1912
818.25 536.93 80.74 72.50 0.1912
854.82 536.93 80.74 72.50 0.1912
671.86 194.92 80.85 72.53 0.1912
13.81 268.57 80.25 71.89 0.1912
13.81 317.43 80.25 71.89 0.1912
13.81 390.72 80.25 71.89 0.1912
854.76 390.36 80.81 72.49 0.1912
745.04 414.79 80.81 72.49 0.1912
13.81 439.57 80.25 71.89 0.1912
379.33 463.64 80.81 72.49 0.1912
415.90 463.64 80.81 72.49 0.1912
123.29 512.49 80.85 72.53 0.1912
415.90 512.50 80.81 72.49 0.1912
745.04 512.50 80.81 72.49 0.1912
342.76 561.36 80.81 72.49 0.1912
745.04 561.36 80.81 72.49 0.1912
233.12 463.66 80.72 72.46 0.1912
928.19 488.35 80.43 72.15 0.1912
489.09 48.43 80.73 72.41 0.1912
891.57 415.07 80.19 71.90 0.1912
854.55 0.00 81.19 72.32 0.1911
854.76 121.64 80.78 72.51 0.1911
928.18 146.35 80.44 72.15 0.1911
452.48 414.78 80.78 72.51 0.1911
854.76 439.21 80.78 72.51 0.1911
854.76 488.07 80.78 72.51 0.1911
416.17 586.00 80.33 72.14 0.1911
452.75 586.00 80.33 72.14 0.1911
891.65 463.94 80.11 71.86 0.1911
269.70 439.23 80.70 72.48 0.1911
671.92 97.23 80.76 72.47 0.1911
159.91 121.69 80.79 72.44 0.1911
818.20 121.65 80.76 72.47 0.1911
306.19 243.84 80.79 72.44 0.1911
342.76 243.84 80.79 72.44 0.1911
452.49 463.65 80.76 72.47 0.1911
745.01 194.97 80.82 72.47 0.1911
854.98 585.96 80.51 72.21 0.1911
781.84 585.94 80.41 72.21 0.1911
13.52 0.00 80.90 72.09 0.1911
342.84 341.52 80.70 72.37 0.1911
891.64 366.20 80.15 71.92 0.1911
86.82 72.89 80.68 72.35 0.1911
452.47 72.76 80.80 72.52 0.1911
489.00 97.17 80.84 72.55 0.1911
708.53 97.23 80.76 72.49 0.1910
562.18 121.66 80.83 72.50 0.1910
598.75 146.09 80.83 72.50 0.1910
635.32 194.95 80.83 72.50 0.1910
781.61 219.38 80.83 72.50 0.1910
671.90 268.24 80.83 72.50 0.1910
708.47 268.24 80.83 72.50 0.1910
745.04 268.24 80.83 72.50 0.1910
781.67 365.95 80.76 72.49 0.1910
671.96 390.38 80.76 72.49 0.1910
708.53 390.38 80.76 72.49 0.1910
415.96 414.80 80.76 72.49 0.1910
306.24 561.38 80.76 72.49 0.1910
525.57 97.22 80.87 72.52 0.1910
745.03 121.66 80.82 72.48 0.1910
13.81 146.43 80.25 71.88 0.1910
708.43 194.94 80.87 72.52 0.1910
13.81 219.72 80.25 71.88 0.1910
306.18 341.52 80.82 72.48 0.1910
196.46 390.38 80.82 72.48 0.1910
123.32 414.80 80.82 72.48 0.1910
342.75 512.52 80.82 72.48 0.1910
159.86 536.94 80.87 72.52 0.1910
269.85 585.98 80.37 72.22 0.1910
342.78 97.30 80.73 72.39 0.1910
562.18 170.44 80.85 72.58 0.1910
745.05 365.96 80.80 72.44 0.1910
160.17 586.07 80.34 72.08 0.1910
415.96 341.51 80.73 72.51 0.1910
781.61 97.23 80.79 72.50 0.1910
196.47 439.23 80.79 72.50 0.1910
562.19 488.07 80.78 72.50 0.1910
306.20 72.79 80.75 72.47 0.1910
13.83 97.58 80.22 71.85 0.1910
708.47 561.36 80.81 72.49 0.1910
891.76 586.18 80.02 71.78 0.1910
13.76 488.43 80.28 71.84 0.1910
708.49 146.09 80.76 72.46 0.1909
489.06 414.80 80.76 72.46 0.1909
525.63 414.80 80.76 72.46 0.1909
342.77 439.23 80.76 72.46 0.1909
196.49 488.09 80.76 72.46 0.1909
562.20 561.37 80.76 72.46 0.1909
854.75 72.80 80.80 72.39 0.1909
269.66 292.68 80.78 72.46 0.1909
269.60 146.10 80.81 72.45 0.1909
159.89 292.68 80.81 72.45 0.1909
598.74 317.10 80.81 72.45 0.1909
269.63 390.38 80.79 72.45 0.1909
415.95 48.35 80.74 72.49 0.1909
123.34 72.84 80.78 72.44 0.1909
159.91 72.84 80.78 72.44 0.1909
269.63 72.84 80.78 72.44 0.1909
86.77 121.70 80.78 72.44 0.1909
123.34 121.70 80.78 72.44 0.1909
306.20 121.70 80.78 72.44 0.1909
342.77 146.13 80.78 72.44 0.1909
159.91 170.55 80.78 72.44 0.1909
196.49 170.55 80.78 72.44 0.1909
233.06 170.55 80.78 72.44 0.1909
306.20 170.55 80.78 72.44 0.1909
269.63 194.98 80.78 72.44 0.1909
342.77 194.98 80.78 72.44 0.1909
379.34 194.98 80.78 72.44 0.1909
196.49 219.41 80.78 72.44 0.1909
489.06 219.41 80.78 72.44 0.1909
123.34 243.84 80.78 72.44 0.1909
159.91 243.84 80.78 72.44 0.1909
598.77 268.27 80.78 72.44 0.1909
635.34 268.27 80.78 72.44 0.1909
86.77 512.55 80.78 72.44 0.1909
452.45 194.97 80.81 72.47 0.1909
269.74 488.10 80.66 72.45 0.1909
489.02 512.55 80.77 72.44 0.1909
159.96 365.95 80.76 72.47 0.1909
159.96 414.81 80.76 72.47 0.1909
233.10 414.81 80.76 72.47 0.1909
598.82 414.81 80.76 72.47 0.1909
525.92 586.04 80.20 72.08 0.1909
342.84 390.50 80.61 72.24 0.1909
306.20 439.23 80.76 72.47 0.1909
86.91 585.96 80.47 72.21 0.1909
415.88 170.50 80.86 72.51 0.1909
379.30 243.79 80.86 72.51 0.1909
781.59 268.22 80.86 72.51 0.1909
635.30 317.07 80.86 72.51 0.1909
525.55 48.35 80.89 72.53 0.1908
562.12 48.35 80.89 72.53 0.1908
598.69 48.35 80.89 72.53 0.1908
379.34 72.76 80.79 72.52 0.1908
86.77 170.48 80.79 72.52 0.1908
123.34 170.48 80.79 72.52 0.1908
