2_Demonstration_Political_Rally_2_891
200
927.92 0.00 81.02 81.21 0.1920
50.63 575.84 80.16 80.71 0.1920
50.63 630.69 80.16 80.71 0.1920
50.59 109.54 80.19 80.74 0.1920
928.21 109.56 80.38 80.90 0.1920
928.21 164.42 80.38 80.90 0.1920
50.56 54.66 80.22 80.74 0.1918
891.66 575.79 80.14 80.70 0.1918
928.18 493.46 80.47 81.01 0.1918
928.12 630.60 80.54 81.05 0.1918
891.64 630.62 80.19 80.76 0.1918
50.59 164.40 80.16 80.71 0.1917
50.59 219.26 80.16 80.71 0.1917
123.40 328.70 80.61 81.19 0.1917
196.54 493.27 80.61 81.19 0.1917
818.26 81.84 80.70 81.19 0.1917
525.69 383.55 80.70 81.19 0.1917
928.14 383.75 80.51 81.02 0.1917
928.14 438.60 80.51 81.02 0.1917
928.14 548.32 80.51 81.02 0.1917
744.82 0.00 81.24 81.23 0.1916
50.59 520.94 80.16 80.74 0.1916
159.97 438.38 80.62 81.22 0.1916
379.40 218.95 80.71 81.23 0.1916
489.11 383.52 80.71 81.23 0.1916
891.66 520.95 80.10 80.68 0.1916
415.97 548.09 80.71 81.23 0.1916
13.59 0.00 80.83 80.90 0.1915
123.40 81.72 80.73 81.32 0.1915
123.40 136.58 80.73 81.32 0.1915
159.97 136.58 80.73 81.32 0.1915
196.54 136.58 80.73 81.32 0.1915
269.68 136.58 80.73 81.32 0.1915
123.40 218.86 80.73 81.32 0.1915
123.40 273.72 80.73 81.32 0.1915
196.54 438.29 80.73 81.32 0.1915
489.11 438.29 80.73 81.32 0.1915
525.68 438.29 80.73 81.32 0.1915
269.68 493.15 80.73 81.32 0.1915
452.54 493.15 80.73 81.32 0.1915
452.54 548.01 80.73 81.32 0.1915
269.68 575.43 80.73 81.32 0.1915
342.82 575.43 80.73 81.32 0.1915
379.40 575.43 80.73 81.32 0.1915
306.25 602.86 80.73 81.32 0.1915
415.97 602.86 80.73 81.32 0.1915
452.54 602.86 80.73 81.32 0.1915
159.89 356.15 80.70 81.17 0.1915
489.04 548.01 80.79 81.31 0.1915
196.26 0.00 81.19 81.21 0.1915
50.29 0.00 80.82 80.99 0.1915
781.69 81.84 80.61 81.19 0.1915
50.65 356.48 80.08 80.63 0.1915
233.12 493.27 80.70 81.19 0.1915
159.96 81.72 80.74 81.40 0.1915
196.54 81.72 80.74 81.40 0.1915
342.82 136.58 80.74 81.40 0.1915
306.25 164.01 80.74 81.40 0.1915
159.96 191.44 80.74 81.40 0.1915
196.54 191.44 80.74 81.40 0.1915
452.54 383.44 80.74 81.40 0.1915
452.54 438.29 80.74 81.40 0.1915
415.96 465.72 80.74 81.40 0.1915
525.68 548.01 80.74 81.40 0.1915
159.65 0.00 81.25 81.23 0.1915
671.84 0.00 81.07 81.18 0.1915
781.39 0.00 81.24 81.23 0.1915
233.04 109.15 80.81 81.40 0.1915
233.04 164.01 80.81 81.40 0.1915
379.32 493.15 80.81 81.40 0.1915
708.31 0.00 81.16 81.19 0.1914
818.02 0.00 81.16 81.19 0.1914
50.62 466.15 80.10 80.72 0.1914
50.62 274.12 80.10 80.73 0.1914
123.44 411.01 80.58 81.16 0.1914
123.12 0.00 81.22 81.20 0.1914
269.45 0.00 81.15 81.19 0.1913
306.02 0.00 81.15 81.19 0.1913
342.59 0.00 81.15 81.19 0.1913
379.16 0.00 81.15 81.19 0.1913
525.45 0.00 81.15 81.19 0.1913
562.02 0.00 81.15 81.19 0.1913
196.54 383.53 80.62 81.22 0.1913
525.62 630.33 80.80 81.36 0.1913
452.26 0.00 81.19 81.20 0.1913
488.83 0.00 81.19 81.20 0.1913
854.83 81.81 80.71 81.22 0.1913
818.26 136.67 80.71 81.22 0.1913
159.97 273.81 80.71 81.22 0.1913
196.55 273.81 80.71 81.22 0.1913
562.26 383.53 80.71 81.22 0.1913
745.12 383.53 80.71 81.22 0.1913
745.12 438.38 80.71 81.22 0.1913
854.55 0.00 81.19 81.22 0.1913
745.05 493.24 80.77 81.22 0.1913
928.21 219.30 80.39 80.89 0.1913
232.79 0.00 81.25 81.21 0.1913
379.40 164.01 80.73 81.32 0.1913
342.83 191.44 80.73 81.32 0.1913
233.11 218.87 80.73 81.32 0.1913
86.83 246.29 80.73 81.32 0.1913
415.97 246.29 80.73 81.32 0.1913
233.11 273.72 80.73 81.32 0.1913
562.17 273.74 80.82 81.39 0.1913
86.83 301.15 80.73 81.32 0.1913
415.97 301.15 80.73 81.32 0.1913
745.11 301.15 80.73 81.32 0.1913
233.11 328.58 80.73 81.32 0.1913
708.54 328.58 80.73 81.32 0.1913
781.68 328.58 80.73 81.32 0.1913
818.26 356.01 80.73 81.32 0.1913
781.68 383.44 80.73 81.32 0.1913
598.83 410.87 80.73 81.32 0.1913
708.54 410.87 80.73 81.32 0.1913
818.26 410.87 80.73 81.32 0.1913
233.11 438.29 80.73 81.32 0.1913
781.68 438.29 80.73 81.32 0.1913
159.96 493.30 80.64 81.17 0.1913
306.25 493.15 80.73 81.32 0.1913
342.83 520.58 80.73 81.32 0.1913
306.25 548.01 80.73 81.32 0.1913
745.11 548.01 80.73 81.32 0.1913
708.54 575.44 80.73 81.32 0.1913
489.11 602.87 80.73 81.32 0.1913
562.26 602.87 80.73 81.32 0.1913
745.11 602.87 80.73 81.32 0.1913
745.04 109.15 80.79 81.31 0.1913
306.19 246.29 80.79 81.31 0.1913
50.66 411.31 80.07 80.68 0.1913
671.90 410.87 80.79 81.31 0.1913
818.19 465.72 80.79 81.31 0.1913
123.33 493.15 80.79 81.31 0.1913
489.04 493.15 80.79 81.31 0.1913
781.62 493.15 80.79 81.31 0.1913
86.59 0.00 81.16 81.17 0.1913
598.59 0.00 81.16 81.17 0.1913
233.11 383.53 80.73 81.31 0.1913
233.11 548.15 80.73 81.18 0.1913
306.42 657.90 80.41 81.10 0.1913
928.20 54.64 80.41 80.98 0.1913
928.20 274.07 80.41 80.98 0.1913
891.36 0.00 80.84 81.00 0.1912
86.82 109.15 80.74 81.40 0.1912
86.82 164.01 80.74 81.40 0.1912
269.68 191.44 80.74 81.40 0.1912
415.97 191.44 80.74 81.40 0.1912
269.68 246.30 80.74 81.40 0.1912
452.54 246.30 80.74 81.40 0.1912
379.40 273.72 80.74 81.40 0.1912
489.11 273.72 80.74 81.40 0.1912
452.54 301.15 80.74 81.40 0.1912
525.68 301.15 80.74 81.40 0.1912
489.11 328.58 80.74 81.40 0.1912
415.97 356.01 80.74 81.40 0.1912
598.82 356.01 80.74 81.40 0.1912
269.68 383.44 80.74 81.40 0.1912
635.40 383.44 80.74 81.40 0.1912
379.40 410.87 80.74 81.40 0.1912
415.97 410.87 80.74 81.40 0.1912
269.68 438.30 80.74 81.40 0.1912
525.68 493.15 80.74 81.40 0.1912
562.25 520.58 80.74 81.40 0.1912
123.33 548.00 80.76 81.33 0.1912
233.11 602.87 80.74 81.40 0.1912
123.60 657.99 80.30 80.94 0.1912
269.61 301.15 80.81 81.40 0.1912
671.90 328.58 80.81 81.40 0.1912
781.61 548.01 80.81 81.40 0.1912
781.61 602.87 80.81 81.40 0.1912
342.76 630.30 80.81 81.40 0.1912
379.33 630.30 80.81 81.40 0.1912
562.43 657.95 80.40 81.04 0.1912
599.00 657.95 80.40 81.04 0.1912
781.69 273.74 80.72 81.35 0.1912
306.21 383.48 80.71 81.31 0.1912
818.44 658.00 80.25 80.94 0.1912
342.77 465.74 80.79 81.35 0.1912
160.15 657.95 80.44 81.02 0.1912
708.54 136.58 80.72 81.42 0.1912
671.97 575.55 80.72 81.21 0.1912
855.06 657.97 80.31 80.97 0.1912
854.76 218.86 80.78 81.42 0.1911
306.19 301.15 80.78 81.42 0.1911
818.19 301.15 80.78 81.42 0.1911
86.87 383.59 80.58 81.16 0.1911
854.76 410.86 80.78 81.42 0.1911
269.62 630.29 80.78 81.42 0.1911
891.65 356.34 80.11 80.69 0.1911
891.65 466.06 80.11 80.69 0.1911
635.26 0.00 81.07 81.18 0.1911
891.58 411.20 80.17 80.68 0.1911
196.54 328.69 80.73 81.21 0.1911
86.82 438.41 80.73 81.21 0.1911
635.58 657.94 80.38 81.06 0.1911
671.92 164.02 80.76 81.37 0.1911
745.06 164.02 80.76 81.37 0.1911
598.75 273.75 80.82 81.37 0.1911
708.53 273.74 80.74 81.31 0.1911
671.96 520.60 80.74 81.31 0.1911
635.39 602.89 80.74 81.31 0.1911
