2_Demonstration_Protesters_2_86
200
927.91 0.00 81.04 72.34 0.1925
50.52 219.71 80.27 71.89 0.1921
50.55 561.69 80.24 71.92 0.1921
50.63 268.57 80.16 71.88 0.1920
928.21 439.58 80.38 72.05 0.1920
306.04 0.00 81.12 72.31 0.1919
928.17 561.63 80.49 72.17 0.1919
598.61 0.00 81.17 72.33 0.1918
928.20 244.09 80.41 72.12 0.1917
123.40 97.32 80.70 72.31 0.1917
928.22 122.01 80.38 72.05 0.1917
50.30 0.00 80.72 72.11 0.1917
50.48 170.83 80.27 71.91 0.1917
781.61 463.67 80.69 72.39 0.1917
525.48 0.00 81.11 72.31 0.1917
342.62 0.00 81.20 72.31 0.1916
50.66 48.76 80.09 71.83 0.1916
50.66 366.33 80.09 71.83 0.1916
50.66 415.19 80.09 71.83 0.1916
50.66 488.47 80.09 71.83 0.1916
854.88 414.89 80.56 72.30 0.1916
379.19 0.00 81.22 72.31 0.1916
488.91 0.00 81.22 72.31 0.1916
854.83 97.29 80.62 72.34 0.1916
818.26 317.15 80.62 72.34 0.1916
159.97 439.29 80.62 72.34 0.1916
123.45 439.32 80.65 72.30 0.1916
306.26 463.72 80.71 72.34 0.1916
13.59 0.00 80.83 72.05 0.1915
928.21 195.31 80.39 72.04 0.1915
928.21 341.89 80.39 72.04 0.1915
635.18 0.00 81.13 72.32 0.1915
671.75 0.00 81.13 72.32 0.1915
196.30 0.00 81.16 72.32 0.1915
269.47 0.00 81.22 72.32 0.1915
269.61 414.78 80.79 72.42 0.1915
159.69 0.00 81.19 72.33 0.1915
928.20 390.66 80.41 72.12 0.1915
818.26 72.89 80.61 72.31 0.1915
159.97 97.32 80.61 72.31 0.1915
781.69 317.08 80.71 72.38 0.1915
233.12 439.32 80.61 72.31 0.1915
708.55 488.18 80.61 72.31 0.1915
123.07 0.00 81.25 72.34 0.1915
50.66 317.46 80.06 71.87 0.1914
86.59 0.00 81.16 72.31 0.1914
818.01 0.00 81.18 72.29 0.1914
562.05 0.00 81.20 72.31 0.1914
818.30 463.77 80.58 72.28 0.1914
891.33 0.00 80.87 72.18 0.1914
854.87 463.77 80.67 72.29 0.1914
269.74 463.75 80.56 72.29 0.1914
232.88 0.00 81.15 72.31 0.1913
415.76 0.00 81.22 72.32 0.1913
452.33 0.00 81.22 72.32 0.1913
708.30 0.00 81.15 72.31 0.1913
744.88 0.00 81.15 72.31 0.1913
854.59 0.00 81.15 72.31 0.1913
123.57 585.96 80.44 72.22 0.1913
745.12 463.72 80.71 72.34 0.1913
269.69 537.01 80.71 72.34 0.1913
196.48 72.86 80.77 72.34 0.1913
13.85 561.77 80.23 71.85 0.1913
781.91 586.03 80.21 72.08 0.1913
818.27 121.74 80.60 72.29 0.1913
781.68 72.78 80.63 72.42 0.1913
928.21 73.17 80.40 72.04 0.1913
196.54 439.21 80.63 72.42 0.1913
928.21 488.46 80.40 72.04 0.1913
306.24 414.80 80.76 72.49 0.1913
342.76 488.07 80.70 72.41 0.1913
745.32 586.03 80.29 72.07 0.1913
86.82 72.91 80.64 72.29 0.1913
781.68 390.36 80.73 72.42 0.1913
196.54 488.20 80.64 72.29 0.1913
233.11 488.20 80.64 72.29 0.1913
159.97 512.50 80.73 72.42 0.1913
306.25 536.93 80.73 72.42 0.1913
50.66 97.61 80.07 71.85 0.1913
123.33 512.50 80.79 72.42 0.1913
781.61 512.63 80.70 72.29 0.1913
196.47 536.93 80.79 72.42 0.1913
342.76 536.93 80.79 72.42 0.1913
196.74 586.02 80.27 72.13 0.1913
708.75 586.03 80.38 72.08 0.1913
781.69 121.66 80.62 72.38 0.1913
671.97 439.29 80.73 72.42 0.1913
708.54 439.29 80.73 72.42 0.1913
928.21 292.95 80.41 72.12 0.1913
745.12 121.66 80.71 72.38 0.1912
818.19 414.89 80.68 72.30 0.1912
781.49 0.00 81.10 72.30 0.1912
123.40 48.36 80.74 72.50 0.1912
123.33 146.07 80.76 72.44 0.1912
159.97 390.36 80.74 72.50 0.1912
745.11 390.36 80.74 72.50 0.1912
342.82 439.21 80.74 72.50 0.1912
379.40 488.07 80.74 72.50 0.1912
379.40 536.93 80.74 72.50 0.1912
415.90 512.50 80.81 72.49 0.1912
452.78 586.03 80.28 72.06 0.1912
708.55 72.80 80.72 72.46 0.1912
745.12 72.80 80.72 72.46 0.1912
745.12 317.09 80.72 72.46 0.1912
160.16 585.99 80.38 72.17 0.1912
233.11 72.78 80.72 72.52 0.1912
854.83 317.15 80.71 72.33 0.1912
379.33 414.78 80.78 72.51 0.1911
415.90 463.64 80.78 72.51 0.1911
489.35 586.05 80.29 72.02 0.1911
306.44 585.98 80.38 72.19 0.1911
818.25 512.63 80.64 72.28 0.1911
233.11 536.93 80.72 72.41 0.1911
379.55 585.93 80.51 72.26 0.1911
86.76 414.87 80.68 72.33 0.1911
745.10 512.52 80.66 72.40 0.1911
562.42 586.00 80.44 72.13 0.1911
525.61 170.52 80.83 72.50 0.1910
86.77 317.10 80.73 72.44 0.1910
196.53 365.95 80.76 72.49 0.1910
599.05 586.02 80.27 72.08 0.1910
525.90 585.99 80.39 72.13 0.1910
123.35 317.08 80.65 72.38 0.1910
818.18 366.06 80.70 72.28 0.1910
672.20 586.02 80.37 72.08 0.1910
123.40 390.44 80.73 72.42 0.1910
416.17 585.98 80.42 72.17 0.1910
196.49 317.13 80.73 72.41 0.1910
159.90 48.39 80.80 72.44 0.1910
452.58 390.37 80.68 72.48 0.1910
415.97 414.78 80.71 72.50 0.1910
159.90 146.07 80.78 72.50 0.1910
196.48 146.07 80.78 72.50 0.1910
86.76 170.50 80.78 72.50 0.1910
379.33 292.64 80.78 72.50 0.1910
86.75 561.37 80.79 72.50 0.1910
635.61 585.99 80.42 72.13 0.1910
525.65 219.39 80.76 72.42 0.1910
562.22 219.39 80.76 72.42 0.1910
233.05 390.35 80.76 72.44 0.1910
13.83 195.28 80.23 71.89 0.1910
854.87 366.06 80.67 72.27 0.1910
891.76 586.18 80.02 71.78 0.1910
86.81 121.76 80.75 72.32 0.1910
854.82 512.60 80.73 72.31 0.1910
233.06 146.09 80.76 72.46 0.1909
708.49 146.09 80.76 72.46 0.1909
123.35 194.94 80.76 72.46 0.1909
818.48 586.03 80.28 72.14 0.1909
562.17 48.39 80.81 72.45 0.1909
489.03 72.82 80.81 72.45 0.1909
854.83 146.11 80.63 72.35 0.1909
818.19 268.21 80.69 72.51 0.1909
854.82 48.38 80.76 72.47 0.1909
854.82 194.95 80.76 72.47 0.1909
13.88 244.22 80.16 71.80 0.1909
671.92 146.09 80.76 72.47 0.1909
671.96 488.09 80.74 72.41 0.1909
598.73 48.36 80.86 72.51 0.1909
489.02 170.50 80.86 72.51 0.1909
379.30 194.93 80.86 72.51 0.1909
452.45 194.93 80.86 72.51 0.1909
598.73 194.93 80.86 72.51 0.1909
415.84 194.92 80.89 72.53 0.1908
452.52 48.35 80.75 72.57 0.1908
854.83 243.82 80.74 72.43 0.1908
13.93 512.96 80.07 71.72 0.1908
13.87 48.76 80.21 71.85 0.1908
525.63 48.41 80.79 72.52 0.1908
160.00 317.10 80.70 72.47 0.1908
306.25 341.52 80.73 72.49 0.1908
489.06 512.55 80.76 72.41 0.1908
123.32 268.23 80.79 72.49 0.1908
342.75 292.66 80.79 72.49 0.1908
854.75 561.37 80.79 72.49 0.1908
233.29 585.98 80.36 72.21 0.1908
708.53 390.38 80.76 72.49 0.1908
452.49 463.67 80.73 72.44 0.1908
635.39 488.09 80.76 72.49 0.1908
13.88 366.40 80.12 71.75 0.1908
269.69 72.82 80.71 72.45 0.1908
379.34 72.86 80.78 72.42 0.1908
452.52 341.55 80.74 72.42 0.1908
598.89 341.56 80.62 72.38 0.1908
671.91 536.96 80.67 72.38 0.1908
781.68 194.99 80.68 72.38 0.1908
269.62 365.96 80.77 72.45 0.1908
708.56 536.94 80.68 72.38 0.1908
928.41 610.74 80.08 72.15 0.1908
306.21 97.26 80.71 72.40 0.1908
233.07 317.12 80.71 72.40 0.1908
525.64 341.55 80.71 72.40 0.1908
13.96 464.14 80.02 71.61 0.1908
86.74 488.11 80.73 72.37 0.1907
635.39 536.94 80.73 72.51 0.1907
343.01 585.96 80.37 72.22 0.1907
781.61 268.23 80.79 72.50 0.1907
489.05 365.93 80.78 72.50 0.1907
50.85 610.78 79.68 71.86 0.1907
306.18 48.39 80.80 72.45 0.1907
