2_Demonstration_Political_Rally_2_319
200
927.91 0.00 81.04 80.06 0.1925
50.59 162.05 80.21 79.57 0.1921
50.52 621.66 80.27 79.56 0.1921
50.63 378.31 80.16 79.59 0.1921
928.12 134.92 80.55 79.89 0.1920
50.52 80.91 80.28 79.59 0.1920
50.52 540.52 80.28 79.59 0.1920
13.58 0.00 80.84 79.75 0.1918
891.59 621.62 80.29 79.55 0.1918
50.63 216.13 80.12 79.53 0.1918
50.63 297.24 80.12 79.53 0.1918
50.63 432.41 80.16 79.55 0.1917
50.52 486.45 80.28 79.59 0.1917
928.14 540.46 80.51 79.86 0.1917
928.14 53.80 80.54 79.91 0.1917
50.21 0.00 80.94 79.92 0.1917
854.83 296.92 80.62 80.06 0.1916
891.66 513.49 80.10 79.52 0.1916
928.21 270.23 80.40 79.73 0.1915
928.21 324.30 80.40 79.73 0.1915
159.75 0.00 81.13 80.03 0.1915
196.32 0.00 81.13 80.03 0.1915
342.61 0.00 81.13 80.03 0.1915
379.18 0.00 81.13 80.03 0.1915
488.90 0.00 81.13 80.03 0.1915
525.47 0.00 81.13 80.03 0.1915
891.31 0.00 80.90 79.88 0.1915
928.20 216.07 80.41 79.82 0.1915
928.15 594.56 80.49 79.80 0.1915
123.40 242.88 80.61 80.02 0.1915
123.14 0.00 81.19 80.05 0.1915
232.85 0.00 81.19 80.05 0.1915
269.42 0.00 81.19 80.05 0.1915
305.99 0.00 81.19 80.05 0.1915
415.71 0.00 81.19 80.05 0.1915
452.28 0.00 81.19 80.05 0.1915
561.99 0.00 81.19 80.05 0.1915
86.52 0.00 81.22 80.06 0.1915
343.05 648.56 80.39 79.79 0.1914
598.59 0.00 81.15 80.02 0.1913
818.26 269.89 80.62 80.06 0.1913
928.18 486.41 80.42 79.82 0.1913
891.67 567.54 80.09 79.52 0.1913
415.84 621.26 80.89 80.31 0.1913
342.82 459.05 80.63 80.15 0.1913
635.12 0.00 81.21 80.04 0.1913
671.69 0.00 81.21 80.04 0.1913
708.26 0.00 81.21 80.04 0.1913
744.83 0.00 81.21 80.04 0.1913
854.54 0.00 81.21 80.04 0.1913
781.36 0.00 81.25 80.05 0.1913
817.93 0.00 81.25 80.05 0.1913
781.69 269.89 80.73 80.14 0.1913
818.27 323.89 80.62 80.10 0.1913
13.82 378.43 80.23 79.47 0.1913
928.20 378.29 80.41 79.82 0.1913
13.82 432.50 80.23 79.47 0.1913
13.82 594.72 80.23 79.47 0.1913
379.41 459.16 80.62 80.09 0.1912
745.11 296.84 80.65 80.23 0.1912
452.47 459.05 80.71 80.23 0.1912
891.64 80.85 80.20 79.64 0.1912
891.64 134.93 80.20 79.64 0.1912
415.96 459.11 80.75 80.10 0.1912
196.54 486.09 80.74 80.23 0.1912
598.82 540.16 80.74 80.23 0.1912
13.81 135.08 80.28 79.53 0.1912
13.81 486.49 80.25 79.56 0.1912
233.13 486.10 80.59 80.12 0.1912
13.81 540.56 80.25 79.56 0.1912
928.41 675.94 79.95 79.76 0.1912
269.68 486.08 80.63 80.25 0.1912
379.61 648.50 80.43 79.88 0.1912
13.80 53.89 80.30 79.62 0.1912
635.33 540.16 80.78 80.25 0.1911
891.58 459.38 80.17 79.53 0.1911
306.43 648.53 80.42 79.83 0.1911
708.49 296.85 80.76 80.21 0.1911
525.62 621.32 80.79 80.17 0.1911
452.44 621.31 80.82 80.20 0.1911
562.15 621.31 80.82 80.20 0.1911
342.80 80.57 80.78 80.21 0.1911
379.37 80.57 80.78 80.21 0.1911
452.52 80.57 80.78 80.21 0.1911
854.69 107.57 80.89 80.27 0.1911
159.90 80.56 80.81 80.23 0.1911
233.05 80.56 80.81 80.23 0.1911
269.62 80.56 80.81 80.23 0.1911
306.19 80.56 80.81 80.23 0.1911
415.90 80.56 80.81 80.23 0.1911
489.05 80.56 80.81 80.23 0.1911
671.90 80.56 80.81 80.23 0.1911
928.22 432.45 80.38 79.73 0.1911
745.05 513.16 80.64 80.17 0.1911
489.04 621.24 80.80 80.27 0.1911
854.72 621.28 80.86 80.26 0.1911
599.03 648.62 80.33 79.69 0.1911
818.47 648.55 80.37 79.82 0.1911
123.26 107.54 80.89 80.33 0.1911
306.18 134.65 80.83 80.24 0.1910
342.75 134.65 80.83 80.24 0.1910
379.32 134.65 80.83 80.24 0.1910
415.90 134.65 80.83 80.24 0.1910
452.47 134.65 80.83 80.24 0.1910
269.61 161.68 80.83 80.24 0.1910
598.75 161.68 80.83 80.24 0.1910
635.32 161.68 80.83 80.24 0.1910
781.67 215.75 80.76 80.22 0.1910
818.24 215.75 80.76 80.23 0.1910
159.96 242.79 80.76 80.22 0.1910
854.82 242.79 80.76 80.22 0.1910
159.96 459.07 80.76 80.22 0.1910
196.43 107.60 80.87 80.26 0.1910
525.57 107.60 80.87 80.26 0.1910
562.14 107.60 80.87 80.26 0.1910
233.00 134.63 80.87 80.26 0.1910
489.00 134.63 80.87 80.26 0.1910
671.86 134.63 80.87 80.26 0.1910
123.32 188.72 80.82 80.22 0.1910
159.99 350.96 80.65 80.13 0.1910
854.77 350.93 80.69 80.16 0.1910
379.41 405.01 80.69 80.12 0.1910
781.69 323.90 80.72 80.17 0.1910
415.96 377.96 80.73 80.25 0.1910
269.68 405.00 80.73 80.25 0.1910
233.04 621.28 80.79 80.24 0.1910
13.87 216.21 80.20 79.49 0.1910
86.82 215.74 80.74 80.23 0.1910
342.77 405.09 80.77 80.09 0.1910
489.12 432.14 80.61 79.98 0.1910
306.25 459.06 80.74 80.23 0.1910
708.54 486.09 80.74 80.23 0.1910
525.61 377.95 80.81 80.23 0.1910
708.45 80.54 80.86 80.22 0.1910
745.02 80.54 80.86 80.22 0.1910
159.98 296.86 80.69 80.19 0.1910
196.56 323.89 80.69 80.19 0.1910
196.56 567.21 80.69 80.19 0.1910
233.06 432.12 80.65 80.11 0.1909
306.17 215.77 80.81 80.18 0.1909
342.74 215.77 80.81 80.18 0.1909
379.31 215.77 80.81 80.18 0.1909
306.17 269.84 80.81 80.18 0.1909
342.74 269.84 80.81 80.18 0.1909
635.63 648.59 80.32 79.69 0.1909
708.50 161.66 80.80 80.21 0.1909
745.07 161.66 80.80 80.21 0.1909
781.64 161.66 80.80 80.21 0.1909
854.68 161.64 80.87 80.29 0.1909
452.50 215.73 80.80 80.21 0.1909
269.64 242.77 80.80 80.21 0.1909
598.74 80.54 80.84 80.24 0.1909
635.31 80.54 80.84 80.24 0.1909
818.17 107.57 80.84 80.24 0.1909
745.05 459.10 80.65 80.16 0.1909
745.32 648.59 80.28 79.76 0.1909
269.94 648.60 80.34 79.73 0.1909
745.10 242.79 80.76 80.21 0.1909
489.10 350.93 80.76 80.21 0.1909
672.22 648.63 80.24 79.68 0.1909
708.80 648.62 80.23 79.68 0.1909
562.16 161.66 80.86 80.24 0.1909
233.02 188.70 80.86 80.24 0.1909
415.88 188.70 80.86 80.24 0.1909
489.02 188.70 80.86 80.24 0.1909
525.59 188.70 80.86 80.24 0.1909
379.30 594.24 80.86 80.24 0.1909
86.69 53.51 80.89 80.27 0.1908
123.26 53.51 80.89 80.27 0.1908
196.41 53.51 80.89 80.27 0.1908
525.55 53.51 80.89 80.27 0.1908
562.12 53.51 80.89 80.27 0.1908
781.55 53.51 80.89 80.27 0.1908
818.12 53.51 80.89 80.27 0.1908
854.69 53.51 80.89 80.27 0.1908
781.55 107.58 80.89 80.27 0.1908
86.69 134.61 80.89 80.27 0.1908
159.84 134.61 80.89 80.27 0.1908
196.41 161.65 80.89 80.27 0.1908
781.92 648.57 80.39 79.79 0.1908
452.54 377.96 80.73 80.23 0.1908
489.11 486.11 80.73 80.23 0.1908
671.96 486.11 80.73 80.23 0.1908
196.54 621.29 80.73 80.23 0.1908
196.47 242.79 80.79 80.22 0.1908
562.18 377.96 80.79 80.22 0.1908
160.19 648.56 80.24 79.83 0.1908
306.24 405.01 80.76 80.22 0.1908
13.88 297.36 80.12 79.41 0.1908
123.41 296.86 80.59 80.11 0.1908
781.62 594.27 80.68 80.17 0.1908
891.63 188.96 80.21 79.65 0.1908
635.38 350.96 80.74 80.15 0.1908
562.26 540.20 80.71 80.18 0.1908
598.85 296.89 80.65 80.13 0.1908
635.42 296.89 80.65 80.13 0.1908
123.40 378.01 80.68 80.10 0.1908
781.62 486.13 80.77 80.18 0.1908
123.34 621.30 80.77 80.18 0.1908
233.09 242.81 80.77 80.18 0.1908
