2_Demonstration_Protesters_2_822
200
927.89 0.00 81.03 81.22 0.1924
50.59 520.97 80.21 80.72 0.1921
50.63 246.69 80.16 80.71 0.1920
50.63 466.12 80.16 80.71 0.1920
50.48 575.79 80.31 80.78 0.1920
50.55 630.66 80.25 80.77 0.1919
50.63 164.38 80.16 80.74 0.1918
50.59 54.65 80.19 80.77 0.1918
891.66 191.79 80.14 80.70 0.1918
928.15 164.37 80.45 80.91 0.1918
50.63 411.28 80.12 80.68 0.1918
891.67 136.94 80.11 80.67 0.1917
928.14 219.17 80.51 81.02 0.1917
928.14 356.32 80.51 81.02 0.1917
50.30 0.00 80.81 80.98 0.1917
159.97 520.61 80.72 81.29 0.1917
50.66 301.60 80.09 80.65 0.1916
891.66 82.08 80.13 80.70 0.1916
891.66 246.66 80.10 80.68 0.1916
891.66 301.52 80.10 80.68 0.1916
86.54 0.00 81.22 81.20 0.1916
269.40 0.00 81.22 81.20 0.1916
342.54 0.00 81.22 81.20 0.1916
50.61 109.58 80.15 80.68 0.1916
928.14 274.03 80.51 81.00 0.1915
379.40 218.86 80.73 81.32 0.1915
269.68 520.58 80.73 81.32 0.1915
196.21 0.00 81.27 81.21 0.1915
232.78 0.00 81.27 81.21 0.1915
305.93 0.00 81.27 81.21 0.1915
928.14 109.47 80.47 80.97 0.1915
928.20 493.50 80.41 80.98 0.1915
928.16 630.63 80.44 81.01 0.1915
781.83 657.91 80.52 81.10 0.1915
818.40 657.91 80.52 81.10 0.1915
891.30 0.00 80.91 81.04 0.1915
306.25 438.29 80.74 81.40 0.1915
415.96 520.58 80.74 81.40 0.1915
525.36 0.00 81.25 81.23 0.1915
671.90 164.01 80.81 81.40 0.1915
269.61 438.29 80.81 81.40 0.1915
50.66 356.45 80.06 80.69 0.1914
928.10 54.63 80.50 80.96 0.1914
123.40 81.75 80.72 81.28 0.1914
196.54 493.18 80.72 81.28 0.1914
928.18 411.17 80.44 81.02 0.1914
233.04 438.29 80.78 81.42 0.1914
13.59 0.00 80.80 80.93 0.1914
123.12 0.00 81.22 81.20 0.1914
159.69 0.00 81.22 81.20 0.1914
415.69 0.00 81.22 81.20 0.1914
489.33 658.03 80.25 80.86 0.1914
671.73 0.00 81.15 81.19 0.1913
708.30 0.00 81.15 81.19 0.1913
744.88 0.00 81.15 81.19 0.1913
781.45 0.00 81.15 81.19 0.1913
818.02 0.00 81.15 81.19 0.1913
233.11 81.81 80.62 81.22 0.1913
598.55 0.00 81.19 81.20 0.1913
123.33 438.38 80.68 81.22 0.1913
269.69 81.81 80.71 81.22 0.1913
342.83 164.10 80.71 81.22 0.1913
342.83 602.95 80.71 81.22 0.1913
379.40 602.95 80.71 81.22 0.1913
379.12 0.00 81.19 81.22 0.1913
306.19 602.95 80.77 81.22 0.1913
708.69 657.91 80.52 81.08 0.1913
854.97 657.91 80.52 81.08 0.1913
123.33 520.58 80.70 81.31 0.1913
561.93 0.00 81.25 81.21 0.1913
306.25 81.72 80.73 81.32 0.1913
342.83 81.72 80.73 81.32 0.1913
452.54 81.72 80.73 81.32 0.1913
379.40 109.15 80.73 81.32 0.1913
379.40 164.01 80.73 81.32 0.1913
123.40 383.44 80.73 81.32 0.1913
159.97 410.87 80.73 81.32 0.1913
233.11 493.15 80.73 81.32 0.1913
306.25 493.15 80.73 81.32 0.1913
342.83 520.58 80.73 81.32 0.1913
379.40 548.01 80.73 81.32 0.1913
415.97 575.44 80.73 81.32 0.1913
123.40 602.87 80.73 81.32 0.1913
196.54 602.87 80.73 81.32 0.1913
233.11 602.87 80.73 81.32 0.1913
269.68 602.87 80.73 81.32 0.1913
415.90 81.72 80.79 81.31 0.1913
489.02 356.03 80.81 81.38 0.1913
306.19 548.01 80.79 81.31 0.1913
452.31 0.00 81.16 81.17 0.1913
196.54 81.87 80.73 81.18 0.1913
928.20 548.36 80.41 80.98 0.1913
196.55 410.86 80.70 81.34 0.1912
708.47 520.58 80.78 81.40 0.1912
745.04 520.58 80.78 81.40 0.1912
489.11 81.72 80.74 81.40 0.1912
306.25 136.58 80.74 81.40 0.1912
781.63 136.61 80.73 81.36 0.1912
708.54 164.01 80.74 81.40 0.1912
415.97 191.44 80.74 81.40 0.1912
635.40 191.44 80.74 81.40 0.1912
342.82 218.87 80.74 81.40 0.1912
415.97 246.30 80.74 81.40 0.1912
342.82 438.30 80.74 81.40 0.1912
379.40 465.72 80.74 81.40 0.1912
196.54 548.01 80.74 81.40 0.1912
233.11 548.01 80.74 81.40 0.1912
159.97 575.44 80.74 81.40 0.1912
123.29 191.43 80.85 81.44 0.1912
745.04 191.44 80.81 81.40 0.1912
708.47 218.87 80.81 81.40 0.1912
86.76 493.15 80.81 81.40 0.1912
452.47 520.58 80.81 81.40 0.1912
489.04 520.58 80.81 81.40 0.1912
86.76 548.01 80.81 81.40 0.1912
159.90 630.30 80.81 81.40 0.1912
635.16 0.00 81.18 81.20 0.1912
854.58 0.00 81.18 81.20 0.1912
452.47 575.43 80.69 81.41 0.1912
415.97 136.58 80.72 81.42 0.1912
745.11 136.58 80.72 81.42 0.1912
452.54 191.43 80.72 81.42 0.1912
488.84 0.00 81.19 81.20 0.1911
525.62 81.72 80.78 81.42 0.1911
525.62 136.58 80.78 81.42 0.1911
635.33 136.58 80.78 81.42 0.1911
781.62 191.43 80.78 81.42 0.1911
415.90 630.29 80.78 81.42 0.1911
891.65 356.34 80.11 80.69 0.1911
891.65 411.20 80.11 80.69 0.1911
671.91 438.31 80.67 81.37 0.1911
452.56 136.59 80.70 81.38 0.1911
123.58 657.94 80.38 81.06 0.1911
233.05 218.92 80.79 81.34 0.1911
671.92 218.88 80.76 81.37 0.1911
159.96 465.87 80.63 81.15 0.1911
928.39 685.73 80.12 81.04 0.1911
159.87 164.05 80.82 81.37 0.1911
196.44 164.05 80.82 81.37 0.1911
525.90 657.98 80.35 80.98 0.1911
745.27 657.92 80.51 81.08 0.1911
269.62 301.12 80.80 81.43 0.1911
415.96 465.75 80.76 81.39 0.1910
671.96 602.89 80.76 81.39 0.1910
159.96 81.87 80.64 81.17 0.1910
635.33 548.01 80.80 81.38 0.1910
671.89 548.03 80.82 81.39 0.1910
635.32 602.89 80.82 81.39 0.1910
86.75 630.32 80.82 81.39 0.1910
452.73 657.97 80.31 80.95 0.1910
854.77 191.52 80.78 81.31 0.1910
159.91 328.66 80.78 81.31 0.1910
891.76 658.17 80.00 80.51 0.1910
86.70 191.41 80.87 81.45 0.1910
452.41 355.98 80.87 81.45 0.1910
708.54 109.17 80.73 81.41 0.1910
269.69 136.58 80.71 81.41 0.1910
379.40 273.72 80.71 81.41 0.1910
452.54 465.74 80.73 81.41 0.1910
745.05 246.29 80.78 81.40 0.1910
708.48 465.72 80.78 81.40 0.1910
781.61 520.60 80.79 81.41 0.1910
854.75 602.88 80.79 81.41 0.1910
343.03 657.95 80.30 81.05 0.1910
13.87 191.92 80.20 80.64 0.1910
452.54 246.30 80.74 81.40 0.1910
86.82 410.87 80.74 81.40 0.1910
306.18 191.44 80.81 81.40 0.1910
13.82 466.17 80.26 80.69 0.1910
13.82 521.03 80.26 80.69 0.1910
196.47 328.62 80.80 81.35 0.1910
452.49 410.93 80.76 81.32 0.1910
745.13 465.74 80.69 81.36 0.1910
562.27 575.45 80.69 81.36 0.1910
598.83 575.47 80.71 81.37 0.1910
196.73 657.92 80.36 81.11 0.1910
233.30 657.92 80.36 81.11 0.1910
599.01 657.94 80.38 81.04 0.1910
635.58 657.94 80.38 81.04 0.1910
489.06 136.60 80.76 81.35 0.1909
562.20 136.60 80.76 81.35 0.1909
489.06 191.45 80.76 81.35 0.1909
781.63 246.31 80.76 81.35 0.1909
671.91 493.19 80.77 81.36 0.1909
525.63 575.45 80.76 81.35 0.1909
562.17 301.19 80.81 81.35 0.1909
598.74 356.05 80.81 81.35 0.1909
525.60 410.90 80.81 81.35 0.1909
672.13 657.88 80.38 81.13 0.1909
13.82 575.80 80.28 80.78 0.1909
818.19 602.87 80.78 81.42 0.1909
159.91 273.79 80.78 81.34 0.1909
196.49 273.79 80.78 81.34 0.1909
525.63 328.64 80.78 81.34 0.1909
13.86 54.75 80.24 80.66 0.1909
415.91 383.46 80.81 81.38 0.1909
818.19 191.49 80.75 81.33 0.1909
854.75 548.03 80.82 81.37 0.1909
781.63 575.45 80.76 81.37 0.1909
781.59 54.30 80.86 81.41 0.1909
