2_Demonstration_Demonstrators_2_329
200
927.89 0.00 81.12 70.65 0.1924
50.55 548.55 80.24 70.24 0.1921
50.54 309.96 80.25 70.26 0.1920
50.54 357.67 80.25 70.26 0.1920
50.54 405.39 80.25 70.26 0.1920
415.76 0.00 81.12 70.61 0.1919
50.55 262.28 80.21 70.21 0.1919
452.33 0.00 81.23 70.62 0.1918
928.12 71.35 80.54 70.50 0.1918
50.63 71.44 80.12 70.18 0.1918
928.21 166.87 80.29 70.36 0.1917
196.54 214.33 80.61 70.62 0.1917
818.26 285.90 80.61 70.62 0.1917
562.26 333.61 80.61 70.62 0.1917
598.83 357.47 80.61 70.62 0.1917
159.97 118.90 80.70 70.62 0.1917
196.55 118.90 80.70 70.62 0.1917
233.12 166.61 80.70 70.62 0.1917
635.40 381.33 80.70 70.62 0.1917
598.83 429.04 80.70 70.62 0.1917
635.40 429.04 80.70 70.62 0.1917
525.69 476.75 80.70 70.62 0.1917
745.05 429.04 80.77 70.62 0.1917
818.25 428.96 80.63 70.70 0.1917
745.11 476.68 80.63 70.70 0.1917
928.21 333.79 80.40 70.44 0.1917
781.68 476.68 80.72 70.70 0.1917
708.34 0.00 81.20 70.62 0.1916
671.76 0.00 81.13 70.62 0.1916
50.66 119.19 80.09 70.15 0.1916
50.66 190.76 80.09 70.15 0.1916
50.59 453.11 80.16 70.23 0.1916
50.59 500.83 80.16 70.23 0.1916
488.91 0.00 81.22 70.62 0.1916
525.48 0.00 81.22 70.62 0.1916
562.05 0.00 81.22 70.62 0.1916
598.62 0.00 81.22 70.62 0.1916
854.62 0.00 81.22 70.62 0.1916
745.11 262.01 80.62 70.65 0.1916
891.58 47.51 80.22 70.29 0.1916
123.40 118.87 80.71 70.65 0.1916
854.83 357.44 80.71 70.65 0.1916
671.97 452.87 80.71 70.65 0.1916
854.83 452.87 80.71 70.65 0.1916
269.45 0.00 81.16 70.60 0.1916
928.21 500.89 80.40 70.35 0.1915
854.76 309.77 80.78 70.61 0.1915
233.11 118.79 80.73 70.73 0.1915
196.53 166.63 80.64 70.60 0.1915
269.68 214.22 80.73 70.73 0.1915
306.25 214.22 80.73 70.73 0.1915
342.82 214.22 80.73 70.73 0.1915
781.68 261.94 80.73 70.73 0.1915
635.40 309.65 80.73 70.73 0.1915
745.10 309.78 80.64 70.60 0.1915
671.97 333.51 80.73 70.73 0.1915
342.82 357.36 80.73 70.73 0.1915
306.25 381.22 80.73 70.73 0.1915
525.68 381.35 80.64 70.60 0.1915
671.97 381.22 80.73 70.73 0.1915
708.54 428.94 80.73 70.73 0.1915
196.54 452.79 80.73 70.73 0.1915
818.25 476.78 80.64 70.60 0.1915
489.11 524.36 80.73 70.73 0.1915
525.68 524.36 80.73 70.73 0.1915
159.82 0.00 81.09 70.65 0.1915
159.89 166.63 80.70 70.60 0.1915
233.04 357.36 80.79 70.73 0.1915
745.04 381.22 80.79 70.73 0.1915
342.76 452.79 80.79 70.73 0.1915
196.32 0.00 81.15 70.64 0.1915
232.89 0.00 81.15 70.64 0.1915
708.54 214.30 80.73 70.72 0.1915
781.68 309.78 80.73 70.61 0.1915
562.25 452.92 80.73 70.61 0.1915
928.20 119.10 80.41 70.43 0.1915
928.20 214.53 80.41 70.43 0.1915
123.41 166.61 80.70 70.62 0.1915
233.11 238.08 80.74 70.80 0.1915
196.54 261.94 80.74 70.80 0.1915
306.25 261.94 80.74 70.80 0.1915
159.96 285.80 80.74 70.80 0.1915
196.54 309.65 80.74 70.80 0.1915
159.96 333.51 80.74 70.80 0.1915
708.54 357.37 80.74 70.80 0.1915
342.82 405.08 80.74 70.80 0.1915
159.96 476.65 80.74 70.80 0.1915
306.25 476.65 80.74 70.80 0.1915
379.39 476.65 80.74 70.80 0.1915
233.04 476.65 80.81 70.80 0.1915
269.61 476.65 80.81 70.80 0.1915
342.75 500.51 80.81 70.80 0.1915
562.18 548.22 80.81 70.80 0.1915
598.75 548.22 80.81 70.80 0.1915
671.90 548.22 80.81 70.80 0.1915
50.30 0.00 80.78 70.42 0.1914
818.26 214.25 80.72 70.70 0.1914
269.69 261.95 80.72 70.76 0.1914
818.26 333.54 80.72 70.70 0.1914
562.30 381.35 80.58 70.59 0.1914
305.98 0.00 81.22 70.63 0.1914
635.19 0.00 81.22 70.63 0.1913
744.91 0.00 81.22 70.63 0.1913
781.48 0.00 81.22 70.63 0.1913
818.05 0.00 81.22 70.63 0.1913
415.97 142.73 80.71 70.65 0.1913
86.83 166.59 80.71 70.65 0.1913
123.40 238.16 80.71 70.65 0.1913
489.12 357.44 80.71 70.65 0.1913
452.55 381.30 80.71 70.65 0.1913
854.83 405.16 80.71 70.65 0.1913
452.55 429.02 80.71 70.65 0.1913
489.12 429.02 80.71 70.65 0.1913
781.69 429.02 80.71 70.65 0.1913
635.40 524.44 80.71 70.65 0.1913
379.19 0.00 81.12 70.63 0.1913
86.76 238.16 80.77 70.64 0.1913
13.61 0.00 80.77 70.36 0.1913
379.40 166.51 80.63 70.72 0.1913
708.54 285.80 80.63 70.72 0.1913
928.21 453.18 80.40 70.35 0.1913
818.25 524.37 80.63 70.72 0.1913
342.54 0.00 81.21 70.63 0.1913
452.47 166.51 80.70 70.72 0.1913
781.61 190.37 80.70 70.72 0.1913
708.59 476.68 80.67 70.69 0.1913
818.25 166.64 80.64 70.60 0.1913
745.11 190.37 80.73 70.73 0.1913
159.97 238.08 80.73 70.73 0.1913
452.54 238.08 80.73 70.73 0.1913
854.83 261.94 80.73 70.73 0.1913
233.11 285.80 80.73 70.73 0.1913
123.40 309.65 80.73 70.73 0.1913
269.68 309.65 80.73 70.73 0.1913
598.83 309.65 80.73 70.73 0.1913
525.68 333.51 80.73 70.73 0.1913
123.40 357.37 80.73 70.73 0.1913
196.54 357.37 80.73 70.73 0.1913
415.97 357.37 80.73 70.73 0.1913
159.97 381.22 80.73 70.73 0.1913
379.40 381.22 80.73 70.73 0.1913
781.68 381.22 80.73 70.73 0.1913
818.26 381.22 80.73 70.73 0.1913
196.54 405.08 80.73 70.73 0.1913
123.40 428.94 80.73 70.73 0.1913
269.68 428.94 80.73 70.73 0.1913
379.40 428.94 80.73 70.73 0.1913
525.68 429.06 80.64 70.60 0.1913
123.40 476.65 80.73 70.73 0.1913
415.97 476.65 80.73 70.73 0.1913
452.54 476.65 80.73 70.73 0.1913
489.11 476.65 80.73 70.73 0.1913
708.54 524.37 80.73 70.73 0.1913
781.68 524.37 80.73 70.73 0.1913
269.62 118.80 80.79 70.72 0.1913
854.76 190.45 80.70 70.71 0.1913
671.90 261.94 80.79 70.72 0.1913
379.33 309.65 80.79 70.72 0.1913
269.62 357.37 80.79 70.72 0.1913
233.04 405.08 80.79 70.72 0.1913
415.90 405.08 80.79 70.72 0.1913
854.75 500.64 80.70 70.60 0.1913
86.62 0.00 81.12 70.60 0.1913
306.26 333.59 80.73 70.72 0.1913
671.97 500.64 80.73 70.60 0.1913
928.21 381.53 80.41 70.43 0.1913
781.69 142.79 80.62 70.56 0.1912
123.56 572.23 80.51 70.54 0.1912
196.54 47.23 80.65 70.80 0.1912
671.90 190.37 80.71 70.79 0.1912
342.76 118.79 80.76 70.74 0.1912
269.68 166.51 80.74 70.80 0.1912
306.25 166.51 80.74 70.80 0.1912
379.40 214.23 80.74 70.80 0.1912
415.97 214.23 80.74 70.80 0.1912
489.05 214.22 80.76 70.74 0.1912
342.82 261.94 80.74 70.80 0.1912
379.40 261.94 80.74 70.80 0.1912
415.97 261.94 80.74 70.80 0.1912
489.11 261.94 80.74 70.80 0.1912
525.68 261.94 80.74 70.80 0.1912
452.54 285.80 80.74 70.80 0.1912
562.25 285.80 80.74 70.80 0.1912
415.97 309.65 80.74 70.80 0.1912
489.11 309.65 80.74 70.80 0.1912
452.54 333.51 80.74 70.80 0.1912
159.97 428.94 80.74 70.80 0.1912
306.25 428.94 80.74 70.80 0.1912
196.54 500.51 80.74 70.80 0.1912
123.40 524.37 80.74 70.80 0.1912
159.97 524.37 80.74 70.80 0.1912
233.11 524.37 80.74 70.80 0.1912
306.25 524.37 80.74 70.80 0.1912
379.40 524.37 80.74 70.80 0.1912
415.97 524.37 80.74 70.80 0.1912
452.54 524.37 80.74 70.80 0.1912
13.87 548.64 80.20 70.14 0.1912
306.18 118.80 80.81 70.80 0.1912
342.76 166.51 80.81 70.80 0.1912
635.33 261.94 80.81 70.80 0.1912
