2_Demonstration_Demonstration_Or_Protest_2_600
200
927.99 0.00 80.94 74.02 0.1920
928.21 274.86 80.38 73.74 0.1920
928.21 324.86 80.38 73.74 0.1920
50.63 49.82 80.16 73.59 0.1918
928.14 549.80 80.47 73.79 0.1918
891.66 549.81 80.14 73.56 0.1918
269.69 74.59 80.61 74.00 0.1917
891.60 499.81 80.17 73.52 0.1917
928.14 474.77 80.51 73.85 0.1917
50.55 574.83 80.21 73.60 0.1917
50.66 174.91 80.08 73.51 0.1916
50.66 374.90 80.09 73.51 0.1916
50.66 124.88 80.10 73.51 0.1916
928.21 74.88 80.40 73.72 0.1915
928.21 124.88 80.39 73.73 0.1915
708.47 299.48 80.70 74.11 0.1915
745.11 324.57 80.63 74.11 0.1915
269.41 0.00 81.19 74.02 0.1915
305.98 0.00 81.19 74.02 0.1915
342.55 0.00 81.19 74.02 0.1915
379.12 0.00 81.19 74.02 0.1915
415.69 0.00 81.19 74.02 0.1915
598.83 49.57 80.73 74.11 0.1915
233.12 74.60 80.61 74.00 0.1915
50.70 499.88 80.01 73.52 0.1915
562.25 49.49 80.65 74.19 0.1915
50.67 449.87 80.04 73.55 0.1915
708.55 74.60 80.70 74.01 0.1915
50.30 0.00 80.68 73.79 0.1915
635.39 49.49 80.74 74.20 0.1915
744.79 0.00 81.25 74.03 0.1915
708.56 349.61 80.59 73.96 0.1915
159.90 399.49 80.81 74.19 0.1915
232.92 0.00 81.13 73.99 0.1914
562.12 0.00 81.06 74.00 0.1914
525.69 49.50 80.63 74.15 0.1914
50.66 224.89 80.06 73.55 0.1914
50.66 274.89 80.06 73.55 0.1914
196.31 0.00 81.16 74.00 0.1914
488.88 0.00 81.16 74.00 0.1914
525.48 0.00 81.13 74.00 0.1914
635.16 0.00 81.16 74.00 0.1914
671.73 0.00 81.16 74.00 0.1914
50.62 324.87 80.10 73.57 0.1914
306.26 74.51 80.72 74.09 0.1914
672.01 74.62 80.58 73.97 0.1914
123.21 0.00 81.12 74.02 0.1914
13.59 0.00 80.80 73.76 0.1914
452.26 0.00 81.22 74.01 0.1914
708.31 0.00 81.13 74.01 0.1914
818.48 599.72 80.38 73.79 0.1914
781.45 0.00 81.15 74.00 0.1913
415.97 99.57 80.71 74.03 0.1913
818.26 349.57 80.71 74.03 0.1913
379.40 74.61 80.63 73.99 0.1913
452.54 99.49 80.63 74.11 0.1913
745.11 99.49 80.63 74.11 0.1913
671.97 124.49 80.63 74.11 0.1913
928.21 174.89 80.39 73.73 0.1913
928.21 399.89 80.39 73.73 0.1913
598.62 0.00 81.13 74.00 0.1913
671.90 299.49 80.70 74.11 0.1913
342.83 99.49 80.73 74.12 0.1913
781.68 99.49 80.73 74.12 0.1913
196.54 124.49 80.73 74.12 0.1913
269.68 124.49 80.73 74.12 0.1913
306.25 124.49 80.73 74.12 0.1913
525.68 124.62 80.64 73.98 0.1913
562.25 124.62 80.64 73.98 0.1913
598.82 124.62 80.64 73.98 0.1913
708.54 124.49 80.73 74.12 0.1913
635.40 149.49 80.73 74.12 0.1913
781.68 299.49 80.73 74.12 0.1913
745.11 374.62 80.64 73.98 0.1913
781.68 374.62 80.64 73.98 0.1913
854.83 374.49 80.73 74.12 0.1913
86.83 399.49 80.73 74.12 0.1913
86.83 449.49 80.73 74.12 0.1913
86.83 549.49 80.73 74.12 0.1913
86.76 99.49 80.79 74.11 0.1913
854.76 324.49 80.79 74.11 0.1913
123.33 474.49 80.79 74.11 0.1913
123.33 524.49 80.79 74.11 0.1913
86.62 0.00 81.12 73.99 0.1913
86.83 349.57 80.73 74.11 0.1913
891.43 0.00 80.77 73.83 0.1913
745.12 274.50 80.71 74.07 0.1912
672.18 599.70 80.45 73.92 0.1912
159.71 0.00 81.19 74.01 0.1912
489.10 124.54 80.65 74.07 0.1912
452.48 199.44 80.79 74.23 0.1912
416.15 599.68 80.38 73.89 0.1912
635.63 599.74 80.32 73.85 0.1912
745.12 149.48 80.70 74.14 0.1912
196.54 49.49 80.74 74.19 0.1912
123.33 124.48 80.76 74.13 0.1912
233.11 124.49 80.74 74.19 0.1912
123.40 174.49 80.74 74.19 0.1912
854.82 274.49 80.74 74.19 0.1912
123.40 349.49 80.74 74.19 0.1912
123.40 399.49 80.74 74.19 0.1912
123.33 224.49 80.81 74.19 0.1912
196.47 399.49 80.81 74.19 0.1912
671.97 349.55 80.63 74.02 0.1912
818.01 0.00 81.18 74.01 0.1912
854.58 0.00 81.18 74.01 0.1912
745.33 599.72 80.37 73.90 0.1912
781.69 249.50 80.72 74.15 0.1912
818.27 274.51 80.72 74.15 0.1912
928.30 599.88 80.18 73.68 0.1912
123.40 274.48 80.72 74.21 0.1912
635.40 274.48 80.72 74.21 0.1912
635.46 349.59 80.63 73.98 0.1912
196.42 574.51 80.84 74.17 0.1912
160.01 74.62 80.58 73.97 0.1911
489.15 74.62 80.58 73.97 0.1911
635.44 99.62 80.58 73.97 0.1911
671.90 174.48 80.78 74.21 0.1911
708.48 174.48 80.78 74.21 0.1911
891.65 449.79 80.11 73.54 0.1911
342.80 474.50 80.74 74.13 0.1911
233.06 574.54 80.78 74.14 0.1911
708.43 574.47 80.88 74.24 0.1911
781.58 574.47 80.88 74.24 0.1911
123.44 74.62 80.67 73.98 0.1911
86.82 149.50 80.74 74.11 0.1911
342.83 149.49 80.72 74.10 0.1911
635.35 199.50 80.76 74.17 0.1911
818.26 399.49 80.72 74.10 0.1911
415.91 474.54 80.79 74.14 0.1911
452.48 474.54 80.79 74.14 0.1911
269.62 524.54 80.79 74.14 0.1911
306.19 524.54 80.79 74.14 0.1911
562.19 574.54 80.79 74.14 0.1911
598.76 574.54 80.79 74.14 0.1911
854.73 574.49 80.86 74.20 0.1911
891.64 49.76 80.16 73.60 0.1911
452.71 599.74 80.41 73.84 0.1911
86.82 499.51 80.75 74.10 0.1911
306.45 599.74 80.35 73.85 0.1911
159.91 474.51 80.77 74.05 0.1911
818.18 224.49 80.71 74.17 0.1911
891.77 599.93 79.96 73.40 0.1911
379.33 149.48 80.76 74.12 0.1910
598.82 274.51 80.76 74.18 0.1910
159.91 299.52 80.73 74.14 0.1910
159.90 124.49 80.80 74.17 0.1910
708.54 399.49 80.73 74.12 0.1910
159.90 524.49 80.80 74.17 0.1910
525.87 599.76 80.36 73.81 0.1910
928.21 224.81 80.41 73.80 0.1910
415.92 249.58 80.73 74.08 0.1910
489.06 499.58 80.73 74.08 0.1910
525.63 499.58 80.73 74.08 0.1910
379.35 524.58 80.73 74.08 0.1910
415.92 524.58 80.73 74.08 0.1910
452.49 524.58 80.73 74.08 0.1910
342.78 549.58 80.73 74.08 0.1910
452.48 49.52 80.80 74.14 0.1910
818.18 174.59 80.69 74.00 0.1910
159.91 349.51 80.78 74.13 0.1910
818.25 124.59 80.72 74.01 0.1910
598.83 174.49 80.71 74.20 0.1910
269.69 374.49 80.71 74.20 0.1910
415.90 149.49 80.78 74.19 0.1910
452.48 149.49 80.78 74.19 0.1910
159.90 199.49 80.78 74.19 0.1910
159.90 249.49 80.78 74.19 0.1910
159.90 574.49 80.78 74.19 0.1910
86.82 224.49 80.74 74.19 0.1910
781.61 149.49 80.81 74.19 0.1910
415.96 199.54 80.72 74.11 0.1909
854.77 424.50 80.76 74.15 0.1909
233.06 449.50 80.76 74.15 0.1909
123.32 574.51 80.80 74.19 0.1909
306.17 274.52 80.81 74.15 0.1909
598.83 349.52 80.63 74.04 0.1909
489.03 449.52 80.81 74.15 0.1909
671.97 249.49 80.72 74.21 0.1909
708.54 249.49 80.72 74.21 0.1909
379.34 224.54 80.78 74.14 0.1909
342.77 249.54 80.78 74.14 0.1909
452.49 249.54 80.78 74.14 0.1909
379.34 274.54 80.78 74.14 0.1909
379.34 474.54 80.78 74.14 0.1909
562.20 474.54 80.78 74.14 0.1909
671.91 499.54 80.78 74.14 0.1909
708.49 499.54 80.78 74.14 0.1909
233.03 524.47 80.84 74.20 0.1909
635.34 524.54 80.78 74.14 0.1909
269.63 574.54 80.78 74.14 0.1909
379.34 574.54 80.78 74.14 0.1909
489.06 574.54 80.78 74.14 0.1909
818.26 74.54 80.68 74.13 0.1909
854.86 124.52 80.72 74.14 0.1909
269.60 249.49 80.85 74.20 0.1909
13.88 49.93 80.16 73.48 0.1909
854.82 174.51 80.76 74.17 0.1909
489.01 224.54 80.79 74.14 0.1909
854.82 224.51 80.76 74.17 0.1909
