2_Demonstration_Protesters_2_16
200
927.82 0.00 81.20 162.10 0.1922
50.63 109.11 80.16 161.18 0.1921
50.63 218.61 80.16 161.17 0.1918
50.63 985.11 80.16 161.17 0.1918
50.63 1094.61 80.16 161.17 0.1918
232.90 0.00 81.17 162.11 0.1918
269.42 0.00 81.29 162.10 0.1918
342.57 0.00 81.29 162.10 0.1918
928.14 601.74 80.51 161.72 0.1917
50.55 875.62 80.21 161.18 0.1917
50.21 0.00 80.94 161.84 0.1917
50.60 1204.11 80.19 161.13 0.1916
928.18 711.22 80.47 161.77 0.1916
635.19 0.00 81.13 162.06 0.1916
50.66 328.28 80.09 160.98 0.1916
415.76 0.00 81.22 162.07 0.1916
452.33 0.00 81.22 162.07 0.1916
50.59 437.63 80.13 161.20 0.1916
306.00 0.00 81.28 162.10 0.1915
379.15 0.00 81.28 162.10 0.1915
488.86 0.00 81.28 162.10 0.1915
671.72 0.00 81.28 162.10 0.1915
854.57 0.00 81.28 162.10 0.1915
928.10 328.08 80.55 161.67 0.1915
123.40 710.62 80.73 162.32 0.1915
233.11 820.12 80.73 162.32 0.1915
891.66 547.00 80.17 161.21 0.1915
928.09 492.26 80.52 161.69 0.1915
269.61 929.63 80.81 162.48 0.1915
50.62 601.97 80.10 161.13 0.1914
50.62 711.47 80.10 161.13 0.1914
269.69 765.62 80.72 162.24 0.1914
13.52 0.00 80.89 161.40 0.1914
306.26 820.36 80.60 162.27 0.1914
196.53 710.66 80.74 162.30 0.1914
86.59 0.00 81.15 162.05 0.1913
818.05 0.00 81.22 162.08 0.1913
233.12 1203.55 80.71 162.13 0.1913
342.83 1203.55 80.71 162.13 0.1913
196.33 0.00 81.12 162.08 0.1913
159.97 765.38 80.63 162.31 0.1913
159.69 0.00 81.21 162.08 0.1913
525.43 0.00 81.28 162.11 0.1913
562.00 0.00 81.28 162.11 0.1913
598.57 0.00 81.28 162.11 0.1913
123.40 820.13 80.73 162.31 0.1913
196.54 820.13 80.73 162.31 0.1913
159.97 874.88 80.73 162.31 0.1913
196.54 929.63 80.73 162.31 0.1913
233.11 929.63 80.73 162.31 0.1913
159.97 984.38 80.73 162.31 0.1913
196.54 1039.13 80.73 162.31 0.1913
233.11 1039.13 80.73 162.31 0.1913
342.83 1039.13 80.73 162.31 0.1913
269.68 1093.88 80.73 162.31 0.1913
306.25 1093.88 80.73 162.31 0.1913
379.40 1093.88 80.73 162.31 0.1913
415.97 1148.63 80.73 162.31 0.1913
306.25 1203.38 80.73 162.31 0.1913
928.10 108.86 80.55 161.95 0.1913
928.10 218.36 80.55 161.95 0.1913
306.19 929.63 80.79 162.30 0.1913
196.54 1148.81 80.73 162.30 0.1913
928.21 1039.82 80.41 161.63 0.1913
928.17 1258.79 80.45 161.69 0.1912
452.55 1148.62 80.70 162.36 0.1912
891.32 0.00 80.91 161.65 0.1912
233.11 710.63 80.74 162.48 0.1912
342.82 929.63 80.74 162.48 0.1912
379.40 929.63 80.74 162.48 0.1912
379.40 1203.38 80.74 162.48 0.1912
854.82 1203.38 80.74 162.48 0.1912
13.81 930.55 80.28 161.06 0.1912
818.18 1258.13 80.81 162.47 0.1912
123.16 0.00 81.18 162.07 0.1912
854.75 163.15 80.79 162.60 0.1912
598.75 217.90 80.79 162.60 0.1912
781.61 272.65 80.79 162.60 0.1912
854.75 272.65 80.79 162.60 0.1912
671.90 327.37 80.77 162.62 0.1912
708.47 272.65 80.88 162.61 0.1912
745.04 272.65 80.88 162.61 0.1912
818.18 272.65 80.88 162.61 0.1912
13.80 1094.62 80.30 161.24 0.1912
269.68 1203.59 80.72 162.11 0.1912
891.49 108.77 80.41 161.64 0.1911
891.49 218.27 80.41 161.64 0.1911
928.18 820.74 80.44 161.71 0.1911
781.48 0.00 81.21 162.13 0.1911
891.65 656.54 80.11 161.06 0.1911
598.70 108.35 80.84 162.67 0.1911
635.27 108.35 80.84 162.67 0.1911
671.85 108.35 80.84 162.67 0.1911
708.42 108.35 80.84 162.67 0.1911
744.99 108.35 80.84 162.67 0.1911
781.56 108.35 80.84 162.67 0.1911
818.13 108.35 80.84 162.67 0.1911
562.13 163.10 80.84 162.67 0.1911
196.69 1313.26 80.42 161.83 0.1911
635.33 272.65 80.76 162.54 0.1911
708.48 655.99 80.79 162.36 0.1911
745.05 984.49 80.79 162.36 0.1911
13.99 1314.10 79.91 160.39 0.1911
562.15 710.71 80.82 162.42 0.1911
598.72 710.71 80.82 162.42 0.1911
671.91 217.90 80.85 162.55 0.1911
708.29 0.00 81.27 162.16 0.1911
744.86 0.00 81.27 162.16 0.1911
781.68 491.86 80.68 162.16 0.1911
891.56 327.85 80.32 161.51 0.1911
342.82 820.17 80.76 162.46 0.1910
854.82 929.67 80.76 162.46 0.1910
854.82 1039.17 80.76 162.46 0.1910
781.61 1258.17 80.82 162.45 0.1910
13.75 109.19 80.31 161.08 0.1910
452.48 929.78 80.78 162.30 0.1910
489.10 436.94 80.69 162.35 0.1910
562.24 436.94 80.69 162.35 0.1910
635.39 436.94 80.69 162.35 0.1910
671.96 436.94 80.69 162.35 0.1910
745.10 436.94 80.69 162.35 0.1910
818.24 436.94 80.69 162.35 0.1910
854.82 436.94 80.69 162.35 0.1910
269.63 163.32 80.73 162.23 0.1910
269.63 327.57 80.73 162.23 0.1910
635.35 820.32 80.73 162.23 0.1910
928.21 930.33 80.41 161.63 0.1910
598.78 1039.32 80.73 162.23 0.1910
635.35 1039.32 80.73 162.23 0.1910
928.21 1149.33 80.41 161.63 0.1910
123.34 272.68 80.81 162.42 0.1910
891.60 437.37 80.29 161.43 0.1910
489.07 601.24 80.75 162.31 0.1910
269.61 655.91 80.79 162.50 0.1910
379.32 820.16 80.79 162.50 0.1910
415.90 929.63 80.78 162.48 0.1910
123.33 1039.13 80.78 162.48 0.1910
306.20 163.15 80.75 162.42 0.1910
342.77 163.15 80.75 162.42 0.1910
379.34 163.15 80.75 162.42 0.1910
415.91 163.15 80.75 162.42 0.1910
452.49 163.15 80.75 162.42 0.1910
489.06 163.15 80.75 162.42 0.1910
525.63 163.15 80.75 162.42 0.1910
233.06 217.90 80.75 162.42 0.1910
306.20 272.65 80.75 162.42 0.1910
342.77 272.65 80.75 162.42 0.1910
415.91 272.65 80.75 162.42 0.1910
452.49 272.65 80.75 162.42 0.1910
342.77 382.15 80.75 162.42 0.1910
379.34 382.15 80.75 162.42 0.1910
415.91 382.15 80.75 162.42 0.1910
452.49 382.15 80.75 162.42 0.1910
525.63 436.90 80.75 162.42 0.1910
598.77 436.90 80.75 162.42 0.1910
708.49 436.90 80.75 162.42 0.1910
415.91 491.65 80.75 162.42 0.1910
452.49 491.65 80.75 162.42 0.1910
598.77 820.15 80.75 162.42 0.1910
671.91 820.15 80.75 162.42 0.1910
598.77 929.65 80.75 162.42 0.1910
635.34 929.65 80.75 162.42 0.1910
671.91 929.65 80.75 162.42 0.1910
13.83 1204.19 80.22 161.03 0.1910
891.75 1313.88 80.02 160.60 0.1910
708.53 929.79 80.72 162.29 0.1910
708.53 1039.29 80.72 162.29 0.1910
160.19 1313.43 80.34 161.48 0.1910
525.62 272.62 80.77 162.61 0.1909
159.89 272.70 80.81 162.38 0.1909
635.31 601.20 80.81 162.38 0.1909
671.89 601.20 80.81 162.38 0.1909
415.89 710.70 80.81 162.38 0.1909
745.03 1093.95 80.81 162.38 0.1909
306.13 491.67 80.84 162.43 0.1909
342.70 491.67 80.84 162.43 0.1909
415.97 1039.13 80.72 162.53 0.1909
343.08 1313.48 80.24 161.46 0.1909
379.65 1313.48 80.24 161.46 0.1909
416.22 1313.48 80.24 161.46 0.1909
196.49 163.25 80.78 162.36 0.1909
233.06 327.50 80.78 162.36 0.1909
306.20 382.25 80.78 162.36 0.1909
745.06 546.50 80.78 162.36 0.1909
415.91 601.25 80.78 162.36 0.1909
525.63 710.75 80.78 162.36 0.1909
671.91 710.75 80.78 162.36 0.1909
489.06 765.50 80.78 162.36 0.1909
708.49 765.50 80.78 162.36 0.1909
745.06 765.50 80.78 162.36 0.1909
562.19 820.08 80.80 162.54 0.1909
745.06 875.00 80.78 162.36 0.1909
525.63 929.75 80.78 162.36 0.1909
562.20 929.75 80.78 162.36 0.1909
562.20 1039.25 80.78 162.36 0.1909
671.91 1039.25 80.78 162.36 0.1909
269.60 436.89 80.85 162.50 0.1909
635.30 710.72 80.81 162.41 0.1909
854.86 710.71 80.72 162.37 0.1909
635.67 1313.49 80.16 161.49 0.1909
