0_Parade_marchingband_1_234
23
628.75 256.75 395.25 246.72 0.8174
295.31 295.60 355.97 301.50 0.6856
488.33 288.87 410.45 312.94 0.6254
370.50 428.54 351.82 254.46 0.4712
493.02 192.03 399.67 242.11 0.4376
228.49 353.26 203.39 308.30 0.3958
630.58 368.27 393.42 314.73 0.3043
190.54 341.22 129.58 338.55 0.2787
122.82 348.85 124.52 330.65 0.2281
216.48 268.82 227.16 242.21 0.2138
310.94 206.92 330.85 240.54 0.1539
565.69 144.91 458.31 200.01 0.1265
73.25 360.83 84.03 309.75 0.0929
496.28 95.87 402.66 178.55 0.0915
106.09 264.71 157.00 235.59 0.0632
12.76 420.58 42.35 262.42 0.0521
162.12 213.05 187.32 212.75 0.0486
363.98 146.88 374.98 202.20 0.0479
0.00 0.00 74.80 74.71 0.0370
667.23 0.00 356.77 83.86 0.0338
19.13 325.16 27.38 247.24 0.0328
644.98 25.49 379.02 155.02 0.0260
63.01 261.70 92.42 233.26 0.0216
