0_Parade_Parade_0_459
27
631.03 156.74 392.97 303.02 0.4720
314.54 162.18 467.01 276.09 0.2973
403.80 755.07 430.37 505.93 0.2080
295.24 108.40 362.73 204.13 0.1984
65.34 450.23 87.82 493.46 0.1834
96.47 764.68 167.78 496.32 0.1758
11.43 786.89 49.87 474.11 0.1677
133.85 763.56 389.99 497.44 0.1530
261.33 565.00 428.50 529.64 0.1486
47.67 757.48 126.23 503.52 0.1437
22.91 456.20 33.46 478.62 0.1432
137.59 561.42 238.61 504.41 0.1356
608.67 105.58 415.33 178.56 0.1225
636.59 28.66 387.41 96.41 0.1217
642.64 235.44 381.36 618.04 0.1211
94.48 443.07 173.82 507.00 0.1201
396.36 244.31 447.19 368.66 0.0985
622.32 766.03 401.68 494.97 0.0606
164.54 86.42 336.42 222.74 0.0425
2.34 0.00 63.48 132.31 0.0388
149.17 290.91 212.42 580.75 0.0322
275.91 34.89 399.37 83.10 0.0321
155.79 175.89 352.65 261.77 0.0317
441.03 490.79 507.73 662.51 0.0218
219.47 269.57 370.17 313.37 0.0214
19.19 258.27 33.61 378.53 0.0204
20.77 69.91 32.85 228.37 0.0200
