0_Parade_marchingband_1_78
41
600.11 147.85 423.89 217.47 0.8418
594.13 73.54 429.87 81.84 0.8085
291.90 159.02 365.70 194.85 0.6289
588.34 233.45 435.66 314.16 0.6209
74.05 251.83 70.73 294.10 0.6180
124.08 253.78 118.10 293.76 0.6179
418.17 174.13 408.75 304.98 0.6137
158.91 177.50 336.47 306.43 0.6034
351.02 114.00 394.87 141.01 0.5684
177.73 250.37 153.89 297.73 0.5668
286.31 239.78 377.48 312.43 0.5365
568.53 114.97 396.80 134.81 0.5129
605.32 439.63 418.68 292.37 0.5061
451.71 74.04 344.14 81.63 0.4954
577.10 25.64 377.20 39.04 0.4781
24.31 257.38 31.87 284.84 0.4523
142.51 300.67 372.69 337.86 0.4519
235.89 127.35 332.68 127.39 0.4348
54.09 432.56 111.39 299.44 0.3800
12.17 444.42 51.41 287.58 0.3781
107.17 447.38 149.62 284.62 0.3576
177.57 183.31 156.60 160.27 0.3223
289.43 449.48 370.20 282.52 0.3142
171.36 396.14 168.18 297.97 0.2830
446.96 23.93 351.35 34.89 0.2818
115.93 176.12 135.32 181.40 0.2730
66.45 174.33 89.53 192.91 0.2199
311.68 77.70 326.74 93.71 0.2180
436.01 394.96 368.49 305.71 0.2058
20.36 166.47 31.75 198.51 0.1872
182.33 125.79 150.33 130.28 0.1627
169.48 72.85 318.39 91.95 0.1053
125.54 127.43 117.86 127.88 0.1038
27.84 410.74 22.96 273.11 0.0907
19.59 109.03 27.18 155.94 0.0528
71.68 124.89 79.91 128.87 0.0527
308.68 19.90 332.20 38.37 0.0393
3.93 3.65 57.95 66.95 0.0373
115.04 72.08 133.55 82.30 0.0361
20.74 52.74 26.98 114.51 0.0254
66.47 71.62 86.52 78.23 0.0218
