0_Parade_Parade_0_72
22
627.15 339.37 396.85 318.54 0.6346
218.66 369.25 363.66 276.48 0.5246
419.67 399.93 403.03 342.43 0.4966
54.68 453.83 106.71 314.17 0.4173
129.20 470.26 397.19 297.74 0.4104
112.01 472.78 140.43 295.22 0.4041
13.17 462.00 54.89 306.00 0.3806
179.48 348.92 153.16 305.77 0.3034
104.34 283.87 158.09 293.98 0.1538
448.77 299.71 342.82 292.42 0.0930
625.93 212.37 398.07 281.10 0.0766
65.74 286.81 101.36 279.88 0.0698
18.87 365.38 28.82 271.10 0.0692
544.91 461.40 479.09 306.60 0.0599
641.33 102.90 382.67 186.49 0.0388
0.00 0.00 69.15 81.05 0.0369
624.91 50.67 399.09 139.73 0.0300
641.90 1.44 382.10 79.59 0.0286
18.25 91.60 37.33 201.79 0.0245
17.25 216.83 31.54 263.21 0.0239
19.18 43.26 37.17 143.16 0.0236
170.47 211.41 171.05 297.22 0.0222
