27_Spa_Spa_27_360
26
272.88 252.80 193.24 252.73 0.4538
138.89 222.65 280.29 336.05 0.2798
365.85 128.31 242.97 354.01 0.2010
130.87 116.00 228.52 301.19 0.1746
184.88 95.06 338.59 348.57 0.1625
130.51 366.86 210.71 134.91 0.1550
389.85 0.00 634.15 374.09 0.1483
395.85 413.16 359.05 112.04 0.1009
110.76 155.83 41.38 42.86 0.0996
41.62 194.82 28.02 40.67 0.0985
106.50 165.40 52.80 57.81 0.0962
77.32 153.22 31.74 41.36 0.0949
40.36 232.11 48.24 68.32 0.0930
54.21 186.10 79.26 107.87 0.0909
71.99 162.44 43.07 56.18 0.0881
35.56 205.98 42.01 65.60 0.0835
454.95 153.92 493.49 339.47 0.0824
293.71 59.21 431.08 340.21 0.0808
111.76 173.15 116.88 148.91 0.0792
202.14 391.39 230.11 121.77 0.0781
74.96 174.80 100.17 138.94 0.0710
52.04 230.90 65.03 107.03 0.0645
461.02 454.42 203.28 67.07 0.0584
403.81 326.42 465.46 220.53 0.0552
0.00 203.40 27.68 64.76 0.0548
684.15 138.01 339.85 254.39 0.0522
