27_Spa_Spa_27_109
48
185.81 309.83 24.84 25.08 0.2450
297.64 356.52 273.57 169.79 0.2186
190.05 354.88 70.77 65.96 0.2075
253.09 306.97 31.37 32.11 0.1852
471.95 299.93 171.54 131.72 0.1504
474.44 348.75 486.17 420.25 0.1419
183.48 312.90 42.90 46.80 0.1355
179.97 372.68 109.10 94.72 0.1346
507.14 327.30 82.32 65.95 0.1246
4.61 274.71 18.58 26.44 0.1211
9.05 302.37 18.01 25.19 0.1210
113.42 308.90 28.21 28.79 0.1190
225.31 304.50 26.75 28.32 0.1164
250.18 411.27 127.57 125.45 0.1163
85.66 307.51 24.17 23.84 0.1096
270.06 284.73 437.42 312.04 0.1019
8.86 324.73 19.97 32.57 0.1000
209.07 415.30 421.80 353.70 0.0942
131.78 385.61 115.36 92.37 0.0912
152.55 309.44 26.15 26.69 0.0910
295.20 255.12 253.20 208.61 0.0902
264.85 253.61 66.58 75.80 0.0886
208.59 393.44 117.68 155.26 0.0840
111.79 420.40 102.84 91.96 0.0770
258.91 275.86 34.28 40.87 0.0762
210.40 323.59 45.58 50.09 0.0747
265.07 365.06 130.78 106.27 0.0742
112.00 316.30 39.38 39.27 0.0735
1.45 428.86 24.89 62.01 0.0700
310.00 679.40 70.85 80.80 0.0692
258.95 632.28 85.41 114.20 0.0681
570.13 0.00 453.87 480.78 0.0678
252.64 199.01 130.44 169.44 0.0650
145.02 343.62 69.14 61.47 0.0650
254.24 334.31 111.54 81.74 0.0642
158.44 88.92 232.06 293.03 0.0636
189.61 653.72 78.77 86.49 0.0631
414.34 642.96 122.89 108.01 0.0628
546.17 290.42 103.00 94.79 0.0585
82.68 279.35 37.27 35.19 0.0567
131.24 683.73 76.09 76.31 0.0566
36.18 329.49 28.01 31.21 0.0563
76.64 326.38 35.96 39.08 0.0560
747.32 626.95 150.34 125.54 0.0551
4.99 339.49 24.88 40.69 0.0526
225.78 278.50 27.30 32.69 0.0510
550.19 656.78 85.94 84.25 0.0507
251.90 578.94 139.63 180.54 0.0504
