11_Meeting_Meeting_11_Meeting_Meeting_11_774
200
235.34 325.14 309.67 341.76 0.9850
379.32 320.81 319.43 349.80 0.9815
522.53 305.77 321.58 374.32 0.9760
166.94 333.43 186.66 349.57 0.9446
101.92 103.83 423.49 158.12 0.4234
617.89 337.77 406.11 301.92 0.2965
154.38 182.97 187.30 232.12 0.1337
55.52 337.33 154.56 344.65 0.1328
559.70 269.61 464.30 194.24 0.1119
56.07 359.98 75.36 156.50 0.1099
58.80 444.55 68.74 157.42 0.0797
593.83 150.09 430.17 175.72 0.0785
451.78 77.91 449.08 167.48 0.0735
51.78 527.19 80.41 143.49 0.0687
815.91 138.29 96.30 132.47 0.0680
55.11 96.09 78.39 130.83 0.0674
772.94 123.44 105.91 138.30 0.0673
30.10 388.56 62.66 151.02 0.0664
128.83 107.91 180.05 199.63 0.0654
25.75 518.29 69.52 155.26 0.0639
856.85 152.24 100.96 129.30 0.0634
152.29 273.99 349.90 216.08 0.0633
29.97 337.66 56.85 133.71 0.0633
415.20 357.50 148.40 99.79 0.0628
301.19 293.59 351.79 213.87 0.0625
761.49 346.98 114.67 123.23 0.0620
128.96 102.90 125.88 115.44 0.0617
107.28 406.32 104.82 160.95 0.0593
723.83 158.33 110.25 96.87 0.0583
507.56 349.45 109.39 131.15 0.0578
30.48 72.45 165.91 86.09 0.0575
44.71 316.59 75.98 111.89 0.0572
718.37 455.79 123.81 146.21 0.0567
26.79 121.19 63.92 120.11 0.0567
707.64 332.49 145.15 90.22 0.0563
156.74 65.80 241.19 150.69 0.0561
276.05 88.53 416.18 170.08 0.0561
545.46 457.44 126.68 127.79 0.0559
763.97 397.66 121.00 124.96 0.0559
98.37 75.42 185.35 83.17 0.0557
586.05 526.12 107.55 132.43 0.0557
342.87 350.53 142.67 107.68 0.0556
477.78 516.45 106.65 150.91 0.0554
678.32 345.03 132.57 116.98 0.0554
715.56 375.17 136.52 124.34 0.0552
578.76 346.93 114.00 130.78 0.0550
58.86 48.02 204.49 200.20 0.0550
99.87 345.24 115.82 127.76 0.0549
271.50 462.58 123.36 136.02 0.0546
619.92 489.30 104.73 142.14 0.0543
253.19 381.22 103.72 149.66 0.0542
366.48 410.10 102.25 156.57 0.0539
448.73 48.27 159.80 73.85 0.0538
796.89 437.24 112.37 140.96 0.0536
653.38 456.69 108.07 137.78 0.0533
604.55 427.00 129.02 129.97 0.0532
375.93 334.18 155.57 88.64 0.0532
357.76 143.25 373.79 172.11 0.0532
430.43 450.32 114.97 150.26 0.0532
689.24 393.81 106.19 144.57 0.0530
308.27 329.38 146.57 95.86 0.0530
0.00 524.70 63.65 139.65 0.0527
831.10 97.28 98.41 127.20 0.0527
222.98 409.21 103.84 152.72 0.0524
209.90 341.53 120.88 136.00 0.0523
397.34 367.31 115.89 143.65 0.0521
683.03 499.56 124.40 128.17 0.0520
765.35 486.11 118.48 145.37 0.0519
548.66 384.52 108.29 150.23 0.0517
335.82 450.41 101.21 142.12 0.0515
465.93 367.20 115.84 138.26 0.0514
183.37 387.59 108.50 150.99 0.0514
3.65 374.28 62.53 120.07 0.0512
0.25 422.73 64.76 132.54 0.0509
241.88 329.28 134.91 105.30 0.0509
211.44 150.97 322.40 202.24 0.0508
821.65 338.93 144.47 130.97 0.0506
627.54 311.63 109.87 135.55 0.0505
132.68 326.72 128.78 102.10 0.0499
373.61 41.56 160.16 72.32 0.0499
657.04 47.68 161.80 71.59 0.0498
456.96 433.57 133.18 120.03 0.0495
325.84 380.56 109.92 156.91 0.0495
505.82 495.15 130.93 132.00 0.0488
676.10 138.22 114.04 113.83 0.0486
145.03 444.46 109.76 152.26 0.0484
541.15 319.11 112.70 126.77 0.0482
814.89 44.57 156.64 77.56 0.0482
642.15 377.50 132.82 118.39 0.0481
367.83 41.92 376.08 135.87 0.0476
686.10 291.92 121.63 110.44 0.0475
725.02 44.22 171.59 70.36 0.0475
129.80 378.11 140.74 115.10 0.0474
24.56 281.96 56.41 128.00 0.0474
0.00 590.83 43.42 92.17 0.0468
772.51 195.51 160.06 95.68 0.0468
33.05 481.61 66.08 119.60 0.0465
279.56 350.92 123.99 125.33 0.0464
226.98 476.15 101.67 156.70 0.0457
854.67 216.64 112.96 99.74 0.0456
393.83 0.00 131.60 49.07 0.0449
596.35 38.05 141.32 81.39 0.0449
40.95 32.73 96.96 113.65 0.0448
780.65 326.25 147.37 104.91 0.0448
826.35 386.95 121.12 162.43 0.0448
76.13 457.53 111.12 138.47 0.0447
466.09 334.77 126.25 91.80 0.0446
431.53 54.19 118.27 124.82 0.0445
437.99 268.21 356.60 211.75 0.0444
723.60 93.64 98.78 114.41 0.0443
648.22 523.43 124.51 147.93 0.0442
789.82 73.09 112.44 129.30 0.0442
109.96 488.94 110.51 145.02 0.0442
363.76 515.61 109.65 151.14 0.0432
740.52 301.21 151.45 95.85 0.0431
291.07 508.36 106.58 151.24 0.0431
224.71 95.83 95.02 122.59 0.0429
625.53 163.73 111.26 130.93 0.0429
734.18 521.01 109.69 152.60 0.0429
723.83 193.93 121.52 111.65 0.0426
13.24 37.19 83.30 80.05 0.0420
770.51 26.01 161.18 60.35 0.0419
441.15 0.00 136.66 67.68 0.0416
22.39 67.78 61.94 120.81 0.0415
0.00 361.82 32.47 110.28 0.0414
697.39 29.09 156.24 62.50 0.0412
811.60 12.09 164.72 56.93 0.0411
305.47 41.86 135.44 94.78 0.0406
399.03 493.06 113.72 132.98 0.0405
0.00 457.87 37.57 115.16 0.0403
658.82 10.76 141.89 63.90 0.0402
186.27 508.00 106.01 125.61 0.0401
69.94 124.34 136.38 308.38 0.0399
159.89 131.68 101.01 141.25 0.0397
175.57 308.64 111.23 96.37 0.0396
196.12 55.06 95.17 110.23 0.0395
3.32 328.57 58.02 113.73 0.0393
411.69 557.50 150.50 94.76 0.0392
2.15 4.93 94.20 59.82 0.0382
320.57 0.00 134.97 35.64 0.0381
74.72 521.65 110.68 138.54 0.0379
459.15 26.59 174.91 65.51 0.0379
129.85 537.54 114.55 129.35 0.0378
366.22 209.35 329.29 218.71 0.0374
62.26 301.99 117.97 109.85 0.0374
649.91 59.42 117.72 154.34 0.0371
737.00 32.15 110.44 150.37 0.0369
628.44 250.38 101.87 135.35 0.0361
358.20 78.35 116.78 121.37 0.0360
576.63 291.46 122.57 111.37 0.0359
825.66 290.79 151.66 98.80 0.0358
84.70 34.47 152.23 95.96 0.0354
281.63 299.11 117.29 106.23 0.0354
853.81 449.90 145.17 156.40 0.0353
224.62 38.44 123.61 100.20 0.0352
2.28 185.16 73.88 144.47 0.0351
1.99 95.83 66.85 114.82 0.0348
35.42 19.64 106.26 65.65 0.0348
535.73 45.38 127.20 83.58 0.0347
503.41 195.95 360.47 210.20 0.0347
427.09 294.71 123.70 111.04 0.0346
102.12 131.11 117.37 168.21 0.0343
494.10 589.77 151.14 93.23 0.0342
126.34 234.86 160.04 267.70 0.0342
507.15 46.89 109.35 137.34 0.0340
350.89 296.36 126.60 102.39 0.0340
760.81 217.76 118.98 140.37 0.0338
577.58 0.00 140.40 54.26 0.0332
868.00 382.71 130.29 136.98 0.0331
607.99 140.97 109.30 99.10 0.0330
268.75 89.87 104.01 136.28 0.0330
708.39 0.00 171.76 45.86 0.0329
200.48 263.94 107.83 120.33 0.0326
62.63 0.00 131.83 38.14 0.0324
560.93 202.29 155.56 95.97 0.0323
591.78 42.34 108.21 152.25 0.0320
721.11 250.58 122.14 122.37 0.0319
227.74 0.00 155.20 32.46 0.0319
670.06 184.54 109.77 137.08 0.0318
210.42 137.67 114.87 155.43 0.0317
513.74 296.06 103.68 109.86 0.0315
0.00 6.75 59.23 122.90 0.0311
889.04 187.08 113.92 96.52 0.0311
162.32 0.00 159.37 26.74 0.0310
91.66 8.84 152.11 70.89 0.0310
509.69 9.76 159.24 63.71 0.0308
842.95 0.00 90.30 111.99 0.0308
887.19 120.27 106.64 123.62 0.0308
479.55 0.00 328.13 110.17 0.0307
452.21 194.23 149.34 98.68 0.0307
238.40 206.04 103.37 140.24 0.0307
115.13 0.00 142.19 34.58 0.0301
78.47 271.67 210.72 88.64 0.0299
784.63 0.00 176.20 42.68 0.0297
756.94 0.00 267.06 121.51 0.0293
400.33 81.02 109.74 158.80 0.0293
159.37 203.24 124.09 129.82 0.0292
582.78 235.80 116.90 113.43 0.0289
341.93 553.23 84.52 120.39 0.0288
323.99 0.00 110.40 91.96 0.0288
