11_Meeting_Meeting_11_Meeting_Meeting_11_573
173
547.41 171.48 357.27 270.70 0.5329
144.51 168.29 411.70 258.84 0.4942
77.48 135.37 215.83 321.54 0.2401
638.62 132.34 385.38 203.62 0.1776
135.64 223.92 250.13 306.80 0.1260
221.73 257.39 356.39 289.94 0.1238
148.68 330.40 214.41 352.60 0.1146
462.41 134.84 351.55 199.83 0.1038
72.97 103.84 458.64 181.27 0.1023
349.04 318.71 387.24 322.16 0.0956
486.77 236.29 319.41 315.16 0.0951
53.55 167.83 80.69 140.21 0.0908
539.72 340.90 302.49 342.10 0.0836
20.70 100.51 188.10 300.69 0.0791
649.77 402.38 105.11 141.77 0.0681
40.80 226.38 91.60 158.16 0.0653
268.49 414.25 266.06 268.75 0.0652
276.24 120.75 345.63 229.99 0.0645
395.02 82.82 374.85 179.86 0.0630
96.77 136.02 133.89 121.11 0.0624
52.81 533.43 76.92 140.61 0.0618
443.12 478.68 103.05 135.18 0.0614
39.42 116.25 94.76 136.91 0.0608
539.73 178.47 141.87 134.86 0.0602
150.12 193.31 145.90 132.65 0.0587
815.60 166.69 114.83 125.44 0.0582
46.15 300.15 81.19 144.01 0.0567
52.27 360.32 83.22 143.89 0.0560
352.44 453.71 108.61 131.88 0.0559
24.38 164.28 71.25 103.70 0.0547
508.32 469.25 102.08 131.43 0.0537
178.89 321.68 110.32 149.40 0.0533
37.42 182.49 181.62 107.30 0.0532
28.07 293.27 182.87 383.03 0.0532
573.79 407.51 128.40 126.87 0.0526
0.00 179.24 68.17 112.77 0.0525
99.78 206.80 120.23 131.56 0.0513
541.44 441.29 121.50 142.56 0.0510
258.23 338.91 157.73 144.73 0.0506
275.82 463.57 122.49 131.97 0.0503
729.01 398.52 122.60 126.84 0.0500
676.69 379.58 131.90 124.67 0.0499
512.93 227.29 136.74 151.00 0.0496
399.51 458.26 121.06 120.43 0.0496
0.00 48.28 239.35 189.07 0.0486
473.60 436.02 111.93 131.07 0.0486
213.89 219.10 134.21 140.31 0.0475
227.14 472.97 101.29 138.29 0.0474
22.09 326.55 73.02 156.29 0.0465
67.87 21.68 62.80 117.02 0.0464
545.23 290.90 128.53 138.14 0.0464
51.83 442.32 78.97 163.87 0.0463
569.36 339.23 139.07 131.89 0.0463
25.80 252.16 69.51 165.70 0.0461
146.83 238.33 112.38 141.75 0.0457
18.62 27.72 72.01 140.49 0.0455
290.43 395.11 118.71 140.25 0.0455
354.37 344.46 114.86 113.35 0.0454
340.89 323.69 99.44 94.62 0.0452
103.31 401.87 123.04 131.22 0.0450
0.00 0.00 65.84 61.12 0.0444
141.99 353.60 109.69 141.30 0.0444
144.14 440.90 108.36 129.52 0.0441
569.78 261.41 143.30 119.96 0.0435
675.92 283.99 348.08 261.07 0.0435
107.27 476.17 115.88 121.17 0.0435
90.91 292.51 135.36 136.48 0.0433
9.04 38.91 450.72 133.53 0.0430
21.43 395.04 74.59 157.82 0.0423
221.65 284.95 134.07 152.22 0.0421
83.22 545.75 108.03 126.53 0.0419
674.36 437.83 124.47 132.31 0.0419
28.56 99.80 74.35 109.99 0.0411
184.48 444.32 128.76 128.32 0.0407
617.37 495.36 114.36 146.63 0.0405
0.00 143.92 48.40 107.22 0.0398
660.17 542.40 104.43 130.12 0.0397
222.25 197.89 162.51 84.03 0.0396
177.66 395.77 103.54 133.75 0.0393
809.77 223.78 111.28 134.31 0.0391
66.78 431.20 117.59 132.15 0.0386
363.29 400.33 105.94 137.02 0.0386
542.81 173.19 191.27 71.63 0.0386
27.33 5.66 102.73 77.11 0.0384
579.64 193.23 80.43 92.67 0.0382
211.35 166.45 77.63 98.03 0.0381
278.16 277.47 124.29 106.50 0.0374
513.85 388.61 114.68 145.16 0.0373
848.69 490.20 112.70 134.30 0.0373
653.97 348.84 173.28 97.97 0.0372
0.00 229.78 74.53 140.96 0.0371
611.72 378.26 133.99 113.81 0.0365
28.26 487.53 65.47 161.82 0.0363
227.30 23.12 428.45 164.28 0.0361
810.36 167.63 213.64 266.01 0.0360
225.00 400.32 112.96 138.36 0.0356
798.28 385.31 132.56 151.21 0.0356
575.75 0.00 393.03 140.52 0.0354
0.00 376.43 61.07 124.37 0.0352
127.65 536.50 103.12 127.02 0.0352
276.87 194.87 143.08 141.95 0.0352
793.06 448.04 121.29 143.57 0.0351
525.40 502.27 104.83 153.62 0.0351
0.00 0.00 150.55 42.20 0.0350
438.37 29.56 435.59 159.39 0.0345
0.00 80.26 69.09 126.22 0.0343
403.99 505.14 98.96 128.43 0.0342
393.19 376.07 120.08 133.55 0.0342
832.57 119.69 136.00 109.96 0.0341
357.00 0.00 395.97 142.45 0.0336
734.62 454.83 102.83 143.79 0.0329
155.82 104.99 100.43 94.99 0.0328
331.58 500.41 100.10 129.48 0.0328
64.36 256.32 124.49 139.88 0.0327
610.90 304.30 132.87 134.20 0.0327
491.05 356.63 138.92 101.03 0.0327
848.60 257.11 118.08 155.01 0.0325
613.19 465.72 147.07 106.31 0.0319
739.95 523.69 99.16 143.21 0.0318
19.21 50.38 157.81 102.00 0.0318
0.00 300.82 62.46 145.59 0.0316
67.28 92.47 263.46 79.61 0.0312
188.49 213.59 316.25 82.06 0.0310
583.94 530.15 113.36 142.12 0.0310
0.00 427.31 62.17 138.04 0.0306
152.86 493.10 108.18 134.53 0.0298
860.88 194.02 138.18 139.71 0.0297
451.56 407.09 91.50 136.76 0.0296
0.00 605.22 45.31 77.78 0.0295
859.06 530.48 130.71 142.05 0.0293
122.47 49.22 73.92 114.33 0.0289
0.00 15.77 61.57 103.97 0.0289
631.21 557.58 89.55 125.42 0.0284
778.78 271.86 105.76 147.51 0.0283
266.25 0.00 249.68 134.15 0.0281
68.25 131.98 329.21 74.95 0.0275
699.60 487.89 104.76 140.48 0.0274
817.97 530.72 106.35 134.82 0.0273
75.29 0.00 86.56 101.05 0.0269
624.00 210.77 109.61 129.45 0.0269
705.93 549.52 97.64 133.48 0.0266
19.30 624.39 120.12 58.61 0.0266
732.58 313.29 109.51 124.87 0.0265
182.22 155.03 305.45 72.68 0.0265
354.30 244.88 199.92 173.17 0.0264
0.00 536.46 64.91 126.68 0.0263
789.78 553.40 93.48 129.60 0.0262
443.68 135.06 534.77 62.97 0.0258
0.00 236.37 199.13 239.85 0.0257
106.16 107.66 84.20 94.65 0.0256
674.08 283.21 184.10 104.99 0.0253
573.43 246.49 231.72 94.26 0.0248
99.69 0.00 171.66 17.67 0.0244
846.93 372.04 113.33 131.89 0.0243
0.00 0.00 196.93 113.64 0.0241
811.81 84.95 172.47 102.38 0.0241
724.19 212.20 172.46 118.70 0.0236
853.38 406.99 138.36 180.92 0.0236
266.47 514.70 103.60 158.67 0.0235
201.73 526.36 92.41 131.15 0.0230
959.07 0.00 64.93 6.90 0.0229
470.08 308.02 137.13 121.11 0.0218
967.54 0.00 56.46 73.45 0.0218
370.51 337.17 214.89 106.35 0.0217
503.96 134.32 139.97 124.09 0.0211
759.84 341.04 110.91 138.54 0.0211
454.80 384.98 144.74 109.58 0.0210
529.53 145.85 227.84 67.62 0.0209
353.96 540.01 129.25 117.56 0.0208
115.04 0.00 256.64 134.08 0.0208
602.64 153.25 78.52 115.16 0.0203
684.87 240.38 96.28 111.05 0.0202
882.81 294.77 122.40 142.77 0.0200
