7_Cheering_Cheering_7_500
182
207.09 76.79 449.49 171.84 0.4523
636.88 335.86 387.12 226.12 0.1208
156.54 97.63 272.60 262.19 0.1091
546.41 145.93 477.59 205.25 0.1078
476.10 73.91 441.59 202.19 0.0994
396.86 339.29 323.15 338.82 0.0817
295.64 118.59 451.91 225.78 0.0800
136.19 200.74 233.70 325.27 0.0787
156.07 389.83 202.77 345.17 0.0720
484.03 296.66 387.82 311.28 0.0710
492.99 446.48 273.89 288.52 0.0709
209.21 130.20 365.90 305.77 0.0688
159.34 56.56 256.29 164.52 0.0652
20.04 302.23 199.83 426.60 0.0648
156.42 44.90 162.34 78.56 0.0619
463.41 163.28 348.47 308.56 0.0601
223.25 50.83 171.47 81.14 0.0570
92.03 80.84 215.14 322.37 0.0559
260.42 73.26 171.52 99.54 0.0555
234.40 88.75 130.34 152.17 0.0553
213.23 351.98 363.25 313.45 0.0552
169.51 91.76 133.40 144.19 0.0547
0.00 0.00 62.68 41.68 0.0543
799.10 347.60 120.99 116.48 0.0511
40.82 192.27 77.31 172.85 0.0502
791.25 314.11 172.02 106.64 0.0496
110.87 25.38 174.93 67.04 0.0491
0.00 62.67 233.21 198.80 0.0469
0.00 7.23 77.08 113.69 0.0463
141.59 52.60 121.84 134.76 0.0453
315.92 89.47 118.35 152.01 0.0452
455.71 285.11 113.84 166.16 0.0443
304.15 47.04 147.43 90.16 0.0439
93.70 129.24 122.65 133.75 0.0439
414.51 273.08 103.87 167.95 0.0437
32.94 120.60 194.51 416.91 0.0428
94.62 45.43 154.57 83.16 0.0423
200.40 66.33 140.16 112.44 0.0418
33.75 0.00 88.87 90.59 0.0415
486.39 348.95 103.80 141.00 0.0411
445.64 229.84 117.32 151.31 0.0403
482.12 425.86 108.98 147.03 0.0400
345.12 73.54 126.35 111.17 0.0396
66.44 233.19 86.19 132.83 0.0391
393.55 93.34 119.51 125.92 0.0388
183.58 0.00 317.66 147.65 0.0384
264.50 2.57 134.15 80.86 0.0379
787.00 489.82 165.02 108.14 0.0375
76.86 4.29 163.54 71.07 0.0375
54.77 110.03 74.56 168.60 0.0374
359.91 306.31 127.36 131.39 0.0370
61.06 185.99 138.83 145.48 0.0370
22.60 229.65 59.49 169.99 0.0369
826.99 276.54 120.88 111.74 0.0364
374.73 233.08 137.19 126.05 0.0361
380.21 0.00 346.09 128.75 0.0358
622.05 4.45 140.68 70.89 0.0356
157.38 130.59 107.93 171.30 0.0354
324.51 448.62 282.77 286.38 0.0354
414.27 351.74 106.83 155.86 0.0353
660.90 27.36 129.62 87.95 0.0352
193.76 5.86 132.98 74.35 0.0348
731.54 27.39 123.23 98.09 0.0347
514.74 464.02 109.17 173.61 0.0344
428.73 70.33 120.00 119.98 0.0343
446.37 48.39 151.00 82.40 0.0341
364.78 27.81 127.11 95.13 0.0337
477.07 84.29 116.75 162.97 0.0336
723.41 331.92 108.79 128.41 0.0334
318.18 0.00 168.86 45.40 0.0333
584.69 27.10 142.41 79.93 0.0333
698.49 145.09 97.13 165.70 0.0327
35.58 269.78 104.78 165.60 0.0326
826.74 371.49 126.41 139.27 0.0326
731.42 0.00 132.99 67.70 0.0326
420.08 439.42 133.29 118.84 0.0325
643.39 0.00 184.51 38.53 0.0323
85.15 2.46 244.93 232.49 0.0322
510.08 0.00 133.90 68.86 0.0320
511.71 293.21 114.73 160.43 0.0320
872.21 428.00 124.61 133.02 0.0320
58.58 500.79 81.10 184.77 0.0318
437.07 478.87 101.38 122.83 0.0318
771.79 320.68 101.90 114.08 0.0316
397.15 0.00 134.02 63.93 0.0316
26.91 74.91 85.11 135.28 0.0314
433.05 110.29 121.85 168.26 0.0313
1.33 31.12 177.06 82.91 0.0313
518.56 27.25 117.62 102.03 0.0313
546.10 365.13 115.14 156.15 0.0313
834.46 200.89 119.78 128.20 0.0309
807.59 26.77 116.82 101.63 0.0307
675.74 118.11 95.88 104.03 0.0307
42.16 344.19 84.39 178.06 0.0306
472.53 213.25 152.18 125.44 0.0306
43.95 0.00 128.19 46.37 0.0306
122.52 0.00 186.40 44.87 0.0300
548.74 0.00 328.20 122.90 0.0300
25.52 159.21 64.32 153.58 0.0296
792.58 403.48 130.77 156.65 0.0293
763.78 0.00 260.22 131.12 0.0293
356.68 119.45 122.00 157.36 0.0290
47.95 81.52 130.97 133.86 0.0289
802.84 0.00 123.96 62.51 0.0287
799.65 169.88 121.61 118.28 0.0285
396.74 141.12 119.98 169.75 0.0284
58.30 365.15 134.14 122.22 0.0281
328.63 0.00 101.92 90.71 0.0279
123.05 384.95 99.29 147.40 0.0276
575.83 0.00 167.04 44.89 0.0275
740.98 171.42 112.78 152.78 0.0273
814.33 135.80 144.95 115.90 0.0272
81.67 382.20 95.16 205.15 0.0271
89.33 482.08 103.78 168.77 0.0270
516.33 65.41 111.04 125.94 0.0270
865.55 489.35 129.58 136.19 0.0270
426.25 13.15 98.07 130.58 0.0269
434.60 0.00 159.57 43.20 0.0267
639.44 139.47 104.48 121.92 0.0267
791.67 232.37 121.59 137.49 0.0266
190.86 493.58 109.79 138.37 0.0265
32.41 446.96 123.63 134.42 0.0264
554.66 264.24 113.07 152.13 0.0264
389.30 472.12 108.43 114.34 0.0263
22.13 581.23 72.93 151.42 0.0259
853.90 0.00 103.78 84.91 0.0259
44.27 22.04 86.51 124.83 0.0254
133.40 516.75 133.64 137.93 0.0254
343.65 530.42 96.44 160.21 0.0254
667.47 310.66 101.48 171.38 0.0254
0.00 653.35 43.78 81.65 0.0251
521.75 415.21 157.39 162.32 0.0250
0.00 194.02 60.89 126.83 0.0250
714.09 128.50 137.27 129.64 0.0248
757.91 66.44 117.25 111.24 0.0247
796.74 88.36 116.54 121.08 0.0247
702.44 551.36 113.26 119.92 0.0245
632.98 369.64 110.66 155.70 0.0243
249.87 146.92 118.41 167.72 0.0243
599.78 291.10 106.10 159.87 0.0240
11.88 397.89 93.57 146.63 0.0240
343.31 340.53 101.94 157.94 0.0237
946.57 0.00 77.43 76.75 0.0236
338.92 215.60 118.80 127.08 0.0235
319.20 503.88 111.05 110.72 0.0235
556.97 96.29 111.62 149.52 0.0234
698.50 69.25 107.00 140.85 0.0234
15.72 287.38 75.45 180.96 0.0233
221.39 244.10 115.44 154.74 0.0230
765.48 391.17 98.63 126.14 0.0230
0.00 132.71 62.45 130.36 0.0229
559.72 584.08 115.20 150.43 0.0228
662.97 570.10 109.39 161.10 0.0228
863.30 339.11 142.30 117.95 0.0227
374.63 497.42 102.08 147.89 0.0226
618.47 110.52 92.99 112.03 0.0224
757.70 500.04 136.22 157.89 0.0224
669.33 241.83 101.48 127.07 0.0223
597.92 655.91 200.60 79.09 0.0222
129.30 450.08 195.03 88.39 0.0220
824.04 560.81 199.96 120.87 0.0220
875.88 280.67 120.22 114.05 0.0217
563.33 378.79 438.35 354.94 0.0217
20.06 503.79 74.72 157.31 0.0217
141.88 405.12 194.62 96.39 0.0216
534.64 219.49 148.77 130.63 0.0215
103.42 303.14 126.77 157.55 0.0214
414.57 507.82 100.19 149.23 0.0213
0.68 56.38 74.37 122.29 0.0212
314.03 575.25 107.04 155.89 0.0211
527.35 566.96 112.15 120.21 0.0210
704.87 276.85 119.08 121.72 0.0209
740.54 456.58 106.78 155.55 0.0209
647.79 55.06 111.42 122.68 0.0209
0.00 370.61 55.83 148.54 0.0207
651.98 189.23 92.44 129.26 0.0205
519.37 128.63 114.97 172.52 0.0204
267.27 652.89 210.08 82.11 0.0204
579.06 57.57 113.06 125.58 0.0203
224.25 513.89 115.61 155.94 0.0202
58.66 603.62 71.63 123.47 0.0201
829.66 55.18 110.36 118.14 0.0201
