7_Cheering_Cheering_7_386
183
372.86 354.52 342.27 397.04 0.7282
252.84 364.67 294.14 401.33 0.5676
526.69 352.84 343.45 301.30 0.5212
151.88 367.97 222.16 381.68 0.3451
538.61 294.28 485.39 247.84 0.2238
99.99 322.97 186.36 323.85 0.1594
427.09 278.06 362.41 291.53 0.1391
134.39 276.12 365.33 273.93 0.1212
321.10 288.79 295.91 300.13 0.1160
77.16 144.37 429.98 228.94 0.1121
33.43 47.43 219.30 313.35 0.1053
45.48 345.43 155.37 407.23 0.1035
44.73 475.17 84.35 176.16 0.0894
84.47 167.79 209.98 324.34 0.0845
49.07 386.46 85.07 154.05 0.0776
700.24 273.79 115.61 155.02 0.0698
546.83 361.86 144.46 109.20 0.0663
25.79 176.63 78.53 144.45 0.0657
215.35 358.22 132.47 128.31 0.0649
239.29 214.96 335.01 266.07 0.0643
22.65 362.93 72.23 165.57 0.0628
24.85 435.09 67.11 163.42 0.0587
213.10 421.48 119.91 142.64 0.0585
321.82 362.21 126.40 126.94 0.0573
337.70 160.47 390.84 222.20 0.0571
74.35 487.10 122.25 137.43 0.0566
51.35 315.55 81.76 154.37 0.0563
110.84 312.23 106.31 143.67 0.0563
800.08 386.36 130.80 129.23 0.0563
286.65 390.98 133.60 133.18 0.0561
728.21 596.21 105.50 147.61 0.0560
393.75 361.07 133.19 120.58 0.0559
653.55 300.68 127.51 108.14 0.0557
257.25 506.52 156.20 109.87 0.0555
497.68 215.48 386.62 257.78 0.0554
800.94 563.26 125.44 133.97 0.0552
53.16 210.62 88.56 165.52 0.0549
503.42 356.81 121.52 133.34 0.0547
570.04 146.92 453.96 219.51 0.0543
574.23 604.22 116.42 128.77 0.0540
98.39 372.57 114.33 159.06 0.0538
167.87 386.83 138.91 136.33 0.0537
351.35 399.42 120.54 171.10 0.0533
214.45 511.69 122.45 168.24 0.0530
130.59 355.01 134.42 131.31 0.0530
566.35 410.26 118.32 162.66 0.0528
312.56 588.48 121.88 155.38 0.0527
606.02 327.19 131.75 127.17 0.0527
88.76 46.82 314.28 170.73 0.0527
756.18 279.99 108.73 148.62 0.0526
247.06 87.04 433.47 209.14 0.0521
538.50 559.41 123.44 151.53 0.0521
695.74 387.13 155.28 102.70 0.0517
1.84 407.79 63.01 146.34 0.0517
385.56 431.22 146.95 120.74 0.0515
153.93 336.61 152.10 92.38 0.0515
782.72 444.96 138.61 161.49 0.0514
462.61 385.37 132.78 135.96 0.0511
0.00 376.34 42.07 118.79 0.0507
120.57 431.89 149.17 117.86 0.0507
39.87 122.25 108.22 149.10 0.0503
437.79 314.69 106.56 148.12 0.0497
345.18 327.88 145.18 108.28 0.0496
260.92 306.36 111.98 154.11 0.0492
301.37 541.38 149.54 116.70 0.0491
728.09 475.73 120.88 164.64 0.0491
342.36 486.13 140.25 155.14 0.0488
206.39 582.08 117.81 147.48 0.0482
0.80 482.62 69.74 142.43 0.0481
648.21 613.06 131.19 126.77 0.0479
759.61 407.49 119.49 155.84 0.0474
32.52 543.01 65.54 119.89 0.0473
286.73 277.83 128.11 137.70 0.0469
137.09 532.21 118.25 186.98 0.0466
541.89 459.94 123.71 168.26 0.0463
0.00 161.01 62.89 139.68 0.0463
650.62 419.96 128.94 131.76 0.0461
62.91 539.43 115.61 158.38 0.0461
26.08 244.76 73.40 171.17 0.0459
298.12 467.68 148.74 115.43 0.0458
641.17 351.06 146.05 128.84 0.0458
621.56 554.03 107.91 167.14 0.0457
466.20 93.60 425.95 202.34 0.0457
635.11 473.57 132.96 147.71 0.0453
23.36 98.05 67.06 155.45 0.0452
247.70 603.09 127.96 154.12 0.0451
769.98 520.08 111.62 133.01 0.0450
175.54 459.37 121.79 133.41 0.0449
704.91 244.38 165.15 119.36 0.0446
555.57 304.61 159.83 94.96 0.0446
127.63 487.45 132.50 143.00 0.0445
458.19 528.30 136.99 138.85 0.0441
754.35 342.22 131.70 132.44 0.0434
503.69 606.88 125.60 131.05 0.0434
50.37 569.98 75.42 182.66 0.0429
782.47 260.62 134.63 138.88 0.0426
605.07 432.63 129.12 155.01 0.0425
580.84 504.89 118.71 156.75 0.0424
634.32 257.52 133.37 108.15 0.0422
231.31 278.52 102.06 138.02 0.0420
106.78 287.90 176.34 105.08 0.0419
261.18 244.70 108.75 134.84 0.0416
396.56 576.44 115.06 162.78 0.0416
503.69 402.82 133.05 157.30 0.0414
691.70 526.11 111.28 134.97 0.0413
293.40 221.98 126.53 133.17 0.0407
625.22 408.07 351.22 357.93 0.0403
0.00 220.03 67.24 163.35 0.0403
463.39 445.33 123.96 150.14 0.0403
596.53 364.10 150.43 168.38 0.0399
394.02 514.65 131.79 154.92 0.0397
74.82 279.19 115.81 136.59 0.0388
0.00 314.55 66.58 143.71 0.0387
61.72 50.62 77.12 158.30 0.0386
190.84 237.46 103.14 144.85 0.0381
0.00 0.00 65.29 69.57 0.0375
219.82 207.99 108.34 138.35 0.0374
17.00 25.42 81.59 116.40 0.0374
59.10 151.22 121.98 175.98 0.0372
488.73 513.50 149.65 105.90 0.0365
525.95 286.84 94.59 143.19 0.0365
403.91 282.94 113.05 138.16 0.0364
69.33 241.08 157.10 121.69 0.0358
376.13 247.85 101.81 136.45 0.0357
681.49 585.20 131.68 110.91 0.0341
467.84 284.40 116.20 138.65 0.0337
634.69 220.56 154.01 96.24 0.0334
89.93 609.49 126.60 112.98 0.0333
0.00 214.31 209.44 243.99 0.0328
0.00 122.61 48.95 124.57 0.0326
385.39 45.02 415.15 153.81 0.0325
591.34 257.62 103.21 122.07 0.0322
773.40 600.40 95.31 165.60 0.0316
168.53 600.42 88.19 165.58 0.0313
75.08 121.82 163.71 130.80 0.0312
248.31 188.35 121.93 121.36 0.0311
848.40 583.78 135.80 145.74 0.0311
312.31 175.13 99.48 131.33 0.0305
143.01 0.00 237.66 137.99 0.0304
415.97 206.08 103.27 144.84 0.0303
850.17 243.56 104.04 129.79 0.0302
433.62 241.36 122.54 150.63 0.0300
848.33 337.01 106.42 128.13 0.0297
602.50 660.30 144.08 105.70 0.0294
860.22 446.18 123.44 138.37 0.0291
0.00 0.00 191.29 123.12 0.0287
784.82 218.05 98.58 131.82 0.0286
27.86 0.00 85.25 94.09 0.0285
769.13 0.00 254.87 126.85 0.0285
0.00 516.86 36.85 124.05 0.0284
259.31 0.00 330.30 122.55 0.0283
551.83 0.00 329.25 122.15 0.0282
683.30 662.08 130.38 103.92 0.0281
147.89 205.42 114.03 143.41 0.0281
405.43 0.00 330.69 121.89 0.0277
953.84 0.00 70.16 83.96 0.0275
0.00 550.51 63.69 153.11 0.0273
0.00 679.36 45.71 86.64 0.0267
612.58 183.33 116.70 124.41 0.0263
848.98 386.09 159.78 108.76 0.0261
489.07 203.57 102.75 135.47 0.0259
65.61 0.00 85.80 100.63 0.0257
87.93 61.58 102.67 146.72 0.0256
879.80 542.08 116.98 131.07 0.0251
357.69 185.51 119.12 128.05 0.0250
108.81 689.18 155.44 76.82 0.0249
180.09 181.97 117.06 129.00 0.0247
0.00 41.98 70.56 158.24 0.0243
0.00 0.00 168.79 43.19 0.0243
496.82 688.50 176.50 77.50 0.0241
494.11 244.39 150.32 128.43 0.0238
570.03 215.30 137.53 123.21 0.0237
792.74 635.19 148.69 121.56 0.0227
473.11 605.63 78.13 139.74 0.0227
374.43 613.03 91.05 136.57 0.0223
0.00 19.14 53.88 114.54 0.0218
906.82 440.80 117.18 108.92 0.0216
451.64 177.13 101.87 140.96 0.0211
855.99 0.00 98.05 89.51 0.0208
192.94 653.40 112.41 112.60 0.0205
84.79 1.44 116.21 72.95 0.0202
382.84 0.00 94.39 92.76 0.0202
804.82 353.47 219.18 297.87 0.0201
