7_Cheering_Cheering_7_413
187
296.28 353.98 385.40 280.31 0.9654
517.03 359.65 367.51 288.84 0.9463
158.02 358.61 336.18 289.74 0.9358
131.55 346.42 141.27 391.32 0.5240
469.42 393.79 279.87 374.21 0.2348
159.94 447.88 203.38 320.12 0.2158
425.56 305.42 361.78 266.97 0.1552
245.52 441.52 288.91 326.48 0.1414
52.77 360.48 77.57 149.74 0.1120
62.29 340.10 143.19 419.79 0.1090
784.05 400.67 239.95 232.25 0.1077
51.61 430.79 71.87 187.35 0.0823
201.04 118.97 397.83 177.17 0.0742
27.74 364.03 64.32 165.97 0.0704
64.89 346.27 118.42 127.82 0.0636
384.49 93.75 432.08 195.71 0.0622
836.49 385.63 118.84 108.26 0.0613
423.85 380.81 117.96 121.44 0.0605
5.04 321.23 61.61 126.73 0.0584
632.83 371.75 141.50 120.38 0.0580
394.66 412.85 112.94 144.46 0.0571
347.88 343.89 134.08 137.48 0.0570
289.38 174.79 368.49 209.00 0.0569
541.80 343.82 126.10 145.21 0.0569
716.52 479.17 126.07 162.93 0.0568
163.87 366.70 134.22 132.36 0.0566
254.41 436.82 121.92 173.30 0.0565
46.89 537.59 80.43 173.21 0.0561
729.66 387.37 112.88 154.19 0.0558
144.62 408.86 108.33 160.38 0.0558
45.56 76.13 305.45 225.14 0.0556
801.73 495.80 122.90 135.13 0.0543
451.97 364.35 146.70 115.42 0.0542
338.50 445.85 96.20 156.49 0.0541
28.44 581.70 64.56 150.07 0.0539
30.01 479.12 60.72 164.57 0.0539
612.58 384.27 112.95 161.52 0.0535
34.03 335.93 68.98 120.95 0.0530
538.97 100.23 484.50 206.29 0.0527
244.87 344.97 113.45 155.46 0.0525
614.71 332.57 116.04 115.50 0.0523
841.41 424.72 106.90 183.23 0.0515
502.34 403.17 120.17 158.14 0.0512
62.46 408.19 112.62 162.42 0.0511
273.47 334.47 149.18 111.10 0.0511
459.66 432.87 123.93 171.91 0.0507
18.70 279.16 55.82 121.86 0.0504
751.60 448.11 131.58 136.58 0.0497
87.36 395.43 144.01 107.28 0.0497
94.84 27.31 403.10 163.03 0.0495
378.30 467.09 95.99 146.29 0.0490
776.38 387.93 135.56 148.92 0.0486
226.47 507.68 141.75 142.00 0.0482
59.29 282.39 226.36 103.03 0.0478
761.16 528.71 115.86 138.15 0.0477
320.19 377.78 119.01 144.11 0.0469
100.26 334.30 178.09 107.98 0.0469
472.16 502.80 111.30 179.07 0.0456
211.45 424.35 126.59 130.66 0.0456
507.65 481.97 124.41 135.65 0.0451
23.80 4.25 73.86 126.24 0.0451
0.00 409.32 61.70 143.05 0.0450
60.15 482.60 126.79 149.97 0.0449
341.23 595.55 141.57 168.03 0.0449
80.20 322.20 67.24 107.17 0.0447
687.58 448.71 118.96 148.49 0.0446
34.16 47.32 122.22 98.05 0.0444
0.00 346.42 38.85 118.38 0.0442
722.36 554.69 117.87 166.94 0.0439
664.95 565.69 110.31 159.69 0.0439
404.41 466.41 127.79 192.25 0.0437
802.19 562.24 108.48 151.65 0.0435
577.21 455.15 111.55 145.05 0.0434
95.33 634.86 85.06 119.22 0.0434
118.24 459.79 105.09 178.99 0.0431
549.75 281.64 474.25 264.27 0.0428
38.62 9.77 142.25 95.32 0.0426
315.41 162.82 130.05 161.17 0.0422
626.31 605.66 114.79 143.89 0.0420
125.50 644.05 103.69 123.95 0.0418
851.27 319.71 172.73 83.52 0.0417
660.84 410.35 114.14 145.79 0.0411
151.08 514.59 108.84 199.85 0.0408
618.71 459.93 118.96 127.73 0.0399
424.41 564.95 123.20 156.15 0.0399
753.20 599.90 132.88 142.57 0.0397
626.67 513.84 107.35 165.86 0.0394
868.28 363.06 155.28 98.11 0.0394
20.06 247.80 152.04 386.63 0.0392
0.00 0.00 69.90 75.27 0.0391
502.35 561.94 116.63 140.46 0.0391
758.96 349.98 92.81 109.89 0.0390
562.47 573.83 144.57 109.86 0.0390
16.66 271.24 132.42 114.54 0.0389
214.68 547.93 119.43 157.38 0.0389
277.19 621.72 132.53 146.28 0.0384
727.93 328.55 169.41 106.32 0.0383
293.50 492.01 116.25 163.81 0.0378
418.73 343.21 142.29 103.93 0.0377
171.63 435.15 127.17 175.74 0.0375
340.22 508.74 97.72 181.67 0.0375
361.07 234.75 343.78 251.83 0.0373
715.58 339.21 92.56 117.23 0.0373
372.61 156.39 117.79 144.38 0.0371
583.30 601.89 106.15 148.68 0.0370
667.66 489.29 105.51 159.71 0.0369
641.69 253.81 92.25 148.92 0.0367
617.53 137.35 119.73 131.22 0.0362
250.10 581.08 169.52 115.34 0.0362
327.71 312.85 114.30 107.83 0.0358
0.00 481.56 62.08 146.63 0.0357
875.75 413.03 148.25 73.20 0.0351
105.48 64.77 140.09 78.50 0.0351
838.17 613.24 108.03 135.56 0.0348
7.87 547.87 95.18 120.35 0.0344
69.44 613.31 78.48 130.98 0.0343
529.75 308.04 128.60 107.69 0.0342
14.33 0.00 125.28 47.62 0.0341
351.92 289.92 152.85 112.94 0.0341
540.80 522.60 115.33 139.97 0.0341
121.68 17.05 117.13 101.17 0.0337
179.67 610.53 122.07 136.62 0.0336
96.78 547.96 114.58 160.21 0.0335
143.16 300.33 209.56 286.30 0.0333
467.86 590.92 116.06 152.06 0.0328
0.00 580.81 66.02 132.50 0.0328
626.67 428.79 397.33 300.48 0.0320
75.21 219.68 193.78 273.76 0.0315
227.80 302.86 162.47 97.08 0.0315
808.27 371.57 105.95 97.70 0.0315
0.00 447.06 32.88 120.58 0.0310
932.43 382.01 91.57 151.86 0.0309
516.25 173.04 341.82 190.09 0.0307
268.66 248.28 267.95 257.04 0.0306
258.11 178.95 137.98 129.73 0.0304
597.31 288.59 108.25 114.74 0.0302
869.48 489.58 128.65 145.23 0.0295
293.44 99.65 238.48 88.14 0.0294
531.14 605.34 121.72 128.73 0.0291
327.31 74.20 81.08 137.73 0.0290
370.95 72.52 71.67 122.75 0.0288
358.73 142.92 220.29 103.10 0.0286
99.54 0.00 97.57 47.26 0.0280
263.54 0.00 408.54 156.18 0.0279
0.00 160.18 186.09 214.50 0.0279
330.14 256.37 116.27 122.96 0.0277
864.18 399.69 120.50 150.47 0.0273
945.74 0.00 78.26 87.14 0.0270
144.02 68.16 123.81 137.58 0.0268
281.33 247.49 116.87 128.86 0.0268
854.67 554.58 131.88 165.15 0.0266
271.28 134.16 136.09 124.04 0.0264
464.05 0.00 353.01 141.86 0.0264
651.65 13.44 142.92 133.74 0.0259
166.39 91.87 195.93 131.05 0.0257
352.50 200.63 123.86 156.75 0.0257
0.00 20.16 55.98 116.33 0.0256
170.22 309.58 165.92 143.12 0.0254
129.54 301.72 94.69 112.02 0.0251
652.30 131.95 200.93 115.56 0.0249
283.29 74.17 91.06 153.22 0.0245
28.57 57.77 63.23 147.30 0.0243
455.04 293.38 123.77 128.50 0.0241
0.00 656.57 40.86 111.43 0.0240
68.28 0.00 225.73 133.49 0.0238
133.03 0.00 130.62 43.62 0.0234
23.49 215.02 50.78 109.84 0.0231
536.43 692.15 163.18 75.85 0.0230
751.38 672.50 115.47 95.50 0.0227
93.20 55.01 90.96 133.06 0.0226
663.87 44.09 86.68 155.00 0.0224
729.61 0.00 151.96 35.02 0.0223
175.34 35.63 130.14 111.21 0.0223
673.72 199.76 95.73 149.32 0.0222
38.95 221.27 59.54 147.00 0.0221
576.35 39.29 161.96 103.86 0.0219
421.70 116.76 79.19 126.81 0.0219
678.42 0.00 121.97 47.80 0.0217
192.39 0.00 197.80 22.54 0.0216
706.84 91.05 84.62 178.26 0.0215
882.73 447.13 141.27 320.87 0.0215
402.02 623.72 110.52 144.28 0.0215
658.82 294.90 184.40 103.05 0.0210
588.47 165.14 134.72 174.88 0.0207
902.56 459.88 121.44 126.49 0.0205
755.82 0.00 268.18 144.14 0.0204
242.90 612.22 95.26 123.76 0.0202
