7_Cheering_Cheering_7_334
200
371.90 184.11 370.05 279.76 0.9462
518.39 137.27 385.86 201.93 0.9141
198.71 139.95 387.39 203.94 0.8776
307.18 312.54 347.71 280.93 0.8251
511.06 247.29 373.01 271.40 0.8134
155.98 175.36 322.77 283.35 0.6544
186.07 324.45 310.84 282.59 0.5813
429.14 316.60 341.49 356.97 0.5766
170.06 147.37 193.04 218.86 0.4172
392.84 118.70 367.79 170.61 0.2644
125.00 337.67 154.92 394.85 0.2504
565.56 194.91 458.44 217.26 0.1998
558.14 333.57 465.86 245.38 0.1876
207.04 89.54 224.05 204.49 0.1374
118.63 215.07 172.34 312.24 0.1201
621.95 100.03 402.05 182.44 0.1116
557.03 409.71 269.23 323.29 0.0982
46.04 402.73 85.93 149.66 0.0898
342.64 418.64 267.71 314.36 0.0883
38.41 328.91 161.46 404.09 0.0866
177.63 396.87 210.48 336.13 0.0772
695.59 150.21 99.60 141.67 0.0745
398.16 331.89 116.62 138.74 0.0668
52.25 34.35 76.73 164.40 0.0635
580.31 158.05 109.90 134.37 0.0633
470.13 133.42 106.46 142.74 0.0633
51.81 182.36 73.88 153.83 0.0627
174.99 119.75 123.00 136.54 0.0624
806.13 121.86 109.94 147.58 0.0622
629.99 302.12 150.69 112.13 0.0619
94.51 86.45 201.38 281.83 0.0603
141.60 147.19 115.47 144.22 0.0597
294.19 202.32 101.04 133.76 0.0591
514.39 272.03 97.26 168.05 0.0590
181.06 326.49 109.92 147.58 0.0588
517.10 221.51 105.57 142.09 0.0588
629.21 353.48 104.46 158.12 0.0585
287.37 303.56 105.52 134.61 0.0580
24.55 393.48 65.23 153.58 0.0572
702.43 132.92 151.85 110.54 0.0572
59.19 323.29 70.45 160.60 0.0568
696.22 267.98 108.48 130.45 0.0565
573.24 292.65 129.88 127.50 0.0564
649.63 175.19 116.29 151.95 0.0553
383.08 219.08 129.78 123.82 0.0547
630.55 255.25 151.04 97.73 0.0542
616.41 417.24 108.25 156.71 0.0529
246.20 325.78 116.87 149.49 0.0527
213.54 298.00 113.66 133.28 0.0526
56.45 121.18 75.82 145.97 0.0522
470.56 233.46 112.27 136.89 0.0519
721.90 298.35 136.74 121.14 0.0514
366.55 167.82 112.58 137.39 0.0514
544.11 319.88 101.23 163.55 0.0514
456.15 106.27 153.95 108.49 0.0514
577.19 218.53 109.43 140.45 0.0513
63.77 406.91 138.24 115.08 0.0512
367.72 379.99 101.00 160.03 0.0511
475.84 86.10 406.36 142.40 0.0509
326.47 534.78 110.70 145.70 0.0506
145.13 351.48 111.27 156.27 0.0504
262.02 245.44 106.10 154.16 0.0504
544.29 256.59 111.49 135.04 0.0500
652.52 397.33 131.74 124.36 0.0499
50.38 245.39 78.70 168.92 0.0494
53.62 504.07 78.40 156.07 0.0488
505.85 584.10 129.67 124.53 0.0487
247.38 182.64 109.13 118.86 0.0484
514.23 202.13 153.38 97.45 0.0483
74.32 97.57 99.85 144.67 0.0481
407.92 127.25 118.73 139.41 0.0476
791.57 422.62 123.96 154.44 0.0475
725.87 339.95 113.26 153.34 0.0471
583.13 565.40 112.14 159.99 0.0471
773.24 391.82 105.65 138.79 0.0469
443.46 355.01 163.29 107.54 0.0468
170.49 387.68 133.71 150.86 0.0468
565.36 48.68 145.01 88.76 0.0467
206.59 163.64 107.93 139.10 0.0464
404.41 386.63 118.56 140.14 0.0463
74.16 187.26 103.66 134.88 0.0456
818.74 461.92 146.45 150.72 0.0456
362.52 233.89 105.49 159.40 0.0455
509.19 371.23 115.36 158.95 0.0454
753.23 153.52 124.64 135.37 0.0454
783.03 281.08 115.85 150.09 0.0452
610.49 148.23 163.60 110.99 0.0451
137.56 308.78 131.35 110.21 0.0451
42.17 46.45 167.05 80.47 0.0451
751.84 512.42 144.25 127.09 0.0450
837.71 223.02 119.00 148.45 0.0450
204.42 539.46 127.21 130.08 0.0450
25.24 10.31 119.25 69.39 0.0448
478.91 529.07 107.71 148.15 0.0444
110.15 328.23 113.87 140.61 0.0443
226.78 223.95 99.71 139.15 0.0442
833.81 403.02 142.00 134.42 0.0439
732.69 565.51 124.69 158.07 0.0438
821.84 298.07 150.42 138.17 0.0437
74.04 26.23 155.67 69.88 0.0437
577.01 364.98 119.12 126.37 0.0435
321.40 356.67 118.76 144.52 0.0433
554.17 11.24 142.51 67.16 0.0433
71.68 451.35 112.68 169.97 0.0433
534.34 132.59 121.75 115.44 0.0431
797.04 342.59 116.86 158.04 0.0431
291.57 574.35 118.64 144.05 0.0431
158.65 211.39 101.19 139.41 0.0429
351.40 549.53 146.85 101.98 0.0429
427.20 587.13 135.42 126.17 0.0428
404.07 277.03 156.22 106.34 0.0426
112.63 216.96 108.03 146.19 0.0423
25.79 36.68 62.70 165.41 0.0422
722.42 175.54 105.71 149.93 0.0420
567.13 451.38 129.91 106.02 0.0419
127.29 432.32 126.04 148.13 0.0419
28.22 319.86 61.42 152.43 0.0417
0.00 368.97 65.08 132.02 0.0416
0.00 59.50 223.14 193.20 0.0412
59.02 134.12 146.08 355.24 0.0411
369.69 451.91 103.42 154.17 0.0411
0.00 0.00 64.39 73.51 0.0411
600.94 30.81 150.24 79.67 0.0409
805.78 29.14 163.07 72.69 0.0408
103.27 121.06 122.32 132.40 0.0404
651.79 451.77 123.55 145.87 0.0403
620.75 586.03 130.77 119.56 0.0403
215.17 135.42 162.11 96.70 0.0402
25.35 155.03 62.11 153.51 0.0402
445.26 309.86 144.45 110.19 0.0401
341.31 66.95 393.95 137.66 0.0400
282.62 381.23 120.15 147.07 0.0398
819.99 88.93 127.84 127.56 0.0395
27.90 219.76 60.40 162.46 0.0393
730.17 439.82 120.86 145.15 0.0389
292.64 508.17 109.94 138.65 0.0389
585.67 497.93 107.37 152.34 0.0388
680.54 588.63 136.71 115.68 0.0386
549.75 546.76 109.86 135.71 0.0385
335.26 321.95 151.39 97.01 0.0382
438.05 416.90 118.05 143.72 0.0380
28.84 441.30 68.61 188.17 0.0379
473.72 468.46 110.95 144.97 0.0372
75.85 266.24 119.42 133.26 0.0372
334.53 25.94 148.35 81.26 0.0370
689.58 510.51 127.14 143.68 0.0368
765.86 76.85 118.08 157.28 0.0368
106.40 32.31 105.03 167.22 0.0367
147.48 528.77 120.94 142.46 0.0365
807.88 555.91 105.93 162.00 0.0364
774.01 51.50 155.79 86.22 0.0364
46.38 568.47 81.55 162.33 0.0362
513.52 29.76 139.76 79.32 0.0360
101.26 502.86 130.95 128.99 0.0360
742.86 32.15 139.94 79.66 0.0357
767.06 7.46 158.89 69.72 0.0357
321.97 444.84 123.65 111.78 0.0356
214.52 516.91 157.95 97.11 0.0352
433.36 511.11 122.85 130.74 0.0351
492.51 514.07 146.26 109.24 0.0350
150.41 98.51 89.74 124.14 0.0350
95.02 4.12 170.06 69.54 0.0349
546.34 475.57 120.16 133.31 0.0348
692.72 0.00 144.59 73.20 0.0346
781.63 246.30 139.80 98.19 0.0344
224.86 588.68 151.16 113.61 0.0343
584.75 94.70 123.33 130.42 0.0342
373.20 58.28 148.86 119.18 0.0341
612.59 518.36 148.56 115.13 0.0339
153.65 30.44 133.47 86.09 0.0339
211.24 433.93 128.08 140.42 0.0337
542.81 54.94 115.67 132.42 0.0336
32.65 127.96 66.24 116.53 0.0335
28.17 0.00 162.40 47.61 0.0333
17.80 0.00 76.29 120.18 0.0330
611.25 7.82 154.42 67.91 0.0330
85.17 582.41 136.26 120.32 0.0330
809.68 197.16 125.85 110.01 0.0327
488.48 448.56 143.60 115.93 0.0323
303.06 135.15 88.71 141.60 0.0322
662.46 48.87 165.36 87.93 0.0321
664.11 88.22 102.19 141.32 0.0319
598.11 63.30 153.52 117.46 0.0318
255.59 28.71 144.12 85.16 0.0317
373.04 93.70 99.16 149.90 0.0316
168.16 467.01 119.45 150.30 0.0315
292.24 9.11 167.71 71.04 0.0315
865.05 440.08 140.71 134.74 0.0315
534.63 633.73 143.45 99.27 0.0305
655.28 542.78 121.23 137.34 0.0304
792.82 0.00 172.90 44.92 0.0304
468.83 0.00 140.22 66.60 0.0302
456.07 36.43 130.98 96.41 0.0296
734.00 59.55 104.58 149.48 0.0294
0.00 430.80 66.89 142.02 0.0293
251.09 43.65 115.28 146.73 0.0293
444.56 63.19 102.42 132.48 0.0290
742.61 652.32 153.12 80.68 0.0288
341.85 144.38 93.14 130.26 0.0288
573.16 0.00 167.19 45.84 0.0285
