35_Basketball_Basketball_35_653
44
518.83 265.55 333.99 354.15 0.9781
172.22 288.07 354.01 324.74 0.9757
370.38 279.77 335.22 336.01 0.9621
435.87 38.11 400.62 128.84 0.9475
132.29 319.16 216.61 320.84 0.9397
88.00 252.60 163.07 364.99 0.9205
385.86 85.26 395.10 126.46 0.8025
214.28 45.95 353.47 134.08 0.7519
529.84 224.80 494.16 216.11 0.3110
68.82 40.02 141.27 92.03 0.1864
588.48 23.27 160.99 78.87 0.1704
554.26 56.46 469.74 145.24 0.1497
59.10 85.76 451.49 125.81 0.1305
362.30 72.68 146.20 82.18 0.1106
115.19 69.64 117.12 76.92 0.1046
269.05 80.83 148.15 75.96 0.0867
275.02 19.87 126.38 91.92 0.0866
235.76 54.34 140.02 85.09 0.0853
734.10 75.58 160.93 88.08 0.0752
79.87 257.42 119.04 120.58 0.0693
45.89 318.79 93.75 129.62 0.0639
334.18 39.85 160.33 83.30 0.0629
85.45 227.68 422.89 234.06 0.0574
862.72 45.11 161.28 82.28 0.0533
475.36 50.56 128.17 109.38 0.0443
582.11 0.10 129.80 55.94 0.0408
111.04 24.32 166.19 76.95 0.0399
719.83 46.21 181.73 78.54 0.0398
453.82 140.21 421.49 211.95 0.0377
716.60 17.60 184.14 63.84 0.0362
610.40 115.38 413.60 159.01 0.0343
834.18 39.11 123.32 70.12 0.0337
649.63 49.59 157.17 101.00 0.0330
796.37 64.10 194.99 82.96 0.0317
66.26 23.77 88.39 75.53 0.0298
75.87 381.94 108.69 136.55 0.0295
444.80 211.49 323.31 259.01 0.0292
33.86 362.40 90.15 138.15 0.0271
96.11 155.89 185.43 277.15 0.0264
615.23 4.57 188.08 54.93 0.0264
345.49 16.40 187.70 68.79 0.0249
789.20 30.97 106.13 71.27 0.0230
42.17 0.00 83.32 40.10 0.0210
15.71 1.79 138.83 64.84 0.0209
