35_Basketball_basketballgame_ball_35_391
27
199.94 54.63 402.26 183.76 0.9826
358.16 90.25 408.12 186.92 0.9750
476.50 74.71 547.50 193.88 0.9564
510.21 144.89 366.49 286.51 0.2834
151.34 71.30 252.71 211.09 0.1742
499.30 326.41 372.07 372.46 0.1644
140.33 311.22 357.93 386.40 0.1435
72.66 301.26 202.61 379.13 0.1253
40.62 74.84 92.17 105.65 0.1150
384.27 141.43 311.89 288.34 0.0729
384.21 91.71 154.75 95.03 0.0562
153.50 146.83 357.00 278.17 0.0541
89.77 87.28 88.51 97.35 0.0509
382.82 53.17 164.44 80.88 0.0497
488.63 56.64 160.84 75.86 0.0495
472.70 92.10 181.05 86.80 0.0420
65.03 55.23 101.10 90.44 0.0378
292.43 323.00 356.95 378.56 0.0371
433.43 68.43 153.63 93.73 0.0367
203.54 97.08 153.23 111.73 0.0285
582.03 250.92 441.97 254.07 0.0272
113.61 92.14 152.27 92.91 0.0271
54.13 193.05 104.77 147.35 0.0268
457.98 240.54 367.05 295.17 0.0249
147.27 248.52 196.09 292.92 0.0212
66.94 0.00 270.35 216.54 0.0204
68.63 127.83 91.57 132.38 0.0203
