49_Greeting_peoplegreeting_49_353
155
374.54 429.73 28.26 38.41 0.3775
544.28 415.50 31.55 62.75 0.3118
242.68 509.81 41.58 67.84 0.2909
290.42 437.52 27.06 39.13 0.2364
591.65 355.63 23.01 30.54 0.2100
263.69 436.27 23.47 29.90 0.2063
230.56 426.27 26.10 39.02 0.1608
889.39 196.91 29.16 35.66 0.1564
398.95 336.12 31.75 30.64 0.1508
225.54 406.36 25.94 41.79 0.1506
1.53 287.06 37.00 53.36 0.1470
914.68 700.12 25.69 59.43 0.1398
190.37 160.71 91.26 77.46 0.1377
337.69 152.91 137.72 90.05 0.1295
549.83 320.42 32.43 34.74 0.1272
69.95 272.69 44.18 37.44 0.1242
329.94 82.17 26.50 28.04 0.1216
917.21 216.54 23.80 29.05 0.1215
263.61 442.77 37.34 50.76 0.1208
630.82 360.03 20.48 24.56 0.1208
666.00 301.58 18.81 27.12 0.1207
258.32 412.81 32.94 49.20 0.1204
551.53 388.06 29.75 53.76 0.1171
68.14 312.01 47.27 49.40 0.1162
536.67 437.57 48.88 115.43 0.1132
369.01 327.89 35.93 28.28 0.1114
0.00 230.95 40.25 92.81 0.1110
470.04 602.18 37.78 35.13 0.1100
374.95 486.50 37.72 58.57 0.1095
663.75 330.54 19.65 29.32 0.1092
517.62 325.71 28.91 31.53 0.1084
570.58 520.73 82.16 118.63 0.1082
288.99 277.34 30.65 29.89 0.1070
589.76 367.10 27.49 40.41 0.1067
538.84 551.18 54.47 90.25 0.1066
395.62 411.71 33.33 48.21 0.1064
803.38 464.58 92.95 92.45 0.1060
702.84 521.53 69.05 53.66 0.1043
632.53 378.60 26.52 30.36 0.1028
696.86 355.35 35.29 33.85 0.1026
370.47 389.29 30.46 53.35 0.1024
727.38 351.25 54.57 58.16 0.1024
330.12 296.73 25.07 28.84 0.0975
667.08 352.22 19.63 26.86 0.0970
758.63 471.97 82.28 94.66 0.0969
521.09 283.30 44.33 46.25 0.0967
699.48 304.98 26.21 30.87 0.0957
544.78 495.00 53.81 113.49 0.0948
698.01 329.20 31.29 38.17 0.0942
294.16 528.45 48.63 80.10 0.0937
593.26 334.17 21.69 31.40 0.0913
41.18 260.78 35.83 49.86 0.0908
336.16 356.36 25.57 25.09 0.0890
556.38 351.82 28.60 32.34 0.0884
333.93 328.51 27.39 27.69 0.0879
328.50 431.43 36.36 47.99 0.0877
579.15 563.72 53.91 84.21 0.0874
542.78 293.62 40.17 38.49 0.0871
186.75 321.48 30.18 34.94 0.0866
778.59 364.50 125.90 102.56 0.0859
764.30 357.56 77.54 68.95 0.0857
333.28 596.25 34.71 37.97 0.0849
42.80 372.99 57.99 48.54 0.0846
33.27 302.07 51.79 63.61 0.0839
289.08 581.85 44.17 62.19 0.0831
252.03 380.72 35.20 48.62 0.0823
79.53 341.06 60.43 75.49 0.0822
27.09 174.50 33.26 57.51 0.0814
323.39 448.86 41.52 51.86 0.0810
659.16 384.94 24.40 27.34 0.0805
34.20 278.35 40.76 52.90 0.0802
515.67 591.46 37.68 48.03 0.0798
623.28 403.47 28.81 36.59 0.0795
439.89 594.75 48.24 43.94 0.0793
329.73 280.31 25.45 26.91 0.0792
80.41 242.54 61.27 75.80 0.0784
141.82 264.14 37.89 51.48 0.0763
437.67 550.23 50.07 62.41 0.0762
369.11 306.16 34.46 27.84 0.0760
283.57 457.94 42.76 70.39 0.0758
769.94 29.45 99.46 133.73 0.0749
293.20 380.62 28.09 41.39 0.0749
204.89 138.64 137.06 110.61 0.0729
30.70 543.20 105.96 92.11 0.0727
806.03 363.71 71.59 60.42 0.0715
26.62 198.92 40.09 72.98 0.0714
625.29 330.14 27.03 33.50 0.0712
515.21 623.16 34.57 43.14 0.0705
312.14 540.14 53.83 69.14 0.0694
905.84 196.69 34.03 42.22 0.0692
333.72 377.50 29.94 38.94 0.0683
360.11 597.68 32.27 34.42 0.0682
401.35 380.80 31.95 46.03 0.0681
511.19 345.62 31.27 38.41 0.0680
148.03 349.04 35.40 38.21 0.0680
349.50 192.49 97.21 95.51 0.0675
256.55 295.06 34.58 33.29 0.0670
622.83 296.04 32.58 36.56 0.0663
307.73 470.34 59.73 79.38 0.0663
876.29 480.51 42.22 46.83 0.0659
254.44 360.88 32.42 30.71 0.0652
2.60 382.90 34.23 52.47 0.0650
213.58 212.15 84.61 78.08 0.0648
296.43 360.02 26.19 26.45 0.0645
468.22 408.23 45.19 56.44 0.0644
432.01 129.83 85.79 76.39 0.0643
710.00 128.13 84.13 104.83 0.0636
456.02 557.97 62.89 72.89 0.0634
401.46 275.95 36.58 28.61 0.0630
173.00 212.63 81.18 119.62 0.0627
593.46 296.79 28.37 32.03 0.0623
245.53 268.76 46.02 42.11 0.0623
2.47 180.31 35.24 53.40 0.0619
694.53 376.33 47.16 52.03 0.0611
326.92 228.15 50.79 53.62 0.0610
396.01 424.03 43.58 89.42 0.0603
369.30 270.64 43.05 30.84 0.0599
362.03 520.89 39.48 66.13 0.0596
520.44 382.94 32.23 47.49 0.0591
583.76 395.03 39.37 61.23 0.0590
832.54 546.73 45.39 42.48 0.0588
1.98 94.90 22.95 46.14 0.0585
468.81 615.00 43.63 55.17 0.0585
410.92 592.65 42.05 43.63 0.0580
842.46 211.95 34.87 37.43 0.0580
570.65 422.65 48.42 74.99 0.0573
759.30 93.44 121.61 143.45 0.0571
218.73 575.66 55.48 83.95 0.0566
372.02 342.66 31.96 37.08 0.0557
551.30 454.52 69.83 103.09 0.0556
152.08 317.71 46.88 52.65 0.0555
649.69 398.92 37.07 37.37 0.0554
183.19 284.43 43.23 54.62 0.0552
464.95 372.69 53.02 62.78 0.0544
401.72 300.46 31.14 24.65 0.0542
333.73 610.85 35.75 49.92 0.0540
802.20 389.74 150.08 122.62 0.0539
330.88 408.02 40.99 55.29 0.0537
797.32 130.94 88.12 84.98 0.0535
502.76 468.08 62.22 127.23 0.0535
662.54 280.99 25.26 36.96 0.0530
211.50 254.63 50.09 59.97 0.0527
71.41 225.09 39.66 56.07 0.0527
102.23 218.14 46.71 65.78 0.0524
153.16 124.71 37.33 52.65 0.0523
697.73 67.76 129.93 148.16 0.0522
718.13 493.62 77.24 90.06 0.0513
825.12 505.43 58.27 63.33 0.0512
7.50 165.95 26.32 38.69 0.0512
445.26 352.07 27.78 30.97 0.0507
261.25 237.38 67.19 54.29 0.0506
255.54 320.58 34.17 32.55 0.0504
249.55 560.16 56.82 87.86 0.0504
512.23 558.43 52.90 72.96 0.0504
143.00 375.81 39.92 54.74 0.0500
