49_Greeting_peoplegreeting_49_124
128
486.28 297.70 67.61 92.36 0.8480
254.63 204.15 67.95 106.19 0.3030
212.49 138.83 130.47 194.99 0.2852
304.20 358.15 58.18 81.83 0.2507
602.61 322.49 89.99 195.73 0.2501
261.91 389.71 40.27 61.04 0.2058
618.64 139.47 66.64 152.30 0.1949
186.74 159.95 71.83 75.25 0.1804
336.37 309.53 28.76 42.15 0.1782
294.03 361.55 38.16 45.85 0.1776
662.80 445.30 75.61 172.04 0.1694
331.91 284.62 31.74 46.82 0.1692
77.47 570.47 22.50 40.93 0.1683
259.47 330.65 27.51 34.56 0.1681
192.27 273.91 28.42 46.46 0.1659
257.03 359.36 84.58 117.27 0.1637
216.98 225.15 86.41 90.89 0.1593
78.98 313.30 29.42 42.89 0.1589
292.22 337.66 33.08 40.74 0.1566
276.04 121.44 48.10 77.45 0.1530
259.12 308.13 31.34 44.17 0.1529
246.98 125.63 85.58 128.35 0.1514
603.08 502.98 101.53 134.62 0.1512
78.89 151.49 23.66 35.57 0.1445
579.72 491.95 66.66 124.34 0.1436
435.38 405.31 36.93 54.33 0.1434
180.41 189.66 70.03 127.16 0.1397
80.75 252.71 27.36 35.19 0.1396
701.25 437.09 28.91 68.27 0.1389
258.59 255.27 49.03 73.60 0.1369
108.09 132.20 27.65 40.49 0.1316
278.92 264.14 51.17 67.88 0.1271
222.91 273.38 50.56 57.50 0.1264
529.07 533.31 52.13 95.67 0.1222
105.69 242.83 26.68 41.78 0.1209
192.50 299.44 28.63 40.75 0.1188
210.95 118.80 71.71 73.90 0.1172
311.23 236.91 53.61 89.19 0.1165
86.87 443.47 18.09 29.84 0.1153
102.48 144.08 34.72 53.39 0.1123
625.95 130.49 42.47 77.76 0.1103
594.35 255.39 80.66 180.83 0.1082
101.04 309.52 36.81 50.82 0.1079
282.87 319.22 120.90 190.54 0.1071
224.06 331.77 41.32 44.26 0.1066
791.29 575.11 97.02 153.01 0.1051
610.67 402.75 102.65 184.59 0.1044
690.53 411.61 34.15 67.23 0.1041
78.08 162.45 29.22 45.14 0.1021
429.10 125.71 192.46 275.72 0.0992
331.90 264.54 60.32 84.09 0.0956
75.24 280.75 36.02 56.65 0.0946
830.79 676.21 65.39 59.79 0.0941
225.05 379.26 62.74 68.46 0.0926
289.65 133.96 71.89 121.34 0.0907
39.10 449.74 19.68 28.66 0.0903
108.22 575.13 29.23 48.92 0.0902
321.49 298.76 69.21 77.39 0.0901
698.52 444.15 68.49 158.85 0.0883
278.09 188.89 86.11 130.28 0.0854
225.18 359.37 49.95 55.08 0.0848
145.69 163.25 43.64 55.55 0.0847
137.32 293.95 37.20 52.70 0.0821
102.84 265.73 33.73 56.96 0.0813
105.60 202.66 31.61 53.48 0.0806
112.78 529.56 20.63 34.55 0.0801
35.68 460.42 24.71 40.80 0.0793
79.92 528.37 23.59 44.05 0.0785
191.27 321.30 36.21 52.69 0.0782
130.62 239.65 50.13 86.30 0.0780
516.51 487.97 52.41 104.76 0.0772
627.99 261.14 61.27 116.71 0.0765
49.04 128.59 19.68 30.28 0.0764
181.02 618.04 36.71 63.49 0.0761
461.28 430.44 52.55 105.46 0.0753
464.38 410.94 45.87 71.71 0.0753
532.90 407.39 60.45 141.65 0.0734
98.24 676.32 45.69 59.62 0.0729
115.49 111.26 21.67 39.67 0.0724
402.68 381.57 76.55 95.81 0.0703
411.28 454.39 42.88 61.41 0.0702
499.27 427.13 76.98 135.08 0.0698
831.88 583.59 68.80 100.34 0.0682
136.07 186.02 59.28 85.39 0.0675
486.11 235.14 78.55 129.50 0.0673
234.48 68.46 96.15 128.32 0.0667
605.88 52.59 166.32 241.86 0.0658
84.65 457.73 21.39 39.85 0.0654
598.58 107.72 101.48 250.81 0.0643
78.83 615.34 30.29 59.41 0.0640
668.16 368.39 63.13 113.95 0.0634
479.53 504.00 37.86 81.09 0.0631
79.19 198.57 35.95 49.51 0.0628
697.04 530.60 98.04 205.40 0.0627
35.00 474.35 28.35 60.32 0.0623
474.98 373.50 55.70 88.60 0.0622
45.62 255.59 21.75 41.11 0.0621
261.50 42.45 152.42 210.94 0.0615
804.46 647.51 62.76 81.07 0.0613
495.58 365.15 61.89 89.11 0.0608
189.49 596.36 22.51 44.22 0.0606
277.98 402.35 95.10 127.13 0.0600
188.34 529.82 32.62 60.85 0.0597
686.64 527.52 68.25 145.60 0.0586
174.72 393.76 188.24 256.85 0.0580
5.50 246.99 30.33 59.83 0.0579
112.17 426.42 36.74 68.94 0.0575
518.08 352.58 60.07 79.48 0.0575
115.53 383.63 28.03 50.05 0.0573
44.42 270.32 33.35 65.14 0.0568
86.56 630.47 57.46 93.74 0.0565
79.58 110.67 18.61 23.55 0.0547
112.35 348.93 29.30 55.50 0.0546
645.22 50.72 111.67 135.48 0.0542
930.53 696.31 69.34 39.69 0.0536
541.43 378.05 62.12 112.47 0.0533
110.83 454.34 28.82 52.30 0.0527
804.25 691.47 71.01 44.53 0.0527
438.15 432.01 43.90 73.13 0.0524
134.99 318.59 44.38 71.95 0.0514
4.50 522.65 34.53 73.06 0.0514
0.00 301.89 34.16 75.83 0.0512
4.41 213.32 30.10 63.35 0.0512
191.12 355.79 40.91 62.45 0.0511
227.18 408.31 88.44 83.84 0.0507
112.52 658.10 67.38 77.90 0.0507
482.30 570.44 28.81 51.54 0.0504
441.65 349.08 53.23 72.09 0.0503
