34_Baseball_Baseball_34_828
149
258.54 215.60 87.57 134.09 0.4751
431.08 124.05 110.03 122.39 0.4628
543.09 118.90 102.66 90.49 0.4432
311.68 246.57 56.61 99.93 0.4044
667.64 70.72 148.93 154.70 0.3597
760.16 354.26 137.43 194.40 0.2811
360.82 295.45 39.38 56.97 0.2611
159.51 568.45 46.21 48.17 0.2528
453.58 75.57 131.68 122.87 0.2284
669.60 405.15 56.59 78.00 0.2104
666.64 346.78 39.32 48.70 0.2099
546.87 331.52 54.80 71.42 0.2072
802.02 455.39 103.77 141.64 0.1958
621.39 370.52 35.68 43.62 0.1944
167.89 365.96 137.03 216.87 0.1897
118.39 82.99 180.08 201.28 0.1823
572.81 54.25 41.93 42.51 0.1762
629.50 103.28 74.18 89.00 0.1749
333.08 260.33 70.66 93.50 0.1726
663.74 347.94 64.18 79.60 0.1692
192.20 139.89 166.27 231.27 0.1602
496.16 71.15 53.99 50.12 0.1587
277.57 192.17 65.62 77.24 0.1486
558.53 56.41 66.77 69.90 0.1475
333.78 581.50 36.03 35.66 0.1299
480.95 61.57 50.35 47.69 0.1285
711.05 396.38 142.43 184.79 0.1260
567.83 102.25 142.29 138.56 0.1242
275.52 289.21 80.16 129.34 0.1192
461.33 156.11 106.47 119.33 0.1179
356.77 424.45 200.45 194.48 0.1172
683.00 349.88 107.87 166.13 0.1166
207.06 268.05 130.62 242.13 0.1151
616.29 377.03 51.29 82.52 0.1146
131.03 184.79 160.98 204.37 0.1126
315.23 314.76 60.81 115.52 0.1112
148.73 80.69 174.99 102.67 0.1096
515.29 323.94 59.10 94.27 0.1084
381.04 305.62 63.25 100.37 0.1051
642.52 116.58 134.26 193.21 0.1025
747.28 43.18 166.80 160.85 0.1022
35.17 465.37 66.24 128.78 0.1020
549.54 58.16 46.91 43.07 0.1005
16.98 526.84 73.61 88.43 0.0990
510.16 281.10 113.00 137.11 0.0990
315.70 449.60 87.10 111.42 0.0986
257.00 582.24 35.05 35.27 0.0959
396.28 148.51 90.15 128.83 0.0932
216.92 545.54 47.23 54.11 0.0922
355.91 580.77 47.84 39.46 0.0912
660.59 317.01 107.81 120.79 0.0906
896.64 289.68 102.04 133.02 0.0902
818.41 518.36 83.73 100.98 0.0901
405.00 296.71 68.36 133.50 0.0897
298.37 175.78 69.92 70.71 0.0896
377.19 248.72 62.30 97.97 0.0880
851.33 403.93 107.16 155.95 0.0859
585.78 30.32 30.79 38.83 0.0852
96.62 249.81 220.18 310.87 0.0849
563.85 603.79 85.99 93.26 0.0842
100.09 518.89 72.18 113.81 0.0842
726.92 626.48 71.56 64.39 0.0830
212.33 610.06 52.34 65.55 0.0828
810.21 299.15 121.27 213.67 0.0821
395.15 347.69 56.21 120.40 0.0815
433.97 77.63 97.07 85.95 0.0805
654.08 609.05 44.46 47.31 0.0805
575.30 187.85 86.82 93.45 0.0802
49.05 149.13 67.55 175.08 0.0801
370.20 637.94 36.99 41.05 0.0799
346.83 308.84 66.27 126.38 0.0793
697.95 273.16 190.68 237.17 0.0790
613.31 616.14 74.63 75.59 0.0789
248.66 612.93 43.41 46.74 0.0782
470.63 309.91 62.87 109.21 0.0782
702.28 108.95 203.87 184.32 0.0769
551.11 27.79 35.71 39.84 0.0766
480.82 31.35 34.81 44.18 0.0759
275.44 438.84 102.01 153.93 0.0759
592.29 296.89 89.50 100.94 0.0744
434.05 51.96 67.19 64.75 0.0714
321.82 387.39 45.47 84.39 0.0708
691.83 580.37 44.03 49.21 0.0707
378.87 525.22 132.93 115.10 0.0706
62.22 407.60 39.38 93.29 0.0701
394.06 364.02 107.11 177.56 0.0698
298.22 614.55 29.82 36.98 0.0695
442.89 32.11 32.94 38.61 0.0692
944.62 152.57 74.58 120.40 0.0690
206.68 504.04 80.98 110.30 0.0681
250.27 548.37 47.55 64.67 0.0674
353.31 152.28 73.55 96.21 0.0666
404.92 49.70 66.82 68.48 0.0664
882.61 349.84 90.15 137.13 0.0664
513.89 28.19 36.06 42.45 0.0662
492.38 499.42 84.92 119.03 0.0657
370.44 52.43 40.86 48.23 0.0652
0.00 489.81 55.69 101.10 0.0648
325.56 423.32 50.67 101.26 0.0648
295.72 635.94 29.05 38.15 0.0646
681.89 620.53 70.04 67.34 0.0645
458.61 246.68 106.64 144.95 0.0645
935.29 72.74 78.28 109.04 0.0634
13.18 578.12 91.59 100.37 0.0632
311.29 547.58 74.82 75.00 0.0632
330.29 632.79 36.97 39.15 0.0624
66.51 105.02 37.77 67.56 0.0616
387.99 397.93 60.85 115.66 0.0615
728.43 525.46 68.03 70.37 0.0612
370.29 669.52 38.07 34.83 0.0607
585.76 376.74 98.40 128.06 0.0607
650.70 422.26 107.38 129.81 0.0606
797.32 636.88 55.01 54.59 0.0605
280.77 542.14 59.88 70.46 0.0598
372.27 27.09 28.76 33.57 0.0596
587.48 174.54 126.96 141.43 0.0596
432.84 280.72 43.31 60.97 0.0594
314.93 197.10 103.13 124.76 0.0593
851.86 478.75 128.85 143.76 0.0591
58.45 117.35 49.41 98.49 0.0587
484.60 448.13 99.96 128.04 0.0584
467.96 603.84 62.51 62.64 0.0582
480.77 188.36 125.90 151.91 0.0578
557.67 244.32 103.20 138.26 0.0576
201.49 575.21 58.00 57.39 0.0575
624.03 25.65 29.80 35.63 0.0573
407.71 569.40 72.76 67.05 0.0573
57.41 279.53 45.70 104.57 0.0572
99.94 80.36 106.08 184.47 0.0571
394.46 636.85 47.12 43.71 0.0570
717.35 638.38 112.70 78.52 0.0566
430.57 496.95 119.87 145.97 0.0565
17.87 438.25 64.21 97.56 0.0563
256.78 369.66 98.49 180.02 0.0560
577.31 75.44 89.57 95.12 0.0550
118.24 26.09 267.26 143.43 0.0549
713.61 574.64 54.13 52.36 0.0542
849.77 530.57 158.17 173.87 0.0541
460.21 345.85 85.68 135.61 0.0536
0.00 545.85 56.31 101.13 0.0531
295.68 574.63 38.41 41.88 0.0528
825.45 617.39 133.12 116.43 0.0525
127.10 271.25 122.37 187.39 0.0520
23.74 387.03 51.49 84.97 0.0519
539.43 366.68 63.06 85.43 0.0518
622.62 624.45 146.11 112.18 0.0509
27.40 322.58 55.67 89.63 0.0504
369.16 103.24 68.72 96.45 0.0502
929.16 243.01 86.71 119.50 0.0501
