34_Baseball_Baseball_34_867
75
386.26 103.61 315.64 378.34 0.6366
305.06 0.00 73.63 191.76 0.2980
229.73 322.36 87.38 232.88 0.1938
223.26 452.26 73.36 185.92 0.1557
514.81 268.79 359.14 378.44 0.1556
326.00 0.00 41.02 74.78 0.1446
835.83 317.77 44.46 80.96 0.1228
239.57 337.57 164.85 272.48 0.1202
952.98 355.78 27.65 37.33 0.1152
534.22 172.58 134.99 127.34 0.1140
647.72 33.51 88.62 149.83 0.1114
340.45 330.45 272.65 279.17 0.1055
306.34 76.72 54.23 151.84 0.1008
859.18 343.36 56.27 85.30 0.0965
618.07 563.64 166.89 204.36 0.0894
837.19 263.48 38.58 59.69 0.0890
605.72 437.02 247.17 253.52 0.0886
252.47 488.78 86.92 156.29 0.0862
812.90 69.89 127.17 161.28 0.0862
598.93 179.65 93.53 96.88 0.0798
807.76 348.68 85.07 146.93 0.0771
636.59 356.61 211.26 228.99 0.0757
578.01 90.69 122.41 129.93 0.0724
824.65 176.58 66.25 84.73 0.0713
110.97 153.89 32.49 48.68 0.0708
686.73 473.39 131.34 149.49 0.0706
78.08 162.64 24.75 32.22 0.0689
846.89 162.62 64.07 78.33 0.0688
428.85 581.73 49.72 78.94 0.0682
895.08 338.77 47.98 72.13 0.0679
257.70 17.74 67.69 126.07 0.0673
304.03 0.00 217.76 284.91 0.0671
74.23 320.95 32.30 44.15 0.0670
77.36 244.81 24.78 31.02 0.0670
868.93 127.48 74.85 104.01 0.0661
76.87 269.57 26.82 34.93 0.0660
832.51 222.73 43.66 67.21 0.0659
954.36 228.93 38.62 60.83 0.0656
108.90 181.80 33.38 48.28 0.0656
138.20 168.59 52.40 76.22 0.0655
76.11 348.39 29.90 42.24 0.0651
542.03 229.50 218.51 252.65 0.0640
75.87 295.06 28.80 38.84 0.0630
163.25 299.20 69.52 132.34 0.0621
78.52 190.43 23.59 30.78 0.0612
95.61 299.93 70.41 87.44 0.0606
950.92 203.45 40.49 63.24 0.0605
78.39 215.88 23.78 30.91 0.0597
853.54 382.45 88.37 115.20 0.0590
107.83 209.63 34.90 48.87 0.0590
113.13 397.47 35.28 54.55 0.0585
79.01 409.05 23.06 31.43 0.0583
949.74 327.12 33.85 49.77 0.0580
954.76 262.70 40.87 64.04 0.0580
105.92 232.64 39.47 55.84 0.0579
258.64 25.57 113.84 240.83 0.0573
78.73 134.21 25.41 34.07 0.0572
77.89 379.39 25.41 35.75 0.0569
108.07 365.82 45.70 68.90 0.0569
172.46 365.63 68.66 128.46 0.0559
188.75 0.00 85.93 92.73 0.0548
100.38 253.68 50.27 69.97 0.0547
906.98 259.86 35.11 51.06 0.0546
809.59 198.31 57.47 94.58 0.0543
912.30 234.34 33.54 54.04 0.0540
198.61 614.87 61.22 112.87 0.0531
109.20 424.86 37.49 55.21 0.0529
170.50 118.30 46.97 73.76 0.0524
101.49 448.96 44.89 66.37 0.0521
111.02 129.13 32.40 48.36 0.0521
944.98 406.83 36.40 53.36 0.0518
129.56 221.27 61.79 79.96 0.0515
327.38 0.00 129.59 129.55 0.0513
46.60 248.39 16.52 26.32 0.0508
684.33 26.16 97.23 181.26 0.0508
