28_Sports_Fan_Sports_Fan_28_751
196
525.80 223.54 63.97 75.57 0.7844
643.26 409.09 92.83 133.79 0.6572
17.18 150.40 42.22 58.70 0.6397
192.50 115.83 47.10 76.17 0.6080
833.86 445.08 57.85 99.72 0.4457
676.47 27.22 49.50 51.40 0.4029
771.15 440.26 75.21 108.12 0.3812
293.47 34.71 50.41 47.84 0.3355
905.17 404.45 41.91 53.39 0.3264
363.15 160.23 50.73 73.79 0.3134
958.61 395.80 46.17 70.04 0.2940
370.83 298.00 42.69 52.55 0.2752
625.60 25.88 28.62 33.41 0.2703
189.44 23.18 22.51 30.16 0.2603
411.47 337.76 48.20 76.91 0.2562
393.40 300.57 46.66 60.21 0.2559
651.57 314.69 42.78 50.53 0.2461
450.31 258.10 41.69 61.06 0.2260
876.55 418.26 52.09 80.55 0.2245
313.87 23.18 55.37 59.16 0.2096
945.14 498.71 34.60 44.63 0.2081
636.76 349.24 86.43 118.30 0.2012
192.43 6.38 22.57 27.46 0.1988
865.32 466.35 87.84 91.17 0.1982
77.12 58.42 23.65 32.40 0.1974
147.76 4.68 25.80 24.41 0.1937
378.97 214.24 54.46 77.37 0.1895
723.03 18.56 35.66 42.87 0.1855
281.43 54.38 68.42 87.04 0.1815
656.44 42.41 67.35 66.26 0.1787
362.48 308.17 54.56 79.13 0.1731
118.72 3.30 22.25 27.67 0.1681
358.79 0.88 43.04 50.02 0.1678
292.51 368.86 67.84 84.39 0.1610
311.90 212.76 50.84 79.77 0.1535
299.19 324.31 126.09 161.09 0.1510
438.29 308.24 38.28 64.07 0.1435
187.67 51.61 24.72 34.34 0.1426
264.19 2.11 30.89 33.24 0.1404
915.61 362.55 46.10 69.27 0.1386
312.79 429.60 60.84 87.87 0.1378
511.26 7.40 39.43 36.96 0.1377
118.68 22.45 23.79 33.38 0.1356
930.24 42.89 32.15 41.24 0.1312
142.79 16.84 32.36 36.70 0.1308
902.24 231.19 41.85 75.64 0.1296
325.80 153.42 67.19 91.62 0.1289
4.64 54.82 24.14 37.20 0.1282
3.27 29.37 26.55 38.92 0.1262
255.27 403.88 39.61 57.97 0.1251
628.56 30.93 39.05 48.77 0.1216
71.17 65.91 32.09 51.34 0.1204
102.89 188.62 42.42 57.06 0.1200
728.70 43.10 39.74 48.79 0.1171
986.51 516.28 34.89 49.32 0.1168
223.39 29.66 25.84 30.24 0.1166
985.62 316.97 35.25 75.74 0.1156
994.68 0.00 28.47 38.38 0.1148
322.02 481.10 39.22 52.99 0.1131
76.55 175.04 39.49 57.16 0.1124
391.87 367.93 73.66 129.51 0.1095
926.14 0.00 31.97 36.40 0.1084
260.77 19.44 36.97 46.23 0.1074
216.67 0.00 32.24 28.19 0.1047
344.31 406.84 71.78 109.89 0.1044
22.73 282.21 67.20 88.29 0.1020
225.34 54.39 26.20 36.98 0.1013
629.03 331.66 62.79 85.77 0.1010
78.56 34.51 24.68 41.52 0.1007
293.70 221.49 43.99 70.94 0.1007
261.28 39.21 53.43 60.41 0.0992
437.67 220.50 71.67 96.74 0.0969
288.72 427.67 53.52 74.46 0.0948
549.38 42.73 42.62 44.42 0.0947
118.45 53.11 22.76 34.08 0.0947
474.55 226.45 54.75 84.06 0.0946
806.78 28.78 33.53 34.71 0.0943
757.80 61.37 37.51 43.21 0.0943
298.40 194.42 48.91 71.92 0.0943
575.79 326.49 47.38 56.35 0.0943
650.60 473.56 89.02 100.18 0.0939
879.60 360.58 59.62 88.20 0.0937
332.58 95.55 80.48 101.42 0.0934
33.59 46.52 43.04 44.49 0.0927
998.46 230.42 22.23 48.48 0.0924
154.14 49.27 28.32 34.97 0.0916
562.64 59.71 50.77 51.78 0.0909
119.77 88.28 24.10 36.60 0.0905
444.59 277.47 61.18 85.30 0.0900
701.26 479.60 62.73 78.77 0.0894
838.09 443.58 136.97 172.57 0.0893
33.33 73.45 41.63 62.52 0.0889
943.20 0.00 34.64 37.24 0.0888
995.78 22.07 22.53 42.22 0.0887
0.00 0.00 33.08 37.00 0.0885
318.92 255.34 52.03 78.71 0.0885
288.57 87.63 73.06 98.29 0.0884
460.07 386.20 71.18 116.28 0.0883
947.91 292.85 38.60 77.68 0.0880
901.00 278.01 60.26 109.58 0.0844
992.37 258.95 27.69 71.31 0.0842
942.32 330.61 45.32 74.67 0.0833
6.23 115.45 46.52 81.53 0.0826
4.81 472.95 26.71 55.69 0.0826
0.00 295.13 41.47 85.40 0.0813
406.87 38.93 107.86 80.90 0.0804
757.79 380.75 71.42 140.90 0.0803
942.81 518.27 58.89 93.09 0.0794
325.14 631.40 68.69 47.66 0.0792
284.66 338.06 55.78 80.64 0.0792
970.50 444.59 53.50 100.39 0.0789
435.06 314.39 71.85 104.29 0.0788
580.54 0.44 39.79 37.11 0.0782
309.00 118.59 75.97 94.89 0.0781
886.08 1.25 20.73 28.15 0.0776
83.08 0.00 31.62 28.56 0.0776
379.31 0.00 63.91 42.39 0.0770
487.51 409.10 67.02 94.20 0.0765
260.38 67.99 51.10 82.09 0.0760
256.19 438.69 37.42 64.64 0.0745
463.06 19.68 52.66 50.77 0.0742
951.04 233.39 44.75 68.72 0.0742
807.00 0.56 35.38 35.36 0.0739
505.66 265.30 64.22 93.29 0.0732
35.38 25.12 40.75 45.98 0.0729
625.82 47.42 55.85 66.77 0.0727
117.35 174.97 68.52 84.06 0.0726
822.61 392.41 56.42 103.46 0.0725
537.46 27.93 48.33 44.98 0.0724
175.53 136.95 65.83 92.20 0.0724
234.28 513.48 47.58 80.64 0.0722
991.65 50.13 22.86 37.44 0.0719
115.40 103.59 26.25 45.61 0.0716
35.58 0.00 37.44 33.54 0.0712
501.55 324.38 57.59 74.02 0.0702
532.30 0.79 52.33 37.40 0.0702
640.03 68.83 97.57 84.54 0.0677
728.73 75.78 59.91 83.59 0.0675
756.22 82.93 49.84 76.08 0.0672
57.94 368.47 48.15 75.50 0.0660
207.87 496.17 77.23 152.87 0.0658
104.32 461.60 42.74 85.90 0.0656
177.67 446.80 39.34 53.58 0.0655
559.56 321.53 70.38 105.56 0.0652
254.11 362.00 69.05 80.50 0.0642
799.70 33.33 47.69 52.30 0.0637
257.50 223.89 44.51 82.59 0.0633
583.27 24.23 42.78 43.44 0.0631
998.58 191.96 25.42 50.35 0.0629
19.01 212.12 107.45 137.12 0.0626
8.43 436.48 30.42 64.61 0.0624
274.99 232.30 54.05 88.36 0.0622
42.79 446.91 35.53 61.50 0.0622
538.30 275.68 66.91 93.37 0.0618
222.50 402.36 32.17 44.84 0.0616
842.64 32.78 23.21 25.99 0.0615
467.18 0.00 61.02 42.32 0.0614
760.29 0.00 46.99 33.35 0.0613
494.08 358.92 57.37 89.21 0.0613
101.55 174.93 35.05 40.26 0.0610
312.75 44.62 116.55 127.94 0.0609
0.00 248.19 58.04 103.12 0.0606
147.14 435.48 36.67 68.53 0.0605
453.28 39.69 57.47 56.09 0.0605
97.90 208.51 57.54 107.50 0.0603
251.52 467.02 38.77 64.18 0.0599
388.03 10.35 88.06 80.36 0.0597
183.76 397.25 33.40 45.35 0.0596
4.83 504.29 22.42 44.89 0.0596
176.47 419.39 42.17 55.09 0.0595
501.36 368.66 77.67 120.59 0.0594
629.59 290.12 37.12 47.73 0.0594
526.83 352.67 63.87 102.45 0.0592
437.11 0.00 60.45 37.67 0.0590
701.79 345.41 75.45 132.56 0.0577
887.66 62.84 21.21 27.58 0.0576
50.81 447.22 53.18 97.21 0.0573
204.59 444.71 50.58 65.52 0.0571
294.18 471.27 45.82 55.75 0.0570
15.72 203.18 64.03 81.59 0.0562
791.52 387.86 64.12 114.79 0.0553
749.63 329.10 119.95 152.80 0.0552
66.67 101.60 38.29 55.39 0.0551
0.00 363.54 31.12 57.28 0.0551
552.19 329.07 98.15 171.14 0.0547
500.83 19.81 69.58 69.95 0.0536
5.30 386.69 30.94 59.32 0.0526
180.93 477.20 39.18 67.10 0.0525
54.76 184.39 75.74 118.33 0.0525
461.31 48.03 99.96 77.79 0.0519
505.57 425.40 90.03 114.81 0.0518
254.64 336.04 62.47 69.92 0.0517
58.76 130.41 49.69 69.19 0.0511
150.52 472.07 46.53 75.37 0.0504
114.39 410.33 46.33 84.20 0.0503
207.91 217.13 68.03 96.45 0.0502
