28_Sports_Fan_Sports_Fan_28_507
85
795.20 132.91 78.19 101.89 0.9499
379.12 118.90 67.48 84.35 0.9196
577.15 115.55 82.59 98.13 0.8944
158.24 149.57 81.71 96.82 0.8906
742.07 63.64 28.03 32.74 0.2328
792.41 57.82 33.05 38.20 0.2315
109.77 336.06 176.99 150.35 0.1656
669.43 74.93 26.15 30.77 0.1637
342.24 333.60 169.43 186.24 0.1632
785.45 54.30 49.02 75.72 0.1614
229.52 149.71 79.39 88.76 0.1528
704.33 470.37 33.40 60.71 0.1271
408.40 355.84 106.50 122.73 0.1265
659.44 88.98 33.43 48.10 0.1230
230.24 305.24 42.09 38.96 0.1200
711.39 358.32 44.12 76.34 0.1163
605.97 88.45 54.01 66.33 0.1143
628.72 75.79 26.87 33.66 0.1142
372.04 412.74 116.85 107.22 0.1120
829.45 348.31 121.68 128.37 0.1107
736.08 78.23 33.17 59.85 0.1040
328.98 114.43 57.02 72.31 0.1034
721.79 302.99 53.17 74.94 0.1011
686.81 528.85 35.03 69.71 0.0984
512.17 648.49 30.71 27.20 0.0979
746.51 282.91 80.23 84.42 0.0972
403.80 94.51 66.33 78.08 0.0946
241.30 124.52 90.58 75.02 0.0932
491.48 130.35 52.18 57.49 0.0870
281.87 119.90 64.28 63.21 0.0860
285.25 147.50 51.29 57.38 0.0848
839.84 126.74 64.90 91.11 0.0843
479.77 114.18 37.62 57.00 0.0835
554.43 162.40 58.40 68.75 0.0815
921.73 612.91 22.48 16.76 0.0798
488.92 394.03 57.39 74.65 0.0787
455.45 329.05 76.23 129.16 0.0781
885.50 612.17 26.49 21.19 0.0751
553.48 89.91 53.44 60.33 0.0733
6.18 389.01 54.53 88.87 0.0726
756.87 320.14 165.54 147.59 0.0708
507.78 414.53 46.79 73.45 0.0705
299.31 339.06 45.19 67.28 0.0704
283.51 166.48 43.84 62.74 0.0694
21.09 338.24 57.73 58.70 0.0692
590.40 598.98 42.72 50.75 0.0684
689.56 94.08 32.68 54.35 0.0680
564.83 409.50 140.43 257.24 0.0680
516.08 97.56 30.14 49.01 0.0665
774.80 638.16 36.14 32.22 0.0639
143.10 306.96 46.38 54.82 0.0633
176.35 310.05 46.12 48.94 0.0631
266.54 199.26 58.24 60.10 0.0627
112.39 12.65 187.81 64.39 0.0622
589.37 72.52 35.67 41.85 0.0622
0.00 310.43 44.79 64.68 0.0613
141.29 106.05 168.06 114.44 0.0610
392.43 158.66 70.99 64.43 0.0598
477.78 214.65 29.33 30.38 0.0592
397.00 649.04 33.86 27.49 0.0591
254.47 226.58 49.76 54.52 0.0587
234.89 287.88 48.98 44.20 0.0584
811.73 277.01 118.13 145.06 0.0579
589.91 188.09 63.37 62.63 0.0574
996.17 113.15 22.38 46.30 0.0574
317.56 256.38 129.51 171.27 0.0572
505.96 189.07 54.71 60.83 0.0568
521.08 217.88 63.83 60.83 0.0559
14.03 330.17 236.31 232.81 0.0553
512.41 233.21 38.13 41.46 0.0552
955.67 613.20 26.59 20.38 0.0550
287.67 304.99 43.39 53.02 0.0548
858.24 53.74 65.05 92.33 0.0546
108.79 297.01 60.47 53.19 0.0546
296.51 322.09 73.27 127.00 0.0546
30.83 205.03 50.76 38.85 0.0545
683.62 308.55 60.16 75.90 0.0531
881.38 588.25 35.93 25.12 0.0527
867.87 558.61 67.17 39.98 0.0526
692.62 73.15 29.28 34.22 0.0520
565.73 554.68 94.18 101.58 0.0516
605.53 597.60 59.58 73.73 0.0515
698.94 650.23 42.76 30.77 0.0512
23.98 174.60 66.43 53.82 0.0506
997.76 86.56 21.16 43.92 0.0503
