9_Press_Conference_Press_Conference_9_89
200
927.89 0.00 81.03 117.49 0.1924
50.59 356.86 80.21 116.78 0.1921
50.58 872.64 80.22 116.82 0.1920
928.13 475.77 80.52 117.21 0.1919
50.58 634.44 80.23 116.95 0.1919
928.13 634.48 80.52 117.21 0.1919
50.51 436.05 80.30 116.95 0.1919
50.51 515.41 80.30 116.95 0.1919
50.51 713.80 80.30 116.95 0.1919
50.66 79.18 80.13 116.70 0.1918
928.14 396.47 80.47 117.11 0.1918
891.66 396.49 80.14 116.74 0.1918
781.47 0.00 81.17 117.48 0.1918
818.04 0.00 81.17 117.48 0.1918
50.63 198.17 80.12 116.72 0.1918
891.59 277.46 80.22 116.86 0.1917
50.51 793.16 80.30 116.95 0.1917
854.62 0.00 81.11 117.45 0.1917
928.17 753.53 80.48 117.23 0.1916
50.63 277.48 80.13 116.77 0.1916
928.15 317.14 80.45 117.02 0.1916
891.66 594.90 80.10 116.71 0.1916
744.90 0.00 81.13 117.46 0.1915
50.29 0.00 80.73 117.15 0.1915
525.41 0.00 81.19 117.48 0.1915
561.98 0.00 81.19 117.48 0.1915
306.40 951.74 80.52 117.32 0.1915
928.09 79.00 80.52 117.18 0.1915
928.09 158.36 80.52 117.18 0.1915
928.09 237.72 80.52 117.18 0.1915
305.93 0.00 81.25 117.50 0.1915
452.47 911.79 80.81 117.75 0.1915
13.59 0.00 80.80 117.07 0.1914
232.88 0.00 81.13 117.47 0.1914
269.45 0.00 81.13 117.47 0.1914
891.57 475.83 80.19 116.71 0.1914
708.30 0.00 81.15 117.44 0.1913
342.55 0.00 81.19 117.46 0.1913
379.12 0.00 81.19 117.46 0.1913
598.55 0.00 81.19 117.46 0.1913
635.12 0.00 81.19 117.46 0.1913
50.68 952.09 80.04 116.72 0.1913
269.87 951.76 80.49 117.25 0.1913
342.97 951.72 80.49 117.39 0.1913
562.40 951.74 80.52 117.29 0.1913
598.97 951.74 80.52 117.29 0.1913
635.55 951.74 80.52 117.29 0.1913
672.12 951.74 80.52 117.29 0.1913
708.69 951.74 80.52 117.29 0.1913
745.26 951.74 80.52 117.29 0.1913
781.83 951.74 80.52 117.29 0.1913
854.97 951.74 80.52 117.29 0.1913
488.97 633.97 80.89 117.89 0.1913
562.16 633.98 80.81 117.84 0.1913
525.59 713.33 80.81 117.84 0.1913
452.22 0.00 81.25 117.48 0.1913
488.79 0.00 81.25 117.48 0.1913
452.46 832.46 80.82 117.74 0.1913
891.61 158.38 80.28 116.86 0.1913
891.31 0.00 80.90 117.24 0.1913
489.03 713.36 80.79 117.77 0.1913
928.20 832.94 80.41 117.14 0.1913
489.04 792.81 80.80 117.67 0.1912
123.40 237.26 80.74 117.76 0.1912
306.25 237.26 80.74 117.76 0.1912
233.11 276.94 80.74 117.76 0.1912
86.99 951.80 80.47 117.20 0.1912
86.60 0.00 81.13 117.45 0.1912
196.31 0.00 81.13 117.45 0.1912
13.81 674.31 80.25 116.77 0.1912
818.18 753.08 80.81 117.75 0.1912
13.81 793.34 80.25 116.77 0.1912
708.47 832.44 80.81 117.75 0.1912
745.04 832.44 80.81 117.75 0.1912
13.81 872.70 80.25 116.77 0.1912
415.90 872.12 80.81 117.75 0.1912
489.04 872.12 80.81 117.75 0.1912
928.16 912.21 80.49 117.25 0.1912
818.43 951.80 80.40 117.23 0.1912
928.18 555.16 80.42 117.12 0.1912
452.44 633.99 80.86 117.83 0.1912
562.20 832.46 80.79 117.68 0.1912
598.83 197.57 80.72 117.79 0.1912
13.80 396.51 80.30 116.86 0.1912
13.80 475.87 80.30 116.86 0.1912
13.80 555.23 80.30 116.86 0.1912
159.90 276.93 80.78 117.78 0.1911
598.76 634.04 80.78 117.78 0.1911
891.65 674.20 80.11 116.72 0.1911
342.74 753.06 80.84 117.76 0.1911
891.65 753.56 80.11 116.72 0.1911
671.68 0.00 81.24 117.48 0.1911
123.07 0.00 81.27 117.50 0.1911
415.64 0.00 81.27 117.50 0.1911
415.92 713.42 80.76 117.71 0.1911
635.35 792.78 80.76 117.71 0.1911
160.16 951.77 80.48 117.25 0.1911
196.74 951.77 80.48 117.25 0.1911
635.30 554.64 80.86 117.86 0.1911
233.27 951.75 80.51 117.29 0.1911
306.12 673.70 80.89 117.81 0.1911
306.12 832.42 80.89 117.81 0.1911
525.84 951.72 80.41 117.29 0.1911
854.68 594.33 80.88 117.87 0.1911
891.60 79.03 80.19 116.86 0.1910
562.24 157.93 80.76 117.74 0.1910
269.67 237.29 80.76 117.74 0.1910
562.25 237.26 80.74 117.73 0.1910
598.82 276.97 80.76 117.74 0.1910
452.47 435.69 80.83 117.76 0.1910
854.75 435.69 80.83 117.76 0.1910
415.90 475.36 80.83 117.76 0.1910
598.82 872.15 80.76 117.74 0.1910
86.75 157.93 80.82 117.73 0.1910
86.75 237.29 80.82 117.73 0.1910
489.00 475.34 80.87 117.80 0.1910
854.76 792.76 80.80 117.72 0.1910
525.61 832.47 80.82 117.73 0.1910
781.61 832.47 80.82 117.73 0.1910
635.32 872.15 80.82 117.73 0.1910
671.89 872.15 80.82 117.73 0.1910
818.18 872.15 80.82 117.73 0.1910
379.32 911.83 80.82 117.73 0.1910
891.76 952.12 80.00 116.46 0.1910
159.84 475.28 80.87 117.82 0.1910
196.41 475.28 80.87 117.82 0.1910
818.12 475.31 80.89 117.83 0.1910
854.78 158.04 80.73 117.57 0.1910
159.69 0.00 81.21 117.48 0.1910
671.90 157.90 80.78 117.76 0.1910
525.62 237.26 80.78 117.76 0.1910
196.48 276.93 80.78 117.76 0.1910
745.04 594.39 80.79 117.77 0.1910
854.76 713.40 80.78 117.76 0.1910
123.29 911.84 80.86 117.75 0.1910
342.77 276.99 80.77 117.70 0.1909
306.19 435.70 80.77 117.70 0.1909
891.70 832.89 80.12 116.80 0.1909
233.01 872.07 80.86 117.83 0.1909
269.63 157.93 80.79 117.68 0.1909
269.68 316.78 80.74 117.58 0.1909
671.91 515.05 80.81 117.73 0.1909
708.48 515.05 80.81 117.73 0.1909
671.91 792.79 80.79 117.68 0.1909
14.00 952.34 79.96 116.26 0.1909
781.56 475.35 80.88 117.85 0.1909
379.31 713.39 80.80 117.73 0.1909
635.33 634.04 80.78 117.78 0.1909
671.90 634.04 80.78 117.78 0.1909
745.05 673.72 80.78 117.78 0.1909
818.19 673.72 80.78 117.78 0.1909
452.48 713.40 80.78 117.78 0.1909
562.19 713.40 80.78 117.78 0.1909
598.76 713.40 80.78 117.78 0.1909
635.33 713.40 80.78 117.78 0.1909
671.90 713.40 80.78 117.78 0.1909
708.48 713.40 80.78 117.78 0.1909
123.35 832.44 80.80 117.72 0.1909
781.63 118.31 80.78 117.66 0.1909
818.20 118.31 80.78 117.66 0.1909
854.77 277.03 80.78 117.66 0.1909
269.60 475.31 80.84 117.76 0.1909
123.31 634.02 80.84 117.76 0.1909
159.88 872.09 80.84 117.76 0.1909
269.60 872.09 80.84 117.76 0.1909
525.54 475.29 80.91 117.88 0.1909
562.11 514.97 80.91 117.88 0.1909
598.68 514.97 80.91 117.88 0.1909
525.54 594.32 80.91 117.88 0.1909
269.54 634.00 80.91 117.88 0.1909
13.92 198.23 80.16 116.66 0.1909
306.24 316.65 80.76 117.72 0.1909
342.77 197.60 80.76 117.71 0.1909
635.35 237.28 80.76 117.71 0.1909
854.75 872.15 80.82 117.71 0.1909
233.02 554.69 80.86 117.77 0.1909
415.88 554.69 80.86 117.77 0.1909
123.30 753.09 80.86 117.77 0.1909
854.77 78.51 80.79 117.80 0.1908
781.67 237.38 80.69 117.54 0.1908
86.69 475.31 80.89 117.81 0.1908
123.26 475.31 80.89 117.81 0.1908
232.98 475.31 80.89 117.81 0.1908
379.26 475.31 80.89 117.81 0.1908
306.12 514.99 80.89 117.81 0.1908
342.69 514.99 80.89 117.81 0.1908
452.41 514.99 80.89 117.81 0.1908
86.69 554.67 80.89 117.81 0.1908
123.26 554.67 80.89 117.81 0.1908
159.84 554.67 80.89 117.81 0.1908
196.41 554.67 80.89 117.81 0.1908
269.55 554.67 80.89 117.81 0.1908
379.26 554.67 80.89 117.81 0.1908
488.98 554.67 80.89 117.81 0.1908
306.12 594.35 80.89 117.81 0.1908
342.69 594.35 80.89 117.81 0.1908
86.69 634.03 80.89 117.81 0.1908
159.84 634.03 80.89 117.81 0.1908
196.41 634.03 80.89 117.81 0.1908
232.98 634.03 80.89 117.81 0.1908
