9_Press_Conference_Press_Conference_9_141
200
927.82 0.00 81.20 140.10 0.1922
50.55 851.38 80.29 139.32 0.1921
50.54 567.40 80.25 139.41 0.1920
50.56 141.55 80.26 139.35 0.1920
50.56 756.73 80.26 139.35 0.1920
50.55 236.14 80.22 139.45 0.1920
50.58 993.41 80.21 139.33 0.1920
50.56 330.84 80.28 139.50 0.1920
50.58 1087.90 80.23 139.48 0.1919
50.51 472.72 80.38 139.49 0.1919
781.43 0.00 81.18 140.09 0.1918
928.21 425.67 80.39 139.56 0.1918
50.54 662.04 80.25 139.41 0.1918
928.12 662.07 80.51 139.79 0.1918
744.90 0.00 81.17 140.11 0.1918
928.13 236.14 80.53 139.84 0.1918
891.59 141.61 80.22 139.37 0.1917
123.14 0.00 81.22 140.14 0.1917
415.71 0.00 81.17 140.13 0.1917
379.18 0.00 81.23 140.12 0.1917
50.25 0.00 80.91 139.87 0.1917
928.14 804.09 80.47 139.64 0.1916
818.05 0.00 81.13 140.07 0.1916
159.75 0.00 81.13 140.09 0.1915
196.32 0.00 81.13 140.09 0.1915
232.90 0.00 81.13 140.09 0.1915
269.47 0.00 81.13 140.09 0.1915
306.04 0.00 81.13 140.09 0.1915
342.61 0.00 81.13 140.09 0.1915
854.57 0.00 81.28 140.11 0.1915
928.10 1088.03 80.55 139.73 0.1915
928.14 141.54 80.47 139.70 0.1915
891.67 756.80 80.08 139.13 0.1915
452.22 0.00 81.25 140.14 0.1915
781.61 282.96 80.81 140.43 0.1915
13.53 0.00 80.83 139.45 0.1914
891.61 851.44 80.18 139.31 0.1914
13.81 94.45 80.17 139.00 0.1914
13.78 898.91 80.17 138.99 0.1913
13.79 804.35 80.17 138.95 0.1913
928.10 898.70 80.54 139.82 0.1913
928.10 993.35 80.54 139.82 0.1913
928.21 331.03 80.39 139.55 0.1913
928.21 520.32 80.39 139.55 0.1913
525.40 0.00 81.21 140.09 0.1913
708.26 0.00 81.21 140.09 0.1913
123.32 1087.46 80.83 140.44 0.1913
159.90 1087.46 80.83 140.44 0.1913
488.79 0.00 81.25 140.11 0.1913
561.93 0.00 81.25 140.11 0.1913
598.50 0.00 81.25 140.11 0.1913
635.07 0.00 81.25 140.11 0.1913
671.65 0.00 81.25 140.11 0.1913
342.70 330.22 80.87 140.52 0.1913
233.11 282.96 80.74 140.44 0.1912
708.54 282.96 80.74 140.44 0.1912
745.11 282.96 80.74 140.44 0.1912
818.25 282.96 80.74 140.44 0.1912
854.82 330.28 80.74 140.44 0.1912
415.90 377.61 80.82 140.46 0.1912
708.54 377.60 80.74 140.44 0.1912
525.68 1040.10 80.74 140.44 0.1912
13.79 189.11 80.22 139.05 0.1912
745.04 377.60 80.81 140.43 0.1912
781.61 377.60 80.81 140.43 0.1912
818.18 472.25 80.81 140.43 0.1912
635.33 945.46 80.81 140.43 0.1912
233.19 1135.21 80.47 139.81 0.1912
928.41 1183.12 79.95 139.61 0.1912
86.62 0.00 81.08 140.05 0.1912
854.74 141.05 80.81 140.35 0.1912
452.47 377.45 80.84 140.62 0.1912
635.40 188.31 80.72 140.48 0.1912
671.97 235.63 80.72 140.48 0.1912
562.19 188.31 80.78 140.47 0.1911
598.76 188.31 80.78 140.47 0.1911
269.62 282.95 80.78 140.47 0.1911
269.62 377.59 80.78 140.47 0.1911
745.05 614.20 80.78 140.47 0.1911
745.05 756.17 80.78 140.47 0.1911
671.90 850.81 80.78 140.47 0.1911
708.48 850.81 80.78 140.47 0.1911
745.05 850.81 80.78 140.47 0.1911
671.90 945.45 80.78 140.47 0.1911
598.76 992.77 80.78 140.47 0.1911
745.01 945.47 80.84 140.45 0.1911
781.63 519.59 80.76 140.39 0.1911
196.48 756.27 80.79 140.33 0.1911
525.62 756.27 80.79 140.33 0.1911
306.14 330.28 80.83 140.52 0.1911
379.29 1087.50 80.82 140.38 0.1911
745.01 1087.50 80.82 140.38 0.1911
598.98 1135.08 80.51 139.88 0.1911
635.55 1135.08 80.51 139.88 0.1911
13.76 993.54 80.26 139.12 0.1911
854.72 1087.43 80.81 140.40 0.1911
196.73 1135.22 80.35 139.79 0.1911
159.90 708.80 80.80 140.49 0.1911
306.19 992.73 80.80 140.49 0.1911
342.76 1040.05 80.80 140.49 0.1911
306.19 1087.37 80.80 140.49 0.1911
891.56 1087.83 80.32 139.59 0.1911
891.32 0.00 80.88 139.78 0.1910
123.32 235.68 80.83 140.44 0.1910
598.75 330.32 80.83 140.44 0.1910
196.47 519.61 80.83 140.44 0.1910
635.32 566.93 80.83 140.44 0.1910
562.18 614.25 80.83 140.44 0.1910
598.75 708.89 80.83 140.44 0.1910
562.18 756.21 80.83 140.44 0.1910
233.04 803.54 80.83 140.44 0.1910
489.04 803.54 80.83 140.44 0.1910
269.61 898.18 80.83 140.44 0.1910
562.24 1040.14 80.76 140.42 0.1910
452.75 1135.14 80.42 139.70 0.1910
525.57 282.97 80.87 140.49 0.1910
13.81 425.62 80.25 139.23 0.1910
854.76 472.25 80.80 140.40 0.1910
13.81 520.27 80.25 139.23 0.1910
13.81 1088.12 80.25 139.23 0.1910
13.84 283.72 80.17 139.07 0.1910
525.60 614.18 80.84 140.47 0.1910
525.60 850.79 80.84 140.47 0.1910
818.26 377.76 80.73 140.28 0.1910
818.13 850.76 80.87 140.52 0.1910
781.56 898.08 80.87 140.52 0.1910
818.23 141.07 80.77 140.33 0.1910
123.35 519.73 80.73 140.22 0.1910
489.03 377.49 80.85 140.60 0.1910
233.03 898.03 80.85 140.60 0.1910
416.17 1135.30 80.34 139.63 0.1910
708.76 1135.18 80.33 139.66 0.1910
306.18 188.34 80.79 140.45 0.1910
525.62 188.31 80.78 140.44 0.1910
708.47 566.92 80.79 140.45 0.1910
708.48 945.46 80.78 140.44 0.1910
891.60 945.89 80.29 139.53 0.1910
489.31 1135.05 80.48 139.89 0.1910
86.77 330.30 80.75 140.38 0.1910
671.90 330.29 80.81 140.43 0.1910
86.77 424.94 80.75 140.38 0.1910
86.77 519.58 80.75 140.38 0.1910
159.91 519.58 80.75 140.38 0.1910
13.83 614.91 80.22 139.18 0.1910
86.77 614.22 80.75 140.38 0.1910
123.34 614.22 80.75 140.38 0.1910
86.77 708.87 80.75 140.38 0.1910
123.34 756.19 80.75 140.38 0.1910
86.77 803.51 80.75 140.38 0.1910
159.91 803.51 80.75 140.38 0.1910
123.34 850.83 80.75 140.38 0.1910
86.77 898.15 80.75 140.38 0.1910
159.91 898.15 80.75 140.38 0.1910
123.34 945.47 80.75 140.38 0.1910
818.20 1087.44 80.75 140.38 0.1910
86.82 93.82 80.72 140.27 0.1910
708.43 93.72 80.86 140.44 0.1910
13.76 709.55 80.28 139.17 0.1910
342.77 235.67 80.76 140.36 0.1909
269.62 472.30 80.77 140.37 0.1909
818.20 566.92 80.76 140.36 0.1909
306.20 614.24 80.76 140.36 0.1909
781.63 614.24 80.76 140.36 0.1909
379.30 282.90 80.86 140.53 0.1909
891.64 662.15 80.13 139.18 0.1909
781.60 992.84 80.81 140.35 0.1909
488.99 708.89 80.84 140.39 0.1909
672.14 1135.09 80.41 139.81 0.1909
306.19 519.56 80.78 140.47 0.1909
745.05 519.56 80.78 140.47 0.1909
269.76 1135.06 80.48 139.97 0.1909
86.77 188.42 80.78 140.33 0.1909
123.34 330.39 80.78 140.33 0.1909
159.91 425.03 80.78 140.33 0.1909
525.63 425.03 80.78 140.33 0.1909
562.20 472.35 80.78 140.33 0.1909
525.63 519.67 80.78 140.33 0.1909
598.77 519.67 80.78 140.33 0.1909
196.48 945.42 80.80 140.49 0.1909
818.20 945.57 80.78 140.33 0.1909
854.82 235.68 80.76 140.39 0.1909
671.86 661.58 80.86 140.46 0.1909
525.85 1135.05 80.40 139.88 0.1909
635.35 282.99 80.76 140.39 0.1909
708.49 661.56 80.76 140.39 0.1909
123.30 93.68 80.86 140.45 0.1909
745.02 93.68 80.86 140.45 0.1909
781.59 93.68 80.86 140.45 0.1909
452.45 282.97 80.86 140.45 0.1909
379.37 377.58 80.78 140.41 0.1909
598.73 424.93 80.86 140.45 0.1909
635.30 424.93 80.86 140.45 0.1909
415.88 566.89 80.86 140.45 0.1909
452.45 566.89 80.86 140.45 0.1909
489.02 566.89 80.86 140.45 0.1909
671.88 566.89 80.86 140.45 0.1909
196.45 614.22 80.86 140.45 0.1909
415.88 661.54 80.86 140.45 0.1909
635.30 661.54 80.86 140.45 0.1909
452.45 756.18 80.86 140.45 0.1909
