9_Press_Conference_Press_Conference_9_66
200
927.91 0.00 81.04 58.06 0.1925
928.16 176.28 80.49 57.93 0.1919
50.63 39.08 80.16 57.72 0.1918
928.21 392.05 80.39 57.82 0.1918
928.21 431.26 80.39 57.82 0.1918
50.63 97.93 80.12 57.68 0.1918
50.63 274.39 80.12 57.68 0.1918
342.61 0.00 81.26 58.06 0.1917
379.18 0.00 81.26 58.06 0.1917
50.59 137.13 80.16 57.70 0.1917
50.59 235.17 80.16 57.70 0.1917
489.11 156.54 80.61 58.04 0.1917
196.54 313.40 80.61 58.04 0.1917
123.40 333.00 80.61 58.04 0.1917
196.54 352.61 80.61 58.04 0.1917
745.11 352.61 80.61 58.04 0.1917
269.62 117.32 80.68 58.03 0.1917
635.33 136.93 80.68 58.03 0.1917
342.83 117.32 80.70 58.04 0.1917
233.12 313.40 80.70 58.04 0.1917
306.26 352.61 80.70 58.04 0.1917
159.97 391.82 80.70 58.04 0.1917
123.40 411.43 80.70 58.04 0.1917
50.66 352.84 80.06 57.65 0.1917
50.30 0.00 80.81 57.89 0.1917
196.54 391.76 80.72 58.11 0.1917
306.05 0.00 81.11 58.04 0.1917
50.67 431.27 80.07 57.65 0.1916
269.48 0.00 81.20 58.04 0.1916
928.18 39.02 80.47 57.93 0.1916
928.17 137.07 80.49 57.93 0.1916
232.86 0.00 81.17 58.05 0.1916
160.02 333.01 80.56 58.03 0.1916
745.11 431.02 80.62 58.06 0.1916
379.40 117.30 80.71 58.06 0.1916
781.69 352.59 80.71 58.06 0.1916
744.83 0.00 81.22 58.04 0.1916
562.25 58.52 80.63 58.03 0.1916
452.54 156.45 80.63 58.13 0.1915
928.21 313.62 80.40 57.82 0.1915
415.75 0.00 81.13 58.04 0.1915
452.32 0.00 81.13 58.04 0.1915
488.90 0.00 81.13 58.04 0.1915
708.47 97.63 80.70 58.12 0.1915
708.47 136.85 80.70 58.12 0.1915
671.90 274.10 80.70 58.12 0.1915
854.75 372.13 80.70 58.12 0.1915
781.35 0.00 81.27 58.09 0.1915
159.97 78.09 80.63 58.12 0.1915
233.11 156.45 80.73 58.13 0.1915
379.40 156.45 80.73 58.13 0.1915
525.68 156.56 80.64 58.03 0.1915
635.40 176.06 80.73 58.13 0.1915
708.54 176.06 80.73 58.13 0.1915
525.68 195.77 80.64 58.03 0.1915
562.25 195.77 80.64 58.03 0.1915
123.40 215.27 80.73 58.13 0.1915
159.97 215.27 80.73 58.13 0.1915
196.54 215.27 80.73 58.13 0.1915
818.25 234.88 80.73 58.13 0.1915
269.68 293.70 80.73 58.13 0.1915
342.82 293.70 80.73 58.13 0.1915
269.68 332.92 80.73 58.13 0.1915
342.82 332.92 80.73 58.13 0.1915
233.10 352.63 80.64 58.03 0.1915
818.25 352.52 80.73 58.13 0.1915
415.97 411.35 80.73 58.13 0.1915
818.25 411.35 80.73 58.13 0.1915
159.97 430.95 80.73 58.13 0.1915
196.54 430.95 80.73 58.13 0.1915
598.59 0.00 81.16 58.05 0.1915
635.39 58.45 80.64 58.10 0.1915
452.47 117.34 80.70 58.02 0.1915
196.47 156.45 80.79 58.13 0.1915
818.18 156.45 80.79 58.13 0.1915
635.12 0.00 81.19 58.05 0.1915
708.26 0.00 81.19 58.05 0.1915
306.25 117.34 80.73 58.03 0.1915
891.43 0.00 80.77 57.90 0.1915
928.20 352.77 80.41 57.89 0.1915
598.83 78.11 80.61 58.04 0.1915
452.55 195.75 80.61 58.04 0.1915
50.61 392.03 80.17 57.71 0.1915
489.10 195.71 80.65 58.09 0.1915
306.19 274.18 80.68 58.03 0.1915
159.91 293.79 80.68 58.03 0.1915
708.48 391.83 80.68 58.03 0.1915
598.83 195.75 80.70 58.04 0.1915
745.11 156.45 80.74 58.19 0.1915
233.11 195.67 80.74 58.19 0.1915
818.25 274.10 80.74 58.19 0.1915
708.54 293.70 80.74 58.19 0.1915
123.07 0.00 81.25 58.06 0.1915
818.18 195.67 80.81 58.19 0.1915
123.32 450.56 80.81 58.19 0.1915
671.97 352.55 80.63 58.10 0.1914
50.62 176.36 80.10 57.70 0.1914
50.62 313.61 80.10 57.70 0.1914
123.40 58.44 80.72 58.10 0.1914
854.83 58.48 80.62 58.05 0.1914
415.97 372.15 80.72 58.10 0.1914
818.18 117.24 80.69 58.20 0.1914
525.72 97.74 80.58 58.02 0.1914
672.01 97.63 80.67 58.12 0.1914
562.30 117.35 80.58 58.02 0.1914
562.30 156.56 80.58 58.02 0.1914
123.44 372.24 80.58 58.02 0.1914
635.39 97.71 80.64 58.05 0.1914
13.59 0.00 80.80 57.85 0.1914
196.53 78.04 80.74 58.12 0.1914
525.45 0.00 81.15 58.03 0.1913
562.02 0.00 81.15 58.03 0.1913
342.83 234.95 80.62 58.06 0.1913
86.83 332.98 80.62 58.06 0.1913
525.62 58.48 80.68 58.06 0.1913
598.88 156.54 80.65 58.03 0.1913
306.19 234.95 80.68 58.06 0.1913
342.76 411.41 80.68 58.06 0.1913
159.89 117.26 80.72 58.11 0.1913
196.55 117.30 80.71 58.06 0.1913
379.40 195.73 80.71 58.06 0.1913
415.97 215.34 80.71 58.06 0.1913
598.83 234.95 80.71 58.06 0.1913
196.55 274.16 80.71 58.06 0.1913
379.40 274.16 80.71 58.06 0.1913
379.40 332.98 80.71 58.06 0.1913
635.40 352.59 80.71 58.06 0.1913
598.83 372.20 80.71 58.06 0.1913
379.40 411.41 80.71 58.06 0.1913
781.69 431.02 80.71 58.06 0.1913
671.69 0.00 81.19 58.06 0.1913
159.91 254.55 80.77 58.06 0.1913
415.97 117.24 80.63 58.12 0.1913
562.25 372.13 80.63 58.12 0.1913
233.11 391.74 80.63 58.12 0.1913
854.82 97.63 80.74 58.18 0.1913
854.82 136.85 80.74 58.18 0.1913
269.61 156.45 80.70 58.12 0.1913
854.82 176.06 80.74 58.18 0.1913
306.18 195.67 80.70 58.12 0.1913
86.76 430.95 80.70 58.12 0.1913
159.65 0.00 81.25 58.05 0.1913
745.11 58.52 80.64 58.02 0.1913
123.40 97.63 80.73 58.13 0.1913
233.11 117.24 80.73 58.13 0.1913
86.83 136.85 80.73 58.13 0.1913
123.40 136.85 80.73 58.13 0.1913
306.25 156.45 80.73 58.13 0.1913
342.83 156.45 80.73 58.13 0.1913
415.97 156.45 80.73 58.13 0.1913
86.83 176.06 80.73 58.13 0.1913
123.40 176.06 80.73 58.13 0.1913
159.97 176.06 80.73 58.13 0.1913
269.68 195.67 80.73 58.13 0.1913
342.83 195.67 80.73 58.13 0.1913
86.83 215.28 80.73 58.13 0.1913
635.40 215.28 80.73 58.13 0.1913
854.75 215.28 80.80 58.17 0.1913
233.11 234.88 80.73 58.13 0.1913
708.54 234.88 80.73 58.13 0.1913
415.97 254.49 80.73 58.13 0.1913
123.40 274.10 80.73 58.13 0.1913
86.83 293.70 80.73 58.13 0.1913
415.97 332.92 80.73 58.13 0.1913
708.54 332.98 80.63 58.12 0.1913
86.82 372.24 80.64 58.02 0.1913
342.82 372.24 80.64 58.02 0.1913
635.40 391.74 80.73 58.13 0.1913
671.97 391.74 80.73 58.13 0.1913
269.68 411.35 80.73 58.13 0.1913
671.97 430.95 80.73 58.13 0.1913
854.83 430.95 80.73 58.13 0.1913
671.90 156.45 80.79 58.12 0.1913
671.90 195.67 80.79 58.12 0.1913
452.47 254.49 80.79 58.12 0.1913
671.90 313.38 80.70 58.12 0.1913
854.76 332.92 80.79 58.12 0.1913
306.19 411.35 80.79 58.12 0.1913
233.04 430.95 80.79 58.12 0.1913
891.76 470.49 80.00 57.55 0.1913
781.68 58.52 80.73 58.03 0.1913
269.69 234.95 80.73 58.12 0.1913
269.68 372.24 80.73 58.03 0.1913
635.40 431.02 80.73 58.12 0.1913
928.21 215.53 80.41 57.88 0.1913
928.21 254.74 80.41 57.88 0.1913
708.55 58.51 80.61 58.04 0.1912
671.90 234.88 80.67 58.14 0.1912
525.69 254.49 80.70 58.14 0.1912
818.02 0.00 81.16 58.05 0.1912
781.68 176.06 80.74 58.19 0.1912
745.11 195.67 80.74 58.19 0.1912
781.68 215.28 80.74 58.19 0.1912
745.11 234.88 80.74 58.19 0.1912
86.82 254.49 80.74 58.19 0.1912
635.40 254.49 80.74 58.19 0.1912
745.11 274.10 80.74 58.19 0.1912
854.82 274.10 80.74 58.19 0.1912
415.97 293.71 80.74 58.19 0.1912
635.40 293.71 80.74 58.19 0.1912
