1_Handshaking_Handshaking_1_664
18
592.95 41.76 431.05 162.27 0.8577
112.95 48.40 426.90 128.61 0.2943
44.17 65.20 117.47 101.18 0.2292
85.52 53.57 179.64 123.66 0.1688
17.16 78.12 56.21 94.34 0.1354
615.76 168.41 408.24 230.06 0.1322
639.08 8.95 384.92 68.78 0.1066
91.84 194.01 461.47 315.01 0.0866
489.59 204.41 424.76 282.55 0.0654
421.52 52.64 407.26 160.14 0.0640
14.36 119.29 48.72 125.62 0.0501
39.75 194.64 147.56 322.30 0.0487
38.66 123.73 123.20 122.88 0.0456
491.54 9.90 411.63 41.78 0.0432
77.69 113.49 177.67 132.38 0.0420
615.13 314.04 408.87 216.96 0.0251
24.80 139.57 30.67 172.98 0.0209
23.20 213.37 73.12 265.87 0.0204
