25_Soldier_Patrol_Soldier_Patrol_25_1029
166
251.23 361.01 56.73 67.11 0.8810
112.21 435.95 68.84 95.78 0.7791
248.39 181.07 40.87 49.68 0.7699
152.50 192.23 55.99 61.15 0.7448
874.91 166.29 40.44 39.99 0.7191
510.81 385.10 48.84 68.04 0.5610
465.26 183.32 50.95 59.17 0.5599
734.77 139.65 44.88 72.08 0.5373
580.03 140.00 29.61 40.41 0.5250
597.31 215.07 20.17 23.93 0.4373
609.90 301.66 44.92 58.02 0.4018
662.51 301.58 41.61 50.96 0.4000
554.40 328.28 28.67 36.29 0.3893
498.48 186.47 36.96 41.70 0.3344
708.08 191.33 26.09 34.96 0.3254
452.61 174.71 39.50 60.01 0.3184
410.49 158.90 21.78 29.07 0.2839
661.47 202.79 19.84 27.70 0.2838
730.76 345.65 35.08 51.94 0.2362
626.75 231.13 21.65 27.09 0.2301
705.05 165.72 31.54 51.63 0.2122
632.77 192.10 19.84 26.29 0.2115
410.26 146.82 17.09 20.27 0.1978
732.36 192.97 29.01 42.52 0.1967
960.35 382.86 20.16 26.62 0.1886
766.96 348.42 51.57 64.17 0.1881
842.20 417.16 29.35 32.64 0.1764
231.39 184.23 42.28 54.16 0.1715
592.80 307.08 68.53 93.66 0.1640
633.53 213.47 21.95 25.21 0.1634
734.82 96.33 42.13 61.94 0.1630
680.05 321.28 38.70 36.85 0.1590
554.98 210.50 22.57 26.54 0.1514
685.98 399.89 39.93 43.02 0.1512
594.36 194.97 21.18 29.86 0.1475
922.51 385.83 20.42 32.34 0.1471
693.02 332.87 37.13 55.11 0.1469
988.77 427.83 27.69 36.25 0.1464
918.29 435.78 22.94 31.12 0.1454
499.65 343.87 57.08 93.95 0.1405
622.76 144.56 25.95 32.40 0.1395
768.88 205.95 22.78 30.81 0.1392
628.98 160.41 19.55 27.14 0.1380
618.70 254.81 33.98 43.25 0.1372
483.96 352.10 39.47 55.07 0.1356
771.06 404.43 33.29 42.54 0.1349
657.19 325.57 48.02 60.12 0.1346
686.78 363.67 58.83 79.01 0.1316
835.36 320.00 29.40 52.15 0.1312
619.27 347.69 42.61 57.71 0.1293
992.14 289.12 27.58 55.72 0.1277
719.73 387.23 50.47 56.55 0.1215
990.76 163.53 32.66 50.57 0.1122
525.54 398.49 67.19 78.74 0.1115
137.86 468.39 71.17 71.12 0.1110
699.36 236.94 21.10 25.21 0.1097
564.76 366.19 52.44 63.74 0.1094
790.65 367.48 39.89 42.34 0.1087
992.69 348.96 24.17 36.15 0.1080
742.48 227.35 21.19 29.05 0.1077
995.83 374.10 23.90 31.98 0.1035
559.06 192.69 21.37 31.54 0.1034
866.93 173.56 47.82 61.95 0.1031
702.17 256.75 23.94 37.01 0.1027
992.38 401.99 23.95 31.64 0.1024
885.79 379.51 23.61 36.93 0.1023
707.42 135.39 51.98 61.90 0.1004
807.80 398.20 38.23 44.23 0.0995
667.38 231.49 20.15 26.50 0.0992
563.97 159.68 27.10 26.93 0.0978
870.36 108.10 45.57 42.52 0.0976
406.41 173.96 33.64 53.93 0.0970
480.64 392.91 77.67 86.93 0.0965
691.70 286.00 28.92 35.39 0.0945
545.21 283.89 35.79 50.81 0.0933
109.50 403.52 65.69 77.86 0.0930
503.56 324.95 47.20 59.26 0.0925
274.41 187.02 42.74 37.87 0.0919
766.11 282.63 25.32 37.88 0.0918
594.62 260.06 37.19 48.45 0.0916
683.19 304.41 34.28 39.84 0.0910
958.93 313.21 37.92 54.21 0.0895
956.39 354.80 28.84 40.74 0.0888
756.11 329.45 46.62 59.97 0.0876
195.62 189.68 61.20 71.12 0.0870
854.04 177.63 42.16 42.54 0.0867
885.90 429.08 19.53 26.15 0.0865
557.53 225.56 27.29 37.45 0.0843
442.85 392.38 52.98 61.37 0.0837
840.97 376.44 35.12 43.65 0.0834
485.63 192.76 53.84 70.82 0.0828
479.57 146.62 23.82 29.39 0.0819
950.92 212.21 50.60 50.61 0.0808
951.24 181.68 42.28 37.46 0.0802
908.69 163.69 32.17 39.37 0.0799
879.90 359.51 27.43 42.52 0.0793
960.64 426.92 27.81 37.87 0.0790
7.10 565.45 35.66 55.31 0.0782
662.52 167.44 24.89 40.71 0.0779
185.85 299.94 65.07 82.17 0.0769
899.26 181.88 40.30 37.10 0.0765
147.49 328.77 66.78 92.11 0.0764
846.77 433.21 29.36 38.36 0.0761
433.89 255.57 33.76 42.47 0.0760
742.30 301.61 28.95 37.88 0.0751
405.36 371.15 30.66 43.38 0.0749
885.92 513.42 27.58 35.15 0.0742
881.78 399.72 21.91 27.45 0.0737
37.00 563.27 31.08 44.55 0.0732
483.62 327.26 31.13 41.67 0.0724
661.61 258.09 32.76 45.12 0.0724
440.46 368.34 41.34 58.48 0.0723
814.04 323.83 25.98 53.56 0.0721
981.99 207.81 41.12 52.44 0.0720
178.77 629.23 32.92 33.76 0.0719
917.69 308.62 31.83 55.29 0.0717
664.95 371.43 44.00 55.11 0.0709
811.41 474.22 32.06 42.93 0.0703
846.18 137.26 34.15 35.86 0.0698
921.00 357.78 29.43 44.61 0.0682
740.37 259.47 25.61 30.87 0.0680
742.39 282.92 29.73 36.30 0.0680
853.37 158.02 32.69 41.71 0.0668
216.68 475.75 56.83 87.64 0.0665
220.41 326.20 48.57 71.06 0.0657
112.26 368.89 71.86 70.39 0.0653
213.35 448.25 34.40 60.20 0.0648
978.98 230.64 39.44 50.67 0.0639
715.64 619.14 73.02 47.86 0.0634
151.25 407.53 62.52 73.43 0.0630
120.61 218.18 55.76 53.40 0.0619
946.63 162.93 39.97 40.69 0.0619
0.17 592.03 35.80 55.66 0.0613
442.93 350.40 27.25 38.83 0.0613
373.59 164.55 28.83 34.50 0.0612
551.24 254.86 32.16 43.82 0.0601
514.96 299.49 39.42 46.69 0.0586
226.42 477.18 87.71 119.81 0.0583
893.45 204.20 49.01 38.83 0.0574
121.88 182.51 65.07 49.88 0.0567
865.59 217.18 46.68 52.36 0.0560
773.83 429.62 34.73 50.41 0.0559
400.49 124.23 25.37 34.94 0.0550
886.53 436.88 23.09 35.34 0.0548
832.96 105.15 51.80 62.09 0.0542
228.47 401.71 47.46 57.12 0.0542
832.52 255.73 39.83 81.37 0.0542
915.09 454.13 40.33 50.38 0.0540
373.13 195.33 31.81 48.41 0.0532
447.40 147.45 20.79 23.72 0.0528
151.34 230.35 58.72 60.58 0.0528
278.20 167.77 42.05 43.41 0.0527
949.01 234.17 54.19 58.78 0.0527
161.95 389.79 52.76 58.88 0.0522
802.49 128.43 43.25 53.36 0.0521
810.93 191.63 30.62 47.40 0.0520
507.98 239.47 41.91 59.18 0.0515
811.11 435.40 35.74 42.37 0.0514
848.42 203.80 43.11 42.94 0.0510
234.00 614.87 26.74 30.39 0.0510
818.10 291.14 35.86 56.11 0.0508
702.99 444.75 26.84 34.12 0.0507
859.61 263.12 48.67 63.62 0.0504
731.04 443.10 36.40 44.63 0.0503
871.25 321.57 35.07 57.03 0.0502
772.51 229.70 20.58 29.19 0.0502
