25_Soldier_Patrol_Soldier_Patrol_25_324
43
529.36 96.11 92.05 86.96 0.4813
19.77 218.41 79.07 58.01 0.2397
936.22 135.82 44.70 54.95 0.2339
772.38 456.91 26.69 21.76 0.1821
473.22 1.53 28.57 19.62 0.1791
599.30 1.76 203.31 170.95 0.1228
1.20 2.44 24.22 21.44 0.1142
520.63 39.86 92.11 105.36 0.1036
471.76 8.72 29.80 28.01 0.0967
722.59 219.45 58.67 87.70 0.0938
145.37 16.33 26.05 28.74 0.0904
3.28 17.09 19.98 30.19 0.0901
129.93 170.14 69.68 83.22 0.0802
449.97 13.06 28.23 23.42 0.0801
9.74 205.50 117.74 142.13 0.0788
649.82 12.73 175.82 95.33 0.0768
175.37 212.45 73.35 61.41 0.0752
550.73 137.48 79.57 80.91 0.0739
37.75 188.46 119.44 97.12 0.0735
619.61 181.71 54.25 82.55 0.0729
495.46 131.10 118.95 98.30 0.0716
282.63 188.60 235.73 159.45 0.0715
447.53 3.01 33.35 24.33 0.0698
246.95 107.76 185.82 172.81 0.0691
751.10 218.07 107.56 129.37 0.0668
147.63 4.98 27.76 28.67 0.0665
516.34 1.43 24.09 19.20 0.0658
653.71 8.49 44.88 50.49 0.0654
598.19 118.14 72.63 91.66 0.0652
634.27 147.29 85.56 98.11 0.0624
990.60 0.00 33.40 33.70 0.0598
435.61 138.89 151.44 136.55 0.0576
520.79 14.41 22.70 26.07 0.0563
398.67 223.81 171.67 127.52 0.0562
658.22 119.35 108.79 87.67 0.0557
123.33 211.11 82.22 111.58 0.0557
5.54 302.95 204.39 166.30 0.0549
457.89 31.60 74.82 94.15 0.0530
725.75 14.95 147.49 111.89 0.0514
733.13 452.39 52.79 36.55 0.0514
524.72 381.50 49.83 38.01 0.0512
152.96 77.95 201.48 157.16 0.0510
981.08 84.60 41.83 61.58 0.0506
