25_Soldier_Patrol_Soldier_Patrol_25_683
41
693.62 430.54 182.82 186.47 0.8378
661.87 611.00 60.42 61.55 0.2326
741.15 388.62 72.02 67.19 0.1388
730.05 198.84 31.20 25.56 0.1344
718.11 383.61 127.75 96.10 0.1031
335.48 321.29 84.49 74.57 0.1019
80.88 367.17 72.08 62.20 0.1014
625.33 380.18 39.84 73.11 0.1003
321.41 0.00 473.33 375.16 0.0938
689.55 341.32 74.79 75.25 0.0929
141.81 371.53 85.92 72.68 0.0919
472.61 286.68 126.77 79.89 0.0845
81.81 175.95 249.81 133.95 0.0822
379.46 268.28 159.50 102.20 0.0797
260.28 212.99 65.87 44.52 0.0792
232.05 209.20 62.27 46.25 0.0776
866.91 430.48 40.92 49.70 0.0761
132.79 114.30 221.77 154.53 0.0740
1.01 0.24 26.87 27.30 0.0726
208.92 398.74 55.60 65.32 0.0719
0.03 311.50 33.81 40.28 0.0712
198.44 218.85 98.16 55.02 0.0694
701.90 354.25 104.49 97.81 0.0658
770.32 385.64 71.77 67.20 0.0628
733.15 175.42 34.56 33.92 0.0628
67.36 366.30 57.68 43.47 0.0606
762.62 171.63 43.09 35.69 0.0583
233.02 216.95 115.44 75.97 0.0573
622.49 362.37 45.72 56.65 0.0565
808.62 193.50 27.76 26.01 0.0551
876.02 411.76 39.28 47.02 0.0549
897.49 512.72 40.10 65.28 0.0545
159.25 521.60 13.75 17.77 0.0545
70.01 0.11 385.70 299.89 0.0542
462.40 514.33 45.65 41.36 0.0537
45.19 385.27 37.06 38.13 0.0535
807.68 394.03 70.14 63.56 0.0531
361.21 527.58 44.44 46.57 0.0527
622.38 637.86 73.44 47.14 0.0520
448.46 552.13 41.86 31.44 0.0513
159.65 538.75 11.14 15.52 0.0510
