25_Soldier_Patrol_Soldier_Patrol_25_343
61
527.35 236.01 210.18 457.64 0.3921
611.38 445.06 120.28 210.93 0.3051
884.49 830.65 53.27 100.63 0.2177
287.35 602.12 42.93 70.08 0.2028
212.28 689.43 73.08 171.23 0.1658
438.80 460.65 56.54 144.01 0.1630
580.53 679.77 54.89 96.96 0.1545
642.06 518.37 88.31 216.76 0.1491
97.87 719.36 187.81 330.55 0.1278
261.42 596.52 58.23 103.24 0.1274
186.99 749.58 102.17 240.55 0.1229
550.78 815.01 49.26 88.15 0.1115
231.47 641.90 73.95 186.72 0.1114
598.27 639.82 57.20 96.42 0.1104
570.31 584.98 112.69 174.59 0.1077
65.00 784.66 30.93 53.45 0.1066
568.55 857.75 57.51 108.14 0.1050
570.90 826.41 48.86 77.83 0.1027
294.50 714.09 72.00 163.57 0.1018
579.07 865.18 77.03 186.30 0.1012
151.53 513.75 44.80 129.64 0.0995
237.59 722.66 116.00 251.10 0.0991
276.90 611.66 61.64 126.45 0.0991
575.69 757.52 51.11 80.46 0.0977
46.87 790.50 29.96 49.14 0.0968
544.99 772.14 56.77 89.01 0.0946
107.19 66.88 95.59 207.73 0.0931
415.49 332.95 178.56 388.56 0.0924
295.60 596.87 62.91 90.28 0.0880
729.01 772.54 43.29 115.21 0.0859
177.18 695.43 80.49 225.25 0.0854
422.57 399.47 100.15 249.43 0.0834
55.22 0.00 248.84 622.25 0.0823
156.44 537.01 53.77 168.74 0.0805
708.55 211.79 281.93 729.01 0.0803
547.53 696.54 53.30 93.48 0.0800
935.60 884.05 39.73 61.14 0.0794
326.75 727.09 71.81 150.07 0.0757
899.84 845.13 68.34 145.81 0.0742
715.63 470.46 181.47 515.72 0.0737
24.79 716.31 328.91 474.17 0.0736
144.11 609.18 57.99 176.43 0.0729
641.70 351.56 154.43 383.27 0.0704
697.39 806.98 32.12 76.11 0.0692
682.15 696.21 56.09 120.97 0.0688
393.33 424.45 82.33 211.76 0.0681
68.27 714.66 525.23 651.34 0.0652
125.47 663.06 85.58 230.78 0.0638
698.63 753.49 35.40 98.04 0.0628
50.43 808.40 47.43 79.00 0.0624
648.60 716.16 56.58 92.38 0.0613
289.19 638.06 77.75 146.32 0.0599
608.53 884.88 53.14 99.76 0.0587
136.58 384.03 81.39 314.57 0.0581
984.29 957.36 36.25 116.80 0.0554
639.68 779.32 57.07 105.93 0.0553
929.48 881.73 51.98 118.96 0.0537
927.84 831.66 46.14 75.12 0.0534
698.34 690.75 73.02 197.04 0.0533
92.92 26.42 148.49 386.14 0.0514
0.48 299.20 44.01 211.19 0.0512
