25_Soldier_Patrol_Soldier_Patrol_25_882
63
800.89 512.40 30.68 36.75 0.310157
712.66 492.36 35.98 39.72 0.285859
650.95 498.31 38.82 50.88 0.213692
523.48 421.15 51.04 44.25 0.192481
848.75 497.33 21.72 22.58 0.177257
702.30 464.60 26.41 30.23 0.174484
889.85 514.21 37.28 39.86 0.167603
991.46 492.14 26.61 29.68 0.162983
944.05 461.93 18.74 26.66 0.156690
745.46 496.09 30.95 34.13 0.151180
838.26 523.21 34.50 30.87 0.149830
896.98 498.98 25.14 25.73 0.149317
763.39 459.27 24.85 28.53 0.148568
500.46 400.52 86.76 70.08 0.145028
669.05 455.89 32.59 35.09 0.138854
786.59 515.04 60.52 65.32 0.134274
63.15 16.70 109.39 140.41 0.125421
940.13 496.71 22.99 22.39 0.124328
726.57 500.76 61.91 64.02 0.124010
307.82 256.22 307.13 273.19 0.122978
854.82 467.70 17.75 26.06 0.116775
420.76 345.41 204.04 147.93 0.110918
678.82 509.41 75.69 93.50 0.110812
942.00 522.71 23.07 24.96 0.106722
446.45 415.16 103.71 76.92 0.106527
895.82 463.93 19.03 28.27 0.104849
608.44 513.04 62.68 109.71 0.104575
734.93 530.37 102.57 95.94 0.102934
634.20 507.42 65.53 95.34 0.100377
612.30 487.39 43.24 69.47 0.099726
265.23 177.85 155.25 279.01 0.099301
802.30 464.42 16.49 24.06 0.097923
990.74 510.30 27.95 31.35 0.097453
827.01 527.63 53.02 49.45 0.094426
876.11 529.22 49.88 43.71 0.093849
991.12 464.82 23.65 31.46 0.091998
668.16 435.60 30.04 33.35 0.089600
466.44 441.21 53.17 48.29 0.089511
292.53 287.75 77.02 113.73 0.087310
645.95 506.45 125.76 159.41 0.087150
506.51 0.00 56.38 47.86 0.081596
544.07 482.54 104.49 141.91 0.076577
354.21 355.38 187.63 157.51 0.074797
521.81 482.41 53.05 81.12 0.074436
763.40 438.89 25.38 32.48 0.071424
993.62 436.18 18.08 26.71 0.071211
940.92 438.56 26.02 32.88 0.069299
301.97 332.88 96.35 143.14 0.065171
531.09 433.16 73.81 77.96 0.064389
796.31 433.16 25.44 33.35 0.061347
990.00 552.62 23.94 25.44 0.060138
606.36 454.52 36.96 57.45 0.059924
705.62 440.17 22.80 30.07 0.059034
606.49 430.78 34.93 40.06 0.056950
169.28 466.11 100.81 116.00 0.056938
338.01 471.07 43.85 44.63 0.055265
724.76 208.20 257.41 242.19 0.053722
884.17 431.76 37.30 46.09 0.053173
522.45 501.53 84.89 94.90 0.052920
687.40 0.00 62.52 46.11 0.052792
643.65 0.00 59.70 43.26 0.052664
267.53 81.37 316.78 370.05 0.052078
464.78 465.65 65.09 73.70 0.050985
