25_Soldier_Patrol_Soldier_Patrol_25_883
100
537.32 60.42 59.69 85.50 0.463954
264.46 115.15 102.23 168.02 0.390527
221.85 232.10 79.81 100.82 0.250124
387.53 425.55 64.26 73.27 0.234539
470.27 72.22 69.33 92.79 0.186134
237.99 199.90 122.75 149.67 0.172576
303.56 92.08 144.03 207.17 0.172557
371.73 62.32 104.08 132.49 0.161008
169.60 263.42 68.45 80.49 0.160565
585.16 67.68 61.95 82.73 0.159058
478.19 511.93 42.65 66.27 0.156757
370.24 541.42 67.57 88.97 0.156542
900.58 407.17 22.03 21.76 0.153549
440.30 34.11 70.42 113.54 0.150098
115.18 461.59 86.93 102.77 0.149744
693.03 7.82 223.87 246.97 0.146659
387.58 350.31 60.95 76.31 0.146472
157.96 443.95 74.95 105.62 0.139801
183.13 322.08 63.87 74.95 0.133041
149.93 89.03 156.74 198.29 0.130213
269.61 388.61 50.62 62.16 0.128714
130.40 285.95 64.45 61.73 0.128190
132.13 261.20 49.17 48.87 0.125409
217.81 430.88 54.84 82.72 0.121583
633.43 40.99 62.35 93.73 0.121304
400.40 460.46 60.64 81.63 0.118495
506.57 79.13 86.62 130.56 0.116652
138.47 238.44 46.39 53.64 0.113139
231.91 406.78 46.77 73.67 0.110954
329.48 210.18 73.76 121.13 0.109746
99.03 301.12 34.12 35.49 0.108674
466.46 156.86 131.27 151.67 0.107347
412.00 497.03 130.49 173.27 0.106171
280.10 435.17 60.43 80.81 0.102550
194.54 426.83 40.23 52.97 0.101073
585.19 139.87 58.22 74.15 0.099358
665.87 23.55 153.44 183.85 0.096669
155.68 517.68 72.83 72.86 0.095252
604.19 336.59 377.49 267.17 0.093883
657.45 144.96 30.49 46.85 0.092660
511.88 450.45 95.34 138.61 0.092605
185.66 386.50 49.27 53.57 0.091656
609.29 404.54 106.78 147.88 0.089792
319.38 419.15 64.42 87.59 0.089658
472.63 537.34 133.13 145.66 0.088580
703.89 395.92 129.56 58.85 0.088026
106.78 273.70 37.94 34.26 0.086479
7.54 368.46 49.63 47.89 0.084577
492.30 476.66 74.27 127.90 0.083687
138.40 581.65 133.83 93.44 0.083353
235.63 358.37 57.45 80.23 0.082930
541.18 428.03 67.85 100.65 0.082802
437.99 4.65 66.14 78.42 0.081949
323.13 470.82 55.13 73.61 0.080447
530.25 168.78 118.79 147.39 0.079301
401.31 549.93 70.47 104.08 0.079274
236.23 465.81 36.70 64.27 0.077946
92.69 325.88 45.61 49.10 0.077810
281.38 310.79 59.00 85.80 0.077248
636.10 109.37 47.87 58.06 0.076454
328.81 492.51 67.09 80.27 0.074571
220.30 542.45 54.57 50.38 0.070388
533.65 440.03 110.53 218.17 0.067828
5.23 303.32 30.15 33.34 0.067385
653.11 159.86 45.53 64.45 0.067337
359.96 7.42 110.78 118.28 0.066061
641.57 405.32 57.67 46.51 0.065984
113.67 514.41 92.30 83.80 0.065121
536.48 592.13 84.28 86.93 0.064596
656.62 225.55 53.43 73.75 0.064365
40.68 342.45 45.57 42.01 0.063774
352.77 253.37 67.45 117.73 0.063310
687.25 306.04 39.80 46.75 0.063263
308.10 264.65 88.57 153.03 0.062459
204.61 322.65 79.63 93.18 0.062113
95.30 365.17 35.16 38.66 0.062030
146.47 432.05 46.25 59.71 0.061327
591.50 447.40 94.52 160.60 0.060664
28.95 367.90 62.56 62.15 0.059760
979.12 494.39 42.08 53.65 0.059491
580.29 11.60 76.04 121.82 0.057910
222.75 14.18 67.90 58.67 0.057422
284.73 505.55 44.56 54.55 0.057138
694.53 237.47 31.70 44.73 0.057035
182.41 51.91 101.06 116.06 0.056894
329.02 45.01 62.17 94.22 0.056730
320.82 388.39 50.81 64.15 0.055995
142.99 389.39 40.35 50.82 0.055916
57.85 314.55 33.48 28.92 0.055576
350.80 624.15 74.80 58.85 0.054887
105.48 248.81 53.89 41.46 0.054474
157.73 617.64 86.97 64.51 0.054340
191.69 624.02 98.17 58.98 0.054340
547.81 330.82 43.04 47.18 0.054309
140.67 356.91 47.55 51.43 0.053322
507.24 1.50 44.28 41.43 0.052794
656.08 198.04 50.33 70.37 0.052611
318.34 598.28 70.32 72.52 0.052034
190.47 19.11 57.03 58.28 0.051353
48.30 437.10 75.08 102.78 0.050714
