25_Soldier_Patrol_Soldier_Patrol_25_467
125
763.65 57.33 61.96 55.86 0.362864
200.84 47.79 89.00 81.76 0.269809
419.04 81.35 170.96 207.93 0.188270
146.76 129.61 246.38 209.11 0.179538
338.29 54.83 45.06 54.54 0.161367
652.84 76.90 34.29 25.06 0.160113
617.59 92.16 36.76 37.06 0.155410
688.77 273.31 64.54 71.73 0.154793
288.53 331.46 25.94 22.40 0.151890
113.39 198.09 115.35 123.97 0.141919
729.71 33.62 101.93 73.00 0.141508
244.95 160.36 103.75 87.45 0.136212
293.65 182.84 67.56 48.72 0.134950
449.18 180.90 90.11 112.50 0.134429
471.53 138.34 150.57 196.46 0.129518
675.63 116.69 81.63 71.46 0.129312
630.17 116.95 90.34 73.64 0.126666
236.94 326.71 36.94 33.67 0.126291
414.94 47.54 70.71 54.23 0.125677
197.11 323.54 33.30 31.86 0.125039
725.95 261.75 59.99 82.24 0.123963
328.46 371.74 37.11 29.13 0.123719
879.36 111.95 127.46 94.88 0.123663
701.93 66.78 44.74 36.60 0.123562
638.11 83.95 47.70 35.82 0.119297
821.95 147.83 61.11 79.54 0.117129
81.59 213.00 69.76 79.23 0.115515
149.09 290.09 32.09 28.02 0.115510
194.06 309.63 29.55 30.30 0.112945
331.96 327.63 27.50 21.94 0.111957
177.42 259.44 55.00 47.65 0.111212
618.74 79.76 36.44 29.75 0.111095
217.10 242.63 90.06 75.46 0.111001
300.79 42.60 90.96 89.09 0.109926
331.49 312.78 31.94 26.64 0.106939
134.87 188.51 42.58 46.68 0.106537
696.30 386.26 62.89 41.29 0.104401
143.04 269.14 45.88 42.22 0.103618
787.17 40.09 91.67 76.25 0.103401
395.10 36.34 126.43 131.99 0.103399
497.72 126.15 103.81 109.92 0.102341
843.79 139.20 79.85 61.51 0.101020
180.97 283.29 41.15 36.86 0.100390
151.96 303.95 28.12 24.60 0.097877
975.49 189.13 42.69 43.19 0.095759
566.79 185.84 91.28 107.38 0.092336
228.91 279.15 55.79 50.81 0.091373
926.54 133.28 97.46 102.42 0.091160
414.99 331.35 41.53 27.09 0.090623
358.79 50.09 95.26 90.67 0.090411
913.08 160.52 73.20 69.66 0.089510
973.11 397.19 46.57 29.24 0.089171
703.49 86.05 45.71 41.21 0.088929
236.41 308.08 36.45 35.39 0.085998
747.31 81.04 57.62 58.60 0.085631
654.11 273.09 68.35 68.42 0.085492
933.41 359.62 56.09 39.83 0.084740
288.25 310.91 36.12 32.60 0.084696
790.46 216.14 62.35 79.92 0.083060
101.13 266.29 32.78 33.85 0.082428
536.31 104.78 68.42 80.15 0.081836
922.25 225.56 55.11 43.20 0.081761
283.07 340.51 36.22 35.14 0.081516
329.66 345.58 37.67 37.43 0.081178
103.50 309.57 25.49 21.85 0.080932
83.30 181.11 77.88 76.33 0.080655
716.13 115.49 71.11 67.31 0.079548
859.06 246.83 90.60 102.64 0.079426
275.21 275.55 65.11 52.48 0.079262
241.48 363.69 38.88 32.37 0.079257
101.39 288.61 30.04 29.71 0.079161
315.01 281.96 54.67 47.60 0.079093
97.83 329.61 31.98 28.96 0.079013
762.85 236.63 90.63 121.00 0.076284
145.41 196.42 27.16 22.82 0.075580
695.26 105.80 57.90 50.26 0.075339
798.24 160.37 62.14 69.65 0.074904
987.17 329.49 31.77 26.95 0.074850
350.77 376.83 62.15 38.72 0.072731
828.00 249.68 79.90 95.54 0.072052
609.08 125.66 79.87 85.90 0.071634
792.29 176.06 104.10 113.26 0.071506
746.35 219.63 44.15 63.29 0.070601
197.74 362.53 32.22 25.47 0.070545
621.58 167.70 74.04 80.94 0.069606
509.25 81.14 67.93 102.24 0.068900
927.47 190.15 62.58 62.26 0.068738
754.05 5.89 108.97 68.89 0.068285
77.05 363.35 53.72 40.20 0.068067
260.21 240.59 114.76 83.54 0.067904
975.91 213.28 37.85 47.93 0.066523
377.50 328.11 39.52 27.50 0.066338
374.53 309.01 41.80 34.26 0.066160
196.89 344.09 37.96 33.15 0.063867
358.54 132.12 60.85 84.15 0.063853
960.51 300.35 63.49 68.80 0.063777
267.70 360.19 53.76 41.55 0.063460
856.90 230.58 74.08 60.94 0.063211
421.02 255.49 81.90 75.26 0.063136
743.14 188.09 58.87 75.31 0.062665
706.19 195.08 50.55 64.77 0.061754
910.39 287.12 70.92 74.68 0.061402
551.90 86.22 49.21 60.29 0.061180
57.42 348.16 31.52 29.91 0.061030
960.83 353.08 63.17 52.52 0.060448
644.34 56.25 46.33 42.29 0.060417
376.31 194.54 70.32 82.01 0.059488
551.65 62.62 46.94 47.92 0.059064
963.04 225.88 49.71 57.40 0.058797
232.17 333.43 46.51 48.48 0.058147
940.99 352.05 29.97 25.58 0.057785
848.73 204.38 110.36 105.96 0.057319
935.73 326.73 40.35 33.68 0.057291
829.14 223.24 68.45 73.96 0.056781
53.92 327.55 31.93 25.91 0.056222
53.30 264.02 29.72 31.14 0.056180
692.28 140.44 92.75 110.95 0.055752
778.95 94.75 79.89 85.16 0.055311
94.11 345.76 30.99 28.66 0.054998
147.45 318.26 52.00 43.05 0.054878
571.73 255.66 82.45 68.94 0.053815
820.27 88.21 112.53 81.99 0.053556
886.25 320.37 49.42 41.26 0.052099
10.52 324.29 26.41 29.17 0.050993
918.83 94.05 104.81 83.04 0.050131
