4_Dancing_Dancing_4_224
156
283.43 66.37 102.39 133.47 0.5288
528.94 50.63 96.73 133.30 0.4882
762.39 200.29 46.51 68.71 0.4157
411.04 242.97 74.15 80.68 0.3237
163.15 649.04 89.97 266.21 0.2549
255.00 68.72 83.18 125.13 0.2113
14.65 532.28 182.27 328.64 0.1796
137.01 518.85 76.47 131.35 0.1761
860.39 185.00 79.04 67.03 0.1732
610.26 1061.14 72.18 93.86 0.1684
465.41 281.53 123.89 275.45 0.1668
146.96 212.52 179.20 276.11 0.1637
118.82 543.90 166.81 427.61 0.1552
871.66 162.36 56.24 63.74 0.1543
771.63 207.75 63.74 88.87 0.1510
54.62 289.05 67.08 47.45 0.1505
388.42 67.06 73.68 94.80 0.1496
291.15 123.09 82.03 152.01 0.1475
389.47 131.07 90.67 90.02 0.1405
496.16 678.34 113.64 206.28 0.1377
159.60 223.98 92.67 184.42 0.1275
200.71 175.80 63.67 98.31 0.1274
370.39 335.70 84.53 261.53 0.1255
778.95 281.48 60.45 81.76 0.1245
173.77 236.83 58.89 113.68 0.1206
402.88 298.82 133.41 295.73 0.1200
362.37 188.67 96.14 139.25 0.1174
834.57 200.12 76.51 117.22 0.1148
7.42 129.18 18.30 35.96 0.1139
69.84 243.84 44.22 47.42 0.1136
6.25 163.90 20.52 39.23 0.1128
260.76 206.16 125.85 265.97 0.1124
190.05 44.92 23.84 39.46 0.1090
425.57 199.14 87.31 106.98 0.1084
154.32 80.76 29.46 43.40 0.1075
892.80 233.29 78.83 63.09 0.1073
455.42 307.37 86.86 180.41 0.1060
399.75 249.74 59.32 124.67 0.1056
418.16 65.04 62.66 73.71 0.1056
564.78 65.66 151.38 165.34 0.1055
607.96 991.16 81.18 107.94 0.1049
208.48 649.93 116.95 256.77 0.1039
618.32 141.79 114.63 99.91 0.1032
365.79 970.33 95.42 114.63 0.1032
8.11 43.74 17.63 33.91 0.1021
659.32 158.71 69.90 64.07 0.1001
40.13 205.68 47.49 51.46 0.1000
70.92 209.45 45.29 49.51 0.0997
827.56 258.96 77.45 92.46 0.0996
45.89 127.10 28.88 34.49 0.0995
113.61 47.97 21.77 31.81 0.0985
75.49 126.35 34.07 38.52 0.0977
600.75 574.17 325.72 275.28 0.0974
114.20 86.33 25.86 37.03 0.0971
422.93 252.43 95.19 189.50 0.0965
359.80 1074.01 72.89 80.99 0.0965
894.33 255.63 101.24 81.76 0.0958
741.45 161.89 70.12 74.35 0.0944
355.24 447.71 62.14 151.13 0.0940
643.90 73.54 81.08 92.33 0.0940
44.29 35.85 23.72 38.25 0.0933
80.42 89.84 24.53 32.98 0.0932
153.53 43.86 23.40 40.06 0.0931
151.16 117.64 37.47 52.99 0.0917
71.80 161.02 46.06 51.08 0.0913
755.91 22.71 48.90 63.64 0.0904
108.68 461.30 130.81 262.80 0.0904
693.97 41.11 36.70 48.98 0.0899
60.66 263.08 95.99 86.36 0.0897
102.56 125.45 41.64 52.17 0.0885
147.79 152.75 40.78 58.34 0.0883
654.85 44.04 51.28 65.36 0.0883
238.90 154.81 97.59 174.37 0.0871
404.39 96.61 82.85 92.50 0.0865
151.60 241.94 58.11 95.46 0.0860
682.33 289.68 66.01 77.22 0.0856
408.78 969.92 77.51 91.66 0.0855
76.07 293.53 106.32 120.26 0.0853
41.84 239.41 48.22 48.24 0.0847
102.40 163.09 44.27 50.64 0.0840
683.43 79.49 49.41 59.68 0.0828
201.71 195.94 97.07 187.22 0.0827
182.95 77.91 33.41 47.01 0.0823
356.02 518.91 49.65 123.04 0.0815
366.34 336.51 64.34 129.12 0.0812
227.99 77.31 41.38 69.29 0.0811
849.37 128.36 47.27 75.35 0.0809
327.63 499.51 65.73 131.62 0.0808
40.84 163.28 45.38 56.54 0.0793
521.54 118.82 123.73 139.46 0.0791
5.28 5.03 24.56 40.63 0.0789
160.52 574.05 117.68 237.33 0.0785
2.28 207.97 28.15 57.74 0.0784
172.29 143.19 57.68 93.59 0.0783
77.56 36.69 26.31 38.40 0.0767
32.41 292.20 83.79 79.90 0.0767
4.25 86.04 20.18 39.42 0.0765
479.34 72.83 71.80 97.21 0.0751
45.76 89.54 20.67 33.85 0.0746
216.67 809.77 43.95 96.57 0.0733
650.78 307.31 77.84 65.42 0.0732
42.88 0.06 30.48 45.05 0.0728
81.86 233.83 62.20 65.98 0.0727
678.18 116.28 55.04 62.90 0.0724
763.22 126.39 54.33 97.49 0.0724
89.72 201.15 51.35 51.67 0.0716
408.39 808.72 159.41 294.81 0.0714
3.66 236.53 26.17 50.94 0.0713
911.85 184.04 69.94 70.85 0.0699
38.69 360.61 129.39 118.13 0.0698
237.17 631.98 249.14 354.17 0.0698
85.40 459.87 106.36 175.94 0.0695
927.29 156.85 51.28 61.09 0.0694
436.09 1107.42 45.64 47.58 0.0692
446.23 743.61 114.54 224.63 0.0681
210.15 130.41 65.66 115.84 0.0675
5.84 711.53 140.29 192.45 0.0674
390.05 553.86 54.91 171.06 0.0670
298.77 2.84 72.97 91.53 0.0669
467.48 110.06 91.89 120.82 0.0669
1.84 276.97 34.10 55.06 0.0667
429.06 1028.76 53.89 105.23 0.0663
468.75 1110.66 40.14 44.34 0.0641
727.77 266.71 75.29 85.70 0.0635
147.23 192.40 47.93 68.10 0.0628
901.07 288.08 89.37 80.41 0.0627
324.87 420.02 75.67 129.62 0.0625
278.64 833.48 161.38 192.96 0.0624
562.21 838.30 57.98 107.42 0.0619
28.01 622.12 116.78 139.80 0.0618
509.32 1107.77 42.49 44.94 0.0616
330.93 4.35 68.84 95.90 0.0612
303.25 344.87 83.77 171.76 0.0606
148.62 1106.41 30.35 43.70 0.0605
218.10 333.25 113.45 178.59 0.0603
474.36 35.86 51.71 79.72 0.0603
734.86 120.46 55.35 88.13 0.0602
902.09 129.37 54.38 84.79 0.0597
576.50 863.04 66.69 123.85 0.0594
320.68 546.32 70.59 152.11 0.0589
178.00 112.53 47.97 68.60 0.0583
482.23 896.46 124.23 233.89 0.0572
290.84 501.89 79.04 146.54 0.0569
4.23 449.49 156.71 174.85 0.0566
226.35 40.20 29.35 62.70 0.0563
673.22 217.48 84.26 95.12 0.0560
604.81 219.84 127.84 91.34 0.0555
431.97 3.12 44.41 59.58 0.0554
353.36 673.36 194.22 378.63 0.0554
85.68 333.03 124.68 168.29 0.0549
948.04 275.92 70.98 63.18 0.0548
270.08 552.90 84.29 162.12 0.0546
176.13 385.65 95.31 164.62 0.0544
254.44 422.74 94.06 156.17 0.0534
186.96 7.84 26.35 44.93 0.0505
517.48 970.52 78.87 104.57 0.0503
