4_Dancing_Dancing_4_1026
196
605.49 81.35 102.14 154.03 0.8910
791.99 112.48 110.95 149.65 0.8749
106.09 109.94 110.51 158.37 0.8304
469.29 143.92 107.64 139.27 0.8236
300.86 149.89 94.69 153.06 0.6006
778.18 680.04 31.25 37.58 0.2542
923.78 85.02 28.09 34.35 0.2541
988.07 212.18 30.74 47.91 0.2440
311.46 123.37 59.69 106.22 0.2424
762.31 53.32 36.62 55.62 0.2331
406.49 77.23 45.74 79.37 0.2286
909.09 697.04 42.15 53.33 0.2211
399.29 76.57 93.61 176.04 0.2189
996.98 154.97 25.85 41.07 0.2185
689.86 620.24 39.53 58.47 0.2075
420.99 70.58 49.38 70.06 0.1935
959.65 256.91 64.21 100.54 0.1867
949.69 78.18 26.80 33.43 0.1853
916.80 128.94 53.79 97.96 0.1851
962.17 104.64 32.31 42.51 0.1829
355.79 119.05 106.52 167.03 0.1818
428.91 120.72 98.02 155.02 0.1807
991.68 134.25 28.59 41.04 0.1745
138.05 267.94 77.14 120.65 0.1729
934.75 183.13 42.76 66.06 0.1707
641.25 562.04 49.06 71.09 0.1644
299.01 39.94 47.57 79.55 0.1640
803.40 676.58 29.85 41.18 0.1638
995.46 179.99 27.69 42.98 0.1625
251.70 88.33 114.95 192.21 0.1585
722.24 43.96 57.06 87.41 0.1564
476.86 246.43 123.50 255.09 0.1546
938.75 226.55 60.96 98.19 0.1529
69.14 263.61 102.19 171.15 0.1524
261.98 332.95 115.45 218.80 0.1517
878.25 683.13 60.95 74.87 0.1517
282.38 54.53 74.50 130.62 0.1504
156.24 322.79 99.95 178.28 0.1498
722.63 310.43 116.08 126.50 0.1486
393.32 518.74 57.11 71.77 0.1449
257.56 47.37 43.03 72.21 0.1409
651.01 61.29 85.73 120.18 0.1347
468.77 83.51 102.65 108.33 0.1343
988.58 109.16 26.65 40.51 0.1325
772.76 315.15 77.78 87.69 0.1324
296.59 0.02 28.33 33.29 0.1317
784.92 420.78 100.17 121.17 0.1312
521.04 67.71 79.65 94.43 0.1281
216.46 374.83 196.12 304.12 0.1276
135.00 289.14 239.00 333.83 0.1268
612.97 507.09 90.71 108.14 0.1241
654.39 589.71 53.57 88.61 0.1238
531.77 278.30 100.02 162.56 0.1176
995.95 68.82 24.01 37.46 0.1163
476.93 355.77 89.23 164.69 0.1158
290.34 359.79 59.09 116.31 0.1155
743.16 45.46 80.07 115.70 0.1146
547.09 77.91 38.32 37.82 0.1141
698.14 63.94 80.41 128.32 0.1137
530.03 208.77 93.88 85.82 0.1129
642.03 615.46 76.88 111.99 0.1128
324.97 484.45 125.16 155.00 0.1128
637.82 325.76 77.30 87.44 0.1123
653.55 540.86 76.38 82.33 0.1123
774.82 2.15 25.49 23.83 0.1109
687.81 313.24 56.73 76.88 0.1101
942.87 374.94 73.72 122.04 0.1099
172.13 281.23 87.80 133.38 0.1085
581.92 486.12 82.67 120.35 0.1085
613.53 644.29 58.57 85.24 0.1075
624.51 605.74 37.35 51.35 0.1075
281.76 288.63 65.89 120.62 0.1065
328.78 67.87 73.26 126.91 0.1054
667.62 106.18 115.47 132.52 0.1049
320.48 29.80 43.39 75.28 0.1046
674.20 581.95 54.84 80.55 0.1035
817.72 73.76 68.53 64.45 0.1032
558.31 653.00 24.22 28.44 0.1030
599.20 309.98 68.71 111.30 0.1029
251.63 66.52 60.66 116.36 0.1025
674.55 31.47 65.32 70.62 0.1023
650.72 298.60 71.80 78.11 0.1016
764.94 21.82 35.54 61.46 0.1012
256.22 0.00 49.17 79.39 0.1000
642.80 354.95 82.60 134.95 0.0996
94.26 685.49 101.62 72.51 0.0993
658.96 23.14 56.05 65.76 0.0989
289.30 1.38 47.94 74.51 0.0988
839.46 424.33 84.04 93.33 0.0984
658.93 382.12 131.93 209.03 0.0978
779.72 479.68 80.18 112.07 0.0968
1.22 470.37 297.00 287.63 0.0966
56.07 262.08 72.08 108.49 0.0953
254.98 229.99 115.32 169.04 0.0951
311.15 289.98 101.75 136.42 0.0944
925.34 485.65 69.72 104.42 0.0941
719.07 660.31 49.14 66.54 0.0935
621.94 349.85 53.59 107.28 0.0931
348.18 49.67 49.23 82.92 0.0919
165.91 686.42 86.79 71.58 0.0919
668.80 346.81 102.61 153.76 0.0917
832.88 48.43 44.97 51.37 0.0912
940.43 713.07 48.41 44.93 0.0909
994.65 47.08 24.32 36.69 0.0908
989.19 688.91 28.70 51.72 0.0907
588.95 689.68 36.02 43.43 0.0905
631.89 652.01 126.56 105.99 0.0896
902.65 328.85 83.59 151.54 0.0891
425.65 310.36 116.04 159.73 0.0886
608.87 563.47 63.25 94.29 0.0881
734.17 689.17 39.05 51.31 0.0874
568.41 550.28 83.98 101.09 0.0867
468.06 74.92 66.05 76.57 0.0865
424.51 246.07 102.27 152.74 0.0864
203.94 319.97 111.10 186.07 0.0862
994.36 582.66 29.64 78.58 0.0851
821.66 685.62 61.91 67.98 0.0850
375.92 557.39 65.81 95.34 0.0849
848.66 80.97 65.04 76.03 0.0841
682.46 585.68 89.62 111.35 0.0833
3.48 311.68 31.69 52.94 0.0817
517.88 653.57 20.56 23.45 0.0803
23.97 380.95 105.66 134.05 0.0797
436.94 408.95 102.74 136.74 0.0791
0.00 602.23 38.05 118.56 0.0785
559.45 667.72 26.05 33.55 0.0778
729.50 714.80 48.37 43.20 0.0769
362.19 6.30 45.02 74.62 0.0764
747.30 371.85 119.42 141.26 0.0757
722.65 0.00 46.82 36.68 0.0748
833.72 456.94 132.31 192.64 0.0748
808.23 279.11 74.10 95.76 0.0743
86.75 252.66 137.99 258.56 0.0731
155.48 67.17 66.85 95.78 0.0729
610.28 233.00 57.80 67.09 0.0725
759.18 697.34 79.33 60.66 0.0723
428.59 609.59 39.59 47.99 0.0718
598.64 402.16 83.98 195.78 0.0712
990.94 23.80 27.39 49.46 0.0706
18.53 490.65 136.52 211.66 0.0702
412.53 573.85 56.32 66.74 0.0702
576.51 610.73 51.36 62.86 0.0701
624.85 155.83 76.52 87.70 0.0697
609.52 43.74 78.79 88.26 0.0681
501.82 266.39 96.82 128.95 0.0680
598.04 692.66 80.32 65.34 0.0677
5.93 259.07 42.67 60.25 0.0674
361.75 440.07 122.83 137.54 0.0670
782.97 646.78 65.94 90.90 0.0670
483.27 680.08 20.05 23.89 0.0657
650.94 253.02 55.75 80.16 0.0656
361.40 217.07 110.09 129.16 0.0654
882.75 626.45 80.42 120.87 0.0651
390.62 370.30 86.04 141.69 0.0646
0.00 424.64 48.55 126.58 0.0641
728.80 474.87 96.04 115.97 0.0639
919.76 58.34 32.87 39.89 0.0633
758.11 515.94 74.80 111.09 0.0631
27.92 241.17 76.00 90.26 0.0628
584.42 50.85 69.85 77.12 0.0619
917.82 274.04 88.64 114.77 0.0619
754.26 263.83 116.01 125.39 0.0618
925.39 541.09 80.98 131.23 0.0616
3.56 334.56 37.91 83.13 0.0615
529.14 493.17 93.71 125.74 0.0612
519.84 677.28 20.04 24.91 0.0603
973.89 477.17 50.11 118.99 0.0602
153.54 180.29 120.07 131.80 0.0601
806.21 36.02 59.97 70.32 0.0596
805.14 2.18 27.44 25.43 0.0590
125.67 364.88 103.77 183.88 0.0576
25.36 297.06 91.74 134.63 0.0573
878.38 460.00 76.28 102.79 0.0562
945.73 433.76 66.13 91.96 0.0562
718.27 517.41 82.17 121.61 0.0561
896.22 420.21 80.68 107.31 0.0559
297.52 397.19 105.37 134.69 0.0550
407.96 645.14 26.92 34.34 0.0542
167.76 448.94 158.19 309.06 0.0537
587.37 717.94 55.84 40.06 0.0536
443.36 556.95 71.58 83.17 0.0534
504.36 616.75 47.57 63.72 0.0533
373.28 0.00 32.89 39.46 0.0530
194.26 571.84 101.59 186.16 0.0528
416.92 5.62 51.26 67.97 0.0522
94.57 642.07 160.46 115.93 0.0516
18.40 478.35 94.25 136.80 0.0516
955.28 58.41 25.66 36.94 0.0516
447.75 680.39 19.48 22.53 0.0516
0.23 374.06 55.19 115.02 0.0513
182.24 62.03 79.44 119.72 0.0512
413.74 679.08 19.60 26.56 0.0510
291.70 189.39 142.62 171.78 0.0509
163.95 230.52 115.95 139.95 0.0506
804.86 615.95 118.36 142.05 0.0504
444.45 648.29 23.62 26.70 0.0501
