46_Jockey_Jockey_46_923
30
219.82 462.35 101.83 261.52 0.2146
213.89 607.78 81.31 243.56 0.1465
683.39 315.06 79.47 83.35 0.1362
539.45 212.01 161.68 176.72 0.1249
626.10 333.53 126.44 120.89 0.1225
609.65 494.53 81.46 91.45 0.1215
756.06 334.02 44.55 73.64 0.1131
601.29 236.57 160.95 176.17 0.1089
447.11 616.29 101.11 130.68 0.1002
195.06 383.43 77.89 213.56 0.0946
229.29 640.49 99.53 309.71 0.0926
189.31 483.29 78.27 292.35 0.0916
186.31 383.13 49.66 162.33 0.0886
236.09 455.31 162.38 441.70 0.0848
626.65 1002.97 141.21 211.18 0.0839
258.61 462.21 100.43 207.87 0.0824
345.02 239.29 107.99 101.52 0.0780
355.89 206.63 85.04 74.20 0.0759
194.03 613.51 60.90 245.26 0.0749
606.25 443.49 88.31 103.00 0.0735
681.65 439.44 98.80 205.71 0.0705
552.80 318.24 126.80 114.46 0.0657
377.96 324.90 102.62 84.80 0.0640
505.71 639.75 93.96 116.88 0.0634
271.36 660.70 193.05 356.32 0.0629
440.89 258.27 98.65 72.59 0.0612
398.20 605.19 108.81 148.17 0.0560
788.65 374.12 39.22 70.34 0.0546
442.23 373.59 109.73 107.32 0.0527
751.83 426.53 63.21 196.60 0.0507
