57_Angler_peoplefishing_57_661
200
927.82 0.00 81.19 79.63 0.1924
50.59 591.48 80.21 79.15 0.1921
50.58 322.52 80.22 79.18 0.1920
50.58 456.98 80.21 79.18 0.1920
50.58 537.66 80.22 79.18 0.1920
671.75 0.00 81.14 79.60 0.1918
562.04 0.00 81.17 79.63 0.1918
488.90 0.00 81.26 79.63 0.1917
525.47 0.00 81.26 79.63 0.1917
598.61 0.00 81.26 79.63 0.1917
635.18 0.00 81.28 79.63 0.1917
891.31 0.00 80.93 79.41 0.1916
50.59 376.22 80.21 79.24 0.1916
13.59 0.00 80.81 79.35 0.1916
708.33 0.00 81.22 79.61 0.1916
744.91 0.00 81.22 79.61 0.1916
854.62 0.00 81.22 79.61 0.1916
452.32 0.00 81.13 79.61 0.1915
928.10 322.51 80.55 79.41 0.1915
928.10 618.33 80.55 79.41 0.1915
781.47 0.00 81.27 79.64 0.1915
50.61 53.65 80.13 79.13 0.1915
50.30 0.00 80.68 79.38 0.1915
928.12 80.38 80.62 79.55 0.1914
50.66 134.34 80.06 79.12 0.1914
928.12 134.17 80.62 79.55 0.1914
50.66 188.13 80.06 79.12 0.1914
928.12 214.85 80.62 79.55 0.1914
50.66 241.91 80.06 79.12 0.1914
269.93 645.18 80.31 79.27 0.1914
196.47 241.48 80.69 79.83 0.1914
123.44 80.27 80.58 79.57 0.1914
818.05 0.00 81.21 79.63 0.1914
159.74 0.00 81.13 79.62 0.1914
342.59 0.00 81.15 79.60 0.1913
379.16 0.00 81.15 79.60 0.1913
415.73 0.00 81.15 79.60 0.1913
305.98 0.00 81.19 79.61 0.1913
745.04 618.02 80.78 79.84 0.1913
781.61 618.02 80.78 79.84 0.1913
928.10 564.52 80.54 79.46 0.1913
123.26 0.00 81.07 79.61 0.1913
123.61 645.17 80.21 79.28 0.1913
196.22 0.00 81.25 79.63 0.1913
232.79 0.00 81.25 79.63 0.1913
269.36 0.00 81.25 79.63 0.1913
928.10 268.61 80.55 79.55 0.1913
928.10 376.18 80.55 79.55 0.1913
928.10 429.97 80.55 79.55 0.1913
928.10 483.76 80.55 79.55 0.1913
343.08 645.22 80.27 79.21 0.1913
123.41 133.93 80.71 79.68 0.1912
306.48 645.16 80.36 79.30 0.1912
671.91 80.22 80.74 79.69 0.1912
123.40 214.59 80.74 79.81 0.1912
891.48 53.43 80.43 79.38 0.1912
13.81 322.56 80.25 79.14 0.1912
13.81 483.92 80.25 79.14 0.1912
13.81 537.70 80.25 79.14 0.1912
818.13 107.01 80.83 79.82 0.1912
159.92 160.85 80.62 79.72 0.1912
671.85 456.61 80.83 79.82 0.1912
891.53 537.50 80.35 79.37 0.1912
818.18 160.81 80.79 79.87 0.1912
818.18 214.60 80.79 79.87 0.1912
781.61 241.49 80.79 79.87 0.1912
854.75 402.85 80.79 79.87 0.1912
854.75 456.64 80.79 79.87 0.1912
818.18 510.42 80.79 79.87 0.1912
854.75 510.42 80.79 79.87 0.1912
781.61 564.21 80.79 79.87 0.1912
818.18 564.21 80.79 79.87 0.1912
233.37 645.17 80.30 79.27 0.1912
891.49 107.21 80.41 79.40 0.1911
269.62 214.59 80.78 79.83 0.1911
891.49 214.78 80.41 79.40 0.1911
891.49 376.14 80.41 79.40 0.1911
891.49 429.93 80.41 79.40 0.1911
891.49 483.71 80.41 79.40 0.1911
854.70 133.90 80.84 79.90 0.1911
854.70 214.58 80.84 79.90 0.1911
781.56 402.83 80.84 79.90 0.1911
818.13 402.83 80.84 79.90 0.1911
708.42 456.62 80.84 79.90 0.1911
744.99 456.62 80.84 79.90 0.1911
781.56 456.62 80.84 79.90 0.1911
818.13 456.62 80.84 79.90 0.1911
671.85 510.40 80.84 79.90 0.1911
708.42 510.40 80.84 79.90 0.1911
744.99 510.40 80.84 79.90 0.1911
781.56 510.40 80.84 79.90 0.1911
342.84 160.82 80.70 79.79 0.1911
233.13 241.50 80.70 79.79 0.1911
86.83 53.24 80.72 79.71 0.1911
159.92 107.03 80.76 79.78 0.1911
379.35 107.03 80.76 79.78 0.1911
415.91 322.22 80.79 79.75 0.1911
452.48 322.22 80.79 79.75 0.1911
306.19 349.11 80.79 79.75 0.1911
379.65 645.19 80.27 79.24 0.1911
416.22 645.19 80.27 79.24 0.1911
745.01 402.85 80.81 79.79 0.1911
818.19 618.01 80.77 79.84 0.1911
854.77 618.01 80.77 79.84 0.1911
196.82 645.21 80.18 79.23 0.1911
196.55 80.12 80.70 79.73 0.1911
891.56 295.50 80.32 79.33 0.1911
50.72 645.37 79.98 79.00 0.1911
525.61 53.26 80.83 79.81 0.1910
562.18 80.15 80.83 79.81 0.1910
598.75 80.15 80.83 79.81 0.1910
635.32 80.15 80.83 79.81 0.1910
635.32 133.94 80.83 79.81 0.1910
415.90 456.65 80.83 79.81 0.1910
452.79 645.19 80.29 79.32 0.1910
489.36 645.19 80.29 79.32 0.1910
233.04 133.92 80.80 79.79 0.1910
306.18 187.70 80.80 79.79 0.1910
13.81 376.35 80.25 79.13 0.1910
525.57 617.99 80.87 79.84 0.1910
708.43 617.99 80.82 79.87 0.1910
196.57 160.85 80.65 79.71 0.1910
159.99 214.64 80.65 79.71 0.1910
525.56 241.45 80.87 79.86 0.1910
708.53 375.98 80.69 79.74 0.1910
671.96 402.87 80.69 79.74 0.1910
233.12 80.15 80.72 79.75 0.1910
708.49 80.22 80.73 79.69 0.1910
671.92 134.01 80.73 79.69 0.1910
708.49 134.01 80.73 79.69 0.1910
598.78 295.37 80.73 79.69 0.1910
781.62 322.16 80.75 79.79 0.1910
525.63 349.15 80.73 79.69 0.1910
452.49 376.04 80.73 79.69 0.1910
489.06 376.04 80.73 79.69 0.1910
525.63 429.83 80.73 79.69 0.1910
562.20 537.40 80.73 79.69 0.1910
598.78 591.19 80.73 79.69 0.1910
489.05 241.51 80.81 79.78 0.1910
854.71 80.09 80.82 79.87 0.1910
745.06 53.24 80.75 79.78 0.1910
781.63 80.14 80.75 79.78 0.1910
745.06 107.03 80.75 79.78 0.1910
745.06 160.81 80.75 79.78 0.1910
671.91 187.71 80.75 79.78 0.1910
708.49 187.71 80.75 79.78 0.1910
745.06 214.60 80.75 79.78 0.1910
671.91 241.49 80.75 79.78 0.1910
708.49 241.49 80.75 79.78 0.1910
635.34 268.39 80.75 79.78 0.1910
562.20 322.17 80.75 79.78 0.1910
598.77 349.06 80.75 79.78 0.1910
635.34 349.06 80.75 79.78 0.1910
671.91 349.06 80.75 79.78 0.1910
379.34 402.85 80.75 79.78 0.1910
562.20 402.85 80.75 79.78 0.1910
598.77 402.85 80.75 79.78 0.1910
635.34 402.85 80.75 79.78 0.1910
13.83 430.13 80.22 79.10 0.1910
562.20 456.64 80.75 79.78 0.1910
598.77 456.64 80.75 79.78 0.1910
635.34 456.64 80.75 79.78 0.1910
598.77 510.42 80.75 79.78 0.1910
635.34 591.10 80.75 79.78 0.1910
671.91 591.10 80.75 79.78 0.1910
13.82 618.43 80.26 79.12 0.1910
415.92 241.50 80.76 79.77 0.1909
306.20 268.39 80.76 79.77 0.1909
818.19 268.37 80.77 79.87 0.1909
854.76 268.37 80.77 79.87 0.1909
196.49 295.29 80.76 79.77 0.1909
854.76 564.20 80.77 79.87 0.1909
86.75 0.00 81.00 79.55 0.1909
86.83 134.04 80.62 79.56 0.1909
86.83 187.70 80.63 79.83 0.1909
891.59 591.30 80.35 79.35 0.1909
562.17 241.52 80.81 79.76 0.1909
233.03 375.98 80.81 79.76 0.1909
233.03 429.77 80.81 79.76 0.1909
269.60 429.77 80.81 79.76 0.1909
306.17 456.66 80.81 79.76 0.1909
635.56 645.16 80.39 79.41 0.1909
489.07 80.13 80.80 79.79 0.1909
525.64 107.02 80.80 79.79 0.1909
635.34 187.76 80.78 79.75 0.1909
781.63 187.71 80.77 79.86 0.1909
598.77 241.55 80.78 79.75 0.1909
123.41 268.39 80.61 79.78 0.1909
342.77 322.22 80.78 79.75 0.1909
379.34 322.22 80.78 79.75 0.1909
342.77 376.01 80.78 79.75 0.1909
415.91 376.01 80.78 79.75 0.1909
306.20 402.90 80.78 79.75 0.1909
342.77 429.80 80.78 79.75 0.1909
489.05 429.71 80.80 79.84 0.1909
525.63 483.58 80.78 79.75 0.1909
562.20 618.05 80.78 79.75 0.1909
87.04 645.16 80.28 79.34 0.1909
818.15 53.21 80.83 79.91 0.1909
452.48 80.15 80.81 79.79 0.1909
