39_Ice_Skating_iceskiing_39_351
79
177.52 102.44 101.13 118.87 0.7492
769.54 124.39 70.37 77.81 0.7347
226.63 84.79 85.02 121.34 0.5682
781.00 392.85 42.88 54.24 0.4217
258.89 72.23 59.37 97.33 0.3295
371.43 290.23 49.50 60.08 0.3137
881.00 425.21 43.93 52.47 0.3004
480.87 315.09 26.96 27.31 0.1916
445.24 285.97 23.61 31.34 0.1621
848.07 420.45 44.68 41.52 0.1514
447.50 313.27 23.21 31.80 0.1475
438.68 247.33 28.33 28.76 0.1459
839.70 433.47 49.75 56.20 0.1290
91.96 283.45 81.58 109.73 0.1157
439.61 257.94 29.66 40.56 0.1152
550.95 309.62 35.90 34.48 0.1142
805.50 414.75 50.67 63.26 0.1129
575.06 334.62 39.87 32.95 0.1092
476.88 246.42 24.33 28.57 0.1005
479.46 293.01 27.74 31.77 0.0988
360.95 72.53 31.42 66.94 0.0952
507.14 310.40 37.88 36.10 0.0933
539.20 269.62 55.55 55.26 0.0887
302.50 94.05 61.75 106.48 0.0866
261.12 395.92 120.50 100.41 0.0857
549.78 315.84 49.48 49.74 0.0853
479.26 263.80 26.42 33.56 0.0841
728.32 418.55 48.02 49.50 0.0810
29.45 112.46 38.34 78.03 0.0809
698.26 420.23 25.43 38.72 0.0797
86.32 311.37 117.97 153.21 0.0754
142.10 137.80 110.78 101.41 0.0732
367.20 130.54 38.12 74.98 0.0728
510.01 264.50 31.69 36.79 0.0720
317.82 384.33 109.91 81.43 0.0719
723.95 439.53 47.25 54.96 0.0707
507.02 280.73 35.12 36.09 0.0695
726.32 62.14 93.52 122.12 0.0679
814.83 451.39 60.36 49.35 0.0663
564.81 298.91 57.80 45.57 0.0663
319.11 284.28 94.62 82.94 0.0658
357.64 322.87 76.84 66.05 0.0645
999.31 326.34 24.69 48.81 0.0641
640.81 410.99 70.43 64.44 0.0637
405.06 244.91 37.22 53.06 0.0633
698.54 1.00 53.24 51.35 0.0631
284.67 42.31 42.83 73.11 0.0624
304.94 418.26 115.27 73.10 0.0623
646.67 466.44 70.38 71.82 0.0615
771.70 351.49 74.97 93.25 0.0613
162.22 442.80 99.06 97.71 0.0613
700.37 118.00 61.75 70.51 0.0596
945.21 322.14 42.50 78.26 0.0585
476.38 230.44 24.52 31.74 0.0585
290.72 217.06 42.30 56.38 0.0584
317.17 45.65 49.26 82.18 0.0579
767.48 76.36 75.94 95.01 0.0575
908.62 316.89 61.89 101.03 0.0573
368.58 241.47 54.15 68.78 0.0571
995.65 394.49 26.56 45.00 0.0562
868.59 364.48 75.30 98.67 0.0562
610.03 368.06 116.90 108.82 0.0559
196.32 177.35 61.14 74.06 0.0558
445.27 377.74 52.38 34.51 0.0556
999.72 304.69 24.28 45.40 0.0554
254.26 42.63 50.61 70.00 0.0547
258.25 5.82 52.84 42.02 0.0543
920.07 347.56 71.82 96.11 0.0541
8.05 112.51 44.26 99.49 0.0534
60.42 297.67 79.97 150.04 0.0533
488.51 380.11 111.92 74.36 0.0529
518.42 315.18 101.24 86.78 0.0525
432.05 466.36 49.37 30.68 0.0522
283.99 337.48 118.33 110.18 0.0516
116.29 420.21 76.78 97.66 0.0511
366.17 442.92 68.66 41.83 0.0509
166.05 5.06 99.08 54.55 0.0508
287.82 0.00 48.86 55.65 0.0507
132.18 292.07 86.90 108.42 0.0502
