39_Ice_Skating_Ice_Skating_39_794
85
43.45 1027.49 27.54 60.15 0.2289
948.86 989.65 27.86 47.33 0.2265
923.54 991.30 29.64 53.54 0.2192
93.71 1064.71 99.53 154.79 0.1635
886.25 991.74 28.20 56.81 0.1628
157.60 1079.51 76.43 133.04 0.1415
495.40 241.41 128.39 398.91 0.1382
42.57 1004.72 23.50 52.80 0.1341
918.50 1014.03 41.30 83.96 0.1333
57.26 1030.63 49.81 91.93 0.1304
945.66 1016.73 37.91 81.07 0.1295
188.93 1130.47 55.03 81.89 0.1197
666.49 672.51 173.06 231.01 0.1154
176.09 677.07 86.26 86.57 0.1080
885.10 1119.74 43.59 85.76 0.1080
71.35 996.88 29.06 42.66 0.1074
885.17 1027.15 32.40 66.78 0.1073
539.92 956.65 361.35 576.35 0.1072
608.85 922.85 66.22 96.96 0.1024
992.16 1036.46 25.57 77.48 0.1019
764.85 542.32 237.86 200.41 0.1000
82.56 781.89 18.42 32.27 0.0982
113.39 773.28 27.26 44.48 0.0981
695.31 950.10 97.73 144.27 0.0974
244.29 827.57 55.22 58.50 0.0951
239.54 734.87 87.86 84.64 0.0932
946.92 1088.15 38.95 108.89 0.0921
207.51 660.12 184.61 177.98 0.0910
901.75 1115.27 55.82 97.38 0.0910
10.36 772.98 17.60 41.93 0.0883
48.53 1109.11 59.41 121.72 0.0863
178.00 731.45 60.34 84.66 0.0851
114.35 996.78 80.36 114.09 0.0849
993.94 981.84 22.12 56.18 0.0844
657.17 928.88 97.22 163.58 0.0839
442.72 809.30 218.55 447.33 0.0839
326.53 953.95 353.61 474.68 0.0831
134.38 823.00 125.72 127.00 0.0806
47.54 781.06 16.47 31.81 0.0785
566.09 903.65 135.19 224.50 0.0776
942.97 941.55 39.24 75.11 0.0769
147.48 689.17 57.31 78.50 0.0766
4.30 1035.25 27.35 83.10 0.0760
161.88 796.11 90.30 98.41 0.0744
190.38 644.00 102.11 97.57 0.0740
463.63 171.56 136.90 296.62 0.0735
147.42 754.48 43.73 65.87 0.0732
43.79 1032.15 74.18 167.46 0.0730
105.73 708.40 46.49 65.26 0.0727
353.51 969.01 85.11 151.08 0.0717
79.22 824.08 26.68 45.01 0.0712
108.67 800.95 49.54 76.51 0.0706
100.90 998.83 53.72 83.03 0.0697
10.91 706.78 20.10 53.30 0.0691
200.30 1162.62 47.10 94.66 0.0685
355.34 622.53 297.35 458.79 0.0678
235.46 838.66 73.84 93.37 0.0672
369.97 786.70 124.31 167.03 0.0665
8.85 827.85 19.78 40.19 0.0662
992.15 1080.75 29.07 96.02 0.0656
44.79 1372.86 29.05 92.42 0.0647
141.69 658.89 80.57 81.81 0.0642
990.89 925.18 24.65 60.95 0.0634
46.30 941.27 18.69 32.90 0.0630
7.89 997.34 21.49 56.84 0.0626
989.87 1129.86 29.72 83.70 0.0607
70.50 942.15 29.62 41.74 0.0604
300.07 760.65 134.80 156.93 0.0600
7.97 881.87 20.63 41.65 0.0598
77.73 714.66 29.71 46.78 0.0596
279.34 648.14 197.62 236.09 0.0592
687.38 895.31 165.54 241.18 0.0569
44.40 833.59 18.19 35.31 0.0558
576.77 289.50 77.76 260.73 0.0552
39.80 1030.60 46.30 117.95 0.0543
530.23 863.87 278.42 379.60 0.0538
912.65 931.91 50.10 77.37 0.0538
114.21 1359.49 63.46 148.57 0.0531
268.04 799.98 80.03 92.26 0.0531
758.03 574.23 120.07 140.78 0.0529
315.41 914.89 77.02 79.67 0.0517
758.89 538.74 86.56 107.04 0.0513
69.14 1339.46 68.74 166.07 0.0513
327.84 946.79 154.20 275.98 0.0508
2.11 1371.25 25.97 104.69 0.0500
