36_Football_Football_36_108
32
94.09 138.73 177.43 192.18 0.4409
224.45 105.38 351.06 145.45 0.4113
168.69 134.58 318.61 199.01 0.4111
154.99 98.71 198.93 141.96 0.4093
59.26 119.76 113.01 223.86 0.3714
94.72 89.31 32.16 160.41 0.3629
75.82 56.60 62.81 93.99 0.3206
17.69 84.30 45.66 171.99 0.2914
73.06 54.00 217.51 103.67 0.2720
19.58 53.53 38.86 99.43 0.2463
354.80 88.32 389.93 159.43 0.2383
557.94 117.28 413.38 95.34 0.2198
511.51 57.33 368.17 111.40 0.1686
28.75 14.43 12.05 53.31 0.1589
131.21 100.16 101.90 146.68 0.1525
129.85 184.52 247.95 215.46 0.1187
543.17 145.57 446.83 163.46 0.1127
638.42 8.10 385.58 61.82 0.0962
76.82 12.15 63.57 66.74 0.0900
418.50 116.88 409.38 227.41 0.0873
22.96 23.22 29.30 28.61 0.0841
39.27 117.10 1.02 228.48 0.0631
274.61 58.32 403.58 126.23 0.0590
263.57 157.70 424.62 276.09 0.0586
71.98 27.85 215.92 39.22 0.0568
607.14 378.35 416.86 304.65 0.0556
157.42 71.07 336.28 101.57 0.0531
65.27 37.44 97.01 1.49 0.0433
609.78 58.88 414.22 77.26 0.0347
4.76 145.44 64.63 307.67 0.0315
516.11 11.53 356.29 72.25 0.0236
148.02 194.81 77.21 196.09 0.0216
