11_Meeting_Meeting_11_Meeting_Meeting_11_108
53
652.09 148.18 67.80 80.75 0.518652
174.49 152.15 67.69 87.58 0.461531
635.26 401.23 57.93 87.68 0.363643
843.33 382.69 31.71 39.79 0.252425
880.95 376.42 37.22 36.85 0.220463
835.61 397.66 35.83 51.70 0.176946
683.85 364.64 88.88 121.82 0.173808
833.16 401.44 74.90 130.00 0.145388
740.51 505.29 89.74 107.75 0.140458
759.85 340.15 90.00 129.94 0.138786
294.22 418.15 39.56 48.44 0.129257
847.08 355.55 35.37 48.72 0.128495
991.12 388.60 23.37 33.59 0.123541
569.62 400.50 52.24 58.89 0.112545
633.37 409.94 99.26 153.85 0.111980
0.29 63.34 45.06 88.40 0.110740
645.97 519.59 122.35 125.88 0.102404
937.21 417.66 35.94 51.00 0.098113
196.60 168.43 79.19 104.91 0.096429
604.06 315.05 135.34 202.01 0.093296
920.39 404.02 57.92 97.55 0.085999
981.52 403.40 34.34 57.20 0.084613
567.46 441.75 49.06 54.22 0.082254
873.64 397.92 52.44 68.68 0.080417
25.67 36.23 58.65 92.93 0.077862
295.11 436.20 39.19 57.21 0.077303
704.62 364.38 131.37 193.14 0.075809
500.15 275.69 170.87 217.03 0.074334
564.01 465.95 42.38 54.84 0.074226
628.19 168.18 104.37 133.96 0.073000
325.37 421.07 31.55 32.11 0.072915
859.81 451.13 69.06 91.01 0.070176
157.59 330.39 139.55 162.98 0.068329
825.09 107.31 162.47 206.68 0.068087
432.35 482.20 36.19 47.11 0.066153
992.06 351.78 25.25 44.40 0.065821
472.77 293.50 93.38 175.35 0.065399
41.72 260.44 141.76 271.74 0.063400
935.89 388.10 30.47 30.70 0.060795
430.08 462.01 29.38 41.24 0.060673
259.45 352.86 87.86 144.37 0.060056
313.15 471.54 56.49 84.50 0.057787
939.10 511.77 46.34 58.14 0.057581
306.32 366.44 69.19 95.14 0.056850
532.51 233.48 242.69 318.90 0.056577
958.80 139.23 61.78 149.19 0.055835
581.54 196.33 148.30 209.05 0.055283
82.57 43.22 62.54 73.33 0.053549
174.73 106.27 69.57 89.82 0.053060
919.00 457.80 65.07 96.84 0.052444
916.58 351.74 51.75 51.14 0.051979
825.80 437.76 99.08 154.34 0.051198
471.66 475.51 67.03 65.41 0.050696
