40_Gymnastics_Gymnastics_40_364
62
96.89 1296.36 83.73 136.02 0.2281
49.72 1312.27 61.47 118.83 0.2242
847.60 1439.55 67.02 88.77 0.1888
527.96 976.15 195.15 335.67 0.1451
49.81 1352.86 68.28 156.38 0.1271
505.53 823.80 64.96 127.42 0.1120
893.77 1453.50 53.39 78.36 0.1098
558.27 1142.62 141.88 171.56 0.1096
722.27 1319.56 43.86 52.46 0.1074
750.42 1373.51 43.85 66.19 0.1056
603.48 1214.07 86.56 115.36 0.1045
59.42 1249.01 54.94 134.35 0.0968
719.89 443.01 124.13 296.76 0.0933
45.85 1262.11 35.42 70.35 0.0927
625.50 1247.83 73.60 118.64 0.0922
694.31 1354.90 53.63 75.98 0.0882
662.20 393.06 219.41 436.66 0.0880
44.57 1211.13 25.97 61.67 0.0831
725.28 1142.87 115.21 156.46 0.0823
746.92 1190.90 64.25 76.10 0.0812
731.56 1355.98 45.98 75.35 0.0800
459.79 810.21 75.32 147.69 0.0789
846.38 1375.92 81.57 119.12 0.0781
799.90 1464.86 66.23 67.86 0.0778
796.77 1383.67 39.34 68.84 0.0773
689.51 1309.55 49.76 68.88 0.0760
510.90 994.76 63.22 124.38 0.0751
263.84 1379.98 130.89 157.02 0.0751
509.13 977.67 127.54 216.44 0.0720
970.53 1452.53 47.07 84.47 0.0718
538.31 691.88 88.44 167.09 0.0713
279.53 543.29 53.36 124.85 0.0710
107.48 1266.27 141.90 223.56 0.0707
403.28 755.67 123.98 193.94 0.0702
4.60 1258.43 28.28 89.31 0.0694
808.21 1322.08 28.02 38.65 0.0693
653.63 1339.92 62.10 89.40 0.0673
7.97 1358.15 47.58 102.89 0.0655
4.12 1442.30 58.48 94.70 0.0650
753.20 1460.73 61.63 67.69 0.0648
65.13 1188.46 51.29 124.46 0.0644
757.04 1321.50 42.36 51.38 0.0643
652.66 753.74 43.33 131.18 0.0636
308.95 543.59 67.13 138.59 0.0635
734.82 1430.52 45.13 47.75 0.0610
4.20 1298.27 38.28 97.93 0.0591
628.84 57.68 37.33 106.62 0.0580
796.02 1253.18 46.64 65.31 0.0578
81.57 1439.17 90.18 97.83 0.0577
752.97 1245.96 58.08 67.71 0.0567
899.39 1356.77 56.82 92.30 0.0556
23.42 778.26 289.44 576.28 0.0547
868.42 1317.17 51.20 62.76 0.0547
488.68 744.86 76.57 162.57 0.0541
804.96 1430.97 37.73 46.76 0.0537
909.42 1312.92 48.29 84.69 0.0532
8.72 440.89 18.13 55.20 0.0530
58.15 324.92 73.14 163.52 0.0521
298.35 345.83 232.20 451.39 0.0512
187.65 1421.92 132.35 115.08 0.0508
300.47 1321.29 130.22 144.50 0.0503
2.57 794.70 31.97 94.07 0.0502
