18_Concerts_Concerts_18_104
20
119.72 258.37 365.22 309.17 0.0750
423.23 221.77 369.58 255.51 0.0652
550.48 152.58 473.52 225.73 0.0537
23.90 270.81 212.85 383.19 0.0524
545.21 324.01 296.86 329.99 0.0489
149.80 358.37 213.74 295.63 0.0477
304.18 253.32 346.91 311.82 0.0465
29.81 43.43 104.20 73.15 0.0463
411.43 117.88 401.12 180.92 0.0402
71.39 305.06 104.97 116.20 0.0354
239.13 123.00 332.34 190.26 0.0323
301.98 157.09 348.36 246.60 0.0296
479.68 69.23 530.83 161.88 0.0292
145.45 106.46 231.76 224.74 0.0291
60.70 59.02 112.75 90.20 0.0291
279.96 81.89 395.69 149.34 0.0275
0.00 47.91 73.55 69.29 0.0265
131.11 159.91 373.38 236.16 0.0221
500.27 63.98 139.94 77.24 0.0203
553.22 245.02 470.78 275.92 0.0202
