46_Jockey_Jockey_46_823
36
398.83 0.00 305.28 351.46 0.8330
743.57 96.88 76.28 216.48 0.1788
315.85 250.34 65.66 155.32 0.1754
744.92 491.42 102.54 273.80 0.1382
767.81 171.28 65.65 168.19 0.1303
214.70 480.82 76.40 146.29 0.1238
196.86 545.06 72.36 129.30 0.1171
404.05 500.39 58.19 106.25 0.1163
228.57 536.53 189.11 229.62 0.0995
589.85 36.35 230.74 442.88 0.0984
257.10 544.52 81.50 135.60 0.0865
331.29 551.67 62.92 103.03 0.0795
295.31 49.09 109.39 308.74 0.0786
321.15 311.94 78.95 153.64 0.0784
207.57 513.34 273.60 450.67 0.0775
713.99 56.75 123.23 371.84 0.0718
243.33 465.92 97.51 167.57 0.0703
355.27 481.14 96.36 149.82 0.0686
547.16 0.00 201.61 306.64 0.0680
634.81 4.88 125.61 219.34 0.0641
470.95 211.99 303.85 499.54 0.0616
276.06 372.62 86.67 161.40 0.0614
831.93 421.10 57.20 95.14 0.0609
176.00 468.83 154.57 264.75 0.0603
98.64 845.44 127.09 571.56 0.0591
853.50 172.37 69.93 200.31 0.0586
341.14 369.03 90.34 154.24 0.0563
212.47 425.50 372.22 843.90 0.0558
755.16 599.50 178.86 327.21 0.0558
756.82 40.78 51.50 147.09 0.0549
211.08 74.86 139.05 295.04 0.0540
731.40 0.00 38.88 57.40 0.0537
377.60 453.96 136.15 219.64 0.0531
334.77 599.69 129.28 153.48 0.0515
792.03 442.61 54.44 86.66 0.0502
760.10 424.42 102.25 221.78 0.0501
