46_Jockey_Jockey_46_202
200
480.87 78.77 43.31 63.42 0.6513
878.81 115.35 25.46 43.05 0.3752
375.82 291.30 37.66 54.52 0.2573
41.68 677.37 26.13 38.86 0.2349
373.78 628.54 25.11 33.29 0.2320
323.06 220.36 67.81 96.74 0.2284
10.40 599.31 19.91 27.11 0.2251
652.73 188.20 97.92 112.71 0.2211
4.64 668.76 24.78 38.98 0.2134
302.88 625.79 21.96 29.76 0.2133
444.23 640.41 35.46 39.32 0.2118
326.54 342.69 32.60 41.38 0.2041
7.82 654.16 21.41 29.17 0.2026
460.54 674.83 44.63 67.62 0.2007
362.85 241.74 47.67 80.12 0.1986
7.77 625.58 20.39 26.18 0.1982
302.08 604.15 16.00 21.63 0.1952
158.10 629.82 14.25 19.24 0.1907
120.10 574.01 17.92 21.03 0.1896
591.82 155.17 31.47 36.46 0.1893
448.16 595.63 22.07 23.83 0.1892
226.77 655.57 17.14 22.54 0.1873
479.84 579.25 18.53 20.22 0.1871
446.62 628.57 26.31 31.33 0.1867
474.35 283.58 31.12 43.53 0.1827
230.75 597.01 13.84 21.36 0.1793
75.57 542.93 23.20 36.33 0.1768
409.64 640.03 29.92 39.29 0.1758
118.66 626.39 18.71 23.38 0.1745
76.44 561.68 21.62 31.09 0.1734
401.31 96.95 41.87 48.54 0.1707
189.60 574.72 21.02 24.40 0.1706
42.97 599.78 20.78 22.98 0.1666
487.12 258.05 168.48 180.73 0.1663
321.74 276.80 60.05 88.98 0.1622
268.92 603.78 14.51 17.48 0.1620
266.60 628.14 15.81 21.17 0.1610
597.77 359.59 73.29 91.49 0.1601
267.86 653.27 18.36 21.98 0.1584
46.81 559.37 26.42 33.59 0.1580
120.63 598.75 18.77 23.91 0.1578
192.99 599.67 18.11 22.57 0.1576
232.17 531.92 21.06 31.03 0.1572
407.90 253.04 31.48 43.59 0.1560
159.04 652.87 15.70 19.61 0.1551
156.16 602.96 13.12 18.25 0.1543
42.17 626.01 22.01 25.36 0.1535
43.69 656.38 23.16 33.95 0.1524
789.50 160.75 51.06 80.48 0.1520
339.61 623.55 15.77 21.98 0.1514
158.23 576.01 13.43 17.98 0.1512
83.34 681.24 24.10 33.30 0.1505
81.42 599.27 17.84 22.01 0.1505
230.16 578.06 14.50 21.45 0.1489
9.52 569.00 22.79 31.19 0.1483
561.11 315.98 103.29 115.45 0.1468
194.36 627.53 14.14 18.26 0.1453
413.60 577.67 15.63 18.06 0.1450
285.17 300.15 70.67 79.53 0.1444
118.38 677.70 18.21 25.11 0.1443
460.78 649.89 43.57 48.31 0.1436
377.38 576.28 13.87 17.54 0.1435
152.74 681.37 18.97 23.01 0.1425
474.10 588.40 25.92 28.58 0.1416
451.56 579.05 16.63 17.59 0.1415
412.33 594.96 19.28 23.67 0.1410
189.39 653.87 17.16 21.04 0.1398
64.61 523.52 37.54 67.02 0.1390
590.88 588.49 51.82 36.90 0.1389
407.22 665.41 32.63 51.70 0.1376
341.40 601.79 15.90 20.91 0.1375
539.13 277.31 118.36 101.86 0.1370
301.81 574.47 14.41 17.27 0.1364
253.85 508.61 44.22 55.97 0.1359
231.65 520.20 33.49 37.36 0.1330
231.92 630.37 13.85 19.10 0.1322
333.64 667.66 30.21 46.37 0.1318
186.34 722.10 31.77 34.52 0.1310
81.11 657.52 18.66 22.70 0.1303
292.73 534.34 27.58 35.63 0.1302
142.79 719.22 34.53 38.04 0.1296
361.04 108.62 48.74 71.80 0.1294
617.06 171.93 45.21 59.55 0.1293
446.26 317.16 29.87 41.29 0.1293
511.45 258.87 56.73 61.11 0.1289
740.89 174.44 110.59 149.51 0.1287
831.37 191.20 69.28 121.12 0.1287
374.53 601.03 17.30 21.64 0.1282
341.02 576.38 13.57 17.94 0.1280
603.45 241.17 67.14 76.73 0.1259
190.56 549.29 19.31 20.34 0.1240
831.49 147.01 41.47 69.51 0.1227
267.58 573.66 16.25 18.32 0.1225
584.34 558.67 52.02 44.95 0.1224
375.35 92.97 29.90 45.13 0.1221
876.69 88.19 25.25 41.04 0.1218
468.01 292.69 56.77 76.28 0.1216
150.42 352.93 84.78 95.00 0.1212
340.72 716.89 36.05 39.71 0.1195
83.20 700.10 28.81 31.24 0.1195
305.61 172.90 101.09 111.71 0.1190
303.33 638.86 19.91 31.38 0.1183
531.86 689.42 56.90 58.80 0.1176
872.22 125.51 37.58 67.55 0.1172
520.11 576.71 24.81 23.11 0.1160
447.97 294.12 29.76 39.93 0.1146
82.19 623.82 19.19 23.62 0.1138
502.51 260.65 90.07 102.52 0.1132
335.93 653.88 21.84 28.31 0.1128
187.93 677.75 20.45 24.75 0.1125
4.00 685.39 31.62 48.69 0.1123
502.35 23.62 48.12 79.35 0.1122
552.54 545.90 29.70 23.25 0.1122
265.17 676.19 23.09 28.30 0.1118
368.93 328.39 37.98 52.56 0.1107
606.56 179.74 66.94 83.58 0.1098
575.01 197.14 54.98 48.96 0.1094
682.66 536.12 46.04 46.77 0.1090
225.31 671.05 20.25 31.56 0.1088
644.80 286.65 54.56 59.76 0.1081
516.11 2.08 29.17 26.97 0.1074
80.68 731.80 24.62 26.28 0.1069
116.35 548.07 19.36 27.76 0.1058
40.98 520.72 47.98 71.79 0.1050
582.15 538.01 45.81 36.64 0.1050
821.75 234.23 125.00 157.67 0.1047
121.13 654.66 18.00 22.30 0.1045
270.84 500.50 51.26 59.99 0.1038
370.80 652.21 35.56 58.39 0.1028
514.15 591.68 36.42 31.90 0.1026
8.79 543.66 25.35 39.73 0.1024
483.13 548.92 16.43 17.61 0.1018
515.57 634.56 38.70 41.23 0.1014
296.09 388.01 56.59 61.45 0.1011
591.52 610.35 47.40 43.33 0.1009
686.71 592.36 34.75 39.19 0.1008
324.82 116.98 63.77 85.59 0.1005
440.79 108.36 37.54 56.31 0.1002
544.41 568.62 42.23 33.51 0.0995
534.25 235.75 52.03 54.30 0.0989
475.63 625.69 27.32 27.73 0.0984
252.49 420.19 44.83 44.24 0.0972
377.99 547.24 13.84 17.16 0.0971
527.01 582.79 60.51 50.81 0.0959
540.70 72.32 40.76 51.19 0.0939
333.14 544.28 17.82 22.49 0.0939
292.10 341.00 69.11 77.97 0.0931
535.73 614.52 46.49 40.36 0.0930
295.89 677.30 22.33 29.72 0.0916
458.19 293.01 97.02 129.88 0.0916
651.84 149.54 90.33 79.90 0.0916
636.49 529.53 74.82 70.74 0.0905
113.62 729.96 30.28 30.04 0.0905
610.54 552.17 67.24 52.42 0.0904
448.87 83.49 46.16 65.72 0.0897
165.91 307.70 106.29 138.96 0.0896
998.32 104.46 25.68 86.80 0.0887
558.43 202.13 78.29 82.26 0.0886
231.69 262.08 103.14 136.36 0.0884
466.89 19.73 57.51 90.26 0.0884
606.10 158.00 45.43 55.92 0.0874
434.38 330.14 48.37 69.89 0.0873
402.87 149.55 52.60 57.78 0.0871
552.59 201.37 51.24 46.17 0.0870
221.51 704.98 27.76 31.05 0.0867
392.28 217.12 51.77 78.62 0.0865
768.97 138.23 37.22 43.60 0.0864
357.89 702.85 38.45 47.78 0.0863
852.15 122.49 32.41 56.21 0.0845
419.54 169.27 48.77 66.65 0.0837
541.56 138.73 57.32 67.70 0.0833
226.80 489.03 59.82 62.79 0.0829
108.07 706.16 27.36 29.87 0.0825
243.32 429.45 65.13 66.74 0.0824
426.20 141.11 44.47 64.51 0.0823
694.99 151.90 83.66 90.49 0.0803
407.23 342.60 32.79 45.30 0.0767
147.24 295.66 81.79 111.17 0.0765
520.36 11.82 66.95 70.57 0.0764
503.27 149.48 44.96 48.06 0.0757
404.04 364.33 36.93 53.75 0.0751
158.61 548.86 15.75 21.49 0.0750
685.94 335.84 53.96 78.10 0.0750
452.03 547.90 14.36 16.19 0.0743
391.84 178.33 60.04 76.73 0.0739
478.42 237.94 44.10 64.70 0.0732
251.94 331.45 70.69 97.84 0.0728
601.70 299.46 99.66 120.75 0.0722
511.21 213.23 50.16 52.93 0.0711
897.72 129.82 39.49 55.81 0.0709
109.25 514.30 36.50 55.74 0.0708
362.53 344.15 51.95 70.87 0.0703
522.01 546.20 21.48 20.92 0.0701
218.59 422.49 61.86 57.31 0.0698
527.34 335.94 92.38 107.36 0.0697
414.86 549.61 12.48 15.13 0.0696
34.73 724.13 32.09 34.09 0.0693
204.31 253.74 101.65 100.24 0.0691
317.85 515.32 33.87 36.88 0.0686
630.62 557.85 69.46 72.94 0.0685
