44_Aerobics_Aerobics_44_597
14
393.78 308.43 321.32 406.83 0.9934
131.73 328.13 391.39 323.87 0.9733
520.95 308.77 341.58 355.70 0.9513
99.37 316.71 177.51 380.99 0.7553
615.17 267.95 408.83 247.40 0.4271
15.96 294.10 82.02 156.35 0.1784
166.56 374.76 180.76 393.24 0.1074
61.70 321.42 114.41 119.13 0.0424
552.56 318.37 138.46 136.12 0.0424
63.41 404.52 120.31 156.70 0.0285
395.60 290.05 146.70 160.54 0.0272
307.97 336.61 158.12 129.95 0.0248
573.33 165.29 450.67 188.73 0.0228
0.00 263.07 54.00 163.58 0.0222
