26_Soldier_Drilling_Soldiers_Drilling_26_934
113
482.28 70.77 91.92 115.07 0.9144
671.01 213.85 82.52 86.54 0.6948
143.17 383.05 79.33 112.70 0.6226
74.16 169.74 36.24 55.53 0.4514
810.67 582.72 72.89 101.09 0.4481
764.91 655.63 97.04 107.43 0.4003
709.00 154.04 80.98 110.30 0.3770
4.10 68.80 45.02 82.31 0.3650
153.29 130.57 44.53 56.82 0.2733
760.69 617.43 91.88 95.97 0.2635
968.60 207.44 47.57 66.73 0.2606
336.88 701.26 122.27 92.95 0.2427
142.67 230.55 34.41 41.31 0.2250
99.68 351.04 91.69 140.13 0.2177
487.15 659.41 223.88 177.91 0.2028
562.73 445.98 54.83 134.42 0.1993
551.93 442.43 108.09 180.16 0.1985
696.68 635.14 103.51 128.27 0.1853
599.60 245.70 61.67 74.67 0.1718
794.07 751.83 160.03 163.46 0.1659
653.08 648.69 100.40 101.67 0.1488
170.59 142.40 41.64 67.48 0.1394
746.41 145.48 85.61 115.11 0.1383
175.31 711.48 64.31 58.12 0.1382
413.35 478.51 107.66 164.72 0.1376
118.95 200.37 42.82 59.40 0.1368
758.50 690.17 152.33 111.79 0.1276
718.22 624.44 69.56 86.41 0.1274
921.99 237.07 27.99 36.54 0.1271
845.45 609.42 64.88 79.40 0.1257
609.96 179.86 56.35 72.43 0.1238
169.22 356.84 87.45 100.24 0.1213
32.71 42.93 31.26 68.39 0.1189
536.52 102.25 90.98 109.99 0.1168
777.25 505.97 145.94 182.09 0.1134
978.67 218.53 45.33 98.89 0.1088
274.34 0.00 89.11 86.01 0.1060
0.00 309.49 41.52 79.05 0.1023
586.01 667.39 145.94 131.90 0.0997
559.51 431.81 42.85 73.55 0.0988
882.07 211.00 40.63 57.99 0.0981
748.44 239.53 61.65 63.79 0.0976
683.91 125.58 83.62 101.41 0.0963
659.68 154.54 95.88 108.61 0.0962
0.00 145.05 34.94 67.58 0.0959
744.03 807.81 98.63 133.13 0.0958
131.01 223.53 45.92 83.46 0.0941
172.73 189.10 51.73 95.41 0.0931
699.07 358.51 186.97 264.71 0.0897
145.02 662.16 103.17 70.37 0.0878
872.47 641.24 61.01 75.38 0.0874
113.12 166.91 39.06 67.24 0.0855
864.37 665.63 97.86 102.73 0.0848
242.40 657.22 54.60 56.22 0.0846
7.50 839.81 27.37 44.65 0.0803
813.06 826.00 121.14 120.00 0.0794
735.03 610.81 43.97 55.20 0.0793
60.78 330.95 78.02 121.73 0.0792
573.08 160.60 57.41 84.84 0.0766
725.20 405.40 51.03 53.83 0.0764
0.00 226.89 35.96 76.49 0.0756
70.91 216.34 41.14 69.62 0.0752
650.51 745.57 103.36 126.41 0.0745
738.12 469.83 121.54 162.81 0.0737
862.80 178.03 69.33 81.02 0.0730
39.81 231.04 52.01 80.87 0.0729
894.30 632.88 49.98 48.89 0.0728
0.84 892.02 40.04 53.98 0.0724
0.00 189.72 29.54 57.16 0.0708
739.44 849.41 64.88 95.53 0.0695
656.67 120.20 65.31 80.46 0.0688
888.35 606.95 53.86 52.23 0.0679
908.62 184.36 45.60 60.31 0.0678
62.96 246.46 42.92 70.78 0.0672
714.61 770.89 90.49 127.69 0.0665
658.75 597.98 76.42 62.60 0.0661
519.74 644.19 126.30 90.24 0.0658
41.73 260.32 55.39 88.73 0.0650
200.49 329.72 56.67 90.41 0.0648
131.64 313.25 107.14 141.33 0.0646
62.70 291.44 58.80 99.89 0.0638
923.03 253.97 75.23 169.55 0.0634
592.95 114.66 66.60 87.12 0.0622
243.41 135.25 61.79 141.16 0.0622
31.99 153.47 46.51 66.43 0.0620
102.51 295.19 92.23 136.55 0.0604
71.11 264.25 93.43 146.37 0.0600
241.73 212.40 51.06 102.03 0.0596
97.43 255.75 62.83 89.82 0.0595
917.92 241.34 38.25 71.71 0.0582
760.89 562.88 86.82 113.14 0.0580
4.64 799.77 23.47 42.28 0.0578
983.34 257.32 40.66 120.20 0.0578
868.67 727.43 102.72 101.00 0.0577
368.12 658.07 120.20 94.24 0.0575
978.32 880.64 45.68 65.36 0.0574
288.93 211.28 47.11 75.53 0.0569
621.29 633.08 100.02 93.62 0.0566
700.03 904.75 56.46 41.25 0.0564
116.73 132.45 42.63 52.70 0.0554
36.97 186.94 45.54 63.50 0.0552
68.99 587.00 146.23 171.62 0.0549
69.59 287.21 39.92 58.37 0.0541
269.01 658.66 68.85 65.57 0.0540
0.00 658.56 32.07 62.47 0.0537
407.76 601.99 95.23 87.20 0.0533
248.53 682.86 52.91 64.96 0.0530
620.37 456.42 76.48 113.19 0.0529
684.69 809.21 60.20 79.98 0.0521
457.87 697.55 152.92 111.93 0.0516
810.96 221.35 80.09 97.32 0.0505
466.54 575.73 64.82 76.26 0.0503
689.92 388.37 41.90 50.87 0.0503
