26_Soldier_Drilling_Soldiers_Drilling_26_178
156
877.62 159.91 99.78 106.21 0.9077
343.64 171.78 84.69 50.84 0.8992
181.77 137.81 67.31 59.66 0.8504
711.18 116.65 67.82 59.96 0.8234
450.01 122.56 78.65 81.47 0.8149
550.89 130.87 88.19 69.27 0.8101
649.80 153.21 46.81 38.26 0.6830
773.43 151.37 50.15 45.14 0.6089
282.98 152.67 54.86 54.79 0.5440
127.19 111.08 54.20 53.25 0.5205
739.24 126.47 66.52 60.67 0.3002
707.33 145.87 62.75 49.82 0.2898
135.57 127.70 66.09 74.92 0.2563
692.19 158.98 60.09 44.77 0.2417
706.26 186.92 51.67 40.91 0.2402
297.82 205.01 38.87 34.05 0.2374
325.65 142.52 68.55 72.64 0.2227
372.86 322.07 107.54 112.53 0.2036
237.73 218.30 52.37 47.50 0.1713
188.56 196.88 51.65 49.72 0.1620
214.83 199.68 45.20 54.51 0.1539
457.66 204.27 49.47 39.97 0.1440
518.15 325.79 26.24 29.97 0.1367
248.95 126.16 56.64 76.25 0.1350
504.06 244.59 56.75 48.34 0.1343
71.50 291.20 73.24 103.83 0.1338
335.91 192.25 76.65 49.10 0.1324
369.40 315.81 32.19 40.05 0.1324
839.22 63.52 73.44 67.56 0.1315
692.98 13.61 76.18 44.10 0.1281
558.34 202.98 43.82 38.94 0.1249
641.56 247.75 53.09 52.42 0.1195
694.97 60.81 107.40 105.89 0.1188
861.39 57.32 85.04 61.52 0.1133
119.36 414.22 35.03 36.19 0.1109
897.57 276.04 52.78 45.18 0.1104
601.03 237.03 75.25 68.35 0.1098
950.17 39.24 49.80 58.19 0.1086
393.35 322.10 49.79 65.74 0.1081
229.21 196.44 72.57 58.40 0.1080
969.32 31.22 54.68 69.11 0.1075
362.17 326.47 56.60 87.32 0.1067
728.62 310.51 33.10 33.60 0.1060
690.16 209.47 60.39 68.40 0.1049
465.88 216.02 53.84 46.67 0.1043
708.62 195.90 62.40 58.61 0.1035
395.67 315.31 34.48 40.58 0.1008
399.88 234.94 45.36 39.91 0.1003
502.90 262.06 54.49 55.42 0.0995
839.35 403.40 27.33 28.77 0.0985
335.18 216.60 51.66 45.98 0.0980
438.88 224.20 41.42 36.20 0.0976
570.89 185.65 62.42 54.99 0.0970
149.95 273.75 49.68 65.37 0.0967
881.07 409.19 24.22 26.14 0.0963
122.31 77.02 64.27 67.44 0.0954
312.09 123.28 53.10 68.22 0.0948
479.91 280.60 46.95 41.75 0.0935
277.83 101.21 61.55 55.68 0.0929
373.61 146.98 71.40 70.62 0.0925
179.66 211.56 43.94 49.26 0.0925
758.08 22.46 49.28 44.38 0.0916
549.94 214.30 47.16 49.04 0.0909
129.78 166.04 77.57 72.60 0.0899
210.19 397.03 38.73 42.16 0.0878
125.76 280.00 66.90 95.06 0.0868
408.49 285.41 26.39 31.05 0.0862
78.57 308.77 38.77 39.90 0.0862
762.60 401.85 31.48 39.37 0.0834
678.30 403.42 64.68 68.25 0.0831
962.12 393.79 29.56 30.41 0.0820
159.32 108.35 83.88 78.14 0.0812
256.80 279.02 27.91 30.12 0.0804
156.35 263.19 39.81 39.53 0.0789
458.02 89.10 61.83 59.29 0.0760
967.85 180.95 56.15 95.29 0.0759
99.14 296.67 48.41 63.66 0.0759
636.78 99.59 85.85 87.46 0.0758
310.32 84.46 45.93 34.68 0.0753
573.59 216.60 78.97 73.33 0.0748
645.50 212.50 78.67 78.44 0.0736
978.68 396.37 33.27 29.88 0.0734
619.24 260.06 45.18 49.91 0.0731
439.26 305.91 43.25 50.91 0.0727
158.24 288.13 73.22 81.77 0.0727
352.75 228.91 45.51 43.91 0.0717
288.47 86.31 44.44 35.85 0.0714
401.33 111.43 78.23 84.66 0.0713
764.96 106.96 83.41 79.65 0.0711
727.74 338.23 48.05 63.00 0.0710
753.83 56.19 109.35 99.22 0.0704
334.89 309.43 32.45 40.29 0.0696
773.87 338.46 37.77 53.32 0.0692
383.11 11.71 154.19 84.24 0.0689
690.53 347.74 36.32 46.83 0.0686
170.06 250.43 42.17 37.58 0.0675
134.58 61.84 61.71 57.66 0.0671
664.77 352.99 31.41 35.40 0.0667
576.53 86.24 90.87 76.95 0.0661
637.96 50.07 97.57 104.28 0.0661
904.82 35.57 59.90 55.33 0.0658
295.39 224.39 36.39 38.60 0.0655
941.67 343.81 51.44 58.71 0.0655
937.24 13.34 51.51 60.21 0.0644
693.52 1.92 58.63 29.79 0.0643
249.41 108.88 43.37 60.98 0.0639
227.12 305.29 26.22 32.42 0.0638
845.63 409.02 26.41 36.78 0.0637
425.85 234.99 44.61 38.82 0.0636
224.37 54.38 56.90 42.93 0.0630
875.72 318.05 45.51 54.18 0.0622
45.96 239.59 22.43 22.12 0.0621
169.23 270.62 38.48 46.32 0.0621
904.48 219.22 66.09 56.30 0.0621
43.67 270.52 27.83 26.47 0.0609
291.43 239.31 38.06 38.56 0.0609
8.11 256.03 19.94 24.15 0.0605
766.84 360.19 32.81 45.38 0.0601
952.73 374.42 36.39 43.65 0.0598
503.31 300.88 46.88 48.28 0.0597
819.50 308.20 62.39 55.66 0.0597
822.17 114.47 82.88 103.50 0.0594
879.29 297.28 60.08 53.18 0.0589
507.16 321.69 40.22 57.34 0.0588
704.51 393.06 66.05 78.82 0.0587
38.00 308.79 52.41 55.80 0.0586
144.08 224.09 52.35 45.25 0.0585
368.37 294.80 33.84 40.47 0.0585
698.15 299.40 51.28 55.54 0.0573
145.66 202.11 62.40 52.01 0.0566
5.09 272.56 21.89 25.65 0.0566
787.62 91.54 108.74 90.23 0.0562
35.73 329.59 65.72 70.41 0.0560
660.79 340.19 30.24 31.43 0.0555
376.02 379.78 80.14 70.65 0.0554
266.19 100.59 33.21 37.41 0.0546
341.37 124.78 82.39 76.86 0.0546
465.77 302.72 48.80 63.69 0.0546
58.81 361.54 55.51 56.50 0.0546
690.06 379.82 57.87 66.87 0.0546
295.03 303.93 27.65 32.04 0.0537
43.76 251.22 27.27 25.45 0.0534
334.75 0.00 287.92 118.02 0.0527
5.46 285.31 21.15 27.19 0.0527
754.00 175.31 55.15 56.80 0.0522
833.57 376.66 41.78 50.38 0.0522
528.15 50.14 77.05 49.25 0.0520
827.25 340.16 45.67 51.34 0.0519
80.09 267.59 25.01 27.35 0.0519
971.78 363.28 49.13 55.44 0.0514
976.78 263.38 46.84 44.67 0.0514
721.56 317.95 50.46 58.87 0.0514
944.70 67.98 40.95 46.64 0.0509
714.73 249.83 65.63 57.01 0.0504
563.48 48.16 77.03 50.62 0.0502
818.00 392.77 46.77 44.68 0.0501
