26_Soldier_Drilling_Soldiers_Drilling_26_390
156
185.07 138.75 108.05 55.08 0.4364
21.18 319.24 67.83 57.04 0.3554
314.68 311.25 69.93 44.60 0.2904
258.68 157.82 96.82 48.88 0.2668
500.64 307.00 105.64 80.62 0.2320
371.99 511.76 40.77 36.32 0.2122
32.79 198.41 135.69 67.89 0.2088
670.16 489.20 28.28 30.35 0.1931
466.04 476.52 79.95 67.70 0.1796
101.47 158.12 127.28 62.14 0.1736
112.34 262.03 220.25 128.72 0.1729
0.27 169.45 49.64 49.99 0.1695
464.70 136.60 63.09 36.63 0.1592
365.31 164.63 48.65 30.16 0.1576
65.06 222.64 86.14 42.28 0.1511
390.39 156.06 65.15 34.46 0.1505
467.76 184.02 63.14 37.03 0.1480
463.58 150.02 87.16 51.95 0.1465
617.84 164.02 34.32 23.17 0.1435
612.57 237.08 82.91 59.15 0.1382
536.58 141.73 68.10 48.96 0.1364
0.00 204.38 66.24 61.10 0.1312
531.93 243.86 150.72 87.34 0.1288
30.84 423.01 36.06 41.94 0.1252
427.47 72.04 43.09 26.08 0.1248
477.05 203.80 71.07 36.72 0.1229
79.23 418.42 32.87 34.16 0.1222
373.83 410.08 69.10 38.50 0.1218
2.42 355.43 40.36 40.65 0.1215
465.69 328.47 71.31 69.00 0.1213
32.87 167.37 41.17 25.57 0.1196
136.06 98.73 250.10 124.16 0.1153
613.95 169.87 40.54 34.36 0.1144
391.49 504.61 48.14 39.36 0.1132
17.69 181.02 79.73 65.52 0.1103
153.07 423.37 23.82 23.69 0.1103
422.42 147.70 67.65 46.67 0.1098
38.15 346.82 46.25 45.19 0.1093
300.95 456.18 59.36 51.32 0.1076
45.02 299.11 114.96 68.37 0.1067
150.54 486.04 34.12 29.29 0.1052
505.91 186.09 78.63 40.07 0.1043
473.23 508.11 73.68 62.81 0.1038
550.32 33.60 86.65 46.57 0.1036
416.38 318.56 77.98 58.27 0.1033
71.02 356.18 38.45 35.63 0.1026
531.41 466.91 56.61 26.55 0.1018
337.20 156.82 86.57 60.17 0.1016
442.80 132.41 43.08 33.52 0.0999
82.55 345.14 69.90 37.88 0.0996
140.58 33.19 289.72 125.45 0.0993
74.70 400.40 36.21 36.85 0.0970
245.03 464.72 38.70 35.32 0.0952
592.38 393.19 30.76 25.44 0.0944
244.23 30.08 135.62 51.89 0.0941
105.96 143.45 60.65 31.20 0.0941
399.47 387.47 80.47 56.97 0.0940
188.05 389.27 42.19 29.58 0.0939
370.49 463.77 42.52 36.86 0.0915
4.43 140.44 32.71 27.48 0.0913
83.28 229.87 115.23 76.15 0.0901
214.65 294.62 138.04 82.86 0.0900
9.13 393.14 31.99 33.09 0.0900
578.85 172.52 62.57 36.94 0.0886
413.03 356.33 82.89 56.98 0.0877
511.33 72.45 63.89 47.16 0.0875
576.00 157.04 48.15 30.70 0.0870
101.74 399.09 38.73 29.98 0.0866
426.63 158.14 73.46 68.60 0.0865
21.99 251.94 103.06 78.12 0.0862
622.15 373.51 40.02 31.45 0.0850
165.44 343.73 98.90 61.21 0.0830
102.98 412.01 37.96 36.91 0.0824
584.18 368.97 39.61 29.71 0.0823
372.80 294.36 83.47 62.92 0.0810
136.97 357.13 63.12 39.61 0.0806
153.62 466.65 33.76 32.79 0.0793
366.78 421.12 74.39 52.80 0.0792
508.54 50.92 86.18 53.23 0.0791
491.47 111.08 66.86 46.95 0.0784
310.02 38.38 104.20 54.00 0.0782
395.84 140.57 58.71 36.66 0.0775
351.77 353.11 107.23 68.10 0.0769
373.31 55.93 73.81 40.96 0.0765
617.13 391.03 41.43 32.84 0.0765
419.85 78.69 51.80 43.36 0.0763
8.75 417.60 31.94 34.77 0.0761
445.26 471.07 59.23 55.40 0.0759
37.01 396.66 38.11 37.34 0.0757
692.03 183.17 39.40 22.50 0.0756
483.94 234.16 79.11 38.65 0.0752
445.79 5.18 41.55 24.30 0.0732
83.99 471.67 20.11 28.68 0.0731
288.64 483.78 61.62 59.71 0.0730
576.40 443.78 41.88 26.70 0.0718
626.53 114.09 31.15 19.94 0.0714
616.56 94.85 41.03 28.14 0.0713
730.23 470.94 34.53 26.70 0.0697
301.24 350.62 95.52 61.36 0.0691
540.80 68.04 64.22 51.52 0.0689
543.18 424.83 40.88 25.74 0.0689
662.09 180.97 41.10 25.83 0.0689
701.79 487.52 22.34 30.74 0.0684
514.21 480.84 80.64 68.35 0.0678
438.15 216.54 58.59 57.16 0.0674
374.11 156.57 94.02 73.76 0.0671
622.12 488.45 39.88 40.70 0.0671
571.11 46.64 79.12 49.48 0.0664
563.11 207.90 74.98 35.67 0.0661
621.41 416.79 36.15 25.97 0.0659
624.46 470.36 45.71 41.61 0.0658
702.30 468.24 32.12 32.40 0.0658
51.34 159.78 78.98 35.25 0.0654
154.95 441.20 27.14 27.18 0.0651
316.33 483.42 58.80 61.76 0.0642
532.70 380.70 61.49 48.07 0.0635
215.76 231.73 132.62 108.81 0.0635
225.17 4.88 193.90 91.60 0.0623
731.28 235.33 35.55 23.28 0.0623
6.42 117.39 32.84 28.15 0.0619
100.93 365.67 50.15 30.15 0.0615
730.47 483.02 36.15 35.05 0.0615
547.01 115.49 52.88 42.63 0.0614
690.26 234.96 39.27 30.96 0.0610
522.68 516.81 64.88 49.67 0.0609
0.00 229.05 71.32 73.73 0.0609
585.42 425.47 30.25 19.42 0.0609
703.62 377.49 25.01 23.27 0.0608
358.80 140.28 63.02 48.40 0.0603
721.37 177.60 45.68 28.33 0.0602
8.10 438.61 45.17 54.48 0.0602
30.63 449.53 37.18 50.41 0.0599
437.57 493.09 84.77 77.67 0.0597
451.58 79.24 87.94 64.18 0.0592
133.91 219.89 92.89 62.05 0.0592
240.54 135.23 161.99 114.30 0.0588
187.43 411.32 34.63 35.53 0.0587
664.09 397.60 31.21 28.35 0.0584
458.01 36.35 83.10 58.88 0.0581
39.63 137.70 43.33 25.89 0.0568
175.24 461.21 43.28 44.42 0.0555
565.79 458.95 55.49 36.10 0.0552
614.43 141.25 37.35 29.80 0.0546
79.46 232.97 173.62 120.33 0.0540
984.77 609.56 39.23 43.22 0.0540
444.82 42.22 48.26 32.26 0.0527
701.92 413.56 39.72 36.27 0.0526
663.27 163.39 43.09 23.71 0.0517
145.87 398.39 31.56 25.38 0.0516
223.59 466.93 57.40 53.60 0.0515
434.99 380.35 74.17 62.62 0.0512
589.60 489.71 48.13 36.95 0.0512
838.60 194.10 34.89 31.04 0.0510
109.34 436.07 29.89 28.62 0.0509
56.28 132.56 51.63 29.45 0.0505
8.13 458.60 52.25 59.71 0.0500
