26_Soldier_Drilling_Soldiers_Drilling_26_750
87
465.76 247.38 88.89 124.56 0.6446
314.23 277.99 55.38 66.02 0.4827
15.76 236.63 102.85 189.15 0.4699
774.36 158.82 95.87 140.91 0.4420
124.23 85.20 58.89 54.37 0.3220
321.00 84.37 42.06 55.51 0.2320
265.27 98.10 34.40 40.78 0.2150
653.21 490.84 37.15 42.14 0.2104
6.91 225.33 72.57 119.63 0.2067
490.16 351.30 57.54 80.62 0.1867
156.88 96.24 58.38 53.16 0.1841
452.23 346.06 72.56 86.79 0.1661
429.54 283.79 119.68 131.48 0.1638
400.59 409.70 89.14 100.66 0.1621
164.14 83.41 48.99 40.19 0.1593
652.32 563.45 43.20 50.78 0.1418
325.82 220.73 76.80 112.87 0.1338
624.82 490.49 46.05 43.74 0.1297
297.17 86.77 45.94 69.84 0.1292
259.91 102.47 52.18 67.44 0.1168
287.60 132.00 79.48 77.89 0.1111
39.67 222.31 102.52 119.67 0.1101
968.55 342.36 55.45 152.90 0.1077
405.07 253.47 79.50 122.67 0.1073
725.78 538.13 39.20 50.53 0.1041
835.53 224.51 93.26 102.41 0.1033
114.36 48.75 88.33 68.65 0.1020
124.70 221.67 53.70 70.08 0.1002
219.82 104.98 32.43 46.77 0.0988
648.98 520.77 47.46 54.53 0.0976
226.52 122.71 29.86 41.77 0.0922
683.31 570.10 46.43 47.98 0.0900
918.39 379.75 63.71 115.09 0.0889
402.09 345.06 99.58 97.20 0.0873
368.39 540.60 45.46 63.93 0.0860
345.13 89.43 49.08 56.55 0.0859
682.68 496.41 47.53 54.11 0.0856
128.53 277.89 52.47 77.65 0.0850
0.00 471.95 31.36 51.53 0.0816
324.79 59.94 43.04 53.62 0.0814
795.07 133.66 121.37 135.95 0.0811
545.36 303.28 171.33 142.04 0.0798
619.71 537.02 61.56 67.60 0.0795
686.50 525.68 47.06 66.44 0.0785
901.38 280.46 48.16 60.88 0.0768
270.26 122.46 62.20 80.40 0.0768
48.55 303.00 90.85 126.37 0.0740
223.14 158.03 27.75 34.99 0.0720
696.50 557.44 37.08 40.17 0.0716
329.15 358.48 112.66 115.01 0.0710
868.77 258.56 78.05 87.47 0.0697
149.19 143.04 42.24 48.17 0.0695
449.15 463.60 69.48 88.31 0.0693
186.88 170.57 35.80 44.26 0.0652
185.42 198.10 40.77 48.84 0.0649
0.00 0.00 76.64 57.67 0.0635
0.00 450.29 34.15 52.08 0.0634
495.03 368.79 72.88 97.37 0.0629
822.26 453.40 50.29 72.88 0.0621
181.76 227.77 52.34 61.96 0.0619
775.99 511.89 55.82 76.58 0.0602
93.05 192.57 66.69 90.85 0.0601
683.78 301.92 168.55 208.48 0.0597
835.46 489.64 42.13 67.15 0.0594
645.08 462.63 47.97 62.43 0.0593
118.23 108.34 50.97 52.03 0.0588
335.67 38.74 83.90 79.14 0.0586
909.43 316.66 43.77 67.67 0.0586
938.54 401.62 58.37 129.67 0.0585
881.22 301.23 59.55 57.66 0.0582
678.95 308.72 91.45 99.66 0.0578
147.84 162.29 37.66 50.81 0.0569
789.79 548.01 42.90 56.23 0.0568
310.80 179.27 68.12 82.07 0.0565
308.04 291.15 94.45 93.36 0.0565
722.98 562.92 57.30 59.05 0.0564
945.78 295.43 31.49 42.65 0.0552
59.28 67.42 73.96 71.33 0.0540
332.80 127.08 74.64 80.35 0.0540
728.36 305.36 86.41 107.60 0.0534
204.42 255.17 47.60 48.04 0.0530
4.19 311.19 83.63 115.99 0.0527
940.67 330.04 48.49 75.25 0.0526
256.70 47.42 44.63 41.10 0.0522
887.41 700.92 24.48 29.54 0.0519
3.41 412.69 33.27 48.60 0.0518
877.51 333.26 48.12 65.49 0.0512
