26_Soldier_Drilling_Soldiers_Drilling_26_236
67
468.87 181.48 65.42 94.35 0.7556
589.32 142.67 130.87 142.49 0.6809
460.07 330.97 71.37 137.40 0.4514
506.04 384.81 63.40 162.14 0.2324
756.81 153.16 202.86 265.78 0.2169
824.34 529.33 87.75 154.04 0.2124
423.47 365.12 88.31 179.93 0.2004
763.12 602.26 116.80 159.47 0.1951
356.89 349.76 88.91 125.52 0.1938
759.05 471.16 158.21 257.09 0.1866
621.18 44.35 346.00 495.63 0.1573
844.33 228.22 104.21 123.52 0.1485
532.08 163.20 59.66 109.57 0.1400
978.23 248.67 33.92 57.56 0.1287
259.31 736.40 264.81 276.20 0.1204
738.38 163.20 88.91 117.95 0.1150
833.43 164.53 54.23 58.14 0.1123
974.45 378.42 49.55 166.76 0.1067
728.69 302.72 234.50 438.76 0.1010
565.80 311.70 98.79 220.65 0.1010
658.71 154.97 105.64 123.88 0.0997
270.12 835.10 159.54 199.64 0.0950
957.45 233.11 24.88 49.42 0.0943
498.27 296.11 95.56 168.28 0.0929
916.31 234.27 38.77 73.75 0.0921
371.93 300.23 94.85 143.46 0.0919
721.45 883.11 110.47 158.21 0.0907
339.25 398.73 72.83 91.06 0.0905
962.47 254.54 25.74 56.09 0.0884
323.64 291.11 117.47 126.78 0.0880
979.35 673.55 44.65 131.49 0.0876
781.96 160.99 64.68 90.66 0.0869
359.89 383.79 106.42 166.04 0.0835
56.14 735.10 80.85 230.91 0.0766
611.02 124.76 181.58 210.67 0.0753
486.63 204.80 114.76 145.33 0.0742
854.96 597.37 60.11 137.62 0.0719
511.40 353.23 140.84 255.23 0.0673
928.08 623.92 60.47 179.64 0.0665
884.50 512.73 66.75 140.06 0.0658
450.26 243.59 68.15 80.73 0.0654
1.62 741.14 93.89 214.05 0.0641
228.30 911.62 80.63 117.27 0.0640
374.49 799.84 115.31 107.09 0.0637
166.36 288.47 124.05 115.29 0.0627
201.96 920.97 68.77 94.68 0.0624
330.16 196.41 90.25 91.29 0.0606
912.44 593.12 40.38 81.37 0.0598
530.82 150.17 215.78 344.00 0.0597
164.28 924.17 85.78 107.93 0.0591
906.50 288.16 43.85 76.64 0.0578
639.68 863.16 80.86 151.54 0.0577
93.41 765.66 62.71 180.42 0.0574
0.00 301.48 47.08 84.23 0.0574
43.46 3.14 24.91 34.26 0.0563
995.40 113.43 27.81 71.58 0.0561
944.54 386.19 49.19 153.93 0.0549
738.81 630.65 84.99 122.09 0.0547
951.96 285.83 34.31 86.61 0.0544
944.42 314.26 51.94 141.46 0.0540
28.98 346.38 151.62 133.26 0.0540
128.81 300.90 57.35 62.67 0.0539
911.20 630.32 49.72 122.39 0.0530
519.18 459.88 58.97 112.17 0.0525
940.14 760.48 81.64 183.72 0.0522
320.96 240.50 107.04 105.86 0.0517
4.88 0.00 28.55 40.81 0.0502
