26_Soldier_Drilling_Soldiers_Drilling_26_204
200
815.49 135.43 22.61 18.25 0.4687
884.75 144.14 21.84 18.75 0.3780
963.20 150.18 19.37 13.99 0.3664
994.13 276.76 27.16 27.45 0.3620
814.33 104.67 16.80 16.11 0.3446
927.16 109.11 18.49 15.63 0.3437
944.19 263.96 35.73 36.23 0.3390
776.82 116.17 18.82 17.17 0.3079
961.96 121.97 16.70 12.14 0.3062
845.68 289.44 33.84 32.48 0.2706
886.12 179.80 23.02 23.35 0.2647
996.29 178.88 21.94 17.87 0.2549
997.68 134.27 20.44 15.26 0.2518
906.79 203.69 28.20 25.34 0.2484
926.69 139.99 16.64 14.40 0.2401
775.51 15.62 25.72 27.68 0.2389
955.94 174.57 21.15 18.66 0.2331
961.83 137.54 19.42 14.40 0.2314
365.63 250.78 46.14 43.51 0.2306
996.87 124.12 18.60 13.31 0.2265
780.77 238.92 19.85 23.25 0.2252
706.80 122.12 14.89 12.13 0.2248
924.35 148.01 20.15 16.28 0.2175
594.95 115.38 20.20 21.67 0.2100
847.05 136.36 16.91 15.67 0.2100
734.23 306.15 21.38 18.93 0.2098
852.94 122.03 14.96 13.27 0.2077
852.47 106.40 17.49 16.66 0.2026
631.90 72.95 18.05 15.36 0.2002
737.49 119.20 17.38 13.57 0.1984
888.05 121.77 14.73 13.47 0.1960
629.00 168.50 20.08 20.04 0.1960
996.30 150.77 20.73 15.28 0.1946
777.78 217.49 19.11 26.30 0.1920
962.52 204.62 28.36 20.62 0.1911
845.81 166.45 21.22 20.79 0.1893
667.68 122.29 15.80 13.80 0.1891
848.00 174.94 24.04 27.53 0.1883
889.48 187.02 23.58 25.25 0.1848
365.83 180.80 35.54 31.84 0.1824
845.03 192.07 26.69 30.06 0.1824
772.23 317.77 23.51 18.08 0.1818
813.78 122.08 16.95 13.84 0.1807
955.94 167.63 23.04 17.76 0.1805
777.54 134.72 20.36 17.16 0.1798
962.62 110.71 13.69 13.49 0.1793
451.14 148.44 18.18 14.70 0.1779
850.48 204.84 23.10 27.57 0.1756
885.85 269.04 23.86 25.54 0.1741
440.78 200.08 22.05 23.82 0.1732
779.82 271.54 24.28 19.15 0.1663
996.08 168.27 21.45 15.84 0.1644
887.87 247.95 22.94 24.67 0.1636
706.05 109.54 13.89 11.17 0.1618
992.48 194.32 24.99 18.00 0.1613
888.60 92.78 14.72 12.96 0.1611
771.34 326.78 27.01 25.53 0.1611
883.90 166.36 27.34 22.90 0.1611
333.48 189.63 35.24 36.70 0.1593
516.65 63.31 20.04 13.75 0.1592
772.06 354.61 31.09 30.87 0.1588
626.52 58.80 24.49 20.58 0.1582
922.68 178.17 23.72 22.33 0.1581
811.58 342.48 34.20 31.82 0.1573
742.30 110.10 15.66 15.57 0.1571
666.49 106.24 15.29 13.12 0.1560
837.90 348.86 26.18 20.84 0.1560
767.60 29.39 33.06 31.55 0.1549
631.69 120.43 18.28 18.12 0.1546
956.19 298.80 33.55 31.12 0.1531
991.96 211.01 24.47 20.18 0.1503
886.73 107.80 14.38 12.31 0.1503
735.50 134.59 19.53 16.55 0.1493
662.49 128.80 21.02 19.30 0.1488
844.49 326.68 30.23 27.89 0.1454
922.35 161.72 22.39 21.39 0.1446
776.02 145.16 24.29 23.18 0.1425
872.83 276.99 34.72 32.59 0.1413
734.80 37.22 33.91 28.01 0.1412
701.92 57.23 25.47 20.18 0.1412
891.30 202.96 26.19 26.74 0.1407
922.14 93.42 18.38 15.99 0.1396
663.53 93.18 18.16 16.24 0.1390
778.12 284.87 21.93 16.15 0.1390
664.38 43.53 26.49 23.66 0.1386
776.22 345.39 24.74 26.25 0.1380
625.37 47.45 26.68 23.74 0.1345
812.81 95.27 17.86 18.95 0.1345
998.29 108.63 17.26 12.04 0.1325
705.99 128.56 19.59 19.34 0.1325
698.64 39.59 27.76 25.15 0.1322
704.87 93.01 17.78 13.72 0.1322
891.33 356.14 24.27 20.55 0.1320
333.47 178.86 40.14 29.01 0.1317
957.33 331.16 24.75 23.59 0.1309
846.17 273.14 24.99 23.03 0.1302
988.48 214.57 31.71 29.48 0.1298
949.68 353.90 38.47 41.78 0.1289
630.99 106.58 17.94 16.55 0.1281
732.22 324.43 26.44 24.92 0.1260
758.31 371.13 44.63 44.48 0.1250
813.54 309.19 29.67 25.14 0.1244
987.67 366.01 33.96 35.49 0.1230
847.51 148.68 17.78 16.94 0.1217
861.02 291.73 41.30 32.05 0.1198
738.87 287.70 19.65 17.08 0.1195
804.99 160.36 30.29 27.27 0.1190
775.99 91.47 18.48 15.14 0.1177
793.11 396.19 34.37 24.32 0.1174
628.73 129.65 21.66 20.26 0.1165
924.54 294.23 24.68 25.12 0.1164
703.70 73.51 20.16 15.68 0.1157
594.79 123.63 23.38 25.90 0.1128
924.48 278.25 29.66 27.69 0.1128
738.65 273.18 20.91 18.58 0.1128
705.71 327.93 22.51 20.18 0.1104
763.69 165.37 30.66 37.43 0.1093
742.18 74.38 19.56 15.63 0.1069
666.24 76.08 18.85 16.86 0.1059
888.89 222.13 20.12 23.41 0.1055
801.68 268.04 24.16 19.53 0.1055
138.42 53.58 53.58 57.78 0.1051
806.59 176.31 29.58 28.09 0.1048
906.26 403.02 34.71 20.98 0.1045
947.03 240.30 38.23 47.79 0.1041
981.20 235.25 42.06 46.32 0.1034
770.25 302.85 24.11 18.28 0.1029
741.90 90.83 16.38 13.47 0.1023
482.18 64.14 17.25 13.98 0.1020
298.86 186.07 36.72 35.31 0.1017
925.23 345.48 21.55 19.75 0.1015
690.28 186.45 30.71 39.07 0.1010
990.68 381.55 33.32 38.97 0.0998
849.53 93.84 17.22 16.91 0.0988
228.99 61.16 16.89 15.07 0.0986
811.15 189.74 29.93 30.95 0.0974
915.89 252.87 31.39 30.10 0.0972
987.22 300.80 34.90 35.60 0.0972
632.36 91.93 17.60 14.82 0.0963
907.20 240.24 33.47 28.04 0.0959
732.30 21.07 49.88 40.44 0.0958
888.61 348.75 21.34 21.73 0.0957
849.98 254.10 22.59 19.37 0.0951
925.51 263.62 31.07 32.02 0.0948
685.24 5.35 38.60 35.27 0.0944
993.38 340.96 25.81 25.60 0.0941
478.41 103.42 26.90 21.51 0.0939
739.03 52.20 28.28 23.08 0.0937
736.58 381.74 53.07 41.19 0.0932
993.36 325.49 26.70 27.08 0.0929
510.50 68.23 27.76 23.37 0.0928
849.33 238.68 26.36 24.46 0.0923
166.89 61.12 50.78 49.25 0.0902
922.44 353.65 27.50 30.73 0.0898
811.89 74.23 23.51 18.46 0.0892
483.89 134.79 21.56 17.14 0.0890
771.99 191.37 24.84 31.25 0.0886
181.21 54.58 32.19 31.44 0.0883
103.30 40.80 135.69 124.91 0.0879
814.57 203.21 29.16 31.54 0.0878
770.79 1.68 30.43 23.54 0.0876
663.74 30.67 32.74 28.56 0.0864
187.60 46.52 22.74 21.00 0.0859
708.30 316.03 20.94 18.38 0.0854
263.94 63.76 15.92 12.05 0.0837
631.23 153.34 21.50 20.99 0.0834
691.90 244.85 24.73 26.62 0.0833
956.34 217.80 33.86 28.42 0.0831
925.57 331.28 24.42 24.35 0.0828
792.11 23.27 42.13 28.94 0.0826
376.74 236.51 54.38 53.32 0.0823
794.47 369.84 34.97 30.58 0.0818
801.41 256.09 24.97 18.39 0.0810
338.23 258.80 66.68 47.03 0.0804
665.07 178.67 21.22 21.11 0.0802
802.52 237.20 25.48 25.97 0.0799
704.07 300.65 17.59 19.41 0.0790
924.55 363.49 36.17 41.82 0.0766
672.62 198.29 27.13 31.18 0.0763
474.23 67.27 24.40 21.61 0.0756
730.35 339.65 31.78 28.89 0.0756
771.09 72.76 25.79 21.29 0.0734
769.30 51.11 33.12 25.06 0.0729
293.69 165.81 56.04 41.96 0.0728
588.60 178.77 24.30 25.53 0.0728
478.21 117.62 27.76 24.76 0.0727
594.55 59.37 20.61 21.36 0.0725
589.40 74.84 20.90 18.93 0.0725
734.18 140.97 25.84 24.21 0.0724
702.98 146.34 26.73 21.73 0.0724
594.92 43.10 19.19 17.45 0.0717
400.24 181.02 35.29 33.79 0.0704
855.20 304.35 46.20 32.62 0.0697
834.72 13.89 35.92 33.78 0.0690
559.26 60.87 24.21 17.13 0.0688
925.24 308.82 26.19 26.23 0.0688
560.75 73.19 27.76 21.63 0.0688
589.95 86.24 21.98 19.61 0.0684
594.79 150.67 19.23 18.06 0.0679
406.94 192.44 41.37 39.31 0.0678
