20_Family_Group_Family_Group_20_759
200
927.82 0.00 81.10 81.11 0.1922
50.54 520.28 80.27 80.65 0.1921
50.54 109.31 80.34 80.71 0.1920
50.53 218.87 80.26 80.84 0.1920
50.54 164.09 80.26 80.79 0.1920
50.58 273.64 80.23 80.75 0.1919
50.59 629.85 80.21 80.64 0.1919
50.49 54.52 80.41 80.82 0.1919
50.66 355.99 80.13 80.57 0.1918
269.47 0.00 81.23 81.09 0.1918
342.61 0.00 81.23 81.09 0.1918
415.71 0.00 81.27 81.10 0.1918
891.66 191.54 80.23 80.60 0.1918
928.12 246.28 80.54 80.94 0.1918
525.42 0.00 81.29 81.10 0.1918
562.00 0.00 81.29 81.10 0.1918
306.05 0.00 81.20 81.09 0.1916
635.20 0.00 81.20 81.09 0.1916
928.18 355.84 80.47 80.94 0.1916
379.19 0.00 81.21 81.09 0.1916
50.66 438.18 80.09 80.54 0.1916
50.66 575.14 80.09 80.54 0.1916
159.76 0.00 81.22 81.09 0.1916
196.33 0.00 81.22 81.09 0.1916
598.62 0.00 81.22 81.09 0.1916
671.76 0.00 81.22 81.09 0.1916
781.48 0.00 81.22 81.09 0.1916
818.05 0.00 81.22 81.09 0.1916
854.62 0.00 81.22 81.09 0.1916
86.58 0.00 81.26 81.10 0.1916
452.29 0.00 81.26 81.10 0.1916
488.87 0.00 81.26 81.10 0.1916
928.13 191.47 80.52 80.95 0.1916
928.21 575.12 80.39 80.78 0.1915
123.15 0.00 81.28 81.10 0.1915
928.13 301.06 80.50 80.93 0.1915
744.90 0.00 81.27 81.12 0.1915
159.98 437.84 80.70 81.09 0.1915
196.54 465.12 80.74 81.30 0.1915
233.11 492.51 80.74 81.30 0.1915
306.25 574.69 80.74 81.30 0.1915
854.75 465.12 80.81 81.29 0.1915
123.40 437.75 80.63 81.17 0.1914
50.25 0.00 80.91 80.96 0.1914
13.52 0.00 80.89 80.75 0.1914
928.18 410.64 80.44 80.91 0.1914
928.18 465.42 80.44 80.91 0.1914
928.18 629.78 80.44 80.91 0.1914
562.50 657.16 80.29 80.76 0.1914
269.61 602.19 80.71 81.10 0.1914
708.33 0.00 81.22 81.09 0.1913
13.79 54.63 80.24 80.57 0.1913
13.79 191.59 80.24 80.57 0.1913
745.11 410.42 80.62 81.11 0.1913
781.69 410.42 80.62 81.11 0.1913
232.86 0.00 81.28 81.11 0.1913
269.61 547.29 80.70 81.20 0.1913
854.75 355.55 80.80 81.28 0.1913
123.40 382.94 80.73 81.21 0.1913
818.26 410.33 80.73 81.21 0.1913
708.54 437.72 80.73 81.21 0.1913
159.97 547.29 80.73 81.21 0.1913
196.54 547.29 80.73 81.21 0.1913
233.11 547.29 80.73 81.21 0.1913
123.40 602.08 80.73 81.21 0.1913
196.54 602.08 80.73 81.21 0.1913
233.11 602.08 80.73 81.21 0.1913
818.26 602.08 80.73 81.21 0.1913
818.19 355.54 80.79 81.21 0.1913
159.90 602.08 80.79 81.21 0.1913
781.62 602.08 80.79 81.21 0.1913
13.87 356.07 80.17 80.48 0.1913
928.20 520.25 80.41 80.87 0.1913
415.91 300.75 80.76 81.23 0.1912
342.82 328.15 80.74 81.29 0.1912
233.11 437.73 80.74 81.29 0.1912
159.97 492.51 80.74 81.29 0.1912
818.25 492.51 80.74 81.29 0.1912
818.25 547.30 80.74 81.29 0.1912
342.82 574.69 80.74 81.29 0.1912
13.81 301.16 80.25 80.62 0.1912
745.04 465.12 80.81 81.29 0.1912
781.61 465.12 80.81 81.29 0.1912
123.33 492.51 80.81 81.29 0.1912
781.61 519.90 80.81 81.29 0.1912
745.04 629.48 80.81 81.29 0.1912
891.32 0.00 80.88 80.91 0.1912
781.69 355.56 80.72 81.25 0.1912
342.84 410.34 80.73 81.28 0.1912
269.62 328.15 80.69 81.31 0.1912
928.10 54.54 80.51 80.99 0.1911
928.10 109.32 80.51 80.99 0.1911
379.33 328.15 80.78 81.31 0.1911
745.05 519.90 80.78 81.31 0.1911
599.07 657.16 80.29 80.76 0.1911
891.65 246.31 80.11 80.58 0.1911
306.25 273.48 80.64 81.10 0.1911
342.75 629.53 80.83 81.24 0.1911
415.90 383.00 80.78 81.23 0.1911
672.18 657.11 80.39 80.86 0.1911
159.96 382.96 80.74 81.20 0.1911
269.63 382.95 80.76 81.27 0.1911
525.62 383.00 80.79 81.23 0.1911
196.53 410.35 80.74 81.20 0.1911
269.63 465.13 80.76 81.27 0.1911
306.26 629.55 80.74 81.20 0.1911
854.76 410.33 80.79 81.19 0.1911
891.64 301.06 80.16 80.64 0.1911
891.51 54.47 80.40 80.82 0.1911
342.83 273.41 80.64 81.14 0.1911
13.79 109.45 80.21 80.54 0.1910
452.47 163.82 80.83 81.30 0.1910
489.04 163.82 80.83 81.30 0.1910
525.61 163.82 80.83 81.30 0.1910
489.04 382.96 80.83 81.30 0.1910
123.39 547.32 80.76 81.28 0.1910
379.39 602.10 80.76 81.28 0.1910
854.82 602.10 80.76 81.28 0.1910
452.43 382.95 80.87 81.32 0.1910
86.75 465.14 80.82 81.28 0.1910
306.18 519.91 80.80 81.27 0.1910
854.76 519.91 80.80 81.27 0.1910
86.75 574.71 80.82 81.28 0.1910
745.03 574.71 80.82 81.28 0.1910
891.61 136.74 80.28 80.68 0.1910
13.84 246.41 80.17 80.51 0.1910
891.63 355.82 80.20 80.70 0.1910
891.63 437.99 80.20 80.70 0.1910
525.87 657.11 80.40 80.85 0.1910
123.35 81.71 80.73 81.17 0.1910
342.78 81.71 80.73 81.17 0.1910
415.92 81.71 80.73 81.17 0.1910
452.49 81.71 80.73 81.17 0.1910
598.78 81.71 80.73 81.17 0.1910
635.35 81.71 80.73 81.17 0.1910
671.92 81.71 80.73 81.17 0.1910
745.06 81.71 80.73 81.17 0.1910
781.63 81.71 80.73 81.17 0.1910
196.49 109.11 80.73 81.17 0.1910
233.06 109.11 80.73 81.17 0.1910
269.63 109.11 80.73 81.17 0.1910
306.20 109.11 80.73 81.17 0.1910
818.20 109.11 80.73 81.17 0.1910
86.78 136.50 80.73 81.17 0.1910
123.35 136.50 80.73 81.17 0.1910
598.78 136.50 80.73 81.17 0.1910
635.35 136.50 80.73 81.17 0.1910
671.92 136.50 80.73 81.17 0.1910
159.92 163.89 80.73 81.17 0.1910
708.49 163.89 80.73 81.17 0.1910
781.63 163.89 80.73 81.17 0.1910
818.20 163.89 80.73 81.17 0.1910
123.35 191.29 80.73 81.17 0.1910
306.27 328.17 80.72 81.23 0.1910
196.54 355.59 80.74 81.24 0.1910
745.11 328.17 80.73 81.31 0.1910
452.48 300.76 80.78 81.29 0.1910
489.05 300.76 80.78 81.29 0.1910
635.36 519.96 80.75 81.21 0.1910
13.87 547.78 80.20 80.54 0.1910
159.91 81.63 80.75 81.26 0.1910
489.06 81.63 80.75 81.26 0.1910
525.63 81.63 80.75 81.26 0.1910
562.20 81.63 80.75 81.26 0.1910
708.49 81.63 80.75 81.26 0.1910
745.06 136.41 80.75 81.26 0.1910
854.77 136.41 80.75 81.26 0.1910
379.33 163.84 80.83 81.27 0.1910
86.77 191.20 80.75 81.26 0.1910
306.20 382.96 80.67 81.24 0.1910
525.63 465.13 80.75 81.26 0.1910
233.12 382.97 80.71 81.26 0.1910
233.30 657.07 80.36 81.00 0.1910
635.62 657.14 80.34 80.79 0.1910
379.34 81.68 80.78 81.23 0.1909
525.63 300.78 80.76 81.25 0.1909
379.35 382.96 80.76 81.25 0.1909
562.17 382.98 80.81 81.24 0.1909
415.89 519.94 80.81 81.24 0.1909
452.46 547.33 80.81 81.24 0.1909
13.83 629.94 80.26 80.57 0.1909
233.05 328.15 80.78 81.31 0.1909
196.49 163.86 80.78 81.23 0.1909
635.34 191.25 80.78 81.23 0.1909
745.06 191.25 80.78 81.23 0.1909
598.77 218.64 80.78 81.23 0.1909
671.91 218.64 80.78 81.23 0.1909
452.49 437.79 80.78 81.23 0.1909
489.06 437.79 80.78 81.23 0.1909
598.77 437.79 80.78 81.23 0.1909
342.72 465.10 80.88 81.35 0.1909
415.91 465.18 80.78 81.23 0.1909
452.49 492.57 80.78 81.23 0.1909
525.63 519.97 80.78 81.23 0.1909
562.20 519.97 80.78 81.23 0.1909
598.77 547.36 80.78 81.23 0.1909
854.74 218.59 80.85 81.30 0.1909
635.33 465.18 80.75 81.21 0.1909
269.67 273.39 80.76 81.27 0.1909
781.70 300.78 80.70 81.27 0.1909
