20_Family_Group_Family_Group_20_427
200
927.82 0.00 81.19 72.23 0.1921
50.52 316.96 80.27 71.78 0.1921
50.57 414.53 80.22 71.77 0.1920
50.59 560.87 80.21 71.81 0.1919
50.47 365.70 80.34 71.84 0.1919
123.19 0.00 81.12 72.20 0.1919
50.63 146.19 80.16 71.81 0.1918
50.63 463.29 80.16 71.80 0.1918
50.66 512.14 80.13 71.74 0.1918
50.63 219.40 80.12 71.75 0.1918
50.63 268.19 80.12 71.75 0.1918
928.20 414.48 80.41 72.02 0.1917
50.52 73.00 80.28 71.81 0.1917
379.40 536.25 80.70 72.21 0.1917
854.83 536.25 80.70 72.21 0.1917
928.22 536.51 80.38 71.94 0.1917
50.21 0.00 80.94 72.11 0.1917
159.76 0.00 81.13 72.20 0.1916
196.33 0.00 81.22 72.21 0.1916
452.33 0.00 81.22 72.21 0.1916
525.48 0.00 81.22 72.21 0.1916
562.05 0.00 81.22 72.21 0.1916
635.19 0.00 81.22 72.21 0.1916
635.33 560.56 80.80 72.36 0.1916
928.18 97.35 80.46 72.04 0.1916
928.18 194.93 80.43 72.02 0.1916
891.66 97.39 80.14 71.77 0.1916
928.21 463.35 80.40 71.93 0.1915
452.54 511.75 80.73 72.32 0.1915
342.82 536.14 80.73 72.32 0.1915
415.97 536.14 80.73 72.32 0.1915
489.11 536.14 80.73 72.32 0.1915
562.25 536.14 80.73 72.32 0.1915
671.74 0.00 81.25 72.21 0.1915
86.62 0.00 81.23 72.22 0.1915
159.96 536.14 80.74 72.39 0.1915
196.54 536.14 80.74 72.39 0.1915
598.82 536.14 80.74 72.39 0.1915
708.54 536.14 80.74 72.39 0.1915
745.11 536.14 80.74 72.39 0.1915
745.03 48.29 80.79 72.45 0.1914
928.17 243.72 80.45 72.04 0.1914
379.40 487.38 80.72 72.29 0.1914
415.97 487.38 80.72 72.29 0.1914
928.18 292.50 80.43 72.00 0.1914
232.91 0.00 81.21 72.23 0.1914
891.64 146.16 80.13 71.75 0.1914
891.64 194.95 80.13 71.75 0.1914
928.10 48.59 80.52 72.07 0.1914
342.62 0.00 81.22 72.21 0.1913
379.19 0.00 81.22 72.21 0.1913
488.91 0.00 81.22 72.21 0.1913
708.33 0.00 81.22 72.21 0.1913
744.91 0.00 81.22 72.21 0.1913
818.26 511.83 80.62 72.23 0.1913
671.90 560.56 80.80 72.36 0.1913
854.83 487.44 80.71 72.24 0.1913
415.72 0.00 81.28 72.22 0.1913
269.68 511.75 80.73 72.32 0.1913
306.25 511.75 80.73 72.32 0.1913
233.11 536.14 80.73 72.32 0.1913
781.68 536.14 80.73 72.32 0.1913
525.62 536.14 80.79 72.31 0.1913
415.97 438.65 80.73 72.31 0.1913
452.54 438.65 80.73 72.31 0.1913
13.82 170.69 80.23 71.71 0.1913
452.53 560.56 80.77 72.38 0.1913
891.32 0.00 80.91 72.02 0.1912
489.11 341.00 80.74 72.39 0.1912
635.40 511.75 80.74 72.39 0.1912
123.39 536.14 80.74 72.39 0.1912
13.81 73.04 80.25 71.79 0.1912
13.81 121.82 80.25 71.79 0.1912
306.18 560.54 80.81 72.39 0.1912
818.25 560.67 80.75 72.27 0.1912
452.46 72.69 80.79 72.45 0.1912
489.03 72.69 80.79 72.45 0.1912
635.32 72.69 80.79 72.45 0.1912
745.11 243.51 80.62 72.22 0.1912
306.27 462.98 80.72 72.35 0.1912
562.18 72.69 80.88 72.45 0.1912
598.75 72.69 80.88 72.45 0.1912
781.69 243.51 80.71 72.22 0.1912
489.11 292.21 80.72 72.41 0.1912
489.11 462.96 80.72 72.41 0.1912
452.48 389.78 80.78 72.41 0.1911
489.05 389.78 80.78 72.41 0.1911
489.32 585.12 80.31 72.10 0.1911
525.89 585.12 80.31 72.10 0.1911
269.48 0.00 81.21 72.23 0.1911
781.48 0.00 81.21 72.23 0.1911
818.05 0.00 81.21 72.23 0.1911
854.62 0.00 81.21 72.23 0.1911
891.65 243.73 80.11 71.76 0.1911
891.65 292.51 80.11 71.76 0.1911
269.56 48.28 80.84 72.48 0.1911
525.56 97.06 80.84 72.48 0.1911
708.42 48.30 80.93 72.48 0.1911
854.84 292.23 80.70 72.37 0.1911
708.48 145.91 80.79 72.34 0.1911
233.10 487.37 80.74 72.31 0.1911
342.82 487.37 80.74 72.31 0.1911
598.62 0.00 81.22 72.21 0.1911
928.20 146.13 80.41 72.02 0.1911
928.20 365.67 80.41 72.02 0.1911
13.48 0.00 80.94 71.92 0.1911
306.01 0.00 81.27 72.25 0.1911
159.96 170.27 80.76 72.38 0.1910
196.53 170.27 80.76 72.38 0.1910
818.24 243.45 80.76 72.38 0.1910
525.63 292.24 80.73 72.34 0.1910
781.68 292.22 80.74 72.38 0.1910
818.24 292.23 80.76 72.38 0.1910
452.53 316.63 80.76 72.38 0.1910
379.39 438.59 80.76 72.38 0.1910
525.67 487.38 80.76 72.38 0.1910
123.40 219.04 80.73 72.32 0.1910
891.61 48.58 80.28 71.84 0.1910
452.43 121.47 80.82 72.45 0.1910
13.85 463.30 80.24 71.83 0.1910
854.82 72.70 80.69 72.33 0.1910
781.67 97.10 80.69 72.33 0.1910
818.24 97.10 80.69 72.33 0.1910
671.96 121.49 80.69 72.33 0.1910
233.06 72.77 80.73 72.28 0.1910
671.91 72.67 80.75 72.37 0.1910
269.63 97.16 80.73 72.28 0.1910
306.20 97.16 80.73 72.28 0.1910
415.92 145.94 80.73 72.28 0.1910
489.06 145.94 80.73 72.28 0.1910
306.21 194.69 80.71 72.29 0.1910
708.49 219.10 80.73 72.30 0.1910
342.83 438.61 80.74 72.34 0.1910
891.80 585.37 79.97 71.53 0.1910
854.86 365.42 80.70 72.38 0.1910
269.60 560.56 80.83 72.37 0.1910
269.68 170.26 80.73 72.40 0.1910
671.96 267.84 80.73 72.40 0.1910
13.87 560.97 80.17 71.70 0.1910
525.62 341.00 80.78 72.39 0.1910
86.75 560.55 80.79 72.40 0.1910
599.03 585.13 80.30 72.08 0.1910
671.93 341.03 80.76 72.32 0.1910
379.32 48.27 80.87 72.49 0.1910
415.90 48.27 80.87 72.49 0.1910
525.61 48.27 80.87 72.49 0.1910
342.77 97.08 80.75 72.36 0.1910
379.34 121.47 80.75 72.36 0.1910
745.06 292.23 80.67 72.35 0.1910
123.58 585.11 80.36 72.13 0.1910
160.15 585.11 80.36 72.13 0.1910
196.73 585.11 80.36 72.13 0.1910
233.30 585.11 80.36 72.13 0.1910
343.01 585.11 80.36 72.13 0.1910
379.58 585.11 80.36 72.13 0.1910
416.15 585.11 80.36 72.13 0.1910
745.30 585.11 80.36 72.13 0.1910
781.87 585.11 80.36 72.13 0.1910
781.62 48.28 80.77 72.45 0.1909
818.19 48.28 80.77 72.45 0.1909
123.35 267.84 80.76 72.35 0.1909
415.91 389.82 80.77 72.36 0.1909
269.69 462.98 80.72 72.35 0.1909
123.31 97.10 80.81 72.34 0.1909
745.03 145.89 80.81 72.34 0.1909
781.60 145.89 80.81 72.34 0.1909
854.74 145.89 80.81 72.34 0.1909
525.60 170.28 80.81 72.34 0.1909
562.17 170.28 80.81 72.34 0.1909
671.89 170.28 80.81 72.34 0.1909
342.74 316.64 80.81 72.34 0.1909
635.31 341.03 80.81 72.34 0.1909
306.17 365.43 80.81 72.34 0.1909
562.17 365.43 80.81 72.34 0.1909
635.31 414.21 80.81 72.34 0.1909
671.89 414.21 80.81 72.34 0.1909
854.82 438.67 80.74 72.29 0.1909
342.70 145.88 80.84 72.37 0.1909
342.71 48.25 80.92 72.52 0.1909
562.19 243.43 80.78 72.41 0.1909
159.91 48.34 80.78 72.34 0.1909
86.77 72.73 80.78 72.34 0.1909
562.20 121.47 80.77 72.44 0.1909
598.77 121.47 80.77 72.44 0.1909
635.34 121.47 80.77 72.44 0.1909
196.49 292.27 80.78 72.34 0.1909
233.06 292.27 80.78 72.34 0.1909
269.63 292.27 80.78 72.34 0.1909
159.91 316.66 80.78 72.34 0.1909
306.20 316.66 80.78 72.34 0.1909
196.49 341.06 80.78 72.34 0.1909
233.06 341.06 80.78 72.34 0.1909
269.63 341.06 80.78 72.34 0.1909
891.65 341.30 80.11 71.75 0.1909
781.67 194.66 80.76 72.37 0.1909
13.88 414.61 80.16 71.70 0.1909
13.88 512.18 80.16 71.70 0.1909
306.15 48.26 80.92 72.48 0.1909
233.03 170.27 80.82 72.36 0.1909
818.25 463.06 80.65 72.30 0.1909
