47_Matador_Bullfighter_matadorbullfighting_47_536
20
605.65 237.19 418.35 489.13 0.4116
100.81 286.04 451.54 409.96 0.3498
110.06 268.01 144.59 432.68 0.2355
417.61 284.66 409.68 413.62 0.2111
161.98 297.91 190.11 611.69 0.1703
64.17 258.01 98.76 454.49 0.1439
250.63 297.44 448.76 603.88 0.1385
18.01 249.47 39.69 464.55 0.0812
157.89 202.45 196.87 329.95 0.0779
102.26 377.81 154.63 696.77 0.0477
0.00 5.51 72.06 128.96 0.0473
352.59 207.85 392.26 331.54 0.0409
58.59 393.75 102.24 678.44 0.0406
602.31 800.52 421.69 565.48 0.0373
19.81 443.03 32.20 600.78 0.0352
625.49 111.28 398.51 207.61 0.0324
7.69 850.91 53.18 515.09 0.0276
653.93 11.03 370.07 116.86 0.0274
19.13 78.41 37.27 252.61 0.0268
15.26 27.20 183.72 78.97 0.0213
