49_Greeting_peoplegreeting_49_923
28
646.91 49.05 377.09 135.33 0.7458
448.15 123.77 478.94 260.81 0.6822
619.58 245.97 404.42 327.64 0.6162
376.03 164.53 333.59 269.08 0.3888
626.63 416.41 397.37 288.59 0.2276
94.85 122.97 124.94 237.76 0.1699
60.95 219.17 107.26 299.67 0.1641
15.96 424.32 58.18 280.68 0.0983
49.46 416.94 83.37 288.06 0.0938
21.94 18.49 45.21 53.01 0.0925
293.72 25.04 351.01 39.39 0.0807
186.03 137.52 163.64 207.87 0.0795
405.55 294.73 409.45 340.05 0.0765
657.22 105.90 366.78 243.60 0.0612
26.05 136.02 34.20 208.66 0.0568
164.30 49.83 356.31 107.81 0.0493
172.07 19.90 162.69 45.56 0.0482
116.97 179.79 409.79 272.05 0.0452
178.73 27.93 329.74 44.45 0.0416
62.74 18.14 62.38 44.54 0.0402
133.27 15.77 102.42 44.88 0.0388
61.01 138.37 92.38 230.48 0.0383
659.46 16.73 364.54 78.04 0.0294
205.58 331.43 401.96 373.57 0.0276
21.54 231.90 49.20 282.75 0.0262
124.01 105.05 416.41 150.24 0.0234
25.75 44.83 35.63 98.86 0.0224
55.72 94.12 97.01 156.02 0.0221
