55_Sports_Coach_Trainer_sportcoaching_55_774
200
838.42 61.94 62.12 71.03 0.8945
791.78 276.32 63.12 82.36 0.8305
759.27 125.56 64.07 61.51 0.5559
331.94 94.08 33.79 32.32 0.4784
448.60 328.07 35.08 34.08 0.4291
126.38 269.72 43.95 40.64 0.3990
518.86 301.11 34.09 31.48 0.3912
889.33 7.91 34.81 30.76 0.3893
443.59 175.31 23.62 19.92 0.3674
479.93 125.23 20.94 17.67 0.2642
407.98 63.15 22.80 25.94 0.2608
597.35 154.36 29.19 25.45 0.2480
358.61 371.14 33.54 25.58 0.2405
82.41 369.66 34.13 26.85 0.2382
457.01 341.56 51.45 37.22 0.2355
483.63 193.49 19.46 21.36 0.2329
354.64 180.63 33.59 30.89 0.2325
650.82 102.02 32.04 40.44 0.2275
986.12 0.45 36.33 37.05 0.2031
338.28 186.04 43.12 39.08 0.1978
936.21 22.46 42.10 32.07 0.1904
503.28 33.10 37.67 30.64 0.1903
996.84 57.68 25.01 27.84 0.1718
738.85 70.25 44.13 48.44 0.1668
759.55 67.95 39.10 38.87 0.1666
940.61 49.12 37.05 29.70 0.1642
442.94 122.71 20.49 16.69 0.1615
993.05 22.84 25.89 29.95 0.1571
368.30 29.45 24.22 22.16 0.1560
804.15 130.53 76.27 64.92 0.1548
374.12 18.96 18.88 16.55 0.1531
478.13 201.03 24.68 25.47 0.1514
229.66 83.05 27.02 34.15 0.1507
658.39 0.00 50.97 28.29 0.1496
337.13 34.63 18.87 20.66 0.1485
141.38 323.30 40.34 35.53 0.1484
724.01 0.79 41.11 35.43 0.1460
483.18 173.30 20.48 21.00 0.1436
334.64 64.71 28.91 32.53 0.1433
660.44 8.34 59.02 38.61 0.1399
448.33 134.41 20.35 19.25 0.1397
446.63 161.54 24.09 25.11 0.1395
251.51 33.09 31.60 25.42 0.1395
965.93 79.92 58.07 89.43 0.1389
385.39 367.94 59.39 40.45 0.1383
624.02 0.42 48.20 24.16 0.1370
523.07 142.35 16.31 16.75 0.1363
233.22 26.50 28.52 24.01 0.1352
999.16 240.31 21.24 28.14 0.1350
243.06 45.17 39.29 32.66 0.1337
548.79 37.04 30.06 30.94 0.1331
484.05 158.90 19.29 19.64 0.1303
360.66 59.33 32.25 32.13 0.1268
552.08 16.74 30.82 22.43 0.1259
579.30 344.10 49.03 41.08 0.1258
663.10 86.59 20.91 24.42 0.1258
410.90 221.16 22.35 23.33 0.1218
915.11 11.24 32.95 39.32 0.1218
651.54 115.60 35.51 47.95 0.1215
415.92 118.78 24.76 18.52 0.1203
663.12 22.33 45.18 37.69 0.1201
487.89 299.46 31.49 29.65 0.1200
114.74 334.93 35.32 30.80 0.1185
474.81 304.50 37.19 39.04 0.1183
681.69 0.00 56.69 42.40 0.1174
240.95 86.86 40.26 36.88 0.1170
811.43 65.72 56.69 77.49 0.1170
335.68 44.32 23.23 28.92 0.1161
172.64 285.38 45.59 34.91 0.1157
903.27 102.20 43.59 46.62 0.1156
524.29 156.29 20.94 21.05 0.1145
340.99 157.07 26.72 24.33 0.1141
550.58 0.00 36.83 18.70 0.1132
127.32 290.04 52.47 51.53 0.1130
660.75 147.08 29.94 31.90 0.1120
362.44 75.14 35.11 34.77 0.1109
527.14 296.18 48.23 40.77 0.1091
180.51 300.56 52.14 43.13 0.1088
991.91 143.13 32.09 46.58 0.1080
365.40 47.49 28.57 28.83 0.1074
539.71 339.35 79.37 59.98 0.1071
524.18 169.46 28.88 23.96 0.1070
299.31 85.82 30.30 33.96 0.1061
229.87 185.67 32.71 29.34 0.1058
626.64 130.56 28.34 33.51 0.1052
212.88 272.38 40.89 46.60 0.1049
372.75 3.33 19.69 13.79 0.1046
609.50 332.63 35.89 27.99 0.1037
240.17 61.66 41.89 42.26 0.1036
339.50 373.28 42.32 28.20 0.1027
698.98 110.22 38.66 43.98 0.1025
939.65 293.72 54.67 36.50 0.1014
410.29 2.45 25.07 15.44 0.1013
943.41 0.00 52.92 50.25 0.1012
722.55 89.97 62.09 75.51 0.1010
180.61 81.17 49.02 61.25 0.1009
592.87 123.88 25.42 25.00 0.1008
911.12 55.70 37.15 45.52 0.0981
810.01 357.51 59.86 80.37 0.0980
217.51 320.05 34.33 32.29 0.0977
518.43 0.66 27.93 16.29 0.0972
880.96 76.05 62.04 71.16 0.0970
769.94 298.30 73.67 82.87 0.0969
676.90 124.94 69.63 73.97 0.0968
296.71 32.91 22.46 21.08 0.0963
120.79 240.34 46.91 54.82 0.0957
923.01 301.30 44.45 31.38 0.0957
249.06 19.26 31.07 21.27 0.0957
352.16 155.94 35.29 27.23 0.0943
113.07 158.92 38.87 38.48 0.0932
441.91 1.96 27.19 16.90 0.0931
663.71 38.96 39.98 39.35 0.0914
336.06 0.26 25.14 18.75 0.0911
635.79 111.11 37.59 34.72 0.0909
586.38 81.05 31.29 28.82 0.0909
916.39 153.74 40.61 35.23 0.0902
243.12 159.83 36.80 37.95 0.0894
332.33 203.37 38.85 41.52 0.0893
110.47 44.37 30.42 31.77 0.0891
79.45 350.73 38.83 38.52 0.0886
410.05 171.78 24.85 20.61 0.0886
249.93 132.69 31.01 31.28 0.0874
715.35 328.81 66.97 78.48 0.0873
116.82 177.84 44.82 37.32 0.0870
917.88 47.99 38.22 34.86 0.0866
719.54 43.01 51.16 51.62 0.0865
352.38 115.68 36.87 25.12 0.0864
995.89 271.78 25.65 34.78 0.0861
663.81 59.73 25.79 33.66 0.0860
474.81 215.49 30.53 26.94 0.0859
513.09 61.20 31.98 32.77 0.0855
474.96 331.18 76.56 57.52 0.0853
335.41 16.29 21.01 20.53 0.0850
176.46 60.48 42.04 53.34 0.0850
4.29 395.73 40.48 33.96 0.0846
751.61 82.53 76.12 73.33 0.0842
410.75 33.06 24.95 23.44 0.0838
244.32 116.34 38.50 34.75 0.0830
293.48 43.72 27.70 27.76 0.0828
453.98 373.16 55.10 42.87 0.0828
250.06 236.77 31.64 23.18 0.0825
652.04 160.17 45.35 52.79 0.0823
333.47 132.07 26.57 25.90 0.0823
802.34 394.72 80.50 77.55 0.0811
410.41 191.87 23.12 22.81 0.0803
34.80 366.22 41.77 33.27 0.0803
863.73 148.57 54.68 46.67 0.0802
293.95 103.83 33.09 36.74 0.0800
775.15 244.09 75.45 82.70 0.0798
292.22 197.95 34.38 31.21 0.0795
722.05 13.62 45.22 44.19 0.0791
423.09 361.45 67.19 57.21 0.0775
293.20 65.35 31.70 35.02 0.0774
753.91 324.89 63.56 83.18 0.0766
651.83 324.72 82.63 88.38 0.0763
247.79 271.20 46.05 44.73 0.0758
752.38 1.87 40.95 29.46 0.0752
572.36 0.00 52.80 21.21 0.0742
221.76 252.31 35.60 33.73 0.0732
518.92 121.12 20.03 19.69 0.0731
224.75 129.25 30.79 37.33 0.0730
251.02 227.12 30.28 23.13 0.0729
216.75 349.04 34.21 36.40 0.0728
358.15 137.97 30.95 21.49 0.0726
437.98 109.45 25.75 24.93 0.0721
541.70 323.29 61.68 52.63 0.0720
180.66 112.37 35.06 48.39 0.0719
106.99 57.46 42.74 48.70 0.0713
413.65 105.51 28.60 24.45 0.0712
615.34 146.28 35.05 34.93 0.0712
410.47 15.05 25.06 19.46 0.0712
909.89 166.26 53.13 44.36 0.0712
658.99 164.61 73.00 69.55 0.0709
553.93 159.03 18.86 19.22 0.0707
620.02 352.10 56.85 61.28 0.0704
652.60 22.39 76.67 55.61 0.0703
991.61 294.32 26.09 34.84 0.0700
296.91 128.68 29.10 30.36 0.0699
229.09 148.78 32.08 30.69 0.0699
346.00 94.50 47.29 34.93 0.0697
997.99 381.93 22.21 25.07 0.0694
300.09 19.39 24.96 20.57 0.0694
476.94 0.00 32.00 16.27 0.0691
577.73 52.31 53.38 50.83 0.0689
175.99 172.30 44.62 48.64 0.0689
0.00 363.60 39.42 47.91 0.0688
543.95 218.96 29.60 24.14 0.0683
719.59 408.44 128.71 80.56 0.0683
523.90 227.29 27.43 20.12 0.0680
166.17 245.76 55.33 54.86 0.0674
291.84 166.40 32.21 35.67 0.0672
558.89 138.20 16.19 19.23 0.0671
164.42 330.29 73.08 57.64 0.0669
30.10 392.85 47.23 34.03 0.0667
550.28 49.47 41.57 47.23 0.0662
812.57 53.29 41.56 58.42 0.0661
915.12 132.60 33.66 33.70 0.0661
250.80 258.59 33.29 28.71 0.0655
409.55 158.37 22.50 23.30 0.0654
138.41 70.01 49.01 65.54 0.0651
