55_Sports_Coach_Trainer_sportcoaching_55_711
83
592.30 51.49 338.94 446.80 0.4297
570.72 64.59 164.44 270.44 0.4144
409.87 721.77 18.18 32.02 0.1719
925.17 890.96 16.83 42.62 0.1665
520.58 709.47 25.83 58.42 0.1306
448.45 726.90 16.81 31.49 0.1280
334.15 772.23 37.18 77.63 0.1203
195.99 472.62 178.21 324.35 0.1185
369.78 711.84 27.05 49.51 0.1146
89.49 379.85 301.84 480.07 0.1106
521.50 747.43 23.24 62.12 0.1100
671.69 11.09 174.06 161.39 0.1094
654.95 676.60 34.56 72.30 0.1080
852.67 892.31 20.10 49.65 0.1034
487.22 774.88 19.35 46.09 0.1012
516.87 674.03 26.38 63.15 0.0997
657.09 1111.04 52.16 84.73 0.0957
557.88 779.94 20.23 48.26 0.0953
367.91 772.63 28.81 58.21 0.0935
447.93 773.49 19.23 45.66 0.0930
592.37 672.97 21.31 45.58 0.0925
773.78 838.17 21.54 49.90 0.0910
812.76 888.81 22.47 52.27 0.0894
593.92 1108.41 22.21 39.33 0.0890
875.16 889.98 27.23 54.33 0.0878
362.20 666.52 34.65 63.78 0.0844
748.35 589.78 48.32 152.72 0.0837
322.40 688.15 58.00 110.39 0.0821
543.62 1107.68 35.16 50.17 0.0819
674.28 255.43 292.55 634.13 0.0805
722.25 0.00 224.44 298.96 0.0788
844.73 900.79 41.06 88.83 0.0777
850.77 910.25 118.54 365.14 0.0753
406.55 663.34 25.56 44.14 0.0753
809.08 1237.73 81.20 255.81 0.0750
666.67 688.50 62.31 90.37 0.0748
397.62 551.09 44.36 73.43 0.0748
616.57 1109.30 28.92 46.81 0.0747
266.10 429.31 115.21 239.77 0.0740
269.94 546.05 111.02 183.44 0.0734
364.97 513.88 75.31 120.82 0.0730
549.03 710.90 24.76 50.42 0.0729
334.62 804.55 37.08 83.19 0.0724
860.80 891.14 55.86 111.91 0.0714
287.71 374.81 83.30 192.89 0.0703
625.01 667.62 34.85 74.87 0.0701
386.58 0.00 281.12 485.21 0.0698
994.58 0.00 29.42 65.39 0.0695
673.70 722.80 52.23 95.20 0.0691
400.42 598.99 32.93 53.75 0.0680
210.22 130.65 376.16 523.51 0.0672
486.22 718.11 19.65 46.13 0.0671
621.33 755.64 38.65 74.26 0.0670
405.53 768.73 25.80 49.67 0.0662
810.82 925.82 26.23 56.68 0.0649
702.67 481.27 132.56 345.51 0.0645
587.01 1133.59 30.31 61.32 0.0630
694.42 830.25 29.84 68.07 0.0628
328.88 382.73 98.98 179.63 0.0618
550.11 675.65 25.68 53.24 0.0612
479.66 612.86 26.68 66.26 0.0608
595.46 1060.59 21.42 43.63 0.0599
731.43 890.07 26.59 60.30 0.0599
363.79 582.01 59.13 92.79 0.0597
155.35 644.42 156.02 231.03 0.0594
759.67 858.57 176.13 456.00 0.0587
591.93 0.00 163.96 136.07 0.0570
770.23 863.47 28.44 63.29 0.0570
726.23 639.36 41.27 107.97 0.0564
423.85 878.96 37.68 73.84 0.0563
908.17 888.43 37.95 99.19 0.0563
591.33 702.71 24.62 56.14 0.0560
854.58 0.00 111.14 229.28 0.0557
724.04 908.10 31.58 70.95 0.0553
358.72 813.17 34.15 69.68 0.0552
240.38 647.92 103.30 192.13 0.0551
485.14 657.39 23.77 47.31 0.0544
149.96 728.08 90.77 172.12 0.0530
438.96 601.88 32.80 67.91 0.0528
285.61 721.55 57.77 127.84 0.0528
440.34 817.32 27.13 66.62 0.0516
523.79 889.18 20.18 45.37 0.0516
517.73 1135.40 65.73 75.20 0.0513
