7_Cheering_Cheering_7_345
255
558.49 138.98 44.37 60.69 0.413038
612.44 212.39 51.29 80.90 0.399794
44.51 398.49 39.79 47.05 0.380765
747.65 382.58 42.10 54.67 0.377119
630.98 430.31 56.14 68.31 0.361574
282.28 405.64 27.99 39.26 0.347440
102.07 393.11 28.04 38.49 0.334179
420.32 320.52 55.99 68.92 0.316184
855.92 350.71 28.82 42.84 0.312641
463.86 120.90 40.09 65.65 0.303718
243.71 371.24 24.31 30.81 0.302465
333.53 362.64 28.00 38.79 0.298960
473.30 385.06 39.84 53.66 0.298950
427.02 166.28 41.92 56.55 0.293316
800.00 388.53 41.93 55.89 0.292006
193.44 398.48 26.69 37.07 0.285843
430.58 239.86 47.62 73.68 0.284763
98.71 372.31 28.45 41.62 0.278797
237.75 387.98 31.18 46.26 0.275435
463.83 354.71 49.78 62.13 0.275318
566.57 102.47 43.38 71.57 0.273528
476.06 112.40 29.80 45.72 0.273403
463.21 235.07 47.22 66.90 0.270669
600.51 403.05 63.65 65.48 0.268783
149.75 433.35 31.17 44.74 0.263309
639.26 301.40 44.32 79.07 0.262516
939.93 358.01 26.42 39.48 0.259241
4.27 391.54 31.36 43.19 0.258463
337.52 69.99 24.10 38.26 0.249058
455.86 322.33 46.47 58.70 0.245795
386.96 128.29 40.10 56.17 0.238558
504.51 244.79 45.47 64.17 0.234100
477.99 482.02 28.26 37.14 0.233200
420.72 190.65 46.80 74.13 0.225578
472.63 492.88 35.15 46.88 0.224210
934.56 394.05 29.95 42.58 0.220765
473.58 215.46 33.24 54.96 0.218395
5.08 364.91 25.22 34.59 0.217668
388.59 106.75 32.53 46.18 0.217165
240.60 91.99 37.65 55.93 0.215014
339.29 394.24 24.43 38.55 0.214456
553.92 354.17 35.37 52.06 0.212942
889.88 355.86 29.29 46.31 0.206727
152.94 404.02 24.49 35.21 0.206534
897.67 399.28 26.47 37.76 0.202948
452.38 266.96 60.28 94.29 0.201841
567.88 69.60 40.07 62.43 0.198228
146.43 457.28 38.67 46.67 0.195776
461.51 161.92 40.57 58.30 0.194530
1.71 433.95 29.84 41.30 0.190756
386.33 196.06 37.72 54.51 0.190256
246.50 432.52 24.94 28.89 0.190035
52.39 373.63 34.24 48.85 0.189715
343.04 47.81 21.89 24.07 0.187392
984.27 400.52 30.90 43.62 0.186756
243.27 478.96 26.50 34.08 0.186498
975.53 297.51 31.44 40.96 0.182728
848.24 383.64 36.56 51.58 0.182022
749.19 396.82 50.58 69.85 0.181676
942.12 334.01 26.81 41.41 0.180570
524.37 353.53 31.66 49.29 0.179775
613.77 298.33 54.06 84.57 0.179189
343.77 428.65 26.60 35.61 0.178161
431.87 391.95 24.87 34.91 0.177542
984.61 430.08 28.67 39.35 0.177184
428.02 108.16 28.54 41.21 0.177124
603.63 89.53 43.14 71.72 0.176762
375.31 393.57 30.38 41.45 0.176206
244.42 113.95 45.84 69.30 0.175187
263.75 114.64 50.80 68.04 0.175004
331.89 122.51 30.78 49.47 0.173987
431.93 67.95 27.43 44.69 0.173082
476.91 68.69 39.03 62.43 0.172943
332.48 97.02 30.84 49.57 0.168231
706.02 450.72 50.53 66.03 0.166925
384.70 356.71 31.60 47.57 0.162201
552.50 386.30 43.55 54.79 0.161896
510.34 418.56 40.36 46.85 0.161233
342.69 468.57 30.53 42.36 0.161016
834.95 430.63 37.10 39.07 0.158905
480.50 42.57 20.75 22.17 0.158068
102.19 422.60 27.33 40.12 0.156181
515.18 156.24 36.76 58.62 0.155899
195.01 424.76 25.14 36.03 0.154532
2.78 325.22 24.06 38.06 0.153956
936.01 421.68 26.71 38.45 0.153025
60.49 43.53 24.07 33.28 0.152225
104.62 470.60 25.16 36.76 0.151476
565.70 423.46 32.35 45.10 0.151051
988.37 366.17 25.35 35.12 0.150745
893.02 336.28 26.57 45.35 0.150695
243.52 500.07 23.65 35.61 0.150000
655.94 87.11 35.60 56.83 0.149665
154.12 367.59 19.19 27.06 0.149551
154.64 505.00 26.71 32.13 0.146442
515.13 504.77 32.12 39.24 0.144525
199.18 375.69 19.10 29.57 0.144521
702.32 435.14 41.55 51.36 0.141959
616.40 434.82 91.40 106.30 0.141255
383.95 332.12 49.85 60.88 0.141213
290.93 372.33 21.31 32.31 0.140524
516.20 58.07 36.78 62.15 0.139605
102.79 512.14 27.13 32.90 0.137598
895.73 425.51 27.30 37.31 0.135448
556.22 511.36 34.23 36.62 0.134219
525.04 327.03 35.69 46.43 0.132597
203.90 42.28 26.10 25.10 0.132439
509.39 389.99 39.47 50.65 0.131073
372.79 421.36 29.09 42.59 0.129581
832.93 466.47 43.36 51.17 0.129365
704.08 63.41 28.23 55.44 0.128998
841.06 496.61 54.30 58.58 0.125927
563.18 448.16 39.41 60.47 0.125003
521.99 86.65 32.74 63.22 0.124238
608.32 341.22 61.60 64.91 0.123695
385.80 75.08 33.96 52.52 0.123506
951.20 288.59 28.75 37.72 0.122146
520.74 45.02 20.19 22.87 0.121433
337.01 338.39 29.78 46.55 0.121078
0.00 455.26 30.66 44.32 0.120788
338.05 502.19 27.86 32.62 0.120088
279.08 75.96 36.33 50.08 0.114585
877.13 498.36 51.43 69.10 0.113632
976.99 454.68 37.92 54.24 0.113283
431.37 516.44 29.81 36.93 0.112914
513.71 475.61 33.74 36.46 0.112318
193.71 77.83 32.97 44.49 0.112110
386.95 45.45 16.07 19.22 0.110820
595.29 111.46 50.47 84.60 0.110551
932.98 472.23 47.03 71.94 0.110043
379.14 221.25 63.54 81.62 0.108739
615.83 42.99 25.94 28.73 0.108614
95.61 541.55 31.75 32.40 0.107701
196.04 474.28 22.63 30.74 0.106895
803.40 334.90 23.35 34.19 0.106800
295.13 472.31 22.57 30.33 0.106304
426.66 538.86 34.86 41.02 0.105990
546.45 686.86 52.21 76.29 0.104971
150.07 326.49 30.99 42.21 0.104670
84.58 105.14 62.16 77.42 0.103989
427.76 420.39 30.43 44.06 0.101848
436.76 48.12 16.64 21.28 0.100695
199.14 511.68 22.98 30.42 0.100164
372.27 501.72 26.65 34.68 0.099807
329.93 257.56 34.78 44.12 0.099309
40.13 90.55 49.87 78.61 0.098757
8.08 511.06 22.53 31.17 0.098694
797.10 434.23 47.99 72.93 0.097719
55.28 541.04 31.29 27.26 0.094974
801.36 496.45 54.64 65.16 0.092833
268.63 133.80 51.84 99.51 0.092043
712.69 49.33 20.39 30.21 0.091926
369.71 476.36 29.69 33.89 0.090805
685.06 85.38 54.75 76.20 0.090678
99.95 78.36 36.44 66.23 0.090366
678.98 120.82 61.25 91.28 0.090064
178.62 83.63 52.61 59.42 0.089278
663.27 44.59 18.13 23.65 0.088444
754.21 335.92 26.28 47.92 0.087878
335.82 272.06 33.50 48.19 0.087690
549.57 652.93 63.19 69.45 0.087311
144.80 78.75 31.71 46.16 0.084508
570.75 46.50 21.34 26.90 0.084484
239.99 332.30 23.87 33.21 0.083932
706.51 407.17 39.15 53.46 0.082772
615.28 669.66 107.94 88.09 0.082659
7.28 537.51 23.97 29.91 0.081814
971.16 507.70 39.65 54.93 0.081441
0.27 301.15 26.23 48.68 0.080928
55.54 516.00 24.80 27.33 0.080839
177.74 124.65 48.37 67.46 0.080767
637.43 115.82 61.81 107.94 0.080456
324.76 213.83 39.78 44.44 0.080277
738.79 61.92 35.17 86.67 0.080015
567.99 605.75 100.37 103.29 0.079922
896.03 38.34 31.60 32.49 0.079921
278.66 199.50 52.69 67.69 0.079198
193.87 544.53 25.17 26.94 0.078837
41.31 63.97 42.30 61.26 0.078211
197.17 317.66 28.18 38.89 0.077288
518.08 654.40 109.11 120.21 0.077126
645.45 572.19 347.94 224.81 0.076825
157.66 610.64 79.11 77.48 0.076617
559.59 270.47 45.10 80.39 0.076468
98.54 598.69 89.06 92.32 0.075793
57.10 472.26 27.22 28.47 0.075624
989.80 108.63 29.05 40.97 0.075566
505.15 604.55 60.69 58.53 0.075528
928.04 487.85 71.86 101.50 0.075259
722.29 473.89 55.91 77.92 0.074615
6.51 617.51 22.50 28.03 0.073853
91.08 579.80 39.62 43.82 0.073804
149.59 541.53 34.47 33.97 0.073738
711.76 353.20 38.49 45.77 0.073694
3.99 590.24 26.04 37.56 0.072229
464.55 527.56 42.04 45.59 0.071885
926.53 76.96 37.65 52.56 0.071272
7.94 34.53 31.31 54.26 0.069954
200.24 293.00 25.21 30.97 0.069304
563.91 249.51 37.58 58.48 0.069220
378.11 251.98 73.57 96.26 0.069054
949.21 262.53 36.62 54.60 0.068974
672.75 589.43 158.30 176.56 0.068748
330.68 543.14 31.92 31.28 0.068060
431.91 572.84 29.75 33.49 0.067291
618.62 175.97 67.88 101.33 0.067197
129.10 89.76 49.81 60.55 0.066747
828.31 499.40 92.12 96.46 0.066554
976.05 260.14 38.88 61.72 0.065758
296.59 48.49 16.67 19.32 0.064882
296.66 506.10 24.74 34.17 0.064396
473.74 10.48 29.28 35.80 0.063589
196.24 10.96 33.14 36.57 0.063543
525.48 726.61 50.28 61.07 0.062759
704.07 324.61 37.10 58.29 0.062592
554.10 536.67 34.71 32.22 0.062491
787.51 506.89 90.32 92.96 0.062373
128.90 112.98 65.04 86.36 0.062342
427.80 467.74 29.22 41.47 0.062284
985.19 140.02 33.72 50.99 0.062065
324.26 172.01 42.22 61.77 0.062002
243.14 42.67 17.66 21.11 0.061128
287.02 284.04 31.05 40.42 0.060047
99.08 40.54 23.49 24.49 0.059659
90.31 607.86 45.64 53.38 0.059054
290.63 330.12 22.50 32.78 0.058147
988.61 67.71 27.54 48.29 0.058134
194.61 254.96 36.57 49.14 0.057904
729.86 112.29 54.11 87.28 0.057703
462.57 573.11 39.77 37.07 0.057166
658.07 760.02 35.47 33.21 0.056648
510.01 540.96 41.04 36.26 0.056437
597.16 525.62 52.65 47.96 0.056228
130.23 574.47 57.10 53.93 0.056024
316.37 621.09 55.41 50.45 0.055644
248.44 549.73 29.93 27.95 0.055551
167.94 641.18 106.26 65.75 0.055333
176.17 576.38 47.48 47.11 0.055332
340.59 12.21 21.27 27.29 0.054202
753.10 46.18 20.98 27.41 0.054047
508.48 581.01 38.04 35.81 0.053890
229.03 287.07 32.46 38.39 0.053734
563.65 670.76 109.66 86.20 0.053523
565.31 585.39 180.22 172.00 0.053462
106.63 335.20 24.82 36.98 0.053186
890.08 69.52 44.21 75.44 0.053166
59.32 334.65 23.51 26.79 0.052232
203.31 606.51 91.13 91.74 0.051867
940.10 32.27 42.44 41.32 0.051705
796.40 587.59 183.69 137.68 0.051513
286.99 243.70 35.10 54.81 0.051305
599.52 756.22 43.02 35.85 0.050645
786.72 105.18 60.36 105.51 0.050560
563.75 190.94 41.19 70.16 0.050529
871.46 86.97 56.99 78.14 0.050010
