48_Parachutist_Paratrooper_Parachutist_Paratrooper_48_814
19
592.31 239.64 431.69 764.11 0.3138
598.10 160.49 425.90 380.66 0.1277
347.54 574.12 400.33 635.98 0.0846
177.91 730.12 158.00 583.79 0.0783
212.44 699.08 373.27 612.81 0.0755
111.77 725.34 146.45 593.40 0.0734
390.25 283.65 458.24 372.53 0.0646
9.88 851.43 50.82 510.57 0.0539
630.93 847.39 393.07 514.61 0.0422
0.12 0.77 67.10 141.64 0.0369
61.67 722.12 100.87 601.32 0.0364
625.17 7.22 398.83 133.01 0.0277
19.92 162.39 34.98 361.94 0.0251
19.93 73.19 34.75 258.81 0.0215
99.98 181.95 162.06 325.83 0.0214
249.40 163.68 448.11 385.62 0.0211
60.35 178.83 95.24 331.35 0.0209
434.82 836.59 373.16 525.41 0.0208
18.07 651.96 32.44 479.46 0.0203
