18_Concerts_Concerts_18_151
42
608.42 56.51 415.58 88.16 0.9574
589.85 140.09 434.15 196.21 0.9567
47.41 400.69 115.19 278.31 0.9529
574.41 234.03 449.59 284.97 0.9373
115.65 400.92 128.76 278.08 0.9276
616.11 406.28 407.89 272.72 0.9138
167.74 395.75 160.85 283.25 0.8948
12.13 421.60 45.35 257.40 0.8749
165.44 85.05 149.59 136.84 0.8096
214.69 410.95 367.58 268.05 0.8038
143.45 93.62 368.96 118.56 0.7946
18.43 89.32 51.28 134.38 0.7914
464.39 254.14 305.27 239.68 0.7847
380.82 403.30 332.43 275.70 0.7765
463.71 136.12 311.30 195.79 0.7452
30.34 60.48 39.53 108.58 0.7442
112.01 86.11 137.51 144.21 0.7370
529.97 182.91 335.02 229.67 0.6408
320.95 135.76 295.09 190.53 0.5778
305.49 261.64 337.15 240.47 0.5732
54.99 68.32 83.24 94.81 0.5625
153.61 267.07 352.59 241.18 0.5585
103.06 267.70 131.47 248.69 0.4478
464.48 67.32 290.53 85.52 0.4323
65.69 250.62 92.42 254.39 0.3871
27.75 252.44 46.28 250.82 0.3862
317.59 99.27 305.83 108.01 0.3736
385.21 188.44 332.77 222.14 0.3721
18.44 128.26 43.13 186.43 0.3699
16.69 63.13 35.44 103.74 0.3306
71.86 95.49 80.73 126.35 0.3065
625.26 24.08 398.74 51.96 0.1897
517.12 111.10 349.98 127.25 0.1760
173.52 129.53 149.31 182.98 0.1327
18.56 16.53 39.67 58.70 0.1258
126.84 133.63 114.45 191.68 0.1024
233.25 176.24 335.89 233.38 0.0877
99.10 9.68 153.95 71.91 0.0772
222.96 74.89 380.70 87.79 0.0548
63.77 22.37 74.51 54.85 0.0441
62.66 188.06 74.74 219.64 0.0435
542.07 24.84 295.52 44.22 0.0239
