37_Soccer_soccer_ball_37_114
23
167.79 176.11 404.63 209.97 1.0000
343.27 163.27 375.29 218.89 1.0000
533.25 142.19 390.97 178.48 0.9999
449.36 176.61 571.03 223.26 0.9998
186.60 231.95 402.45 312.98 0.9980
446.07 313.85 340.12 369.15 0.9969
155.51 215.74 231.79 255.33 0.9955
129.19 344.38 221.48 338.62 0.9912
224.20 357.96 319.03 325.04 0.9910
204.61 129.61 211.06 177.98 0.7788
369.69 235.10 654.31 313.73 0.3493
71.80 224.14 116.64 161.55 0.0910
590.10 150.68 140.22 106.68 0.0637
654.93 155.90 158.98 103.50 0.0503
813.40 140.46 145.25 107.03 0.0468
135.85 150.97 193.22 198.21 0.0344
278.05 341.45 141.14 118.25 0.0247
58.45 367.76 112.69 130.86 0.0246
516.04 143.84 144.77 106.59 0.0234
498.29 186.85 121.17 163.48 0.0232
96.68 184.51 85.31 124.19 0.0225
631.52 335.99 155.49 150.80 0.0221
732.52 123.89 291.48 207.09 0.0204
