24_Soldier_Firing_Soldier_Firing_24_254
200
50.55 363.79 80.24 46.58 0.1921
927.82 0.00 81.20 46.85 0.1921
50.63 316.33 80.16 46.55 0.1920
928.13 126.42 80.52 46.74 0.1919
928.13 158.06 80.52 46.74 0.1919
50.63 31.53 80.16 46.57 0.1918
891.66 47.35 80.23 46.55 0.1918
50.63 158.13 80.12 46.54 0.1918
50.59 205.58 80.16 46.56 0.1917
50.59 237.22 80.16 46.56 0.1917
928.11 47.35 80.50 46.69 0.1917
306.26 189.60 80.70 46.83 0.1917
342.83 205.42 80.70 46.83 0.1917
379.40 205.42 80.70 46.83 0.1917
928.14 78.96 80.51 46.73 0.1917
928.14 189.73 80.47 46.69 0.1916
818.05 0.00 81.13 46.83 0.1916
50.66 110.69 80.09 46.52 0.1916
269.73 189.60 80.56 46.82 0.1916
50.62 268.89 80.13 46.53 0.1916
708.28 0.00 81.22 46.86 0.1916
744.91 0.00 81.22 46.84 0.1916
781.48 0.00 81.22 46.84 0.1916
854.62 0.00 81.22 46.84 0.1916
415.97 221.22 80.62 46.85 0.1916
123.40 284.51 80.62 46.85 0.1916
233.16 189.60 80.65 46.83 0.1916
50.59 63.18 80.13 46.58 0.1916
891.67 78.98 80.12 46.55 0.1916
452.54 221.17 80.63 46.90 0.1915
196.54 78.78 80.73 46.91 0.1915
269.68 78.78 80.73 46.91 0.1915
123.40 94.60 80.73 46.91 0.1915
233.11 126.24 80.73 46.91 0.1915
269.68 126.24 80.73 46.91 0.1915
415.97 142.07 80.73 46.91 0.1915
233.11 157.89 80.73 46.91 0.1915
489.11 157.89 80.73 46.91 0.1915
159.97 268.64 80.73 46.91 0.1915
928.10 363.77 80.55 46.72 0.1915
379.33 142.07 80.79 46.90 0.1915
342.76 173.71 80.79 46.90 0.1915
891.68 205.56 80.10 46.53 0.1915
50.29 0.00 80.82 46.71 0.1915
671.67 0.00 81.22 46.85 0.1915
525.36 0.00 81.25 46.85 0.1915
233.04 62.96 80.81 46.95 0.1915
342.83 252.84 80.72 46.89 0.1914
196.54 268.66 80.72 46.89 0.1914
671.97 94.63 80.71 46.90 0.1914
525.62 142.09 80.78 46.88 0.1914
196.26 0.00 81.21 46.83 0.1914
233.15 221.26 80.58 46.81 0.1914
269.72 221.26 80.58 46.81 0.1914
306.30 221.26 80.58 46.81 0.1914
379.44 237.08 80.67 46.82 0.1914
562.24 47.15 80.74 46.90 0.1914
928.10 284.66 80.52 46.75 0.1914
306.02 0.00 81.15 46.83 0.1913
342.59 0.00 81.15 46.83 0.1913
379.16 0.00 81.15 46.83 0.1913
415.73 0.00 81.15 46.83 0.1913
196.54 189.58 80.62 46.85 0.1913
86.83 205.40 80.62 46.85 0.1913
525.69 221.23 80.62 46.85 0.1913
13.81 363.85 80.28 46.52 0.1913
232.83 0.00 81.19 46.84 0.1913
269.41 0.00 81.19 46.84 0.1913
86.83 94.65 80.71 46.85 0.1913
562.26 110.48 80.71 46.85 0.1913
562.26 142.12 80.71 46.85 0.1913
562.26 173.76 80.71 46.85 0.1913
123.40 189.58 80.71 46.85 0.1913
159.97 189.58 80.71 46.85 0.1913
598.83 205.40 80.71 46.85 0.1913
489.12 221.23 80.71 46.85 0.1913
562.26 221.23 80.71 46.85 0.1913
159.97 316.15 80.71 46.85 0.1913
452.26 0.00 81.21 46.84 0.1913
123.33 331.92 80.70 46.90 0.1913
488.79 0.00 81.25 46.85 0.1913
561.93 0.00 81.25 46.85 0.1913
159.97 94.60 80.73 46.91 0.1913
233.11 94.60 80.73 46.91 0.1913
379.40 110.42 80.73 46.91 0.1913
415.97 110.42 80.73 46.91 0.1913
489.11 110.42 80.73 46.91 0.1913
123.40 126.25 80.73 46.91 0.1913
306.25 126.25 80.73 46.91 0.1913
342.83 126.25 80.73 46.91 0.1913
452.54 126.25 80.73 46.91 0.1913
598.83 126.25 80.73 46.91 0.1913
159.97 142.07 80.73 46.91 0.1913
415.97 173.71 80.73 46.91 0.1913
452.54 173.71 80.73 46.91 0.1913
598.83 173.71 80.73 46.91 0.1913
525.68 189.53 80.73 46.91 0.1913
196.54 221.26 80.64 46.82 0.1913
233.11 252.90 80.64 46.82 0.1913
269.68 284.46 80.73 46.91 0.1913
196.54 300.28 80.73 46.90 0.1913
233.11 300.28 80.73 46.90 0.1913
196.54 331.92 80.73 46.91 0.1913
159.97 347.75 80.73 46.90 0.1913
342.76 94.60 80.79 46.90 0.1913
525.62 94.60 80.79 46.90 0.1913
196.47 126.25 80.79 46.90 0.1913
196.47 157.89 80.79 46.90 0.1913
86.76 237.00 80.79 46.90 0.1913
525.56 363.58 80.84 46.99 0.1913
562.13 363.58 80.84 46.99 0.1913
854.71 363.58 80.84 46.99 0.1913
928.15 221.35 80.44 46.71 0.1913
86.64 0.00 81.10 46.82 0.1912
123.21 0.00 81.10 46.82 0.1912
159.78 0.00 81.10 46.82 0.1912
86.82 62.96 80.74 46.95 0.1912
123.40 62.96 80.74 46.95 0.1912
306.25 62.96 80.74 46.95 0.1912
598.82 94.61 80.74 46.95 0.1912
635.40 126.25 80.74 46.95 0.1912
123.40 157.89 80.74 46.95 0.1912
269.68 157.89 80.74 46.95 0.1912
306.25 157.89 80.74 46.95 0.1912
635.40 157.89 80.74 46.95 0.1912
86.82 173.71 80.74 46.95 0.1912
489.11 189.53 80.74 46.95 0.1912
233.11 331.93 80.74 46.95 0.1912
928.11 332.10 80.49 46.73 0.1912
525.61 62.96 80.81 46.95 0.1912
562.18 78.78 80.81 46.95 0.1912
379.33 173.71 80.81 46.95 0.1912
306.18 284.46 80.81 46.95 0.1912
86.76 316.11 80.81 46.95 0.1912
269.61 316.11 80.81 46.95 0.1912
86.76 363.57 80.81 46.95 0.1912
123.33 363.57 80.81 46.95 0.1912
196.47 363.57 80.81 46.95 0.1912
123.45 221.23 80.65 46.84 0.1912
708.49 157.90 80.76 46.93 0.1912
635.40 94.60 80.72 46.97 0.1912
635.40 189.53 80.72 46.97 0.1912
745.10 205.39 80.73 46.90 0.1912
269.73 252.90 80.58 46.81 0.1911
928.10 253.00 80.51 46.78 0.1911
306.20 363.60 80.78 46.92 0.1911
489.04 363.58 80.78 46.98 0.1911
269.88 379.55 80.33 46.69 0.1911
708.47 205.35 80.77 46.93 0.1911
306.30 252.90 80.67 46.82 0.1911
598.50 0.00 81.27 46.85 0.1911
635.07 0.00 81.27 46.85 0.1911
891.31 0.00 80.91 46.75 0.1911
415.97 252.82 80.72 46.90 0.1911
891.55 268.78 80.35 46.66 0.1911
525.62 284.49 80.79 46.92 0.1911
562.19 284.49 80.79 46.92 0.1911
13.58 0.00 80.81 46.68 0.1911
891.64 173.89 80.16 46.58 0.1911
379.29 363.57 80.81 46.94 0.1911
598.72 363.57 80.81 46.94 0.1911
891.67 110.63 80.09 46.53 0.1911
123.41 252.87 80.71 46.85 0.1911
671.89 221.16 80.82 46.96 0.1911
598.75 268.62 80.82 46.96 0.1911
745.11 316.17 80.68 46.86 0.1911
891.51 363.71 80.40 46.68 0.1911
489.10 62.97 80.76 46.95 0.1910
598.82 62.97 80.76 46.95 0.1910
452.53 78.80 80.76 46.95 0.1910
306.24 94.62 80.76 46.95 0.1910
86.82 142.08 80.76 46.95 0.1910
818.24 142.08 80.76 46.95 0.1910
159.89 62.97 80.82 46.94 0.1910
781.61 142.08 80.82 46.94 0.1910
452.43 284.47 80.87 46.97 0.1910
489.00 284.47 80.87 46.97 0.1910
342.71 316.11 80.87 46.97 0.1910
233.30 379.53 80.31 46.70 0.1910
781.58 363.57 80.82 46.99 0.1910
818.15 363.57 80.82 46.99 0.1910
13.88 174.01 80.15 46.48 0.1910
818.24 300.30 80.69 46.91 0.1910
781.67 316.12 80.69 46.91 0.1910
306.13 331.91 80.87 46.98 0.1910
818.24 331.94 80.69 46.91 0.1910
379.40 78.81 80.74 46.92 0.1910
415.97 78.81 80.74 46.92 0.1910
635.35 300.34 80.73 46.88 0.1910
671.92 300.34 80.73 46.88 0.1910
708.49 300.34 80.73 46.88 0.1910
415.92 316.16 80.73 46.88 0.1910
452.49 316.16 80.73 46.88 0.1910
635.40 221.17 80.71 46.96 0.1910
598.76 237.00 80.78 46.95 0.1910
891.60 237.14 80.29 46.65 0.1910
489.05 252.82 80.78 46.95 0.1910
891.60 300.43 80.29 46.65 0.1910
891.60 332.07 80.29 46.65 0.1910
745.06 252.82 80.75 46.93 0.1910
