0_Parade_marchingband_1_768
200
221.19 181.17 31.61 36.24 0.5199
283.51 212.68 32.21 34.64 0.4371
668.08 543.17 13.58 12.65 0.2555
633.14 540.80 12.10 12.49 0.2179
488.20 517.82 10.25 12.46 0.2167
779.98 541.81 11.49 13.62 0.2150
670.50 469.58 9.60 11.19 0.2139
815.50 613.20 40.64 43.80 0.2130
598.81 515.38 10.15 13.37 0.2077
855.30 519.48 9.56 10.54 0.1961
743.72 542.51 13.02 14.69 0.1944
707.69 493.01 9.69 11.84 0.1942
489.38 472.62 7.66 9.67 0.1839
671.72 518.31 8.99 10.07 0.1832
597.35 543.16 12.76 13.19 0.1818
889.18 541.32 13.14 14.21 0.1786
453.05 493.18 9.36 11.07 0.1779
634.87 519.80 9.36 9.84 0.1775
453.15 472.15 9.62 11.41 0.1774
705.72 539.31 12.67 15.10 0.1773
562.99 471.80 9.94 11.02 0.1769
671.24 495.21 10.08 11.08 0.1761
413.83 469.45 11.34 13.85 0.1756
562.45 517.70 10.34 12.34 0.1741
523.41 542.05 10.65 12.68 0.1726
665.78 564.98 16.39 16.69 0.1726
745.57 469.95 8.19 9.99 0.1715
488.88 494.25 9.43 11.19 0.1649
525.65 518.80 8.82 11.12 0.1637
560.82 540.36 12.10 14.73 0.1620
525.77 494.25 8.73 10.45 0.1609
599.11 470.83 8.84 10.77 0.1577
962.99 519.69 12.34 12.04 0.1559
597.39 562.90 14.17 17.47 0.1551
83.95 561.28 16.00 19.11 0.1550
708.35 470.31 8.73 10.52 0.1546
635.75 469.19 9.06 11.41 0.1542
526.36 471.86 7.86 9.89 0.1537
562.84 492.18 10.13 12.59 0.1527
452.50 515.91 10.35 13.27 0.1523
819.15 445.66 7.76 9.04 0.1508
707.74 519.46 9.98 10.67 0.1489
635.71 495.39 9.09 10.98 0.1487
818.23 539.04 12.59 14.93 0.1487
623.86 583.42 28.30 26.37 0.1480
612.94 633.52 42.62 39.06 0.1471
818.76 520.66 9.76 10.12 0.1466
629.14 567.36 17.96 19.34 0.1458
854.09 540.22 12.53 14.55 0.1427
598.53 494.97 10.72 12.72 0.1407
488.91 541.40 11.59 13.16 0.1405
927.87 517.50 10.88 11.39 0.1390
414.35 517.35 12.22 13.04 0.1369
782.77 470.01 6.97 9.76 0.1366
928.77 470.99 10.07 10.21 0.1355
744.87 494.97 9.23 10.29 0.1353
962.30 540.31 16.04 16.21 0.1344
519.74 563.60 13.93 16.31 0.1340
661.04 587.82 22.32 22.38 0.1323
221.91 193.13 37.65 49.55 0.1309
744.71 519.40 9.59 10.08 0.1309
782.68 496.05 7.53 8.70 0.1305
855.29 469.84 8.80 10.50 0.1303
776.54 563.41 18.11 20.08 0.1302
408.33 630.02 30.08 33.22 0.1294
376.57 635.70 25.78 26.74 0.1292
892.22 445.45 8.01 9.19 0.1285
121.31 541.70 15.95 16.61 0.1279
47.15 565.43 14.31 15.66 0.1267
85.98 518.34 11.50 13.04 0.1266
9.73 563.55 15.57 19.51 0.1262
818.32 470.24 8.70 9.80 0.1254
489.42 564.68 14.49 15.82 0.1252
887.00 564.52 18.47 18.59 0.1249
371.62 237.32 25.42 29.80 0.1246
47.86 519.75 12.00 14.72 0.1246
372.13 466.20 19.67 21.32 0.1245
891.30 519.54 10.03 10.78 0.1240
588.75 650.59 54.18 32.41 0.1234
48.80 539.17 11.91 14.91 0.1228
744.84 447.26 9.08 9.79 0.1220
414.51 491.13 10.99 13.82 0.1202
964.69 470.81 9.96 10.36 0.1200
451.67 542.59 11.90 13.83 0.1199
85.63 541.58 12.74 13.98 0.1195
671.02 445.72 8.90 10.56 0.1184
891.53 470.62 9.74 10.62 0.1175
10.34 539.65 14.39 18.45 0.1173
781.14 520.04 9.02 9.85 0.1168
855.96 446.25 7.48 8.52 0.1156
743.80 563.20 17.54 19.46 0.1156
891.52 423.31 9.40 10.95 0.1144
562.82 444.72 10.05 11.41 0.1144
891.85 495.17 9.83 9.70 0.1135
593.93 605.23 35.15 29.71 0.1134
962.43 562.41 17.61 17.83 0.1127
558.17 565.76 13.68 17.07 0.1127
412.30 540.43 13.97 14.26 0.1126
782.43 446.76 7.49 8.48 0.1126
522.63 611.16 17.06 22.44 0.1116
964.55 494.38 10.36 10.81 0.1114
926.59 543.97 13.30 12.59 0.1111
120.67 558.04 18.27 24.58 0.1091
964.13 444.34 10.55 11.56 0.1083
708.13 447.17 9.75 10.93 0.1077
595.22 587.32 21.59 24.72 0.1075
488.20 589.15 13.84 17.07 0.1063
841.50 587.06 31.74 28.79 0.1060
226.80 253.78 37.27 42.46 0.1058
334.76 437.15 37.85 31.92 0.1057
556.57 584.16 15.62 20.76 0.1053
632.97 417.80 15.89 16.09 0.1053
663.43 604.08 23.09 26.17 0.1037
356.62 440.65 37.92 31.32 0.1035
338.20 464.42 28.04 30.20 0.1035
449.57 562.63 14.22 17.12 0.1031
10.57 517.72 13.86 20.11 0.1026
928.66 495.76 10.19 9.71 0.1015
485.72 630.45 22.76 29.12 0.1013
928.48 445.95 9.81 10.01 0.1006
405.64 610.13 25.88 36.36 0.1002
705.54 566.54 15.10 16.92 0.0994
815.53 564.70 20.57 20.67 0.0988
848.25 563.43 21.49 23.00 0.0983
906.06 644.61 37.28 33.28 0.0977
375.10 610.85 28.38 37.29 0.0976
371.03 219.60 29.33 34.77 0.0972
589.94 633.16 49.33 36.28 0.0970
855.04 496.44 8.60 9.50 0.0970
435.85 626.28 36.19 41.17 0.0965
634.89 443.93 10.58 12.35 0.0960
520.81 587.79 15.34 18.92 0.0960
478.79 77.30 128.96 191.75 0.0951
263.43 235.72 33.43 42.59 0.0943
121.99 519.10 12.64 14.72 0.0943
665.57 638.11 34.56 32.38 0.0938
411.37 445.22 13.73 16.19 0.0938
377.12 515.51 12.13 14.64 0.0935
962.33 419.18 14.08 14.53 0.0934
819.10 495.67 8.12 8.84 0.0926
446.64 77.97 81.18 170.58 0.0926
812.99 590.07 35.78 33.97 0.0926
927.41 420.70 12.48 13.09 0.0912
486.45 608.59 16.39 26.13 0.0902
192.76 227.94 30.51 49.29 0.0900
407.14 652.78 33.26 30.22 0.0884
322.77 411.74 44.19 43.83 0.0879
599.21 443.46 9.50 12.23 0.0878
555.70 655.46 38.11 27.54 0.0861
257.70 173.51 32.50 38.44 0.0853
995.61 560.38 20.35 29.82 0.0851
516.98 634.82 21.93 25.11 0.0846
926.43 565.23 15.68 16.42 0.0840
189.98 465.63 16.43 19.33 0.0819
994.85 392.94 18.05 20.93 0.0817
999.14 468.37 15.91 16.11 0.0812
433.11 648.07 41.31 34.93 0.0801
157.85 539.62 16.10 21.01 0.0796
707.83 609.06 27.68 27.98 0.0795
998.47 517.28 16.43 18.43 0.0790
596.38 421.59 13.33 14.12 0.0781
526.49 446.66 8.00 9.85 0.0779
85.07 493.27 11.80 11.68 0.0775
669.00 419.84 11.56 15.26 0.0771
818.44 424.03 10.01 13.35 0.0766
617.74 608.00 37.08 31.15 0.0766
997.51 540.48 18.14 22.22 0.0766
340.64 482.91 18.85 23.11 0.0764
337.34 261.07 27.08 31.20 0.0761
376.24 489.17 14.99 17.93 0.0754
443.04 601.49 29.85 42.78 0.0753
997.53 440.32 17.16 18.01 0.0747
193.94 534.87 17.09 23.91 0.0747
377.89 537.46 15.10 18.20 0.0746
774.90 584.23 23.55 26.04 0.0741
554.90 609.32 18.51 22.31 0.0738
998.09 491.91 16.29 16.96 0.0736
333.78 242.43 26.76 32.96 0.0729
489.34 447.10 7.43 9.85 0.0729
155.98 553.18 23.73 37.13 0.0722
81.22 469.80 18.55 17.77 0.0708
8.01 581.64 18.96 29.43 0.0706
286.99 172.78 38.77 48.60 0.0704
195.79 189.83 41.16 44.98 0.0702
79.43 582.16 25.67 32.58 0.0701
63.06 603.99 43.65 55.63 0.0695
412.83 417.49 16.01 20.05 0.0694
366.74 193.28 41.91 44.60 0.0679
195.31 515.50 16.09 21.85 0.0674
43.36 586.47 20.50 21.85 0.0672
960.99 396.60 21.11 22.87 0.0663
877.31 611.96 32.31 30.70 0.0660
820.37 628.10 52.26 49.50 0.0658
374.58 653.74 36.36 29.26 0.0649
760.79 647.49 49.24 34.41 0.0647
855.16 423.85 9.85 12.16 0.0639
429.87 8.98 93.92 148.86 0.0637
707.68 586.19 20.79 21.61 0.0636
410.59 563.83 18.60 19.82 0.0626
374.46 581.33 32.98 42.25 0.0621
