0_Parade_Parade_0_688
182
436.43 546.36 56.93 75.96 0.3795
265.96 526.01 36.22 29.19 0.3632
296.65 128.38 166.43 124.54 0.3332
199.76 542.29 68.75 72.10 0.3053
284.21 524.31 41.24 30.17 0.2960
852.19 529.92 21.29 24.44 0.2404
943.45 580.78 42.49 41.27 0.2391
438.37 468.33 27.02 26.38 0.2333
848.85 546.69 26.60 28.09 0.2238
996.28 668.83 27.72 40.98 0.2230
316.16 521.97 44.68 30.86 0.2221
517.41 565.77 43.31 57.32 0.2086
809.87 528.15 19.69 18.66 0.2084
405.27 563.82 33.88 47.76 0.1998
619.23 575.70 30.90 35.98 0.1955
212.57 526.81 46.15 41.02 0.1954
284.03 60.18 257.69 223.81 0.1948
882.11 527.46 23.82 24.52 0.1948
880.89 545.96 29.27 27.47 0.1919
437.00 508.09 39.99 43.17 0.1907
370.81 490.77 25.40 31.76 0.1782
413.05 333.51 17.84 18.70 0.1756
586.61 521.00 25.48 30.19 0.1751
441.75 490.86 29.18 35.06 0.1738
404.50 436.75 30.52 27.38 0.1706
472.12 508.13 36.56 41.93 0.1678
920.70 526.88 22.53 23.26 0.1661
483.51 300.85 21.91 25.74 0.1657
317.14 570.74 46.63 44.70 0.1638
960.73 528.10 21.46 25.40 0.1630
705.92 540.75 31.74 44.01 0.1618
443.87 382.19 23.84 25.77 0.1590
331.03 496.86 29.63 27.63 0.1586
726.14 482.25 29.86 33.98 0.1586
477.35 499.69 26.71 32.63 0.1582
405.02 490.93 39.22 48.83 0.1545
284.15 559.90 61.70 58.13 0.1500
920.46 579.73 38.98 40.24 0.1499
371.73 511.96 28.40 33.37 0.1495
440.65 441.09 29.91 37.46 0.1465
653.58 628.13 29.81 35.21 0.1461
374.00 331.29 19.13 22.89 0.1431
728.99 519.94 35.24 43.42 0.1408
544.98 548.13 33.83 41.22 0.1405
374.96 387.19 19.78 22.67 0.1374
993.48 526.34 25.19 25.00 0.1374
308.12 544.03 58.01 41.37 0.1368
735.34 538.04 30.20 40.13 0.1366
587.32 549.03 26.93 28.64 0.1334
956.05 547.45 29.97 27.22 0.1298
412.11 303.28 23.13 25.69 0.1295
775.30 527.69 20.78 27.06 0.1289
979.49 703.14 40.46 52.07 0.1273
910.26 547.06 31.50 24.79 0.1268
879.45 567.92 32.03 29.79 0.1265
2.78 552.33 25.52 32.41 0.1259
521.46 498.00 32.13 35.25 0.1254
541.06 578.14 44.73 52.78 0.1252
990.76 596.97 26.82 30.21 0.1250
409.59 583.96 33.08 45.95 0.1230
447.18 331.56 19.76 24.44 0.1223
400.37 383.79 28.12 25.84 0.1215
774.72 539.12 20.20 29.74 0.1206
279.59 586.66 58.04 49.83 0.1205
846.32 562.00 30.50 33.63 0.1199
371.32 413.57 23.50 24.31 0.1180
367.86 471.31 27.21 38.55 0.1173
650.40 525.27 35.54 47.82 0.1171
338.63 386.45 27.08 33.19 0.1131
470.22 434.71 41.84 42.88 0.1127
835.33 721.15 46.61 44.67 0.1104
407.45 463.65 39.89 41.04 0.1101
703.28 521.86 37.47 45.57 0.1098
840.27 603.66 29.80 26.44 0.1098
403.65 412.09 30.58 32.72 0.1097
436.41 410.02 35.54 38.30 0.1091
340.35 412.66 25.14 25.34 0.1087
963.80 717.90 47.35 50.10 0.1085
588.77 574.38 34.54 39.06 0.1084
375.58 356.54 17.17 23.66 0.1075
619.45 519.08 33.94 39.05 0.1064
410.37 360.41 20.28 21.80 0.1057
215.18 558.62 81.67 75.48 0.1056
582.43 592.24 40.41 42.12 0.1053
807.39 542.97 24.35 27.22 0.1053
448.25 358.82 20.66 25.02 0.1051
7.11 522.63 31.98 32.83 0.1044
760.69 217.03 47.38 43.15 0.1040
338.23 471.57 24.70 26.40 0.1033
367.95 544.71 35.64 39.64 0.1012
113.82 520.59 40.40 39.98 0.1011
596.63 629.16 52.15 62.79 0.1011
335.98 431.99 23.51 27.84 0.1009
738.17 193.98 49.35 48.52 0.1005
701.58 480.43 41.35 40.37 0.1004
370.06 299.57 28.78 32.59 0.1002
809.86 576.61 26.26 25.81 0.0999
666.76 458.88 31.06 34.88 0.0969
137.06 517.83 43.53 46.52 0.0967
132.20 565.25 56.70 52.86 0.0953
512.71 368.29 45.61 45.54 0.0943
989.85 577.00 30.09 38.74 0.0930
479.75 460.87 33.45 35.45 0.0906
509.14 462.45 31.90 33.14 0.0878
369.85 584.75 31.59 44.24 0.0870
472.69 348.75 31.70 35.23 0.0857
618.62 553.04 32.30 46.30 0.0852
289.16 501.74 36.77 39.21 0.0848
786.50 220.83 50.22 53.75 0.0846
445.33 304.46 22.81 25.18 0.0842
367.15 431.23 32.09 34.83 0.0842
993.21 543.54 30.77 30.78 0.0842
540.14 508.32 36.66 45.86 0.0825
735.82 554.46 29.49 42.53 0.0818
661.33 480.41 38.29 39.30 0.0817
43.80 552.89 23.86 23.05 0.0797
141.80 589.62 43.66 38.86 0.0794
589.14 492.60 25.04 34.63 0.0781
498.42 399.94 51.39 50.74 0.0774
627.13 493.88 31.76 34.20 0.0774
657.35 609.68 28.62 43.01 0.0771
502.73 435.40 40.56 46.76 0.0754
942.01 616.67 45.22 46.65 0.0753
470.25 267.03 43.53 50.17 0.0739
474.82 327.47 28.67 34.22 0.0735
80.08 525.42 37.33 38.95 0.0720
839.32 648.54 35.22 34.17 0.0718
947.46 645.58 39.15 45.42 0.0713
813.03 600.81 28.24 28.15 0.0712
148.79 498.11 26.59 32.45 0.0696
786.12 263.45 55.01 80.38 0.0694
722.19 735.37 53.69 32.21 0.0684
878.97 593.49 32.72 33.18 0.0677
994.37 630.59 29.63 39.26 0.0676
467.88 405.48 55.25 51.85 0.0668
700.60 692.15 64.54 42.99 0.0667
660.82 572.49 29.89 30.91 0.0665
789.99 307.41 64.81 89.01 0.0664
554.46 261.29 38.82 41.13 0.0664
925.71 501.44 16.33 19.18 0.0663
648.91 734.85 46.85 33.15 0.0663
3.83 722.58 44.35 45.42 0.0656
538.94 351.32 42.61 41.91 0.0654
335.64 324.77 26.38 35.98 0.0651
327.10 282.81 37.51 49.35 0.0649
42.76 577.33 25.33 24.16 0.0639
825.16 683.34 46.86 44.10 0.0634
106.38 565.04 59.02 52.05 0.0632
813.54 689.24 32.95 37.68 0.0631
917.95 620.32 39.80 44.15 0.0621
703.70 215.29 49.34 39.05 0.0616
38.41 595.71 34.52 28.62 0.0613
682.24 734.36 69.53 33.64 0.0608
746.30 738.07 56.56 29.93 0.0607
410.78 618.63 30.28 34.99 0.0606
80.65 567.85 36.56 36.46 0.0605
960.52 498.91 16.81 17.66 0.0598
804.86 726.94 61.13 39.80 0.0595
886.82 502.44 18.06 19.77 0.0579
338.70 356.45 26.60 34.58 0.0578
921.50 642.50 32.98 43.35 0.0576
590.73 463.92 27.71 43.51 0.0575
182.99 275.69 34.44 40.61 0.0573
665.25 224.51 26.99 36.96 0.0571
840.59 630.46 34.94 34.00 0.0566
4.88 491.15 36.01 34.17 0.0564
700.91 661.54 56.56 55.94 0.0556
222.21 490.18 42.40 48.09 0.0556
466.36 369.66 48.59 44.50 0.0554
216.40 268.26 52.06 52.66 0.0549
516.43 294.37 31.37 36.51 0.0543
700.72 367.43 51.87 52.79 0.0536
882.71 659.40 21.78 26.90 0.0533
293.39 468.32 33.26 30.04 0.0533
150.51 623.62 37.59 39.17 0.0530
611.99 725.02 54.43 42.98 0.0528
40.12 525.01 30.75 31.28 0.0517
272.43 0.00 446.87 329.54 0.0516
656.92 657.87 43.82 56.33 0.0509
506.74 342.57 48.00 54.14 0.0502
113.01 499.12 32.47 35.66 0.0502
660.34 718.73 32.66 30.86 0.0501
