0_Parade_Parade_0_353
200
599.40 246.31 54.31 61.54 0.4290
194.39 298.29 20.08 22.71 0.3632
331.68 298.44 34.27 37.04 0.3611
488.79 244.65 30.56 31.30 0.3573
886.52 247.11 17.89 18.69 0.3255
82.26 313.53 19.81 23.66 0.3237
779.82 269.50 14.74 18.09 0.3157
843.61 265.24 20.08 21.45 0.3154
36.18 335.60 24.86 24.98 0.3100
698.92 249.37 19.52 20.09 0.2968
150.59 298.81 20.05 20.51 0.2841
145.16 389.19 34.70 37.53 0.2763
264.48 291.97 18.91 21.80 0.2747
230.10 298.38 18.26 22.81 0.2689
668.30 269.61 19.48 28.09 0.2582
141.30 312.93 30.08 32.73 0.2417
742.98 249.79 13.42 16.30 0.2400
854.00 127.31 25.53 22.80 0.2282
396.45 260.49 27.99 27.99 0.2256
924.23 245.23 21.70 25.65 0.2248
445.32 267.35 30.95 30.39 0.2103
189.79 306.88 23.62 30.37 0.2070
445.12 312.91 37.59 36.46 0.2057
817.93 273.37 16.32 17.01 0.2007
121.14 340.45 31.28 32.07 0.1988
739.01 273.42 15.55 17.75 0.1979
119.19 353.07 36.33 34.25 0.1932
848.31 252.50 17.17 20.60 0.1899
815.77 250.13 14.55 14.69 0.1895
121.54 296.24 18.47 18.36 0.1856
121.42 319.32 31.42 28.86 0.1834
959.61 244.81 19.95 23.23 0.1817
503.71 240.76 33.77 35.27 0.1782
705.21 265.52 17.32 24.72 0.1717
298.52 273.12 23.10 25.08 0.1715
223.53 306.86 25.12 28.09 0.1689
296.12 290.17 25.25 26.35 0.1671
143.43 366.49 35.05 35.94 0.1640
262.24 321.32 23.49 22.81 0.1638
741.78 334.26 20.56 29.00 0.1622
443.04 293.94 37.63 38.46 0.1613
263.42 272.65 19.45 23.59 0.1606
777.65 252.66 15.89 19.65 0.1605
141.49 329.39 32.83 42.05 0.1603
741.26 292.01 15.83 21.67 0.1601
82.15 301.75 17.46 25.61 0.1571
181.54 338.66 28.33 34.93 0.1569
886.13 267.01 23.01 22.69 0.1560
738.87 321.00 20.40 29.07 0.1560
8.95 320.28 20.75 23.88 0.1557
300.63 316.09 31.86 31.23 0.1557
363.53 310.58 28.47 28.35 0.1544
668.20 248.42 27.37 32.10 0.1517
817.10 299.09 16.39 20.25 0.1506
994.33 262.88 21.97 32.40 0.1481
269.07 79.48 50.84 41.59 0.1445
539.33 235.31 42.76 47.19 0.1379
953.54 266.36 24.99 26.21 0.1371
703.98 294.97 16.05 20.53 0.1346
79.94 338.11 24.62 26.59 0.1344
105.63 387.51 42.10 55.42 0.1331
9.40 340.46 19.22 23.68 0.1326
367.44 35.30 45.98 41.08 0.1315
373.82 296.81 20.06 23.32 0.1314
816.74 307.96 18.32 28.07 0.1309
659.92 275.65 27.81 39.88 0.1308
590.33 226.68 51.82 58.85 0.1294
259.86 336.09 29.28 30.12 0.1287
242.53 82.07 63.02 50.08 0.1286
853.45 224.94 15.51 16.59 0.1265
992.69 243.13 21.05 28.54 0.1248
725.53 145.69 47.97 27.28 0.1234
230.62 276.12 16.84 21.03 0.1228
554.49 260.46 40.77 49.46 0.1224
921.16 289.19 24.17 32.57 0.1219
379.23 249.24 24.33 25.29 0.1199
155.93 271.00 15.74 20.26 0.1197
882.04 123.00 24.36 26.23 0.1189
337.39 247.63 19.69 25.80 0.1184
886.66 292.13 27.31 33.34 0.1182
482.82 17.80 33.64 37.34 0.1181
433.08 241.45 36.02 37.35 0.1168
407.01 289.71 26.99 28.32 0.1160
333.15 271.02 24.27 24.09 0.1142
411.29 312.06 38.64 35.38 0.1138
298.32 338.20 28.68 26.62 0.1126
920.57 115.91 24.75 30.30 0.1117
804.03 146.06 28.69 22.76 0.1117
512.53 226.37 27.44 37.24 0.1114
922.57 267.26 25.76 28.33 0.1109
249.35 383.78 37.56 43.65 0.1106
41.31 363.45 29.41 30.54 0.1099
884.50 202.24 21.45 22.76 0.1088
558.71 282.65 34.41 39.67 0.1088
380.24 268.48 27.62 25.15 0.1061
73.97 390.39 39.96 47.27 0.1061
886.99 343.02 21.53 28.96 0.1058
850.72 133.35 29.94 31.08 0.1054
42.06 388.27 28.12 30.25 0.1048
72.19 359.25 35.26 31.24 0.1031
332.12 66.22 38.24 36.83 0.1009
840.92 288.35 25.23 28.70 0.0996
214.73 336.96 35.82 42.41 0.0987
363.70 1.05 53.46 47.53 0.0984
775.55 225.21 18.54 20.03 0.0977
959.38 225.08 17.84 22.51 0.0976
777.02 290.23 17.66 21.48 0.0973
664.24 198.21 27.24 29.23 0.0970
78.97 406.02 43.24 55.49 0.0967
8.24 393.51 24.51 29.97 0.0959
884.44 226.16 18.59 21.27 0.0957
258.73 243.38 22.72 28.13 0.0954
389.11 1.15 58.82 52.10 0.0947
253.28 361.40 35.15 46.66 0.0942
410.22 225.99 24.24 27.01 0.0938
807.33 127.88 27.75 23.62 0.0929
133.85 395.93 49.28 76.27 0.0924
359.38 51.84 45.93 46.23 0.0923
921.15 223.61 20.26 23.62 0.0909
385.78 25.30 64.15 55.01 0.0908
402.41 50.03 59.08 50.00 0.0892
7.93 407.13 28.00 37.41 0.0882
173.90 353.04 35.89 39.91 0.0878
698.62 312.51 23.25 32.63 0.0871
947.80 272.79 34.50 44.76 0.0858
887.73 309.27 28.94 36.91 0.0855
949.37 112.97 27.45 31.48 0.0854
458.51 290.35 43.87 43.61 0.0842
769.24 143.21 34.22 23.53 0.0838
953.62 197.43 22.19 24.16 0.0837
993.54 273.61 26.70 45.88 0.0833
664.17 212.17 29.69 33.56 0.0817
994.43 353.88 29.57 65.87 0.0804
491.37 0.64 50.28 41.13 0.0789
8.06 366.21 20.62 26.78 0.0778
298.80 243.60 23.80 31.40 0.0775
700.13 223.61 22.62 24.09 0.0772
333.18 19.32 37.30 39.89 0.0761
117.76 273.95 19.51 18.93 0.0761
228.79 388.40 38.67 52.89 0.0758
34.25 407.99 40.03 53.79 0.0753
916.99 305.41 25.91 35.04 0.0746
469.86 33.53 40.34 41.71 0.0745
333.05 1.41 29.26 26.20 0.0745
741.93 226.87 15.34 18.51 0.0739
506.91 281.36 43.80 45.79 0.0739
333.80 40.27 42.42 43.00 0.0726
557.86 304.79 29.12 34.46 0.0726
915.67 340.52 25.20 31.00 0.0725
836.77 306.94 33.79 38.42 0.0721
583.17 285.56 47.63 58.10 0.0707
0.51 478.96 30.28 46.99 0.0703
406.55 329.13 40.21 38.62 0.0700
256.57 98.63 61.34 52.69 0.0700
811.82 224.49 16.46 17.57 0.0682
880.48 146.13 30.88 25.86 0.0671
305.83 478.47 74.61 129.58 0.0669
271.85 373.10 64.29 89.79 0.0667
812.20 201.18 21.10 21.51 0.0661
45.84 295.02 20.36 23.36 0.0659
514.58 431.04 34.94 44.95 0.0650
194.34 276.33 19.67 26.13 0.0649
327.08 76.17 51.25 43.20 0.0641
844.12 336.72 30.68 37.15 0.0638
848.50 202.32 23.20 24.76 0.0637
260.17 221.57 25.53 30.37 0.0632
6.42 1.08 25.13 25.45 0.0631
763.54 125.92 43.74 30.16 0.0630
218.42 350.20 40.15 55.56 0.0628
511.37 337.08 34.65 32.51 0.0627
4.32 415.18 43.99 57.91 0.0624
489.31 14.39 47.59 49.65 0.0618
85.73 268.97 16.52 22.18 0.0618
520.06 364.51 74.12 106.03 0.0615
245.91 25.40 40.67 38.77 0.0615
911.53 139.11 35.03 37.66 0.0612
328.28 302.74 46.04 59.24 0.0609
507.74 317.45 40.84 37.33 0.0609
21.80 462.81 46.92 62.00 0.0598
435.19 222.61 31.39 30.28 0.0595
482.50 448.13 39.33 65.78 0.0592
245.00 395.49 54.90 82.59 0.0581
429.90 60.63 56.06 39.17 0.0578
299.83 0.00 32.53 27.05 0.0578
920.01 196.12 22.13 29.21 0.0575
5.00 295.11 24.24 30.07 0.0574
334.45 223.97 20.85 31.15 0.0573
174.62 371.68 41.23 54.02 0.0573
295.36 357.43 34.39 45.19 0.0564
419.47 42.76 62.62 43.84 0.0564
297.02 19.01 31.97 36.11 0.0560
733.31 362.51 29.18 41.41 0.0558
835.00 380.25 38.15 58.50 0.0558
168.20 386.73 48.34 72.21 0.0555
582.45 324.85 39.85 48.31 0.0553
507.40 339.93 45.08 57.86 0.0551
992.14 221.30 25.26 35.35 0.0548
692.62 324.83 33.93 52.85 0.0542
459.63 318.52 44.88 48.98 0.0535
222.59 93.90 75.08 78.66 0.0533
