0_Parade_marchingband_1_552
122
963.58 394.49 20.42 19.41 0.3333
301.77 397.01 38.76 58.48 0.3045
410.85 371.51 19.83 27.72 0.2951
523.88 370.71 20.48 21.19 0.2796
843.60 395.05 26.88 26.66 0.2435
342.32 369.83 20.82 27.59 0.2419
607.15 361.13 38.66 46.80 0.2140
450.31 369.97 16.49 21.41 0.1979
482.31 368.59 18.27 15.98 0.1973
42.60 356.27 19.45 25.65 0.1966
687.13 363.10 51.57 54.62 0.1842
332.23 375.72 26.15 42.64 0.1787
844.32 432.07 44.29 40.32 0.1727
83.43 365.07 24.58 29.97 0.1583
443.92 422.34 19.32 20.16 0.1562
184.91 388.89 22.01 24.47 0.1532
522.94 381.04 20.69 25.97 0.1460
515.83 423.08 21.65 19.20 0.1389
916.73 391.94 27.38 24.37 0.1339
840.16 402.83 40.49 41.27 0.1328
144.36 389.37 26.79 25.58 0.1318
322.32 412.86 33.10 43.91 0.1316
800.04 413.18 46.24 41.94 0.1292
187.75 369.92 18.97 20.50 0.1275
371.29 366.53 19.39 24.74 0.1261
150.65 368.52 19.28 19.61 0.1241
180.18 416.41 29.57 23.98 0.1216
551.52 525.22 245.79 96.94 0.1213
802.79 388.01 39.05 37.07 0.1200
766.98 430.35 58.68 50.17 0.1197
485.01 391.35 16.44 17.82 0.1190
995.53 420.90 23.93 33.16 0.1187
122.14 339.91 17.82 19.86 0.1173
556.07 387.77 21.09 21.00 0.1167
987.85 388.45 27.89 29.18 0.1160
945.81 433.31 36.10 40.10 0.1148
485.81 422.42 19.65 18.61 0.1120
552.80 368.42 21.31 24.28 0.1097
761.16 415.04 54.71 38.46 0.1088
70.74 404.71 55.87 42.48 0.1074
307.63 139.06 61.17 65.68 0.1073
77.36 373.55 37.41 40.84 0.1062
370.45 420.28 23.05 25.48 0.1062
817.31 432.06 93.21 72.23 0.1048
39.34 387.32 30.61 31.35 0.1048
675.81 394.86 70.95 56.11 0.1029
411.28 423.52 20.70 24.00 0.1027
139.08 416.08 39.13 27.08 0.1026
448.41 383.64 17.69 25.01 0.1015
446.02 449.01 21.67 20.10 0.1014
958.34 402.68 27.77 37.86 0.1013
629.82 337.97 24.90 32.16 0.1007
117.43 364.34 24.52 29.76 0.0999
364.04 460.56 38.87 37.40 0.0984
705.73 369.57 78.73 72.69 0.0981
679.93 430.85 52.79 44.14 0.0978
45.73 342.47 18.44 33.18 0.0969
885.40 391.38 33.04 26.89 0.0965
403.12 445.57 28.04 26.04 0.0953
879.27 417.71 32.70 28.40 0.0952
718.31 327.87 48.48 42.61 0.0931
512.62 438.91 28.07 29.63 0.0919
113.07 383.70 33.40 34.63 0.0913
373.26 385.82 21.91 27.63 0.0912
698.22 339.03 39.92 40.78 0.0907
104.06 409.12 43.97 31.52 0.0903
49.27 309.13 16.13 21.51 0.0899
31.70 400.87 59.14 49.52 0.0885
229.60 365.57 22.04 26.10 0.0866
125.87 427.31 66.73 51.29 0.0855
936.92 467.49 44.74 37.22 0.0849
913.25 437.03 38.80 35.03 0.0830
751.01 443.26 100.53 62.55 0.0820
959.72 371.89 26.32 39.72 0.0820
6.38 381.31 33.66 38.75 0.0812
913.94 408.67 34.99 36.15 0.0807
483.61 441.55 25.02 25.80 0.0797
520.61 552.78 204.32 126.87 0.0782
990.26 367.86 28.45 32.53 0.0781
918.84 368.17 31.05 32.63 0.0763
872.02 434.08 38.95 35.33 0.0750
231.76 335.22 13.89 20.44 0.0733
221.87 415.32 37.20 26.27 0.0732
592.51 415.08 41.33 31.45 0.0731
9.49 361.50 27.73 31.92 0.0721
705.38 413.25 82.84 72.17 0.0708
81.11 338.71 19.25 24.09 0.0699
40.73 400.16 112.58 94.46 0.0687
588.75 433.01 51.75 41.22 0.0683
503.93 465.02 45.45 37.44 0.0674
191.19 337.69 19.04 22.24 0.0669
551.88 419.06 28.49 23.90 0.0661
549.92 440.25 244.19 148.74 0.0658
310.35 438.00 57.40 63.75 0.0655
339.53 339.67 14.39 18.77 0.0653
486.04 343.68 14.88 20.26 0.0653
648.27 433.23 67.67 47.97 0.0650
154.47 340.61 17.33 20.65 0.0645
301.41 369.50 29.23 44.19 0.0645
224.98 387.61 33.79 34.50 0.0642
755.00 379.60 65.54 60.01 0.0638
546.45 441.19 33.71 30.60 0.0633
369.41 439.83 29.59 32.05 0.0632
351.57 138.21 49.03 63.51 0.0628
748.66 220.28 161.29 143.92 0.0625
0.00 403.40 54.43 61.36 0.0620
120.57 312.98 14.19 25.60 0.0602
248.00 410.70 39.79 39.80 0.0593
827.55 362.16 52.10 47.12 0.0592
540.70 163.30 108.04 106.90 0.0592
904.21 450.46 58.53 49.10 0.0591
252.56 382.13 36.48 47.34 0.0589
790.66 356.18 62.95 56.85 0.0586
452.35 339.89 14.38 17.66 0.0561
412.10 336.36 15.61 21.42 0.0544
571.33 467.93 77.68 52.41 0.0541
277.80 446.34 63.15 54.56 0.0539
590.79 168.63 98.09 98.70 0.0536
374.35 342.53 15.23 20.10 0.0530
696.11 454.73 106.53 58.05 0.0523
472.55 197.61 37.03 54.90 0.0515
720.23 301.58 42.32 37.82 0.0508
