0_Parade_marchingband_1_359
174
735.82 118.79 48.98 53.79 0.7595
854.36 130.71 34.60 43.25 0.5535
166.50 165.58 41.89 59.02 0.5272
907.41 112.46 32.25 37.27 0.4472
999.36 121.96 24.64 37.97 0.4341
405.45 183.32 19.59 24.79 0.3788
880.27 118.18 29.08 40.18 0.3572
488.37 184.81 19.07 20.52 0.3464
954.49 128.05 26.02 35.59 0.3236
303.02 174.92 20.83 26.84 0.3070
452.30 201.59 12.85 18.05 0.2911
220.53 179.65 26.67 33.67 0.2870
598.61 176.54 25.46 31.40 0.2588
301.20 157.66 17.53 28.49 0.2530
556.72 181.50 18.42 19.29 0.2451
123.08 157.91 22.74 28.69 0.2445
596.05 189.91 22.80 31.28 0.2388
47.20 210.06 22.80 29.95 0.2208
154.78 156.67 32.59 48.82 0.2193
597.55 155.14 26.24 32.91 0.2156
154.80 189.25 42.53 61.59 0.1984
75.94 174.72 20.45 24.86 0.1981
524.12 206.84 15.64 15.15 0.1935
265.20 181.06 23.04 26.48 0.1914
653.85 169.23 40.55 52.65 0.1914
631.19 104.40 23.25 25.76 0.1854
593.51 127.75 19.12 22.00 0.1852
302.18 196.81 24.52 31.58 0.1826
401.51 403.96 39.44 45.67 0.1790
691.91 162.22 31.90 40.43 0.1786
610.61 164.44 36.28 43.43 0.1764
375.95 205.31 14.54 18.79 0.1736
4.81 203.60 20.63 24.92 0.1691
485.74 190.49 21.15 28.05 0.1616
557.27 202.86 18.64 18.94 0.1601
118.08 196.04 24.57 32.18 0.1580
265.17 194.72 30.49 39.75 0.1534
355.59 394.43 65.18 61.18 0.1497
591.22 226.07 29.70 31.67 0.1482
444.55 352.20 21.57 23.45 0.1426
401.71 382.28 36.77 33.22 0.1392
333.54 205.66 18.42 22.71 0.1361
294.14 377.83 85.44 67.53 0.1359
451.06 231.77 17.03 20.79 0.1352
449.91 185.58 14.90 22.05 0.1351
48.81 178.64 17.39 19.75 0.1330
616.70 185.04 39.95 47.99 0.1323
952.71 102.39 27.97 38.86 0.1291
556.74 230.68 23.69 22.77 0.1291
478.37 230.30 24.54 24.52 0.1275
77.86 195.44 21.11 29.51 0.1244
686.99 316.03 41.77 80.51 0.1234
626.91 114.45 26.32 31.79 0.1230
208.63 154.91 36.82 42.41 0.1217
324.82 338.26 44.94 38.43 0.1207
726.90 126.99 67.43 78.59 0.1202
619.93 217.39 47.29 44.93 0.1195
113.64 216.36 28.12 38.72 0.1177
522.36 231.32 19.35 20.77 0.1093
362.72 345.94 35.49 29.84 0.1085
156.56 238.78 32.37 43.63 0.1073
523.29 183.22 14.93 21.01 0.1060
586.23 236.64 31.98 38.55 0.1044
805.44 114.99 28.33 36.39 0.1028
519.85 244.16 25.07 30.70 0.1015
375.25 230.18 16.09 22.81 0.1011
7.65 179.77 18.99 25.57 0.1006
5.57 222.01 20.02 27.72 0.0999
356.42 375.42 49.37 40.85 0.0997
724.01 164.45 60.10 66.81 0.0992
327.89 222.08 25.61 32.50 0.0957
651.10 99.39 34.31 32.79 0.0955
554.16 379.62 30.87 35.35 0.0951
355.04 329.55 40.99 35.37 0.0946
520.65 342.38 31.21 37.47 0.0928
653.22 118.12 36.66 38.74 0.0924
477.78 273.44 33.49 32.77 0.0913
647.37 232.61 42.13 48.85 0.0912
301.96 223.11 27.19 34.56 0.0907
475.60 249.14 29.19 32.16 0.0901
264.67 213.13 34.60 42.23 0.0898
544.57 269.05 35.90 35.49 0.0894
302.42 243.10 21.36 35.74 0.0873
878.12 242.85 28.89 35.76 0.0870
809.99 145.78 36.53 42.32 0.0867
403.72 355.75 31.37 28.43 0.0848
834.70 287.92 45.15 48.51 0.0832
552.30 353.21 26.69 30.40 0.0827
48.10 159.26 15.35 22.11 0.0824
377.02 184.96 16.38 28.80 0.0823
556.08 157.69 20.90 30.30 0.0815
808.64 164.43 41.58 46.55 0.0812
585.71 289.48 31.70 33.24 0.0810
735.53 77.76 32.90 31.67 0.0807
752.45 201.77 47.99 54.49 0.0804
299.28 350.02 43.30 31.74 0.0800
544.66 298.10 33.74 27.82 0.0792
399.65 445.87 36.04 33.99 0.0789
79.21 159.94 18.90 29.56 0.0785
550.20 245.12 31.72 35.51 0.0782
448.96 281.13 26.44 28.01 0.0779
450.63 245.05 22.43 30.32 0.0773
692.23 357.33 82.88 133.50 0.0767
445.22 330.49 28.19 32.76 0.0762
805.83 190.40 38.12 52.45 0.0758
729.15 206.73 49.84 49.35 0.0734
340.23 182.09 14.70 22.24 0.0733
730.58 251.57 66.62 70.38 0.0731
406.67 297.97 23.24 24.51 0.0728
592.05 106.11 23.22 30.48 0.0726
111.94 245.93 26.62 39.80 0.0725
840.96 236.43 43.05 51.94 0.0723
513.44 274.88 33.97 36.57 0.0719
862.42 143.06 41.11 53.77 0.0716
207.72 207.29 44.58 59.37 0.0710
548.46 331.96 32.64 34.95 0.0705
706.39 122.55 32.70 40.86 0.0704
696.12 254.51 34.16 42.91 0.0700
515.72 375.05 34.69 38.63 0.0698
784.17 274.36 77.73 79.54 0.0697
763.12 245.01 46.65 55.92 0.0693
36.99 325.22 21.84 25.25 0.0685
990.97 66.97 30.01 43.32 0.0684
705.12 93.55 38.50 45.14 0.0677
810.45 207.59 42.11 51.31 0.0675
512.40 296.28 33.29 31.13 0.0673
921.43 83.35 28.77 42.04 0.0671
376.20 241.92 17.82 30.73 0.0658
844.78 210.54 35.46 45.96 0.0655
508.07 382.67 54.11 60.96 0.0655
956.53 75.29 25.70 38.31 0.0654
515.82 326.11 34.15 37.17 0.0653
699.12 298.35 41.76 42.59 0.0651
990.70 148.22 31.37 53.91 0.0651
34.79 439.01 132.12 154.83 0.0651
13.47 324.67 23.89 28.27 0.0650
403.16 330.52 31.69 29.48 0.0648
544.56 375.67 50.85 63.80 0.0642
364.58 305.52 30.58 32.93 0.0636
397.36 472.17 32.10 29.15 0.0633
691.31 341.58 45.87 99.81 0.0632
731.97 273.04 92.60 106.96 0.0630
290.61 28.96 34.63 42.28 0.0627
144.00 133.99 29.10 38.48 0.0624
406.80 159.74 18.35 25.62 0.0607
621.54 276.37 38.19 33.64 0.0601
619.28 291.78 31.67 30.75 0.0599
422.72 397.12 43.54 52.00 0.0598
409.61 231.11 19.05 29.59 0.0587
176.76 130.31 33.58 41.79 0.0578
7.20 151.93 18.11 24.44 0.0574
798.54 229.62 73.74 103.70 0.0572
335.18 306.00 29.94 34.86 0.0570
475.06 339.70 48.57 49.01 0.0569
488.42 487.38 22.47 15.28 0.0567
165.28 218.80 56.88 75.53 0.0565
659.95 78.12 26.77 30.93 0.0557
484.34 159.85 15.30 24.44 0.0550
444.73 295.63 30.99 32.85 0.0547
328.42 240.19 27.49 40.13 0.0546
886.58 83.54 20.98 32.07 0.0542
299.74 329.67 37.23 42.82 0.0541
189.28 390.69 41.56 74.91 0.0540
84.32 272.73 29.88 33.00 0.0540
511.64 484.55 28.63 17.93 0.0536
10.46 351.32 19.24 30.58 0.0532
291.86 134.18 25.88 40.06 0.0529
551.73 104.88 23.73 27.17 0.0524
483.31 292.45 38.91 33.91 0.0517
535.16 446.23 59.65 53.56 0.0513
661.81 337.86 44.36 67.15 0.0513
553.95 120.69 21.66 26.03 0.0508
957.50 46.72 25.53 38.51 0.0505
953.20 351.03 22.29 29.68 0.0505
