0_Parade_marchingband_1_881
109
625.68 155.32 28.76 41.38 0.5731
708.51 178.49 26.75 38.31 0.3486
450.06 177.42 34.26 34.40 0.3351
331.39 155.11 27.24 41.82 0.2821
226.13 250.12 21.45 26.28 0.2294
123.11 247.24 15.84 19.46 0.2214
884.13 197.98 24.85 23.41 0.2183
730.75 179.25 33.19 53.12 0.2108
850.90 195.67 28.99 26.27 0.1906
44.16 171.10 20.09 31.47 0.1873
47.15 189.35 16.50 24.36 0.1841
85.08 225.53 14.16 17.10 0.1823
467.09 189.38 32.79 33.21 0.1799
49.40 225.46 15.07 16.30 0.1787
332.73 165.10 33.18 56.37 0.1780
814.70 197.24 16.84 25.86 0.1756
760.57 193.01 29.74 39.21 0.1749
402.32 193.22 38.06 57.36 0.1695
369.09 189.61 70.43 91.46 0.1678
476.46 208.34 41.56 52.29 0.1624
122.97 227.90 14.07 20.33 0.1508
155.93 251.14 14.20 18.30 0.1426
121.21 276.16 16.98 22.39 0.1369
85.26 247.57 13.72 18.21 0.1351
813.04 207.79 19.93 31.74 0.1307
848.42 201.28 35.46 38.26 0.1300
763.93 167.19 28.50 43.29 0.1252
191.63 281.16 23.58 26.57 0.1248
914.16 199.58 24.56 22.53 0.1245
295.30 161.58 26.81 38.15 0.1232
879.26 201.82 28.38 36.30 0.1211
463.45 172.25 34.94 37.70 0.1181
190.12 298.74 33.38 35.69 0.1165
82.09 197.45 16.53 21.77 0.1153
924.00 218.25 20.34 23.20 0.1137
594.29 165.54 28.55 40.89 0.1119
267.32 213.02 18.07 27.87 0.1115
228.45 226.33 16.92 19.86 0.1104
221.91 264.69 24.08 32.75 0.1099
509.84 192.43 31.63 45.33 0.1082
433.28 201.36 54.94 80.95 0.1074
192.65 249.06 17.30 22.59 0.1072
81.88 276.01 20.58 27.49 0.1069
267.95 194.19 21.56 30.91 0.1046
559.20 191.79 27.32 43.85 0.1043
587.17 179.14 26.58 38.83 0.1042
395.84 219.81 101.79 109.24 0.1032
491.13 215.32 47.82 66.62 0.0996
652.32 157.37 37.78 46.75 0.0973
120.56 198.88 14.88 20.18 0.0960
552.96 210.72 29.06 37.84 0.0957
923.38 270.79 16.77 25.18 0.0945
466.87 211.48 63.94 100.31 0.0944
229.38 194.90 21.75 25.94 0.0919
8.06 224.65 18.14 24.34 0.0912
661.40 181.60 31.52 44.00 0.0892
193.95 198.97 14.97 19.36 0.0864
7.99 243.75 17.09 24.63 0.0851
878.78 173.84 31.79 39.51 0.0849
157.48 225.71 11.23 15.57 0.0820
226.03 156.90 37.13 50.84 0.0819
195.66 224.95 12.45 16.42 0.0819
157.46 275.14 16.86 22.12 0.0813
203.12 293.27 41.95 40.38 0.0804
626.58 207.06 26.48 46.71 0.0791
515.00 164.82 29.75 34.41 0.0786
994.54 266.29 21.69 30.69 0.0775
815.05 330.10 37.18 51.94 0.0770
47.87 245.88 16.31 19.91 0.0746
731.33 377.02 124.42 159.54 0.0738
9.24 190.61 20.76 30.66 0.0730
962.04 252.34 16.04 18.87 0.0706
746.70 484.63 86.43 67.48 0.0688
691.76 221.43 40.34 57.22 0.0685
665.77 199.39 27.49 45.02 0.0683
700.49 144.56 38.74 75.32 0.0681
49.58 316.94 65.05 53.98 0.0681
555.87 164.04 28.56 36.29 0.0679
331.42 182.37 58.00 86.28 0.0670
295.55 194.97 39.55 57.08 0.0664
75.31 165.13 24.37 33.46 0.0663
261.06 236.27 25.75 38.09 0.0663
822.08 343.64 42.70 54.44 0.0659
285.34 130.24 43.47 71.19 0.0639
767.24 229.40 28.48 47.76 0.0636
850.18 172.20 33.09 39.77 0.0627
596.06 141.42 32.70 35.62 0.0624
956.42 224.92 17.68 18.47 0.0624
954.43 329.81 34.79 59.50 0.0615
872.71 411.91 34.82 38.14 0.0615
157.59 197.50 12.75 19.50 0.0595
300.61 210.66 47.36 73.03 0.0587
8.88 159.89 26.29 37.12 0.0583
802.41 231.53 32.03 49.19 0.0574
40.79 143.45 22.19 31.94 0.0573
724.94 141.98 41.55 70.30 0.0571
158.45 302.86 22.23 29.47 0.0567
807.70 432.06 93.65 112.98 0.0548
916.80 292.47 24.35 39.49 0.0545
76.21 293.03 28.55 33.65 0.0543
924.47 250.09 18.61 22.89 0.0542
958.93 271.34 20.38 26.89 0.0540
569.70 394.93 91.43 122.23 0.0538
665.44 422.16 75.67 108.48 0.0536
733.75 222.36 38.16 53.71 0.0530
993.42 252.40 22.15 29.97 0.0522
996.72 179.87 23.67 40.96 0.0522
751.27 436.93 87.76 83.86 0.0513
996.22 210.90 22.85 32.40 0.0507
