32_Worker_Laborer_Worker_Laborer_32_204
200
927.92 0.00 81.03 79.74 0.1921
50.48 538.30 80.36 79.45 0.1920
50.54 322.88 80.25 79.33 0.1920
50.56 376.77 80.26 79.30 0.1920
50.63 80.63 80.16 79.24 0.1920
50.58 161.38 80.22 79.28 0.1920
50.58 269.09 80.22 79.28 0.1920
50.51 592.20 80.33 79.41 0.1919
671.75 0.00 81.14 79.71 0.1918
708.33 0.00 81.23 79.71 0.1918
635.18 0.00 81.17 79.73 0.1918
744.90 0.00 81.26 79.74 0.1917
50.51 430.63 80.33 79.40 0.1917
50.51 484.49 80.33 79.40 0.1917
306.04 0.00 81.13 79.73 0.1917
928.14 511.39 80.51 79.54 0.1917
928.14 592.18 80.51 79.54 0.1917
50.54 215.22 80.27 79.32 0.1917
13.82 511.58 80.16 78.99 0.1917
928.18 53.60 80.47 79.56 0.1916
232.90 0.00 81.13 79.72 0.1915
781.47 0.00 81.13 79.72 0.1915
269.47 0.00 81.22 79.72 0.1915
891.65 403.70 80.15 79.27 0.1915
50.29 0.00 80.82 79.51 0.1915
891.60 484.52 80.14 79.17 0.1915
891.40 0.00 80.80 79.57 0.1914
13.59 0.00 80.80 79.45 0.1914
159.73 0.00 81.15 79.71 0.1913
196.30 0.00 81.15 79.71 0.1913
928.18 376.77 80.42 79.50 0.1913
928.18 430.62 80.42 79.50 0.1913
123.28 376.46 80.82 79.89 0.1913
891.60 538.34 80.18 79.23 0.1913
13.81 430.74 80.14 79.13 0.1913
13.81 565.38 80.14 79.13 0.1913
817.97 0.00 81.21 79.72 0.1913
854.54 0.00 81.21 79.72 0.1913
342.50 0.00 81.25 79.73 0.1913
525.36 0.00 81.25 79.73 0.1913
561.93 0.00 81.25 79.73 0.1913
159.87 241.83 80.81 79.89 0.1913
891.61 322.87 80.22 79.33 0.1913
891.60 592.20 80.20 79.31 0.1913
928.21 107.50 80.41 79.50 0.1913
13.77 619.22 80.29 79.22 0.1912
928.32 646.18 80.13 79.31 0.1912
379.12 0.00 81.22 79.71 0.1912
415.69 0.00 81.22 79.71 0.1912
452.26 0.00 81.22 79.71 0.1912
488.83 0.00 81.22 79.71 0.1912
13.81 161.42 80.25 79.25 0.1912
13.81 242.20 80.25 79.25 0.1912
525.56 484.15 80.83 79.93 0.1912
306.18 538.03 80.79 79.98 0.1912
489.03 564.96 80.79 79.98 0.1912
269.61 618.81 80.79 79.98 0.1912
306.18 618.81 80.79 79.98 0.1912
342.75 618.81 80.79 79.98 0.1912
452.46 618.81 80.79 79.98 0.1912
489.03 618.81 80.79 79.98 0.1912
928.22 188.29 80.39 79.47 0.1912
415.89 618.81 80.88 79.98 0.1912
818.20 564.97 80.75 79.86 0.1911
708.42 107.15 80.84 80.01 0.1911
452.42 161.01 80.84 80.01 0.1911
708.42 161.01 80.84 80.01 0.1911
13.83 296.06 80.22 79.22 0.1911
123.27 511.08 80.84 80.01 0.1911
159.85 511.08 80.84 80.01 0.1911
269.56 511.08 80.84 80.01 0.1911
342.70 511.08 80.84 80.01 0.1911
379.27 511.08 80.84 80.01 0.1911
415.85 511.08 80.84 80.01 0.1911
488.99 511.08 80.84 80.01 0.1911
562.13 511.08 80.84 80.01 0.1911
196.42 538.01 80.84 80.01 0.1911
232.99 538.01 80.84 80.01 0.1911
525.56 538.01 80.84 80.01 0.1911
123.27 564.94 80.84 80.01 0.1911
159.85 564.94 80.84 80.01 0.1911
342.70 564.94 80.84 80.01 0.1911
781.56 618.79 80.84 80.01 0.1911
86.50 0.00 81.27 79.74 0.1911
123.07 0.00 81.27 79.74 0.1911
598.50 0.00 81.27 79.74 0.1911
781.62 80.29 80.79 79.86 0.1911
123.40 268.77 80.71 79.83 0.1911
269.69 295.81 80.62 79.70 0.1911
379.33 403.43 80.79 79.86 0.1911
415.90 564.96 80.76 79.95 0.1911
415.87 403.42 80.82 79.88 0.1911
306.25 268.85 80.68 79.76 0.1911
415.96 268.85 80.68 79.76 0.1911
196.45 214.90 80.80 79.89 0.1911
452.43 538.01 80.82 79.98 0.1911
379.29 564.94 80.82 79.98 0.1911
781.61 134.11 80.83 79.92 0.1910
379.32 349.54 80.83 79.92 0.1910
306.14 134.10 80.87 79.95 0.1910
745.05 241.78 80.77 79.92 0.1910
891.63 269.00 80.20 79.34 0.1910
525.58 618.81 80.82 79.98 0.1910
379.39 241.83 80.69 79.85 0.1910
233.10 322.62 80.69 79.85 0.1910
818.24 457.26 80.69 79.85 0.1910
818.24 511.12 80.69 79.85 0.1910
269.63 214.97 80.73 79.79 0.1910
818.20 322.69 80.73 79.79 0.1910
671.92 376.54 80.73 79.79 0.1910
708.49 376.54 80.73 79.79 0.1910
635.35 403.47 80.73 79.79 0.1910
598.78 430.40 80.73 79.79 0.1910
745.06 511.19 80.73 79.79 0.1910
415.89 161.01 80.79 80.00 0.1910
635.32 214.87 80.79 80.00 0.1910
123.32 618.80 80.79 80.00 0.1910
635.28 107.12 80.82 79.98 0.1910
562.14 134.05 80.82 79.98 0.1910
598.71 160.98 80.82 79.98 0.1910
598.77 80.24 80.75 79.88 0.1910
342.77 161.03 80.75 79.88 0.1910
306.20 187.96 80.75 79.88 0.1910
233.06 241.81 80.75 79.88 0.1910
342.77 241.81 80.75 79.88 0.1910
196.49 268.74 80.75 79.88 0.1910
452.49 268.74 80.75 79.88 0.1910
489.06 268.74 80.75 79.88 0.1910
159.91 295.67 80.75 79.88 0.1910
525.63 295.67 80.75 79.88 0.1910
598.77 295.67 80.75 79.88 0.1910
781.63 295.67 80.75 79.88 0.1910
928.22 296.01 80.38 79.47 0.1910
86.77 322.60 80.75 79.88 0.1910
123.34 322.60 80.75 79.88 0.1910
196.49 322.60 80.75 79.88 0.1910
562.20 322.60 80.75 79.88 0.1910
635.34 322.60 80.75 79.88 0.1910
671.91 322.60 80.75 79.88 0.1910
708.49 322.60 80.75 79.88 0.1910
745.06 322.60 80.75 79.88 0.1910
598.77 349.53 80.75 79.88 0.1910
781.63 349.53 80.75 79.88 0.1910
196.49 376.46 80.75 79.88 0.1910
562.20 376.46 80.75 79.88 0.1910
745.06 376.46 80.75 79.88 0.1910
562.20 430.31 80.75 79.88 0.1910
671.91 430.31 80.75 79.88 0.1910
708.49 430.31 80.75 79.88 0.1910
745.06 430.31 80.75 79.88 0.1910
233.06 457.24 80.75 79.88 0.1910
269.63 457.24 80.75 79.88 0.1910
306.20 457.24 80.75 79.88 0.1910
342.77 457.24 80.75 79.88 0.1910
415.91 457.24 80.75 79.88 0.1910
489.06 457.24 80.75 79.88 0.1910
598.77 484.17 80.75 79.88 0.1910
781.63 484.17 80.75 79.88 0.1910
781.63 538.03 80.75 79.88 0.1910
854.77 538.03 80.75 79.88 0.1910
745.06 564.96 80.75 79.88 0.1910
562.20 591.89 80.75 79.88 0.1910
671.86 53.28 80.81 79.93 0.1910
379.39 295.74 80.72 79.82 0.1910
269.67 349.60 80.72 79.82 0.1910
269.67 403.46 80.72 79.82 0.1910
196.43 430.28 80.81 79.93 0.1910
452.43 484.14 80.81 79.93 0.1910
489.05 187.94 80.77 79.98 0.1909
159.89 403.39 80.79 79.97 0.1909
159.91 457.23 80.77 79.98 0.1909
196.48 618.80 80.77 79.98 0.1909
233.05 618.80 80.77 79.98 0.1909
50.73 646.19 79.95 79.08 0.1909
233.03 53.34 80.81 79.87 0.1909
671.85 107.13 80.83 80.06 0.1909
233.03 161.06 80.81 79.87 0.1909
635.28 160.98 80.83 80.06 0.1909
671.85 160.98 80.83 80.06 0.1909
379.32 618.82 80.88 79.98 0.1909
123.27 53.33 80.84 79.89 0.1909
269.60 107.15 80.84 79.92 0.1909
525.62 107.14 80.80 79.94 0.1909
379.33 134.07 80.80 79.94 0.1909
781.63 214.94 80.78 79.85 0.1909
86.74 268.72 80.84 79.92 0.1909
818.20 268.79 80.78 79.85 0.1909
415.91 322.65 80.78 79.85 0.1909
452.49 322.65 80.78 79.85 0.1909
13.71 349.90 80.34 79.23 0.1909
489.06 349.58 80.78 79.85 0.1909
525.63 376.51 80.78 79.85 0.1909
854.77 376.51 80.78 79.85 0.1909
306.20 403.44 80.78 79.85 0.1909
342.77 403.44 80.78 79.85 0.1909
452.49 403.44 80.78 79.85 0.1909
489.06 403.44 80.78 79.85 0.1909
854.77 430.37 80.78 79.85 0.1909
635.34 457.29 80.78 79.85 0.1909
854.77 484.22 80.78 79.85 0.1909
