32_Worker_Laborer_Worker_Laborer_32_101
200
927.92 0.00 81.02 81.21 0.1923
50.51 246.66 80.28 80.76 0.1922
928.12 630.60 80.55 81.05 0.1920
50.63 575.84 80.16 80.71 0.1920
50.58 164.37 80.22 80.76 0.1920
50.58 438.66 80.22 80.76 0.1920
50.52 301.52 80.28 80.75 0.1920
928.18 575.73 80.47 81.04 0.1919
50.56 54.66 80.22 80.74 0.1918
50.56 356.38 80.22 80.74 0.1918
50.66 630.77 80.10 80.60 0.1918
635.18 0.00 81.26 81.22 0.1917
50.58 109.53 80.18 80.73 0.1917
269.69 465.84 80.61 81.19 0.1917
50.52 520.95 80.28 80.75 0.1917
928.18 493.46 80.44 81.02 0.1916
342.83 410.95 80.62 81.22 0.1916
306.26 602.95 80.71 81.23 0.1916
928.21 164.44 80.40 80.89 0.1915
452.47 493.15 80.70 81.31 0.1915
452.47 548.01 80.70 81.31 0.1915
489.11 493.15 80.73 81.32 0.1915
233.11 520.58 80.73 81.32 0.1915
415.97 520.58 80.73 81.32 0.1915
489.11 548.01 80.73 81.32 0.1915
269.68 575.43 80.73 81.32 0.1915
342.82 602.86 80.73 81.32 0.1915
379.40 602.86 80.73 81.32 0.1915
452.54 602.86 80.73 81.32 0.1915
306.18 548.01 80.79 81.31 0.1915
415.90 575.43 80.79 81.31 0.1915
525.41 0.00 81.19 81.21 0.1915
891.43 0.00 80.77 81.00 0.1915
928.20 82.07 80.41 80.98 0.1915
928.20 411.21 80.41 80.98 0.1915
50.30 0.00 80.68 80.96 0.1915
525.68 520.58 80.74 81.40 0.1915
818.18 548.01 80.81 81.40 0.1915
818.18 602.87 80.81 81.40 0.1915
415.90 630.29 80.81 81.40 0.1915
342.87 465.87 80.58 81.16 0.1914
269.67 630.35 80.76 81.35 0.1914
305.98 0.00 81.22 81.20 0.1914
342.55 0.00 81.22 81.20 0.1914
562.19 438.28 80.81 81.44 0.1914
379.39 520.69 80.73 81.21 0.1914
13.62 0.00 80.72 80.87 0.1913
744.88 0.00 81.15 81.19 0.1913
196.54 493.24 80.62 81.22 0.1913
159.97 602.95 80.62 81.22 0.1913
233.17 465.85 80.65 81.18 0.1913
342.83 520.67 80.71 81.22 0.1913
196.55 602.95 80.71 81.22 0.1913
489.12 602.95 80.71 81.22 0.1913
488.84 0.00 81.19 81.22 0.1913
598.56 0.00 81.21 81.22 0.1913
781.36 0.00 81.25 81.21 0.1913
598.77 301.19 80.77 81.35 0.1913
452.47 410.87 80.80 81.38 0.1913
306.25 438.44 80.64 81.17 0.1913
306.25 493.30 80.64 81.17 0.1913
269.68 520.58 80.73 81.32 0.1913
196.54 548.01 80.73 81.32 0.1913
233.11 575.44 80.73 81.32 0.1913
562.26 602.87 80.73 81.32 0.1913
232.95 0.00 81.09 81.16 0.1913
671.76 0.00 81.22 81.20 0.1913
123.33 575.44 80.79 81.31 0.1913
525.62 602.87 80.79 81.31 0.1913
598.76 602.87 80.79 81.31 0.1913
855.01 657.92 80.45 81.05 0.1913
269.45 0.00 81.16 81.17 0.1913
818.02 0.00 81.16 81.17 0.1913
562.13 328.55 80.87 81.45 0.1913
928.21 219.21 80.41 80.97 0.1913
13.82 438.79 80.23 80.63 0.1913
379.19 0.00 81.10 81.21 0.1912
269.61 410.87 80.71 81.39 0.1912
123.21 0.00 81.10 81.18 0.1912
854.82 191.44 80.74 81.40 0.1912
489.11 328.58 80.74 81.40 0.1912
306.25 383.44 80.74 81.40 0.1912
489.11 383.44 80.74 81.40 0.1912
379.40 410.87 80.74 81.40 0.1912
489.11 438.30 80.74 81.40 0.1912
525.68 465.72 80.74 81.40 0.1912
562.25 548.01 80.74 81.40 0.1912
635.40 602.87 80.74 81.40 0.1912
745.11 602.87 80.74 81.40 0.1912
452.47 356.01 80.81 81.40 0.1912
525.61 383.44 80.81 81.40 0.1912
415.90 438.30 80.81 81.40 0.1912
13.81 493.56 80.25 80.72 0.1912
159.90 520.58 80.81 81.40 0.1912
13.81 548.41 80.25 80.72 0.1912
781.61 575.44 80.81 81.40 0.1912
233.11 630.44 80.75 81.26 0.1912
561.97 0.00 81.21 81.21 0.1912
854.59 0.00 81.16 81.19 0.1912
525.69 301.15 80.72 81.42 0.1912
196.54 438.40 80.72 81.21 0.1912
342.76 356.01 80.78 81.42 0.1911
635.60 657.94 80.31 81.07 0.1911
123.32 630.35 80.83 81.35 0.1911
379.44 465.87 80.67 81.16 0.1911
452.44 0.00 81.05 81.18 0.1911
13.87 109.65 80.18 80.62 0.1911
854.76 246.30 80.70 81.29 0.1911
745.05 109.21 80.79 81.34 0.1911
159.91 246.35 80.79 81.34 0.1911
671.91 246.35 80.79 81.34 0.1911
708.48 273.78 80.79 81.34 0.1911
635.33 301.21 80.79 81.34 0.1911
745.05 301.21 80.79 81.34 0.1911
415.92 356.02 80.76 81.37 0.1911
86.82 602.89 80.74 81.31 0.1911
86.59 0.00 81.18 81.18 0.1911
415.76 0.00 81.15 81.18 0.1911
708.30 0.00 81.15 81.19 0.1911
598.72 383.48 80.82 81.37 0.1911
598.82 465.80 80.73 81.28 0.1911
928.40 685.74 80.10 81.00 0.1911
196.34 0.00 81.10 81.19 0.1911
489.11 109.17 80.71 81.33 0.1911
854.82 81.75 80.76 81.39 0.1910
854.82 136.60 80.76 81.39 0.1910
233.10 410.89 80.76 81.39 0.1910
159.96 465.75 80.76 81.39 0.1910
708.53 630.32 80.76 81.39 0.1910
854.76 575.44 80.80 81.38 0.1910
671.89 630.32 80.82 81.39 0.1910
781.61 630.32 80.82 81.39 0.1910
13.85 191.82 80.24 80.76 0.1910
123.41 81.75 80.72 81.34 0.1910
928.21 274.07 80.41 80.97 0.1910
928.21 328.93 80.41 80.97 0.1910
452.55 81.89 80.71 81.13 0.1910
745.32 657.95 80.30 81.05 0.1910
13.87 630.78 80.20 80.64 0.1910
160.02 109.18 80.66 81.33 0.1910
598.76 164.05 80.83 81.37 0.1910
269.74 191.47 80.66 81.33 0.1910
891.76 658.17 80.02 80.59 0.1910
342.84 109.17 80.69 81.36 0.1910
745.10 383.52 80.72 81.30 0.1910
160.15 657.92 80.36 81.11 0.1910
306.44 657.92 80.36 81.11 0.1910
343.01 657.92 80.36 81.11 0.1910
489.30 657.92 80.36 81.11 0.1910
525.87 657.92 80.36 81.11 0.1910
562.44 657.92 80.36 81.11 0.1910
123.35 136.60 80.76 81.35 0.1909
525.63 136.60 80.76 81.35 0.1909
708.46 54.33 80.81 81.35 0.1909
745.03 54.33 80.81 81.35 0.1909
745.03 164.05 80.81 81.35 0.1909
671.89 191.47 80.81 81.35 0.1909
708.46 191.47 80.81 81.35 0.1909
196.46 273.76 80.81 81.35 0.1909
159.89 301.19 80.81 81.35 0.1909
635.31 438.33 80.81 81.35 0.1909
671.89 438.33 80.81 81.35 0.1909
708.48 575.46 80.79 81.35 0.1909
159.76 0.00 81.13 81.20 0.1909
415.91 54.43 80.69 81.23 0.1909
635.34 81.79 80.78 81.34 0.1909
671.91 81.79 80.78 81.34 0.1909
671.91 136.64 80.78 81.34 0.1909
708.49 136.64 80.78 81.34 0.1909
123.34 246.36 80.78 81.34 0.1909
671.91 328.64 80.78 81.34 0.1909
635.34 356.07 80.78 81.34 0.1909
708.49 356.07 80.78 81.34 0.1909
671.91 383.50 80.78 81.34 0.1909
489.10 54.32 80.76 81.37 0.1909
13.88 274.21 80.16 80.62 0.1909
489.10 273.75 80.76 81.37 0.1909
452.53 301.18 80.76 81.37 0.1909
13.88 329.07 80.16 80.62 0.1909
379.41 356.03 80.70 81.38 0.1909
562.15 383.47 80.86 81.42 0.1909
854.75 465.75 80.82 81.37 0.1909
671.89 575.46 80.82 81.37 0.1909
306.26 81.83 80.70 81.24 0.1909
781.59 328.58 80.86 81.41 0.1909
708.45 438.30 80.86 81.41 0.1909
745.02 438.30 80.86 81.41 0.1909
13.88 54.69 80.18 80.71 0.1908
635.39 246.37 80.73 81.28 0.1908
781.62 493.19 80.80 81.32 0.1908
50.88 685.79 79.65 80.72 0.1908
562.25 493.17 80.73 81.40 0.1908
854.75 301.17 80.79 81.39 0.1908
854.75 520.60 80.79 81.39 0.1908
269.67 81.75 80.76 81.39 0.1908
818.24 191.46 80.76 81.39 0.1908
306.26 301.19 80.71 81.35 0.1908
159.91 356.09 80.78 81.31 0.1908
891.63 356.28 80.21 80.80 0.1908
891.63 466.00 80.21 80.80 0.1908
