13_Interview_Interview_On_Location_13_129
113
394.57 0.00 193.14 241.23 0.8056
738.61 3.01 65.83 46.34 0.2471
717.86 348.33 66.23 68.85 0.1957
442.14 164.03 212.02 346.44 0.1928
879.09 394.41 76.57 58.09 0.1841
768.09 436.60 134.58 128.31 0.1685
836.37 401.35 81.67 57.41 0.1548
722.56 315.58 49.80 37.66 0.1536
659.96 369.26 38.77 48.53 0.1438
780.25 0.47 56.07 40.27 0.1346
741.78 372.60 53.08 55.86 0.1333
866.72 497.07 68.50 76.36 0.1273
841.43 366.69 71.87 60.68 0.1272
806.41 410.21 89.08 80.88 0.1271
677.38 337.02 78.12 85.31 0.1211
702.05 319.78 52.84 41.78 0.1168
4.15 279.42 32.30 63.30 0.1159
660.32 29.74 62.86 65.77 0.1157
604.37 391.47 57.18 72.79 0.1135
300.25 74.96 30.08 27.08 0.1132
588.25 398.64 43.69 67.46 0.1108
587.40 526.01 26.75 31.10 0.1082
551.45 513.55 35.48 41.86 0.1080
795.33 291.36 34.54 41.88 0.1043
759.07 318.07 45.87 40.50 0.1036
220.70 366.44 146.05 209.56 0.1023
733.36 308.29 33.02 32.77 0.1003
5.33 221.03 20.56 36.18 0.0996
718.96 391.96 50.10 52.49 0.0985
295.32 55.68 33.53 37.57 0.0934
935.48 507.97 53.15 37.19 0.0925
780.33 27.05 55.80 38.98 0.0923
112.22 154.85 196.60 91.54 0.0921
653.62 382.51 43.89 67.81 0.0916
33.50 369.32 38.90 62.28 0.0899
590.36 510.62 26.51 33.20 0.0890
726.40 417.47 35.57 39.47 0.0883
890.45 521.57 63.22 47.66 0.0882
680.41 376.14 63.13 79.47 0.0872
514.37 484.57 32.91 36.33 0.0858
795.43 372.39 101.41 82.99 0.0840
895.31 425.23 73.26 58.16 0.0823
585.54 545.60 27.70 25.65 0.0809
519.54 502.95 34.01 40.06 0.0799
697.37 9.83 55.41 47.23 0.0794
981.00 511.16 35.49 28.09 0.0789
660.15 317.39 41.47 42.66 0.0786
520.47 526.39 47.17 45.09 0.0776
693.68 447.22 32.75 37.81 0.0775
992.90 453.51 21.26 17.37 0.0771
909.09 466.30 54.32 51.35 0.0763
658.84 339.80 45.40 60.36 0.0760
591.87 485.91 31.16 34.41 0.0759
989.82 396.27 29.85 38.92 0.0752
416.96 0.00 136.40 126.45 0.0744
34.22 1.52 45.65 27.87 0.0739
613.35 427.79 39.74 49.39 0.0737
732.90 438.23 41.14 47.67 0.0735
629.96 525.98 37.43 37.00 0.0729
4.21 367.12 40.28 82.21 0.0729
898.62 481.54 71.21 60.33 0.0721
734.45 22.58 83.33 65.75 0.0720
841.05 285.05 28.54 35.26 0.0701
0.00 301.48 35.02 87.94 0.0695
630.50 548.93 33.20 24.82 0.0694
954.45 449.30 37.49 23.82 0.0694
986.04 494.68 29.53 20.61 0.0691
615.97 291.97 75.43 102.30 0.0690
980.12 537.14 42.57 37.17 0.0682
917.06 149.28 68.22 68.03 0.0681
601.94 249.26 73.24 117.72 0.0679
755.32 412.55 65.60 70.02 0.0675
545.32 531.52 39.30 40.66 0.0668
648.71 554.16 37.19 21.84 0.0667
305.61 471.79 93.58 104.21 0.0666
921.53 402.00 65.01 46.04 0.0660
336.17 423.15 89.52 146.23 0.0654
550.96 483.48 42.26 43.18 0.0652
677.59 17.80 69.15 62.14 0.0651
7.03 256.20 24.98 39.52 0.0646
457.58 343.79 136.43 192.26 0.0646
702.79 305.38 35.94 34.15 0.0626
473.08 535.37 37.20 39.35 0.0625
744.02 39.57 137.89 95.34 0.0623
560.69 349.38 81.28 121.86 0.0616
463.56 501.64 55.87 58.26 0.0610
842.41 301.05 32.38 38.34 0.0607
816.37 28.25 63.77 43.80 0.0602
570.46 46.03 74.23 117.01 0.0601
420.25 423.23 48.03 87.97 0.0595
3.20 12.63 62.60 51.11 0.0593
941.71 493.25 48.56 33.73 0.0589
488.81 287.29 140.11 193.25 0.0580
304.34 372.28 113.26 155.00 0.0580
853.73 35.70 73.12 53.04 0.0577
948.57 470.09 39.03 28.54 0.0575
836.27 344.52 64.15 59.77 0.0569
921.83 522.98 73.74 48.29 0.0567
34.10 19.40 54.28 43.15 0.0566
150.70 56.62 98.57 52.09 0.0564
573.38 197.71 97.99 142.67 0.0564
702.96 282.86 29.43 31.06 0.0553
616.36 347.81 80.98 96.99 0.0553
435.81 500.15 45.36 75.85 0.0550
612.94 33.86 47.60 59.35 0.0545
504.49 417.46 69.42 95.26 0.0537
886.31 190.84 39.34 40.87 0.0535
549.52 19.84 80.40 108.79 0.0530
806.24 483.28 112.35 92.72 0.0525
804.30 263.45 45.05 59.76 0.0517
618.57 485.36 33.30 39.07 0.0514
44.53 308.36 200.50 224.53 0.0512
0.00 84.86 391.86 146.89 0.0511
