13_Interview_Interview_2_People_Visible_13_254
73
437.76 29.75 117.77 124.67 0.6499
372.76 167.79 108.09 86.26 0.2945
707.97 216.27 64.98 83.74 0.2751
435.72 20.02 85.32 70.11 0.2634
655.44 22.15 47.47 21.83 0.2550
272.16 0.00 121.67 83.11 0.2452
657.82 99.22 51.14 40.15 0.2352
682.07 23.49 72.31 40.85 0.2279
694.23 43.20 85.46 53.52 0.2164
514.99 15.85 43.23 29.22 0.1961
276.69 64.08 164.79 133.27 0.1942
356.54 180.30 76.70 68.51 0.1928
469.57 71.39 115.44 108.32 0.1892
691.75 14.76 53.89 31.72 0.1883
627.98 19.36 58.36 24.89 0.1480
169.79 124.14 162.71 150.54 0.1439
628.46 71.77 101.68 53.74 0.1432
644.68 22.95 80.11 47.46 0.1431
565.10 38.89 155.00 100.94 0.1424
330.98 187.41 58.37 57.11 0.1422
296.50 138.18 156.83 122.50 0.1300
348.52 7.78 107.54 87.83 0.1297
604.83 80.35 99.51 67.13 0.1256
657.45 5.58 53.21 22.68 0.1208
777.44 8.31 39.73 25.64 0.1173
381.44 8.43 132.98 118.00 0.1122
687.13 0.99 36.60 14.26 0.1104
770.05 153.04 50.39 55.27 0.1073
654.78 49.49 110.09 69.65 0.1044
759.67 8.79 62.36 43.71 0.1031
242.29 257.04 80.36 43.89 0.1009
200.81 1.19 92.95 87.11 0.1003
713.12 22.69 101.68 70.00 0.1001
306.47 40.20 73.00 69.03 0.0974
535.91 5.75 45.66 30.93 0.0956
663.43 0.90 39.52 13.91 0.0942
732.76 0.00 30.84 11.01 0.0910
412.77 169.16 113.49 106.30 0.0883
621.57 5.52 63.55 23.15 0.0872
579.58 17.20 52.64 31.59 0.0867
549.70 0.00 44.00 20.26 0.0864
486.49 35.24 166.12 139.72 0.0860
497.75 15.21 87.03 57.55 0.0851
431.70 1.27 83.22 46.82 0.0819
304.12 178.26 92.76 99.66 0.0815
734.92 215.99 40.65 46.76 0.0773
732.72 208.99 74.88 63.57 0.0744
773.52 1.85 32.51 17.16 0.0737
576.25 176.90 38.55 43.38 0.0718
583.47 3.29 58.13 26.38 0.0695
180.70 10.80 63.69 39.61 0.0685
547.31 14.86 122.25 73.13 0.0678
552.09 167.64 55.54 62.22 0.0661
321.42 264.64 69.24 34.01 0.0660
344.84 114.28 118.67 88.66 0.0641
374.89 0.00 79.84 52.76 0.0632
538.78 109.73 85.54 65.24 0.0630
209.56 217.06 137.18 83.94 0.0623
754.39 189.66 98.33 73.39 0.0589
516.97 0.00 58.25 22.55 0.0580
233.95 74.69 115.96 99.56 0.0564
788.27 0.00 45.65 17.01 0.0560
626.04 218.19 24.35 27.60 0.0551
607.65 179.06 46.40 35.46 0.0550
677.09 60.27 188.91 107.19 0.0539
690.65 136.97 45.32 41.59 0.0533
684.10 69.74 84.07 78.94 0.0530
650.97 217.56 86.91 69.86 0.0527
727.83 255.81 42.81 42.00 0.0521
713.46 135.35 53.00 53.49 0.0517
717.54 4.78 55.60 28.38 0.0512
423.21 205.57 60.52 59.19 0.0509
598.88 154.24 54.08 39.90 0.0504
