13_Interview_Interview_Sequences_13_477
58
424.97 218.63 182.17 253.01 0.3802
447.61 214.44 127.76 147.56 0.1952
545.98 217.45 49.79 93.07 0.1869
567.91 224.13 48.14 81.25 0.1638
326.20 290.19 49.75 72.64 0.1611
800.42 592.63 116.52 120.06 0.1600
335.22 264.75 61.60 83.66 0.1314
832.83 569.05 132.56 123.24 0.1282
656.45 435.60 40.26 53.78 0.1220
37.84 360.65 164.61 165.60 0.1171
365.86 120.54 50.71 70.77 0.1163
824.59 645.69 77.22 77.99 0.1019
898.63 580.76 83.37 85.20 0.0973
386.11 120.78 62.90 94.87 0.0946
679.18 529.07 48.28 75.34 0.0927
525.36 566.95 79.36 68.44 0.0908
336.36 308.46 46.98 85.10 0.0887
365.49 245.60 137.05 151.70 0.0868
653.64 530.50 54.75 79.31 0.0855
291.75 418.82 59.80 120.55 0.0845
64.59 525.12 53.28 65.00 0.0844
628.94 449.82 53.61 62.57 0.0798
41.95 552.73 45.48 64.42 0.0790
620.25 531.08 54.43 88.74 0.0767
391.64 93.30 105.80 130.17 0.0766
420.67 105.61 186.85 216.59 0.0750
478.63 386.95 106.31 99.57 0.0748
922.69 610.17 75.21 72.83 0.0739
412.91 192.74 76.56 121.59 0.0712
320.98 429.43 54.69 116.18 0.0702
341.07 431.09 64.05 104.82 0.0687
626.29 504.88 35.62 48.94 0.0682
666.79 450.76 54.97 58.00 0.0658
632.05 416.94 75.44 72.34 0.0654
254.27 381.43 107.63 195.40 0.0649
371.80 175.76 66.72 84.07 0.0629
668.64 549.60 63.84 93.64 0.0629
362.78 225.21 57.32 79.76 0.0614
77.77 507.20 66.32 78.81 0.0611
556.32 539.23 67.92 85.58 0.0584
78.28 421.48 126.51 200.89 0.0574
50.17 558.74 64.10 109.77 0.0571
760.03 541.29 124.42 138.00 0.0570
400.65 402.55 157.25 136.70 0.0558
327.20 373.94 56.56 114.99 0.0551
867.50 737.29 67.88 71.38 0.0544
372.87 580.50 107.20 87.82 0.0542
697.52 503.30 85.66 93.47 0.0537
411.37 676.97 74.45 57.38 0.0534
662.16 504.98 36.76 51.79 0.0531
302.12 281.23 45.40 69.89 0.0530
519.70 494.29 60.47 49.68 0.0525
658.96 578.82 90.85 109.81 0.0524
143.17 576.63 63.71 94.68 0.0513
490.74 436.86 91.15 82.73 0.0505
583.28 328.53 178.37 187.25 0.0503
417.18 711.32 91.82 89.52 0.0502
505.54 725.24 45.45 53.27 0.0501
