13_Interview_Interview_2_People_Visible_13_374
22
397.83 31.17 208.22 330.22 0.6910
124.74 377.94 98.11 141.62 0.2380
258.14 368.80 25.18 25.00 0.2151
584.68 481.09 101.63 77.75 0.1464
456.73 11.19 278.77 280.48 0.1179
923.90 0.00 62.74 53.65 0.1002
388.60 252.61 145.12 147.60 0.0982
401.56 227.16 252.95 247.57 0.0967
104.35 372.76 192.85 214.60 0.0844
990.90 0.00 33.10 45.78 0.0817
575.01 453.50 91.59 61.97 0.0804
618.02 519.05 73.52 76.28 0.0703
958.06 262.15 33.91 42.60 0.0632
461.13 300.60 345.90 253.25 0.0599
898.31 0.00 59.98 55.73 0.0593
545.54 429.72 168.43 142.14 0.0577
312.99 233.70 136.84 124.54 0.0571
990.41 32.15 27.28 46.69 0.0562
632.99 394.61 184.52 161.31 0.0560
660.74 0.00 346.11 223.71 0.0553
484.00 118.40 206.96 229.37 0.0532
207.55 354.02 58.79 88.55 0.0520
