13_Interview_Interview_Sequences_13_1032
134
394.63 151.01 201.07 275.62 0.9253
802.78 1195.24 95.92 160.34 0.3570
591.90 522.40 34.60 104.44 0.1558
589.88 474.12 30.59 90.99 0.1448
613.24 614.94 36.36 98.34 0.1384
252.31 579.19 32.33 79.33 0.1334
611.82 522.73 44.56 108.88 0.1331
633.23 830.16 17.19 50.29 0.1300
332.72 634.90 38.51 117.73 0.1271
593.85 821.49 17.22 50.51 0.1238
663.69 1214.23 23.04 67.98 0.1235
704.22 1148.64 23.46 71.78 0.1168
162.67 88.02 223.19 307.93 0.1160
189.96 925.64 104.46 237.20 0.1154
833.60 662.42 95.25 167.93 0.1126
367.35 709.30 35.43 116.42 0.1119
764.89 1106.82 47.21 137.25 0.1119
534.35 495.67 50.65 137.91 0.1084
592.24 621.37 34.48 95.88 0.1083
666.41 784.03 17.02 54.56 0.1078
797.73 1046.15 51.06 135.23 0.1074
666.04 814.31 17.69 61.63 0.1071
226.37 574.51 47.15 89.49 0.1037
117.54 545.82 28.93 73.84 0.1028
667.21 881.58 17.63 61.25 0.1026
545.12 575.18 36.19 107.78 0.1020
594.06 782.28 18.88 60.93 0.1000
631.49 876.64 17.84 54.50 0.0995
345.84 83.44 130.68 140.91 0.0947
323.33 663.72 48.00 164.63 0.0942
8.87 818.88 60.49 121.82 0.0916
285.67 588.59 39.38 126.84 0.0906
842.35 815.60 65.73 140.46 0.0902
474.98 386.96 91.96 214.50 0.0897
397.74 739.68 34.31 92.07 0.0888
871.18 639.79 89.99 178.33 0.0880
633.34 778.21 18.22 55.45 0.0851
776.64 670.59 42.68 94.21 0.0845
439.91 605.00 35.46 112.50 0.0832
247.72 1009.71 297.96 535.29 0.0831
551.30 629.50 30.13 91.78 0.0827
632.40 514.73 56.80 157.56 0.0825
689.52 825.53 32.70 80.01 0.0816
884.72 1054.17 67.52 140.01 0.0799
460.55 501.92 56.85 170.19 0.0796
767.34 1160.56 85.27 183.04 0.0775
705.65 464.62 57.88 121.24 0.0771
629.96 711.38 19.82 66.69 0.0768
321.23 460.26 52.48 171.70 0.0765
796.82 677.97 59.05 120.91 0.0762
663.70 1150.53 23.48 75.54 0.0761
652.92 1216.47 37.90 105.25 0.0756
217.13 635.01 42.37 97.80 0.0751
341.01 19.28 173.67 283.82 0.0743
656.73 656.01 30.25 81.34 0.0742
553.71 825.05 22.03 58.03 0.0733
666.06 714.86 19.22 58.69 0.0732
799.55 983.13 66.48 144.65 0.0732
629.10 1205.09 24.61 79.06 0.0724
258.65 640.93 30.94 86.12 0.0718
802.25 917.55 58.66 144.81 0.0715
484.41 830.03 20.18 56.42 0.0712
646.06 476.97 41.56 99.87 0.0710
401.52 588.91 37.06 130.47 0.0709
240.68 1325.03 146.96 195.67 0.0700
629.26 1157.15 20.44 64.94 0.0698
761.11 492.49 37.54 82.79 0.0695
519.75 822.96 22.96 68.84 0.0692
470.16 582.88 38.35 140.57 0.0688
519.20 761.43 21.59 76.13 0.0679
357.25 616.33 40.99 119.98 0.0679
10.06 222.56 27.93 101.33 0.0675
597.22 981.12 23.28 71.92 0.0665
306.54 0.00 95.16 77.71 0.0664
595.41 1141.38 24.94 71.16 0.0660
595.76 885.10 18.24 57.75 0.0660
307.01 98.75 118.86 145.90 0.0649
735.75 160.83 55.09 147.38 0.0645
345.08 0.00 105.35 98.43 0.0641
729.76 1141.62 43.32 117.38 0.0638
31.23 229.15 35.76 91.68 0.0635
420.05 0.00 196.01 181.89 0.0624
912.84 921.55 42.96 94.29 0.0611
664.93 1104.88 20.27 61.45 0.0609
700.87 759.94 63.47 168.52 0.0605
720.36 1010.61 40.51 111.47 0.0594
268.38 649.91 55.44 168.95 0.0589
916.20 992.73 36.52 97.02 0.0589
371.54 786.99 34.09 97.41 0.0587
667.05 977.17 21.17 78.53 0.0586
812.26 1047.73 74.05 164.21 0.0584
482.23 766.23 23.02 69.85 0.0581
668.05 1040.86 20.22 66.54 0.0580
154.63 472.20 36.47 103.68 0.0579
554.72 767.90 24.64 74.14 0.0578
596.32 940.67 20.51 72.19 0.0577
624.64 982.29 23.18 72.37 0.0576
209.94 673.22 49.71 120.81 0.0573
593.26 1207.45 25.30 70.67 0.0570
205.69 754.72 52.66 110.12 0.0569
660.59 149.24 32.38 97.28 0.0568
594.80 706.05 24.92 76.66 0.0564
685.32 196.45 45.50 128.56 0.0559
941.68 979.27 38.78 69.04 0.0554
949.64 935.68 35.55 71.63 0.0553
808.74 0.00 74.13 68.73 0.0552
6.42 481.05 25.33 86.42 0.0552
400.86 681.98 36.14 117.97 0.0552
554.47 935.60 23.68 70.71 0.0550
661.46 0.00 27.60 44.13 0.0548
797.16 790.12 72.86 161.48 0.0547
503.31 621.84 44.85 128.51 0.0547
483.30 869.54 23.80 69.76 0.0546
419.95 502.63 75.31 218.45 0.0545
665.98 924.48 20.71 77.92 0.0545
797.59 855.66 78.57 164.36 0.0538
498.07 516.54 58.83 187.69 0.0534
139.81 569.94 42.83 112.32 0.0533
518.55 871.86 29.25 77.98 0.0532
143.49 521.11 40.94 116.79 0.0525
683.06 746.96 40.28 94.24 0.0524
177.16 565.75 45.41 117.68 0.0523
553.46 987.72 24.76 69.12 0.0522
551.72 1213.32 27.96 69.79 0.0521
279.31 486.20 60.86 167.80 0.0520
552.10 882.52 25.60 79.44 0.0519
339.45 491.61 66.38 209.90 0.0518
209.41 1102.23 104.81 184.35 0.0516
503.06 0.00 119.61 124.10 0.0513
400.95 800.99 30.25 83.15 0.0509
0.00 648.16 27.17 106.59 0.0508
699.29 2.86 25.06 41.83 0.0506
143.81 653.09 37.89 97.49 0.0502
163.50 467.90 53.00 145.73 0.0502
