13_Interview_Interview_On_Location_13_190
29
281.96 219.63 46.64 62.40 0.8414
258.07 292.52 112.34 144.42 0.2262
188.44 570.09 39.49 63.08 0.1389
195.70 518.93 35.46 63.47 0.1292
438.04 531.10 49.36 71.61 0.1222
466.39 536.37 86.66 67.07 0.1175
293.90 562.05 69.71 75.77 0.1086
248.97 372.95 45.18 65.64 0.1015
286.22 528.38 46.17 56.09 0.0925
284.87 466.18 59.80 96.97 0.0839
185.39 548.21 79.39 121.46 0.0824
260.57 529.23 32.70 58.20 0.0815
245.07 559.80 52.50 97.80 0.0742
260.82 555.82 29.25 61.10 0.0721
242.54 442.50 47.92 72.06 0.0710
398.72 393.47 51.10 71.21 0.0704
303.68 511.61 59.35 65.56 0.0702
246.51 485.32 52.33 99.49 0.0697
850.27 369.56 102.95 87.58 0.0691
904.67 380.23 86.99 54.55 0.0687
430.61 482.50 39.12 51.56 0.0633
405.35 520.23 33.43 63.34 0.0614
245.42 413.13 49.11 74.02 0.0578
406.04 426.42 37.66 72.70 0.0561
150.07 573.44 41.69 100.96 0.0560
230.20 391.76 46.42 53.71 0.0528
345.27 378.08 81.80 94.03 0.0505
298.58 329.73 113.12 127.61 0.0504
226.23 451.77 26.60 48.96 0.0504
