13_Interview_Interview_On_Location_13_334
54
740.48 266.36 82.67 115.51 0.8873
206.31 254.03 88.16 120.05 0.8727
506.22 262.91 83.83 112.13 0.8049
591.28 128.22 103.14 85.51 0.4152
518.00 85.60 52.89 42.07 0.2395
378.85 65.56 56.10 54.86 0.1874
525.12 101.55 113.42 85.78 0.1819
448.00 86.56 174.73 149.30 0.1592
490.22 81.00 104.41 95.27 0.1533
404.28 61.32 72.47 62.63 0.1468
175.87 572.02 183.59 563.49 0.1445
387.56 59.49 127.29 109.39 0.1443
271.00 132.55 52.61 71.26 0.1389
646.99 197.56 59.12 89.32 0.1341
394.85 103.68 161.94 242.36 0.1245
371.29 260.29 77.84 130.35 0.1211
637.45 151.56 85.95 74.94 0.1154
435.47 225.50 83.38 127.24 0.1045
230.80 766.59 108.01 317.77 0.1031
482.62 163.46 134.33 152.45 0.1007
350.63 62.16 100.68 101.09 0.0979
323.57 200.64 129.10 176.76 0.0960
581.91 528.52 98.40 98.28 0.0892
662.74 303.23 76.62 116.44 0.0882
450.58 73.96 112.03 80.52 0.0879
680.44 275.45 82.10 116.00 0.0871
293.90 86.79 123.68 120.72 0.0863
753.24 941.60 73.96 179.22 0.0838
422.98 262.14 60.02 96.08 0.0793
592.21 86.51 99.92 82.15 0.0765
228.16 172.73 83.71 98.84 0.0761
503.07 564.55 81.58 55.61 0.0750
299.58 118.54 226.58 290.70 0.0740
678.87 232.62 81.71 94.93 0.0716
302.29 88.03 51.82 46.67 0.0704
518.64 50.94 72.15 71.45 0.0701
240.02 536.47 53.16 39.75 0.0690
322.07 77.60 63.54 52.15 0.0686
525.39 557.16 108.80 77.60 0.0685
332.37 50.71 49.90 49.64 0.0678
530.31 289.17 81.88 110.21 0.0676
107.45 484.54 197.21 132.62 0.0663
709.35 1059.39 70.81 78.61 0.0658
477.57 277.10 88.06 124.86 0.0647
409.24 353.66 146.68 169.81 0.0646
720.75 800.97 120.92 337.03 0.0639
401.56 413.61 311.86 602.32 0.0629
315.04 59.85 178.68 179.93 0.0614
235.35 283.55 91.17 125.23 0.0612
720.51 990.47 85.57 143.04 0.0587
633.20 542.98 58.29 65.28 0.0565
793.29 531.06 72.60 57.08 0.0559
511.42 0.00 125.53 90.89 0.0533
103.58 724.08 165.74 413.92 0.0511
