16_Award_Ceremony_Awards_Ceremony_16_226
18
598.37 322.29 425.63 355.49 0.4190
167.32 84.49 472.55 207.05 0.3048
91.20 152.61 184.56 223.29 0.1274
595.08 199.56 428.92 313.75 0.1127
501.63 157.42 389.40 232.54 0.0744
410.17 347.47 425.29 420.53 0.0670
628.68 121.50 395.32 149.54 0.0659
55.34 145.36 122.79 239.37 0.0612
131.81 59.27 255.20 153.50 0.0482
266.32 440.48 416.27 327.52 0.0361
0.00 119.95 79.32 150.75 0.0345
626.10 60.79 397.90 134.14 0.0334
10.99 154.61 54.24 226.28 0.0291
57.90 49.53 104.42 145.15 0.0285
336.62 179.88 420.18 320.96 0.0274
20.10 7.29 18.76 79.91 0.0270
12.71 51.21 43.91 132.53 0.0260
13.74 525.73 43.61 242.27 0.0237
