16_Award_Ceremony_Awards_Ceremony_16_116
26
508.38 181.43 515.62 370.43 0.3370
357.37 186.94 387.65 384.54 0.1832
446.17 271.89 496.38 481.99 0.1312
408.06 127.31 427.40 290.03 0.1177
596.85 866.17 427.15 674.83 0.0832
94.11 411.90 179.63 569.97 0.0600
127.52 508.82 256.17 651.19 0.0596
19.83 414.16 40.80 574.57 0.0554
68.34 405.71 82.84 597.60 0.0532
281.40 137.89 387.77 219.01 0.0492
569.89 337.38 454.11 704.60 0.0435
272.93 287.83 412.42 477.19 0.0417
4.11 19.21 55.21 140.16 0.0361
25.07 290.33 27.92 508.17 0.0326
203.04 484.00 400.04 708.96 0.0319
210.20 235.61 388.53 298.40 0.0300
105.91 210.21 158.38 337.30 0.0290
152.67 336.47 203.79 421.71 0.0287
4.06 211.48 68.33 351.75 0.0266
23.42 43.58 180.74 96.12 0.0247
51.85 225.80 120.89 312.97 0.0245
54.66 111.13 114.04 253.59 0.0241
10.42 113.33 50.66 240.53 0.0240
21.69 686.20 28.13 606.90 0.0235
34.65 404.93 7.46 593.33 0.0224
76.74 31.02 210.25 128.52 0.0219
