36_Football_Football_36_23
24
379.28 78.42 385.55 145.66 0.9922
231.26 51.48 358.07 151.14 0.8828
507.32 47.99 516.68 134.74 0.2497
557.75 80.58 152.49 84.37 0.1549
394.87 119.42 334.79 234.01 0.1478
705.64 67.73 195.22 99.99 0.0726
226.97 57.10 163.62 105.75 0.0586
280.21 106.02 359.27 165.58 0.0563
511.85 263.59 353.40 304.30 0.0540
641.35 56.90 141.34 112.80 0.0484
351.81 264.77 359.28 295.30 0.0477
516.75 49.99 163.80 68.97 0.0467
489.08 64.87 147.96 99.98 0.0458
740.75 36.17 131.09 92.68 0.0453
522.94 103.81 501.06 202.66 0.0444
795.10 54.54 157.42 90.25 0.0313
357.06 89.84 137.10 93.70 0.0264
526.10 20.02 158.30 60.84 0.0247
257.73 365.64 273.26 311.36 0.0244
646.00 41.54 173.57 76.27 0.0217
195.80 7.29 145.20 67.69 0.0216
74.45 56.30 105.23 87.82 0.0206
116.08 65.85 129.23 101.55 0.0206
419.30 278.13 126.77 122.29 0.0201
