6_Funeral_Funeral_6_531
200
75.60 331.02 24.56 26.64 0.5738
122.90 323.73 25.00 21.86 0.3272
154.69 326.17 18.29 18.74 0.3124
218.69 322.12 26.80 31.22 0.3118
73.69 221.89 140.51 81.06 0.2857
377.43 270.05 13.06 12.93 0.2513
446.49 251.69 17.59 19.26 0.2462
189.86 350.17 24.63 23.43 0.2456
44.75 341.68 21.51 24.29 0.2390
190.36 325.71 23.33 23.82 0.2266
487.20 250.16 14.61 15.55 0.2205
524.17 231.88 13.24 13.47 0.2188
339.41 273.52 13.97 14.15 0.2183
958.61 202.57 20.48 23.71 0.2116
597.24 231.43 13.29 13.61 0.2109
890.97 206.86 16.23 16.21 0.2099
188.41 310.41 27.41 24.94 0.2092
960.62 182.27 21.47 25.43 0.2053
338.20 287.11 16.14 16.44 0.2047
267.45 303.83 24.70 25.33 0.1936
851.88 185.25 14.53 17.07 0.1896
413.24 269.27 14.80 14.39 0.1882
449.32 259.20 16.71 21.58 0.1878
265.44 288.31 20.93 20.89 0.1863
766.17 389.17 31.70 21.44 0.1838
155.44 314.08 20.34 18.78 0.1830
958.82 249.17 18.11 20.81 0.1707
415.48 252.90 13.94 14.30 0.1695
523.76 270.90 12.97 13.12 0.1678
631.88 391.14 36.57 29.27 0.1665
119.03 314.65 24.22 21.44 0.1653
591.24 128.06 17.56 18.60 0.1637
593.67 66.29 14.38 12.23 0.1632
636.37 232.86 12.73 11.75 0.1613
559.64 65.29 13.45 13.26 0.1606
303.12 290.52 15.15 14.51 0.1598
525.87 122.75 21.46 17.82 0.1572
560.43 84.76 13.97 14.26 0.1503
562.31 271.59 12.59 11.86 0.1484
305.12 272.42 13.24 12.60 0.1450
998.95 243.63 17.61 22.80 0.1435
560.12 231.56 11.92 11.94 0.1425
999.08 226.26 19.53 26.61 0.1417
560.83 145.79 16.30 15.14 0.1396
524.50 41.50 15.52 15.67 0.1389
338.89 312.04 18.68 21.13 0.1372
810.58 392.38 24.58 20.84 0.1365
662.36 420.51 37.30 34.11 0.1354
264.54 86.79 27.35 21.02 0.1351
630.83 105.11 15.38 15.88 0.1349
959.39 168.24 20.92 29.52 0.1334
956.82 223.08 21.65 26.03 0.1333
221.39 290.15 34.94 35.86 0.1329
559.65 105.06 15.25 15.67 0.1319
923.99 207.27 17.20 20.42 0.1316
376.15 290.62 14.80 15.95 0.1305
1000.52 180.03 18.81 26.45 0.1304
486.42 269.11 14.17 14.87 0.1297
779.70 376.52 24.99 20.87 0.1294
412.94 289.06 17.41 17.41 0.1281
300.78 308.75 17.93 19.04 0.1269
1000.23 202.83 20.68 27.71 0.1260
372.87 310.41 18.47 19.66 0.1257
708.68 130.11 14.64 15.99 0.1247
557.46 45.23 14.73 12.64 0.1245
524.55 107.55 18.81 20.11 0.1236
594.28 83.91 14.80 14.25 0.1228
844.58 397.01 20.57 23.72 0.1225
176.25 284.03 53.24 43.33 0.1222
891.59 188.72 18.27 19.66 0.1216
707.07 142.15 13.83 15.90 0.1209
678.81 426.01 60.64 39.68 0.1206
522.01 246.17 15.89 17.39 0.1203
595.11 107.14 14.68 15.30 0.1200
960.30 261.12 17.40 21.83 0.1193
668.83 127.99 13.66 13.61 0.1184
4.20 343.64 24.31 32.23 0.1175
5.27 329.85 21.16 23.81 0.1168
592.95 140.11 15.18 18.32 0.1166
742.79 148.31 13.42 13.11 0.1164
524.11 83.27 15.58 15.41 0.1163
265.45 271.38 17.45 15.62 0.1152
560.89 250.79 12.72 12.77 0.1140
261.72 322.42 25.67 29.71 0.1134
594.35 44.07 14.17 12.15 0.1132
779.21 208.33 12.80 14.85 0.1130
483.61 289.65 15.79 15.20 0.1130
443.62 42.72 23.88 20.78 0.1129
524.94 65.56 15.23 15.40 0.1127
118.16 340.97 33.88 35.24 0.1121
258.91 117.19 25.80 25.91 0.1109
631.28 63.91 15.47 14.25 0.1108
674.05 427.09 99.47 63.18 0.1102
127.36 273.35 53.98 37.39 0.1090
559.76 127.84 15.56 17.93 0.1087
780.10 149.01 13.85 14.01 0.1081
850.78 42.28 15.46 18.54 0.1080
486.11 231.48 15.99 15.36 0.1079
152.88 343.12 29.33 32.14 0.1079
595.16 169.44 14.47 15.80 0.1078
263.46 104.46 23.83 22.19 0.1068
598.46 246.18 12.31 13.70 0.1068
999.75 166.01 17.06 26.71 0.1061
589.94 23.86 18.61 13.02 0.1058
669.45 147.28 12.32 11.91 0.1047
598.14 273.31 12.31 11.73 0.1041
706.28 251.67 13.73 11.30 0.1040
742.48 168.29 13.47 13.48 0.1035
333.67 100.95 23.37 20.59 0.1034
440.97 106.71 23.39 19.39 0.1030
408.62 124.45 22.29 16.19 0.1027
634.41 148.15 14.82 13.36 0.1025
403.55 55.31 27.02 31.38 0.1021
647.55 408.99 40.02 31.93 0.1017
743.79 208.35 13.37 13.44 0.1015
439.10 119.63 25.71 19.40 0.1013
377.98 254.19 13.23 13.73 0.1002
889.20 223.80 19.68 22.37 0.1001
780.06 167.92 13.02 12.94 0.1000
449.59 233.40 15.50 17.32 0.0993
851.41 24.72 16.74 21.56 0.0983
521.62 209.65 14.06 14.00 0.0981
410.42 76.55 20.33 22.26 0.0980
775.74 226.97 15.71 18.09 0.0974
698.04 372.91 33.51 23.84 0.0967
632.46 86.76 14.41 13.75 0.0963
763.96 394.76 38.92 33.55 0.0954
922.60 265.14 15.56 18.44 0.0952
731.77 409.60 45.85 28.36 0.0941
732.07 374.50 29.64 20.54 0.0938
410.19 106.44 20.16 17.88 0.0937
336.43 321.00 21.56 24.91 0.0935
632.41 125.18 15.07 15.69 0.0924
924.66 223.61 16.92 22.53 0.0924
482.63 105.67 21.61 18.12 0.0923
668.03 168.38 15.13 14.29 0.0917
708.35 168.48 12.31 12.04 0.0913
408.76 307.04 20.83 20.72 0.0912
632.42 45.76 14.14 13.30 0.0904
483.54 62.16 20.28 20.40 0.0902
635.04 248.85 12.41 11.97 0.0895
302.13 329.56 19.04 22.40 0.0894
340.70 252.53 12.52 11.41 0.0893
890.42 246.63 20.80 20.45 0.0890
706.40 210.13 11.92 12.86 0.0888
670.92 230.51 10.68 11.37 0.0885
522.87 289.74 14.95 15.28 0.0879
635.82 210.42 13.90 11.30 0.0876
887.34 0.00 18.25 18.33 0.0872
671.86 252.88 10.72 10.03 0.0871
524.26 23.73 20.48 20.43 0.0870
74.31 316.36 29.14 33.03 0.0869
715.22 423.28 51.29 35.12 0.0863
699.87 384.04 38.86 24.70 0.0861
922.53 23.58 18.71 18.96 0.0859
887.16 292.70 14.24 15.36 0.0854
808.63 376.07 22.77 18.99 0.0853
0.00 360.82 26.90 40.34 0.0843
634.94 25.13 11.97 11.52 0.0842
597.39 211.79 13.29 15.27 0.0841
292.03 102.82 26.01 19.56 0.0839
780.06 189.58 13.23 14.12 0.0836
924.82 1.83 17.28 16.83 0.0828
923.62 249.90 15.93 23.98 0.0828
376.20 105.23 20.80 19.95 0.0826
672.12 210.60 12.59 12.23 0.0823
373.54 124.46 22.02 16.30 0.0823
597.17 290.59 15.22 14.10 0.0821
559.25 288.93 16.23 15.87 0.0815
559.87 210.10 13.69 13.20 0.0808
1.54 314.26 24.40 33.38 0.0805
850.45 57.75 16.71 19.69 0.0803
481.76 42.38 21.59 20.71 0.0801
593.17 182.28 17.18 19.34 0.0798
817.23 247.44 14.42 16.07 0.0788
441.43 53.18 26.35 27.60 0.0785
851.60 199.26 16.40 21.58 0.0776
734.00 386.74 45.28 25.44 0.0773
706.68 230.48 12.84 12.71 0.0772
449.00 290.38 17.94 18.43 0.0770
852.16 108.12 18.36 17.66 0.0768
445.68 306.40 21.86 20.81 0.0765
996.77 259.60 18.69 26.33 0.0764
816.13 147.10 14.11 15.07 0.0764
294.55 85.36 29.70 22.35 0.0758
744.15 188.30 12.90 12.99 0.0755
815.06 208.57 14.89 16.30 0.0752
484.90 206.87 18.06 17.30 0.0752
810.73 290.81 16.34 13.69 0.0748
849.55 169.90 16.74 23.92 0.0748
335.57 123.11 24.29 19.63 0.0745
554.13 23.68 21.03 17.61 0.0744
686.39 409.92 55.56 31.31 0.0743
853.86 226.91 17.32 19.31 0.0740
962.14 147.06 16.06 16.13 0.0739
814.22 228.32 15.97 20.24 0.0737
396.86 38.81 32.72 30.77 0.0737
850.25 2.29 19.38 19.64 0.0733
481.19 126.82 23.40 20.26 0.0728
740.83 128.05 14.14 14.16 0.0727
