6_Funeral_Funeral_6_861
20
362.62 251.62 334.26 417.21 0.6901
421.84 700.45 287.63 505.08 0.2371
6.91 207.51 291.64 649.14 0.2201
146.73 0.00 343.48 523.76 0.1678
16.72 975.41 420.61 447.19 0.1624
370.81 553.46 489.61 993.51 0.1390
0.00 21.97 341.18 535.53 0.1072
208.16 212.14 245.90 450.72 0.0919
386.38 812.84 200.78 419.52 0.0903
378.85 1023.01 56.91 130.03 0.0855
26.34 612.78 311.68 457.82 0.0821
713.69 371.64 310.31 586.28 0.0712
795.28 683.31 121.04 323.84 0.0695
342.88 51.03 508.72 530.60 0.0687
232.06 454.00 314.32 494.84 0.0666
715.23 593.51 196.37 608.63 0.0651
832.94 555.59 146.73 303.89 0.0635
336.42 387.49 403.04 635.53 0.0566
178.06 649.37 324.30 411.33 0.0552
52.07 790.71 215.44 248.43 0.0545
