41_Swimming_Swimming_41_580
200
927.82 0.00 81.10 72.23 0.1924
50.54 97.33 80.25 71.86 0.1920
928.12 243.70 80.55 72.08 0.1920
50.58 219.36 80.21 71.82 0.1920
50.55 390.04 80.22 71.88 0.1920
50.55 536.40 80.22 71.88 0.1920
50.54 146.12 80.35 71.94 0.1919
50.51 48.58 80.33 71.94 0.1919
50.54 438.83 80.24 71.96 0.1919
50.54 487.62 80.24 71.96 0.1919
50.59 292.57 80.21 71.79 0.1919
342.62 0.00 81.21 72.20 0.1919
562.04 0.00 81.14 72.20 0.1918
306.04 0.00 81.23 72.21 0.1918
744.90 0.00 81.23 72.21 0.1918
781.47 0.00 81.23 72.21 0.1918
598.57 0.00 81.27 72.22 0.1918
891.66 194.96 80.14 71.77 0.1918
671.71 0.00 81.20 72.22 0.1918
488.90 0.00 81.17 72.22 0.1918
635.14 0.00 81.29 72.22 0.1918
269.69 389.89 80.61 72.20 0.1917
928.14 194.92 80.51 72.05 0.1917
525.46 0.00 81.28 72.23 0.1917
50.25 0.00 80.91 72.10 0.1917
379.19 0.00 81.11 72.20 0.1917
928.18 292.48 80.47 72.07 0.1916
159.76 0.00 81.22 72.21 0.1916
196.33 0.00 81.22 72.21 0.1916
232.91 0.00 81.22 72.21 0.1916
269.48 0.00 81.22 72.21 0.1916
818.05 0.00 81.22 72.21 0.1916
854.62 0.00 81.22 72.21 0.1916
50.52 341.25 80.27 71.87 0.1916
708.29 0.00 81.26 72.22 0.1916
452.33 0.00 81.16 72.23 0.1915
86.57 0.00 81.28 72.22 0.1915
123.15 0.00 81.28 72.22 0.1915
233.11 365.39 80.73 72.32 0.1915
489.11 389.78 80.73 72.32 0.1915
452.47 389.78 80.79 72.31 0.1915
818.26 463.04 80.73 72.31 0.1915
928.20 390.09 80.41 72.01 0.1915
306.26 389.89 80.70 72.21 0.1915
342.83 389.89 80.70 72.21 0.1915
269.69 438.68 80.71 72.20 0.1915
306.26 438.68 80.71 72.20 0.1915
13.79 121.85 80.19 71.69 0.1915
891.63 243.70 80.20 71.85 0.1915
452.54 316.61 80.74 72.39 0.1915
781.68 462.96 80.74 72.39 0.1915
854.82 462.96 80.74 72.39 0.1915
489.04 316.61 80.81 72.39 0.1915
781.61 511.75 80.81 72.39 0.1915
415.77 0.00 81.08 72.19 0.1914
13.80 438.96 80.19 71.69 0.1914
13.52 0.00 80.89 71.91 0.1914
928.18 438.84 80.44 72.05 0.1914
928.11 72.97 80.52 72.00 0.1914
928.11 121.75 80.52 72.00 0.1914
306.51 585.21 80.27 71.87 0.1914
562.14 219.03 80.83 72.38 0.1913
489.12 438.65 80.71 72.24 0.1913
525.69 438.65 80.71 72.24 0.1913
562.26 438.65 80.71 72.24 0.1913
598.83 511.83 80.71 72.24 0.1913
196.53 365.49 80.75 72.30 0.1913
269.68 341.00 80.73 72.32 0.1913
306.25 341.00 80.73 72.32 0.1913
379.40 341.00 80.73 72.32 0.1913
379.40 389.78 80.73 72.32 0.1913
415.97 389.78 80.73 72.32 0.1913
233.11 414.31 80.64 72.19 0.1913
196.54 438.57 80.73 72.32 0.1913
415.97 438.57 80.73 72.32 0.1913
598.83 462.96 80.73 72.32 0.1913
635.40 462.96 80.73 72.32 0.1913
562.26 511.75 80.73 72.32 0.1913
342.76 462.96 80.79 72.31 0.1913
379.33 462.96 80.79 72.31 0.1913
928.21 341.31 80.41 72.01 0.1913
928.20 536.45 80.41 72.02 0.1913
452.55 438.59 80.71 72.27 0.1912
269.91 585.19 80.36 71.93 0.1912
13.78 48.65 80.21 71.70 0.1912
452.54 145.86 80.74 72.39 0.1912
415.97 341.00 80.74 72.39 0.1912
525.68 365.39 80.74 72.39 0.1912
818.25 414.18 80.74 72.39 0.1912
818.25 511.75 80.74 72.39 0.1912
854.82 511.75 80.74 72.39 0.1912
598.99 585.13 80.47 72.05 0.1912
489.04 170.25 80.81 72.39 0.1912
525.61 170.25 80.81 72.39 0.1912
452.47 267.82 80.81 72.39 0.1912
489.04 267.82 80.81 72.39 0.1912
415.90 292.22 80.81 72.39 0.1912
562.19 292.20 80.81 72.41 0.1912
562.18 389.79 80.81 72.39 0.1912
854.76 389.79 80.81 72.39 0.1912
13.80 487.72 80.18 71.73 0.1912
196.47 487.36 80.81 72.39 0.1912
306.18 487.36 80.81 72.39 0.1912
13.79 560.94 80.22 71.68 0.1912
781.61 560.54 80.81 72.39 0.1912
854.76 560.54 80.81 72.39 0.1912
635.31 365.38 80.84 72.42 0.1912
13.77 317.00 80.24 71.70 0.1912
671.98 462.98 80.72 72.35 0.1912
635.40 511.83 80.62 72.22 0.1912
708.55 511.77 80.72 72.35 0.1912
635.34 414.20 80.79 72.35 0.1912
525.69 121.46 80.72 72.41 0.1912
452.54 194.64 80.72 72.41 0.1912
562.19 145.85 80.78 72.41 0.1911
525.62 219.03 80.78 72.41 0.1911
708.48 267.87 80.77 72.34 0.1911
233.32 585.14 80.39 72.00 0.1911
891.31 0.00 80.91 72.08 0.1911
745.13 536.16 80.70 72.37 0.1911
233.05 243.48 80.79 72.34 0.1911
269.62 243.48 80.79 72.34 0.1911
598.76 267.87 80.79 72.34 0.1911
342.82 341.02 80.74 72.31 0.1911
671.91 341.05 80.79 72.34 0.1911
671.88 414.22 80.80 72.36 0.1911
598.72 219.07 80.82 72.36 0.1911
159.88 243.43 80.86 72.40 0.1911
672.12 585.10 80.51 72.10 0.1911
598.69 121.45 80.89 72.42 0.1911
671.97 511.83 80.72 72.30 0.1911
233.12 463.04 80.71 72.23 0.1911
196.74 585.12 80.44 72.05 0.1911
342.79 536.13 80.79 72.38 0.1911
86.91 585.13 80.48 72.06 0.1911
13.76 170.64 80.24 71.68 0.1911
635.33 316.58 80.80 72.42 0.1911
489.10 219.05 80.76 72.38 0.1910
598.82 414.20 80.76 72.38 0.1910
781.67 414.20 80.76 72.38 0.1910
123.32 560.56 80.83 72.39 0.1910
635.56 585.12 80.44 72.09 0.1910
13.81 219.40 80.25 71.77 0.1910
525.61 292.22 80.80 72.37 0.1910
233.03 536.16 80.82 72.38 0.1910
379.28 560.54 80.87 72.42 0.1910
415.86 560.54 80.87 72.42 0.1910
452.43 560.54 80.87 72.42 0.1910
489.00 560.54 80.87 72.42 0.1910
891.61 72.98 80.28 71.84 0.1910
489.11 121.50 80.65 72.34 0.1910
891.61 121.76 80.28 71.84 0.1910
13.75 268.18 80.31 71.77 0.1910
891.76 585.32 80.00 71.60 0.1910
13.77 365.78 80.24 71.68 0.1910
342.78 72.77 80.73 72.28 0.1910
671.92 72.77 80.73 72.28 0.1910
708.49 72.77 80.73 72.28 0.1910
745.06 72.77 80.73 72.28 0.1910
781.63 97.16 80.73 72.28 0.1910
818.20 97.16 80.73 72.28 0.1910
854.78 97.16 80.73 72.28 0.1910
86.78 145.94 80.73 72.28 0.1910
123.35 145.94 80.73 72.28 0.1910
671.92 170.34 80.73 72.28 0.1910
818.20 170.34 80.73 72.28 0.1910
306.20 194.73 80.73 72.28 0.1910
671.92 219.12 80.73 72.28 0.1910
708.49 219.12 80.73 72.28 0.1910
745.06 219.12 80.73 72.28 0.1910
781.63 219.12 80.73 72.28 0.1910
928.21 487.67 80.41 72.01 0.1910
818.19 341.04 80.80 72.34 0.1910
489.04 487.46 80.78 72.21 0.1910
159.97 341.00 80.74 72.39 0.1910
269.68 487.36 80.75 72.39 0.1910
525.67 487.48 80.66 72.21 0.1910
160.12 585.12 80.51 72.16 0.1910
86.77 72.69 80.75 72.36 0.1910
123.34 72.69 80.75 72.36 0.1910
159.91 72.69 80.75 72.36 0.1910
196.49 72.69 80.75 72.36 0.1910
233.06 72.69 80.75 72.36 0.1910
269.63 72.69 80.75 72.36 0.1910
306.20 97.08 80.75 72.36 0.1910
159.91 121.47 80.75 72.36 0.1910
196.49 121.47 80.75 72.36 0.1910
233.06 121.47 80.75 72.36 0.1910
269.63 121.47 80.75 72.36 0.1910
708.49 121.47 80.75 72.36 0.1910
745.06 121.47 80.75 72.36 0.1910
306.20 145.87 80.75 72.36 0.1910
781.63 145.87 80.75 72.36 0.1910
159.91 170.26 80.75 72.36 0.1910
196.49 170.26 80.75 72.36 0.1910
233.06 170.26 80.75 72.36 0.1910
269.63 170.26 80.75 72.36 0.1910
708.49 170.26 80.75 72.36 0.1910
745.06 170.26 80.75 72.36 0.1910
854.77 145.91 80.78 72.34 0.1909
